nInu 1103.23A  relative to Inci 1215.00A scaled to 1215A.
Hden   Phi(H)  Eq_Width (A)
 7.000	17.000	9.8682e-01
 7.000	17.250	9.9094e-01
 7.000	17.500	9.9413e-01
 7.000	17.750	9.9901e-01
 7.000	18.000	1.0005e+00
 7.000	18.250	1.0005e+00
 7.000	18.500	1.0005e+00
 7.000	18.750	1.0005e+00
 7.000	19.000	1.0005e+00
 7.000	19.250	1.0005e+00
 7.000	19.500	1.0005e+00
 7.000	19.750	1.0005e+00
 7.000	20.000	1.0005e+00
 7.000	20.250	1.0005e+00
 7.000	20.500	1.0005e+00
 7.000	20.750	1.0005e+00
 7.000	21.000	1.0005e+00
 7.000	21.250	1.0005e+00
 7.000	21.500	1.0005e+00
 7.000	21.750	1.0005e+00
 7.000	22.000	1.0005e+00
 7.000	22.250	1.0005e+00
 7.000	22.500	1.0005e+00
 7.000	22.750	1.0005e+00
 7.000	23.000	1.0005e+00
 7.000	23.250	1.0005e+00
 7.000	23.500	1.0005e+00
 7.000	23.750	1.0005e+00
 7.000	24.000	1.0005e+00
 7.250	17.000	9.7861e-01
 7.250	17.250	9.8653e-01
 7.250	17.500	9.9101e-01
 7.250	17.750	9.9428e-01
 7.250	18.000	9.9905e-01
 7.250	18.250	1.0005e+00
 7.250	18.500	1.0005e+00
 7.250	18.750	1.0005e+00
 7.250	19.000	1.0005e+00
 7.250	19.250	1.0005e+00
 7.250	19.500	1.0005e+00
 7.250	19.750	1.0005e+00
 7.250	20.000	1.0005e+00
 7.250	20.250	1.0005e+00
 7.250	20.500	1.0005e+00
 7.250	20.750	1.0005e+00
 7.250	21.000	1.0005e+00
 7.250	21.250	1.0005e+00
 7.250	21.500	1.0005e+00
 7.250	21.750	1.0005e+00
 7.250	22.000	1.0005e+00
 7.250	22.250	1.0005e+00
 7.250	22.500	1.0005e+00
 7.250	22.750	1.0005e+00
 7.250	23.000	1.0005e+00
 7.250	23.250	1.0005e+00
 7.250	23.500	1.0005e+00
 7.250	23.750	1.0005e+00
 7.250	24.000	1.0005e+00
 7.500	17.000	9.6639e-01
 7.500	17.250	9.7732e-01
 7.500	17.500	9.8620e-01
 7.500	17.750	9.9100e-01
 7.500	18.000	9.9439e-01
 7.500	18.250	9.9909e-01
 7.500	18.500	1.0005e+00
 7.500	18.750	1.0005e+00
 7.500	19.000	1.0005e+00
 7.500	19.250	1.0005e+00
 7.500	19.500	1.0005e+00
 7.500	19.750	1.0005e+00
 7.500	20.000	1.0005e+00
 7.500	20.250	1.0005e+00
 7.500	20.500	1.0005e+00
 7.500	20.750	1.0005e+00
 7.500	21.000	1.0005e+00
 7.500	21.250	1.0005e+00
 7.500	21.500	1.0005e+00
 7.500	21.750	1.0005e+00
 7.500	22.000	1.0005e+00
 7.500	22.250	1.0005e+00
 7.500	22.500	1.0005e+00
 7.500	22.750	1.0005e+00
 7.500	23.000	1.0005e+00
 7.500	23.250	1.0005e+00
 7.500	23.500	1.0005e+00
 7.500	23.750	1.0005e+00
 7.500	24.000	1.0005e+00
 7.750	17.000	9.5019e-01
 7.750	17.250	9.6429e-01
 7.750	17.500	9.7583e-01
 7.750	17.750	9.8564e-01
 7.750	18.000	9.9087e-01
 7.750	18.250	9.9450e-01
 7.750	18.500	9.9913e-01
 7.750	18.750	1.0005e+00
 7.750	19.000	1.0005e+00
 7.750	19.250	1.0005e+00
 7.750	19.500	1.0005e+00
 7.750	19.750	1.0005e+00
 7.750	20.000	1.0005e+00
 7.750	20.250	1.0005e+00
 7.750	20.500	1.0005e+00
 7.750	20.750	1.0005e+00
 7.750	21.000	1.0005e+00
 7.750	21.250	1.0005e+00
 7.750	21.500	1.0005e+00
 7.750	21.750	1.0005e+00
 7.750	22.000	1.0005e+00
 7.750	22.250	1.0005e+00
 7.750	22.500	1.0005e+00
 7.750	22.750	1.0005e+00
 7.750	23.000	1.0005e+00
 7.750	23.250	1.0005e+00
 7.750	23.500	1.0005e+00
 7.750	23.750	1.0005e+00
 7.750	24.000	1.0005e+00
 8.000	17.000	9.3028e-01
 8.000	17.250	9.4716e-01
 8.000	17.500	9.6161e-01
 8.000	17.750	9.7384e-01
 8.000	18.000	9.8488e-01
 8.000	18.250	9.9057e-01
 8.000	18.500	9.9457e-01
 8.000	18.750	9.9915e-01
 8.000	19.000	1.0005e+00
 8.000	19.250	1.0005e+00
 8.000	19.500	1.0005e+00
 8.000	19.750	1.0005e+00
 8.000	20.000	1.0005e+00
 8.000	20.250	1.0005e+00
 8.000	20.500	1.0005e+00
 8.000	20.750	1.0005e+00
 8.000	21.000	1.0005e+00
 8.000	21.250	1.0005e+00
 8.000	21.500	1.0005e+00
 8.000	21.750	1.0005e+00
 8.000	22.000	1.0005e+00
 8.000	22.250	1.0005e+00
 8.000	22.500	1.0005e+00
 8.000	22.750	1.0005e+00
 8.000	23.000	1.0005e+00
 8.000	23.250	1.0005e+00
 8.000	23.500	1.0005e+00
 8.000	23.750	1.0005e+00
 8.000	24.000	1.0005e+00
 8.250	17.000	9.0590e-01
 8.250	17.250	9.2665e-01
 8.250	17.500	9.4336e-01
 8.250	17.750	9.5761e-01
 8.250	18.000	9.7164e-01
 8.250	18.250	9.8395e-01
 8.250	18.500	9.9005e-01
 8.250	18.750	9.9465e-01
 8.250	19.000	9.9920e-01
 8.250	19.250	1.0005e+00
 8.250	19.500	1.0005e+00
 8.250	19.750	1.0005e+00
 8.250	20.000	1.0005e+00
 8.250	20.250	1.0005e+00
 8.250	20.500	1.0005e+00
 8.250	20.750	1.0005e+00
 8.250	21.000	1.0005e+00
 8.250	21.250	1.0005e+00
 8.250	21.500	1.0005e+00
 8.250	21.750	1.0005e+00
 8.250	22.000	1.0005e+00
 8.250	22.250	1.0005e+00
 8.250	22.500	1.0005e+00
 8.250	22.750	1.0005e+00
 8.250	23.000	1.0005e+00
 8.250	23.250	1.0005e+00
 8.250	23.500	1.0005e+00
 8.250	23.750	1.0005e+00
 8.250	24.000	1.0005e+00
 8.500	17.000	8.7559e-01
 8.500	17.250	9.0144e-01
 8.500	17.500	9.2170e-01
 8.500	17.750	9.3750e-01
 8.500	18.000	9.5287e-01
 8.500	18.250	9.6928e-01
 8.500	18.500	9.8307e-01
 8.500	18.750	9.8923e-01
 8.500	19.000	9.9455e-01
 8.500	19.250	9.9926e-01
 8.500	19.500	1.0005e+00
 8.500	19.750	1.0005e+00
 8.500	20.000	1.0005e+00
 8.500	20.250	1.0005e+00
 8.500	20.500	1.0005e+00
 8.500	20.750	1.0005e+00
 8.500	21.000	1.0005e+00
 8.500	21.250	1.0005e+00
 8.500	21.500	1.0005e+00
 8.500	21.750	1.0005e+00
 8.500	22.000	1.0005e+00
 8.500	22.250	1.0005e+00
 8.500	22.500	1.0005e+00
 8.500	22.750	1.0005e+00
 8.500	23.000	1.0005e+00
 8.500	23.250	1.0005e+00
 8.500	23.500	1.0005e+00
 8.500	23.750	1.0005e+00
 8.500	24.000	1.0005e+00
 8.750	17.000	8.3814e-01
 8.750	17.250	8.7003e-01
 8.750	17.500	8.9522e-01
 8.750	17.750	9.1446e-01
 8.750	18.000	9.2988e-01
 8.750	18.250	9.4765e-01
 8.750	18.500	9.6778e-01
 8.750	18.750	9.8225e-01
 8.750	19.000	9.8826e-01
 8.750	19.250	9.9459e-01
 8.750	19.500	9.9931e-01
 8.750	19.750	1.0005e+00
 8.750	20.000	1.0005e+00
 8.750	20.250	1.0005e+00
 8.750	20.500	1.0005e+00
 8.750	20.750	1.0005e+00
 8.750	21.000	1.0005e+00
 8.750	21.250	1.0005e+00
 8.750	21.500	1.0005e+00
 8.750	21.750	1.0005e+00
 8.750	22.000	1.0005e+00
 8.750	22.250	1.0005e+00
 8.750	22.500	1.0005e+00
 8.750	22.750	1.0005e+00
 8.750	23.000	1.0005e+00
 8.750	23.250	1.0005e+00
 8.750	23.500	1.0005e+00
 8.750	23.750	1.0005e+00
 8.750	24.000	1.0005e+00
 9.000	17.000	7.9147e-01
 9.000	17.250	8.3109e-01
 9.000	17.500	8.6212e-01
 9.000	17.750	8.8548e-01
 9.000	18.000	9.0455e-01
 9.000	18.250	9.1941e-01
 9.000	18.500	9.4070e-01
 9.000	18.750	9.6653e-01
 9.000	19.000	9.8053e-01
 9.000	19.250	9.8721e-01
 9.000	19.500	9.9469e-01
 9.000	19.750	9.9934e-01
 9.000	20.000	1.0005e+00
 9.000	20.250	1.0005e+00
 9.000	20.500	1.0005e+00
 9.000	20.750	1.0005e+00
 9.000	21.000	1.0005e+00
 9.000	21.250	1.0005e+00
 9.000	21.500	1.0005e+00
 9.000	21.750	1.0005e+00
 9.000	22.000	1.0005e+00
 9.000	22.250	1.0005e+00
 9.000	22.500	1.0005e+00
 9.000	22.750	1.0005e+00
 9.000	23.000	1.0005e+00
 9.000	23.250	1.0005e+00
 9.000	23.500	1.0005e+00
 9.000	23.750	1.0005e+00
 9.000	24.000	1.0005e+00
 9.250	17.000	7.3556e-01
 9.250	17.250	7.8304e-01
 9.250	17.500	8.2127e-01
 9.250	17.750	8.4949e-01
 9.250	18.000	8.7110e-01
 9.250	18.250	8.8496e-01
 9.250	18.500	9.0521e-01
 9.250	18.750	9.3795e-01
 9.250	19.000	9.6446e-01
 9.250	19.250	9.7843e-01
 9.250	19.500	9.8598e-01
 9.250	19.750	9.9481e-01
 9.250	20.000	9.9939e-01
 9.250	20.250	1.0005e+00
 9.250	20.500	1.0005e+00
 9.250	20.750	1.0005e+00
 9.250	21.000	1.0005e+00
 9.250	21.250	1.0005e+00
 9.250	21.500	1.0005e+00
 9.250	21.750	1.0005e+00
 9.250	22.000	1.0005e+00
 9.250	22.250	1.0005e+00
 9.250	22.500	1.0005e+00
 9.250	22.750	1.0005e+00
 9.250	23.000	1.0005e+00
 9.250	23.250	1.0005e+00
 9.250	23.500	1.0005e+00
 9.250	23.750	1.0005e+00
 9.250	24.000	1.0005e+00
 9.500	17.000	6.6882e-01
 9.500	17.250	7.2506e-01
 9.500	17.500	7.7092e-01
 9.500	17.750	8.0490e-01
 9.500	18.000	8.2896e-01
 9.500	18.250	8.4375e-01
 9.500	18.500	8.6304e-01
 9.500	18.750	8.9474e-01
 9.500	19.000	9.2839e-01
 9.500	19.250	9.6064e-01
 9.500	19.500	9.7709e-01
 9.500	19.750	9.8656e-01
 9.500	20.000	9.9501e-01
 9.500	20.250	9.9938e-01
 9.500	20.500	1.0005e+00
 9.500	20.750	1.0005e+00
 9.500	21.000	1.0005e+00
 9.500	21.250	1.0005e+00
 9.500	21.500	1.0005e+00
 9.500	21.750	1.0005e+00
 9.500	22.000	1.0005e+00
 9.500	22.250	1.0005e+00
 9.500	22.500	1.0005e+00
 9.500	22.750	1.0005e+00
 9.500	23.000	1.0005e+00
 9.500	23.250	1.0005e+00
 9.500	23.500	1.0005e+00
 9.500	23.750	1.0005e+00
 9.500	24.000	1.0005e+00
 9.750	17.000	5.9185e-01
 9.750	17.250	6.5547e-01
 9.750	17.500	7.0805e-01
 9.750	17.750	7.4847e-01
 9.750	18.000	7.7551e-01
 9.750	18.250	7.9055e-01
 9.750	18.500	8.1213e-01
 9.750	18.750	8.3801e-01
 9.750	19.000	8.7538e-01
 9.750	19.250	9.1901e-01
 9.750	19.500	9.5595e-01
 9.750	19.750	9.7649e-01
 9.750	20.000	9.8865e-01
 9.750	20.250	9.9551e-01
 9.750	20.500	9.9940e-01
 9.750	20.750	1.0005e+00
 9.750	21.000	1.0005e+00
 9.750	21.250	1.0005e+00
 9.750	21.500	1.0005e+00
 9.750	21.750	1.0005e+00
 9.750	22.000	1.0005e+00
 9.750	22.250	1.0005e+00
 9.750	22.500	1.0005e+00
 9.750	22.750	1.0005e+00
 9.750	23.000	1.0005e+00
 9.750	23.250	1.0005e+00
 9.750	23.500	1.0005e+00
 9.750	23.750	1.0005e+00
 9.750	24.000	1.0005e+00
10.000	17.000	5.0166e-01
10.000	17.250	5.7262e-01
10.000	17.500	6.3305e-01
10.000	17.750	6.7849e-01
10.000	18.000	7.0713e-01
10.000	18.250	7.2519e-01
10.000	18.500	7.4377e-01
10.000	18.750	7.7360e-01
10.000	19.000	8.1244e-01
10.000	19.250	8.6201e-01
10.000	19.500	9.0975e-01
10.000	19.750	9.4618e-01
10.000	20.000	9.7328e-01
10.000	20.250	9.9007e-01
10.000	20.500	9.9562e-01
10.000	20.750	9.9941e-01
10.000	21.000	1.0005e+00
10.000	21.250	1.0005e+00
10.000	21.500	1.0005e+00
10.000	21.750	1.0005e+00
10.000	22.000	1.0005e+00
10.000	22.250	1.0005e+00
10.000	22.500	1.0005e+00
10.000	22.750	1.0005e+00
10.000	23.000	1.0005e+00
10.000	23.250	1.0005e+00
10.000	23.500	1.0005e+00
10.000	23.750	1.0005e+00
10.000	24.000	1.0005e+00
10.250	17.000	3.9242e-01
10.250	17.250	4.7670e-01
10.250	17.500	5.4302e-01
10.250	17.750	5.9341e-01
10.250	18.000	6.2260e-01
10.250	18.250	6.3690e-01
10.250	18.500	6.5777e-01
10.250	18.750	6.9246e-01
10.250	19.000	7.3884e-01
10.250	19.250	7.9390e-01
10.250	19.500	8.5217e-01
10.250	19.750	9.0766e-01
10.250	20.000	9.5019e-01
10.250	20.250	9.8008e-01
10.250	20.500	9.9063e-01
10.250	20.750	9.9604e-01
10.250	21.000	9.9940e-01
10.250	21.250	1.0004e+00
10.250	21.500	1.0005e+00
10.250	21.750	1.0005e+00
10.250	22.000	1.0005e+00
10.250	22.250	1.0005e+00
10.250	22.500	1.0005e+00
10.250	22.750	1.0005e+00
10.250	23.000	1.0005e+00
10.250	23.250	1.0005e+00
10.250	23.500	1.0005e+00
10.250	23.750	1.0005e+00
10.250	24.000	1.0005e+00
10.500	17.000	2.5776e-01
10.500	17.250	3.5877e-01
10.500	17.500	4.3767e-01
10.500	17.750	4.9087e-01
10.500	18.000	5.1869e-01
10.500	18.250	5.2552e-01
10.500	18.500	5.5307e-01
10.500	18.750	5.9487e-01
10.500	19.000	6.5095e-01
10.500	19.250	7.1415e-01
10.500	19.500	7.8170e-01
10.500	19.750	8.5306e-01
10.500	20.000	9.1135e-01
10.500	20.250	9.5505e-01
10.500	20.500	9.8348e-01
10.500	20.750	9.9147e-01
10.500	21.000	9.9601e-01
10.500	21.250	9.9926e-01
10.500	21.500	1.0004e+00
10.500	21.750	1.0005e+00
10.500	22.000	1.0005e+00
10.500	22.250	1.0005e+00
10.500	22.500	1.0005e+00
10.500	22.750	1.0005e+00
10.500	23.000	1.0005e+00
10.500	23.250	1.0005e+00
10.500	23.500	1.0005e+00
10.500	23.750	1.0005e+00
10.500	24.000	1.0005e+00
10.750	17.000	8.5988e-02
10.750	17.250	2.1451e-01
10.750	17.500	3.0859e-01
10.750	17.750	3.6786e-01
10.750	18.000	3.9347e-01
10.750	18.250	3.9594e-01
10.750	18.500	4.2383e-01
10.750	18.750	4.7819e-01
10.750	19.000	5.4320e-01
10.750	19.250	6.1674e-01
10.750	19.500	6.9470e-01
10.750	19.750	7.7546e-01
10.750	20.000	8.5305e-01
10.750	20.250	9.1381e-01
10.750	20.500	9.5786e-01
10.750	20.750	9.8422e-01
10.750	21.000	9.9164e-01
10.750	21.250	9.9649e-01
10.750	21.500	9.9921e-01
10.750	21.750	1.0003e+00
10.750	22.000	1.0005e+00
10.750	22.250	1.0005e+00
10.750	22.500	1.0005e+00
10.750	22.750	1.0005e+00
10.750	23.000	1.0005e+00
10.750	23.250	1.0005e+00
10.750	23.500	1.0005e+00
10.750	23.750	1.0005e+00
10.750	24.000	1.0005e+00
11.000	17.000	6.4726e-02
11.000	17.250	7.7187e-02
11.000	17.500	1.5076e-01
11.000	17.750	2.1969e-01
11.000	18.000	2.4602e-01
11.000	18.250	2.4535e-01
11.000	18.500	2.6372e-01
11.000	18.750	3.2825e-01
11.000	19.000	4.0489e-01
11.000	19.250	4.9956e-01
11.000	19.500	5.9061e-01
11.000	19.750	6.7983e-01
11.000	20.000	7.6802e-01
11.000	20.250	8.5168e-01
11.000	20.500	9.1360e-01
11.000	20.750	9.5866e-01
11.000	21.000	9.8354e-01
11.000	21.250	9.9175e-01
11.000	21.500	9.9625e-01
11.000	21.750	9.9895e-01
11.000	22.000	1.0002e+00
11.000	22.250	1.0005e+00
11.000	22.500	1.0005e+00
11.000	22.750	1.0005e+00
11.000	23.000	1.0005e+00
11.000	23.250	1.0005e+00
11.000	23.500	1.0005e+00
11.000	23.750	1.0005e+00
11.000	24.000	1.0005e+00
11.250	17.000	4.7418e-02
11.250	17.250	5.7606e-02
11.250	17.500	6.4934e-02
11.250	17.750	6.7860e-02
11.250	18.000	7.7895e-02
11.250	18.250	7.6918e-02
11.250	18.500	1.0421e-01
11.250	18.750	1.5674e-01
11.250	19.000	2.4858e-01
11.250	19.250	3.5838e-01
11.250	19.500	4.6679e-01
11.250	19.750	5.6697e-01
11.250	20.000	6.6216e-01
11.250	20.250	7.5690e-01
11.250	20.500	8.4734e-01
11.250	20.750	9.1228e-01
11.250	21.000	9.5307e-01
11.250	21.250	9.8418e-01
11.250	21.500	9.9154e-01
11.250	21.750	9.9575e-01
11.250	22.000	9.9887e-01
11.250	22.250	1.0001e+00
11.250	22.500	1.0004e+00
11.250	22.750	1.0005e+00
11.250	23.000	1.0005e+00
11.250	23.250	1.0005e+00
11.250	23.500	1.0005e+00
11.250	23.750	1.0005e+00
11.250	24.000	1.0005e+00
11.500	17.000	3.3070e-02
11.500	17.250	4.1256e-02
11.500	17.500	4.6843e-02
11.500	17.750	4.8605e-02
11.500	18.000	4.9269e-02
11.500	18.250	5.3039e-02
11.500	18.500	6.0689e-02
11.500	18.750	7.1155e-02
11.500	19.000	8.4578e-02
11.500	19.250	1.9491e-01
11.500	19.500	3.1272e-01
11.500	19.750	4.2909e-01
11.500	20.000	5.3314e-01
11.500	20.250	6.3653e-01
11.500	20.500	7.4232e-01
11.500	20.750	8.4076e-01
11.500	21.000	9.1094e-01
11.500	21.250	9.5410e-01
11.500	21.500	9.8340e-01
11.500	21.750	9.9139e-01
11.500	22.000	9.9506e-01
11.500	22.250	9.9868e-01
11.500	22.500	9.9993e-01
11.500	22.750	1.0004e+00
11.500	23.000	1.0005e+00
11.500	23.250	1.0005e+00
11.500	23.500	1.0005e+00
11.500	23.750	1.0005e+00
11.500	24.000	1.0005e+00
11.750	17.000	2.1654e-02
11.750	17.250	2.7771e-02
11.750	17.500	3.2080e-02
11.750	17.750	3.3787e-02
11.750	18.000	3.5438e-02
11.750	18.250	3.9821e-02
11.750	18.500	4.6388e-02
11.750	18.750	5.4444e-02
11.750	19.000	6.4558e-02
11.750	19.250	7.7244e-02
11.750	19.500	1.3479e-01
11.750	19.750	2.6165e-01
11.750	20.000	3.7456e-01
11.750	20.250	4.8960e-01
11.750	20.500	6.0162e-01
11.750	20.750	7.2237e-01
11.750	21.000	8.3195e-01
11.750	21.250	9.1093e-01
11.750	21.500	9.5533e-01
11.750	21.750	9.8325e-01
11.750	22.000	9.9082e-01
11.750	22.250	9.9436e-01
11.750	22.500	9.9837e-01
11.750	22.750	9.9973e-01
11.750	23.000	1.0004e+00
11.750	23.250	1.0005e+00
11.750	23.500	1.0005e+00
11.750	23.750	1.0005e+00
11.750	24.000	1.0005e+00
12.000	17.000	1.3092e-02
12.000	17.250	1.7310e-02
12.000	17.500	2.0547e-02
12.000	17.750	2.2603e-02
12.000	18.000	2.5291e-02
12.000	18.250	2.9520e-02
12.000	18.500	3.4479e-02
12.000	18.750	4.0649e-02
12.000	19.000	4.8408e-02
12.000	19.250	5.8177e-02
12.000	19.500	7.0183e-02
12.000	19.750	8.4825e-02
12.000	20.000	1.9589e-01
12.000	20.250	3.2106e-01
12.000	20.500	4.3998e-01
12.000	20.750	5.5944e-01
12.000	21.000	6.9367e-01
12.000	21.250	8.2168e-01
12.000	21.500	9.0917e-01
12.000	21.750	9.5937e-01
12.000	22.000	9.8281e-01
12.000	22.250	9.8989e-01
12.000	22.500	9.9406e-01
12.000	22.750	9.9800e-01
12.000	23.000	9.9960e-01
12.000	23.250	1.0003e+00
12.000	23.500	1.0005e+00
12.000	23.750	1.0005e+00
12.000	24.000	1.0005e+00
12.250	17.000	7.3274e-03
12.250	17.250	1.0031e-02
12.250	17.500	1.2433e-02
12.250	17.750	1.4842e-02
12.250	18.000	1.7676e-02
12.250	18.250	2.0770e-02
12.250	18.500	2.4509e-02
12.250	18.750	2.9367e-02
12.250	19.000	3.5544e-02
12.250	19.250	4.3222e-02
12.250	19.500	5.2650e-02
12.250	19.750	6.4094e-02
12.250	20.000	7.7806e-02
12.250	20.250	1.3977e-01
12.250	20.500	2.6746e-01
12.250	20.750	3.9054e-01
12.250	21.000	5.1467e-01
12.250	21.250	6.6139e-01
12.250	21.500	8.0852e-01
12.250	21.750	9.1265e-01
12.250	22.000	9.6096e-01
12.250	22.250	9.8233e-01
12.250	22.500	9.8827e-01
12.250	22.750	9.9385e-01
12.250	23.000	9.9769e-01
12.250	23.250	9.9941e-01
12.250	23.500	1.0002e+00
12.250	23.750	1.0005e+00
12.250	24.000	1.0005e+00
12.500	17.000	4.1845e-03
12.500	17.250	5.9063e-03
12.500	17.500	7.7649e-03
12.500	17.750	9.6382e-03
12.500	18.000	1.1494e-02
12.500	18.250	1.3692e-02
12.500	18.500	1.6594e-02
12.500	18.750	2.0441e-02
12.500	19.000	2.5371e-02
12.500	19.250	3.1484e-02
12.500	19.500	3.8992e-02
12.500	19.750	4.8055e-02
12.500	20.000	5.8784e-02
12.500	20.250	7.1507e-02
12.500	20.500	8.7717e-02
12.500	20.750	2.1094e-01
12.500	21.000	3.3454e-01
12.500	21.250	4.6401e-01
12.500	21.500	6.2221e-01
12.500	21.750	7.9665e-01
12.500	22.000	9.1890e-01
12.500	22.250	9.6362e-01
12.500	22.500	9.8128e-01
12.500	22.750	9.8713e-01
12.500	23.000	9.9373e-01
12.500	23.250	9.9729e-01
12.500	23.500	9.9918e-01
12.500	23.750	1.0001e+00
12.500	24.000	1.0005e+00
12.750	17.000	2.6532e-03
12.750	17.250	3.7629e-03
12.750	17.500	4.7886e-03
12.750	17.750	5.7600e-03
12.750	18.000	6.9537e-03
12.750	18.250	8.5912e-03
12.750	18.500	1.0736e-02
12.750	18.750	1.3627e-02
12.750	19.000	1.7434e-02
12.750	19.250	2.2276e-02
12.750	19.500	2.8218e-02
12.750	19.750	3.5365e-02
12.750	20.000	4.3877e-02
12.750	20.250	5.3871e-02
12.750	20.500	6.5446e-02
12.750	20.750	7.8699e-02
12.750	21.000	1.5009e-01
12.750	21.250	2.7038e-01
12.750	21.500	4.0973e-01
12.750	21.750	5.7463e-01
12.750	22.000	7.9009e-01
12.750	22.250	9.2761e-01
12.750	22.500	9.6633e-01
12.750	22.750	9.8006e-01
12.750	23.000	9.8678e-01
12.750	23.250	9.9395e-01
12.750	23.500	9.9714e-01
12.750	23.750	9.9903e-01
12.750	24.000	1.0000e+00
13.000	17.000	2.0874e-01
13.000	17.250	1.1168e-02
13.000	17.500	2.8489e-03
13.000	17.750	3.3617e-03
13.000	18.000	4.1069e-03
13.000	18.250	5.1874e-03
13.000	18.500	6.6563e-03
13.000	18.750	8.6840e-03
13.000	19.000	1.1451e-02
13.000	19.250	1.5115e-02
13.000	19.500	1.9718e-02
13.000	19.750	2.5341e-02
13.000	20.000	3.2053e-02
13.000	20.250	3.9915e-02
13.000	20.500	4.9044e-02
13.000	20.750	5.9405e-02
13.000	21.000	7.0856e-02
13.000	21.250	8.1635e-02
13.000	21.500	2.0269e-01
13.000	21.750	3.3465e-01
13.000	22.000	5.2455e-01
13.000	22.250	7.9218e-01
13.000	22.500	9.3520e-01
13.000	22.750	9.6712e-01
13.000	23.000	9.7868e-01
13.000	23.250	9.8669e-01
13.000	23.500	9.9366e-01
13.000	23.750	9.9696e-01
13.000	24.000	9.9886e-01
13.250	17.000	2.2248e-01
13.250	17.250	1.1049e-01
13.250	17.500	1.7731e-03
13.250	17.750	2.0458e-03
13.250	18.000	2.4377e-03
13.250	18.250	3.0757e-03
13.250	18.500	4.0088e-03
13.250	18.750	5.3217e-03
13.250	19.000	7.1918e-03
13.250	19.250	9.7766e-03
13.250	19.500	1.3190e-02
13.250	19.750	1.7522e-02
13.250	20.000	2.2740e-02
13.250	20.250	2.8899e-02
13.250	20.500	3.6050e-02
13.250	20.750	4.4142e-02
13.250	21.000	5.3185e-02
13.250	21.250	6.2337e-02
13.250	21.500	7.1626e-02
13.250	21.750	9.8498e-02
13.250	22.000	2.4649e-01
13.250	22.250	4.8296e-01
13.250	22.500	7.9415e-01
13.250	22.750	9.3906e-01
13.250	23.000	9.6742e-01
13.250	23.250	9.7987e-01
13.250	23.500	9.8682e-01
13.250	23.750	9.9353e-01
13.250	24.000	9.9677e-01
13.500	17.000	2.4537e-01
13.500	17.250	1.1509e-01
13.500	17.500	1.2817e-03
13.500	17.750	1.2790e-03
13.500	18.000	1.4951e-03
13.500	18.250	1.8479e-03
13.500	18.500	2.3927e-03
13.500	18.750	3.1972e-03
13.500	19.000	4.3705e-03
13.500	19.250	6.0629e-03
13.500	19.500	8.4091e-03
13.500	19.750	1.1520e-02
13.500	20.000	1.5440e-02
13.500	20.250	2.0202e-02
13.500	20.500	2.5771e-02
13.500	20.750	3.2134e-02
13.500	21.000	3.9067e-02
13.500	21.250	4.6298e-02
13.500	21.500	5.4076e-02
13.500	21.750	5.8722e-02
13.500	22.000	6.1912e-02
13.500	22.250	1.6176e-01
13.500	22.500	4.5888e-01
13.500	22.750	8.0215e-01
13.500	23.000	9.4356e-01
13.500	23.250	9.6872e-01
13.500	23.500	9.7961e-01
13.500	23.750	9.8661e-01
13.500	24.000	9.9316e-01
13.750	17.000	2.9875e-01
13.750	17.250	1.4270e-01
13.750	17.500	3.8820e-03
13.750	17.750	8.4181e-04
13.750	18.000	9.5909e-04
13.750	18.250	1.1569e-03
13.750	18.500	1.4638e-03
13.750	18.750	1.9249e-03
13.750	19.000	2.6198e-03
13.750	19.250	3.6582e-03
13.750	19.500	5.1609e-03
13.750	19.750	7.2518e-03
13.750	20.000	1.0036e-02
13.750	20.250	1.3547e-02
13.750	20.500	1.7804e-02
13.750	20.750	2.2701e-02
13.750	21.000	2.8068e-02
13.750	21.250	3.3692e-02
13.750	21.500	3.9997e-02
13.750	21.750	4.3886e-02
13.750	22.000	4.5758e-02
13.750	22.250	4.8310e-02
13.750	22.500	1.1456e-01
13.750	22.750	4.4597e-01
13.750	23.000	8.0733e-01
13.750	23.250	9.4496e-01
13.750	23.500	9.6922e-01
13.750	23.750	9.7800e-01
13.750	24.000	9.8570e-01
14.000	17.000	3.7314e-01
14.000	17.250	1.9726e-01
14.000	17.500	1.6091e-02
14.000	17.750	5.8848e-04
14.000	18.000	6.5374e-04
14.000	18.250	7.6337e-04
14.000	18.500	9.3646e-04
14.000	18.750	1.1966e-03
14.000	19.000	1.5921e-03
14.000	19.250	2.1951e-03
14.000	19.500	3.1023e-03
14.000	19.750	4.4204e-03
14.000	20.000	6.2662e-03
14.000	20.250	8.7258e-03
14.000	20.500	1.1815e-02
14.000	20.750	1.5488e-02
14.000	21.000	1.9641e-02
14.000	21.250	2.3977e-02
14.000	21.500	2.8865e-02
14.000	21.750	3.2326e-02
14.000	22.000	3.3751e-02
14.000	22.250	3.4520e-02
14.000	22.500	3.8568e-02
14.000	22.750	8.4698e-02
14.000	23.000	4.3931e-01
14.000	23.250	8.1879e-01
14.000	23.500	9.4453e-01
14.000	23.750	9.6693e-01
14.000	24.000	9.7378e-01
