Si 2 1263.32A  relative to Inci 1215.00A scaled to 1215A.
Hden   Phi(H)  Eq_Width (A)
 7.000	17.000	4.1973e-03
 7.000	17.250	3.6526e-03
 7.000	17.500	2.4115e-05
 7.000	17.750	1.0000e-07
 7.000	18.000	1.0000e-07
 7.000	18.250	1.0000e-07
 7.000	18.500	1.0000e-07
 7.000	18.750	1.0000e-07
 7.000	19.000	1.0000e-07
 7.000	19.250	1.0000e-07
 7.000	19.500	1.0000e-07
 7.000	19.750	1.0000e-07
 7.000	20.000	1.0000e-07
 7.000	20.250	1.0000e-07
 7.000	20.500	1.0000e-07
 7.000	20.750	1.0000e-07
 7.000	21.000	1.0000e-07
 7.000	21.250	1.0000e-07
 7.000	21.500	1.0000e-07
 7.000	21.750	1.0000e-07
 7.000	22.000	1.0000e-07
 7.000	22.250	1.0000e-07
 7.000	22.500	1.0000e-07
 7.000	22.750	1.0000e-07
 7.000	23.000	1.0000e-07
 7.000	23.250	1.0000e-07
 7.000	23.500	1.0000e-07
 7.000	23.750	1.0000e-07
 7.000	24.000	1.0000e-07
 7.250	17.000	4.2510e-03
 7.250	17.250	4.2456e-03
 7.250	17.500	3.6682e-03
 7.250	17.750	2.2058e-05
 7.250	18.000	1.0000e-07
 7.250	18.250	1.0000e-07
 7.250	18.500	1.0000e-07
 7.250	18.750	1.0000e-07
 7.250	19.000	1.0000e-07
 7.250	19.250	1.0000e-07
 7.250	19.500	1.0000e-07
 7.250	19.750	1.0000e-07
 7.250	20.000	1.0000e-07
 7.250	20.250	1.0000e-07
 7.250	20.500	1.0000e-07
 7.250	20.750	1.0000e-07
 7.250	21.000	1.0000e-07
 7.250	21.250	1.0000e-07
 7.250	21.500	1.0000e-07
 7.250	21.750	1.0000e-07
 7.250	22.000	1.0000e-07
 7.250	22.250	1.0000e-07
 7.250	22.500	1.0000e-07
 7.250	22.750	1.0000e-07
 7.250	23.000	1.0000e-07
 7.250	23.250	1.0000e-07
 7.250	23.500	1.0000e-07
 7.250	23.750	1.0000e-07
 7.250	24.000	1.0000e-07
 7.500	17.000	4.1380e-03
 7.500	17.250	4.3031e-03
 7.500	17.500	4.3056e-03
 7.500	17.750	3.6907e-03
 7.500	18.000	2.0494e-05
 7.500	18.250	1.0000e-07
 7.500	18.500	1.0000e-07
 7.500	18.750	1.0000e-07
 7.500	19.000	1.0000e-07
 7.500	19.250	1.0000e-07
 7.500	19.500	1.0000e-07
 7.500	19.750	1.0000e-07
 7.500	20.000	1.0000e-07
 7.500	20.250	1.0000e-07
 7.500	20.500	1.0000e-07
 7.500	20.750	1.0000e-07
 7.500	21.000	1.0000e-07
 7.500	21.250	1.0000e-07
 7.500	21.500	1.0000e-07
 7.500	21.750	1.0000e-07
 7.500	22.000	1.0000e-07
 7.500	22.250	1.0000e-07
 7.500	22.500	1.0000e-07
 7.500	22.750	1.0000e-07
 7.500	23.000	1.0000e-07
 7.500	23.250	1.0000e-07
 7.500	23.500	1.0000e-07
 7.500	23.750	1.0000e-07
 7.500	24.000	1.0000e-07
 7.750	17.000	4.0444e-03
 7.750	17.250	4.1723e-03
 7.750	17.500	4.3725e-03
 7.750	17.750	4.3889e-03
 7.750	18.000	3.7221e-03
 7.750	18.250	1.9342e-05
 7.750	18.500	1.0000e-07
 7.750	18.750	1.0000e-07
 7.750	19.000	1.0000e-07
 7.750	19.250	1.0000e-07
 7.750	19.500	1.0000e-07
 7.750	19.750	1.0000e-07
 7.750	20.000	1.0000e-07
 7.750	20.250	1.0000e-07
 7.750	20.500	1.0000e-07
 7.750	20.750	1.0000e-07
 7.750	21.000	1.0000e-07
 7.750	21.250	1.0000e-07
 7.750	21.500	1.0000e-07
 7.750	21.750	1.0000e-07
 7.750	22.000	1.0000e-07
 7.750	22.250	1.0000e-07
 7.750	22.500	1.0000e-07
 7.750	22.750	1.0000e-07
 7.750	23.000	1.0000e-07
 7.750	23.250	1.0000e-07
 7.750	23.500	1.0000e-07
 7.750	23.750	1.0000e-07
 7.750	24.000	1.0000e-07
 8.000	17.000	4.0050e-03
 8.000	17.250	4.0705e-03
 8.000	17.500	4.2286e-03
 8.000	17.750	4.4893e-03
 8.000	18.000	4.5231e-03
 8.000	18.250	3.7840e-03
 8.000	18.500	2.0494e-05
 8.000	18.750	1.0000e-07
 8.000	19.000	1.0000e-07
 8.000	19.250	1.0000e-07
 8.000	19.500	1.0000e-07
 8.000	19.750	1.0000e-07
 8.000	20.000	1.0000e-07
 8.000	20.250	1.0000e-07
 8.000	20.500	1.0000e-07
 8.000	20.750	1.0000e-07
 8.000	21.000	1.0000e-07
 8.000	21.250	1.0000e-07
 8.000	21.500	1.0000e-07
 8.000	21.750	1.0000e-07
 8.000	22.000	1.0000e-07
 8.000	22.250	1.0000e-07
 8.000	22.500	1.0000e-07
 8.000	22.750	1.0000e-07
 8.000	23.000	1.0000e-07
 8.000	23.250	1.0000e-07
 8.000	23.500	1.0000e-07
 8.000	23.750	1.0000e-07
 8.000	24.000	1.0000e-07
 8.250	17.000	4.0093e-03
 8.250	17.250	4.0240e-03
 8.250	17.500	4.1083e-03
 8.250	17.750	4.3172e-03
 8.250	18.000	4.6608e-03
 8.250	18.250	4.6868e-03
 8.250	18.500	3.8230e-03
 8.250	18.750	1.8930e-05
 8.250	19.000	1.0000e-07
 8.250	19.250	1.0000e-07
 8.250	19.500	1.0000e-07
 8.250	19.750	1.0000e-07
 8.250	20.000	1.0000e-07
 8.250	20.250	1.0000e-07
 8.250	20.500	1.0000e-07
 8.250	20.750	1.0000e-07
 8.250	21.000	1.0000e-07
 8.250	21.250	1.0000e-07
 8.250	21.500	1.0000e-07
 8.250	21.750	1.0000e-07
 8.250	22.000	1.0000e-07
 8.250	22.250	1.0000e-07
 8.250	22.500	1.0000e-07
 8.250	22.750	1.0000e-07
 8.250	23.000	1.0000e-07
 8.250	23.250	1.0000e-07
 8.250	23.500	1.0000e-07
 8.250	23.750	1.0000e-07
 8.250	24.000	1.0000e-07
 8.500	17.000	4.0406e-03
 8.500	17.250	4.0231e-03
 8.500	17.500	4.0520e-03
 8.500	17.750	4.1735e-03
 8.500	18.000	4.4698e-03
 8.500	18.250	4.8988e-03
 8.500	18.500	4.8435e-03
 8.500	18.750	3.7915e-03
 8.500	19.000	1.6626e-05
 8.500	19.250	1.0000e-07
 8.500	19.500	1.0000e-07
 8.500	19.750	1.0000e-07
 8.500	20.000	1.0000e-07
 8.500	20.250	1.0000e-07
 8.500	20.500	1.0000e-07
 8.500	20.750	1.0000e-07
 8.500	21.000	1.0000e-07
 8.500	21.250	1.0000e-07
 8.500	21.500	1.0000e-07
 8.500	21.750	1.0000e-07
 8.500	22.000	1.0000e-07
 8.500	22.250	1.0000e-07
 8.500	22.500	1.0000e-07
 8.500	22.750	1.0000e-07
 8.500	23.000	1.0000e-07
 8.500	23.250	1.0000e-07
 8.500	23.500	1.0000e-07
 8.500	23.750	1.0000e-07
 8.500	24.000	1.0000e-07
 8.750	17.000	4.0899e-03
 8.750	17.250	4.0499e-03
 8.750	17.500	4.0438e-03
 8.750	17.750	4.0933e-03
 8.750	18.000	4.2723e-03
 8.750	18.250	4.6622e-03
 8.750	18.500	5.1071e-03
 8.750	18.750	4.8719e-03
 8.750	19.000	3.5662e-03
 8.750	19.250	1.3333e-05
 8.750	19.500	1.0000e-07
 8.750	19.750	1.0000e-07
 8.750	20.000	1.0000e-07
 8.750	20.250	1.0000e-07
 8.750	20.500	1.0000e-07
 8.750	20.750	1.0000e-07
 8.750	21.000	1.0000e-07
 8.750	21.250	1.0000e-07
 8.750	21.500	1.0000e-07
 8.750	21.750	1.0000e-07
 8.750	22.000	1.0000e-07
 8.750	22.250	1.0000e-07
 8.750	22.500	1.0000e-07
 8.750	22.750	1.0000e-07
 8.750	23.000	1.0000e-07
 8.750	23.250	1.0000e-07
 8.750	23.500	1.0000e-07
 8.750	23.750	1.0000e-07
 8.750	24.000	1.0000e-07
 9.000	17.000	4.1607e-03
 9.000	17.250	4.0954e-03
 9.000	17.500	4.0601e-03
 9.000	17.750	4.0672e-03
 9.000	18.000	4.1513e-03
 9.000	18.250	4.3793e-03
 9.000	18.500	4.7688e-03
 9.000	18.750	5.0997e-03
 9.000	19.000	4.6788e-03
 9.000	19.250	2.9930e-03
 9.000	19.500	1.0041e-05
 9.000	19.750	1.0000e-07
 9.000	20.000	1.0000e-07
 9.000	20.250	1.0000e-07
 9.000	20.500	1.0000e-07
 9.000	20.750	1.0000e-07
 9.000	21.000	1.0000e-07
 9.000	21.250	1.0000e-07
 9.000	21.500	1.0000e-07
 9.000	21.750	1.0000e-07
 9.000	22.000	1.0000e-07
 9.000	22.250	1.0000e-07
 9.000	22.500	1.0000e-07
 9.000	22.750	1.0000e-07
 9.000	23.000	1.0000e-07
 9.000	23.250	1.0000e-07
 9.000	23.500	1.0000e-07
 9.000	23.750	1.0000e-07
 9.000	24.000	1.0000e-07
 9.250	17.000	4.2542e-03
 9.250	17.250	4.1665e-03
 9.250	17.500	4.1017e-03
 9.250	17.750	4.0745e-03
 9.250	18.000	4.0915e-03
 9.250	18.250	4.1728e-03
 9.250	18.500	4.3677e-03
 9.250	18.750	4.7058e-03
 9.250	19.000	4.8683e-03
 9.250	19.250	4.2843e-03
 9.250	19.500	2.0813e-03
 9.250	19.750	7.5720e-06
 9.250	20.000	1.0000e-07
 9.250	20.250	1.0000e-07
 9.250	20.500	1.0000e-07
 9.250	20.750	1.0000e-07
 9.250	21.000	1.0000e-07
 9.250	21.250	1.0000e-07
 9.250	21.500	1.0000e-07
 9.250	21.750	1.0000e-07
 9.250	22.000	1.0000e-07
 9.250	22.250	1.0000e-07
 9.250	22.500	1.0000e-07
 9.250	22.750	1.0000e-07
 9.250	23.000	1.0000e-07
 9.250	23.250	1.0000e-07
 9.250	23.500	1.0000e-07
 9.250	23.750	1.0000e-07
 9.250	24.000	1.0000e-07
 9.500	17.000	4.3485e-03
 9.500	17.250	4.2581e-03
 9.500	17.500	4.1654e-03
 9.500	17.750	4.0965e-03
 9.500	18.000	4.0456e-03
 9.500	18.250	4.0227e-03
 9.500	18.500	4.0425e-03
 9.500	18.750	4.1620e-03
 9.500	19.000	4.3740e-03
 9.500	19.250	4.3933e-03
 9.500	19.500	3.6558e-03
 9.500	19.750	2.2642e-04
 9.500	20.000	6.0905e-06
 9.500	20.250	1.0000e-07
 9.500	20.500	1.0000e-07
 9.500	20.750	1.0000e-07
 9.500	21.000	1.0000e-07
 9.500	21.250	1.0000e-07
 9.500	21.500	1.0000e-07
 9.500	21.750	1.0000e-07
 9.500	22.000	1.0000e-07
 9.500	22.250	1.0000e-07
 9.500	22.500	1.0000e-07
 9.500	22.750	1.0000e-07
 9.500	23.000	1.0000e-07
 9.500	23.250	1.0000e-07
 9.500	23.500	1.0000e-07
 9.500	23.750	1.0000e-07
 9.500	24.000	1.0000e-07
 9.750	17.000	4.3774e-03
 9.750	17.250	4.3425e-03
 9.750	17.500	4.2435e-03
 9.750	17.750	4.1314e-03
 9.750	18.000	4.0156e-03
 9.750	18.250	3.8950e-03
 9.750	18.500	3.7817e-03
 9.750	18.750	3.7198e-03
 9.750	19.000	3.7334e-03
 9.750	19.250	3.8144e-03
 9.750	19.500	3.7453e-03
 9.750	19.750	2.9105e-03
 9.750	20.000	4.0658e-05
 9.750	20.250	5.3498e-06
 9.750	20.500	1.0000e-07
 9.750	20.750	1.0000e-07
 9.750	21.000	1.0000e-07
 9.750	21.250	1.0000e-07
 9.750	21.500	1.0000e-07
 9.750	21.750	1.0000e-07
 9.750	22.000	1.0000e-07
 9.750	22.250	1.0000e-07
 9.750	22.500	1.0000e-07
 9.750	22.750	1.0000e-07
 9.750	23.000	1.0000e-07
 9.750	23.250	1.0000e-07
 9.750	23.500	1.0000e-07
 9.750	23.750	1.0000e-07
 9.750	24.000	1.0000e-07
10.000	17.000	4.2681e-03
10.000	17.250	4.3540e-03
10.000	17.500	4.3052e-03
10.000	17.750	4.1771e-03
10.000	18.000	3.9951e-03
10.000	18.250	3.7731e-03
10.000	18.500	3.5472e-03
10.000	18.750	3.3601e-03
10.000	19.000	3.2261e-03
10.000	19.250	3.1300e-03
10.000	19.500	3.0453e-03
10.000	19.750	2.9434e-03
10.000	20.000	2.0440e-03
10.000	20.250	3.3498e-05
10.000	20.500	5.4321e-06
10.000	20.750	1.0000e-07
10.000	21.000	1.0000e-07
10.000	21.250	1.0000e-07
10.000	21.500	1.0000e-07
10.000	21.750	1.0000e-07
10.000	22.000	1.0000e-07
10.000	22.250	1.0000e-07
10.000	22.500	1.0000e-07
10.000	22.750	1.0000e-07
10.000	23.000	1.0000e-07
10.000	23.250	1.0000e-07
10.000	23.500	1.0000e-07
10.000	23.750	1.0000e-07
10.000	24.000	1.0000e-07
10.250	17.000	4.0307e-03
10.250	17.250	4.2267e-03
10.250	17.500	4.2919e-03
10.250	17.750	4.1938e-03
10.250	18.000	3.9608e-03
10.250	18.250	3.6437e-03
10.250	18.500	3.3327e-03
10.250	18.750	3.0565e-03
10.250	19.000	2.8311e-03
10.250	19.250	2.6619e-03
10.250	19.500	2.5556e-03
10.250	19.750	2.4998e-03
10.250	20.000	2.4006e-03
10.250	20.250	7.5267e-04
10.250	20.500	3.2593e-05
10.250	20.750	4.9383e-06
10.250	21.000	1.0000e-07
10.250	21.250	1.0000e-07
10.250	21.500	1.0000e-07
10.250	21.750	1.0000e-07
10.250	22.000	1.0000e-07
10.250	22.250	1.0000e-07
10.250	22.500	1.0000e-07
10.250	22.750	1.0000e-07
10.250	23.000	1.0000e-07
10.250	23.250	1.0000e-07
10.250	23.500	1.0000e-07
10.250	23.750	1.0000e-07
10.250	24.000	1.0000e-07
10.500	17.000	3.7989e-03
10.500	17.250	3.9772e-03
10.500	17.500	4.1429e-03
10.500	17.750	4.1291e-03
10.500	18.000	3.8878e-03
10.500	18.250	3.5153e-03
10.500	18.500	3.1482e-03
10.500	18.750	2.8307e-03
10.500	19.000	2.5736e-03
10.500	19.250	2.3751e-03
10.500	19.500	2.2142e-03
10.500	19.750	2.0969e-03
10.500	20.000	2.0005e-03
10.500	20.250	1.8740e-03
10.500	20.500	1.1267e-04
10.500	20.750	3.0947e-05
10.500	21.000	5.0206e-06
10.500	21.250	1.0000e-07
10.500	21.500	1.0000e-07
10.500	21.750	1.0000e-07
10.500	22.000	1.0000e-07
10.500	22.250	1.0000e-07
10.500	22.500	1.0000e-07
10.500	22.750	1.0000e-07
10.500	23.000	1.0000e-07
10.500	23.250	1.0000e-07
10.500	23.500	1.0000e-07
10.500	23.750	1.0000e-07
10.500	24.000	1.0000e-07
10.750	17.000	3.6388e-03
10.750	17.250	3.7290e-03
10.750	17.500	3.8694e-03
10.750	17.750	3.9306e-03
10.750	18.000	3.7393e-03
10.750	18.250	3.3768e-03
10.750	18.500	2.9993e-03
10.750	18.750	2.6570e-03
10.750	19.000	2.3693e-03
10.750	19.250	2.1412e-03
10.750	19.500	1.9509e-03
10.750	19.750	1.7870e-03
10.750	20.000	1.6553e-03
10.750	20.250	1.5437e-03
10.750	20.500	1.4044e-03
10.750	20.750	6.6337e-05
10.750	21.000	3.0864e-05
10.750	21.250	5.1029e-06
10.750	21.500	1.0000e-07
10.750	21.750	1.0000e-07
10.750	22.000	1.0000e-07
10.750	22.250	1.0000e-07
10.750	22.500	1.0000e-07
10.750	22.750	1.0000e-07
10.750	23.000	1.0000e-07
10.750	23.250	1.0000e-07
10.750	23.500	1.0000e-07
10.750	23.750	1.0000e-07
10.750	24.000	1.0000e-07
11.000	17.000	3.5242e-03
11.000	17.250	3.5505e-03
11.000	17.500	3.5918e-03
11.000	17.750	3.6182e-03
11.000	18.000	3.4874e-03
11.000	18.250	3.1841e-03
11.000	18.500	2.8392e-03
11.000	18.750	2.4989e-03
11.000	19.000	2.1949e-03
11.000	19.250	1.9403e-03
11.000	19.500	1.7319e-03
11.000	19.750	1.5488e-03
11.000	20.000	1.3883e-03
11.000	20.250	1.2622e-03
11.000	20.500	1.1557e-03
11.000	20.750	1.0328e-03
11.000	21.000	5.9342e-05
11.000	21.250	3.0782e-05
11.000	21.500	5.1852e-06
11.000	21.750	1.0000e-07
11.000	22.000	1.0000e-07
11.000	22.250	1.0000e-07
11.000	22.500	1.0000e-07
11.000	22.750	1.0000e-07
11.000	23.000	1.0000e-07
11.000	23.250	1.0000e-07
11.000	23.500	1.0000e-07
11.000	23.750	1.0000e-07
11.000	24.000	1.0000e-07
11.250	17.000	3.4225e-03
11.250	17.250	3.4077e-03
11.250	17.500	3.3768e-03
11.250	17.750	3.3033e-03
11.250	18.000	3.1484e-03
11.250	18.250	2.9077e-03
11.250	18.500	2.6249e-03
11.250	18.750	2.3237e-03
11.250	19.000	2.0305e-03
11.250	19.250	1.7694e-03
11.250	19.500	1.5463e-03
11.250	19.750	1.3577e-03
11.250	20.000	1.1911e-03
11.250	20.250	1.0467e-03
11.250	20.500	9.4189e-04
11.250	20.750	8.6049e-04
11.250	21.000	5.5695e-04
11.250	21.250	5.7778e-05
11.250	21.500	3.0535e-05
11.250	21.750	5.0206e-06
11.250	22.000	1.0000e-07
11.250	22.250	1.0000e-07
11.250	22.500	1.0000e-07
11.250	22.750	1.0000e-07
11.250	23.000	1.0000e-07
11.250	23.250	1.0000e-07
11.250	23.500	1.0000e-07
11.250	23.750	1.0000e-07
11.250	24.000	1.0000e-07
11.500	17.000	3.3374e-03
11.500	17.250	3.2828e-03
11.500	17.500	3.1950e-03
11.500	17.750	3.0351e-03
11.500	18.000	2.8043e-03
11.500	18.250	2.5649e-03
11.500	18.500	2.3412e-03
11.500	18.750	2.1053e-03
11.500	19.000	1.8581e-03
11.500	19.250	1.6134e-03
11.500	19.500	1.3937e-03
11.500	19.750	1.2053e-03
11.500	20.000	1.0431e-03
11.500	20.250	8.9827e-04
11.500	20.500	7.8107e-04
11.500	20.750	7.0206e-04
11.500	21.000	6.4428e-04
11.500	21.250	3.8905e-04
11.500	21.500	5.6626e-05
11.500	21.750	3.0700e-05
11.500	22.000	4.5267e-06
11.500	22.250	1.0000e-07
11.500	22.500	1.0000e-07
11.500	22.750	1.0000e-07
11.500	23.000	1.0000e-07
11.500	23.250	1.0000e-07
11.500	23.500	1.0000e-07
11.500	23.750	1.0000e-07
11.500	24.000	1.0000e-07
11.750	17.000	3.2589e-03
11.750	17.250	3.1677e-03
11.750	17.500	3.0305e-03
11.750	17.750	2.8050e-03
11.750	18.000	2.5066e-03
11.750	18.250	2.2331e-03
11.750	18.500	2.0169e-03
11.750	18.750	1.8344e-03
11.750	19.000	1.6514e-03
11.750	19.250	1.4568e-03
11.750	19.500	1.2621e-03
11.750	19.750	1.0877e-03
11.750	20.000	9.3539e-04
11.750	20.250	8.0156e-04
11.750	20.500	6.8313e-04
11.750	20.750	5.9177e-04
11.750	21.000	5.3490e-04
11.750	21.250	5.0889e-04
11.750	21.500	3.2626e-04
11.750	21.750	5.6132e-05
11.750	22.000	3.0453e-05
11.750	22.250	3.5391e-06
11.750	22.500	1.0000e-07
11.750	22.750	1.0000e-07
11.750	23.000	1.0000e-07
11.750	23.250	1.0000e-07
11.750	23.500	1.0000e-07
11.750	23.750	1.0000e-07
11.750	24.000	1.0000e-07
12.000	17.000	3.1631e-03
12.000	17.250	3.0456e-03
12.000	17.500	2.8607e-03
12.000	17.750	2.5809e-03
12.000	18.000	2.2501e-03
12.000	18.250	1.9573e-03
12.000	18.500	1.7217e-03
12.000	18.750	1.5446e-03
12.000	19.000	1.4089e-03
12.000	19.250	1.2798e-03
12.000	19.500	1.1392e-03
12.000	19.750	9.9514e-04
12.000	20.000	8.6461e-04
12.000	20.250	7.4724e-04
12.000	20.500	6.3737e-04
12.000	20.750	5.3951e-04
12.000	21.000	4.6321e-04
12.000	21.250	4.2584e-04
12.000	21.500	3.8321e-04
12.000	21.750	2.9152e-04
12.000	22.000	5.6132e-05
12.000	22.250	3.0206e-05
12.000	22.500	2.3868e-06
12.000	22.750	1.0000e-07
12.000	23.000	1.0000e-07
12.000	23.250	1.0000e-07
12.000	23.500	1.0000e-07
12.000	23.750	1.0000e-07
12.000	24.000	1.0000e-07
12.250	17.000	2.9775e-03
12.250	17.250	2.8755e-03
12.250	17.500	2.6470e-03
12.250	17.750	2.3337e-03
12.250	18.000	2.0099e-03
12.250	18.250	1.7226e-03
12.250	18.500	1.4843e-03
12.250	18.750	1.2952e-03
12.250	19.000	1.1640e-03
12.250	19.250	1.0807e-03
12.250	19.500	1.0059e-03
12.250	19.750	9.1432e-04
12.250	20.000	8.1663e-04
12.250	20.250	7.2584e-04
12.250	20.500	6.3572e-04
12.250	20.750	5.4239e-04
12.250	21.000	4.5333e-04
12.250	21.250	3.8156e-04
12.250	21.500	3.2848e-04
12.250	21.750	3.0502e-04
12.250	22.000	2.3374e-04
12.250	22.250	5.5885e-05
12.250	22.500	2.9794e-05
12.250	22.750	1.0700e-06
12.250	23.000	1.0000e-07
12.250	23.250	1.0000e-07
12.250	23.500	1.0000e-07
12.250	23.750	1.0000e-07
12.250	24.000	1.0000e-07
12.500	17.000	2.5205e-03
12.500	17.250	2.6197e-03
12.500	17.500	2.3684e-03
12.500	17.750	2.0672e-03
12.500	18.000	1.7719e-03
12.500	18.250	1.5054e-03
12.500	18.500	1.2926e-03
12.500	18.750	1.1109e-03
12.500	19.000	9.6963e-04
12.500	19.250	8.8576e-04
12.500	19.500	8.5284e-04
12.500	19.750	8.2412e-04
12.500	20.000	7.7580e-04
12.500	20.250	7.1786e-04
12.500	20.500	6.5926e-04
12.500	20.750	5.8840e-04
12.500	21.000	5.0263e-04
12.500	21.250	4.0955e-04
12.500	21.500	3.2486e-04
12.500	21.750	2.7144e-04
12.500	22.000	2.4658e-04
12.500	22.250	1.8971e-04
12.500	22.500	5.6214e-05
12.500	22.750	2.9136e-05
12.500	23.000	1.0000e-07
12.500	23.250	1.0000e-07
12.500	23.500	1.0000e-07
12.500	23.750	1.0000e-07
12.500	24.000	1.0000e-07
12.750	17.000	1.9627e-03
12.750	17.250	2.2130e-03
12.750	17.500	2.0776e-03
12.750	17.750	1.7939e-03
12.750	18.000	1.5318e-03
12.750	18.250	1.3198e-03
12.750	18.500	1.1373e-03
12.750	18.750	9.7481e-04
12.750	19.000	8.3704e-04
12.750	19.250	7.3909e-04
12.750	19.500	7.0033e-04
12.750	19.750	7.0996e-04
12.750	20.000	7.1802e-04
12.750	20.250	7.0708e-04
12.750	20.500	6.8428e-04
12.750	20.750	6.5070e-04
12.750	21.000	5.9358e-04
12.750	21.250	5.0881e-04
12.750	21.500	3.9786e-04
12.750	21.750	2.9992e-04
12.750	22.000	2.3679e-04
12.750	22.250	2.1802e-04
12.750	22.500	1.5506e-04
12.750	22.750	5.8025e-05
12.750	23.000	2.8148e-05
12.750	23.250	1.0000e-07
12.750	23.500	1.0000e-07
12.750	23.750	1.0000e-07
12.750	24.000	1.0000e-07
13.000	17.000	9.7909e-04
13.000	17.250	1.2630e-03
13.000	17.500	1.6987e-03
13.000	17.750	1.5584e-03
13.000	18.000	1.3492e-03
13.000	18.250	1.1737e-03
13.000	18.500	1.0059e-03
13.000	18.750	8.6634e-04
13.000	19.000	7.4667e-04
13.000	19.250	6.5086e-04
13.000	19.500	5.9053e-04
13.000	19.750	5.8798e-04
13.000	20.000	6.2963e-04
13.000	20.250	6.6872e-04
13.000	20.500	6.9267e-04
13.000	20.750	7.0486e-04
13.000	21.000	6.9959e-04
13.000	21.250	6.5449e-04
13.000	21.500	5.5070e-04
13.000	21.750	4.2272e-04
13.000	22.000	2.9819e-04
13.000	22.250	2.1770e-04
13.000	22.500	1.9712e-04
13.000	22.750	1.4617e-04
13.000	23.000	6.1235e-05
13.000	23.250	2.7243e-05
13.000	23.500	1.0000e-07
13.000	23.750	1.0000e-07
13.000	24.000	1.0000e-07
13.250	17.000	7.7556e-04
13.250	17.250	9.8222e-04
13.250	17.500	1.2640e-03
13.250	17.750	1.3702e-03
13.250	18.000	1.2432e-03
13.250	18.250	1.0491e-03
13.250	18.500	9.0626e-04
13.250	18.750	7.7432e-04
13.250	19.000	6.7613e-04
13.250	19.250	5.9728e-04
13.250	19.500	5.3794e-04
13.250	19.750	5.0979e-04
13.250	20.000	5.2856e-04
13.250	20.250	5.8914e-04
13.250	20.500	6.4988e-04
13.250	20.750	7.0206e-04
13.250	21.000	7.5325e-04
13.250	21.250	7.7325e-04
13.250	21.500	7.2914e-04
13.250	21.750	5.9687e-04
13.250	22.000	4.7391e-04
13.250	22.250	3.0905e-04
13.250	22.500	2.1267e-04
13.250	22.750	1.9720e-04
13.250	23.000	1.3926e-04
13.250	23.250	6.5926e-05
13.250	23.500	2.7407e-05
13.250	23.750	1.0000e-07
13.250	24.000	1.0000e-07
13.500	17.000	6.2074e-04
13.500	17.250	7.9432e-04
13.500	17.500	1.0014e-03
13.500	17.750	1.1396e-03
13.500	18.000	1.1118e-03
13.500	18.250	9.4790e-04
13.500	18.500	8.0716e-04
13.500	18.750	6.9778e-04
13.500	19.000	6.1860e-04
13.500	19.250	5.5901e-04
13.500	19.500	5.1473e-04
13.500	19.750	4.8477e-04
13.500	20.000	4.7547e-04
13.500	20.250	5.0272e-04
13.500	20.500	5.6889e-04
13.500	20.750	6.4099e-04
13.500	21.000	7.0519e-04
13.500	21.250	7.6642e-04
13.500	21.500	7.8025e-04
13.500	21.750	7.4239e-04
13.500	22.000	6.3564e-04
13.500	22.250	4.8798e-04
13.500	22.500	3.3498e-04
13.500	22.750	2.2716e-04
13.500	23.000	2.0519e-04
13.500	23.250	1.5095e-04
13.500	23.500	7.3169e-05
13.500	23.750	2.8807e-05
13.500	24.000	1.0000e-07
13.750	17.000	4.9226e-04
13.750	17.250	6.4008e-04
13.750	17.500	8.1012e-04
13.750	17.750	9.1778e-04
13.750	18.000	9.6123e-04
13.750	18.250	8.6889e-04
13.750	18.500	7.2230e-04
13.750	18.750	6.4362e-04
13.750	19.000	5.7440e-04
13.750	19.250	5.3136e-04
13.750	19.500	5.0214e-04
13.750	19.750	4.8313e-04
13.750	20.000	4.7210e-04
13.750	20.250	4.7317e-04
13.750	20.500	5.0033e-04
13.750	20.750	5.6280e-04
13.750	21.000	6.3588e-04
13.750	21.250	7.0477e-04
13.750	21.500	7.7070e-04
13.750	21.750	8.0280e-04
13.750	22.000	7.6782e-04
13.750	22.250	6.6683e-04
13.750	22.500	5.2477e-04
13.750	22.750	3.6848e-04
13.750	23.000	2.6239e-04
13.750	23.250	2.5053e-04
13.750	23.500	1.6864e-04
13.750	23.750	8.1728e-05
13.750	24.000	2.8807e-05
14.000	17.000	3.8955e-04
14.000	17.250	5.1276e-04
14.000	17.500	6.6107e-04
14.000	17.750	7.5440e-04
14.000	18.000	7.9259e-04
14.000	18.250	7.7012e-04
14.000	18.500	6.8008e-04
14.000	18.750	5.8551e-04
14.000	19.000	5.4683e-04
14.000	19.250	5.1860e-04
14.000	19.500	4.9844e-04
14.000	19.750	4.8872e-04
14.000	20.000	4.8288e-04
14.000	20.250	4.7918e-04
14.000	20.500	4.8140e-04
14.000	20.750	5.0329e-04
14.000	21.000	5.6025e-04
14.000	21.250	6.3827e-04
14.000	21.500	7.1103e-04
14.000	21.750	7.8403e-04
14.000	22.000	8.0823e-04
14.000	22.250	7.7243e-04
14.000	22.500	6.9440e-04
14.000	22.750	5.6617e-04
14.000	23.000	4.0650e-04
14.000	23.250	2.9481e-04
14.000	23.500	3.0016e-04
14.000	23.750	2.1605e-04
14.000	24.000	8.7819e-05
