Inwd 1405.00A  relative to Inci 1215.00A scaled to 1215A.
Hden   Phi(H)  Eq_Width (A)
 7.000	17.000	2.1671e-03
 7.000	17.250	1.6529e-03
 7.000	17.500	1.4549e-03
 7.000	17.750	5.2296e-04
 7.000	18.000	1.0000e-07
 7.000	18.250	1.0000e-07
 7.000	18.500	1.0000e-07
 7.000	18.750	1.0000e-07
 7.000	19.000	1.0000e-07
 7.000	19.250	1.0000e-07
 7.000	19.500	1.0000e-07
 7.000	19.750	1.0000e-07
 7.000	20.000	1.0000e-07
 7.000	20.250	1.0000e-07
 7.000	20.500	1.0000e-07
 7.000	20.750	1.0000e-07
 7.000	21.000	1.0000e-07
 7.000	21.250	1.0000e-07
 7.000	21.500	1.0000e-07
 7.000	21.750	1.0000e-07
 7.000	22.000	1.0000e-07
 7.000	22.250	1.0000e-07
 7.000	22.500	1.0000e-07
 7.000	22.750	1.0000e-07
 7.000	23.000	1.0000e-07
 7.000	23.250	1.0000e-07
 7.000	23.500	1.0000e-07
 7.000	23.750	1.0000e-07
 7.000	24.000	1.0000e-07
 7.250	17.000	3.2040e-03
 7.250	17.250	2.3303e-03
 7.250	17.500	1.8071e-03
 7.250	17.750	1.5925e-03
 7.250	18.000	5.4230e-04
 7.250	18.250	1.0000e-07
 7.250	18.500	1.0000e-07
 7.250	18.750	1.0000e-07
 7.250	19.000	1.0000e-07
 7.250	19.250	1.0000e-07
 7.250	19.500	1.0000e-07
 7.250	19.750	1.0000e-07
 7.250	20.000	1.0000e-07
 7.250	20.250	1.0000e-07
 7.250	20.500	1.0000e-07
 7.250	20.750	1.0000e-07
 7.250	21.000	1.0000e-07
 7.250	21.250	1.0000e-07
 7.250	21.500	1.0000e-07
 7.250	21.750	1.0000e-07
 7.250	22.000	1.0000e-07
 7.250	22.250	1.0000e-07
 7.250	22.500	1.0000e-07
 7.250	22.750	1.0000e-07
 7.250	23.000	1.0000e-07
 7.250	23.250	1.0000e-07
 7.250	23.500	1.0000e-07
 7.250	23.750	1.0000e-07
 7.250	24.000	1.0000e-07
 7.500	17.000	4.1269e-03
 7.500	17.250	3.3717e-03
 7.500	17.500	2.4821e-03
 7.500	17.750	1.9598e-03
 7.500	18.000	1.7331e-03
 7.500	18.250	5.5959e-04
 7.500	18.500	1.0000e-07
 7.500	18.750	1.0000e-07
 7.500	19.000	1.0000e-07
 7.500	19.250	1.0000e-07
 7.500	19.500	1.0000e-07
 7.500	19.750	1.0000e-07
 7.500	20.000	1.0000e-07
 7.500	20.250	1.0000e-07
 7.500	20.500	1.0000e-07
 7.500	20.750	1.0000e-07
 7.500	21.000	1.0000e-07
 7.500	21.250	1.0000e-07
 7.500	21.500	1.0000e-07
 7.500	21.750	1.0000e-07
 7.500	22.000	1.0000e-07
 7.500	22.250	1.0000e-07
 7.500	22.500	1.0000e-07
 7.500	22.750	1.0000e-07
 7.500	23.000	1.0000e-07
 7.500	23.250	1.0000e-07
 7.500	23.500	1.0000e-07
 7.500	23.750	1.0000e-07
 7.500	24.000	1.0000e-07
 7.750	17.000	4.6277e-03
 7.750	17.250	4.2802e-03
 7.750	17.500	3.5123e-03
 7.750	17.750	2.6192e-03
 7.750	18.000	2.1051e-03
 7.750	18.250	1.8712e-03
 7.750	18.500	5.7366e-04
 7.750	18.750	1.0000e-07
 7.750	19.000	1.0000e-07
 7.750	19.250	1.0000e-07
 7.750	19.500	1.0000e-07
 7.750	19.750	1.0000e-07
 7.750	20.000	1.0000e-07
 7.750	20.250	1.0000e-07
 7.750	20.500	1.0000e-07
 7.750	20.750	1.0000e-07
 7.750	21.000	1.0000e-07
 7.750	21.250	1.0000e-07
 7.750	21.500	1.0000e-07
 7.750	21.750	1.0000e-07
 7.750	22.000	1.0000e-07
 7.750	22.250	1.0000e-07
 7.750	22.500	1.0000e-07
 7.750	22.750	1.0000e-07
 7.750	23.000	1.0000e-07
 7.750	23.250	1.0000e-07
 7.750	23.500	1.0000e-07
 7.750	23.750	1.0000e-07
 7.750	24.000	1.0000e-07
 8.000	17.000	4.5953e-03
 8.000	17.250	4.7236e-03
 8.000	17.500	4.3824e-03
 8.000	17.750	3.6145e-03
 8.000	18.000	2.7207e-03
 8.000	18.250	2.2188e-03
 8.000	18.500	1.9954e-03
 8.000	18.750	5.8584e-04
 8.000	19.000	1.0000e-07
 8.000	19.250	1.0000e-07
 8.000	19.500	1.0000e-07
 8.000	19.750	1.0000e-07
 8.000	20.000	1.0000e-07
 8.000	20.250	1.0000e-07
 8.000	20.500	1.0000e-07
 8.000	20.750	1.0000e-07
 8.000	21.000	1.0000e-07
 8.000	21.250	1.0000e-07
 8.000	21.500	1.0000e-07
 8.000	21.750	1.0000e-07
 8.000	22.000	1.0000e-07
 8.000	22.250	1.0000e-07
 8.000	22.500	1.0000e-07
 8.000	22.750	1.0000e-07
 8.000	23.000	1.0000e-07
 8.000	23.250	1.0000e-07
 8.000	23.500	1.0000e-07
 8.000	23.750	1.0000e-07
 8.000	24.000	1.0000e-07
 8.250	17.000	4.0877e-03
 8.250	17.250	4.6776e-03
 8.250	17.500	4.7993e-03
 8.250	17.750	4.4526e-03
 8.250	18.000	3.6828e-03
 8.250	18.250	2.8039e-03
 8.250	18.500	2.3276e-03
 8.250	18.750	2.1095e-03
 8.250	19.000	5.9152e-04
 8.250	19.250	1.0000e-07
 8.250	19.500	1.0000e-07
 8.250	19.750	1.0000e-07
 8.250	20.000	1.0000e-07
 8.250	20.250	1.0000e-07
 8.250	20.500	1.0000e-07
 8.250	20.750	1.0000e-07
 8.250	21.000	1.0000e-07
 8.250	21.250	1.0000e-07
 8.250	21.500	1.0000e-07
 8.250	21.750	1.0000e-07
 8.250	22.000	1.0000e-07
 8.250	22.250	1.0000e-07
 8.250	22.500	1.0000e-07
 8.250	22.750	1.0000e-07
 8.250	23.000	1.0000e-07
 8.250	23.250	1.0000e-07
 8.250	23.500	1.0000e-07
 8.250	23.750	1.0000e-07
 8.250	24.000	1.0000e-07
 8.500	17.000	3.2387e-03
 8.500	17.250	4.1337e-03
 8.500	17.500	4.7181e-03
 8.500	17.750	4.8317e-03
 8.500	18.000	4.4805e-03
 8.500	18.250	3.7160e-03
 8.500	18.500	2.8663e-03
 8.500	18.750	2.4307e-03
 8.500	19.000	2.2063e-03
 8.500	19.250	5.9440e-04
 8.500	19.500	1.0000e-07
 8.500	19.750	1.0000e-07
 8.500	20.000	1.0000e-07
 8.500	20.250	1.0000e-07
 8.500	20.500	1.0000e-07
 8.500	20.750	1.0000e-07
 8.500	21.000	1.0000e-07
 8.500	21.250	1.0000e-07
 8.500	21.500	1.0000e-07
 8.500	21.750	1.0000e-07
 8.500	22.000	1.0000e-07
 8.500	22.250	1.0000e-07
 8.500	22.500	1.0000e-07
 8.500	22.750	1.0000e-07
 8.500	23.000	1.0000e-07
 8.500	23.250	1.0000e-07
 8.500	23.500	1.0000e-07
 8.500	23.750	1.0000e-07
 8.500	24.000	1.0000e-07
 8.750	17.000	2.2909e-03
 8.750	17.250	3.2592e-03
 8.750	17.500	4.1472e-03
 8.750	17.750	4.7506e-03
 8.750	18.000	4.8233e-03
 8.750	18.250	4.4695e-03
 8.750	18.500	3.7268e-03
 8.750	18.750	2.9244e-03
 8.750	19.000	2.5402e-03
 8.750	19.250	2.2767e-03
 8.750	19.500	5.9465e-04
 8.750	19.750	1.0000e-07
 8.750	20.000	1.0000e-07
 8.750	20.250	1.0000e-07
 8.750	20.500	1.0000e-07
 8.750	20.750	1.0000e-07
 8.750	21.000	1.0000e-07
 8.750	21.250	1.0000e-07
 8.750	21.500	1.0000e-07
 8.750	21.750	1.0000e-07
 8.750	22.000	1.0000e-07
 8.750	22.250	1.0000e-07
 8.750	22.500	1.0000e-07
 8.750	22.750	1.0000e-07
 8.750	23.000	1.0000e-07
 8.750	23.250	1.0000e-07
 8.750	23.500	1.0000e-07
 8.750	23.750	1.0000e-07
 8.750	24.000	1.0000e-07
 9.000	17.000	1.4007e-03
 9.000	17.250	2.3016e-03
 9.000	17.500	3.2581e-03
 9.000	17.750	4.1226e-03
 9.000	18.000	4.7074e-03
 9.000	18.250	4.7759e-03
 9.000	18.500	4.4363e-03
 9.000	18.750	3.7414e-03
 9.000	19.000	2.9678e-03
 9.000	19.250	2.6169e-03
 9.000	19.500	2.3008e-03
 9.000	19.750	5.9687e-04
 9.000	20.000	1.0000e-07
 9.000	20.250	1.0000e-07
 9.000	20.500	1.0000e-07
 9.000	20.750	1.0000e-07
 9.000	21.000	1.0000e-07
 9.000	21.250	1.0000e-07
 9.000	21.500	1.0000e-07
 9.000	21.750	1.0000e-07
 9.000	22.000	1.0000e-07
 9.000	22.250	1.0000e-07
 9.000	22.500	1.0000e-07
 9.000	22.750	1.0000e-07
 9.000	23.000	1.0000e-07
 9.000	23.250	1.0000e-07
 9.000	23.500	1.0000e-07
 9.000	23.750	1.0000e-07
 9.000	24.000	1.0000e-07
 9.250	17.000	6.8700e-04
 9.250	17.250	1.4067e-03
 9.250	17.500	2.2965e-03
 9.250	17.750	3.2247e-03
 9.250	18.000	4.0690e-03
 9.250	18.250	4.5923e-03
 9.250	18.500	4.7023e-03
 9.250	18.750	4.3916e-03
 9.250	19.000	3.7255e-03
 9.250	19.250	2.9554e-03
 9.250	19.500	2.6154e-03
 9.250	19.750	2.3021e-03
 9.250	20.000	6.0156e-04
 9.250	20.250	1.0000e-07
 9.250	20.500	1.0000e-07
 9.250	20.750	1.0000e-07
 9.250	21.000	1.0000e-07
 9.250	21.250	1.0000e-07
 9.250	21.500	1.0000e-07
 9.250	21.750	1.0000e-07
 9.250	22.000	1.0000e-07
 9.250	22.250	1.0000e-07
 9.250	22.500	1.0000e-07
 9.250	22.750	1.0000e-07
 9.250	23.000	1.0000e-07
 9.250	23.250	1.0000e-07
 9.250	23.500	1.0000e-07
 9.250	23.750	1.0000e-07
 9.250	24.000	1.0000e-07
 9.500	17.000	2.4189e-04
 9.500	17.250	6.8494e-04
 9.500	17.500	1.3988e-03
 9.500	17.750	2.2602e-03
 9.500	18.000	3.1466e-03
 9.500	18.250	3.9399e-03
 9.500	18.500	4.4754e-03
 9.500	18.750	4.5854e-03
 9.500	19.000	4.2972e-03
 9.500	19.250	3.6363e-03
 9.500	19.500	2.8877e-03
 9.500	19.750	2.6001e-03
 9.500	20.000	2.3380e-03
 9.500	20.250	6.0955e-04
 9.500	20.500	1.0000e-07
 9.500	20.750	1.0000e-07
 9.500	21.000	1.0000e-07
 9.500	21.250	1.0000e-07
 9.500	21.500	1.0000e-07
 9.500	21.750	1.0000e-07
 9.500	22.000	1.0000e-07
 9.500	22.250	1.0000e-07
 9.500	22.500	1.0000e-07
 9.500	22.750	1.0000e-07
 9.500	23.000	1.0000e-07
 9.500	23.250	1.0000e-07
 9.500	23.500	1.0000e-07
 9.500	23.750	1.0000e-07
 9.500	24.000	1.0000e-07
 9.750	17.000	5.3827e-05
 9.750	17.250	2.3514e-04
 9.750	17.500	6.6955e-04
 9.750	17.750	1.3565e-03
 9.750	18.000	2.1663e-03
 9.750	18.250	2.9868e-03
 9.750	18.500	3.7343e-03
 9.750	18.750	4.2531e-03
 9.750	19.000	4.3635e-03
 9.750	19.250	4.1038e-03
 9.750	19.500	3.4824e-03
 9.750	19.750	2.8059e-03
 9.750	20.000	2.5948e-03
 9.750	20.250	2.4486e-03
 9.750	20.500	6.2107e-04
 9.750	20.750	1.0000e-07
 9.750	21.000	1.0000e-07
 9.750	21.250	1.0000e-07
 9.750	21.500	1.0000e-07
 9.750	21.750	1.0000e-07
 9.750	22.000	1.0000e-07
 9.750	22.250	1.0000e-07
 9.750	22.500	1.0000e-07
 9.750	22.750	1.0000e-07
 9.750	23.000	1.0000e-07
 9.750	23.250	1.0000e-07
 9.750	23.500	1.0000e-07
 9.750	23.750	1.0000e-07
 9.750	24.000	1.0000e-07
10.000	17.000	6.3374e-06
10.000	17.250	4.9959e-05
10.000	17.500	2.2156e-04
10.000	17.750	6.2749e-04
10.000	18.000	1.2568e-03
10.000	18.250	1.9869e-03
10.000	18.500	2.7252e-03
10.000	18.750	3.3871e-03
10.000	19.000	3.8537e-03
10.000	19.250	4.0063e-03
10.000	19.500	3.8071e-03
10.000	19.750	3.2742e-03
10.000	20.000	2.7215e-03
10.000	20.250	2.6260e-03
10.000	20.500	2.7166e-03
10.000	20.750	6.6535e-04
10.000	21.000	1.0000e-07
10.000	21.250	1.0000e-07
10.000	21.500	1.0000e-07
10.000	21.750	1.0000e-07
10.000	22.000	1.0000e-07
10.000	22.250	1.0000e-07
10.000	22.500	1.0000e-07
10.000	22.750	1.0000e-07
10.000	23.000	1.0000e-07
10.000	23.250	1.0000e-07
10.000	23.500	1.0000e-07
10.000	23.750	1.0000e-07
10.000	24.000	1.0000e-07
10.250	17.000	1.0000e-07
10.250	17.250	5.3498e-06
10.250	17.500	4.4691e-05
10.250	17.750	1.9687e-04
10.250	18.000	5.5235e-04
10.250	18.250	1.0956e-03
10.250	18.500	1.7197e-03
10.250	18.750	2.3416e-03
10.250	19.000	2.9147e-03
10.250	19.250	3.3439e-03
10.250	19.500	3.5342e-03
10.250	19.750	3.4299e-03
10.250	20.000	3.0240e-03
10.250	20.250	2.6066e-03
10.250	20.500	2.6533e-03
10.250	20.750	2.7229e-03
10.250	21.000	6.2930e-04
10.250	21.250	1.0000e-07
10.250	21.500	1.0000e-07
10.250	21.750	1.0000e-07
10.250	22.000	1.0000e-07
10.250	22.250	1.0000e-07
10.250	22.500	1.0000e-07
10.250	22.750	1.0000e-07
10.250	23.000	1.0000e-07
10.250	23.250	1.0000e-07
10.250	23.500	1.0000e-07
10.250	23.750	1.0000e-07
10.250	24.000	1.0000e-07
10.500	17.000	1.0000e-07
10.500	17.250	1.0000e-07
10.500	17.500	4.5267e-06
10.500	17.750	3.7695e-05
10.500	18.000	1.6354e-04
10.500	18.250	4.5374e-04
10.500	18.500	8.8947e-04
10.500	18.750	1.3863e-03
10.500	19.000	1.8887e-03
10.500	19.250	2.3775e-03
10.500	19.500	2.7822e-03
10.500	19.750	3.0230e-03
10.500	20.000	3.0206e-03
10.500	20.250	2.7484e-03
10.500	20.500	2.4636e-03
10.500	20.750	2.6097e-03
10.500	21.000	2.7626e-03
10.500	21.250	6.5918e-04
10.500	21.500	1.0000e-07
10.500	21.750	1.0000e-07
10.500	22.000	1.0000e-07
10.500	22.250	1.0000e-07
10.500	22.500	1.0000e-07
10.500	22.750	1.0000e-07
10.500	23.000	1.0000e-07
10.500	23.250	1.0000e-07
10.500	23.500	1.0000e-07
10.500	23.750	1.0000e-07
10.500	24.000	1.0000e-07
10.750	17.000	1.0000e-07
10.750	17.250	1.0000e-07
10.750	17.500	1.0000e-07
10.750	17.750	3.8683e-06
10.750	18.000	3.0123e-05
10.750	18.250	1.2864e-04
10.750	18.500	3.4955e-04
10.750	18.750	6.7498e-04
10.750	19.000	1.0480e-03
10.750	19.250	1.4513e-03
10.750	19.500	1.8730e-03
10.750	19.750	2.2602e-03
10.750	20.000	2.5362e-03
10.750	20.250	2.6137e-03
10.750	20.500	2.4556e-03
10.750	20.750	2.2742e-03
10.750	21.000	2.4743e-03
10.750	21.250	2.6619e-03
10.750	21.500	4.7086e-04
10.750	21.750	1.0000e-07
10.750	22.000	1.0000e-07
10.750	22.250	1.0000e-07
10.750	22.500	1.0000e-07
10.750	22.750	1.0000e-07
10.750	23.000	1.0000e-07
10.750	23.250	1.0000e-07
10.750	23.500	1.0000e-07
10.750	23.750	1.0000e-07
10.750	24.000	1.0000e-07
11.000	17.000	1.0000e-07
11.000	17.250	1.0000e-07
11.000	17.500	1.0000e-07
11.000	17.750	1.0000e-07
11.000	18.000	3.2099e-06
11.000	18.250	2.3374e-05
11.000	18.500	9.6461e-05
11.000	18.750	2.5523e-04
11.000	19.000	4.8477e-04
11.000	19.250	7.6132e-04
11.000	19.500	1.0872e-03
11.000	19.750	1.4555e-03
11.000	20.000	1.8162e-03
11.000	20.250	2.0996e-03
11.000	20.500	2.2196e-03
11.000	20.750	2.1311e-03
11.000	21.000	2.0089e-03
11.000	21.250	2.2097e-03
11.000	21.500	2.3040e-03
11.000	21.750	2.3185e-04
11.000	22.000	1.0000e-07
11.000	22.250	1.0000e-07
11.000	22.500	1.0000e-07
11.000	22.750	1.0000e-07
11.000	23.000	1.0000e-07
11.000	23.250	1.0000e-07
11.000	23.500	1.0000e-07
11.000	23.750	1.0000e-07
11.000	24.000	1.0000e-07
11.250	17.000	1.0000e-07
11.250	17.250	1.0000e-07
11.250	17.500	1.0000e-07
11.250	17.750	1.0000e-07
11.250	18.000	1.0000e-07
11.250	18.250	2.5514e-06
11.250	18.500	1.7366e-05
11.250	18.750	6.9383e-05
11.250	19.000	1.7802e-04
11.250	19.250	3.3531e-04
11.250	19.500	5.4107e-04
11.250	19.750	8.0831e-04
11.250	20.000	1.1252e-03
11.250	20.250	1.4456e-03
11.250	20.500	1.7097e-03
11.250	20.750	1.8391e-03
11.250	21.000	1.7650e-03
11.250	21.250	1.6508e-03
11.250	21.500	1.7974e-03
11.250	21.750	1.7348e-03
11.250	22.000	4.5021e-05
11.250	22.250	1.0000e-07
11.250	22.500	1.0000e-07
11.250	22.750	1.0000e-07
11.250	23.000	1.0000e-07
11.250	23.250	1.0000e-07
11.250	23.500	1.0000e-07
11.250	23.750	1.0000e-07
11.250	24.000	1.0000e-07
11.500	17.000	1.0000e-07
11.500	17.250	1.0000e-07
11.500	17.500	1.0000e-07
11.500	17.750	1.0000e-07
11.500	18.000	1.0000e-07
11.500	18.250	1.0000e-07
11.500	18.500	1.8930e-06
11.500	18.750	1.2346e-05
11.500	19.000	4.7901e-05
11.500	19.250	1.1992e-04
11.500	19.500	2.2741e-04
11.500	19.750	3.8313e-04
11.500	20.000	6.0000e-04
11.500	20.250	8.6082e-04
11.500	20.500	1.1273e-03
11.500	20.750	1.3512e-03
11.500	21.000	1.4502e-03
11.500	21.250	1.3452e-03
11.500	21.500	1.2223e-03
11.500	21.750	1.3502e-03
11.500	22.000	1.1556e-03
11.500	22.250	1.0453e-05
11.500	22.500	1.0000e-07
11.500	22.750	1.0000e-07
11.500	23.000	1.0000e-07
11.500	23.250	1.0000e-07
11.500	23.500	1.0000e-07
11.500	23.750	1.0000e-07
11.500	24.000	1.0000e-07
11.750	17.000	1.0000e-07
11.750	17.250	1.0000e-07
11.750	17.500	1.0000e-07
11.750	17.750	1.0000e-07
11.750	18.000	1.0000e-07
11.750	18.250	1.0000e-07
11.750	18.500	1.0000e-07
11.750	18.750	1.3169e-06
11.750	19.000	8.3128e-06
11.750	19.250	3.2016e-05
11.750	19.500	7.9095e-05
11.750	19.750	1.5383e-04
11.750	20.000	2.7160e-04
11.750	20.250	4.4395e-04
11.750	20.500	6.4708e-04
11.750	20.750	8.5770e-04
11.750	21.000	1.0309e-03
11.750	21.250	1.0714e-03
11.750	21.500	9.2700e-04
11.750	21.750	8.6025e-04
11.750	22.000	9.5481e-04
11.750	22.250	6.6733e-04
11.750	22.500	2.9630e-06
11.750	22.750	1.0000e-07
11.750	23.000	1.0000e-07
11.750	23.250	1.0000e-07
11.750	23.500	1.0000e-07
11.750	23.750	1.0000e-07
11.750	24.000	1.0000e-07
12.000	17.000	1.0000e-07
12.000	17.250	1.0000e-07
12.000	17.500	1.0000e-07
12.000	17.750	1.0000e-07
12.000	18.000	1.0000e-07
12.000	18.250	1.0000e-07
12.000	18.500	1.0000e-07
12.000	18.750	1.0000e-07
12.000	19.000	8.2305e-07
12.000	19.250	5.5144e-06
12.000	19.500	2.0905e-05
12.000	19.750	5.1934e-05
12.000	20.000	1.0510e-04
12.000	20.250	1.9449e-04
12.000	20.500	3.2461e-04
12.000	20.750	4.7794e-04
12.000	21.000	6.4156e-04
12.000	21.250	7.6041e-04
12.000	21.500	7.3416e-04
12.000	21.750	6.1498e-04
12.000	22.000	5.9547e-04
12.000	22.250	6.5267e-04
12.000	22.500	3.8683e-04
12.000	22.750	9.8765e-07
12.000	23.000	1.0000e-07
12.000	23.250	1.0000e-07
12.000	23.500	1.0000e-07
12.000	23.750	1.0000e-07
12.000	24.000	1.0000e-07
12.250	17.000	1.0000e-07
12.250	17.250	1.0000e-07
12.250	17.500	1.0000e-07
12.250	17.750	1.0000e-07
12.250	18.000	1.0000e-07
12.250	18.250	1.0000e-07
12.250	18.500	1.0000e-07
12.250	18.750	1.0000e-07
12.250	19.000	1.0000e-07
12.250	19.250	3.6214e-06
12.250	19.500	3.6214e-06
12.250	19.750	1.3663e-05
12.250	20.000	3.4568e-05
12.250	20.250	7.3333e-05
12.250	20.500	1.4025e-04
12.250	20.750	2.3588e-04
12.250	21.000	3.5276e-04
12.250	21.250	4.7243e-04
12.250	21.500	5.3416e-04
12.250	21.750	4.9053e-04
12.250	22.000	4.1416e-04
12.250	22.250	4.0230e-04
12.250	22.500	4.5514e-04
12.250	22.750	2.2560e-04
12.250	23.000	1.0000e-07
12.250	23.250	1.0000e-07
12.250	23.500	1.0000e-07
12.250	23.750	1.0000e-07
12.250	24.000	1.0000e-07
12.500	17.000	1.0000e-07
12.500	17.250	1.0000e-07
12.500	17.500	1.0000e-07
12.500	17.750	1.0000e-07
12.500	18.000	1.0000e-07
12.500	18.250	1.0000e-07
12.500	18.500	1.0000e-07
12.500	18.750	1.0000e-07
12.500	19.000	1.0000e-07
12.500	19.250	1.0000e-07
12.500	19.500	2.7984e-06
12.500	19.750	2.3868e-06
12.500	20.000	9.0535e-06
12.500	20.250	2.3539e-05
12.500	20.500	5.2099e-05
12.500	20.750	1.0181e-04
12.500	21.000	1.7276e-04
12.500	21.250	2.6082e-04
12.500	21.500	3.4288e-04
12.500	21.750	3.7309e-04
12.500	22.000	3.3144e-04
12.500	22.250	2.8082e-04
12.500	22.500	2.8601e-04
12.500	22.750	3.3811e-04
12.500	23.000	1.2041e-04
12.500	23.250	1.0000e-07
12.500	23.500	1.0000e-07
12.500	23.750	1.0000e-07
12.500	24.000	1.0000e-07
12.750	17.000	1.0000e-07
12.750	17.250	1.0000e-07
12.750	17.500	1.0000e-07
12.750	17.750	1.0000e-07
12.750	18.000	1.0000e-07
12.750	18.250	1.0000e-07
12.750	18.500	1.0000e-07
12.750	18.750	1.0000e-07
12.750	19.000	1.0000e-07
12.750	19.250	1.0000e-07
12.750	19.500	1.0000e-07
12.750	19.750	1.9753e-06
12.750	20.000	1.5638e-06
12.750	20.250	6.0905e-06
12.750	20.500	1.6379e-05
12.750	20.750	3.7202e-05
12.750	21.000	7.3663e-05
12.750	21.250	1.2584e-04
12.750	21.500	1.8914e-04
12.750	21.750	2.4576e-04
12.750	22.000	2.5770e-04
12.750	22.250	2.2461e-04
12.750	22.500	1.9350e-04
12.750	22.750	2.0765e-04
12.750	23.000	2.5465e-04
12.750	23.250	4.8230e-05
12.750	23.500	1.0000e-07
12.750	23.750	1.0000e-07
12.750	24.000	1.0000e-07
13.000	17.000	1.0000e-07
13.000	17.250	1.0000e-07
13.000	17.500	1.0000e-07
13.000	17.750	1.0000e-07
13.000	18.000	1.0000e-07
13.000	18.250	1.0000e-07
13.000	18.500	1.0000e-07
13.000	18.750	1.0000e-07
13.000	19.000	1.0000e-07
13.000	19.250	1.0000e-07
13.000	19.500	1.0000e-07
13.000	19.750	1.0000e-07
13.000	20.000	1.3169e-06
13.000	20.250	1.0700e-06
13.000	20.500	4.1152e-06
13.000	20.750	1.1358e-05
13.000	21.000	2.6008e-05
13.000	21.250	5.1770e-05
13.000	21.500	8.8560e-05
13.000	21.750	1.3416e-04
13.000	22.000	1.7078e-04
13.000	22.250	1.7572e-04
13.000	22.500	1.5136e-04
13.000	22.750	1.3416e-04
13.000	23.000	1.5407e-04
13.000	23.250	1.9580e-04
13.000	23.500	1.5885e-05
13.000	23.750	1.0000e-07
13.000	24.000	1.0000e-07
13.250	17.000	1.0000e-07
13.250	17.250	1.0000e-07
13.250	17.500	1.0000e-07
13.250	17.750	1.0000e-07
13.250	18.000	1.0000e-07
13.250	18.250	1.0000e-07
13.250	18.500	1.0000e-07
13.250	18.750	1.0000e-07
13.250	19.000	1.0000e-07
13.250	19.250	1.0000e-07
13.250	19.500	1.0000e-07
13.250	19.750	1.0000e-07
13.250	20.000	1.0000e-07
13.250	20.250	1.0000e-07
13.250	20.500	4.9383e-06
13.250	20.750	2.4691e-06
13.250	21.000	7.1605e-06
13.250	21.250	1.6626e-05
13.250	21.500	3.3827e-05
13.250	21.750	5.9259e-05
13.250	22.000	9.0617e-05
13.250	22.250	1.1663e-04
13.250	22.500	1.1852e-04
13.250	22.750	1.0206e-04
13.250	23.000	9.3827e-05
13.250	23.250	1.1654e-04
13.250	23.500	1.5021e-04
13.250	23.750	7.2428e-06
13.250	24.000	1.0000e-07
13.500	17.000	1.0000e-07
13.500	17.250	1.0000e-07
13.500	17.500	1.0000e-07
13.500	17.750	1.0000e-07
13.500	18.000	1.0000e-07
13.500	18.250	1.0000e-07
13.500	18.500	1.0000e-07
13.500	18.750	1.0000e-07
13.500	19.000	1.0000e-07
13.500	19.250	1.0000e-07
13.500	19.500	1.0000e-07
13.500	19.750	1.0000e-07
13.500	20.000	1.0000e-07
13.500	20.250	1.0000e-07
13.500	20.500	1.0000e-07
13.500	20.750	2.7984e-06
13.500	21.000	1.3992e-06
13.500	21.250	4.1975e-06
13.500	21.500	1.0370e-05
13.500	21.750	2.1317e-05
13.500	22.000	3.8519e-05
13.500	22.250	6.0658e-05
13.500	22.500	7.9177e-05
13.500	22.750	8.0576e-05
13.500	23.000	6.9794e-05
13.500	23.250	6.7654e-05
13.500	23.500	8.7490e-05
13.500	23.750	1.1284e-04
13.500	24.000	3.7037e-06
13.750	17.000	1.0000e-07
13.750	17.250	1.0000e-07
13.750	17.500	1.0000e-07
13.750	17.750	1.0000e-07
13.750	18.000	1.0000e-07
13.750	18.250	1.0000e-07
13.750	18.500	1.0000e-07
13.750	18.750	1.0000e-07
13.750	19.000	1.0000e-07
13.750	19.250	1.0000e-07
13.750	19.500	1.0000e-07
13.750	19.750	1.0000e-07
13.750	20.000	1.0000e-07
13.750	20.250	1.0000e-07
13.750	20.500	1.0000e-07
13.750	20.750	1.0000e-07
13.750	21.000	1.6461e-06
13.750	21.250	8.2305e-07
13.750	21.500	2.6337e-06
13.750	21.750	6.5021e-06
13.750	22.000	1.3498e-05
13.750	22.250	2.4362e-05
13.750	22.500	4.0082e-05
13.750	22.750	5.3909e-05
13.750	23.000	5.5720e-05
13.750	23.250	4.9136e-05
13.750	23.500	4.9794e-05
13.750	23.750	6.4774e-05
13.750	24.000	8.1728e-05
14.000	17.000	1.0000e-07
14.000	17.250	1.0000e-07
14.000	17.500	1.0000e-07
14.000	17.750	1.0000e-07
14.000	18.000	1.0000e-07
14.000	18.250	1.0000e-07
14.000	18.500	1.0000e-07
14.000	18.750	1.0000e-07
14.000	19.000	1.0000e-07
14.000	19.250	1.0000e-07
14.000	19.500	1.0000e-07
14.000	19.750	1.0000e-07
14.000	20.000	1.0000e-07
14.000	20.250	1.0000e-07
14.000	20.500	1.0000e-07
14.000	20.750	1.0000e-07
14.000	21.000	1.0000e-07
14.000	21.250	1.1523e-06
14.000	21.500	4.6914e-06
14.000	21.750	1.7284e-06
14.000	22.000	4.1975e-06
14.000	22.250	8.4774e-06
14.000	22.500	1.5720e-05
14.000	22.750	2.6667e-05
14.000	23.000	3.6461e-05
14.000	23.250	3.8601e-05
14.000	23.500	3.5473e-05
14.000	23.750	3.7942e-05
14.000	24.000	5.1523e-05
