InwD 925.144A  relative to Inci 1215.00A scaled to 1215A.
Hden   Phi(H)  Eq_Width (A)
7.000  17.000  1.5664e-02
7.000  17.250  1.7660e-02
7.000  17.500  2.0060e-02
7.000  17.750  1.9410e-02
7.000  18.000  1.6900e-02
7.000  18.250  1.2610e-02
7.000  18.500  7.3100e-03
7.000  18.750  3.7300e-03
7.000  19.000  1.9100e-03
7.000  19.250  8.3000e-04
7.000  19.500  3.6000e-04
7.000  19.750  1.7000e-04
7.000  20.000  8.0000e-05
7.000  20.250  4.0000e-05
7.000  20.500  2.0000e-05
7.000  20.750  1.0000e-05
7.000  21.000  1.0000e-05
7.000  21.250  1.0000e-05
7.000  21.500  1.0000e-10
7.000  21.750  1.0000e-10
7.000  22.000  1.0000e-10
7.000  22.250  1.0000e-10
7.000  22.500  1.0000e-10
7.000  22.750  1.0000e-10
7.000  23.000  1.0000e-10
7.000  23.250  1.0000e-10
7.000  23.500  1.0000e-10
7.000  23.750  1.0000e-10
7.000  24.000  1.0000e-10
7.250  17.000  1.3197e-02
7.250  17.250  1.4092e-02
7.250  17.500  1.6210e-02
7.250  17.750  1.8780e-02
7.250  18.000  1.8920e-02
7.250  18.250  1.6670e-02
7.250  18.500  1.2510e-02
7.250  18.750  7.2700e-03
7.250  19.000  3.7200e-03
7.250  19.250  1.9100e-03
7.250  19.500  8.3000e-04
7.250  19.750  3.6000e-04
7.250  20.000  1.7000e-04
7.250  20.250  8.0000e-05
7.250  20.500  4.0000e-05
7.250  20.750  2.0000e-05
7.250  21.000  1.0000e-05
7.250  21.250  1.0000e-05
7.250  21.500  1.0000e-05
7.250  21.750  1.0000e-10
7.250  22.000  1.0000e-10
7.250  22.250  1.0000e-10
7.250  22.500  1.0000e-10
7.250  22.750  1.0000e-10
7.250  23.000  1.0000e-10
7.250  23.250  1.0000e-10
7.250  23.500  1.0000e-10
7.250  23.750  1.0000e-10
7.250  24.000  1.0000e-10
7.500  17.000  1.1244e-02
7.500  17.250  1.1249e-02
7.500  17.500  1.2393e-02
7.500  17.750  1.4929e-02
7.500  18.000  1.7820e-02
7.500  18.250  1.8620e-02
7.500  18.500  1.6560e-02
7.500  18.750  1.2450e-02
7.500  19.000  7.2400e-03
7.500  19.250  3.7100e-03
7.500  19.500  1.9000e-03
7.500  19.750  8.3000e-04
7.500  20.000  3.6000e-04
7.500  20.250  1.7000e-04
7.500  20.500  8.0000e-05
7.500  20.750  4.0000e-05
7.500  21.000  2.0000e-05
7.500  21.250  1.0000e-05
7.500  21.500  1.0000e-05
7.500  21.750  1.0000e-05
7.500  22.000  1.0000e-10
7.500  22.250  1.0000e-10
7.500  22.500  1.0000e-10
7.500  22.750  1.0000e-10
7.500  23.000  1.0000e-10
7.500  23.250  1.0000e-10
7.500  23.500  1.0000e-10
7.500  23.750  1.0000e-10
7.500  24.000  1.0000e-10
7.750  17.000  9.4500e-03
7.750  17.250  9.0910e-03
7.750  17.500  9.5510e-03
7.750  17.750  1.1079e-02
7.750  18.000  1.3829e-02
7.750  18.250  1.7070e-02
7.750  18.500  1.8470e-02
7.750  18.750  1.6510e-02
7.750  19.000  1.2430e-02
7.750  19.250  7.2300e-03
7.750  19.500  3.7000e-03
7.750  19.750  1.9000e-03
7.750  20.000  8.3000e-04
7.750  20.250  3.6000e-04
7.750  20.500  1.7000e-04
7.750  20.750  8.0000e-05
7.750  21.000  4.0000e-05
7.750  21.250  2.0000e-05
7.750  21.500  1.0000e-05
7.750  21.750  1.0000e-05
7.750  22.000  1.0000e-05
7.750  22.250  1.0000e-10
7.750  22.500  1.0000e-10
7.750  22.750  1.0000e-10
7.750  23.000  1.0000e-10
7.750  23.250  1.0000e-10
7.750  23.500  1.0000e-10
7.750  23.750  1.0000e-10
7.750  24.000  1.0000e-10
8.000  17.000  7.3690e-03
8.000  17.250  7.1670e-03
8.000  17.500  7.3200e-03
8.000  17.750  8.1820e-03
8.000  18.000  1.0042e-02
8.000  18.250  1.3085e-02
8.000  18.500  1.6570e-02
8.000  18.750  1.8410e-02
8.000  19.000  1.6510e-02
8.000  19.250  1.2440e-02
8.000  19.500  7.2200e-03
8.000  19.750  3.7000e-03
8.000  20.000  1.9000e-03
8.000  20.250  8.3000e-04
8.000  20.500  3.6000e-04
8.000  20.750  1.7000e-04
8.000  21.000  8.0000e-05
8.000  21.250  4.0000e-05
8.000  21.500  2.0000e-05
8.000  21.750  1.0000e-05
8.000  22.000  1.0000e-05
8.000  22.250  1.0000e-05
8.000  22.500  1.0000e-10
8.000  22.750  1.0000e-10
8.000  23.000  1.0000e-10
8.000  23.250  1.0000e-10
8.000  23.500  1.0000e-10
8.000  23.750  1.0000e-10
8.000  24.000  1.0000e-10
8.250  17.000  5.5588e-03
8.250  17.250  5.4578e-03
8.250  17.500  5.6180e-03
8.250  17.750  6.1400e-03
8.250  18.000  7.3240e-03
8.250  18.250  9.4230e-03
8.250  18.500  1.2620e-02
8.250  18.750  1.6300e-02
8.250  19.000  1.8420e-02
8.250  19.250  1.6550e-02
8.250  19.500  1.2450e-02
8.250  19.750  7.2100e-03
8.250  20.000  3.6900e-03
8.250  20.250  1.9000e-03
8.250  20.500  8.3000e-04
8.250  20.750  3.6000e-04
8.250  21.000  1.7000e-04
8.250  21.250  8.0000e-05
8.250  21.500  4.0000e-05
8.250  21.750  2.0000e-05
8.250  22.000  1.0000e-05
8.250  22.250  1.0000e-05
8.250  22.500  1.0000e-05
8.250  22.750  1.0000e-10
8.250  23.000  1.0000e-10
8.250  23.250  1.0000e-10
8.250  23.500  1.0000e-10
8.250  23.750  1.0000e-10
8.250  24.000  1.0000e-10
8.500  17.000  4.1065e-03
8.500  17.250  4.0553e-03
8.500  17.500  4.2107e-03
8.500  17.750  4.6140e-03
8.500  18.000  5.3960e-03
8.500  18.250  6.7390e-03
8.500  18.500  8.9940e-03
8.500  18.750  1.2370e-02
8.500  19.000  1.6180e-02
8.500  19.250  1.8470e-02
8.500  19.500  1.6610e-02
8.500  19.750  1.2480e-02
8.500  20.000  7.2100e-03
8.500  20.250  3.6900e-03
8.500  20.500  1.9000e-03
8.500  20.750  8.3000e-04
8.500  21.000  3.6000e-04
8.500  21.250  1.7000e-04
8.500  21.500  8.0000e-05
8.500  21.750  4.0000e-05
8.500  22.000  2.0000e-05
8.500  22.250  1.0000e-05
8.500  22.500  1.0000e-05
8.500  22.750  1.0000e-10
8.500  23.000  1.0000e-10
8.500  23.250  1.0000e-10
8.500  23.500  1.0000e-10
8.500  23.750  1.0000e-10
8.500  24.000  1.0000e-10
8.750  17.000  3.0499e-03
8.750  17.250  3.0083e-03
8.750  17.500  3.1348e-03
8.750  17.750  3.4545e-03
8.750  18.000  4.0260e-03
8.750  18.250  4.9460e-03
8.750  18.500  6.4140e-03
8.750  18.750  8.7710e-03
8.750  19.000  1.2260e-02
8.750  19.250  1.6130e-02
8.750  19.500  1.8550e-02
8.750  19.750  1.6690e-02
8.750  20.000  1.2510e-02
8.750  20.250  7.2200e-03
8.750  20.500  3.6900e-03
8.750  20.750  1.9000e-03
8.750  21.000  8.3000e-04
8.750  21.250  3.6000e-04
8.750  21.500  1.7000e-04
8.750  21.750  8.0000e-05
8.750  22.000  4.0000e-05
8.750  22.250  2.0000e-05
8.750  22.500  1.0000e-05
8.750  22.750  1.0000e-05
8.750  23.000  1.0000e-05
8.750  23.250  1.0000e-10
8.750  23.500  1.0000e-10
8.750  23.750  1.0000e-10
8.750  24.000  1.0000e-10
9.000  17.000  2.3127e-03
9.000  17.250  2.2755e-03
9.000  17.500  2.3676e-03
9.000  17.750  2.6052e-03
9.000  18.000  3.0281e-03
9.000  18.250  3.6930e-03
9.000  18.500  4.6960e-03
9.000  18.750  6.2300e-03
9.000  19.000  8.6810e-03
9.000  19.250  1.2270e-02
9.000  19.500  1.6120e-02
9.000  19.750  1.8640e-02
9.000  20.000  1.6770e-02
9.000  20.250  1.2550e-02
9.000  20.500  7.2100e-03
9.000  20.750  3.6900e-03
9.000  21.000  1.9000e-03
9.000  21.250  8.3000e-04
9.000  21.500  3.6000e-04
9.000  21.750  1.7000e-04
9.000  22.000  8.0000e-05
9.000  22.250  4.0000e-05
9.000  22.500  2.0000e-05
9.000  22.750  1.0000e-05
9.000  23.000  1.0000e-05
9.000  23.250  1.0000e-05
9.000  23.500  1.0000e-10
9.000  23.750  1.0000e-10
9.000  24.000  1.0000e-10
9.250  17.000  1.8018e-03
9.250  17.250  1.7659e-03
9.250  17.500  1.8441e-03
9.250  17.750  2.0212e-03
9.250  18.000  2.3270e-03
9.250  18.250  2.8082e-03
9.250  18.500  3.5290e-03
9.250  18.750  4.5860e-03
9.250  19.000  6.1870e-03
9.250  19.250  8.6880e-03
9.250  19.500  1.2320e-02
9.250  19.750  1.6140e-02
9.250  20.000  1.8720e-02
9.250  20.250  1.6850e-02
9.250  20.500  1.2590e-02
9.250  20.750  7.2100e-03
9.250  21.000  3.6900e-03
9.250  21.250  1.9000e-03
9.250  21.500  8.2000e-04
9.250  21.750  3.6000e-04
9.250  22.000  1.7000e-04
9.250  22.250  8.0000e-05
9.250  22.500  4.0000e-05
9.250  22.750  2.0000e-05
9.250  23.000  1.0000e-05
9.250  23.250  1.0000e-05
9.250  23.500  1.0000e-10
9.250  23.750  1.0000e-10
9.250  24.000  1.0000e-10
9.500  17.000  1.4338e-03
9.500  17.250  1.3986e-03
9.500  17.500  1.4754e-03
9.500  17.750  1.6299e-03
9.500  18.000  1.8614e-03
9.500  18.250  2.2055e-03
9.500  18.500  2.7200e-03
9.500  18.750  3.4720e-03
9.500  19.000  4.5640e-03
9.500  19.250  6.1990e-03
9.500  19.500  8.7280e-03
9.500  19.750  1.2400e-02
9.500  20.000  1.6150e-02
9.500  20.250  1.8780e-02
9.500  20.500  1.6930e-02
9.500  20.750  1.2620e-02
9.500  21.000  7.2000e-03
9.500  21.250  3.6900e-03
9.500  21.500  1.9000e-03
9.500  21.750  8.3000e-04
9.500  22.000  3.7000e-04
9.500  22.250  1.7000e-04
9.500  22.500  9.0000e-05
9.500  22.750  4.0000e-05
9.500  23.000  3.0000e-05
9.500  23.250  2.0000e-05
9.500  23.500  1.0000e-05
9.500  23.750  1.0000e-05
9.500  24.000  1.0000e-10
9.750  17.000  1.1812e-03
9.750  17.250  1.1250e-03
9.750  17.500  1.1939e-03
9.750  17.750  1.3469e-03
9.750  18.000  1.5547e-03
9.750  18.250  1.8190e-03
9.750  18.500  2.1803e-03
9.750  18.750  2.7040e-03
9.750  19.000  3.4750e-03
9.750  19.250  4.5910e-03
9.750  19.500  6.2510e-03
9.750  19.750  8.7700e-03
9.750  20.000  1.2380e-02
9.750  20.250  1.6130e-02
9.750  20.500  1.8810e-02
9.750  20.750  1.6980e-02
9.750  21.000  1.2650e-02
9.750  21.250  7.2000e-03
9.750  21.500  3.7000e-03
9.750  21.750  1.8900e-03
9.750  22.000  8.3000e-04
9.750  22.250  3.7000e-04
9.750  22.500  1.7000e-04
9.750  22.750  8.0000e-05
9.750  23.000  5.0000e-05
9.750  23.250  3.0000e-05
9.750  23.500  2.0000e-05
9.750  23.750  1.0000e-05
9.750  24.000  1.0000e-10
10.000  17.000  1.0210e-03
10.000  17.250  9.2640e-04
10.000  17.500  9.6590e-04
10.000  17.750  1.1134e-03
10.000  18.000  1.3250e-03
10.000  18.250  1.5622e-03
10.000  18.500  1.8279e-03
10.000  18.750  2.1867e-03
10.000  19.000  2.7200e-03
10.000  19.250  3.5100e-03
10.000  19.500  4.6510e-03
10.000  19.750  6.3010e-03
10.000  20.000  8.8600e-03
10.000  20.250  1.2260e-02
10.000  20.500  1.6190e-02
10.000  20.750  1.8850e-02
10.000  21.000  1.7040e-02
10.000  21.250  1.2680e-02
10.000  21.500  7.2000e-03
10.000  21.750  3.7000e-03
10.000  22.000  1.9000e-03
10.000  22.250  8.2000e-04
10.000  22.500  3.7000e-04
10.000  22.750  1.7000e-04
10.000  23.000  8.0000e-05
10.000  23.250  5.0000e-05
10.000  23.500  2.0000e-05
10.000  23.750  1.0000e-05
10.000  24.000  1.0000e-05
10.250  17.000  9.4530e-04
10.250  17.250  8.0480e-04
10.250  17.500  7.9980e-04
10.250  17.750  9.1690e-04
10.250  18.000  1.1204e-03
10.250  18.250  1.3504e-03
10.250  18.500  1.5829e-03
10.250  18.750  1.8462e-03
10.250  19.000  2.2150e-03
10.250  19.250  2.7710e-03
10.250  19.500  3.5820e-03
10.250  19.750  4.7310e-03
10.250  20.000  6.3900e-03
10.250  20.250  8.9500e-03
10.250  20.500  1.2410e-02
10.250  20.750  1.6220e-02
10.250  21.000  1.8940e-02
10.250  21.250  1.7090e-02
10.250  21.500  1.2700e-02
10.250  21.750  7.2000e-03
10.250  22.000  3.7000e-03
10.250  22.250  1.9000e-03
10.250  22.500  8.3000e-04
10.250  22.750  3.6000e-04
10.250  23.000  1.7000e-04
10.250  23.250  8.0000e-05
10.250  23.500  4.0000e-05
10.250  23.750  2.0000e-05
10.250  24.000  1.0000e-05
10.500  17.000  9.3490e-04
10.500  17.250  7.6760e-04
10.500  17.500  7.1000e-04
10.500  17.750  7.7900e-04
10.500  18.000  9.3840e-04
10.500  18.250  1.1471e-03
10.500  18.500  1.3713e-03
10.500  18.750  1.6030e-03
10.500  19.000  1.8762e-03
10.500  19.250  2.2710e-03
10.500  19.500  2.8580e-03
10.500  19.750  3.6960e-03
10.500  20.000  4.8580e-03
10.500  20.250  6.5300e-03
10.500  20.500  9.1500e-03
10.500  20.750  1.2540e-02
10.500  21.000  1.6470e-02
10.500  21.250  1.9180e-02
10.500  21.500  1.7130e-02
10.500  21.750  1.2710e-02
10.500  22.000  7.2000e-03
10.500  22.250  3.6900e-03
10.500  22.500  1.9000e-03
10.500  22.750  8.3000e-04
10.500  23.000  3.7000e-04
10.500  23.250  1.7000e-04
10.500  23.500  9.0000e-05
10.500  23.750  4.0000e-05
10.500  24.000  2.0000e-05
10.750  17.000  9.6910e-04
10.750  17.250  7.9440e-04
10.750  17.500  7.0940e-04
10.750  17.750  7.2250e-04
10.750  18.000  8.1510e-04
10.750  18.250  9.6870e-04
10.750  18.500  1.1703e-03
10.750  18.750  1.3914e-03
10.750  19.000  1.6297e-03
10.750  19.250  1.9310e-03
10.750  19.500  2.3690e-03
10.750  19.750  3.0040e-03
10.750  20.000  3.8750e-03
10.750  20.250  5.0530e-03
10.750  20.500  6.7500e-03
10.750  20.750  9.4500e-03
10.750  21.000  1.3080e-02
10.750  21.250  1.7030e-02
10.750  21.500  1.9580e-02
10.750  21.750  1.7200e-02
10.750  22.000  1.2720e-02
10.750  22.250  7.1900e-03
10.750  22.500  3.6900e-03
10.750  22.750  1.9000e-03
10.750  23.000  8.3000e-04
10.750  23.250  3.7000e-04
10.750  23.500  1.7000e-04
10.750  23.750  8.0000e-05
10.750  24.000  4.0000e-05
11.000  17.000  1.0378e-03
11.000  17.250  8.6480e-04
11.000  17.500  7.7380e-04
11.000  17.750  7.5450e-04
11.000  18.000  7.7870e-04
11.000  18.250  8.5090e-04
11.000  18.500  9.9480e-04
11.000  18.750  1.1909e-03
11.000  19.000  1.4121e-03
11.000  19.250  1.6715e-03
11.000  19.500  2.0210e-03
11.000  19.750  2.5230e-03
11.000  20.000  3.2250e-03
11.000  20.250  4.1480e-03
11.000  20.500  5.3760e-03
11.000  20.750  7.1700e-03
11.000  21.000  1.0120e-02
11.000  21.250  1.4070e-02
11.000  21.500  1.8050e-02
11.000  21.750  2.0270e-02
11.000  22.000  1.7310e-02
11.000  22.250  1.2720e-02
11.000  22.500  7.1900e-03
11.000  22.750  3.7000e-03
11.000  23.000  1.9000e-03
11.000  23.250  8.3000e-04
11.000  23.500  3.6000e-04
11.000  23.750  1.7000e-04
11.000  24.000  9.0000e-05
11.250  17.000  1.1326e-03
11.250  17.250  9.6540e-04
11.250  17.500  8.7600e-04
11.250  17.750  8.4710e-04
11.250  18.000  8.2780e-04
11.250  18.250  8.2240e-04
11.250  18.500  8.7720e-04
11.250  18.750  1.0146e-03
11.250  19.000  1.2086e-03
11.250  19.250  1.4408e-03
11.250  19.500  1.7408e-03
11.250  19.750  2.1650e-03
11.250  20.000  2.7590e-03
11.250  20.250  3.5520e-03
11.250  20.500  4.5610e-03
11.250  20.750  5.9040e-03
11.250  21.000  7.8800e-03
11.250  21.250  1.1480e-02
11.250  21.500  1.5610e-02
11.250  21.750  1.9620e-02
11.250  22.000  2.1390e-02
11.250  22.250  1.7490e-02
11.250  22.500  1.2730e-02
11.250  22.750  7.1900e-03
11.250  23.000  3.7000e-03
11.250  23.250  1.9000e-03
11.250  23.500  8.3000e-04
11.250  23.750  3.7000e-04
11.250  24.000  1.7000e-04
11.500  17.000  1.2434e-03
11.500  17.250  1.0863e-03
11.500  17.500  1.0016e-03
11.500  17.750  9.6930e-04
11.500  18.000  9.2950e-04
11.500  18.250  8.7670e-04
11.500  18.500  8.4940e-04
11.500  18.750  8.9480e-04
11.500  19.000  1.0316e-03
11.500  19.250  1.2308e-03
11.500  19.500  1.4903e-03
11.500  19.750  1.8583e-03
11.500  20.000  2.3810e-03
11.500  20.250  3.0880e-03
11.500  20.500  4.0000e-03
11.500  20.750  5.1590e-03
11.500  21.000  6.7460e-03
11.500  21.250  9.0600e-03
11.500  21.500  1.3190e-02
11.500  21.750  1.8050e-02
11.500  22.000  2.1810e-02
11.500  22.250  2.2370e-02
11.500  22.500  1.7710e-02
11.500  22.750  1.2720e-02
11.500  23.000  7.1900e-03
11.500  23.250  3.7000e-03
11.500  23.500  1.9000e-03
11.500  23.750  8.3000e-04
11.500  24.000  3.7000e-04
11.750  17.000  1.3477e-03
11.750  17.250  1.2128e-03
11.750  17.500  1.1367e-03
11.750  17.750  1.0996e-03
11.750  18.000  1.0493e-03
11.750  18.250  9.8170e-04
11.750  18.500  9.1100e-04
11.750  18.750  8.7050e-04
11.750  19.000  9.1140e-04
11.750  19.250  1.0532e-03
11.750  19.500  1.2680e-03
11.750  19.750  1.5754e-03
11.750  20.000  2.0339e-03
11.750  20.250  2.6810e-03
11.750  20.500  3.5270e-03
11.750  20.750  4.6130e-03
11.750  21.000  6.0570e-03
11.750  21.250  8.0950e-03
11.750  21.500  1.0980e-02
11.750  21.750  1.5960e-02
11.750  22.000  2.1250e-02
11.750  22.250  2.4380e-02
11.750  22.500  2.3490e-02
11.750  22.750  1.8050e-02
11.750  23.000  1.2720e-02
11.750  23.250  7.1800e-03
11.750  23.500  3.7000e-03
11.750  23.750  1.9000e-03
11.750  24.000  8.3000e-04
12.000  17.000  1.4128e-03
12.000  17.250  1.3163e-03
12.000  17.500  1.2554e-03
12.000  17.750  1.2144e-03
12.000  18.000  1.1648e-03
12.000  18.250  1.1058e-03
12.000  18.500  1.0289e-03
12.000  18.750  9.4370e-04
12.000  19.000  8.9190e-04
12.000  19.250  9.3260e-04
12.000  19.500  1.0851e-03
12.000  19.750  1.3302e-03
12.000  20.000  1.7103e-03
12.000  20.250  2.2904e-03
12.000  20.500  3.0900e-03
12.000  20.750  4.1190e-03
12.000  21.000  5.5090e-03
12.000  21.250  7.4500e-03
12.000  21.500  1.0080e-02
12.000  21.750  1.3740e-02
12.000  22.000  1.9450e-02
12.000  22.250  2.5250e-02
12.000  22.500  2.7300e-02
12.000  22.750  2.4700e-02
12.000  23.000  1.8450e-02
12.000  23.250  1.2710e-02
12.000  23.500  7.1800e-03
12.000  23.750  3.6900e-03
12.000  24.000  1.9000e-03
12.250  17.000  1.4020e-03
12.250  17.250  1.3543e-03
12.250  17.500  1.3160e-03
12.250  17.750  1.2884e-03
12.250  18.000  1.2665e-03
12.250  18.250  1.2347e-03
12.250  18.500  1.1710e-03
12.250  18.750  1.0762e-03
12.250  19.000  9.7450e-04
12.250  19.250  9.1520e-04
12.250  19.500  9.6300e-04
12.250  19.750  1.1363e-03
12.250  20.000  1.4293e-03
12.250  20.250  1.9126e-03
12.250  20.500  2.6448e-03
12.250  20.750  3.6520e-03
12.250  21.000  5.0440e-03
12.250  21.250  6.9170e-03
12.250  21.500  9.4010e-03
12.250  21.750  1.2740e-02
12.250  22.000  1.7210e-02
12.250  22.250  2.3740e-02
12.250  22.500  2.9430e-02
12.250  22.750  3.0510e-02
12.250  23.000  2.6110e-02
12.250  23.250  1.8910e-02
12.250  23.500  1.2710e-02
12.250  23.750  7.1800e-03
12.250  24.000  3.6900e-03
12.500  17.000  1.3120e-03
12.500  17.250  1.3057e-03
12.500  17.500  1.3035e-03
12.500  17.750  1.3220e-03
12.500  18.000  1.3495e-03
12.500  18.250  1.3536e-03
12.500  18.500  1.3140e-03
12.500  18.750  1.2309e-03
12.500  19.000  1.1181e-03
12.500  19.250  1.0040e-03
12.500  19.500  9.4310e-04
12.500  19.750  1.0047e-03
12.500  20.000  1.2129e-03
12.500  20.250  1.5798e-03
12.500  20.500  2.2004e-03
12.500  20.750  3.1640e-03
12.500  21.000  4.5470e-03
12.500  21.250  6.4390e-03
12.500  21.500  8.8580e-03
12.500  21.750  1.2018e-02
12.500  22.000  1.6110e-02
12.500  22.250  2.1440e-02
12.500  22.500  2.9940e-02
12.500  22.750  3.4020e-02
12.500  23.000  3.3810e-02
12.500  23.250  2.7340e-02
12.500  23.500  1.9360e-02
12.500  23.750  1.2740e-02
12.500  24.000  7.1700e-03
12.750  17.000  1.1859e-03
12.750  17.250  1.2233e-03
12.750  17.500  1.2732e-03
12.750  17.750  1.3374e-03
12.750  18.000  1.4035e-03
12.750  18.250  1.4440e-03
12.750  18.500  1.4377e-03
12.750  18.750  1.3799e-03
12.750  19.000  1.2789e-03
12.750  19.250  1.1542e-03
12.750  19.500  1.0338e-03
12.750  19.750  9.7630e-04
12.750  20.000  1.0570e-03
12.750  20.250  1.3194e-03
12.750  20.500  1.7934e-03
12.750  20.750  2.6006e-03
12.750  21.000  3.9239e-03
12.750  21.250  5.8540e-03
12.750  21.500  8.2300e-03
12.750  21.750  1.1309e-02
12.750  22.000  1.5253e-02
12.750  22.250  2.0040e-02
12.750  22.500  2.6420e-02
12.750  22.750  3.5240e-02
12.750  23.000  3.8860e-02
12.750  23.250  3.7150e-02
12.750  23.500  2.8780e-02
12.750  23.750  1.9790e-02
12.750  24.000  1.2780e-02
13.000  17.000  1.1031e-03
13.000  17.250  1.1768e-03
13.000  17.500  1.2479e-03
13.000  17.750  1.3303e-03
13.000  18.000  1.4203e-03
13.000  18.250  1.4950e-03
13.000  18.500  1.5275e-03
13.000  18.750  1.5037e-03
13.000  19.000  1.4297e-03
13.000  19.250  1.3186e-03
13.000  19.500  1.1854e-03
13.000  19.750  1.0659e-03
13.000  20.000  1.0156e-03
13.000  20.250  1.1239e-03
13.000  20.500  1.4739e-03
13.000  20.750  2.1223e-03
13.000  21.000  3.2297e-03
13.000  21.250  5.0324e-03
13.000  21.500  7.3520e-03
13.000  21.750  1.0505e-02
13.000  22.000  1.4293e-02
13.000  22.250  1.8811e-02
13.000  22.500  2.4170e-02
13.000  22.750  3.2460e-02
13.000  23.000  4.1590e-02
13.000  23.250  4.4210e-02
13.000  23.500  4.0480e-02
13.000  23.750  3.0200e-02
13.000  24.000  2.0250e-02
13.250  17.000  1.0586e-03
13.250  17.250  1.1283e-03
13.250  17.500  1.2103e-03
13.250  17.750  1.3017e-03
13.250  18.000  1.4070e-03
13.250  18.250  1.5086e-03
13.250  18.500  1.5752e-03
13.250  18.750  1.5897e-03
13.250  19.000  1.5504e-03
13.250  19.250  1.4663e-03
13.250  19.500  1.3512e-03
13.250  19.750  1.2250e-03
13.250  20.000  1.1089e-03
13.250  20.250  1.0674e-03
13.250  20.500  1.1963e-03
13.250  20.750  1.6038e-03
13.250  21.000  2.4574e-03
13.250  21.250  3.8828e-03
13.250  21.500  5.9935e-03
13.250  21.750  8.6420e-03
13.250  22.000  1.3037e-02
13.250  22.250  1.7140e-02
13.250  22.500  2.2391e-02
13.250  22.750  2.8830e-02
13.250  23.000  3.8450e-02
13.250  23.250  4.8060e-02
13.250  23.500  5.0330e-02
13.250  23.750  4.3780e-02
13.250  24.000  3.1600e-02
13.500  17.000  1.0173e-03
13.500  17.250  1.0894e-03
13.500  17.500  1.1716e-03
13.500  17.750  1.2640e-03
13.500  18.000  1.3744e-03
13.500  18.250  1.4907e-03
13.500  18.500  1.5833e-03
13.500  18.750  1.6308e-03
13.500  19.000  1.6292e-03
13.500  19.250  1.5817e-03
13.500  19.500  1.4976e-03
13.500  19.750  1.3881e-03
13.500  20.000  1.2717e-03
13.500  20.250  1.1720e-03
13.500  20.500  1.1421e-03
13.500  20.750  1.2804e-03
13.500  21.000  1.7090e-03
13.500  21.250  2.5927e-03
13.500  21.500  4.0064e-03
13.500  21.750  6.3469e-03
13.500  22.000  9.5980e-03
13.500  22.250  1.4382e-02
13.500  22.500  2.0267e-02
13.500  22.750  2.7098e-02
13.500  23.000  3.5690e-02
13.500  23.250  4.6770e-02
13.500  23.500  5.6990e-02
13.500  23.750  5.7370e-02
13.500  24.000  4.7270e-02
13.750  17.000  9.7853e-04
13.750  17.250  1.0520e-03
13.750  17.500  1.1340e-03
13.750  17.750  1.2231e-03
13.750  18.000  1.3324e-03
13.750  18.250  1.4531e-03
13.750  18.500  1.5613e-03
13.750  18.750  1.6341e-03
13.750  19.000  1.6659e-03
13.750  19.250  1.6570e-03
13.750  19.500  1.6111e-03
13.750  19.750  1.5355e-03
13.750  20.000  1.4432e-03
13.750  20.250  1.3504e-03
13.750  20.500  1.2789e-03
13.750  20.750  1.2760e-03
13.750  21.000  1.4302e-03
13.750  21.250  1.8698e-03
13.750  21.500  2.7790e-03
13.750  21.750  4.4005e-03
13.750  22.000  6.9807e-03
13.750  22.250  1.0878e-02
13.750  22.500  1.6740e-02
13.750  22.750  2.4553e-02
13.750  23.000  3.3993e-02
13.750  23.250  4.6150e-02
13.750  23.500  5.8400e-02
13.750  23.750  6.8740e-02
13.750  24.000  6.5300e-02
14.000  17.000  9.4383e-04
14.000  17.250  1.0192e-03
14.000  17.500  1.1009e-03
14.000  17.750  1.1851e-03
14.000  18.000  1.2888e-03
14.000  18.250  1.4076e-03
14.000  18.500  1.5213e-03
14.000  18.750  1.6101e-03
14.000  19.000  1.6666e-03
14.000  19.250  1.6912e-03
14.000  19.500  1.6850e-03
14.000  19.750  1.6504e-03
14.000  20.000  1.5928e-03
14.000  20.250  1.5266e-03
14.000  20.500  1.4712e-03
14.000  20.750  1.4476e-03
14.000  21.000  1.5048e-03
14.000  21.250  1.7342e-03
14.000  21.500  2.2338e-03
14.000  21.750  3.2877e-03
14.000  22.000  5.1103e-03
14.000  22.250  8.1323e-03
14.000  22.500  1.3214e-02
14.000  22.750  2.1270e-02
14.000  23.000  3.2099e-02
14.000  23.250  4.6135e-02
14.000  23.500  6.2600e-02
14.000  23.750  7.7300e-02
14.000  24.000  8.3590e-02
