H  1 1.87511m  relative to Inci 1215.00A scaled to 1215A.
Hden   Phi(H)  Eq_Width (A)
 7.000	17.000	1.2995e-02
 7.000	17.250	9.5472e-03
 7.000	17.500	4.9625e-03
 7.000	17.750	1.5317e-03
 7.000	18.000	4.0362e-04
 7.000	18.250	1.1737e-04
 7.000	18.500	1.9342e-05
 7.000	18.750	4.6914e-06
 7.000	19.000	1.3992e-06
 7.000	19.250	1.0000e-07
 7.000	19.500	1.0000e-07
 7.000	19.750	1.0000e-07
 7.000	20.000	1.0000e-07
 7.000	20.250	1.0000e-07
 7.000	20.500	1.0000e-07
 7.000	20.750	1.0000e-07
 7.000	21.000	1.0000e-07
 7.000	21.250	1.0000e-07
 7.000	21.500	1.0000e-07
 7.000	21.750	1.0000e-07
 7.000	22.000	1.0000e-07
 7.000	22.250	1.0000e-07
 7.000	22.500	1.0000e-07
 7.000	22.750	1.0000e-07
 7.000	23.000	1.0000e-07
 7.000	23.250	1.0000e-07
 7.000	23.500	1.0000e-07
 7.000	23.750	1.0000e-07
 7.000	24.000	1.0000e-07
 7.250	17.000	1.6159e-02
 7.250	17.250	1.4445e-02
 7.250	17.500	1.0477e-02
 7.250	17.750	5.3201e-03
 7.250	18.000	1.5343e-03
 7.250	18.250	4.0502e-04
 7.250	18.500	1.1811e-04
 7.250	18.750	1.9835e-05
 7.250	19.000	4.8560e-06
 7.250	19.250	1.4815e-06
 7.250	19.500	1.0000e-07
 7.250	19.750	1.0000e-07
 7.250	20.000	1.0000e-07
 7.250	20.250	1.0000e-07
 7.250	20.500	1.0000e-07
 7.250	20.750	1.0000e-07
 7.250	21.000	1.0000e-07
 7.250	21.250	1.0000e-07
 7.250	21.500	1.0000e-07
 7.250	21.750	1.0000e-07
 7.250	22.000	1.0000e-07
 7.250	22.250	1.0000e-07
 7.250	22.500	1.0000e-07
 7.250	22.750	1.0000e-07
 7.250	23.000	1.0000e-07
 7.250	23.250	1.0000e-07
 7.250	23.500	1.0000e-07
 7.250	23.750	1.0000e-07
 7.250	24.000	1.0000e-07
 7.500	17.000	1.7056e-02
 7.500	17.250	1.8181e-02
 7.500	17.500	1.6583e-02
 7.500	17.750	1.1446e-02
 7.500	18.000	5.6043e-03
 7.500	18.250	1.5549e-03
 7.500	18.500	4.0494e-04
 7.500	18.750	1.1860e-04
 7.500	19.000	2.0412e-05
 7.500	19.250	4.9383e-06
 7.500	19.500	1.4815e-06
 7.500	19.750	1.0000e-07
 7.500	20.000	1.0000e-07
 7.500	20.250	1.0000e-07
 7.500	20.500	1.0000e-07
 7.500	20.750	1.0000e-07
 7.500	21.000	1.0000e-07
 7.500	21.250	1.0000e-07
 7.500	21.500	1.0000e-07
 7.500	21.750	1.0000e-07
 7.500	22.000	1.0000e-07
 7.500	22.250	1.0000e-07
 7.500	22.500	1.0000e-07
 7.500	22.750	1.0000e-07
 7.500	23.000	1.0000e-07
 7.500	23.250	1.0000e-07
 7.500	23.500	1.0000e-07
 7.500	23.750	1.0000e-07
 7.500	24.000	1.0000e-07
 7.750	17.000	1.7130e-02
 7.750	17.250	1.9103e-02
 7.750	17.500	2.0407e-02
 7.750	17.750	1.8236e-02
 7.750	18.000	1.2219e-02
 7.750	18.250	5.9860e-03
 7.750	18.500	1.5942e-03
 7.750	18.750	4.0519e-04
 7.750	19.000	1.1877e-04
 7.750	19.250	2.0905e-05
 7.750	19.500	5.1029e-06
 7.750	19.750	1.5638e-06
 7.750	20.000	1.0000e-07
 7.750	20.250	1.0000e-07
 7.750	20.500	1.0000e-07
 7.750	20.750	1.0000e-07
 7.750	21.000	1.0000e-07
 7.750	21.250	1.0000e-07
 7.750	21.500	1.0000e-07
 7.750	21.750	1.0000e-07
 7.750	22.000	1.0000e-07
 7.750	22.250	1.0000e-07
 7.750	22.500	1.0000e-07
 7.750	22.750	1.0000e-07
 7.750	23.000	1.0000e-07
 7.750	23.250	1.0000e-07
 7.750	23.500	1.0000e-07
 7.750	23.750	1.0000e-07
 7.750	24.000	1.0000e-07
 8.000	17.000	1.7784e-02
 8.000	17.250	1.8891e-02
 8.000	17.500	2.1156e-02
 8.000	17.750	2.1909e-02
 8.000	18.000	1.9018e-02
 8.000	18.250	1.2373e-02
 8.000	18.500	6.4617e-03
 8.000	18.750	1.6655e-03
 8.000	19.000	4.0790e-04
 8.000	19.250	1.1844e-04
 8.000	19.500	2.1399e-05
 8.000	19.750	5.2675e-06
 8.000	20.000	1.5638e-06
 8.000	20.250	1.0000e-07
 8.000	20.500	1.0000e-07
 8.000	20.750	1.0000e-07
 8.000	21.000	1.0000e-07
 8.000	21.250	1.0000e-07
 8.000	21.500	1.0000e-07
 8.000	21.750	1.0000e-07
 8.000	22.000	1.0000e-07
 8.000	22.250	1.0000e-07
 8.000	22.500	1.0000e-07
 8.000	22.750	1.0000e-07
 8.000	23.000	1.0000e-07
 8.000	23.250	1.0000e-07
 8.000	23.500	1.0000e-07
 8.000	23.750	1.0000e-07
 8.000	24.000	1.0000e-07
 8.250	17.000	1.8992e-02
 8.250	17.250	1.9684e-02
 8.250	17.500	2.0452e-02
 8.250	17.750	2.2526e-02
 8.250	18.000	2.3045e-02
 8.250	18.250	1.8995e-02
 8.250	18.500	1.1646e-02
 8.250	18.750	6.3974e-03
 8.250	19.000	1.7184e-03
 8.250	19.250	4.1045e-04
 8.250	19.500	1.1811e-04
 8.250	19.750	2.1975e-05
 8.250	20.000	5.4321e-06
 8.250	20.250	1.6461e-06
 8.250	20.500	1.0000e-07
 8.250	20.750	1.0000e-07
 8.250	21.000	1.0000e-07
 8.250	21.250	1.0000e-07
 8.250	21.500	1.0000e-07
 8.250	21.750	1.0000e-07
 8.250	22.000	1.0000e-07
 8.250	22.250	1.0000e-07
 8.250	22.500	1.0000e-07
 8.250	22.750	1.0000e-07
 8.250	23.000	1.0000e-07
 8.250	23.250	1.0000e-07
 8.250	23.500	1.0000e-07
 8.250	23.750	1.0000e-07
 8.250	24.000	1.0000e-07
 8.500	17.000	2.0418e-02
 8.500	17.250	2.0928e-02
 8.500	17.500	2.1182e-02
 8.500	17.750	2.2902e-02
 8.500	18.000	2.3784e-02
 8.500	18.250	2.3171e-02
 8.500	18.500	1.6436e-02
 8.500	18.750	9.6606e-03
 8.500	19.000	5.6226e-03
 8.500	19.250	1.7231e-03
 8.500	19.500	4.1547e-04
 8.500	19.750	1.1728e-04
 8.500	20.000	2.2634e-05
 8.500	20.250	5.5967e-06
 8.500	20.500	1.7284e-06
 8.500	20.750	1.0000e-07
 8.500	21.000	1.0000e-07
 8.500	21.250	1.0000e-07
 8.500	21.500	1.0000e-07
 8.500	21.750	1.0000e-07
 8.500	22.000	1.0000e-07
 8.500	22.250	1.0000e-07
 8.500	22.500	1.0000e-07
 8.500	22.750	1.0000e-07
 8.500	23.000	1.0000e-07
 8.500	23.250	1.0000e-07
 8.500	23.500	1.0000e-07
 8.500	23.750	1.0000e-07
 8.500	24.000	1.0000e-07
 8.750	17.000	2.1866e-02
 8.750	17.250	2.2396e-02
 8.750	17.500	2.2399e-02
 8.750	17.750	2.3674e-02
 8.750	18.000	2.3919e-02
 8.750	18.250	2.2909e-02
 8.750	18.500	1.7775e-02
 8.750	18.750	1.2515e-02
 8.750	19.000	7.2776e-03
 8.750	19.250	4.7086e-03
 8.750	19.500	1.8542e-03
 8.750	19.750	4.2074e-04
 8.750	20.000	1.1646e-04
 8.750	20.250	2.3374e-05
 8.750	20.500	5.8436e-06
 8.750	20.750	1.7284e-06
 8.750	21.000	1.0000e-07
 8.750	21.250	1.0000e-07
 8.750	21.500	1.0000e-07
 8.750	21.750	1.0000e-07
 8.750	22.000	1.0000e-07
 8.750	22.250	1.0000e-07
 8.750	22.500	1.0000e-07
 8.750	22.750	1.0000e-07
 8.750	23.000	1.0000e-07
 8.750	23.250	1.0000e-07
 8.750	23.500	1.0000e-07
 8.750	23.750	1.0000e-07
 8.750	24.000	1.0000e-07
 9.000	17.000	2.3253e-02
 9.000	17.250	2.3910e-02
 9.000	17.500	2.3895e-02
 9.000	17.750	2.3534e-02
 9.000	18.000	2.3965e-02
 9.000	18.250	2.2457e-02
 9.000	18.500	1.9813e-02
 9.000	18.750	1.3920e-02
 9.000	19.000	9.5013e-03
 9.000	19.250	5.0565e-03
 9.000	19.500	3.4468e-03
 9.000	19.750	1.6803e-03
 9.000	20.000	4.2420e-04
 9.000	20.250	1.1523e-04
 9.000	20.500	2.4033e-05
 9.000	20.750	6.0905e-06
 9.000	21.000	1.8107e-06
 9.000	21.250	1.0000e-07
 9.000	21.500	1.0000e-07
 9.000	21.750	1.0000e-07
 9.000	22.000	1.0000e-07
 9.000	22.250	1.0000e-07
 9.000	22.500	1.0000e-07
 9.000	22.750	1.0000e-07
 9.000	23.000	1.0000e-07
 9.000	23.250	1.0000e-07
 9.000	23.500	1.0000e-07
 9.000	23.750	1.0000e-07
 9.000	24.000	1.0000e-07
 9.250	17.000	2.4575e-02
 9.250	17.250	2.5450e-02
 9.250	17.500	2.5477e-02
 9.250	17.750	2.4982e-02
 9.250	18.000	2.5271e-02
 9.250	18.250	2.1935e-02
 9.250	18.500	1.8182e-02
 9.250	18.750	1.5027e-02
 9.250	19.000	9.5386e-03
 9.250	19.250	6.0970e-03
 9.250	19.500	4.8287e-03
 9.250	19.750	2.8308e-03
 9.250	20.000	1.4511e-03
 9.250	20.250	4.1523e-04
 9.250	20.500	1.1498e-04
 9.250	20.750	2.4609e-05
 9.250	21.000	6.4198e-06
 9.250	21.250	1.9753e-06
 9.250	21.500	1.0000e-07
 9.250	21.750	1.0000e-07
 9.250	22.000	1.0000e-07
 9.250	22.250	1.0000e-07
 9.250	22.500	1.0000e-07
 9.250	22.750	1.0000e-07
 9.250	23.000	1.0000e-07
 9.250	23.250	1.0000e-07
 9.250	23.500	1.0000e-07
 9.250	23.750	1.0000e-07
 9.250	24.000	1.0000e-07
 9.500	17.000	2.5989e-02
 9.500	17.250	2.7090e-02
 9.500	17.500	2.7173e-02
 9.500	17.750	2.6531e-02
 9.500	18.000	2.5145e-02
 9.500	18.250	2.1248e-02
 9.500	18.500	1.8139e-02
 9.500	18.750	1.2707e-02
 9.500	19.000	9.9515e-03
 9.500	19.250	5.8394e-03
 9.500	19.500	6.1255e-03
 9.500	19.750	5.2948e-03
 9.500	20.000	2.3027e-03
 9.500	20.250	1.2032e-03
 9.500	20.500	3.7942e-04
 9.500	20.750	1.1358e-04
 9.500	21.000	2.4938e-05
 9.500	21.250	6.6667e-06
 9.500	21.500	2.0576e-06
 9.500	21.750	1.0000e-07
 9.500	22.000	1.0000e-07
 9.500	22.250	1.0000e-07
 9.500	22.500	1.0000e-07
 9.500	22.750	1.0000e-07
 9.500	23.000	1.0000e-07
 9.500	23.250	1.0000e-07
 9.500	23.500	1.0000e-07
 9.500	23.750	1.0000e-07
 9.500	24.000	1.0000e-07
 9.750	17.000	2.7452e-02
 9.750	17.250	2.8890e-02
 9.750	17.500	2.9127e-02
 9.750	17.750	2.8137e-02
 9.750	18.000	2.4591e-02
 9.750	18.250	2.0748e-02
 9.750	18.500	1.6124e-02
 9.750	18.750	1.2570e-02
 9.750	19.000	9.3369e-03
 9.750	19.250	5.8588e-03
 9.750	19.500	3.6985e-03
 9.750	19.750	2.3735e-03
 9.750	20.000	4.8720e-03
 9.750	20.250	9.2362e-04
 9.750	20.500	1.1975e-03
 9.750	20.750	3.1572e-04
 9.750	21.000	1.1160e-04
 9.750	21.250	2.5021e-05
 9.750	21.500	6.8313e-06
 9.750	21.750	2.1399e-06
 9.750	22.000	1.0000e-07
 9.750	22.250	1.0000e-07
 9.750	22.500	1.0000e-07
 9.750	22.750	1.0000e-07
 9.750	23.000	1.0000e-07
 9.750	23.250	1.0000e-07
 9.750	23.500	1.0000e-07
 9.750	23.750	1.0000e-07
 9.750	24.000	1.0000e-07
10.000	17.000	2.9125e-02
10.000	17.250	3.1064e-02
10.000	17.500	3.1445e-02
10.000	17.750	2.9689e-02
10.000	18.000	2.5325e-02
10.000	18.250	1.9786e-02
10.000	18.500	1.3162e-02
10.000	18.750	1.0925e-02
10.000	19.000	7.7713e-03
10.000	19.250	6.2835e-03
10.000	19.500	3.9530e-03
10.000	19.750	2.0613e-03
10.000	20.000	9.1428e-03
10.000	20.250	8.8807e-04
10.000	20.500	5.1885e-04
10.000	20.750	8.6206e-04
10.000	21.000	3.2280e-04
10.000	21.250	1.0683e-04
10.000	21.500	2.4938e-05
10.000	21.750	6.9959e-06
10.000	22.000	2.1399e-06
10.000	22.250	1.0000e-07
10.000	22.500	1.0000e-07
10.000	22.750	1.0000e-07
10.000	23.000	1.0000e-07
10.000	23.250	1.0000e-07
10.000	23.500	1.0000e-07
10.000	23.750	1.0000e-07
10.000	24.000	1.0000e-07
10.250	17.000	3.1063e-02
10.250	17.250	3.3815e-02
10.250	17.500	3.4343e-02
10.250	17.750	3.1782e-02
10.250	18.000	2.6910e-02
10.250	18.250	1.9287e-02
10.250	18.500	1.4627e-02
10.250	18.750	1.0369e-02
10.250	19.000	8.4032e-03
10.250	19.250	5.4471e-03
10.250	19.500	3.0408e-03
10.250	19.750	1.9188e-03
10.250	20.000	1.2049e-03
10.250	20.250	7.7284e-04
10.250	20.500	5.4798e-04
10.250	20.750	4.4354e-04
10.250	21.000	6.4971e-04
10.250	21.250	2.4938e-04
10.250	21.500	9.7119e-05
10.250	21.750	2.4609e-05
10.250	22.000	6.9959e-06
10.250	22.250	2.2222e-06
10.250	22.500	1.0000e-07
10.250	22.750	1.0000e-07
10.250	23.000	1.0000e-07
10.250	23.250	1.0000e-07
10.250	23.500	1.0000e-07
10.250	23.750	1.0000e-07
10.250	24.000	1.0000e-07
10.500	17.000	3.3432e-02
10.500	17.250	3.7547e-02
10.500	17.500	3.8261e-02
10.500	17.750	3.4522e-02
10.500	18.000	2.7205e-02
10.500	18.250	1.8283e-02
10.500	18.500	1.4778e-02
10.500	18.750	1.0002e-02
10.500	19.000	7.2719e-03
10.500	19.250	4.6519e-03
10.500	19.500	2.9242e-03
10.500	19.750	1.8947e-03
10.500	20.000	2.9219e-03
10.500	20.250	7.8222e-04
10.500	20.500	5.9407e-04
10.500	20.750	1.5045e-03
10.500	21.000	5.4379e-04
10.500	21.250	4.0025e-04
10.500	21.500	1.5868e-04
10.500	21.750	8.8560e-05
10.500	22.000	2.3868e-05
10.500	22.250	6.9136e-06
10.500	22.500	2.2222e-06
10.500	22.750	1.0000e-07
10.500	23.000	1.0000e-07
10.500	23.250	1.0000e-07
10.500	23.500	1.0000e-07
10.500	23.750	1.0000e-07
10.500	24.000	1.0000e-07
10.750	17.000	3.5829e-02
10.750	17.250	4.1442e-02
10.750	17.500	4.1515e-02
10.750	17.750	3.6298e-02
10.750	18.000	2.7166e-02
10.750	18.250	1.8052e-02
10.750	18.500	1.1953e-02
10.750	18.750	1.0086e-02
10.750	19.000	6.2184e-03
10.750	19.250	4.0872e-03
10.750	19.500	2.6760e-03
10.750	19.750	2.6085e-03
10.750	20.000	1.4849e-03
10.750	20.250	7.9070e-04
10.750	20.500	4.8905e-04
10.750	20.750	3.8107e-04
10.750	21.000	2.6420e-04
10.750	21.250	1.5753e-04
10.750	21.500	3.8774e-04
10.750	21.750	1.2724e-04
10.750	22.000	7.2922e-05
10.750	22.250	2.2716e-05
10.750	22.500	6.7490e-06
10.750	22.750	2.1399e-06
10.750	23.000	1.0000e-07
10.750	23.250	1.0000e-07
10.750	23.500	1.0000e-07
10.750	23.750	1.0000e-07
10.750	24.000	1.0000e-07
11.000	17.000	3.7892e-02
11.000	17.250	4.4698e-02
11.000	17.500	4.4467e-02
11.000	17.750	3.7189e-02
11.000	18.000	2.7643e-02
11.000	18.250	1.8213e-02
11.000	18.500	1.1947e-02
11.000	18.750	8.0449e-03
11.000	19.000	5.0859e-03
11.000	19.250	4.0273e-03
11.000	19.500	2.5226e-03
11.000	19.750	1.6691e-03
11.000	20.000	1.2289e-03
11.000	20.250	7.5251e-04
11.000	20.500	5.0313e-04
11.000	20.750	3.1901e-04
11.000	21.000	2.5342e-04
11.000	21.250	1.4848e-04
11.000	21.500	9.9424e-05
11.000	21.750	1.3391e-04
11.000	22.000	5.3580e-05
11.000	22.250	5.4568e-05
11.000	22.500	2.0576e-05
11.000	22.750	6.4198e-06
11.000	23.000	2.0576e-06
11.000	23.250	1.0000e-07
11.000	23.500	1.0000e-07
11.000	23.750	1.0000e-07
11.000	24.000	1.0000e-07
11.250	17.000	3.9473e-02
11.250	17.250	4.7098e-02
11.250	17.500	4.6389e-02
11.250	17.750	3.8204e-02
11.250	18.000	2.7793e-02
11.250	18.250	1.8734e-02
11.250	18.500	1.2840e-02
11.250	18.750	7.9626e-03
11.250	19.000	5.3387e-03
11.250	19.250	3.4203e-03
11.250	19.500	2.6649e-03
11.250	19.750	1.6538e-03
11.250	20.000	1.1676e-03
11.250	20.250	7.5498e-04
11.250	20.500	5.1638e-04
11.250	20.750	3.4848e-04
11.250	21.000	7.3111e-04
11.250	21.250	1.4436e-04
11.250	21.500	9.7037e-05
11.250	21.750	6.6584e-05
11.250	22.000	7.2428e-05
11.250	22.250	5.9012e-05
11.250	22.500	3.7695e-05
11.250	22.750	1.7613e-05
11.250	23.000	6.0082e-06
11.250	23.250	1.9753e-06
11.250	23.500	1.0000e-07
11.250	23.750	1.0000e-07
11.250	24.000	1.0000e-07
11.500	17.000	4.0678e-02
11.500	17.250	4.8770e-02
11.500	17.500	4.8267e-02
11.500	17.750	3.9283e-02
11.500	18.000	2.8855e-02
11.500	18.250	1.9553e-02
11.500	18.500	1.3877e-02
11.500	18.750	9.8053e-03
11.500	19.000	5.6479e-03
11.500	19.250	3.6100e-03
11.500	19.500	2.3865e-03
11.500	19.750	1.7361e-03
11.500	20.000	1.0770e-03
11.500	20.250	8.1728e-04
11.500	20.500	5.4469e-04
11.500	20.750	3.7045e-04
11.500	21.000	2.4387e-04
11.500	21.250	1.4798e-04
11.500	21.500	1.2733e-04
11.500	21.750	6.4280e-05
11.500	22.000	4.0576e-05
11.500	22.250	3.3663e-05
11.500	22.500	3.1687e-05
11.500	22.750	2.6420e-05
11.500	23.000	1.3992e-05
11.500	23.250	5.2675e-06
11.500	23.500	1.7284e-06
11.500	23.750	1.0000e-07
11.500	24.000	1.0000e-07
11.750	17.000	4.1437e-02
11.750	17.250	4.9597e-02
11.750	17.500	4.9396e-02
11.750	17.750	4.1242e-02
11.750	18.000	3.0239e-02
11.750	18.250	2.1036e-02
11.750	18.500	1.5232e-02
11.750	18.750	1.0031e-02
11.750	19.000	6.2659e-03
11.750	19.250	4.0626e-03
11.750	19.500	2.6653e-03
11.750	19.750	2.0412e-03
11.750	20.000	1.1881e-03
11.750	20.250	1.2123e-03
11.750	20.500	5.5432e-04
11.750	20.750	4.0025e-04
11.750	21.000	2.7531e-04
11.750	21.250	1.7877e-04
11.750	21.500	1.0823e-04
11.750	21.750	7.3416e-05
11.750	22.000	3.9671e-05
11.750	22.250	2.7819e-05
11.750	22.500	2.8313e-05
11.750	22.750	2.5021e-05
11.750	23.000	1.9342e-05
11.750	23.250	1.0288e-05
11.750	23.500	4.2798e-06
11.750	23.750	1.4815e-06
11.750	24.000	1.0000e-07
12.000	17.000	4.1626e-02
12.000	17.250	4.9775e-02
12.000	17.500	5.0032e-02
12.000	17.750	4.2793e-02
12.000	18.000	3.2579e-02
12.000	18.250	2.3004e-02
12.000	18.500	1.6403e-02
12.000	18.750	1.2252e-02
12.000	19.000	7.5829e-03
12.000	19.250	4.7361e-03
12.000	19.500	3.1441e-03
12.000	19.750	2.0961e-03
12.000	20.000	1.4002e-03
12.000	20.250	9.4329e-04
12.000	20.500	6.8938e-04
12.000	20.750	4.4255e-04
12.000	21.000	3.1333e-04
12.000	21.250	2.1407e-04
12.000	21.500	1.4132e-04
12.000	21.750	1.0115e-04
12.000	22.000	4.9465e-05
12.000	22.250	2.7243e-05
12.000	22.500	1.9177e-05
12.000	22.750	1.6214e-05
12.000	23.000	1.3580e-05
12.000	23.250	1.0206e-05
12.000	23.500	6.9136e-06
12.000	23.750	3.2922e-06
12.000	24.000	1.1523e-06
12.250	17.000	4.0165e-02
12.250	17.250	4.9035e-02
12.250	17.500	4.9806e-02
12.250	17.750	4.4014e-02
12.250	18.000	3.4848e-02
12.250	18.250	2.5504e-02
12.250	18.500	1.8917e-02
12.250	18.750	1.3249e-02
12.250	19.000	9.0848e-03
12.250	19.250	5.7764e-03
12.250	19.500	3.8470e-03
12.250	19.750	2.5782e-03
12.250	20.000	1.7326e-03
12.250	20.250	1.1670e-03
12.250	20.500	7.8996e-04
12.250	20.750	5.3753e-04
12.250	21.000	3.8543e-04
12.250	21.250	2.5679e-04
12.250	21.500	1.7728e-04
12.250	21.750	1.0930e-04
12.250	22.000	1.2872e-04
12.250	22.250	5.2181e-05
12.250	22.500	2.2058e-05
12.250	22.750	1.3827e-05
12.250	23.000	9.0535e-06
12.250	23.250	8.6420e-06
12.250	23.500	6.5021e-06
12.250	23.750	4.4444e-06
12.250	24.000	2.3045e-06
12.500	17.000	3.8136e-02
12.500	17.250	4.6705e-02
12.500	17.500	4.9036e-02
12.500	17.750	4.4735e-02
12.500	18.000	3.6822e-02
12.500	18.250	2.8041e-02
12.500	18.500	2.0461e-02
12.500	18.750	1.4713e-02
12.500	19.000	1.1341e-02
12.500	19.250	7.0628e-03
12.500	19.500	4.9236e-03
12.500	19.750	3.2516e-03
12.500	20.000	2.1991e-03
12.500	20.250	1.4899e-03
12.500	20.500	1.0104e-03
12.500	20.750	6.8428e-04
12.500	21.000	4.6305e-04
12.500	21.250	3.1901e-04
12.500	21.500	2.2008e-04
12.500	21.750	1.4140e-04
12.500	22.000	8.4609e-05
12.500	22.250	6.7901e-05
12.500	22.500	5.5885e-05
12.500	22.750	1.5885e-05
12.500	23.000	2.1646e-05
12.500	23.250	1.3086e-05
12.500	23.500	7.4897e-06
12.500	23.750	5.0206e-06
12.500	24.000	2.8807e-06
12.750	17.000	3.5489e-02
12.750	17.250	4.3478e-02
12.750	17.500	4.7047e-02
12.750	17.750	4.5313e-02
12.750	18.000	3.9007e-02
12.750	18.250	3.1330e-02
12.750	18.500	2.2682e-02
12.750	18.750	1.7103e-02
12.750	19.000	1.2008e-02
12.750	19.250	8.3037e-03
12.750	19.500	5.9240e-03
12.750	19.750	4.0739e-03
12.750	20.000	2.7742e-03
12.750	20.250	1.9039e-03
12.750	20.500	1.3009e-03
12.750	20.750	8.8477e-04
12.750	21.000	6.1276e-04
12.750	21.250	4.0988e-04
12.750	21.500	2.7852e-04
12.750	21.750	1.8115e-04
12.750	22.000	1.1284e-04
12.750	22.250	6.7984e-05
12.750	22.500	3.8272e-05
12.750	22.750	2.2798e-05
12.750	23.000	1.7119e-05
12.750	23.250	9.3827e-06
12.750	23.500	5.3498e-06
12.750	23.750	3.6214e-06
12.750	24.000	2.8807e-06
13.000	17.000	3.2158e-02
13.000	17.250	3.9467e-02
13.000	17.500	4.4206e-02
13.000	17.750	4.3802e-02
13.000	18.000	3.9577e-02
13.000	18.250	3.2316e-02
13.000	18.500	2.5758e-02
13.000	18.750	1.9017e-02
13.000	19.000	1.3414e-02
13.000	19.250	9.2426e-03
13.000	19.500	6.6423e-03
13.000	19.750	5.0431e-03
13.000	20.000	3.3541e-03
13.000	20.250	2.3684e-03
13.000	20.500	1.6444e-03
13.000	20.750	1.1305e-03
13.000	21.000	7.7037e-04
13.000	21.250	7.0091e-04
13.000	21.500	3.5984e-04
13.000	21.750	2.3391e-04
13.000	22.000	1.4831e-04
13.000	22.250	8.9547e-05
13.000	22.500	5.2593e-05
13.000	22.750	3.5885e-05
13.000	23.000	2.0247e-05
13.000	23.250	1.3416e-05
13.000	23.500	9.7119e-06
13.000	23.750	4.6914e-06
13.000	24.000	2.8807e-06
13.250	17.000	3.0861e-02
13.250	17.250	3.6799e-02
13.250	17.500	4.1707e-02
13.250	17.750	4.1953e-02
13.250	18.000	3.8336e-02
13.250	18.250	3.2945e-02
13.250	18.500	2.5637e-02
13.250	18.750	2.0121e-02
13.250	19.000	1.5001e-02
13.250	19.250	1.0440e-02
13.250	19.500	7.1492e-03
13.250	19.750	5.2918e-03
13.250	20.000	3.8458e-03
13.250	20.250	2.7883e-03
13.250	20.500	1.9859e-03
13.250	20.750	1.3937e-03
13.250	21.000	9.6329e-04
13.250	21.250	6.6486e-04
13.250	21.500	4.6329e-04
13.250	21.750	2.9984e-04
13.250	22.000	1.9556e-04
13.250	22.250	1.1753e-04
13.250	22.500	7.0041e-05
13.250	22.750	4.2058e-05
13.250	23.000	2.6173e-05
13.250	23.250	1.5473e-05
13.250	23.500	9.7942e-06
13.250	23.750	5.8436e-06
13.250	24.000	5.3498e-06
13.500	17.000	2.9809e-02
13.500	17.250	3.4872e-02
13.500	17.500	3.9669e-02
13.500	17.750	4.0947e-02
13.500	18.000	3.8296e-02
13.500	18.250	3.3082e-02
13.500	18.500	2.6675e-02
13.500	18.750	2.0303e-02
13.500	19.000	1.5569e-02
13.500	19.250	1.0930e-02
13.500	19.500	7.9441e-03
13.500	19.750	5.8196e-03
13.500	20.000	4.1539e-03
13.500	20.250	3.0826e-03
13.500	20.500	2.2540e-03
13.500	20.750	1.6305e-03
13.500	21.000	1.1713e-03
13.500	21.250	7.9564e-04
13.500	21.500	6.2329e-04
13.500	21.750	3.7506e-04
13.500	22.000	2.4156e-04
13.500	22.250	1.4996e-04
13.500	22.500	9.1358e-05
13.500	22.750	5.5473e-05
13.500	23.000	3.2428e-05
13.500	23.250	2.0741e-05
13.500	23.500	1.8189e-05
13.500	23.750	8.3128e-06
13.500	24.000	4.6914e-06
13.750	17.000	2.8842e-02
13.750	17.250	3.3341e-02
13.750	17.500	3.7662e-02
13.750	17.750	3.9523e-02
13.750	18.000	3.7957e-02
13.750	18.250	3.3158e-02
13.750	18.500	2.7138e-02
13.750	18.750	2.0682e-02
13.750	19.000	1.5750e-02
13.750	19.250	1.1829e-02
13.750	19.500	7.9695e-03
13.750	19.750	5.8052e-03
13.750	20.000	4.2830e-03
13.750	20.250	3.2639e-03
13.750	20.500	2.4368e-03
13.750	20.750	1.8086e-03
13.750	21.000	1.3100e-03
13.750	21.250	9.5638e-04
13.750	21.500	6.6757e-04
13.750	21.750	4.6099e-04
13.750	22.000	2.9613e-04
13.750	22.250	1.8642e-04
13.750	22.500	1.1514e-04
13.750	22.750	7.0288e-05
13.750	23.000	4.2058e-05
13.750	23.250	2.4362e-05
13.750	23.500	1.8519e-05
13.750	23.750	1.5226e-05
13.750	24.000	6.0905e-06
14.000	17.000	2.7738e-02
14.000	17.250	3.2269e-02
14.000	17.500	3.5868e-02
14.000	17.750	3.8074e-02
14.000	18.000	3.7122e-02
14.000	18.250	3.2971e-02
14.000	18.500	2.7069e-02
14.000	18.750	2.1059e-02
14.000	19.000	1.5602e-02
14.000	19.250	1.1587e-02
14.000	19.500	8.5578e-03
14.000	19.750	6.2352e-03
14.000	20.000	4.5408e-03
14.000	20.250	3.3919e-03
14.000	20.500	2.5714e-03
14.000	20.750	1.9298e-03
14.000	21.000	1.4306e-03
14.000	21.250	1.0328e-03
14.000	21.500	7.6140e-04
14.000	21.750	5.2626e-04
14.000	22.000	3.5078e-04
14.000	22.250	2.2502e-04
14.000	22.500	1.4041e-04
14.000	22.750	8.6173e-05
14.000	23.000	5.1852e-05
14.000	23.250	3.1029e-05
14.000	23.500	1.8272e-05
14.000	23.750	1.0864e-05
14.000	24.000	9.3004e-06
