nInu 2052.68A  relative to Inci 1215.00A scaled to 1215A.
Hden   Phi(H)  Eq_Width (A)
 7.000	17.000	9.2326e-01
 7.000	17.250	9.2132e-01
 7.000	17.500	9.2023e-01
 7.000	17.750	9.3149e-01
 7.000	18.000	9.3510e-01
 7.000	18.250	9.3510e-01
 7.000	18.500	9.3511e-01
 7.000	18.750	9.3511e-01
 7.000	19.000	9.3511e-01
 7.000	19.250	9.3511e-01
 7.000	19.500	9.3511e-01
 7.000	19.750	9.3511e-01
 7.000	20.000	9.3511e-01
 7.000	20.250	9.3511e-01
 7.000	20.500	9.3511e-01
 7.000	20.750	9.3511e-01
 7.000	21.000	9.3511e-01
 7.000	21.250	9.3511e-01
 7.000	21.500	9.3511e-01
 7.000	21.750	9.3511e-01
 7.000	22.000	9.3511e-01
 7.000	22.250	9.3511e-01
 7.000	22.500	9.3511e-01
 7.000	22.750	9.3511e-01
 7.000	23.000	9.3511e-01
 7.000	23.250	9.3511e-01
 7.000	23.500	9.3511e-01
 7.000	23.750	9.3511e-01
 7.000	24.000	9.3511e-01
 7.250	17.000	9.2541e-01
 7.250	17.250	9.2278e-01
 7.250	17.500	9.2103e-01
 7.250	17.750	9.2045e-01
 7.250	18.000	9.3147e-01
 7.250	18.250	9.3510e-01
 7.250	18.500	9.3510e-01
 7.250	18.750	9.3511e-01
 7.250	19.000	9.3511e-01
 7.250	19.250	9.3511e-01
 7.250	19.500	9.3511e-01
 7.250	19.750	9.3511e-01
 7.250	20.000	9.3511e-01
 7.250	20.250	9.3511e-01
 7.250	20.500	9.3511e-01
 7.250	20.750	9.3511e-01
 7.250	21.000	9.3511e-01
 7.250	21.250	9.3511e-01
 7.250	21.500	9.3511e-01
 7.250	21.750	9.3511e-01
 7.250	22.000	9.3511e-01
 7.250	22.250	9.3511e-01
 7.250	22.500	9.3511e-01
 7.250	22.750	9.3511e-01
 7.250	23.000	9.3511e-01
 7.250	23.250	9.3511e-01
 7.250	23.500	9.3511e-01
 7.250	23.750	9.3511e-01
 7.250	24.000	9.3511e-01
 7.500	17.000	9.2754e-01
 7.500	17.250	9.2485e-01
 7.500	17.500	9.2217e-01
 7.500	17.750	9.2044e-01
 7.500	18.000	9.2063e-01
 7.500	18.250	9.3158e-01
 7.500	18.500	9.3510e-01
 7.500	18.750	9.3510e-01
 7.500	19.000	9.3511e-01
 7.500	19.250	9.3511e-01
 7.500	19.500	9.3511e-01
 7.500	19.750	9.3511e-01
 7.500	20.000	9.3511e-01
 7.500	20.250	9.3511e-01
 7.500	20.500	9.3511e-01
 7.500	20.750	9.3511e-01
 7.500	21.000	9.3511e-01
 7.500	21.250	9.3511e-01
 7.500	21.500	9.3511e-01
 7.500	21.750	9.3511e-01
 7.500	22.000	9.3511e-01
 7.500	22.250	9.3511e-01
 7.500	22.500	9.3511e-01
 7.500	22.750	9.3511e-01
 7.500	23.000	9.3511e-01
 7.500	23.250	9.3511e-01
 7.500	23.500	9.3511e-01
 7.500	23.750	9.3511e-01
 7.500	24.000	9.3511e-01
 7.750	17.000	9.2928e-01
 7.750	17.250	9.2689e-01
 7.750	17.500	9.2380e-01
 7.750	17.750	9.2077e-01
 7.750	18.000	9.1929e-01
 7.750	18.250	9.2072e-01
 7.750	18.500	9.3173e-01
 7.750	18.750	9.3510e-01
 7.750	19.000	9.3510e-01
 7.750	19.250	9.3511e-01
 7.750	19.500	9.3511e-01
 7.750	19.750	9.3511e-01
 7.750	20.000	9.3511e-01
 7.750	20.250	9.3511e-01
 7.750	20.500	9.3511e-01
 7.750	20.750	9.3511e-01
 7.750	21.000	9.3511e-01
 7.750	21.250	9.3511e-01
 7.750	21.500	9.3511e-01
 7.750	21.750	9.3511e-01
 7.750	22.000	9.3511e-01
 7.750	22.250	9.3511e-01
 7.750	22.500	9.3511e-01
 7.750	22.750	9.3511e-01
 7.750	23.000	9.3511e-01
 7.750	23.250	9.3511e-01
 7.750	23.500	9.3511e-01
 7.750	23.750	9.3511e-01
 7.750	24.000	9.3511e-01
 8.000	17.000	9.3071e-01
 8.000	17.250	9.2860e-01
 8.000	17.500	9.2573e-01
 8.000	17.750	9.2188e-01
 8.000	18.000	9.1829e-01
 8.000	18.250	9.1722e-01
 8.000	18.500	9.2065e-01
 8.000	18.750	9.3170e-01
 8.000	19.000	9.3510e-01
 8.000	19.250	9.3510e-01
 8.000	19.500	9.3511e-01
 8.000	19.750	9.3511e-01
 8.000	20.000	9.3511e-01
 8.000	20.250	9.3511e-01
 8.000	20.500	9.3511e-01
 8.000	20.750	9.3511e-01
 8.000	21.000	9.3511e-01
 8.000	21.250	9.3511e-01
 8.000	21.500	9.3511e-01
 8.000	21.750	9.3511e-01
 8.000	22.000	9.3511e-01
 8.000	22.250	9.3511e-01
 8.000	22.500	9.3511e-01
 8.000	22.750	9.3511e-01
 8.000	23.000	9.3511e-01
 8.000	23.250	9.3511e-01
 8.000	23.500	9.3511e-01
 8.000	23.750	9.3511e-01
 8.000	24.000	9.3511e-01
 8.250	17.000	9.3167e-01
 8.250	17.250	9.2987e-01
 8.250	17.500	9.2719e-01
 8.250	17.750	9.2323e-01
 8.250	18.000	9.1783e-01
 8.250	18.250	9.1364e-01
 8.250	18.500	9.1362e-01
 8.250	18.750	9.2032e-01
 8.250	19.000	9.3176e-01
 8.250	19.250	9.3509e-01
 8.250	19.500	9.3510e-01
 8.250	19.750	9.3511e-01
 8.250	20.000	9.3511e-01
 8.250	20.250	9.3511e-01
 8.250	20.500	9.3511e-01
 8.250	20.750	9.3511e-01
 8.250	21.000	9.3511e-01
 8.250	21.250	9.3511e-01
 8.250	21.500	9.3511e-01
 8.250	21.750	9.3511e-01
 8.250	22.000	9.3511e-01
 8.250	22.250	9.3511e-01
 8.250	22.500	9.3511e-01
 8.250	22.750	9.3511e-01
 8.250	23.000	9.3511e-01
 8.250	23.250	9.3511e-01
 8.250	23.500	9.3511e-01
 8.250	23.750	9.3511e-01
 8.250	24.000	9.3511e-01
 8.500	17.000	9.3226e-01
 8.500	17.250	9.3071e-01
 8.500	17.500	9.2827e-01
 8.500	17.750	9.2434e-01
 8.500	18.000	9.1822e-01
 8.500	18.250	9.1081e-01
 8.500	18.500	9.0633e-01
 8.500	18.750	9.0818e-01
 8.500	19.000	9.1959e-01
 8.500	19.250	9.3190e-01
 8.500	19.500	9.3508e-01
 8.500	19.750	9.3510e-01
 8.500	20.000	9.3511e-01
 8.500	20.250	9.3511e-01
 8.500	20.500	9.3511e-01
 8.500	20.750	9.3511e-01
 8.500	21.000	9.3511e-01
 8.500	21.250	9.3511e-01
 8.500	21.500	9.3511e-01
 8.500	21.750	9.3511e-01
 8.500	22.000	9.3511e-01
 8.500	22.250	9.3511e-01
 8.500	22.500	9.3511e-01
 8.500	22.750	9.3511e-01
 8.500	23.000	9.3511e-01
 8.500	23.250	9.3511e-01
 8.500	23.500	9.3511e-01
 8.500	23.750	9.3511e-01
 8.500	24.000	9.3511e-01
 8.750	17.000	9.3254e-01
 8.750	17.250	9.3114e-01
 8.750	17.500	9.2886e-01
 8.750	17.750	9.2503e-01
 8.750	18.000	9.1857e-01
 8.750	18.250	9.0949e-01
 8.750	18.500	9.0032e-01
 8.750	18.750	8.9895e-01
 8.750	19.000	9.0245e-01
 8.750	19.250	9.1884e-01
 8.750	19.500	9.3182e-01
 8.750	19.750	9.3507e-01
 8.750	20.000	9.3510e-01
 8.750	20.250	9.3511e-01
 8.750	20.500	9.3511e-01
 8.750	20.750	9.3511e-01
 8.750	21.000	9.3511e-01
 8.750	21.250	9.3511e-01
 8.750	21.500	9.3511e-01
 8.750	21.750	9.3511e-01
 8.750	22.000	9.3511e-01
 8.750	22.250	9.3511e-01
 8.750	22.500	9.3511e-01
 8.750	22.750	9.3511e-01
 8.750	23.000	9.3511e-01
 8.750	23.250	9.3511e-01
 8.750	23.500	9.3511e-01
 8.750	23.750	9.3511e-01
 8.750	24.000	9.3511e-01
 9.000	17.000	9.3260e-01
 9.000	17.250	9.3125e-01
 9.000	17.500	9.2902e-01
 9.000	17.750	9.2519e-01
 9.000	18.000	9.1858e-01
 9.000	18.250	9.0869e-01
 9.000	18.500	8.9743e-01
 9.000	18.750	8.8773e-01
 9.000	19.000	8.8835e-01
 9.000	19.250	8.9544e-01
 9.000	19.500	9.1810e-01
 9.000	19.750	9.3180e-01
 9.000	20.000	9.3504e-01
 9.000	20.250	9.3510e-01
 9.000	20.500	9.3511e-01
 9.000	20.750	9.3511e-01
 9.000	21.000	9.3511e-01
 9.000	21.250	9.3511e-01
 9.000	21.500	9.3511e-01
 9.000	21.750	9.3511e-01
 9.000	22.000	9.3511e-01
 9.000	22.250	9.3511e-01
 9.000	22.500	9.3511e-01
 9.000	22.750	9.3511e-01
 9.000	23.000	9.3511e-01
 9.000	23.250	9.3511e-01
 9.000	23.500	9.3511e-01
 9.000	23.750	9.3511e-01
 9.000	24.000	9.3511e-01
 9.250	17.000	9.3252e-01
 9.250	17.250	9.3114e-01
 9.250	17.500	9.2886e-01
 9.250	17.750	9.2492e-01
 9.250	18.000	9.1812e-01
 9.250	18.250	9.0777e-01
 9.250	18.500	8.9416e-01
 9.250	18.750	8.7910e-01
 9.250	19.000	8.7151e-01
 9.250	19.250	8.7392e-01
 9.250	19.500	8.8480e-01
 9.250	19.750	9.1736e-01
 9.250	20.000	9.3162e-01
 9.250	20.250	9.3500e-01
 9.250	20.500	9.3509e-01
 9.250	20.750	9.3511e-01
 9.250	21.000	9.3511e-01
 9.250	21.250	9.3511e-01
 9.250	21.500	9.3511e-01
 9.250	21.750	9.3511e-01
 9.250	22.000	9.3511e-01
 9.250	22.250	9.3511e-01
 9.250	22.500	9.3511e-01
 9.250	22.750	9.3511e-01
 9.250	23.000	9.3511e-01
 9.250	23.250	9.3511e-01
 9.250	23.500	9.3511e-01
 9.250	23.750	9.3511e-01
 9.250	24.000	9.3511e-01
 9.500	17.000	9.3234e-01
 9.500	17.250	9.3089e-01
 9.500	17.500	9.2849e-01
 9.500	17.750	9.2434e-01
 9.500	18.000	9.1730e-01
 9.500	18.250	9.0637e-01
 9.500	18.500	8.9060e-01
 9.500	18.750	8.6992e-01
 9.500	19.000	8.5048e-01
 9.500	19.250	8.4542e-01
 9.500	19.500	8.6262e-01
 9.500	19.750	8.8684e-01
 9.500	20.000	9.1717e-01
 9.500	20.250	9.3130e-01
 9.500	20.500	9.3493e-01
 9.500	20.750	9.3508e-01
 9.500	21.000	9.3510e-01
 9.500	21.250	9.3511e-01
 9.500	21.500	9.3511e-01
 9.500	21.750	9.3511e-01
 9.500	22.000	9.3511e-01
 9.500	22.250	9.3511e-01
 9.500	22.500	9.3511e-01
 9.500	22.750	9.3511e-01
 9.500	23.000	9.3511e-01
 9.500	23.250	9.3511e-01
 9.500	23.500	9.3511e-01
 9.500	23.750	9.3511e-01
 9.500	24.000	9.3511e-01
 9.750	17.000	9.3208e-01
 9.750	17.250	9.3056e-01
 9.750	17.500	9.2802e-01
 9.750	17.750	9.2362e-01
 9.750	18.000	9.1616e-01
 9.750	18.250	9.0399e-01
 9.750	18.500	8.8576e-01
 9.750	18.750	8.6194e-01
 9.750	19.000	8.3304e-01
 9.750	19.250	8.0861e-01
 9.750	19.500	8.1608e-01
 9.750	19.750	8.5322e-01
 9.750	20.000	8.9287e-01
 9.750	20.250	9.1809e-01
 9.750	20.500	9.3101e-01
 9.750	20.750	9.3481e-01
 9.750	21.000	9.3506e-01
 9.750	21.250	9.3510e-01
 9.750	21.500	9.3511e-01
 9.750	21.750	9.3511e-01
 9.750	22.000	9.3511e-01
 9.750	22.250	9.3511e-01
 9.750	22.500	9.3511e-01
 9.750	22.750	9.3511e-01
 9.750	23.000	9.3511e-01
 9.750	23.250	9.3511e-01
 9.750	23.500	9.3511e-01
 9.750	23.750	9.3511e-01
 9.750	24.000	9.3511e-01
10.000	17.000	9.3170e-01
10.000	17.250	9.3018e-01
10.000	17.500	9.2755e-01
10.000	17.750	9.2286e-01
10.000	18.000	9.1463e-01
10.000	18.250	9.0072e-01
10.000	18.500	8.7963e-01
10.000	18.750	8.5163e-01
10.000	19.000	8.1745e-01
10.000	19.250	7.7791e-01
10.000	19.500	7.3132e-01
10.000	19.750	7.6267e-01
10.000	20.000	8.2495e-01
10.000	20.250	8.9624e-01
10.000	20.500	9.1718e-01
10.000	20.750	9.3057e-01
10.000	21.000	9.3464e-01
10.000	21.250	9.3502e-01
10.000	21.500	9.3510e-01
10.000	21.750	9.3511e-01
10.000	22.000	9.3511e-01
10.000	22.250	9.3511e-01
10.000	22.500	9.3511e-01
10.000	22.750	9.3511e-01
10.000	23.000	9.3511e-01
10.000	23.250	9.3511e-01
10.000	23.500	9.3511e-01
10.000	23.750	9.3511e-01
10.000	24.000	9.3511e-01
10.250	17.000	9.3110e-01
10.250	17.250	9.2971e-01
10.250	17.500	9.2699e-01
10.250	17.750	9.2198e-01
10.250	18.000	9.1268e-01
10.250	18.250	8.9701e-01
10.250	18.500	8.7328e-01
10.250	18.750	8.4157e-01
10.250	19.000	8.0202e-01
10.250	19.250	7.5789e-01
10.250	19.500	7.1178e-01
10.250	19.750	7.0968e-01
10.250	20.000	7.6969e-01
10.250	20.250	8.5342e-01
10.250	20.500	8.9620e-01
10.250	20.750	9.1751e-01
10.250	21.000	9.3013e-01
10.250	21.250	9.3441e-01
10.250	21.500	9.3497e-01
10.250	21.750	9.3510e-01
10.250	22.000	9.3511e-01
10.250	22.250	9.3511e-01
10.250	22.500	9.3511e-01
10.250	22.750	9.3511e-01
10.250	23.000	9.3511e-01
10.250	23.250	9.3511e-01
10.250	23.500	9.3511e-01
10.250	23.750	9.3511e-01
10.250	24.000	9.3511e-01
10.500	17.000	9.3017e-01
10.500	17.250	9.2902e-01
10.500	17.500	9.2628e-01
10.500	17.750	9.2086e-01
10.500	18.000	9.1057e-01
10.500	18.250	8.9344e-01
10.500	18.500	8.6855e-01
10.500	18.750	8.3683e-01
10.500	19.000	8.0213e-01
10.500	19.250	7.6989e-01
10.500	19.500	7.3743e-01
10.500	19.750	7.0826e-01
10.500	20.000	7.1473e-01
10.500	20.250	7.8202e-01
10.500	20.500	8.6543e-01
10.500	20.750	8.9817e-01
10.500	21.000	9.1694e-01
10.500	21.250	9.2912e-01
10.500	21.500	9.3410e-01
10.500	21.750	9.3490e-01
10.500	22.000	9.3509e-01
10.500	22.250	9.3510e-01
10.500	22.500	9.3511e-01
10.500	22.750	9.3511e-01
10.500	23.000	9.3511e-01
10.500	23.250	9.3511e-01
10.500	23.500	9.3511e-01
10.500	23.750	9.3511e-01
10.500	24.000	9.3511e-01
10.750	17.000	9.2877e-01
10.750	17.250	9.2795e-01
10.750	17.500	9.2526e-01
10.750	17.750	9.1945e-01
10.750	18.000	9.0857e-01
10.750	18.250	8.9111e-01
10.750	18.500	8.6714e-01
10.750	18.750	8.3890e-01
10.750	19.000	8.1051e-01
10.750	19.250	7.8486e-01
10.750	19.500	7.6337e-01
10.750	19.750	7.3598e-01
10.750	20.000	7.0710e-01
10.750	20.250	7.1979e-01
10.750	20.500	7.8453e-01
10.750	20.750	8.6756e-01
10.750	21.000	8.9772e-01
10.750	21.250	9.1743e-01
10.750	21.500	9.2844e-01
10.750	21.750	9.3376e-01
10.750	22.000	9.3480e-01
10.750	22.250	9.3508e-01
10.750	22.500	9.3510e-01
10.750	22.750	9.3511e-01
10.750	23.000	9.3511e-01
10.750	23.250	9.3511e-01
10.750	23.500	9.3511e-01
10.750	23.750	9.3511e-01
10.750	24.000	9.3511e-01
11.000	17.000	9.2725e-01
11.000	17.250	9.2637e-01
11.000	17.500	9.2376e-01
11.000	17.750	9.1780e-01
11.000	18.000	9.0675e-01
11.000	18.250	8.8968e-01
11.000	18.500	8.6789e-01
11.000	18.750	8.4436e-01
11.000	19.000	8.2211e-01
11.000	19.250	8.0278e-01
11.000	19.500	7.8513e-01
11.000	19.750	7.6323e-01
11.000	20.000	7.3304e-01
11.000	20.250	7.0292e-01
11.000	20.500	7.1496e-01
11.000	20.750	7.7878e-01
11.000	21.000	8.6343e-01
11.000	21.250	8.9682e-01
11.000	21.500	9.1514e-01
11.000	21.750	9.2682e-01
11.000	22.000	9.3323e-01
11.000	22.250	9.3470e-01
11.000	22.500	9.3506e-01
11.000	22.750	9.3509e-01
11.000	23.000	9.3510e-01
11.000	23.250	9.3511e-01
11.000	23.500	9.3511e-01
11.000	23.750	9.3511e-01
11.000	24.000	9.3511e-01
11.250	17.000	9.2618e-01
11.250	17.250	9.2443e-01
11.250	17.500	9.2171e-01
11.250	17.750	9.1581e-01
11.250	18.000	9.0490e-01
11.250	18.250	8.8873e-01
11.250	18.500	8.6968e-01
11.250	18.750	8.5063e-01
11.250	19.000	8.3428e-01
11.250	19.250	8.2029e-01
11.250	19.500	8.0425e-01
11.250	19.750	7.8507e-01
11.250	20.000	7.6027e-01
11.250	20.250	7.2587e-01
11.250	20.500	6.9265e-01
11.250	20.750	7.0450e-01
11.250	21.000	7.5518e-01
11.250	21.250	8.6347e-01
11.250	21.500	8.9424e-01
11.250	21.750	9.1164e-01
11.250	22.000	9.2630e-01
11.250	22.250	9.3273e-01
11.250	22.500	9.3456e-01
11.250	22.750	9.3504e-01
11.250	23.000	9.3509e-01
11.250	23.250	9.3510e-01
11.250	23.500	9.3511e-01
11.250	23.750	9.3511e-01
11.250	24.000	9.3511e-01
11.500	17.000	9.2601e-01
11.500	17.250	9.2290e-01
11.500	17.500	9.1927e-01
11.500	17.750	9.1322e-01
11.500	18.000	9.0281e-01
11.500	18.250	8.8792e-01
11.500	18.500	8.7184e-01
11.500	18.750	8.5756e-01
11.500	19.000	8.4698e-01
11.500	19.250	8.3523e-01
11.500	19.500	8.2145e-01
11.500	19.750	8.0451e-01
11.500	20.000	7.8334e-01
11.500	20.250	7.5456e-01
11.500	20.500	7.1549e-01
11.500	20.750	6.7806e-01
11.500	21.000	6.9145e-01
11.500	21.250	7.5415e-01
11.500	21.500	8.5957e-01
11.500	21.750	8.9250e-01
11.500	22.000	9.0738e-01
11.500	22.250	9.2538e-01
11.500	22.500	9.3189e-01
11.500	22.750	9.3439e-01
11.500	23.000	9.3501e-01
11.500	23.250	9.3508e-01
11.500	23.500	9.3510e-01
11.500	23.750	9.3511e-01
11.500	24.000	9.3511e-01
11.750	17.000	9.2664e-01
11.750	17.250	9.2242e-01
11.750	17.500	9.1731e-01
11.750	17.750	9.1049e-01
11.750	18.000	9.0033e-01
11.750	18.250	8.8729e-01
11.750	18.500	8.7447e-01
11.750	18.750	8.6529e-01
11.750	19.000	8.5719e-01
11.750	19.250	8.4818e-01
11.750	19.500	8.3591e-01
11.750	19.750	8.2105e-01
11.750	20.000	8.0283e-01
11.750	20.250	7.7879e-01
11.750	20.500	7.4675e-01
11.750	20.750	7.0195e-01
11.750	21.000	6.6093e-01
11.750	21.250	6.7959e-01
11.750	21.500	7.5597e-01
11.750	21.750	8.5770e-01
11.750	22.000	8.8877e-01
11.750	22.250	9.0346e-01
11.750	22.500	9.2383e-01
11.750	22.750	9.3088e-01
11.750	23.000	9.3415e-01
11.750	23.250	9.3498e-01
11.750	23.500	9.3506e-01
11.750	23.750	9.3509e-01
11.750	24.000	9.3511e-01
12.000	17.000	9.2771e-01
12.000	17.250	9.2308e-01
12.000	17.500	9.1675e-01
12.000	17.750	9.0856e-01
12.000	18.000	8.9835e-01
12.000	18.250	8.8705e-01
12.000	18.500	8.7803e-01
12.000	18.750	8.7138e-01
12.000	19.000	8.6595e-01
12.000	19.250	8.5772e-01
12.000	19.500	8.4792e-01
12.000	19.750	8.3546e-01
12.000	20.000	8.1966e-01
12.000	20.250	7.9971e-01
12.000	20.500	7.7264e-01
12.000	20.750	7.3518e-01
12.000	21.000	6.8626e-01
12.000	21.250	6.4280e-01
12.000	21.500	6.6509e-01
12.000	21.750	7.6468e-01
12.000	22.000	8.5497e-01
12.000	22.250	8.8320e-01
12.000	22.500	9.0184e-01
12.000	22.750	9.2196e-01
12.000	23.000	9.3023e-01
12.000	23.250	9.3376e-01
12.000	23.500	9.3495e-01
12.000	23.750	9.3505e-01
12.000	24.000	9.3508e-01
12.250	17.000	9.2954e-01
12.250	17.250	9.2439e-01
12.250	17.500	9.1785e-01
12.250	17.750	9.0879e-01
12.250	18.000	8.9806e-01
12.250	18.250	8.8805e-01
12.250	18.500	8.8178e-01
12.250	18.750	8.7708e-01
12.250	19.000	8.7132e-01
12.250	19.250	8.6515e-01
12.250	19.500	8.5711e-01
12.250	19.750	8.4698e-01
12.250	20.000	8.3399e-01
12.250	20.250	8.1693e-01
12.250	20.500	7.9444e-01
12.250	20.750	7.6399e-01
12.250	21.000	7.2080e-01
12.250	21.250	6.6786e-01
12.250	21.500	6.2191e-01
12.250	21.750	6.6003e-01
12.250	22.000	7.6969e-01
12.250	22.250	8.5127e-01
12.250	22.500	8.7458e-01
12.250	22.750	9.0084e-01
12.250	23.000	9.2048e-01
12.250	23.250	9.2930e-01
12.250	23.500	9.3332e-01
12.250	23.750	9.3490e-01
12.250	24.000	9.3503e-01
12.500	17.000	9.3102e-01
12.500	17.250	9.2678e-01
12.500	17.500	9.2014e-01
12.500	17.750	9.1195e-01
12.500	18.000	9.0152e-01
12.500	18.250	8.9241e-01
12.500	18.500	8.8588e-01
12.500	18.750	8.8077e-01
12.500	19.000	8.7566e-01
12.500	19.250	8.7035e-01
12.500	19.500	8.6414e-01
12.500	19.750	8.5627e-01
12.500	20.000	8.4559e-01
12.500	20.250	8.3159e-01
12.500	20.500	8.1282e-01
12.500	20.750	7.8668e-01
12.500	21.000	7.5082e-01
12.500	21.250	7.0073e-01
12.500	21.500	6.4321e-01
12.500	21.750	5.9691e-01
12.500	22.000	6.6183e-01
12.500	22.250	7.7690e-01
12.500	22.500	8.4428e-01
12.500	22.750	8.6832e-01
12.500	23.000	9.0041e-01
12.500	23.250	9.1843e-01
12.500	23.500	9.2817e-01
12.500	23.750	9.3293e-01
12.500	24.000	9.3483e-01
12.750	17.000	9.3178e-01
12.750	17.250	9.2894e-01
12.750	17.500	9.2334e-01
12.750	17.750	9.1541e-01
12.750	18.000	9.0726e-01
12.750	18.250	8.9857e-01
12.750	18.500	8.9068e-01
12.750	18.750	8.8364e-01
12.750	19.000	8.7885e-01
12.750	19.250	8.7423e-01
12.750	19.500	8.6916e-01
12.750	19.750	8.6311e-01
12.750	20.000	8.5467e-01
12.750	20.250	8.4302e-01
12.750	20.500	8.2717e-01
12.750	20.750	8.0558e-01
12.750	21.000	7.7407e-01
12.750	21.250	7.2949e-01
12.750	21.500	6.7334e-01
12.750	21.750	6.0421e-01
12.750	22.000	5.6636e-01
12.750	22.250	6.6845e-01
12.750	22.500	7.8608e-01
12.750	22.750	8.3820e-01
12.750	23.000	8.6686e-01
12.750	23.250	9.0192e-01
12.750	23.500	9.1781e-01
12.750	23.750	9.2751e-01
12.750	24.000	9.3257e-01
13.000	17.000	9.3365e-01
13.000	17.250	9.3221e-01
13.000	17.500	9.2835e-01
13.000	17.750	9.2210e-01
13.000	18.000	9.1487e-01
13.000	18.250	9.0791e-01
13.000	18.500	8.9711e-01
13.000	18.750	8.8823e-01
13.000	19.000	8.8189e-01
13.000	19.250	8.7687e-01
13.000	19.500	8.7278e-01
13.000	19.750	8.6781e-01
13.000	20.000	8.6133e-01
13.000	20.250	8.5198e-01
13.000	20.500	8.3890e-01
13.000	20.750	8.1988e-01
13.000	21.000	7.9310e-01
13.000	21.250	7.5203e-01
13.000	21.500	6.9903e-01
13.000	21.750	6.2164e-01
13.000	22.000	5.4111e-01
13.000	22.250	5.3272e-01
13.000	22.500	6.8584e-01
13.000	22.750	7.8657e-01
13.000	23.000	8.3149e-01
13.000	23.250	8.6685e-01
13.000	23.500	9.0075e-01
13.000	23.750	9.1716e-01
13.000	24.000	9.2683e-01
13.250	17.000	9.3419e-01
13.250	17.250	9.3348e-01
13.250	17.500	9.3194e-01
13.250	17.750	9.2916e-01
13.250	18.000	9.2348e-01
13.250	18.250	9.1584e-01
13.250	18.500	9.0856e-01
13.250	18.750	8.9573e-01
13.250	19.000	8.8623e-01
13.250	19.250	8.7962e-01
13.250	19.500	8.7521e-01
13.250	19.750	8.7101e-01
13.250	20.000	8.6579e-01
13.250	20.250	8.5840e-01
13.250	20.500	8.4751e-01
13.250	20.750	8.3126e-01
13.250	21.000	8.0707e-01
13.250	21.250	7.6976e-01
13.250	21.500	7.1875e-01
13.250	21.750	6.3666e-01
13.250	22.000	5.3261e-01
13.250	22.250	4.5253e-01
13.250	22.500	4.9861e-01
13.250	22.750	6.9555e-01
13.250	23.000	7.8805e-01
13.250	23.250	8.3805e-01
13.250	23.500	8.6819e-01
13.250	23.750	9.0070e-01
13.250	24.000	9.1670e-01
13.500	17.000	9.3453e-01
13.500	17.250	9.3405e-01
13.500	17.500	9.3319e-01
13.500	17.750	9.3163e-01
13.500	18.000	9.2848e-01
13.500	18.250	9.2247e-01
13.500	18.500	9.1522e-01
13.500	18.750	9.0659e-01
13.500	19.000	8.9457e-01
13.500	19.250	8.8424e-01
13.500	19.500	8.7766e-01
13.500	19.750	8.7315e-01
13.500	20.000	8.6864e-01
13.500	20.250	8.6260e-01
13.500	20.500	8.5346e-01
13.500	20.750	8.3962e-01
13.500	21.000	8.1755e-01
13.500	21.250	7.8295e-01
13.500	21.500	7.3286e-01
13.500	21.750	6.4796e-01
13.500	22.000	5.2858e-01
13.500	22.250	4.1201e-01
13.500	22.500	3.5337e-01
13.500	22.750	4.7974e-01
13.500	23.000	7.0771e-01
13.500	23.250	7.9486e-01
13.500	23.500	8.3788e-01
13.500	23.750	8.6836e-01
13.500	24.000	8.9972e-01
13.750	17.000	9.3475e-01
13.750	17.250	9.3443e-01
13.750	17.500	9.3386e-01
13.750	17.750	9.3303e-01
13.750	18.000	9.3108e-01
13.750	18.250	9.2771e-01
13.750	18.500	9.2211e-01
13.750	18.750	9.1463e-01
13.750	19.000	9.0525e-01
13.750	19.250	8.9341e-01
13.750	19.500	8.8260e-01
13.750	19.750	8.7557e-01
13.750	20.000	8.7064e-01
13.750	20.250	8.6529e-01
13.750	20.500	8.5731e-01
13.750	20.750	8.4515e-01
13.750	21.000	8.2519e-01
13.750	21.250	7.9222e-01
13.750	21.500	7.4321e-01
13.750	21.750	6.5566e-01
13.750	22.000	5.2687e-01
13.750	22.250	3.8761e-01
13.750	22.500	2.8984e-01
13.750	22.750	2.6127e-01
13.750	23.000	4.6931e-01
13.750	23.250	7.1130e-01
13.750	23.500	7.9820e-01
13.750	23.750	8.3207e-01
13.750	24.000	8.6576e-01
14.000	17.000	9.3489e-01
14.000	17.250	9.3468e-01
14.000	17.500	9.3429e-01
14.000	17.750	9.3375e-01
14.000	18.000	9.3274e-01
14.000	18.250	9.3061e-01
14.000	18.500	9.2716e-01
14.000	18.750	9.2170e-01
14.000	19.000	9.1308e-01
14.000	19.250	9.0360e-01
14.000	19.500	8.9211e-01
14.000	19.750	8.8083e-01
14.000	20.000	8.7314e-01
14.000	20.250	8.6727e-01
14.000	20.500	8.6010e-01
14.000	20.750	8.4889e-01
14.000	21.000	8.3069e-01
14.000	21.250	7.9942e-01
14.000	21.500	7.5004e-01
14.000	21.750	6.6026e-01
14.000	22.000	5.2489e-01
14.000	22.250	3.7305e-01
14.000	22.500	2.5413e-01
14.000	22.750	1.8511e-01
14.000	23.000	1.8557e-01
14.000	23.250	4.7194e-01
14.000	23.500	7.0751e-01
14.000	23.750	7.9010e-01
14.000	24.000	8.1554e-01
