InwT 9000.00A  relative to Inci 1215.00A scaled to 1215A.
Hden   Phi(H)  Eq_Width (A)
 7.000	17.000	4.5821e-02
 7.000	17.250	4.8033e-02
 7.000	17.500	4.9676e-02
 7.000	17.750	4.1405e-02
 7.000	18.000	3.5889e-02
 7.000	18.250	3.2606e-02
 7.000	18.500	3.0817e-02
 7.000	18.750	3.0090e-02
 7.000	19.000	2.9758e-02
 7.000	19.250	2.9567e-02
 7.000	19.500	2.9493e-02
 7.000	19.750	2.9464e-02
 7.000	20.000	2.9452e-02
 7.000	20.250	2.9446e-02
 7.000	20.500	2.9443e-02
 7.000	20.750	2.9442e-02
 7.000	21.000	2.9441e-02
 7.000	21.250	2.9441e-02
 7.000	21.500	2.9441e-02
 7.000	21.750	2.9441e-02
 7.000	22.000	2.9441e-02
 7.000	22.250	2.9441e-02
 7.000	22.500	2.9441e-02
 7.000	22.750	2.9441e-02
 7.000	23.000	2.9441e-02
 7.000	23.250	2.9441e-02
 7.000	23.500	2.9441e-02
 7.000	23.750	2.9441e-02
 7.000	24.000	2.9441e-02
 7.250	17.000	4.3412e-02
 7.250	17.250	4.7331e-02
 7.250	17.500	4.8748e-02
 7.250	17.750	4.9651e-02
 7.250	18.000	4.1403e-02
 7.250	18.250	3.5883e-02
 7.250	18.500	3.2603e-02
 7.250	18.750	3.0817e-02
 7.250	19.000	3.0090e-02
 7.250	19.250	2.9758e-02
 7.250	19.500	2.9567e-02
 7.250	19.750	2.9493e-02
 7.250	20.000	2.9464e-02
 7.250	20.250	2.9452e-02
 7.250	20.500	2.9446e-02
 7.250	20.750	2.9443e-02
 7.250	21.000	2.9442e-02
 7.250	21.250	2.9441e-02
 7.250	21.500	2.9441e-02
 7.250	21.750	2.9441e-02
 7.250	22.000	2.9440e-02
 7.250	22.250	2.9440e-02
 7.250	22.500	2.9440e-02
 7.250	22.750	2.9440e-02
 7.250	23.000	2.9440e-02
 7.250	23.250	2.9443e-02
 7.250	23.500	2.9440e-02
 7.250	23.750	2.9440e-02
 7.250	24.000	2.9441e-02
 7.500	17.000	3.9667e-02
 7.500	17.250	4.4838e-02
 7.500	17.500	4.8904e-02
 7.500	17.750	4.9562e-02
 7.500	18.000	4.9630e-02
 7.500	18.250	4.1401e-02
 7.500	18.500	3.5876e-02
 7.500	18.750	3.2600e-02
 7.500	19.000	3.0817e-02
 7.500	19.250	3.0090e-02
 7.500	19.500	2.9758e-02
 7.500	19.750	2.9567e-02
 7.500	20.000	2.9493e-02
 7.500	20.250	2.9464e-02
 7.500	20.500	2.9452e-02
 7.500	20.750	2.9446e-02
 7.500	21.000	2.9443e-02
 7.500	21.250	2.9442e-02
 7.500	21.500	2.9441e-02
 7.500	21.750	2.9441e-02
 7.500	22.000	2.9440e-02
 7.500	22.250	2.9440e-02
 7.500	22.500	2.9440e-02
 7.500	22.750	2.9440e-02
 7.500	23.000	2.9440e-02
 7.500	23.250	2.9440e-02
 7.500	23.500	2.9440e-02
 7.500	23.750	2.9440e-02
 7.500	24.000	2.9440e-02
 7.750	17.000	3.6924e-02
 7.750	17.250	4.0925e-02
 7.750	17.500	4.6681e-02
 7.750	17.750	5.1034e-02
 7.750	18.000	5.0575e-02
 7.750	18.250	4.9613e-02
 7.750	18.500	4.1401e-02
 7.750	18.750	3.5869e-02
 7.750	19.000	3.2596e-02
 7.750	19.250	3.0817e-02
 7.750	19.500	3.0090e-02
 7.750	19.750	2.9758e-02
 7.750	20.000	2.9567e-02
 7.750	20.250	2.9493e-02
 7.750	20.500	2.9464e-02
 7.750	20.750	2.9452e-02
 7.750	21.000	2.9446e-02
 7.750	21.250	2.9443e-02
 7.750	21.500	2.9442e-02
 7.750	21.750	2.9441e-02
 7.750	22.000	2.9441e-02
 7.750	22.250	2.9440e-02
 7.750	22.500	2.9440e-02
 7.750	22.750	2.9440e-02
 7.750	23.000	2.9440e-02
 7.750	23.250	2.9440e-02
 7.750	23.500	2.9440e-02
 7.750	23.750	2.9440e-02
 7.750	24.000	2.9440e-02
 8.000	17.000	3.5142e-02
 8.000	17.250	3.7749e-02
 8.000	17.500	4.2419e-02
 8.000	17.750	4.9183e-02
 8.000	18.000	5.3822e-02
 8.000	18.250	5.1622e-02
 8.000	18.500	4.9588e-02
 8.000	18.750	4.1391e-02
 8.000	19.000	3.5861e-02
 8.000	19.250	3.2591e-02
 8.000	19.500	3.0816e-02
 8.000	19.750	3.0090e-02
 8.000	20.000	2.9758e-02
 8.000	20.250	2.9567e-02
 8.000	20.500	2.9493e-02
 8.000	20.750	2.9464e-02
 8.000	21.000	2.9452e-02
 8.000	21.250	2.9446e-02
 8.000	21.500	2.9443e-02
 8.000	21.750	2.9442e-02
 8.000	22.000	2.9441e-02
 8.000	22.250	2.9441e-02
 8.000	22.500	2.9440e-02
 8.000	22.750	2.9440e-02
 8.000	23.000	2.9440e-02
 8.000	23.250	2.9440e-02
 8.000	23.500	2.9440e-02
 8.000	23.750	2.9440e-02
 8.000	24.000	2.9440e-02
 8.250	17.000	3.4768e-02
 8.250	17.250	3.6237e-02
 8.250	17.500	3.9504e-02
 8.250	17.750	4.5447e-02
 8.250	18.000	5.3974e-02
 8.250	18.250	5.7956e-02
 8.250	18.500	5.3491e-02
 8.250	18.750	4.9578e-02
 8.250	19.000	4.1395e-02
 8.250	19.250	3.5852e-02
 8.250	19.500	3.2586e-02
 8.250	19.750	3.0816e-02
 8.250	20.000	3.0090e-02
 8.250	20.250	2.9758e-02
 8.250	20.500	2.9567e-02
 8.250	20.750	2.9493e-02
 8.250	21.000	2.9464e-02
 8.250	21.250	2.9452e-02
 8.250	21.500	2.9446e-02
 8.250	21.750	2.9443e-02
 8.250	22.000	2.9442e-02
 8.250	22.250	2.9441e-02
 8.250	22.500	2.9441e-02
 8.250	22.750	2.9440e-02
 8.250	23.000	2.9440e-02
 8.250	23.250	2.9440e-02
 8.250	23.500	2.9440e-02
 8.250	23.750	2.9440e-02
 8.250	24.000	2.9440e-02
 8.500	17.000	3.5105e-02
 8.500	17.250	3.5858e-02
 8.500	17.500	3.7969e-02
 8.500	17.750	4.2679e-02
 8.500	18.000	5.1226e-02
 8.500	18.250	6.1864e-02
 8.500	18.500	6.2980e-02
 8.500	18.750	5.5570e-02
 8.500	19.000	4.9570e-02
 8.500	19.250	4.1401e-02
 8.500	19.500	3.5840e-02
 8.500	19.750	3.2580e-02
 8.500	20.000	3.0815e-02
 8.500	20.250	3.0090e-02
 8.500	20.500	2.9758e-02
 8.500	20.750	2.9567e-02
 8.500	21.000	2.9493e-02
 8.500	21.250	2.9464e-02
 8.500	21.500	2.9452e-02
 8.500	21.750	2.9446e-02
 8.500	22.000	2.9443e-02
 8.500	22.250	2.9442e-02
 8.500	22.500	2.9441e-02
 8.500	22.750	2.9441e-02
 8.500	23.000	2.9440e-02
 8.500	23.250	2.9440e-02
 8.500	23.500	2.9440e-02
 8.500	23.750	2.9440e-02
 8.500	24.000	2.9440e-02
 8.750	17.000	3.5868e-02
 8.750	17.250	3.6237e-02
 8.750	17.500	3.7665e-02
 8.750	17.750	4.1151e-02
 8.750	18.000	4.8696e-02
 8.750	18.250	6.1161e-02
 8.750	18.500	7.1915e-02
 8.750	18.750	6.7654e-02
 8.750	19.000	5.7490e-02
 8.750	19.250	4.9563e-02
 8.750	19.500	4.1407e-02
 8.750	19.750	3.5828e-02
 8.750	20.000	3.2573e-02
 8.750	20.250	3.0814e-02
 8.750	20.500	3.0090e-02
 8.750	20.750	2.9758e-02
 8.750	21.000	2.9567e-02
 8.750	21.250	2.9493e-02
 8.750	21.500	2.9464e-02
 8.750	21.750	2.9452e-02
 8.750	22.000	2.9446e-02
 8.750	22.250	2.9443e-02
 8.750	22.500	2.9442e-02
 8.750	22.750	2.9441e-02
 8.750	23.000	2.9441e-02
 8.750	23.250	2.9440e-02
 8.750	23.500	2.9440e-02
 8.750	23.750	2.9440e-02
 8.750	24.000	2.9440e-02
 9.000	17.000	3.6934e-02
 9.000	17.250	3.7085e-02
 9.000	17.500	3.8213e-02
 9.000	17.750	4.1119e-02
 9.000	18.000	4.7588e-02
 9.000	18.250	5.9588e-02
 9.000	18.500	7.4320e-02
 9.000	18.750	8.1730e-02
 9.000	19.000	7.1736e-02
 9.000	19.250	5.9948e-02
 9.000	19.500	4.9554e-02
 9.000	19.750	4.1415e-02
 9.000	20.000	3.5815e-02
 9.000	20.250	3.2565e-02
 9.000	20.500	3.0814e-02
 9.000	20.750	3.0090e-02
 9.000	21.000	2.9758e-02
 9.000	21.250	2.9567e-02
 9.000	21.500	2.9493e-02
 9.000	21.750	2.9464e-02
 9.000	22.000	2.9452e-02
 9.000	22.250	2.9446e-02
 9.000	22.500	2.9443e-02
 9.000	22.750	2.9442e-02
 9.000	23.000	2.9441e-02
 9.000	23.250	2.9441e-02
 9.000	23.500	2.9440e-02
 9.000	23.750	2.9440e-02
 9.000	24.000	2.9440e-02
 9.250	17.000	3.8288e-02
 9.250	17.250	3.8271e-02
 9.250	17.500	3.9348e-02
 9.250	17.750	4.2228e-02
 9.250	18.000	4.8576e-02
 9.250	18.250	5.9985e-02
 9.250	18.500	7.4541e-02
 9.250	18.750	8.8761e-02
 9.250	19.000	9.1520e-02
 9.250	19.250	7.7610e-02
 9.250	19.500	6.2975e-02
 9.250	19.750	4.9538e-02
 9.250	20.000	4.1422e-02
 9.250	20.250	3.5802e-02
 9.250	20.500	3.2557e-02
 9.250	20.750	3.0813e-02
 9.250	21.000	3.0090e-02
 9.250	21.250	2.9758e-02
 9.250	21.500	2.9566e-02
 9.250	21.750	2.9476e-02
 9.250	22.000	2.9438e-02
 9.250	22.250	2.9434e-02
 9.250	22.500	2.9446e-02
 9.250	22.750	2.9443e-02
 9.250	23.000	2.9442e-02
 9.250	23.250	2.9441e-02
 9.250	23.500	2.9441e-02
 9.250	23.750	2.9440e-02
 9.250	24.000	2.9440e-02
 9.500	17.000	4.0069e-02
 9.500	17.250	3.9869e-02
 9.500	17.500	4.0962e-02
 9.500	17.750	4.4178e-02
 9.500	18.000	5.1211e-02
 9.500	18.250	6.2901e-02
 9.500	18.500	7.6683e-02
 9.500	18.750	9.0731e-02
 9.500	19.000	1.0218e-01
 9.500	19.250	1.0162e-01
 9.500	19.500	8.1338e-02
 9.500	19.750	6.4848e-02
 9.500	20.000	4.9502e-02
 9.500	20.250	4.1428e-02
 9.500	20.500	3.5790e-02
 9.500	20.750	3.2550e-02
 9.500	21.000	3.0810e-02
 9.500	21.250	3.0081e-02
 9.500	21.500	2.9734e-02
 9.500	21.750	2.9539e-02
 9.500	22.000	2.9459e-02
 9.500	22.250	2.9421e-02
 9.500	22.500	2.9404e-02
 9.500	22.750	2.9399e-02
 9.500	23.000	2.9397e-02
 9.500	23.250	2.9396e-02
 9.500	23.500	2.9413e-02
 9.500	23.750	2.9412e-02
 9.500	24.000	2.9412e-02
 9.750	17.000	4.2278e-02
 9.750	17.250	4.1872e-02
 9.750	17.500	4.3033e-02
 9.750	17.750	4.6821e-02
 9.750	18.000	5.5178e-02
 9.750	18.250	6.7966e-02
 9.750	18.500	8.1528e-02
 9.750	18.750	9.4331e-02
 9.750	19.000	1.0658e-01
 9.750	19.250	1.1664e-01
 9.750	19.500	1.0791e-01
 9.750	19.750	8.5598e-02
 9.750	20.000	6.4693e-02
 9.750	20.250	4.9442e-02
 9.750	20.500	4.1437e-02
 9.750	20.750	3.5779e-02
 9.750	21.000	3.2543e-02
 9.750	21.250	3.0810e-02
 9.750	21.500	3.0087e-02
 9.750	21.750	2.9743e-02
 9.750	22.000	2.9541e-02
 9.750	22.250	2.9463e-02
 9.750	22.500	2.9427e-02
 9.750	22.750	2.9409e-02
 9.750	23.000	2.9400e-02
 9.750	23.250	2.9395e-02
 9.750	23.500	2.9394e-02
 9.750	23.750	2.9396e-02
 9.750	24.000	2.9393e-02
10.000	17.000	4.5177e-02
10.000	17.250	4.4474e-02
10.000	17.500	4.5781e-02
10.000	17.750	5.0382e-02
10.000	18.000	6.0377e-02
10.000	18.250	7.4233e-02
10.000	18.500	8.7908e-02
10.000	18.750	9.9804e-02
10.000	19.000	1.1081e-01
10.000	19.250	1.2161e-01
10.000	19.500	1.2898e-01
10.000	19.750	1.1228e-01
10.000	20.000	8.9436e-02
10.000	20.250	6.4601e-02
10.000	20.500	4.9347e-02
10.000	20.750	4.1455e-02
10.000	21.000	3.5766e-02
10.000	21.250	3.2536e-02
10.000	21.500	3.0809e-02
10.000	21.750	3.0088e-02
10.000	22.000	2.9753e-02
10.000	22.250	2.9541e-02
10.000	22.500	2.9465e-02
10.000	22.750	2.9432e-02
10.000	23.000	2.9415e-02
10.000	23.250	2.9406e-02
10.000	23.500	2.9401e-02
10.000	23.750	2.9399e-02
10.000	24.000	2.9397e-02
10.250	17.000	4.9144e-02
10.250	17.250	4.7881e-02
10.250	17.500	4.9448e-02
10.250	17.750	5.5182e-02
10.250	18.000	6.6682e-02
10.250	18.250	8.1674e-02
10.250	18.500	9.5265e-02
10.250	18.750	1.0653e-01
10.250	19.000	1.1615e-01
10.250	19.250	1.2631e-01
10.250	19.500	1.3734e-01
10.250	19.750	1.3492e-01
10.250	20.000	1.1767e-01
10.250	20.250	9.2084e-02
10.250	20.500	6.4330e-02
10.250	20.750	4.9317e-02
10.250	21.000	4.1504e-02
10.250	21.250	3.5751e-02
10.250	21.500	3.2530e-02
10.250	21.750	3.0807e-02
10.250	22.000	3.0089e-02
10.250	22.250	2.9756e-02
10.250	22.500	2.9546e-02
10.250	22.750	2.9467e-02
10.250	23.000	2.9435e-02
10.250	23.250	2.9420e-02
10.250	23.500	2.9412e-02
10.250	23.750	2.9407e-02
10.250	24.000	2.9405e-02
10.500	17.000	5.4917e-02
10.500	17.250	5.2791e-02
10.500	17.500	5.4505e-02
10.500	17.750	6.1648e-02
10.500	18.000	7.4329e-02
10.500	18.250	8.9911e-02
10.500	18.500	1.0271e-01
10.500	18.750	1.1320e-01
10.500	19.000	1.2191e-01
10.500	19.250	1.3013e-01
10.500	19.500	1.3910e-01
10.500	19.750	1.4728e-01
10.500	20.000	1.4215e-01
10.500	20.250	1.2362e-01
10.500	20.500	9.2143e-02
10.500	20.750	6.4204e-02
10.500	21.000	4.9299e-02
10.500	21.250	4.1566e-02
10.500	21.500	3.5736e-02
10.500	21.750	3.2523e-02
10.500	22.000	3.0805e-02
10.500	22.250	3.0088e-02
10.500	22.500	2.9757e-02
10.500	22.750	2.9558e-02
10.500	23.000	2.9467e-02
10.500	23.250	2.9437e-02
10.500	23.500	2.9423e-02
10.500	23.750	2.9416e-02
10.500	24.000	2.9412e-02
10.750	17.000	6.2943e-02
10.750	17.250	5.9580e-02
10.750	17.500	6.1594e-02
10.750	17.750	6.9869e-02
10.750	18.000	8.3416e-02
10.750	18.250	9.8493e-02
10.750	18.500	1.1073e-01
10.750	18.750	1.2013e-01
10.750	19.000	1.2826e-01
10.750	19.250	1.3519e-01
10.750	19.500	1.4224e-01
10.750	19.750	1.5021e-01
10.750	20.000	1.5671e-01
10.750	20.250	1.5011e-01
10.750	20.500	1.3043e-01
10.750	20.750	9.1837e-02
10.750	21.000	6.3952e-02
10.750	21.250	4.9367e-02
10.750	21.500	4.1685e-02
10.750	21.750	3.5708e-02
10.750	22.000	3.2514e-02
10.750	22.250	3.0802e-02
10.750	22.500	3.0087e-02
10.750	22.750	2.9756e-02
10.750	23.000	2.9564e-02
10.750	23.250	2.9471e-02
10.750	23.500	2.9438e-02
10.750	23.750	2.9425e-02
10.750	24.000	2.9418e-02
11.000	17.000	7.3065e-02
11.000	17.250	6.8584e-02
11.000	17.500	7.0658e-02
11.000	17.750	7.9831e-02
11.000	18.000	9.3478e-02
11.000	18.250	1.0770e-01
11.000	18.500	1.1972e-01
11.000	18.750	1.2826e-01
11.000	19.000	1.3561e-01
11.000	19.250	1.4121e-01
11.000	19.500	1.4660e-01
11.000	19.750	1.5259e-01
11.000	20.000	1.6038e-01
11.000	20.250	1.6637e-01
11.000	20.500	1.5874e-01
11.000	20.750	1.3624e-01
11.000	21.000	9.1405e-02
11.000	21.250	6.3774e-02
11.000	21.500	4.9746e-02
11.000	21.750	4.1720e-02
11.000	22.000	3.5669e-02
11.000	22.250	3.2502e-02
11.000	22.500	3.0798e-02
11.000	22.750	3.0085e-02
11.000	23.000	2.9756e-02
11.000	23.250	2.9566e-02
11.000	23.500	2.9484e-02
11.000	23.750	2.9439e-02
11.000	24.000	2.9426e-02
11.250	17.000	8.6261e-02
11.250	17.250	7.9608e-02
11.250	17.500	8.1434e-02
11.250	17.750	9.1018e-02
11.250	18.000	1.0448e-01
11.250	18.250	1.1767e-01
11.250	18.500	1.2777e-01
11.250	18.750	1.3642e-01
11.250	19.000	1.4270e-01
11.250	19.250	1.4756e-01
11.250	19.500	1.5183e-01
11.250	19.750	1.5621e-01
11.250	20.000	1.6197e-01
11.250	20.250	1.7038e-01
11.250	20.500	1.7652e-01
11.250	20.750	1.6772e-01
11.250	21.000	1.3951e-01
11.250	21.250	9.0719e-02
11.250	21.500	6.4001e-02
11.250	21.750	5.0454e-02
11.250	22.000	4.1603e-02
11.250	22.250	3.5611e-02
11.250	22.500	3.2483e-02
11.250	22.750	3.0792e-02
11.250	23.000	3.0082e-02
11.250	23.250	2.9754e-02
11.250	23.500	2.9566e-02
11.250	23.750	2.9490e-02
11.250	24.000	2.9448e-02
11.500	17.000	1.0393e-01
11.500	17.250	9.3840e-02
11.500	17.500	9.4052e-02
11.500	17.750	1.0311e-01
11.500	18.000	1.1605e-01
11.500	18.250	1.2843e-01
11.500	18.500	1.3733e-01
11.500	18.750	1.4445e-01
11.500	19.000	1.5024e-01
11.500	19.250	1.5419e-01
11.500	19.500	1.5763e-01
11.500	19.750	1.6113e-01
11.500	20.000	1.6517e-01
11.500	20.250	1.7116e-01
11.500	20.500	1.8031e-01
11.500	20.750	1.8692e-01
11.500	21.000	1.7649e-01
11.500	21.250	1.3915e-01
11.500	21.500	9.0904e-02
11.500	21.750	6.4378e-02
11.500	22.000	5.1226e-02
11.500	22.250	4.1376e-02
11.500	22.500	3.5531e-02
11.500	22.750	3.2456e-02
11.500	23.000	3.0782e-02
11.500	23.250	3.0077e-02
11.500	23.500	2.9752e-02
11.500	23.750	2.9565e-02
11.500	24.000	2.9492e-02
11.750	17.000	1.2769e-01
11.750	17.250	1.1269e-01
11.750	17.500	1.0958e-01
11.750	17.750	1.1680e-01
11.750	18.000	1.2879e-01
11.750	18.250	1.4003e-01
11.750	18.500	1.4774e-01
11.750	18.750	1.5420e-01
11.750	19.000	1.5835e-01
11.750	19.250	1.6158e-01
11.750	19.500	1.6411e-01
11.750	19.750	1.6657e-01
11.750	20.000	1.6962e-01
11.750	20.250	1.7319e-01
11.750	20.500	1.8001e-01
11.750	20.750	1.9012e-01
11.750	21.000	1.9743e-01
11.750	21.250	1.8391e-01
11.750	21.500	1.3813e-01
11.750	21.750	9.0545e-02
11.750	22.000	6.5116e-02
11.750	22.250	5.1652e-02
11.750	22.500	4.1093e-02
11.750	22.750	3.5413e-02
11.750	23.000	3.2415e-02
11.750	23.250	3.0767e-02
11.750	23.500	3.0069e-02
11.750	23.750	2.9748e-02
11.750	24.000	2.9564e-02
12.000	17.000	1.5717e-01
12.000	17.250	1.3802e-01
12.000	17.500	1.2952e-01
12.000	17.750	1.3285e-01
12.000	18.000	1.4243e-01
12.000	18.250	1.5243e-01
12.000	18.500	1.5960e-01
12.000	18.750	1.6461e-01
12.000	19.000	1.6799e-01
12.000	19.250	1.7027e-01
12.000	19.500	1.7179e-01
12.000	19.750	1.7306e-01
12.000	20.000	1.7459e-01
12.000	20.250	1.7709e-01
12.000	20.500	1.8137e-01
12.000	20.750	1.8923e-01
12.000	21.000	1.9966e-01
12.000	21.250	2.0655e-01
12.000	21.500	1.8758e-01
12.000	21.750	1.3551e-01
12.000	22.000	9.0127e-02
12.000	22.250	6.6049e-02
12.000	22.500	5.1300e-02
12.000	22.750	4.0739e-02
12.000	23.000	3.5244e-02
12.000	23.250	3.2349e-02
12.000	23.500	3.0745e-02
12.000	23.750	3.0057e-02
12.000	24.000	2.9741e-02
12.250	17.000	1.5287e-01
12.250	17.250	1.7088e-01
12.250	17.500	1.5620e-01
12.250	17.750	1.5297e-01
12.250	18.000	1.5824e-01
12.250	18.250	1.6656e-01
12.250	18.500	1.7280e-01
12.250	18.750	1.7708e-01
12.250	19.000	1.7929e-01
12.250	19.250	1.8077e-01
12.250	19.500	1.8087e-01
12.250	19.750	1.8059e-01
12.250	20.000	1.8036e-01
12.250	20.250	1.8159e-01
12.250	20.500	1.8402e-01
12.250	20.750	1.8894e-01
12.250	21.000	1.9815e-01
12.250	21.250	2.0843e-01
12.250	21.500	2.1079e-01
12.250	21.750	1.8882e-01
12.250	22.000	1.3181e-01
12.250	22.250	8.9696e-02
12.250	22.500	6.6576e-02
12.250	22.750	5.0492e-02
12.250	23.000	4.0273e-02
12.250	23.250	3.5007e-02
12.250	23.500	3.2244e-02
12.250	23.750	3.0711e-02
12.250	24.000	3.0039e-02
12.500	17.000	1.3398e-01
12.500	17.250	1.7290e-01
12.500	17.500	1.8922e-01
12.500	17.750	1.7937e-01
12.500	18.000	1.7850e-01
12.500	18.250	1.8211e-01
12.500	18.500	1.8746e-01
12.500	18.750	1.9160e-01
12.500	19.000	1.9286e-01
12.500	19.250	1.9260e-01
12.500	19.500	1.9095e-01
12.500	19.750	1.8903e-01
12.500	20.000	1.8754e-01
12.500	20.250	1.8680e-01
12.500	20.500	1.8748e-01
12.500	20.750	1.9092e-01
12.500	21.000	1.9747e-01
12.500	21.250	2.0723e-01
12.500	21.500	2.1339e-01
12.500	21.750	2.1517e-01
12.500	22.000	1.8482e-01
12.500	22.250	1.2737e-01
12.500	22.500	9.0217e-02
12.500	22.750	6.5883e-02
12.500	23.000	4.9313e-02
12.500	23.250	3.9685e-02
12.500	23.500	3.4672e-02
12.500	23.750	3.2073e-02
12.500	24.000	3.0659e-02
12.750	17.000	1.2218e-01
12.750	17.250	1.4766e-01
12.750	17.500	1.8815e-01
12.750	17.750	2.0767e-01
12.750	18.000	2.0209e-01
12.750	18.250	2.0122e-01
12.750	18.500	2.0443e-01
12.750	18.750	2.0720e-01
12.750	19.000	2.0753e-01
12.750	19.250	2.0574e-01
12.750	19.500	2.0218e-01
12.750	19.750	1.9842e-01
12.750	20.000	1.9533e-01
12.750	20.250	1.9320e-01
12.750	20.500	1.9234e-01
12.750	20.750	1.9370e-01
12.750	21.000	1.9833e-01
12.750	21.250	2.0684e-01
12.750	21.500	2.1319e-01
12.750	21.750	2.1994e-01
12.750	22.000	2.1480e-01
12.750	22.250	1.7488e-01
12.750	22.500	1.2214e-01
12.750	22.750	8.7183e-02
12.750	23.000	6.3652e-02
12.750	23.250	4.7800e-02
12.750	23.500	3.8875e-02
12.750	23.750	3.4186e-02
12.750	24.000	3.1804e-02
13.000	17.000	6.9309e-02
13.000	17.250	8.8407e-02
13.000	17.500	1.3318e-01
13.000	17.750	1.8227e-01
13.000	18.000	2.0945e-01
13.000	18.250	2.1510e-01
13.000	18.500	2.2361e-01
13.000	18.750	2.2361e-01
13.000	19.000	2.2265e-01
13.000	19.250	2.1978e-01
13.000	19.500	2.1495e-01
13.000	19.750	2.0942e-01
13.000	20.000	2.0423e-01
13.000	20.250	2.0052e-01
13.000	20.500	1.9849e-01
13.000	20.750	1.9855e-01
13.000	21.000	2.0122e-01
13.000	21.250	2.0773e-01
13.000	21.500	2.1365e-01
13.000	21.750	2.2280e-01
13.000	22.000	2.2352e-01
13.000	22.250	2.0737e-01
13.000	22.500	1.6124e-01
13.000	22.750	1.1458e-01
13.000	23.000	8.2464e-02
13.000	23.250	6.0308e-02
13.000	23.500	4.5876e-02
13.000	23.750	3.7774e-02
13.000	24.000	3.3477e-02
13.250	17.000	6.8995e-02
13.250	17.250	7.8886e-02
13.250	17.500	1.0202e-01
13.250	17.750	1.3643e-01
13.250	18.000	1.8949e-01
13.250	18.250	2.2687e-01
13.250	18.500	2.3322e-01
13.250	18.750	2.4365e-01
13.250	19.000	2.3936e-01
13.250	19.250	2.3435e-01
13.250	19.500	2.2845e-01
13.250	19.750	2.2169e-01
13.250	20.000	2.1456e-01
13.250	20.250	2.0899e-01
13.250	20.500	2.0517e-01
13.250	20.750	2.0369e-01
13.250	21.000	2.0524e-01
13.250	21.250	2.1012e-01
13.250	21.500	2.1477e-01
13.250	21.750	2.2308e-01
13.250	22.000	2.2966e-01
13.250	22.250	2.1654e-01
13.250	22.500	1.8818e-01
13.250	22.750	1.4159e-01
13.250	23.000	1.0168e-01
13.250	23.250	7.4189e-02
13.250	23.500	5.6006e-02
13.250	23.750	4.3406e-02
13.250	24.000	3.6272e-02
13.500	17.000	6.9443e-02
13.500	17.250	7.9435e-02
13.500	17.500	9.8051e-02
13.500	17.750	1.2576e-01
13.500	18.000	1.6803e-01
13.500	18.250	2.2296e-01
13.500	18.500	2.5188e-01
13.500	18.750	2.5728e-01
13.500	19.000	2.5956e-01
13.500	19.250	2.5180e-01
13.500	19.500	2.4363e-01
13.500	19.750	2.3448e-01
13.500	20.000	2.2623e-01
13.500	20.250	2.1899e-01
13.500	20.500	2.1342e-01
13.500	20.750	2.0963e-01
13.500	21.000	2.0862e-01
13.500	21.250	2.1128e-01
13.500	21.500	2.1365e-01
13.500	21.750	2.2278e-01
13.500	22.000	2.2695e-01
13.500	22.250	2.1812e-01
13.500	22.500	1.9494e-01
13.500	22.750	1.6148e-01
13.500	23.000	1.2099e-01
13.500	23.250	8.7705e-02
13.500	23.500	6.5786e-02
13.500	23.750	5.0848e-02
13.500	24.000	4.0258e-02
13.750	17.000	6.9394e-02
13.750	17.250	7.9681e-02
13.750	17.500	9.7972e-02
13.750	17.750	1.1841e-01
13.750	18.000	1.5724e-01
13.750	18.250	2.0088e-01
13.750	18.500	2.4616e-01
13.750	18.750	2.7181e-01
13.750	19.000	2.7791e-01
13.750	19.250	2.7213e-01
13.750	19.500	2.6148e-01
13.750	19.750	2.5077e-01
13.750	20.000	2.4049e-01
13.750	20.250	2.3148e-01
13.750	20.500	2.2399e-01
13.750	20.750	2.1831e-01
13.750	21.000	2.1493e-01
13.750	21.250	2.1475e-01
13.750	21.500	2.1602e-01
13.750	21.750	2.2359e-01
13.750	22.000	2.2791e-01
13.750	22.250	2.1809e-01
13.750	22.500	1.9297e-01
13.750	22.750	1.6196e-01
13.750	23.000	1.3018e-01
13.750	23.250	9.9902e-02
13.750	23.500	7.3782e-02
13.750	23.750	5.6886e-02
13.750	24.000	4.4969e-02
14.000	17.000	6.9431e-02
14.000	17.250	7.9786e-02
14.000	17.500	9.8707e-02
14.000	17.750	1.1832e-01
14.000	18.000	1.4663e-01
14.000	18.250	1.8812e-01
14.000	18.500	2.2852e-01
14.000	18.750	2.6576e-01
14.000	19.000	2.9516e-01
14.000	19.250	2.9364e-01
14.000	19.500	2.8253e-01
14.000	19.750	2.6980e-01
14.000	20.000	2.5774e-01
14.000	20.250	2.4652e-01
14.000	20.500	2.3723e-01
14.000	20.750	2.2967e-01
14.000	21.000	2.2444e-01
14.000	21.250	2.2225e-01
14.000	21.500	2.2149e-01
14.000	21.750	2.2728e-01
14.000	22.000	2.3005e-01
14.000	22.250	2.1891e-01
14.000	22.500	1.9237e-01
14.000	22.750	1.6048e-01
14.000	23.000	1.3093e-01
14.000	23.250	1.0140e-01
14.000	23.500	7.7271e-02
14.000	23.750	6.0358e-02
14.000	24.000	4.7492e-02
