Inwd 972.186A  relative to Inci 1215.00A scaled to 1215A.
Hden   Phi(H)  Eq_Width (A)
 7.000	17.000	1.2139e-03
 7.000	17.250	1.1959e-03
 7.000	17.500	6.0741e-04
 7.000	17.750	5.6988e-04
 7.000	18.000	2.4444e-04
 7.000	18.250	6.8477e-05
 7.000	18.500	1.3745e-05
 7.000	18.750	3.6214e-06
 7.000	19.000	1.0700e-06
 7.000	19.250	1.0000e-07
 7.000	19.500	1.0000e-07
 7.000	19.750	1.0000e-07
 7.000	20.000	1.0000e-07
 7.000	20.250	1.0000e-07
 7.000	20.500	1.0000e-07
 7.000	20.750	1.0000e-07
 7.000	21.000	1.0000e-07
 7.000	21.250	1.0000e-07
 7.000	21.500	1.0000e-07
 7.000	21.750	1.0000e-07
 7.000	22.000	1.0000e-07
 7.000	22.250	1.0000e-07
 7.000	22.500	1.0000e-07
 7.000	22.750	1.0000e-07
 7.000	23.000	1.0000e-07
 7.000	23.250	1.0000e-07
 7.000	23.500	1.0000e-07
 7.000	23.750	1.0000e-07
 7.000	24.000	1.0000e-07
 7.250	17.000	1.2626e-03
 7.250	17.250	1.2494e-03
 7.250	17.500	1.2267e-03
 7.250	17.750	6.3119e-04
 7.250	18.000	5.9292e-04
 7.250	18.250	2.4626e-04
 7.250	18.500	6.8230e-05
 7.250	18.750	1.3745e-05
 7.250	19.000	3.5391e-06
 7.250	19.250	1.0700e-06
 7.250	19.500	1.0000e-07
 7.250	19.750	1.0000e-07
 7.250	20.000	1.0000e-07
 7.250	20.250	1.0000e-07
 7.250	20.500	1.0000e-07
 7.250	20.750	1.0000e-07
 7.250	21.000	1.0000e-07
 7.250	21.250	1.0000e-07
 7.250	21.500	1.0000e-07
 7.250	21.750	1.0000e-07
 7.250	22.000	1.0000e-07
 7.250	22.250	1.0000e-07
 7.250	22.500	1.0000e-07
 7.250	22.750	1.0000e-07
 7.250	23.000	1.0000e-07
 7.250	23.250	1.0000e-07
 7.250	23.500	1.0000e-07
 7.250	23.750	1.0000e-07
 7.250	24.000	1.0000e-07
 7.500	17.000	1.3202e-03
 7.500	17.250	1.3080e-03
 7.500	17.500	1.2904e-03
 7.500	17.750	1.2635e-03
 7.500	18.000	6.6403e-04
 7.500	18.250	6.2543e-04
 7.500	18.500	2.5078e-04
 7.500	18.750	6.8313e-05
 7.500	19.000	1.3663e-05
 7.500	19.250	3.6214e-06
 7.500	19.500	1.0700e-06
 7.500	19.750	1.0000e-07
 7.500	20.000	1.0000e-07
 7.500	20.250	1.0000e-07
 7.500	20.500	1.0000e-07
 7.500	20.750	1.0000e-07
 7.500	21.000	1.0000e-07
 7.500	21.250	1.0000e-07
 7.500	21.500	1.0000e-07
 7.500	21.750	1.0000e-07
 7.500	22.000	1.0000e-07
 7.500	22.250	1.0000e-07
 7.500	22.500	1.0000e-07
 7.500	22.750	1.0000e-07
 7.500	23.000	1.0000e-07
 7.500	23.250	1.0000e-07
 7.500	23.500	1.0000e-07
 7.500	23.750	1.0000e-07
 7.500	24.000	1.0000e-07
 7.750	17.000	1.3739e-03
 7.750	17.250	1.3663e-03
 7.750	17.500	1.3513e-03
 7.750	17.750	1.3308e-03
 7.750	18.000	1.3003e-03
 7.750	18.250	7.0700e-04
 7.750	18.500	6.6864e-04
 7.750	18.750	2.5523e-04
 7.750	19.000	6.8395e-05
 7.750	19.250	1.3745e-05
 7.750	19.500	3.6214e-06
 7.750	19.750	1.0700e-06
 7.750	20.000	1.0000e-07
 7.750	20.250	1.0000e-07
 7.750	20.500	1.0000e-07
 7.750	20.750	1.0000e-07
 7.750	21.000	1.0000e-07
 7.750	21.250	1.0000e-07
 7.750	21.500	1.0000e-07
 7.750	21.750	1.0000e-07
 7.750	22.000	1.0000e-07
 7.750	22.250	1.0000e-07
 7.750	22.500	1.0000e-07
 7.750	22.750	1.0000e-07
 7.750	23.000	1.0000e-07
 7.750	23.250	1.0000e-07
 7.750	23.500	1.0000e-07
 7.750	23.750	1.0000e-07
 7.750	24.000	1.0000e-07
 8.000	17.000	1.3869e-03
 8.000	17.250	1.3866e-03
 8.000	17.500	1.3807e-03
 8.000	17.750	1.3691e-03
 8.000	18.000	1.3515e-03
 8.000	18.250	1.3226e-03
 8.000	18.500	7.5720e-04
 8.000	18.750	7.1984e-04
 8.000	19.000	2.5909e-04
 8.000	19.250	6.8560e-05
 8.000	19.500	1.3827e-05
 8.000	19.750	3.7037e-06
 8.000	20.000	1.1523e-06
 8.000	20.250	1.0000e-07
 8.000	20.500	1.0000e-07
 8.000	20.750	1.0000e-07
 8.000	21.000	1.0000e-07
 8.000	21.250	1.0000e-07
 8.000	21.500	1.0000e-07
 8.000	21.750	1.0000e-07
 8.000	22.000	1.0000e-07
 8.000	22.250	1.0000e-07
 8.000	22.500	1.0000e-07
 8.000	22.750	1.0000e-07
 8.000	23.000	1.0000e-07
 8.000	23.250	1.0000e-07
 8.000	23.500	1.0000e-07
 8.000	23.750	1.0000e-07
 8.000	24.000	1.0000e-07
 8.250	17.000	1.3920e-03
 8.250	17.250	1.3948e-03
 8.250	17.500	1.3932e-03
 8.250	17.750	1.3874e-03
 8.250	18.000	1.3771e-03
 8.250	18.250	1.3612e-03
 8.250	18.500	1.3332e-03
 8.250	18.750	8.2016e-04
 8.250	19.000	7.8189e-04
 8.250	19.250	2.6313e-04
 8.250	19.500	6.8807e-05
 8.250	19.750	1.4074e-05
 8.250	20.000	3.7860e-06
 8.250	20.250	1.1523e-06
 8.250	20.500	1.0000e-07
 8.250	20.750	1.0000e-07
 8.250	21.000	1.0000e-07
 8.250	21.250	1.0000e-07
 8.250	21.500	1.0000e-07
 8.250	21.750	1.0000e-07
 8.250	22.000	1.0000e-07
 8.250	22.250	1.0000e-07
 8.250	22.500	1.0000e-07
 8.250	22.750	1.0000e-07
 8.250	23.000	1.0000e-07
 8.250	23.250	1.0000e-07
 8.250	23.500	1.0000e-07
 8.250	23.750	1.0000e-07
 8.250	24.000	1.0000e-07
 8.500	17.000	1.3686e-03
 8.500	17.250	1.3724e-03
 8.500	17.500	1.3733e-03
 8.500	17.750	1.3714e-03
 8.500	18.000	1.3673e-03
 8.500	18.250	1.3597e-03
 8.500	18.500	1.3477e-03
 8.500	18.750	1.3217e-03
 8.500	19.000	8.9267e-04
 8.500	19.250	8.5531e-04
 8.500	19.500	2.6321e-04
 8.500	19.750	6.8560e-05
 8.500	20.000	1.4239e-05
 8.500	20.250	3.9506e-06
 8.500	20.500	1.2346e-06
 8.500	20.750	1.0000e-07
 8.500	21.000	1.0000e-07
 8.500	21.250	1.0000e-07
 8.500	21.500	1.0000e-07
 8.500	21.750	1.0000e-07
 8.500	22.000	1.0000e-07
 8.500	22.250	1.0000e-07
 8.500	22.500	1.0000e-07
 8.500	22.750	1.0000e-07
 8.500	23.000	1.0000e-07
 8.500	23.250	1.0000e-07
 8.500	23.500	1.0000e-07
 8.500	23.750	1.0000e-07
 8.500	24.000	1.0000e-07
 8.750	17.000	1.3236e-03
 8.750	17.250	1.3260e-03
 8.750	17.500	1.3268e-03
 8.750	17.750	1.3268e-03
 8.750	18.000	1.3258e-03
 8.750	18.250	1.3236e-03
 8.750	18.500	1.3190e-03
 8.750	18.750	1.3095e-03
 8.750	19.000	1.2793e-03
 8.750	19.250	9.7062e-04
 8.750	19.500	9.3128e-04
 8.750	19.750	2.6214e-04
 8.750	20.000	6.8148e-05
 8.750	20.250	1.4486e-05
 8.750	20.500	4.1152e-06
 8.750	20.750	1.2346e-06
 8.750	21.000	1.0000e-07
 8.750	21.250	1.0000e-07
 8.750	21.500	1.0000e-07
 8.750	21.750	1.0000e-07
 8.750	22.000	1.0000e-07
 8.750	22.250	1.0000e-07
 8.750	22.500	1.0000e-07
 8.750	22.750	1.0000e-07
 8.750	23.000	1.0000e-07
 8.750	23.250	1.0000e-07
 8.750	23.500	1.0000e-07
 8.750	23.750	1.0000e-07
 8.750	24.000	1.0000e-07
 9.000	17.000	1.2693e-03
 9.000	17.250	1.2663e-03
 9.000	17.500	1.2648e-03
 9.000	17.750	1.2643e-03
 9.000	18.000	1.2643e-03
 9.000	18.250	1.2640e-03
 9.000	18.500	1.2633e-03
 9.000	18.750	1.2616e-03
 9.000	19.000	1.2560e-03
 9.000	19.250	1.2260e-03
 9.000	19.500	1.0379e-03
 9.000	19.750	9.9144e-04
 9.000	20.000	2.5959e-04
 9.000	20.250	6.7243e-05
 9.000	20.500	1.4568e-05
 9.000	20.750	4.1975e-06
 9.000	21.000	1.3169e-06
 9.000	21.250	1.0000e-07
 9.000	21.500	1.0000e-07
 9.000	21.750	1.0000e-07
 9.000	22.000	1.0000e-07
 9.000	22.250	1.0000e-07
 9.000	22.500	1.0000e-07
 9.000	22.750	1.0000e-07
 9.000	23.000	1.0000e-07
 9.000	23.250	1.0000e-07
 9.000	23.500	1.0000e-07
 9.000	23.750	1.0000e-07
 9.000	24.000	1.0000e-07
 9.250	17.000	1.2140e-03
 9.250	17.250	1.2066e-03
 9.250	17.500	1.1997e-03
 9.250	17.750	1.1967e-03
 9.250	18.000	1.1959e-03
 9.250	18.250	1.1960e-03
 9.250	18.500	1.1956e-03
 9.250	18.750	1.1940e-03
 9.250	19.000	1.1938e-03
 9.250	19.250	1.1896e-03
 9.250	19.500	1.1458e-03
 9.250	19.750	1.0671e-03
 9.250	20.000	1.0161e-03
 9.250	20.250	2.5654e-04
 9.250	20.500	6.5926e-05
 9.250	20.750	1.4650e-05
 9.250	21.000	4.2798e-06
 9.250	21.250	1.3992e-06
 9.250	21.500	1.0000e-07
 9.250	21.750	1.0000e-07
 9.250	22.000	1.0000e-07
 9.250	22.250	1.0000e-07
 9.250	22.500	1.0000e-07
 9.250	22.750	1.0000e-07
 9.250	23.000	1.0000e-07
 9.250	23.250	1.0000e-07
 9.250	23.500	1.0000e-07
 9.250	23.750	1.0000e-07
 9.250	24.000	1.0000e-07
 9.500	17.000	1.1599e-03
 9.500	17.250	1.1547e-03
 9.500	17.500	1.1435e-03
 9.500	17.750	1.1357e-03
 9.500	18.000	1.1328e-03
 9.500	18.250	1.1321e-03
 9.500	18.500	1.1311e-03
 9.500	18.750	1.1284e-03
 9.500	19.000	1.1240e-03
 9.500	19.250	1.1226e-03
 9.500	19.500	1.1146e-03
 9.500	19.750	1.0323e-03
 9.500	20.000	1.0463e-03
 9.500	20.250	9.9481e-04
 9.500	20.500	2.5391e-04
 9.500	20.750	6.4856e-05
 9.500	21.000	1.4568e-05
 9.500	21.250	4.3621e-06
 9.500	21.500	1.3992e-06
 9.500	21.750	1.0000e-07
 9.500	22.000	1.0000e-07
 9.500	22.250	1.0000e-07
 9.500	22.500	1.0000e-07
 9.500	22.750	1.0000e-07
 9.500	23.000	1.0000e-07
 9.500	23.250	1.0000e-07
 9.500	23.500	1.0000e-07
 9.500	23.750	1.0000e-07
 9.500	24.000	1.0000e-07
 9.750	17.000	1.0978e-03
 9.750	17.250	1.1112e-03
 9.750	17.500	1.1021e-03
 9.750	17.750	1.0909e-03
 9.750	18.000	1.0849e-03
 9.750	18.250	1.0832e-03
 9.750	18.500	1.0812e-03
 9.750	18.750	1.0765e-03
 9.750	19.000	1.0681e-03
 9.750	19.250	1.0593e-03
 9.750	19.500	1.0533e-03
 9.750	19.750	1.0383e-03
 9.750	20.000	1.0017e-03
 9.750	20.250	9.8971e-04
 9.750	20.500	9.3794e-04
 9.750	20.750	2.5226e-04
 9.750	21.000	6.3868e-05
 9.750	21.250	1.4486e-05
 9.750	21.500	4.3621e-06
 9.750	21.750	1.3992e-06
 9.750	22.000	1.0000e-07
 9.750	22.250	1.0000e-07
 9.750	22.500	1.0000e-07
 9.750	22.750	1.0000e-07
 9.750	23.000	1.0000e-07
 9.750	23.250	1.0000e-07
 9.750	23.500	1.0000e-07
 9.750	23.750	1.0000e-07
 9.750	24.000	1.0000e-07
10.000	17.000	1.0113e-03
10.000	17.250	1.0682e-03
10.000	17.500	1.0766e-03
10.000	17.750	1.0682e-03
10.000	18.000	1.0606e-03
10.000	18.250	1.0570e-03
10.000	18.500	1.0536e-03
10.000	18.750	1.0472e-03
10.000	19.000	1.0358e-03
10.000	19.250	1.0204e-03
10.000	19.500	1.0054e-03
10.000	19.750	9.9004e-04
10.000	20.000	9.6025e-04
10.000	20.250	9.4222e-04
10.000	20.500	9.1671e-04
10.000	20.750	8.6741e-04
10.000	21.000	2.5292e-04
10.000	21.250	6.3128e-05
10.000	21.500	1.4403e-05
10.000	21.750	4.3621e-06
10.000	22.000	1.3992e-06
10.000	22.250	1.0000e-07
10.000	22.500	1.0000e-07
10.000	22.750	1.0000e-07
10.000	23.000	1.0000e-07
10.000	23.250	1.0000e-07
10.000	23.500	1.0000e-07
10.000	23.750	1.0000e-07
10.000	24.000	1.0000e-07
10.250	17.000	8.8774e-04
10.250	17.250	1.0072e-03
10.250	17.500	1.0622e-03
10.250	17.750	1.0710e-03
10.250	18.000	1.0663e-03
10.250	18.250	1.0607e-03
10.250	18.500	1.0549e-03
10.250	18.750	1.0472e-03
10.250	19.000	1.0333e-03
10.250	19.250	1.0128e-03
10.250	19.500	9.8840e-04
10.250	19.750	9.6329e-04
10.250	20.000	9.3547e-04
10.250	20.250	8.9440e-04
10.250	20.500	8.7416e-04
10.250	20.750	8.5490e-04
10.250	21.000	8.0938e-04
10.250	21.250	2.5317e-04
10.250	21.500	6.2716e-05
10.250	21.750	1.4239e-05
10.250	22.000	4.2798e-06
10.250	22.250	1.3992e-06
10.250	22.500	1.0000e-07
10.250	22.750	1.0000e-07
10.250	23.000	1.0000e-07
10.250	23.250	1.0000e-07
10.250	23.500	1.0000e-07
10.250	23.750	1.0000e-07
10.250	24.000	1.0000e-07
10.500	17.000	7.4757e-04
10.500	17.250	9.2354e-04
10.500	17.500	1.0430e-03
10.500	17.750	1.0996e-03
10.500	18.000	1.1099e-03
10.500	18.250	1.1032e-03
10.500	18.500	1.0935e-03
10.500	18.750	1.0827e-03
10.500	19.000	1.0670e-03
10.500	19.250	1.0421e-03
10.500	19.500	1.0101e-03
10.500	19.750	9.7407e-04
10.500	20.000	9.3457e-04
10.500	20.250	8.8996e-04
10.500	20.500	8.4058e-04
10.500	20.750	8.2634e-04
10.500	21.000	8.2683e-04
10.500	21.250	7.7177e-04
10.500	21.500	2.5572e-04
10.500	21.750	6.2469e-05
10.500	22.000	1.3909e-05
10.500	22.250	4.1975e-06
10.500	22.500	1.3992e-06
10.500	22.750	1.0000e-07
10.500	23.000	1.0000e-07
10.500	23.250	1.0000e-07
10.500	23.500	1.0000e-07
10.500	23.750	1.0000e-07
10.500	24.000	1.0000e-07
10.750	17.000	6.0749e-04
10.750	17.250	8.1053e-04
10.750	17.500	1.0085e-03
10.750	17.750	1.1413e-03
10.750	18.000	1.1936e-03
10.750	18.250	1.1959e-03
10.750	18.500	1.1802e-03
10.750	18.750	1.1633e-03
10.750	19.000	1.1437e-03
10.750	19.250	1.1151e-03
10.750	19.500	1.0751e-03
10.750	19.750	1.0270e-03
10.750	20.000	9.7432e-04
10.750	20.250	9.1671e-04
10.750	20.500	8.5366e-04
10.750	20.750	8.1909e-04
10.750	21.000	8.1951e-04
10.750	21.250	8.2675e-04
10.750	21.500	7.7218e-04
10.750	21.750	2.5835e-04
10.750	22.000	6.2716e-05
10.750	22.250	1.3580e-05
10.750	22.500	4.1152e-06
10.750	22.750	1.3169e-06
10.750	23.000	1.0000e-07
10.750	23.250	1.0000e-07
10.750	23.500	1.0000e-07
10.750	23.750	1.0000e-07
10.750	24.000	1.0000e-07
11.000	17.000	4.8156e-04
11.000	17.250	6.7770e-04
11.000	17.500	9.2510e-04
11.000	17.750	1.1626e-03
11.000	18.000	1.2950e-03
11.000	18.250	1.3328e-03
11.000	18.500	1.3241e-03
11.000	18.750	1.2983e-03
11.000	19.000	1.2695e-03
11.000	19.250	1.2341e-03
11.000	19.500	1.1855e-03
11.000	19.750	1.1236e-03
11.000	20.000	1.0547e-03
11.000	20.250	9.8082e-04
11.000	20.500	9.0486e-04
11.000	20.750	8.4996e-04
11.000	21.000	8.3259e-04
11.000	21.250	8.4099e-04
11.000	21.500	8.6840e-04
11.000	21.750	7.6700e-04
11.000	22.000	2.6733e-04
11.000	22.250	6.3210e-05
11.000	22.500	1.3004e-05
11.000	22.750	3.9506e-06
11.000	23.000	1.3169e-06
11.000	23.250	1.0000e-07
11.000	23.500	1.0000e-07
11.000	23.750	1.0000e-07
11.000	24.000	1.0000e-07
11.250	17.000	3.7333e-04
11.250	17.250	5.3926e-04
11.250	17.500	7.8165e-04
11.250	17.750	1.0876e-03
11.250	18.000	1.3440e-03
11.250	18.250	1.4739e-03
11.250	18.500	1.5045e-03
11.250	18.750	1.4822e-03
11.250	19.000	1.4399e-03
11.250	19.250	1.3920e-03
11.250	19.500	1.3325e-03
11.250	19.750	1.2556e-03
11.250	20.000	1.1665e-03
11.250	20.250	1.0737e-03
11.250	20.500	9.8173e-04
11.250	20.750	9.0461e-04
11.250	21.000	8.7770e-04
11.250	21.250	8.7342e-04
11.250	21.500	8.8387e-04
11.250	21.750	8.7572e-04
11.250	22.000	6.9449e-04
11.250	22.250	2.6864e-04
11.250	22.500	6.4527e-05
11.250	22.750	1.2346e-05
11.250	23.000	3.7037e-06
11.250	23.250	1.2346e-06
11.250	23.500	1.0000e-07
11.250	23.750	1.0000e-07
11.250	24.000	1.0000e-07
11.500	17.000	2.8346e-04
11.500	17.250	4.0905e-04
11.500	17.500	6.0354e-04
11.500	17.750	8.9218e-04
11.500	18.000	1.2358e-03
11.500	18.250	1.5182e-03
11.500	18.500	1.6553e-03
11.500	18.750	1.6756e-03
11.500	19.000	1.6326e-03
11.500	19.250	1.5681e-03
11.500	19.500	1.4937e-03
11.500	19.750	1.4024e-03
11.500	20.000	1.2943e-03
11.500	20.250	1.1791e-03
11.500	20.500	1.0701e-03
11.500	20.750	9.8461e-04
11.500	21.000	9.4428e-04
11.500	21.250	9.1835e-04
11.500	21.500	8.9646e-04
11.500	21.750	8.6658e-04
11.500	22.000	8.2115e-04
11.500	22.250	5.9580e-04
11.500	22.500	2.6074e-04
11.500	22.750	6.6667e-05
11.500	23.000	1.1605e-05
11.500	23.250	3.4568e-06
11.500	23.500	1.1523e-06
11.500	23.750	1.0000e-07
11.500	24.000	1.0000e-07
11.750	17.000	2.1128e-04
11.750	17.250	2.9802e-04
11.750	17.500	4.3169e-04
11.750	17.750	6.4774e-04
11.750	18.000	9.6568e-04
11.750	18.250	1.3533e-03
11.750	18.500	1.6703e-03
11.750	18.750	1.7998e-03
11.750	19.000	1.7983e-03
11.750	19.250	1.7306e-03
11.750	19.500	1.6388e-03
11.750	19.750	1.5329e-03
11.750	20.000	1.4102e-03
11.750	20.250	1.2765e-03
11.750	20.500	1.1486e-03
11.750	20.750	1.0511e-03
11.750	21.000	1.0107e-03
11.750	21.250	9.7737e-04
11.750	21.500	9.1901e-04
11.750	21.750	8.5778e-04
11.750	22.000	7.9638e-04
11.750	22.250	7.2510e-04
11.750	22.500	4.8634e-04
11.750	22.750	2.4272e-04
11.750	23.000	6.8724e-05
11.750	23.250	1.0864e-05
11.750	23.500	3.1276e-06
11.750	23.750	1.0700e-06
11.750	24.000	1.0000e-07
12.000	17.000	1.5564e-04
12.000	17.250	2.1226e-04
12.000	17.500	2.9416e-04
12.000	17.750	4.3103e-04
12.000	18.000	6.5959e-04
12.000	18.250	1.0135e-03
12.000	18.500	1.4448e-03
12.000	18.750	1.7696e-03
12.000	19.000	1.8783e-03
12.000	19.250	1.8522e-03
12.000	19.500	1.7564e-03
12.000	19.750	1.6380e-03
12.000	20.000	1.5012e-03
12.000	20.250	1.3550e-03
12.000	20.500	1.2129e-03
12.000	20.750	1.1077e-03
12.000	21.000	1.0593e-03
12.000	21.250	1.0342e-03
12.000	21.500	9.6568e-04
12.000	21.750	8.6115e-04
12.000	22.000	7.7457e-04
12.000	22.250	7.0337e-04
12.000	22.500	6.0782e-04
12.000	22.750	3.9794e-04
12.000	23.000	2.1877e-04
12.000	23.250	7.1934e-05
12.000	23.500	1.0288e-05
12.000	23.750	2.8807e-06
12.000	24.000	9.0535e-07
12.250	17.000	1.1325e-04
12.250	17.250	1.5021e-04
12.250	17.500	1.9786e-04
12.250	17.750	2.7440e-04
12.250	18.000	4.1424e-04
12.250	18.250	6.6272e-04
12.250	18.500	1.0634e-03
12.250	18.750	1.5016e-03
12.250	19.000	1.7784e-03
12.250	19.250	1.8681e-03
12.250	19.500	1.8313e-03
12.250	19.750	1.7164e-03
12.250	20.000	1.5668e-03
12.250	20.250	1.4129e-03
12.250	20.500	1.2644e-03
12.250	20.750	1.1637e-03
12.250	21.000	1.1499e-03
12.250	21.250	1.1025e-03
12.250	21.500	1.0290e-03
12.250	21.750	8.9695e-04
12.250	22.000	7.7646e-04
12.250	22.250	6.9004e-04
12.250	22.500	6.0881e-04
12.250	22.750	4.8370e-04
12.250	23.000	3.1959e-04
12.250	23.250	1.8469e-04
12.250	23.500	7.0453e-05
12.250	23.750	9.9588e-06
12.250	24.000	2.6337e-06
12.500	17.000	8.1893e-05
12.500	17.250	1.0593e-04
12.500	17.500	1.3416e-04
12.500	17.750	1.7490e-04
12.500	18.000	2.4897e-04
12.500	18.250	3.9638e-04
12.500	18.500	6.7136e-04
12.500	18.750	1.0894e-03
12.500	19.000	1.4860e-03
12.500	19.250	1.7104e-03
12.500	19.500	1.7647e-03
12.500	19.750	1.7326e-03
12.500	20.000	1.6226e-03
12.500	20.250	1.4636e-03
12.500	20.500	1.3165e-03
12.500	20.750	1.2245e-03
12.500	21.000	1.2056e-03
12.500	21.250	1.1957e-03
12.500	21.500	1.1066e-03
12.500	21.750	9.7259e-04
12.500	22.000	8.1004e-04
12.500	22.250	7.0091e-04
12.500	22.500	6.2156e-04
12.500	22.750	5.2305e-04
12.500	23.000	4.0066e-04
12.500	23.250	2.6099e-04
12.500	23.500	1.5498e-04
12.500	23.750	6.5267e-05
12.500	24.000	9.6296e-06
12.750	17.000	5.8601e-05
12.750	17.250	7.4815e-05
12.750	17.500	9.1852e-05
12.750	17.750	1.1399e-04
12.750	18.000	1.5086e-04
12.750	18.250	2.2617e-04
12.750	18.500	3.7951e-04
12.750	18.750	6.6132e-04
12.750	19.000	1.0247e-03
12.750	19.250	1.3838e-03
12.750	19.500	1.5584e-03
12.750	19.750	1.6013e-03
12.750	20.000	1.5900e-03
12.750	20.250	1.5163e-03
12.750	20.500	1.3848e-03
12.750	20.750	1.2725e-03
12.750	21.000	1.2692e-03
12.750	21.250	1.2881e-03
12.750	21.500	1.2270e-03
12.750	21.750	1.0754e-03
12.750	22.000	9.1062e-04
12.750	22.250	7.2979e-04
12.750	22.500	6.5128e-04
12.750	22.750	5.5119e-04
12.750	23.000	4.4395e-04
12.750	23.250	3.2477e-04
12.750	23.500	2.1243e-04
12.750	23.750	1.2947e-04
12.750	24.000	5.9259e-05
13.000	17.000	4.0247e-05
13.000	17.250	5.2510e-05
13.000	17.500	6.3292e-05
13.000	17.750	7.5638e-05
13.000	18.000	9.4568e-05
13.000	18.250	1.3037e-04
13.000	18.500	2.0757e-04
13.000	18.750	3.5391e-04
13.000	19.000	6.0016e-04
13.000	19.250	9.2733e-04
13.000	19.500	1.1550e-03
13.000	19.750	1.3338e-03
13.000	20.000	1.3998e-03
13.000	20.250	1.4654e-03
13.000	20.500	1.4960e-03
13.000	20.750	1.4515e-03
13.000	21.000	1.4122e-03
13.000	21.250	1.4523e-03
13.000	21.500	1.3659e-03
13.000	21.750	1.2398e-03
13.000	22.000	1.0533e-03
13.000	22.250	8.6337e-04
13.000	22.500	6.9267e-04
13.000	22.750	6.2823e-04
13.000	23.000	4.9399e-04
13.000	23.250	3.7860e-04
13.000	23.500	2.5844e-04
13.000	23.750	1.7407e-04
13.000	24.000	1.0938e-04
13.250	17.000	2.6996e-05
13.250	17.250	3.5885e-05
13.250	17.500	4.3457e-05
13.250	17.750	5.0617e-05
13.250	18.000	6.0658e-05
13.250	18.250	7.8189e-05
13.250	18.500	1.1235e-04
13.250	18.750	1.7992e-04
13.250	19.000	2.9753e-04
13.250	19.250	4.7531e-04
13.250	19.500	6.8453e-04
13.250	19.750	9.5424e-04
13.250	20.000	1.0657e-03
13.250	20.250	1.1774e-03
13.250	20.500	1.3150e-03
13.250	20.750	1.4628e-03
13.250	21.000	1.5782e-03
13.250	21.250	1.6797e-03
13.250	21.500	1.5709e-03
13.250	21.750	1.4010e-03
13.250	22.000	1.2670e-03
13.250	22.250	1.0375e-03
13.250	22.500	7.8741e-04
13.250	22.750	6.4683e-04
13.250	23.000	5.5202e-04
13.250	23.250	4.3523e-04
13.250	23.500	3.2543e-04
13.250	23.750	2.1934e-04
13.250	24.000	1.4691e-04
13.500	17.000	1.7284e-05
13.500	17.250	2.3951e-05
13.500	17.500	2.9465e-05
13.500	17.750	3.3909e-05
13.500	18.000	3.9424e-05
13.500	18.250	4.8313e-05
13.500	18.500	6.3704e-05
13.500	18.750	9.1193e-05
13.500	19.000	1.3860e-04
13.500	19.250	2.1144e-04
13.500	19.500	3.2469e-04
13.500	19.750	4.5037e-04
13.500	20.000	5.6593e-04
13.500	20.250	6.9449e-04
13.500	20.500	8.5374e-04
13.500	20.750	1.0455e-03
13.500	21.000	1.2096e-03
13.500	21.250	1.3880e-03
13.500	21.500	1.3331e-03
13.500	21.750	1.3844e-03
13.500	22.000	1.2463e-03
13.500	22.250	1.1504e-03
13.500	22.500	9.3210e-04
13.500	22.750	7.2469e-04
13.500	23.000	5.4247e-04
13.500	23.250	4.8387e-04
13.500	23.500	3.8955e-04
13.500	23.750	2.9119e-04
13.500	24.000	1.9086e-04
13.750	17.000	1.0453e-05
13.750	17.250	1.5226e-05
13.750	17.500	1.9424e-05
13.750	17.750	2.2469e-05
13.750	18.000	2.5514e-05
13.750	18.250	2.9959e-05
13.750	18.500	3.7037e-05
13.750	18.750	4.8313e-05
13.750	19.000	6.5597e-05
13.750	19.250	8.9959e-05
13.750	19.500	1.2527e-04
13.750	19.750	1.7490e-04
13.750	20.000	2.4165e-04
13.750	20.250	3.0255e-04
13.750	20.500	3.8436e-04
13.750	20.750	4.8831e-04
13.750	21.000	5.8428e-04
13.750	21.250	6.5786e-04
13.750	21.500	8.1663e-04
13.750	21.750	9.4584e-04
13.750	22.000	1.0327e-03
13.750	22.250	1.1185e-03
13.750	22.500	1.0488e-03
13.750	22.750	8.8420e-04
13.750	23.000	6.1111e-04
13.750	23.250	4.9572e-04
13.750	23.500	4.3885e-04
13.750	23.750	3.7679e-04
13.750	24.000	2.6905e-04
14.000	17.000	6.0082e-06
14.000	17.250	9.1358e-06
14.000	17.500	1.2428e-05
14.000	17.750	1.4486e-05
14.000	18.000	1.6296e-05
14.000	18.250	1.8436e-05
14.000	18.500	2.1564e-05
14.000	18.750	2.6008e-05
14.000	19.000	3.2346e-05
14.000	19.250	4.0329e-05
14.000	19.500	5.0947e-05
14.000	19.750	6.4938e-05
14.000	20.000	8.3457e-05
14.000	20.250	1.0642e-04
14.000	20.500	1.3309e-04
14.000	20.750	1.5547e-04
14.000	21.000	1.9967e-04
14.000	21.250	2.5770e-04
14.000	21.500	2.9152e-04
14.000	21.750	4.0016e-04
14.000	22.000	5.3523e-04
14.000	22.250	7.5267e-04
14.000	22.500	1.0222e-03
14.000	22.750	1.0956e-03
14.000	23.000	9.3416e-04
14.000	23.250	6.1136e-04
14.000	23.500	4.8428e-04
14.000	23.750	4.4626e-04
14.000	24.000	3.9111e-04
