He 2 1.01242m  relative to Inci 1215.00A scaled to 1215A.
Hden   Phi(H)  Eq_Width (A)
 7.000	17.000	8.3885e-04
 7.000	17.250	8.1300e-04
 7.000	17.500	7.8008e-04
 7.000	17.750	7.4049e-04
 7.000	18.000	3.1827e-04
 7.000	18.250	8.4198e-05
 7.000	18.500	1.2593e-05
 7.000	18.750	3.2099e-06
 7.000	19.000	9.8765e-07
 7.000	19.250	1.0000e-07
 7.000	19.500	1.0000e-07
 7.000	19.750	1.0000e-07
 7.000	20.000	1.0000e-07
 7.000	20.250	1.0000e-07
 7.000	20.500	1.0000e-07
 7.000	20.750	1.0000e-07
 7.000	21.000	1.0000e-07
 7.000	21.250	1.0000e-07
 7.000	21.500	1.0000e-07
 7.000	21.750	1.0000e-07
 7.000	22.000	1.0000e-07
 7.000	22.250	1.0000e-07
 7.000	22.500	1.0000e-07
 7.000	22.750	1.0000e-07
 7.000	23.000	1.0000e-07
 7.000	23.250	1.0000e-07
 7.000	23.500	1.0000e-07
 7.000	23.750	1.0000e-07
 7.000	24.000	1.0000e-07
 7.250	17.000	8.4494e-04
 7.250	17.250	8.2486e-04
 7.250	17.500	8.0058e-04
 7.250	17.750	7.6840e-04
 7.250	18.000	7.3012e-04
 7.250	18.250	3.1358e-04
 7.250	18.500	8.3704e-05
 7.250	18.750	1.2840e-05
 7.250	19.000	3.2922e-06
 7.250	19.250	9.8765e-07
 7.250	19.500	1.0000e-07
 7.250	19.750	1.0000e-07
 7.250	20.000	1.0000e-07
 7.250	20.250	1.0000e-07
 7.250	20.500	1.0000e-07
 7.250	20.750	1.0000e-07
 7.250	21.000	1.0000e-07
 7.250	21.250	1.0000e-07
 7.250	21.500	1.0000e-07
 7.250	21.750	1.0000e-07
 7.250	22.000	1.0000e-07
 7.250	22.250	1.0000e-07
 7.250	22.500	1.0000e-07
 7.250	22.750	1.0000e-07
 7.250	23.000	1.0000e-07
 7.250	23.250	1.0000e-07
 7.250	23.500	1.0000e-07
 7.250	23.750	1.0000e-07
 7.250	24.000	1.0000e-07
 7.500	17.000	8.4477e-04
 7.500	17.250	8.3037e-04
 7.500	17.500	8.1177e-04
 7.500	17.750	7.8914e-04
 7.500	18.000	7.5786e-04
 7.500	18.250	7.2091e-04
 7.500	18.500	3.0979e-04
 7.500	18.750	8.3292e-05
 7.500	19.000	1.3086e-05
 7.500	19.250	3.3745e-06
 7.500	19.500	9.8765e-07
 7.500	19.750	1.0000e-07
 7.500	20.000	1.0000e-07
 7.500	20.250	1.0000e-07
 7.500	20.500	1.0000e-07
 7.500	20.750	1.0000e-07
 7.500	21.000	1.0000e-07
 7.500	21.250	1.0000e-07
 7.500	21.500	1.0000e-07
 7.500	21.750	1.0000e-07
 7.500	22.000	1.0000e-07
 7.500	22.250	1.0000e-07
 7.500	22.500	1.0000e-07
 7.500	22.750	1.0000e-07
 7.500	23.000	1.0000e-07
 7.500	23.250	1.0000e-07
 7.500	23.500	1.0000e-07
 7.500	23.750	1.0000e-07
 7.500	24.000	1.0000e-07
 7.750	17.000	8.3745e-04
 7.750	17.250	8.3045e-04
 7.750	17.500	8.1737e-04
 7.750	17.750	8.0016e-04
 7.750	18.000	7.7909e-04
 7.750	18.250	7.4881e-04
 7.750	18.500	7.1325e-04
 7.750	18.750	3.0527e-04
 7.750	19.000	8.2551e-05
 7.750	19.250	1.3333e-05
 7.750	19.500	3.4568e-06
 7.750	19.750	1.0700e-06
 7.750	20.000	1.0000e-07
 7.750	20.250	1.0000e-07
 7.750	20.500	1.0000e-07
 7.750	20.750	1.0000e-07
 7.750	21.000	1.0000e-07
 7.750	21.250	1.0000e-07
 7.750	21.500	1.0000e-07
 7.750	21.750	1.0000e-07
 7.750	22.000	1.0000e-07
 7.750	22.250	1.0000e-07
 7.750	22.500	1.0000e-07
 7.750	22.750	1.0000e-07
 7.750	23.000	1.0000e-07
 7.750	23.250	1.0000e-07
 7.750	23.500	1.0000e-07
 7.750	23.750	1.0000e-07
 7.750	24.000	1.0000e-07
 8.000	17.000	8.1144e-04
 8.000	17.250	8.1243e-04
 8.000	17.500	8.0815e-04
 8.000	17.750	7.9860e-04
 8.000	18.000	7.8486e-04
 8.000	18.250	7.6683e-04
 8.000	18.500	7.3844e-04
 8.000	18.750	7.0428e-04
 8.000	19.000	2.9992e-04
 8.000	19.250	8.1728e-05
 8.000	19.500	1.3663e-05
 8.000	19.750	3.5391e-06
 8.000	20.000	1.0700e-06
 8.000	20.250	1.0000e-07
 8.000	20.500	1.0000e-07
 8.000	20.750	1.0000e-07
 8.000	21.000	1.0000e-07
 8.000	21.250	1.0000e-07
 8.000	21.500	1.0000e-07
 8.000	21.750	1.0000e-07
 8.000	22.000	1.0000e-07
 8.000	22.250	1.0000e-07
 8.000	22.500	1.0000e-07
 8.000	22.750	1.0000e-07
 8.000	23.000	1.0000e-07
 8.000	23.250	1.0000e-07
 8.000	23.500	1.0000e-07
 8.000	23.750	1.0000e-07
 8.000	24.000	1.0000e-07
 8.250	17.000	7.9366e-04
 8.250	17.250	8.0033e-04
 8.250	17.500	8.0198e-04
 8.250	17.750	7.9844e-04
 8.250	18.000	7.8963e-04
 8.250	18.250	7.7712e-04
 8.250	18.500	7.6099e-04
 8.250	18.750	7.3490e-04
 8.250	19.000	7.0156e-04
 8.250	19.250	2.9506e-04
 8.250	19.500	8.0658e-05
 8.250	19.750	1.3909e-05
 8.250	20.000	3.7037e-06
 8.250	20.250	1.1523e-06
 8.250	20.500	1.0000e-07
 8.250	20.750	1.0000e-07
 8.250	21.000	1.0000e-07
 8.250	21.250	1.0000e-07
 8.250	21.500	1.0000e-07
 8.250	21.750	1.0000e-07
 8.250	22.000	1.0000e-07
 8.250	22.250	1.0000e-07
 8.250	22.500	1.0000e-07
 8.250	22.750	1.0000e-07
 8.250	23.000	1.0000e-07
 8.250	23.250	1.0000e-07
 8.250	23.500	1.0000e-07
 8.250	23.750	1.0000e-07
 8.250	24.000	1.0000e-07
 8.500	17.000	7.7300e-04
 8.500	17.250	7.8560e-04
 8.500	17.500	7.9276e-04
 8.500	17.750	7.9481e-04
 8.500	18.000	7.9185e-04
 8.500	18.250	7.8346e-04
 8.500	18.500	7.7251e-04
 8.500	18.750	7.5877e-04
 8.500	19.000	7.3621e-04
 8.500	19.250	7.0346e-04
 8.500	19.500	2.8905e-04
 8.500	19.750	7.9177e-05
 8.500	20.000	1.4074e-05
 8.500	20.250	3.7860e-06
 8.500	20.500	1.1523e-06
 8.500	20.750	1.0000e-07
 8.500	21.000	1.0000e-07
 8.500	21.250	1.0000e-07
 8.500	21.500	1.0000e-07
 8.500	21.750	1.0000e-07
 8.500	22.000	1.0000e-07
 8.500	22.250	1.0000e-07
 8.500	22.500	1.0000e-07
 8.500	22.750	1.0000e-07
 8.500	23.000	1.0000e-07
 8.500	23.250	1.0000e-07
 8.500	23.500	1.0000e-07
 8.500	23.750	1.0000e-07
 8.500	24.000	1.0000e-07
 8.750	17.000	7.4971e-04
 8.750	17.250	7.6856e-04
 8.750	17.500	7.8181e-04
 8.750	17.750	7.8938e-04
 8.750	18.000	7.9177e-04
 8.750	18.250	7.8897e-04
 8.750	18.500	7.8123e-04
 8.750	18.750	7.7243e-04
 8.750	19.000	7.6198e-04
 8.750	19.250	7.4403e-04
 8.750	19.500	7.1152e-04
 8.750	19.750	2.8230e-04
 8.750	20.000	7.7695e-05
 8.750	20.250	1.4239e-05
 8.750	20.500	3.8683e-06
 8.750	20.750	1.2346e-06
 8.750	21.000	1.0000e-07
 8.750	21.250	1.0000e-07
 8.750	21.500	1.0000e-07
 8.750	21.750	1.0000e-07
 8.750	22.000	1.0000e-07
 8.750	22.250	1.0000e-07
 8.750	22.500	1.0000e-07
 8.750	22.750	1.0000e-07
 8.750	23.000	1.0000e-07
 8.750	23.250	1.0000e-07
 8.750	23.500	1.0000e-07
 8.750	23.750	1.0000e-07
 8.750	24.000	1.0000e-07
 9.000	17.000	7.2379e-04
 9.000	17.250	7.4872e-04
 9.000	17.500	7.6840e-04
 9.000	17.750	7.8222e-04
 9.000	18.000	7.9004e-04
 9.000	18.250	7.9259e-04
 9.000	18.500	7.9037e-04
 9.000	18.750	7.8502e-04
 9.000	19.000	7.7951e-04
 9.000	19.250	7.7202e-04
 9.000	19.500	7.5984e-04
 9.000	19.750	7.2807e-04
 9.000	20.000	2.7547e-04
 9.000	20.250	7.5885e-05
 9.000	20.500	1.4321e-05
 9.000	20.750	3.9506e-06
 9.000	21.000	1.2346e-06
 9.000	21.250	1.0000e-07
 9.000	21.500	1.0000e-07
 9.000	21.750	1.0000e-07
 9.000	22.000	1.0000e-07
 9.000	22.250	1.0000e-07
 9.000	22.500	1.0000e-07
 9.000	22.750	1.0000e-07
 9.000	23.000	1.0000e-07
 9.000	23.250	1.0000e-07
 9.000	23.500	1.0000e-07
 9.000	23.750	1.0000e-07
 9.000	24.000	1.0000e-07
 9.250	17.000	6.9309e-04
 9.250	17.250	7.2535e-04
 9.250	17.500	7.5136e-04
 9.250	17.750	7.7177e-04
 9.250	18.000	7.8576e-04
 9.250	18.250	7.9374e-04
 9.250	18.500	7.9720e-04
 9.250	18.750	7.9687e-04
 9.250	19.000	7.9416e-04
 9.250	19.250	7.9465e-04
 9.250	19.500	7.9350e-04
 9.250	19.750	7.8593e-04
 9.250	20.000	7.5646e-04
 9.250	20.250	2.6947e-04
 9.250	20.500	7.4486e-05
 9.250	20.750	1.4403e-05
 9.250	21.000	4.1152e-06
 9.250	21.250	1.3169e-06
 9.250	21.500	1.0000e-07
 9.250	21.750	1.0000e-07
 9.250	22.000	1.0000e-07
 9.250	22.250	1.0000e-07
 9.250	22.500	1.0000e-07
 9.250	22.750	1.0000e-07
 9.250	23.000	1.0000e-07
 9.250	23.250	1.0000e-07
 9.250	23.500	1.0000e-07
 9.250	23.750	1.0000e-07
 9.250	24.000	1.0000e-07
 9.500	17.000	6.5300e-04
 9.500	17.250	6.9728e-04
 9.500	17.500	7.3053e-04
 9.500	17.750	7.5704e-04
 9.500	18.000	7.7728e-04
 9.500	18.250	7.9144e-04
 9.500	18.500	8.0025e-04
 9.500	18.750	8.0576e-04
 9.500	19.000	8.0864e-04
 9.500	19.250	8.1202e-04
 9.500	19.500	8.1835e-04
 9.500	19.750	8.2239e-04
 9.500	20.000	8.2757e-04
 9.500	20.250	8.0329e-04
 9.500	20.500	2.6519e-04
 9.500	20.750	7.2757e-05
 9.500	21.000	1.4486e-05
 9.500	21.250	4.1975e-06
 9.500	21.500	1.3169e-06
 9.500	21.750	1.0000e-07
 9.500	22.000	1.0000e-07
 9.500	22.250	1.0000e-07
 9.500	22.500	1.0000e-07
 9.500	22.750	1.0000e-07
 9.500	23.000	1.0000e-07
 9.500	23.250	1.0000e-07
 9.500	23.500	1.0000e-07
 9.500	23.750	1.0000e-07
 9.500	24.000	1.0000e-07
 9.750	17.000	5.9514e-04
 9.750	17.250	6.6025e-04
 9.750	17.500	7.0560e-04
 9.750	17.750	7.3893e-04
 9.750	18.000	7.6502e-04
 9.750	18.250	7.8510e-04
 9.750	18.500	7.9975e-04
 9.750	18.750	8.1021e-04
 9.750	19.000	8.1794e-04
 9.750	19.250	8.2568e-04
 9.750	19.500	8.3613e-04
 9.750	19.750	8.5160e-04
 9.750	20.000	8.7045e-04
 9.750	20.250	8.9424e-04
 9.750	20.500	8.7053e-04
 9.750	20.750	2.6337e-04
 9.750	21.000	7.1276e-05
 9.750	21.250	1.4486e-05
 9.750	21.500	4.3621e-06
 9.750	21.750	1.3992e-06
 9.750	22.000	1.0000e-07
 9.750	22.250	1.0000e-07
 9.750	22.500	1.0000e-07
 9.750	22.750	1.0000e-07
 9.750	23.000	1.0000e-07
 9.750	23.250	1.0000e-07
 9.750	23.500	1.0000e-07
 9.750	23.750	1.0000e-07
 9.750	24.000	1.0000e-07
10.000	17.000	5.1276e-04
10.000	17.250	6.0650e-04
10.000	17.500	6.7317e-04
10.000	17.750	7.1811e-04
10.000	18.000	7.5078e-04
10.000	18.250	7.7621e-04
10.000	18.500	7.9572e-04
10.000	18.750	8.1095e-04
10.000	19.000	8.2346e-04
10.000	19.250	8.3539e-04
10.000	19.500	8.4971e-04
10.000	19.750	8.6947e-04
10.000	20.000	9.0444e-04
10.000	20.250	9.4008e-04
10.000	20.500	9.7778e-04
10.000	20.750	9.0864e-04
10.000	21.000	2.6576e-04
10.000	21.250	7.0041e-05
10.000	21.500	1.4486e-05
10.000	21.750	4.4444e-06
10.000	22.000	1.3992e-06
10.000	22.250	1.0000e-07
10.000	22.500	1.0000e-07
10.000	22.750	1.0000e-07
10.000	23.000	1.0000e-07
10.000	23.250	1.0000e-07
10.000	23.500	1.0000e-07
10.000	23.750	1.0000e-07
10.000	24.000	1.0000e-07
10.250	17.000	4.0749e-04
10.250	17.250	5.2436e-04
10.250	17.500	6.2593e-04
10.250	17.750	6.9210e-04
10.250	18.000	7.3556e-04
10.250	18.250	7.6634e-04
10.250	18.500	7.8947e-04
10.250	18.750	8.0881e-04
10.250	19.000	8.2617e-04
10.250	19.250	8.4263e-04
10.250	19.500	8.6115e-04
10.250	19.750	8.8593e-04
10.250	20.000	9.2123e-04
10.250	20.250	9.7210e-04
10.250	20.500	1.0109e-03
10.250	20.750	9.9605e-04
10.250	21.000	8.5259e-04
10.250	21.250	2.7202e-04
10.250	21.500	6.9300e-05
10.250	21.750	1.4403e-05
10.250	22.000	4.5267e-06
10.250	22.250	1.4815e-06
10.250	22.500	1.0000e-07
10.250	22.750	1.0000e-07
10.250	23.000	1.0000e-07
10.250	23.250	1.0000e-07
10.250	23.500	1.0000e-07
10.250	23.750	1.0000e-07
10.250	24.000	1.0000e-07
10.500	17.000	3.0412e-04
10.500	17.250	4.2535e-04
10.500	17.500	5.5086e-04
10.500	17.750	6.5416e-04
10.500	18.000	7.1737e-04
10.500	18.250	7.5572e-04
10.500	18.500	7.8206e-04
10.500	18.750	8.0461e-04
10.500	19.000	8.2658e-04
10.500	19.250	8.4872e-04
10.500	19.500	8.7350e-04
10.500	19.750	9.0198e-04
10.500	20.000	9.4041e-04
10.500	20.250	9.9045e-04
10.500	20.500	1.0250e-03
10.500	20.750	9.9078e-04
10.500	21.000	8.9325e-04
10.500	21.250	8.7745e-04
10.500	21.500	2.8148e-04
10.500	21.750	6.9218e-05
10.500	22.000	1.4239e-05
10.500	22.250	4.6091e-06
10.500	22.500	1.5638e-06
10.500	22.750	1.0000e-07
10.500	23.000	1.0000e-07
10.500	23.250	1.0000e-07
10.500	23.500	1.0000e-07
10.500	23.750	1.0000e-07
10.500	24.000	1.0000e-07
10.750	17.000	2.1621e-04
10.750	17.250	3.1778e-04
10.750	17.500	4.5498e-04
10.750	17.750	5.9128e-04
10.750	18.000	6.8774e-04
10.750	18.250	7.4239e-04
10.750	18.500	7.7374e-04
10.750	18.750	7.9959e-04
10.750	19.000	8.2617e-04
10.750	19.250	8.5325e-04
10.750	19.500	8.8379e-04
10.750	19.750	9.1786e-04
10.750	20.000	9.5893e-04
10.750	20.250	1.0083e-03
10.750	20.500	1.0347e-03
10.750	20.750	9.8667e-04
10.750	21.000	8.6551e-04
10.750	21.250	7.6198e-04
10.750	21.500	7.5942e-04
10.750	21.750	2.7835e-04
10.750	22.000	7.0206e-05
10.750	22.250	1.4156e-05
10.750	22.500	4.6914e-06
10.750	22.750	1.5638e-06
10.750	23.000	1.0000e-07
10.750	23.250	1.0000e-07
10.750	23.500	1.0000e-07
10.750	23.750	1.0000e-07
10.750	24.000	1.0000e-07
11.000	17.000	1.5004e-04
11.000	17.250	2.2123e-04
11.000	17.500	3.3984e-04
11.000	17.750	4.9827e-04
11.000	18.000	6.3251e-04
11.000	18.250	7.1514e-04
11.000	18.500	7.6354e-04
11.000	18.750	7.9539e-04
11.000	19.000	8.2535e-04
11.000	19.250	8.5712e-04
11.000	19.500	8.9185e-04
11.000	19.750	9.3185e-04
11.000	20.000	9.7737e-04
11.000	20.250	1.0274e-03
11.000	20.500	1.0586e-03
11.000	20.750	9.7934e-04
11.000	21.000	8.7926e-04
11.000	21.250	7.5210e-04
11.000	21.500	5.9778e-04
11.000	21.750	5.8691e-04
11.000	22.000	2.7119e-04
11.000	22.250	7.1852e-05
11.000	22.500	1.3992e-05
11.000	22.750	4.6914e-06
11.000	23.000	1.5638e-06
11.000	23.250	1.0000e-07
11.000	23.500	1.0000e-07
11.000	23.750	1.0000e-07
11.000	24.000	1.0000e-07
11.250	17.000	1.0313e-04
11.250	17.250	1.4741e-04
11.250	17.500	2.2971e-04
11.250	17.750	3.7259e-04
11.250	18.000	5.3860e-04
11.250	18.250	6.6337e-04
11.250	18.500	7.4099e-04
11.250	18.750	7.9045e-04
11.250	19.000	8.2609e-04
11.250	19.250	8.6140e-04
11.250	19.500	8.9942e-04
11.250	19.750	9.4420e-04
11.250	20.000	9.9761e-04
11.250	20.250	1.0481e-03
11.250	20.500	1.1016e-03
11.250	20.750	9.6008e-04
11.250	21.000	8.3918e-04
11.250	21.250	6.7860e-04
11.250	21.500	5.7226e-04
11.250	21.750	4.4247e-04
11.250	22.000	4.2716e-04
11.250	22.250	2.1885e-04
11.250	22.500	7.3745e-05
11.250	22.750	1.3745e-05
11.250	23.000	4.6091e-06
11.250	23.250	1.5638e-06
11.250	23.500	1.0000e-07
11.250	23.750	1.0000e-07
11.250	24.000	1.0000e-07
11.500	17.000	7.1111e-05
11.500	17.250	9.6708e-05
11.500	17.500	1.4543e-04
11.500	17.750	2.4494e-04
11.500	18.000	4.0584e-04
11.500	18.250	5.7564e-04
11.500	18.500	6.9942e-04
11.500	18.750	7.7926e-04
11.500	19.000	8.2914e-04
11.500	19.250	8.6774e-04
11.500	19.500	9.0790e-04
11.500	19.750	9.5630e-04
11.500	20.000	1.0136e-03
11.500	20.250	1.0789e-03
11.500	20.500	1.0760e-03
11.500	20.750	1.0481e-03
11.500	21.000	9.4313e-04
11.500	21.250	6.5218e-04
11.500	21.500	5.2387e-04
11.500	21.750	3.9951e-04
11.500	22.000	4.7523e-04
11.500	22.250	2.4379e-04
11.500	22.500	1.6988e-04
11.500	22.750	7.2922e-05
11.500	23.000	1.3580e-05
11.500	23.250	4.5267e-06
11.500	23.500	1.5638e-06
11.500	23.750	1.0000e-07
11.500	24.000	1.0000e-07
11.750	17.000	4.9218e-05
11.750	17.250	6.4033e-05
11.750	17.500	9.0617e-05
11.750	17.750	1.4881e-04
11.750	18.000	2.6667e-04
11.750	18.250	4.4790e-04
11.750	18.500	6.3070e-04
11.750	18.750	7.5490e-04
11.750	19.000	8.3119e-04
11.750	19.250	8.8066e-04
11.750	19.500	9.2198e-04
11.750	19.750	9.7193e-04
11.750	20.000	1.0323e-03
11.750	20.250	1.1048e-03
11.750	20.500	1.1429e-03
11.750	20.750	1.3126e-03
11.750	21.000	7.8395e-04
11.750	21.250	6.5786e-04
11.750	21.500	4.8263e-04
11.750	21.750	3.7942e-04
11.750	22.000	3.0074e-04
11.750	22.250	2.2025e-04
11.750	22.500	1.5737e-04
11.750	22.750	1.3259e-04
11.750	23.000	6.5844e-05
11.750	23.250	1.3498e-05
11.750	23.500	4.3621e-06
11.750	23.750	1.4815e-06
11.750	24.000	1.0000e-07
12.000	17.000	3.4321e-05
12.000	17.250	4.3292e-05
12.000	17.500	5.7860e-05
12.000	17.750	8.9300e-05
12.000	18.000	1.6115e-04
12.000	18.250	3.0765e-04
12.000	18.500	5.1951e-04
12.000	18.750	7.1144e-04
12.000	19.000	8.3045e-04
12.000	19.250	9.0272e-04
12.000	19.500	9.5062e-04
12.000	19.750	9.9918e-04
12.000	20.000	1.0593e-03
12.000	20.250	1.1387e-03
12.000	20.500	1.2056e-03
12.000	20.750	1.3934e-03
12.000	21.000	8.7975e-04
12.000	21.250	6.2996e-04
12.000	21.500	4.4815e-04
12.000	21.750	3.5095e-04
12.000	22.000	2.6560e-04
12.000	22.250	2.0444e-04
12.000	22.500	1.4074e-04
12.000	22.750	2.6370e-04
12.000	23.000	8.3292e-05
12.000	23.250	4.4691e-05
12.000	23.500	1.3416e-05
12.000	23.750	4.1152e-06
12.000	24.000	1.3992e-06
12.250	17.000	2.3786e-05
12.250	17.250	2.9877e-05
12.250	17.500	3.8601e-05
12.250	17.750	5.5967e-05
12.250	18.000	9.6626e-05
12.250	18.250	1.9531e-04
12.250	18.500	3.8971e-04
12.250	18.750	6.2724e-04
12.250	19.000	8.1136e-04
12.250	19.250	9.2922e-04
12.250	19.500	1.0056e-03
12.250	19.750	1.0581e-03
12.250	20.000	1.1063e-03
12.250	20.250	1.1869e-03
12.250	20.500	1.2774e-03
12.250	20.750	1.4447e-03
12.250	21.000	8.4230e-04
12.250	21.250	6.4082e-04
12.250	21.500	5.1901e-04
12.250	21.750	3.1449e-04
12.250	22.000	2.3770e-04
12.250	22.250	1.7712e-04
12.250	22.500	1.4148e-04
12.250	22.750	8.8971e-05
12.250	23.000	6.6831e-05
12.250	23.250	4.3621e-05
12.250	23.500	4.1975e-05
12.250	23.750	1.3251e-05
12.250	24.000	3.7860e-06
12.500	17.000	1.6626e-05
12.500	17.250	2.0988e-05
12.500	17.500	2.6914e-05
12.500	17.750	3.7449e-05
12.500	18.000	6.0741e-05
12.500	18.250	1.1992e-04
12.500	18.500	2.6337e-04
12.500	18.750	5.0881e-04
12.500	19.000	7.6247e-04
12.500	19.250	9.4379e-04
12.500	19.500	1.0515e-03
12.500	19.750	1.1387e-03
12.500	20.000	1.2086e-03
12.500	20.250	1.2534e-03
12.500	20.500	1.3561e-03
12.500	20.750	1.4686e-03
12.500	21.000	1.5607e-03
12.500	21.250	6.1663e-04
12.500	21.500	4.6296e-04
12.500	21.750	3.4280e-04
12.500	22.000	2.3210e-04
12.500	22.250	1.6477e-04
12.500	22.500	1.5992e-04
12.500	22.750	1.3514e-04
12.500	23.000	1.0774e-04
12.500	23.250	1.0642e-04
12.500	23.500	3.4568e-05
12.500	23.750	2.6831e-05
12.500	24.000	1.2181e-05
12.750	17.000	1.1687e-05
12.750	17.250	1.4897e-05
12.750	17.500	1.9177e-05
12.750	17.750	2.6337e-05
12.750	18.000	4.0576e-05
12.750	18.250	7.4650e-05
12.750	18.500	1.6346e-04
12.750	18.750	3.5984e-04
12.750	19.000	6.3078e-04
12.750	19.250	9.1523e-04
12.750	19.500	1.0888e-03
12.750	19.750	1.1921e-03
12.750	20.000	1.3020e-03
12.750	20.250	1.3902e-03
12.750	20.500	1.3933e-03
12.750	20.750	1.2462e-03
12.750	21.000	1.2417e-03
12.750	21.250	1.0253e-03
12.750	21.500	4.8963e-04
12.750	21.750	3.8255e-04
12.750	22.000	2.4807e-04
12.750	22.250	1.6288e-04
12.750	22.500	1.4239e-04
12.750	22.750	1.1687e-04
12.750	23.000	6.4856e-05
12.750	23.250	3.9177e-05
12.750	23.500	2.6091e-05
12.750	23.750	2.7160e-05
12.750	24.000	1.3498e-05
13.000	17.000	8.2305e-06
13.000	17.250	1.0700e-05
13.000	17.500	1.3827e-05
13.000	17.750	1.8848e-05
13.000	18.000	2.8230e-05
13.000	18.250	4.8642e-05
13.000	18.500	1.0016e-04
13.000	18.750	2.2337e-04
13.000	19.000	4.5086e-04
13.000	19.250	7.6074e-04
13.000	19.500	9.9235e-04
13.000	19.750	1.1927e-03
13.000	20.000	1.3105e-03
13.000	20.250	1.4792e-03
13.000	20.500	1.5806e-03
13.000	20.750	1.4238e-03
13.000	21.000	1.0426e-03
13.000	21.250	8.0675e-04
13.000	21.500	6.3556e-04
13.000	21.750	4.1465e-04
13.000	22.000	2.3687e-04
13.000	22.250	1.7136e-04
13.000	22.500	1.2206e-04
13.000	22.750	9.7531e-05
13.000	23.000	7.9012e-05
13.000	23.250	5.3086e-05
13.000	23.500	8.4033e-05
13.000	23.750	5.1687e-05
13.000	24.000	1.6872e-05
13.250	17.000	5.6790e-06
13.250	17.250	7.6543e-06
13.250	17.500	1.0041e-05
13.250	17.750	1.3580e-05
13.250	18.000	2.0000e-05
13.250	18.250	3.2840e-05
13.250	18.500	6.1317e-05
13.250	18.750	1.2757e-04
13.250	19.000	2.6132e-04
13.250	19.250	4.7086e-04
13.250	19.500	7.2099e-04
13.250	19.750	1.0457e-03
13.250	20.000	1.1874e-03
13.250	20.250	1.3419e-03
13.250	20.500	1.5207e-03
13.250	20.750	1.5069e-03
13.250	21.000	1.1783e-03
13.250	21.250	7.9177e-04
13.250	21.500	6.9770e-04
13.250	21.750	3.7424e-04
13.250	22.000	3.7440e-04
13.250	22.250	1.7292e-04
13.250	22.500	1.2930e-04
13.250	22.750	8.6091e-05
13.250	23.000	6.8691e-04
13.250	23.250	4.5679e-05
13.250	23.500	3.1605e-05
13.250	23.750	2.1317e-05
13.250	24.000	1.3663e-05
13.500	17.000	3.9506e-06
13.500	17.250	5.4321e-06
13.500	17.500	7.3251e-06
13.500	17.750	9.9588e-06
13.500	18.000	1.4403e-05
13.500	18.250	2.2798e-05
13.500	18.500	3.8848e-05
13.500	18.750	7.0782e-05
13.500	19.000	1.3325e-04
13.500	19.250	2.3539e-04
13.500	19.500	3.9547e-04
13.500	19.750	5.7374e-04
13.500	20.000	7.3350e-04
13.500	20.250	9.0123e-04
13.500	20.500	1.1090e-03
13.500	20.750	1.2861e-03
13.500	21.000	1.1412e-03
13.500	21.250	8.4642e-04
13.500	21.500	5.4469e-04
13.500	21.750	4.1276e-04
13.500	22.000	2.6305e-04
13.500	22.250	1.7613e-04
13.500	22.500	1.2329e-04
13.500	22.750	8.6914e-05
13.500	23.000	6.9136e-05
13.500	23.250	4.8066e-05
13.500	23.500	3.3827e-05
13.500	23.750	2.9794e-05
13.500	24.000	1.4486e-05
13.750	17.000	2.7160e-06
13.750	17.250	3.8683e-06
13.750	17.500	5.2675e-06
13.750	17.750	7.3251e-06
13.750	18.000	1.0370e-05
13.750	18.250	1.5720e-05
13.750	18.500	2.4938e-05
13.750	18.750	4.0329e-05
13.750	19.000	6.5103e-05
13.750	19.250	1.0272e-04
13.750	19.500	1.5778e-04
13.750	19.750	2.3597e-04
13.750	20.000	3.3967e-04
13.750	20.250	4.3062e-04
13.750	20.500	5.4387e-04
13.750	20.750	6.7514e-04
13.750	21.000	7.4346e-04
13.750	21.250	6.7144e-04
13.750	21.500	5.4519e-04
13.750	21.750	3.9078e-04
13.750	22.000	2.6774e-04
13.750	22.250	1.7556e-04
13.750	22.500	1.2140e-04
13.750	22.750	8.6914e-05
13.750	23.000	6.2222e-05
13.750	23.250	4.8477e-05
13.750	23.500	3.2922e-05
13.750	23.750	4.8148e-05
13.750	24.000	1.7037e-05
14.000	17.000	1.8107e-06
14.000	17.250	2.7160e-06
14.000	17.500	3.7860e-06
14.000	17.750	5.2675e-06
14.000	18.000	7.4074e-06
14.000	18.250	1.0700e-05
14.000	18.500	1.5720e-05
14.000	18.750	2.2881e-05
14.000	19.000	3.2675e-05
14.000	19.250	4.4691e-05
14.000	19.500	6.0247e-05
14.000	19.750	8.0823e-05
14.000	20.000	1.0938e-04
14.000	20.250	1.4551e-04
14.000	20.500	1.8634e-04
14.000	20.750	2.1687e-04
14.000	21.000	2.6733e-04
14.000	21.250	3.2082e-04
14.000	21.500	3.0724e-04
14.000	21.750	3.0683e-04
14.000	22.000	2.4296e-04
14.000	22.250	1.7399e-04
14.000	22.500	1.2527e-04
14.000	22.750	9.6214e-05
14.000	23.000	6.7654e-05
14.000	23.250	4.5103e-05
14.000	23.500	3.6626e-05
14.000	23.750	3.4897e-05
14.000	24.000	1.9671e-05
