nInu 1175.06A  relative to Inci 1215.00A scaled to 1215A.
Hden   Phi(H)  Eq_Width (A)
 7.000	17.000	9.9851e-01
 7.000	17.250	1.0005e+00
 7.000	17.500	1.0005e+00
 7.000	17.750	1.0005e+00
 7.000	18.000	1.0005e+00
 7.000	18.250	1.0005e+00
 7.000	18.500	1.0005e+00
 7.000	18.750	1.0005e+00
 7.000	19.000	1.0005e+00
 7.000	19.250	1.0005e+00
 7.000	19.500	1.0005e+00
 7.000	19.750	1.0005e+00
 7.000	20.000	1.0005e+00
 7.000	20.250	1.0005e+00
 7.000	20.500	1.0005e+00
 7.000	20.750	1.0005e+00
 7.000	21.000	1.0005e+00
 7.000	21.250	1.0005e+00
 7.000	21.500	1.0005e+00
 7.000	21.750	1.0005e+00
 7.000	22.000	1.0005e+00
 7.000	22.250	1.0005e+00
 7.000	22.500	1.0005e+00
 7.000	22.750	1.0005e+00
 7.000	23.000	1.0005e+00
 7.000	23.250	1.0005e+00
 7.000	23.500	1.0005e+00
 7.000	23.750	1.0005e+00
 7.000	24.000	1.0005e+00
 7.250	17.000	9.9645e-01
 7.250	17.250	9.9855e-01
 7.250	17.500	1.0005e+00
 7.250	17.750	1.0005e+00
 7.250	18.000	1.0005e+00
 7.250	18.250	1.0005e+00
 7.250	18.500	1.0005e+00
 7.250	18.750	1.0005e+00
 7.250	19.000	1.0005e+00
 7.250	19.250	1.0005e+00
 7.250	19.500	1.0005e+00
 7.250	19.750	1.0005e+00
 7.250	20.000	1.0005e+00
 7.250	20.250	1.0005e+00
 7.250	20.500	1.0005e+00
 7.250	20.750	1.0005e+00
 7.250	21.000	1.0005e+00
 7.250	21.250	1.0005e+00
 7.250	21.500	1.0005e+00
 7.250	21.750	1.0005e+00
 7.250	22.000	1.0005e+00
 7.250	22.250	1.0005e+00
 7.250	22.500	1.0005e+00
 7.250	22.750	1.0005e+00
 7.250	23.000	1.0005e+00
 7.250	23.250	1.0005e+00
 7.250	23.500	1.0005e+00
 7.250	23.750	1.0005e+00
 7.250	24.000	1.0005e+00
 7.500	17.000	9.9434e-01
 7.500	17.250	9.9646e-01
 7.500	17.500	9.9857e-01
 7.500	17.750	1.0005e+00
 7.500	18.000	1.0005e+00
 7.500	18.250	1.0005e+00
 7.500	18.500	1.0005e+00
 7.500	18.750	1.0005e+00
 7.500	19.000	1.0005e+00
 7.500	19.250	1.0005e+00
 7.500	19.500	1.0005e+00
 7.500	19.750	1.0005e+00
 7.500	20.000	1.0005e+00
 7.500	20.250	1.0005e+00
 7.500	20.500	1.0005e+00
 7.500	20.750	1.0005e+00
 7.500	21.000	1.0005e+00
 7.500	21.250	1.0005e+00
 7.500	21.500	1.0005e+00
 7.500	21.750	1.0005e+00
 7.500	22.000	1.0005e+00
 7.500	22.250	1.0005e+00
 7.500	22.500	1.0005e+00
 7.500	22.750	1.0005e+00
 7.500	23.000	1.0005e+00
 7.500	23.250	1.0005e+00
 7.500	23.500	1.0005e+00
 7.500	23.750	1.0005e+00
 7.500	24.000	1.0005e+00
 7.750	17.000	9.9394e-01
 7.750	17.250	9.9435e-01
 7.750	17.500	9.9646e-01
 7.750	17.750	9.9859e-01
 7.750	18.000	1.0005e+00
 7.750	18.250	1.0005e+00
 7.750	18.500	1.0005e+00
 7.750	18.750	1.0005e+00
 7.750	19.000	1.0005e+00
 7.750	19.250	1.0005e+00
 7.750	19.500	1.0005e+00
 7.750	19.750	1.0005e+00
 7.750	20.000	1.0005e+00
 7.750	20.250	1.0005e+00
 7.750	20.500	1.0005e+00
 7.750	20.750	1.0005e+00
 7.750	21.000	1.0005e+00
 7.750	21.250	1.0005e+00
 7.750	21.500	1.0005e+00
 7.750	21.750	1.0005e+00
 7.750	22.000	1.0005e+00
 7.750	22.250	1.0005e+00
 7.750	22.500	1.0005e+00
 7.750	22.750	1.0005e+00
 7.750	23.000	1.0005e+00
 7.750	23.250	1.0005e+00
 7.750	23.500	1.0005e+00
 7.750	23.750	1.0005e+00
 7.750	24.000	1.0005e+00
 8.000	17.000	9.9446e-01
 8.000	17.250	9.9388e-01
 8.000	17.500	9.9430e-01
 8.000	17.750	9.9642e-01
 8.000	18.000	9.9858e-01
 8.000	18.250	1.0005e+00
 8.000	18.500	1.0005e+00
 8.000	18.750	1.0005e+00
 8.000	19.000	1.0005e+00
 8.000	19.250	1.0005e+00
 8.000	19.500	1.0005e+00
 8.000	19.750	1.0005e+00
 8.000	20.000	1.0005e+00
 8.000	20.250	1.0005e+00
 8.000	20.500	1.0005e+00
 8.000	20.750	1.0005e+00
 8.000	21.000	1.0005e+00
 8.000	21.250	1.0005e+00
 8.000	21.500	1.0005e+00
 8.000	21.750	1.0005e+00
 8.000	22.000	1.0005e+00
 8.000	22.250	1.0005e+00
 8.000	22.500	1.0005e+00
 8.000	22.750	1.0005e+00
 8.000	23.000	1.0005e+00
 8.000	23.250	1.0005e+00
 8.000	23.500	1.0005e+00
 8.000	23.750	1.0005e+00
 8.000	24.000	1.0005e+00
 8.250	17.000	9.9513e-01
 8.250	17.250	9.9422e-01
 8.250	17.500	9.9366e-01
 8.250	17.750	9.9414e-01
 8.250	18.000	9.9634e-01
 8.250	18.250	9.9860e-01
 8.250	18.500	1.0005e+00
 8.250	18.750	1.0005e+00
 8.250	19.000	1.0005e+00
 8.250	19.250	1.0005e+00
 8.250	19.500	1.0005e+00
 8.250	19.750	1.0005e+00
 8.250	20.000	1.0005e+00
 8.250	20.250	1.0005e+00
 8.250	20.500	1.0005e+00
 8.250	20.750	1.0005e+00
 8.250	21.000	1.0005e+00
 8.250	21.250	1.0005e+00
 8.250	21.500	1.0005e+00
 8.250	21.750	1.0005e+00
 8.250	22.000	1.0005e+00
 8.250	22.250	1.0005e+00
 8.250	22.500	1.0005e+00
 8.250	22.750	1.0005e+00
 8.250	23.000	1.0005e+00
 8.250	23.250	1.0005e+00
 8.250	23.500	1.0005e+00
 8.250	23.750	1.0005e+00
 8.250	24.000	1.0005e+00
 8.500	17.000	9.9556e-01
 8.500	17.250	9.9473e-01
 8.500	17.500	9.9378e-01
 8.500	17.750	9.9328e-01
 8.500	18.000	9.9384e-01
 8.500	18.250	9.9618e-01
 8.500	18.500	9.9862e-01
 8.500	18.750	1.0005e+00
 8.500	19.000	1.0005e+00
 8.500	19.250	1.0005e+00
 8.500	19.500	1.0005e+00
 8.500	19.750	1.0005e+00
 8.500	20.000	1.0005e+00
 8.500	20.250	1.0005e+00
 8.500	20.500	1.0005e+00
 8.500	20.750	1.0005e+00
 8.500	21.000	1.0005e+00
 8.500	21.250	1.0005e+00
 8.500	21.500	1.0005e+00
 8.500	21.750	1.0005e+00
 8.500	22.000	1.0005e+00
 8.500	22.250	1.0005e+00
 8.500	22.500	1.0005e+00
 8.500	22.750	1.0005e+00
 8.500	23.000	1.0005e+00
 8.500	23.250	1.0005e+00
 8.500	23.500	1.0005e+00
 8.500	23.750	1.0005e+00
 8.500	24.000	1.0005e+00
 8.750	17.000	9.9557e-01
 8.750	17.250	9.9500e-01
 8.750	17.500	9.9403e-01
 8.750	17.750	9.9299e-01
 8.750	18.000	9.9250e-01
 8.750	18.250	9.9328e-01
 8.750	18.500	9.9593e-01
 8.750	18.750	9.9864e-01
 8.750	19.000	1.0005e+00
 8.750	19.250	1.0005e+00
 8.750	19.500	1.0005e+00
 8.750	19.750	1.0005e+00
 8.750	20.000	1.0005e+00
 8.750	20.250	1.0005e+00
 8.750	20.500	1.0005e+00
 8.750	20.750	1.0005e+00
 8.750	21.000	1.0005e+00
 8.750	21.250	1.0005e+00
 8.750	21.500	1.0005e+00
 8.750	21.750	1.0005e+00
 8.750	22.000	1.0005e+00
 8.750	22.250	1.0005e+00
 8.750	22.500	1.0005e+00
 8.750	22.750	1.0005e+00
 8.750	23.000	1.0005e+00
 8.750	23.250	1.0005e+00
 8.750	23.500	1.0005e+00
 8.750	23.750	1.0005e+00
 8.750	24.000	1.0005e+00
 9.000	17.000	9.9511e-01
 9.000	17.250	9.9482e-01
 9.000	17.500	9.9401e-01
 9.000	17.750	9.9277e-01
 9.000	18.000	9.9155e-01
 9.000	18.250	9.9120e-01
 9.000	18.500	9.9240e-01
 9.000	18.750	9.9588e-01
 9.000	19.000	9.9868e-01
 9.000	19.250	1.0005e+00
 9.000	19.500	1.0005e+00
 9.000	19.750	1.0005e+00
 9.000	20.000	1.0005e+00
 9.000	20.250	1.0005e+00
 9.000	20.500	1.0005e+00
 9.000	20.750	1.0005e+00
 9.000	21.000	1.0005e+00
 9.000	21.250	1.0005e+00
 9.000	21.500	1.0005e+00
 9.000	21.750	1.0005e+00
 9.000	22.000	1.0005e+00
 9.000	22.250	1.0005e+00
 9.000	22.500	1.0005e+00
 9.000	22.750	1.0005e+00
 9.000	23.000	1.0005e+00
 9.000	23.250	1.0005e+00
 9.000	23.500	1.0005e+00
 9.000	23.750	1.0005e+00
 9.000	24.000	1.0005e+00
 9.250	17.000	9.9420e-01
 9.250	17.250	9.9419e-01
 9.250	17.500	9.9354e-01
 9.250	17.750	9.9227e-01
 9.250	18.000	9.9061e-01
 9.250	18.250	9.8939e-01
 9.250	18.500	9.8958e-01
 9.250	18.750	9.9167e-01
 9.250	19.000	9.9623e-01
 9.250	19.250	9.9875e-01
 9.250	19.500	1.0005e+00
 9.250	19.750	1.0005e+00
 9.250	20.000	1.0005e+00
 9.250	20.250	1.0005e+00
 9.250	20.500	1.0005e+00
 9.250	20.750	1.0005e+00
 9.250	21.000	1.0005e+00
 9.250	21.250	1.0005e+00
 9.250	21.500	1.0005e+00
 9.250	21.750	1.0005e+00
 9.250	22.000	1.0005e+00
 9.250	22.250	1.0005e+00
 9.250	22.500	1.0005e+00
 9.250	22.750	1.0005e+00
 9.250	23.000	1.0005e+00
 9.250	23.250	1.0005e+00
 9.250	23.500	1.0005e+00
 9.250	23.750	1.0005e+00
 9.250	24.000	1.0005e+00
 9.500	17.000	9.9288e-01
 9.500	17.250	9.9312e-01
 9.500	17.500	9.9263e-01
 9.500	17.750	9.9135e-01
 9.500	18.000	9.8946e-01
 9.500	18.250	9.8762e-01
 9.500	18.500	9.8667e-01
 9.500	18.750	9.8773e-01
 9.500	19.000	9.9093e-01
 9.500	19.250	9.9622e-01
 9.500	19.500	9.9880e-01
 9.500	19.750	1.0005e+00
 9.500	20.000	1.0005e+00
 9.500	20.250	1.0005e+00
 9.500	20.500	1.0005e+00
 9.500	20.750	1.0005e+00
 9.500	21.000	1.0005e+00
 9.500	21.250	1.0005e+00
 9.500	21.500	1.0005e+00
 9.500	21.750	1.0005e+00
 9.500	22.000	1.0005e+00
 9.500	22.250	1.0005e+00
 9.500	22.500	1.0005e+00
 9.500	22.750	1.0005e+00
 9.500	23.000	1.0005e+00
 9.500	23.250	1.0005e+00
 9.500	23.500	1.0005e+00
 9.500	23.750	1.0005e+00
 9.500	24.000	1.0005e+00
 9.750	17.000	9.9113e-01
 9.750	17.250	9.9164e-01
 9.750	17.500	9.9131e-01
 9.750	17.750	9.9003e-01
 9.750	18.000	9.8797e-01
 9.750	18.250	9.8542e-01
 9.750	18.500	9.8331e-01
 9.750	18.750	9.8282e-01
 9.750	19.000	9.8543e-01
 9.750	19.250	9.9130e-01
 9.750	19.500	9.9635e-01
 9.750	19.750	9.9870e-01
 9.750	20.000	1.0005e+00
 9.750	20.250	1.0005e+00
 9.750	20.500	1.0005e+00
 9.750	20.750	1.0005e+00
 9.750	21.000	1.0005e+00
 9.750	21.250	1.0005e+00
 9.750	21.500	1.0005e+00
 9.750	21.750	1.0005e+00
 9.750	22.000	1.0005e+00
 9.750	22.250	1.0005e+00
 9.750	22.500	1.0005e+00
 9.750	22.750	1.0005e+00
 9.750	23.000	1.0005e+00
 9.750	23.250	1.0005e+00
 9.750	23.500	1.0005e+00
 9.750	23.750	1.0005e+00
 9.750	24.000	1.0005e+00
10.000	17.000	9.8893e-01
10.000	17.250	9.8974e-01
10.000	17.500	9.8961e-01
10.000	17.750	9.8832e-01
10.000	18.000	9.8593e-01
10.000	18.250	9.8265e-01
10.000	18.500	9.7932e-01
10.000	18.750	9.7719e-01
10.000	19.000	9.7806e-01
10.000	19.250	9.8404e-01
10.000	19.500	9.9309e-01
10.000	19.750	9.9663e-01
10.000	20.000	9.9872e-01
10.000	20.250	1.0005e+00
10.000	20.500	1.0005e+00
10.000	20.750	1.0005e+00
10.000	21.000	1.0005e+00
10.000	21.250	1.0005e+00
10.000	21.500	1.0005e+00
10.000	21.750	1.0005e+00
10.000	22.000	1.0005e+00
10.000	22.250	1.0005e+00
10.000	22.500	1.0005e+00
10.000	22.750	1.0005e+00
10.000	23.000	1.0005e+00
10.000	23.250	1.0005e+00
10.000	23.500	1.0005e+00
10.000	23.750	1.0005e+00
10.000	24.000	1.0005e+00
10.250	17.000	9.8619e-01
10.250	17.250	9.8736e-01
10.250	17.500	9.8746e-01
10.250	17.750	9.8613e-01
10.250	18.000	9.8321e-01
10.250	18.250	9.7928e-01
10.250	18.500	9.7492e-01
10.250	18.750	9.7100e-01
10.250	19.000	9.6909e-01
10.250	19.250	9.7353e-01
10.250	19.500	9.8532e-01
10.250	19.750	9.9470e-01
10.250	20.000	9.9683e-01
10.250	20.250	9.9882e-01
10.250	20.500	1.0004e+00
10.250	20.750	1.0005e+00
10.250	21.000	1.0005e+00
10.250	21.250	1.0005e+00
10.250	21.500	1.0005e+00
10.250	21.750	1.0005e+00
10.250	22.000	1.0005e+00
10.250	22.250	1.0005e+00
10.250	22.500	1.0005e+00
10.250	22.750	1.0005e+00
10.250	23.000	1.0005e+00
10.250	23.250	1.0005e+00
10.250	23.500	1.0005e+00
10.250	23.750	1.0005e+00
10.250	24.000	1.0005e+00
10.500	17.000	9.8276e-01
10.500	17.250	9.8437e-01
10.500	17.500	9.8468e-01
10.500	17.750	9.8321e-01
10.500	18.000	9.7977e-01
10.500	18.250	9.7507e-01
10.500	18.500	9.7014e-01
10.500	18.750	9.6593e-01
10.500	19.000	9.6500e-01
10.500	19.250	9.6806e-01
10.500	19.500	9.7552e-01
10.500	19.750	9.8368e-01
10.500	20.000	9.9474e-01
10.500	20.250	9.9716e-01
10.500	20.500	9.9884e-01
10.500	20.750	1.0004e+00
10.500	21.000	1.0005e+00
10.500	21.250	1.0005e+00
10.500	21.500	1.0005e+00
10.500	21.750	1.0005e+00
10.500	22.000	1.0005e+00
10.500	22.250	1.0005e+00
10.500	22.500	1.0005e+00
10.500	22.750	1.0005e+00
10.500	23.000	1.0005e+00
10.500	23.250	1.0005e+00
10.500	23.500	1.0005e+00
10.500	23.750	1.0005e+00
10.500	24.000	1.0005e+00
10.750	17.000	9.7831e-01
10.750	17.250	9.8050e-01
10.750	17.500	9.8098e-01
10.750	17.750	9.7913e-01
10.750	18.000	9.7521e-01
10.750	18.250	9.7038e-01
10.750	18.500	9.6569e-01
10.750	18.750	9.6260e-01
10.750	19.000	9.6236e-01
10.750	19.250	9.6416e-01
10.750	19.500	9.6854e-01
10.750	19.750	9.7605e-01
10.750	20.000	9.8800e-01
10.750	20.250	9.9497e-01
10.750	20.500	9.9736e-01
10.750	20.750	9.9907e-01
10.750	21.000	1.0003e+00
10.750	21.250	1.0005e+00
10.750	21.500	1.0005e+00
10.750	21.750	1.0005e+00
10.750	22.000	1.0005e+00
10.750	22.250	1.0005e+00
10.750	22.500	1.0005e+00
10.750	22.750	1.0005e+00
10.750	23.000	1.0005e+00
10.750	23.250	1.0005e+00
10.750	23.500	1.0005e+00
10.750	23.750	1.0005e+00
10.750	24.000	1.0005e+00
11.000	17.000	9.7231e-01
11.000	17.250	9.7538e-01
11.000	17.500	9.7592e-01
11.000	17.750	9.7361e-01
11.000	18.000	9.6924e-01
11.000	18.250	9.6441e-01
11.000	18.500	9.6031e-01
11.000	18.750	9.5876e-01
11.000	19.000	9.5896e-01
11.000	19.250	9.6020e-01
11.000	19.500	9.6296e-01
11.000	19.750	9.6760e-01
11.000	20.000	9.7684e-01
11.000	20.250	9.9044e-01
11.000	20.500	9.9580e-01
11.000	20.750	9.9752e-01
11.000	21.000	9.9913e-01
11.000	21.250	1.0003e+00
11.000	21.500	1.0005e+00
11.000	21.750	1.0005e+00
11.000	22.000	1.0005e+00
11.000	22.250	1.0005e+00
11.000	22.500	1.0005e+00
11.000	22.750	1.0005e+00
11.000	23.000	1.0005e+00
11.000	23.250	1.0005e+00
11.000	23.500	1.0005e+00
11.000	23.750	1.0005e+00
11.000	24.000	1.0005e+00
11.250	17.000	9.6402e-01
11.250	17.250	9.6836e-01
11.250	17.500	9.6896e-01
11.250	17.750	9.6609e-01
11.250	18.000	9.6116e-01
11.250	18.250	9.5629e-01
11.250	18.500	9.5337e-01
11.250	18.750	9.5278e-01
11.250	19.000	9.5390e-01
11.250	19.250	9.5547e-01
11.250	19.500	9.5755e-01
11.250	19.750	9.6049e-01
11.250	20.000	9.6571e-01
11.250	20.250	9.7628e-01
11.250	20.500	9.8905e-01
11.250	20.750	9.9574e-01
11.250	21.000	9.9773e-01
11.250	21.250	9.9917e-01
11.250	21.500	1.0002e+00
11.250	21.750	1.0004e+00
11.250	22.000	1.0005e+00
11.250	22.250	1.0005e+00
11.250	22.500	1.0005e+00
11.250	22.750	1.0005e+00
11.250	23.000	1.0005e+00
11.250	23.250	1.0005e+00
11.250	23.500	1.0005e+00
11.250	23.750	1.0005e+00
11.250	24.000	1.0005e+00
11.500	17.000	9.5259e-01
11.500	17.250	9.5831e-01
11.500	17.500	9.5931e-01
11.500	17.750	9.5580e-01
11.500	18.000	9.5007e-01
11.500	18.250	9.4529e-01
11.500	18.500	9.4356e-01
11.500	18.750	9.4383e-01
11.500	19.000	9.4583e-01
11.500	19.250	9.4843e-01
11.500	19.500	9.5094e-01
11.500	19.750	9.5376e-01
11.500	20.000	9.5741e-01
11.500	20.250	9.6335e-01
11.500	20.500	9.7540e-01
11.500	20.750	9.8978e-01
11.500	21.000	9.9551e-01
11.500	21.250	9.9775e-01
11.500	21.500	9.9913e-01
11.500	21.750	1.0001e+00
11.500	22.000	1.0004e+00
11.500	22.250	1.0005e+00
11.500	22.500	1.0005e+00
11.500	22.750	1.0005e+00
11.500	23.000	1.0005e+00
11.500	23.250	1.0005e+00
11.500	23.500	1.0005e+00
11.500	23.750	1.0005e+00
11.500	24.000	1.0005e+00
11.750	17.000	9.3763e-01
11.750	17.250	9.4418e-01
11.750	17.500	9.4560e-01
11.750	17.750	9.4132e-01
11.750	18.000	9.3476e-01
11.750	18.250	9.3081e-01
11.750	18.500	9.2987e-01
11.750	18.750	9.3134e-01
11.750	19.000	9.3401e-01
11.750	19.250	9.3761e-01
11.750	19.500	9.4155e-01
11.750	19.750	9.4550e-01
11.750	20.000	9.4944e-01
11.750	20.250	9.5397e-01
11.750	20.500	9.6072e-01
11.750	20.750	9.7213e-01
11.750	21.000	9.8859e-01
11.750	21.250	9.9560e-01
11.750	21.500	9.9777e-01
11.750	21.750	9.9904e-01
11.750	22.000	9.9995e-01
11.750	22.250	1.0004e+00
11.750	22.500	1.0005e+00
11.750	22.750	1.0005e+00
11.750	23.000	1.0005e+00
11.750	23.250	1.0005e+00
11.750	23.500	1.0005e+00
11.750	23.750	1.0005e+00
11.750	24.000	1.0005e+00
12.000	17.000	9.1881e-01
12.000	17.250	9.2492e-01
12.000	17.500	9.2596e-01
12.000	17.750	9.2105e-01
12.000	18.000	9.1490e-01
12.000	18.250	9.1211e-01
12.000	18.500	9.1217e-01
12.000	18.750	9.1455e-01
12.000	19.000	9.1800e-01
12.000	19.250	9.2281e-01
12.000	19.500	9.2839e-01
12.000	19.750	9.3437e-01
12.000	20.000	9.4001e-01
12.000	20.250	9.4501e-01
12.000	20.500	9.5028e-01
12.000	20.750	9.5816e-01
12.000	21.000	9.7392e-01
12.000	21.250	9.8822e-01
12.000	21.500	9.9560e-01
12.000	21.750	9.9774e-01
12.000	22.000	9.9905e-01
12.000	22.250	9.9990e-01
12.000	22.500	1.0003e+00
12.000	22.750	1.0005e+00
12.000	23.000	1.0005e+00
12.000	23.250	1.0005e+00
12.000	23.500	1.0005e+00
12.000	23.750	1.0005e+00
12.000	24.000	1.0005e+00
12.250	17.000	8.9346e-01
12.250	17.250	8.9977e-01
12.250	17.500	8.9867e-01
12.250	17.750	8.9348e-01
12.250	18.000	8.8958e-01
12.250	18.250	8.8842e-01
12.250	18.500	8.9007e-01
12.250	18.750	8.9364e-01
12.250	19.000	8.9843e-01
12.250	19.250	9.0481e-01
12.250	19.500	9.1203e-01
12.250	19.750	9.2000e-01
12.250	20.000	9.2768e-01
12.250	20.250	9.3457e-01
12.250	20.500	9.4035e-01
12.250	20.750	9.4636e-01
12.250	21.000	9.5613e-01
12.250	21.250	9.7339e-01
12.250	21.500	9.8715e-01
12.250	21.750	9.9541e-01
12.250	22.000	9.9761e-01
12.250	22.250	9.9901e-01
12.250	22.500	9.9977e-01
12.250	22.750	1.0002e+00
12.250	23.000	1.0004e+00
12.250	23.250	1.0005e+00
12.250	23.500	1.0005e+00
12.250	23.750	1.0005e+00
12.250	24.000	1.0005e+00
12.500	17.000	8.5167e-01
12.500	17.250	8.6339e-01
12.500	17.500	8.6443e-01
12.500	17.750	8.6029e-01
12.500	18.000	8.5814e-01
12.500	18.250	8.6005e-01
12.500	18.500	8.6374e-01
12.500	18.750	8.6937e-01
12.500	19.000	8.7638e-01
12.500	19.250	8.8447e-01
12.500	19.500	8.9356e-01
12.500	19.750	9.0300e-01
12.500	20.000	9.1245e-01
12.500	20.250	9.2107e-01
12.500	20.500	9.2874e-01
12.500	20.750	9.3552e-01
12.500	21.000	9.4251e-01
12.500	21.250	9.5455e-01
12.500	21.500	9.7190e-01
12.500	21.750	9.8742e-01
12.500	22.000	9.9561e-01
12.500	22.250	9.9739e-01
12.500	22.500	9.9894e-01
12.500	22.750	9.9971e-01
12.500	23.000	1.0002e+00
12.500	23.250	1.0004e+00
12.500	23.500	1.0005e+00
12.500	23.750	1.0005e+00
12.500	24.000	1.0005e+00
12.750	17.000	8.3911e-01
12.750	17.250	8.1204e-01
12.750	17.500	8.2062e-01
12.750	17.750	8.2168e-01
12.750	18.000	8.2248e-01
12.750	18.250	8.2578e-01
12.750	18.500	8.3239e-01
12.750	18.750	8.4071e-01
12.750	19.000	8.5082e-01
12.750	19.250	8.6144e-01
12.750	19.500	8.7273e-01
12.750	19.750	8.8382e-01
12.750	20.000	8.9455e-01
12.750	20.250	9.0477e-01
12.750	20.500	9.1406e-01
12.750	20.750	9.2247e-01
12.750	21.000	9.2960e-01
12.750	21.250	9.3825e-01
12.750	21.500	9.5276e-01
12.750	21.750	9.7159e-01
12.750	22.000	9.8817e-01
12.750	22.250	9.9560e-01
12.750	22.500	9.9717e-01
12.750	22.750	9.9879e-01
12.750	23.000	9.9960e-01
12.750	23.250	1.0001e+00
12.750	23.500	1.0003e+00
12.750	23.750	1.0005e+00
12.750	24.000	1.0005e+00
13.000	17.000	9.5482e-01
13.000	17.250	9.1391e-01
13.000	17.500	7.6999e-01
13.000	17.750	7.6804e-01
13.000	18.000	7.7605e-01
13.000	18.250	7.8272e-01
13.000	18.500	7.9311e-01
13.000	18.750	8.0619e-01
13.000	19.000	8.2050e-01
13.000	19.250	8.3505e-01
13.000	19.500	8.4907e-01
13.000	19.750	8.6242e-01
13.000	20.000	8.7465e-01
13.000	20.250	8.8597e-01
13.000	20.500	8.9651e-01
13.000	20.750	9.0615e-01
13.000	21.000	9.1458e-01
13.000	21.250	9.2275e-01
13.000	21.500	9.3320e-01
13.000	21.750	9.5262e-01
13.000	22.000	9.7350e-01
13.000	22.250	9.8900e-01
13.000	22.500	9.9530e-01
13.000	22.750	9.9712e-01
13.000	23.000	9.9874e-01
13.000	23.250	9.9951e-01
13.000	23.500	1.0000e+00
13.000	23.750	1.0003e+00
13.000	24.000	1.0004e+00
13.250	17.000	9.6361e-01
13.250	17.250	9.4395e-01
13.250	17.500	8.7638e-01
13.250	17.750	7.8245e-01
13.250	18.000	7.1609e-01
13.250	18.250	7.2844e-01
13.250	18.500	7.4297e-01
13.250	18.750	7.6137e-01
13.250	19.000	7.8238e-01
13.250	19.250	8.0266e-01
13.250	19.500	8.2080e-01
13.250	19.750	8.3747e-01
13.250	20.000	8.5209e-01
13.250	20.250	8.6499e-01
13.250	20.500	8.7658e-01
13.250	20.750	8.8696e-01
13.250	21.000	8.9631e-01
13.250	21.250	9.0446e-01
13.250	21.500	9.1367e-01
13.250	21.750	9.2684e-01
13.250	22.000	9.5240e-01
13.250	22.250	9.7634e-01
13.250	22.500	9.8959e-01
13.250	22.750	9.9504e-01
13.250	23.000	9.9708e-01
13.250	23.250	9.9864e-01
13.250	23.500	9.9947e-01
13.250	23.750	9.9997e-01
13.250	24.000	1.0003e+00
13.500	17.000	9.7105e-01
13.500	17.250	9.5680e-01
13.500	17.500	9.1069e-01
13.500	17.750	7.9385e-01
13.500	18.000	7.0336e-01
13.500	18.250	6.6001e-01
13.500	18.500	6.8142e-01
13.500	18.750	7.0493e-01
13.500	19.000	7.3255e-01
13.500	19.250	7.5941e-01
13.500	19.500	7.8529e-01
13.500	19.750	8.0704e-01
13.500	20.000	8.2541e-01
13.500	20.250	8.4102e-01
13.500	20.500	8.5414e-01
13.500	20.750	8.6527e-01
13.500	21.000	8.7498e-01
13.500	21.250	8.8304e-01
13.500	21.500	8.9122e-01
13.500	21.750	8.9940e-01
13.500	22.000	9.1568e-01
13.500	22.250	9.5153e-01
13.500	22.500	9.7836e-01
13.500	22.750	9.8979e-01
13.500	23.000	9.9501e-01
13.500	23.250	9.9703e-01
13.500	23.500	9.9856e-01
13.500	23.750	9.9938e-01
13.500	24.000	9.9988e-01
13.750	17.000	9.7788e-01
13.750	17.250	9.6375e-01
13.750	17.500	9.3262e-01
13.750	17.750	8.5082e-01
13.750	18.000	6.9474e-01
13.750	18.250	6.3377e-01
13.750	18.500	6.0902e-01
13.750	18.750	6.3734e-01
13.750	19.000	6.7002e-01
13.750	19.250	7.0544e-01
13.750	19.500	7.3916e-01
13.750	19.750	7.6811e-01
13.750	20.000	7.9250e-01
13.750	20.250	8.1226e-01
13.750	20.500	8.2840e-01
13.750	20.750	8.4093e-01
13.750	21.000	8.5116e-01
13.750	21.250	8.5887e-01
13.750	21.500	8.6599e-01
13.750	21.750	8.6960e-01
13.750	22.000	8.7635e-01
13.750	22.250	8.9949e-01
13.750	22.500	9.5142e-01
13.750	22.750	9.7979e-01
13.750	23.000	9.9046e-01
13.750	23.250	9.9482e-01
13.750	23.500	9.9694e-01
13.750	23.750	9.9840e-01
13.750	24.000	9.9924e-01
14.000	17.000	9.8322e-01
14.000	17.250	9.7248e-01
14.000	17.500	9.4753e-01
14.000	17.750	8.7774e-01
14.000	18.000	7.5625e-01
14.000	18.250	5.9620e-01
14.000	18.500	5.5903e-01
14.000	18.750	5.5916e-01
14.000	19.000	5.9887e-01
14.000	19.250	6.3958e-01
14.000	19.500	6.8025e-01
14.000	19.750	7.1894e-01
14.000	20.000	7.5070e-01
14.000	20.250	7.7681e-01
14.000	20.500	7.9760e-01
14.000	20.750	8.1353e-01
14.000	21.000	8.2517e-01
14.000	21.250	8.3289e-01
14.000	21.500	8.3910e-01
14.000	21.750	8.3953e-01
14.000	22.000	8.3661e-01
14.000	22.250	8.4149e-01
14.000	22.500	8.7998e-01
14.000	22.750	9.5380e-01
14.000	23.000	9.8033e-01
14.000	23.250	9.8994e-01
14.000	23.500	9.9422e-01
14.000	23.750	9.9658e-01
14.000	24.000	9.9809e-01
