InwC 575.146A  relative to Inci 1215.00A scaled to 1215A.
Hden   Phi(H)  Eq_Width (A)
 7.000	17.000	1.1429e-02
 7.000	17.250	1.6959e-02
 7.000	17.500	2.0408e-02
 7.000	17.750	2.1925e-02
 7.000	18.000	2.2580e-02
 7.000	18.250	2.3107e-02
 7.000	18.500	2.3433e-02
 7.000	18.750	2.3518e-02
 7.000	19.000	2.3554e-02
 7.000	19.250	2.3570e-02
 7.000	19.500	2.3573e-02
 7.000	19.750	2.3574e-02
 7.000	20.000	2.3574e-02
 7.000	20.250	2.3574e-02
 7.000	20.500	2.3574e-02
 7.000	20.750	2.3575e-02
 7.000	21.000	2.3575e-02
 7.000	21.250	2.3575e-02
 7.000	21.500	2.3575e-02
 7.000	21.750	2.3575e-02
 7.000	22.000	2.3575e-02
 7.000	22.250	2.3575e-02
 7.000	22.500	2.3575e-02
 7.000	22.750	2.3575e-02
 7.000	23.000	2.3575e-02
 7.000	23.250	2.3575e-02
 7.000	23.500	2.3575e-02
 7.000	23.750	2.3575e-02
 7.000	24.000	2.3575e-02
 7.250	17.000	5.9647e-03
 7.250	17.250	1.1476e-02
 7.250	17.500	1.6996e-02
 7.250	17.750	2.0436e-02
 7.250	18.000	2.1934e-02
 7.250	18.250	2.2583e-02
 7.250	18.500	2.3108e-02
 7.250	18.750	2.3434e-02
 7.250	19.000	2.3518e-02
 7.250	19.250	2.3554e-02
 7.250	19.500	2.3570e-02
 7.250	19.750	2.3573e-02
 7.250	20.000	2.3574e-02
 7.250	20.250	2.3574e-02
 7.250	20.500	2.3574e-02
 7.250	20.750	2.3574e-02
 7.250	21.000	2.3574e-02
 7.250	21.250	2.3575e-02
 7.250	21.500	2.3575e-02
 7.250	21.750	2.3575e-02
 7.250	22.000	2.3577e-02
 7.250	22.250	2.3575e-02
 7.250	22.500	2.3575e-02
 7.250	22.750	2.3575e-02
 7.250	23.000	2.3575e-02
 7.250	23.250	2.3576e-02
 7.250	23.500	2.3575e-02
 7.250	23.750	2.3576e-02
 7.250	24.000	2.3575e-02
 7.500	17.000	3.1556e-03
 7.500	17.250	5.9905e-03
 7.500	17.500	1.1510e-02
 7.500	17.750	1.7030e-02
 7.500	18.000	2.0465e-02
 7.500	18.250	2.1946e-02
 7.500	18.500	2.2587e-02
 7.500	18.750	2.3109e-02
 7.500	19.000	2.3434e-02
 7.500	19.250	2.3518e-02
 7.500	19.500	2.3554e-02
 7.500	19.750	2.3570e-02
 7.500	20.000	2.3573e-02
 7.500	20.250	2.3574e-02
 7.500	20.500	2.3574e-02
 7.500	20.750	2.3574e-02
 7.500	21.000	2.3574e-02
 7.500	21.250	2.3574e-02
 7.500	21.500	2.3574e-02
 7.500	21.750	2.3575e-02
 7.500	22.000	2.3575e-02
 7.500	22.250	2.3575e-02
 7.500	22.500	2.3575e-02
 7.500	22.750	2.3575e-02
 7.500	23.000	2.3575e-02
 7.500	23.250	2.3575e-02
 7.500	23.500	2.3575e-02
 7.500	23.750	2.3575e-02
 7.500	24.000	2.3575e-02
 7.750	17.000	1.6853e-03
 7.750	17.250	3.1651e-03
 7.750	17.500	6.0039e-03
 7.750	17.750	1.1536e-02
 7.750	18.000	1.7063e-02
 7.750	18.250	2.0497e-02
 7.750	18.500	2.1960e-02
 7.750	18.750	2.2592e-02
 7.750	19.000	2.3110e-02
 7.750	19.250	2.3434e-02
 7.750	19.500	2.3518e-02
 7.750	19.750	2.3554e-02
 7.750	20.000	2.3570e-02
 7.750	20.250	2.3573e-02
 7.750	20.500	2.3574e-02
 7.750	20.750	2.3574e-02
 7.750	21.000	2.3574e-02
 7.750	21.250	2.3574e-02
 7.750	21.500	2.3574e-02
 7.750	21.750	2.3574e-02
 7.750	22.000	2.3574e-02
 7.750	22.250	2.3574e-02
 7.750	22.500	2.3575e-02
 7.750	22.750	2.3574e-02
 7.750	23.000	2.3575e-02
 7.750	23.250	2.3575e-02
 7.750	23.500	2.3575e-02
 7.750	23.750	2.3575e-02
 7.750	24.000	2.3575e-02
 8.000	17.000	8.9580e-04
 8.000	17.250	1.6797e-03
 8.000	17.500	3.1531e-03
 8.000	17.750	5.9879e-03
 8.000	18.000	1.1532e-02
 8.000	18.250	1.7093e-02
 8.000	18.500	2.0534e-02
 8.000	18.750	2.1978e-02
 8.000	19.000	2.2599e-02
 8.000	19.250	2.3112e-02
 8.000	19.500	2.3435e-02
 8.000	19.750	2.3518e-02
 8.000	20.000	2.3554e-02
 8.000	20.250	2.3570e-02
 8.000	20.500	2.3573e-02
 8.000	20.750	2.3574e-02
 8.000	21.000	2.3574e-02
 8.000	21.250	2.3574e-02
 8.000	21.500	2.3574e-02
 8.000	21.750	2.3574e-02
 8.000	22.000	2.3574e-02
 8.000	22.250	2.3574e-02
 8.000	22.500	2.3574e-02
 8.000	22.750	2.3574e-02
 8.000	23.000	2.3574e-02
 8.000	23.250	2.3574e-02
 8.000	23.500	2.3574e-02
 8.000	23.750	2.3574e-02
 8.000	24.000	2.3577e-02
 8.250	17.000	4.7885e-04
 8.250	17.250	8.9630e-04
 8.250	17.500	1.6798e-03
 8.250	17.750	3.1537e-03
 8.250	18.000	5.9945e-03
 8.250	18.250	1.1540e-02
 8.250	18.500	1.7117e-02
 8.250	18.750	2.0573e-02
 8.250	19.000	2.1997e-02
 8.250	19.250	2.2607e-02
 8.250	19.500	2.3115e-02
 8.250	19.750	2.3435e-02
 8.250	20.000	2.3518e-02
 8.250	20.250	2.3554e-02
 8.250	20.500	2.3570e-02
 8.250	20.750	2.3573e-02
 8.250	21.000	2.3574e-02
 8.250	21.250	2.3574e-02
 8.250	21.500	2.3574e-02
 8.250	21.750	2.3574e-02
 8.250	22.000	2.3574e-02
 8.250	22.250	2.3574e-02
 8.250	22.500	2.3574e-02
 8.250	22.750	2.3575e-02
 8.250	23.000	2.3575e-02
 8.250	23.250	2.3575e-02
 8.250	23.500	2.3574e-02
 8.250	23.750	2.3574e-02
 8.250	24.000	2.3574e-02
 8.500	17.000	2.5679e-04
 8.500	17.250	4.7877e-04
 8.500	17.500	8.9630e-04
 8.500	17.750	1.6794e-03
 8.500	18.000	3.1565e-03
 8.500	18.250	5.9919e-03
 8.500	18.500	1.1537e-02
 8.500	18.750	1.7145e-02
 8.500	19.000	2.0617e-02
 8.500	19.250	2.2019e-02
 8.500	19.500	2.2616e-02
 8.500	19.750	2.3118e-02
 8.500	20.000	2.3436e-02
 8.500	20.250	2.3519e-02
 8.500	20.500	2.3554e-02
 8.500	20.750	2.3570e-02
 8.500	21.000	2.3573e-02
 8.500	21.250	2.3574e-02
 8.500	21.500	2.3574e-02
 8.500	21.750	2.3574e-02
 8.500	22.000	2.3574e-02
 8.500	22.250	2.3574e-02
 8.500	22.500	2.3574e-02
 8.500	22.750	2.3575e-02
 8.500	23.000	2.3574e-02
 8.500	23.250	2.3574e-02
 8.500	23.500	2.3574e-02
 8.500	23.750	2.3574e-02
 8.500	24.000	2.3574e-02
 8.750	17.000	1.3860e-04
 8.750	17.250	2.5654e-04
 8.750	17.500	4.7860e-04
 8.750	17.750	8.9663e-04
 8.750	18.000	1.6843e-03
 8.750	18.250	3.1663e-03
 8.750	18.500	6.0035e-03
 8.750	18.750	1.1537e-02
 8.750	19.000	1.7173e-02
 8.750	19.250	2.0665e-02
 8.750	19.500	2.2043e-02
 8.750	19.750	2.2626e-02
 8.750	20.000	2.3121e-02
 8.750	20.250	2.3437e-02
 8.750	20.500	2.3519e-02
 8.750	20.750	2.3554e-02
 8.750	21.000	2.3570e-02
 8.750	21.250	2.3573e-02
 8.750	21.500	2.3574e-02
 8.750	21.750	2.3574e-02
 8.750	22.000	2.3574e-02
 8.750	22.250	2.3574e-02
 8.750	22.500	2.3574e-02
 8.750	22.750	2.3574e-02
 8.750	23.000	2.3574e-02
 8.750	23.250	2.3574e-02
 8.750	23.500	2.3574e-02
 8.750	23.750	2.3574e-02
 8.750	24.000	2.3574e-02
 9.000	17.000	7.5144e-05
 9.000	17.250	1.3877e-04
 9.000	17.500	2.5695e-04
 9.000	17.750	4.8033e-04
 9.000	18.000	9.0156e-04
 9.000	18.250	1.6951e-03
 9.000	18.500	3.1898e-03
 9.000	18.750	6.0565e-03
 9.000	19.000	1.1549e-02
 9.000	19.250	1.7198e-02
 9.000	19.500	2.0712e-02
 9.000	19.750	2.2067e-02
 9.000	20.000	2.2637e-02
 9.000	20.250	2.3126e-02
 9.000	20.500	2.3438e-02
 9.000	20.750	2.3519e-02
 9.000	21.000	2.3555e-02
 9.000	21.250	2.3570e-02
 9.000	21.500	2.3573e-02
 9.000	21.750	2.3574e-02
 9.000	22.000	2.3574e-02
 9.000	22.250	2.3574e-02
 9.000	22.500	2.3574e-02
 9.000	22.750	2.3574e-02
 9.000	23.000	2.3574e-02
 9.000	23.250	2.3574e-02
 9.000	23.500	2.3574e-02
 9.000	23.750	2.3574e-02
 9.000	24.000	2.3575e-02
 9.250	17.000	4.0412e-05
 9.250	17.250	7.5391e-05
 9.250	17.500	1.3967e-04
 9.250	17.750	2.5967e-04
 9.250	18.000	4.8609e-04
 9.250	18.250	9.1300e-04
 9.250	18.500	1.7193e-03
 9.250	18.750	3.2550e-03
 9.250	19.000	6.1751e-03
 9.250	19.250	1.1599e-02
 9.250	19.500	1.7222e-02
 9.250	19.750	2.0760e-02
 9.250	20.000	2.2092e-02
 9.250	20.250	2.2648e-02
 9.250	20.500	2.3130e-02
 9.250	20.750	2.3439e-02
 9.250	21.000	2.3520e-02
 9.250	21.250	2.3555e-02
 9.250	21.500	2.3566e-02
 9.250	21.750	2.3569e-02
 9.250	22.000	2.3569e-02
 9.250	22.250	2.3570e-02
 9.250	22.500	2.3574e-02
 9.250	22.750	2.3574e-02
 9.250	23.000	2.3574e-02
 9.250	23.250	2.3574e-02
 9.250	23.500	2.3574e-02
 9.250	23.750	2.3574e-02
 9.250	24.000	2.3574e-02
 9.500	17.000	2.1399e-05
 9.500	17.250	4.0823e-05
 9.500	17.500	7.6708e-05
 9.500	17.750	1.4280e-04
 9.500	18.000	2.6527e-04
 9.500	18.250	4.9646e-04
 9.500	18.500	9.3523e-04
 9.500	18.750	1.7802e-03
 9.500	19.000	3.4152e-03
 9.500	19.250	6.4882e-03
 9.500	19.500	1.1743e-02
 9.500	19.750	1.7255e-02
 9.500	20.000	2.0800e-02
 9.500	20.250	2.2116e-02
 9.500	20.500	2.2659e-02
 9.500	20.750	2.3131e-02
 9.500	21.000	2.3435e-02
 9.500	21.250	2.3516e-02
 9.500	21.500	2.3550e-02
 9.500	21.750	2.3564e-02
 9.500	22.000	2.3566e-02
 9.500	22.250	2.3567e-02
 9.500	22.500	2.3567e-02
 9.500	22.750	2.3567e-02
 9.500	23.000	2.3567e-02
 9.500	23.250	2.3567e-02
 9.500	23.500	2.3568e-02
 9.500	23.750	2.3568e-02
 9.500	24.000	2.3568e-02
 9.750	17.000	1.1029e-05
 9.750	17.250	2.1728e-05
 9.750	17.500	4.1975e-05
 9.750	17.750	7.9506e-05
 9.750	18.000	1.4782e-04
 9.750	18.250	2.7465e-04
 9.750	18.500	5.1802e-04
 9.750	18.750	9.9251e-04
 9.750	19.000	1.9362e-03
 9.750	19.250	3.7926e-03
 9.750	19.500	7.0789e-03
 9.750	19.750	1.2018e-02
 9.750	20.000	1.7313e-02
 9.750	20.250	2.0832e-02
 9.750	20.500	2.2137e-02
 9.750	20.750	2.2670e-02
 9.750	21.000	2.3138e-02
 9.750	21.250	2.3438e-02
 9.750	21.500	2.3516e-02
 9.750	21.750	2.3551e-02
 9.750	22.000	2.3565e-02
 9.750	22.250	2.3566e-02
 9.750	22.500	2.3567e-02
 9.750	22.750	2.3567e-02
 9.750	23.000	2.3567e-02
 9.750	23.250	2.3567e-02
 9.750	23.500	2.3567e-02
 9.750	23.750	2.3567e-02
 9.750	24.000	2.3567e-02
10.000	17.000	5.1852e-06
10.000	17.250	1.1358e-05
10.000	17.500	2.2716e-05
10.000	17.750	4.4280e-05
10.000	18.000	8.3868e-05
10.000	18.250	1.5638e-04
10.000	18.500	2.9498e-04
10.000	18.750	5.7169e-04
10.000	19.000	1.1328e-03
10.000	19.250	2.2651e-03
10.000	19.500	4.4400e-03
10.000	19.750	7.8998e-03
10.000	20.000	1.2614e-02
10.000	20.250	1.7432e-02
10.000	20.500	2.0870e-02
10.000	20.750	2.2164e-02
10.000	21.000	2.2682e-02
10.000	21.250	2.3145e-02
10.000	21.500	2.3442e-02
10.000	21.750	2.3518e-02
10.000	22.000	2.3551e-02
10.000	22.250	2.3566e-02
10.000	22.500	2.3567e-02
10.000	22.750	2.3567e-02
10.000	23.000	2.3567e-02
10.000	23.250	2.3567e-02
10.000	23.500	2.3567e-02
10.000	23.750	2.3567e-02
10.000	24.000	2.3567e-02
10.250	17.000	2.5514e-06
10.250	17.250	5.4321e-06
10.250	17.500	1.2016e-05
10.250	17.750	2.4362e-05
10.250	18.000	4.7819e-05
10.250	18.250	9.2181e-05
10.250	18.500	1.7679e-04
10.250	18.750	3.4765e-04
10.250	19.000	6.9572e-04
10.250	19.250	1.4022e-03
10.250	19.500	2.8105e-03
10.250	19.750	5.1533e-03
10.250	20.000	8.8009e-03
10.250	20.250	1.3232e-02
10.250	20.500	1.7688e-02
10.250	20.750	2.0918e-02
10.250	21.000	2.2187e-02
10.250	21.250	2.2694e-02
10.250	21.500	2.3151e-02
10.250	21.750	2.3445e-02
10.250	22.000	2.3521e-02
10.250	22.250	2.3552e-02
10.250	22.500	2.3566e-02
10.250	22.750	2.3568e-02
10.250	23.000	2.3567e-02
10.250	23.250	2.3567e-02
10.250	23.500	2.3567e-02
10.250	23.750	2.3567e-02
10.250	24.000	2.3567e-02
10.500	17.000	1.3169e-06
10.500	17.250	2.7160e-06
10.500	17.500	5.8436e-06
10.500	17.750	1.3251e-05
10.500	18.000	2.7407e-05
10.500	18.250	5.5720e-05
10.500	18.500	1.1235e-04
10.500	18.750	2.2510e-04
10.500	19.000	4.5169e-04
10.500	19.250	9.0486e-04
10.500	19.500	1.8065e-03
10.500	19.750	3.5611e-03
10.500	20.000	6.1891e-03
10.500	20.250	9.7555e-03
10.500	20.500	1.3925e-02
10.500	20.750	1.7996e-02
10.500	21.000	2.0991e-02
10.500	21.250	2.2213e-02
10.500	21.500	2.2707e-02
10.500	21.750	2.3159e-02
10.500	22.000	2.3448e-02
10.500	22.250	2.3523e-02
10.500	22.500	2.3554e-02
10.500	22.750	2.3566e-02
10.500	23.000	2.3569e-02
10.500	23.250	2.3568e-02
10.500	23.500	2.3568e-02
10.500	23.750	2.3567e-02
10.500	24.000	2.3567e-02
10.750	17.000	1.0000e-07
10.750	17.250	1.3992e-06
10.750	17.500	3.0453e-06
10.750	17.750	6.9959e-06
10.750	18.000	1.5967e-05
10.750	18.250	3.5062e-05
10.750	18.500	7.4239e-05
10.750	18.750	1.5251e-04
10.750	19.000	3.0486e-04
10.750	19.250	6.0181e-04
10.750	19.500	1.1814e-03
10.750	19.750	2.3131e-03
10.750	20.000	4.4849e-03
10.750	20.250	7.2291e-03
10.750	20.500	1.0664e-02
10.750	20.750	1.4585e-02
10.750	21.000	1.8452e-02
10.750	21.250	2.1106e-02
10.750	21.500	2.2244e-02
10.750	21.750	2.2724e-02
10.750	22.000	2.3167e-02
10.750	22.250	2.3451e-02
10.750	22.500	2.3524e-02
10.750	22.750	2.3556e-02
10.750	23.000	2.3567e-02
10.750	23.250	2.3569e-02
10.750	23.500	2.3569e-02
10.750	23.750	2.3569e-02
10.750	24.000	2.3568e-02
11.000	17.000	1.0000e-07
11.000	17.250	1.0000e-07
11.000	17.500	1.5638e-06
11.000	17.750	3.7860e-06
11.000	18.000	9.3004e-06
11.000	18.250	2.2058e-05
11.000	18.500	4.9300e-05
11.000	18.750	1.0313e-04
11.000	19.000	2.0642e-04
11.000	19.250	4.0189e-04
11.000	19.500	7.7416e-04
11.000	19.750	1.4922e-03
11.000	20.000	2.8724e-03
11.000	20.250	5.2007e-03
11.000	20.500	8.1282e-03
11.000	20.750	1.1531e-02
11.000	21.000	1.5247e-02
11.000	21.250	1.8935e-02
11.000	21.500	2.1249e-02
11.000	21.750	2.2290e-02
11.000	22.000	2.2748e-02
11.000	22.250	2.3179e-02
11.000	22.500	2.3455e-02
11.000	22.750	2.3526e-02
11.000	23.000	2.3557e-02
11.000	23.250	2.3567e-02
11.000	23.500	2.3569e-02
11.000	23.750	2.3570e-02
11.000	24.000	2.3569e-02
11.250	17.000	1.0000e-07
11.250	17.250	1.0000e-07
11.250	17.500	9.0535e-07
11.250	17.750	2.0576e-06
11.250	18.000	5.3498e-06
11.250	18.250	1.3580e-05
11.250	18.500	3.1358e-05
11.250	18.750	6.7078e-05
11.250	19.000	1.3523e-04
11.250	19.250	2.6313e-04
11.250	19.500	5.0181e-04
11.250	19.750	9.5160e-04
11.250	20.000	1.8089e-03
11.250	20.250	3.4437e-03
11.250	20.500	6.1489e-03
11.250	20.750	9.1149e-03
11.250	21.000	1.2350e-02
11.250	21.250	1.5983e-02
11.250	21.500	1.9317e-02
11.250	21.750	2.1418e-02
11.250	22.000	2.2350e-02
11.250	22.250	2.2782e-02
11.250	22.500	2.3194e-02
11.250	22.750	2.3460e-02
11.250	23.000	2.3528e-02
11.250	23.250	2.3558e-02
11.250	23.500	2.3570e-02
11.250	23.750	2.3569e-02
11.250	24.000	2.3570e-02
11.500	17.000	1.0000e-07
11.500	17.250	1.0000e-07
11.500	17.500	1.0000e-07
11.500	17.750	1.1523e-06
11.500	18.000	3.0453e-06
11.500	18.250	7.9012e-06
11.500	18.500	1.8848e-05
11.500	18.750	4.1235e-05
11.500	19.000	8.4774e-05
11.500	19.250	1.6584e-04
11.500	19.500	3.1564e-04
11.500	19.750	5.9613e-04
11.500	20.000	1.1215e-03
11.500	20.250	2.1116e-03
11.500	20.500	3.9919e-03
11.500	20.750	6.8762e-03
11.500	21.000	9.9686e-03
11.500	21.250	1.3160e-02
11.500	21.500	1.6749e-02
11.500	21.750	1.9751e-02
11.500	22.000	2.1582e-02
11.500	22.250	2.2425e-02
11.500	22.500	2.2828e-02
11.500	22.750	2.3215e-02
11.500	23.000	2.3467e-02
11.500	23.250	2.3531e-02
11.500	23.500	2.3559e-02
11.500	23.750	2.3571e-02
11.500	24.000	2.3570e-02
11.750	17.000	1.0000e-07
11.750	17.250	1.0000e-07
11.750	17.500	1.0000e-07
11.750	17.750	1.0000e-07
11.750	18.000	1.6461e-06
11.750	18.250	4.3621e-06
11.750	18.500	1.0782e-05
11.750	18.750	2.4033e-05
11.750	19.000	5.0370e-05
11.750	19.250	1.0025e-04
11.750	19.500	1.9202e-04
11.750	19.750	3.6140e-04
11.750	20.000	6.7860e-04
11.750	20.250	1.2749e-03
11.750	20.500	2.3933e-03
11.750	20.750	4.5089e-03
11.750	21.000	7.6153e-03
11.750	21.250	1.0776e-02
11.750	21.500	1.4027e-02
11.750	21.750	1.7632e-02
11.750	22.000	2.0134e-02
11.750	22.250	2.1735e-02
11.750	22.500	2.2495e-02
11.750	22.750	2.2881e-02
11.750	23.000	2.3242e-02
11.750	23.250	2.3476e-02
11.750	23.500	2.3546e-02
11.750	23.750	2.3561e-02
11.750	24.000	2.3571e-02
12.000	17.000	1.0000e-07
12.000	17.250	1.0000e-07
12.000	17.500	1.0000e-07
12.000	17.750	1.0000e-07
12.000	18.000	9.0535e-07
12.000	18.250	2.3045e-06
12.000	18.500	5.7613e-06
12.000	18.750	1.3251e-05
12.000	19.000	2.8395e-05
12.000	19.250	5.7942e-05
12.000	19.500	1.1284e-04
12.000	19.750	2.1317e-04
12.000	20.000	3.9951e-04
12.000	20.250	7.4971e-04
12.000	20.500	1.4092e-03
12.000	20.750	2.6494e-03
12.000	21.000	5.0142e-03
12.000	21.250	8.3045e-03
12.000	21.500	1.1534e-02
12.000	21.750	1.4893e-02
12.000	22.000	1.8237e-02
12.000	22.250	2.0402e-02
12.000	22.500	2.1863e-02
12.000	22.750	2.2560e-02
12.000	23.000	2.2932e-02
12.000	23.250	2.3273e-02
12.000	23.500	2.3487e-02
12.000	23.750	2.3540e-02
12.000	24.000	2.3563e-02
12.250	17.000	1.0000e-07
12.250	17.250	1.0000e-07
12.250	17.500	1.0000e-07
12.250	17.750	1.0000e-07
12.250	18.000	1.0000e-07
12.250	18.250	1.2346e-06
12.250	18.500	2.9630e-06
12.250	18.750	6.8313e-06
12.250	19.000	1.5144e-05
12.250	19.250	3.1687e-05
12.250	19.500	6.3457e-05
12.250	19.750	1.2230e-04
12.250	20.000	2.2971e-04
12.250	20.250	4.3062e-04
12.250	20.500	8.1021e-04
12.250	20.750	1.5291e-03
12.250	21.000	2.9034e-03
12.250	21.250	5.5027e-03
12.250	21.500	8.9196e-03
12.250	21.750	1.2285e-02
12.250	22.000	1.5683e-02
12.250	22.250	1.8649e-02
12.250	22.500	2.0639e-02
12.250	22.750	2.1964e-02
12.250	23.000	2.2613e-02
12.250	23.250	2.2975e-02
12.250	23.500	2.3303e-02
12.250	23.750	2.3500e-02
12.250	24.000	2.3545e-02
12.500	17.000	1.0000e-07
12.500	17.250	1.0000e-07
12.500	17.500	1.0000e-07
12.500	17.750	1.0000e-07
12.500	18.000	1.0000e-07
12.500	18.250	1.0000e-07
12.500	18.500	1.4815e-06
12.500	18.750	3.3745e-06
12.500	19.000	7.6543e-06
12.500	19.250	1.6296e-05
12.500	19.500	3.3745e-05
12.500	19.750	6.7243e-05
12.500	20.000	1.2905e-04
12.500	20.250	2.4247e-04
12.500	20.500	4.5654e-04
12.500	20.750	8.6667e-04
12.500	21.000	1.6562e-03
12.500	21.250	3.1712e-03
12.500	21.500	5.9574e-03
12.500	21.750	9.5055e-03
12.500	22.000	1.2955e-02
12.500	22.250	1.6334e-02
12.500	22.500	1.8982e-02
12.500	22.750	2.0821e-02
12.500	23.000	2.2037e-02
12.500	23.250	2.2651e-02
12.500	23.500	2.3012e-02
12.500	23.750	2.3330e-02
12.500	24.000	2.3511e-02
12.750	17.000	1.0000e-07
12.750	17.250	1.0000e-07
12.750	17.500	1.0000e-07
12.750	17.750	1.0000e-07
12.750	18.000	1.0000e-07
12.750	18.250	1.0000e-07
12.750	18.500	1.0000e-07
12.750	18.750	1.6461e-06
12.750	19.000	3.7037e-06
12.750	19.250	8.0658e-06
12.750	19.500	1.6955e-05
12.750	19.750	3.4815e-05
12.750	20.000	6.9383e-05
12.750	20.250	1.3366e-04
12.750	20.500	2.5342e-04
12.750	20.750	4.8181e-04
12.750	21.000	9.2519e-04
12.750	21.250	1.7928e-03
12.750	21.500	3.4113e-03
12.750	21.750	6.4562e-03
12.750	22.000	1.0056e-02
12.750	22.250	1.3551e-02
12.750	22.500	1.6837e-02
12.750	22.750	1.9236e-02
12.750	23.000	2.0956e-02
12.750	23.250	2.2085e-02
12.750	23.500	2.2678e-02
12.750	23.750	2.3041e-02
12.750	24.000	2.3352e-02
13.000	17.000	1.0000e-07
13.000	17.250	1.0000e-07
13.000	17.500	1.0000e-07
13.000	17.750	1.0000e-07
13.000	18.000	1.0000e-07
13.000	18.250	1.0000e-07
13.000	18.500	1.0000e-07
13.000	18.750	8.2305e-07
13.000	19.000	1.8107e-06
13.000	19.250	3.7860e-06
13.000	19.500	8.0658e-06
13.000	19.750	1.7037e-05
13.000	20.000	3.5144e-05
13.000	20.250	7.0453e-05
13.000	20.500	1.3786e-04
13.000	20.750	2.6444e-04
13.000	21.000	5.1169e-04
13.000	21.250	9.9654e-04
13.000	21.500	1.9095e-03
13.000	21.750	3.7013e-03
13.000	22.000	6.9464e-03
13.000	22.250	1.0540e-02
13.000	22.500	1.4009e-02
13.000	22.750	1.7179e-02
13.000	23.000	1.9436e-02
13.000	23.250	2.1046e-02
13.000	23.500	2.2113e-02
13.000	23.750	2.2695e-02
13.000	24.000	2.3063e-02
13.250	17.000	1.0000e-07
13.250	17.250	1.0000e-07
13.250	17.500	1.0000e-07
13.250	17.750	1.0000e-07
13.250	18.000	1.0000e-07
13.250	18.250	1.0000e-07
13.250	18.500	1.0000e-07
13.250	18.750	1.0000e-07
13.250	19.000	9.0535e-07
13.250	19.250	1.8107e-06
13.250	19.500	3.7860e-06
13.250	19.750	7.9835e-06
13.250	20.000	1.6872e-05
13.250	20.250	3.4979e-05
13.250	20.500	7.1029e-05
13.250	20.750	1.4099e-04
13.250	21.000	2.7481e-04
13.250	21.250	5.3877e-04
13.250	21.500	1.0413e-03
13.250	21.750	2.0524e-03
13.250	22.000	3.9289e-03
13.250	22.250	7.2844e-03
13.250	22.500	1.0947e-02
13.250	22.750	1.4359e-02
13.250	23.000	1.7440e-02
13.250	23.250	1.9577e-02
13.250	23.500	2.1120e-02
13.250	23.750	2.2126e-02
13.250	24.000	2.2706e-02
13.500	17.000	1.0000e-07
13.500	17.250	1.0000e-07
13.500	17.500	1.0000e-07
13.500	17.750	1.0000e-07
13.500	18.000	1.0000e-07
13.500	18.250	1.0000e-07
13.500	18.500	1.0000e-07
13.500	18.750	1.0000e-07
13.500	19.000	1.0000e-07
13.500	19.250	9.0535e-07
13.500	19.500	1.8930e-06
13.500	19.750	3.7860e-06
13.500	20.000	7.9835e-06
13.500	20.250	1.6790e-05
13.500	20.500	3.4979e-05
13.500	20.750	7.1523e-05
13.500	21.000	1.4148e-04
13.500	21.250	2.8181e-04
13.500	21.500	5.4502e-04
13.500	21.750	1.0579e-03
13.500	22.000	2.0737e-03
13.500	22.250	4.0756e-03
13.500	22.500	7.5827e-03
13.500	22.750	1.1236e-02
13.500	23.000	1.4619e-02
13.500	23.250	1.7667e-02
13.500	23.500	1.9699e-02
13.500	23.750	2.1183e-02
13.500	24.000	2.2137e-02
13.750	17.000	1.0000e-07
13.750	17.250	1.0000e-07
13.750	17.500	1.0000e-07
13.750	17.750	1.0000e-07
13.750	18.000	1.0000e-07
13.750	18.250	1.0000e-07
13.750	18.500	1.0000e-07
13.750	18.750	1.0000e-07
13.750	19.000	1.0000e-07
13.750	19.250	1.0000e-07
13.750	19.500	9.8765e-07
13.750	19.750	1.8930e-06
13.750	20.000	3.8683e-06
13.750	20.250	8.1481e-06
13.750	20.500	1.7037e-05
13.750	20.750	3.5638e-05
13.750	21.000	7.2263e-05
13.750	21.250	1.4263e-04
13.750	21.500	2.7695e-04
13.750	21.750	5.3975e-04
13.750	22.000	1.0654e-03
13.750	22.250	2.1223e-03
13.750	22.500	4.2399e-03
13.750	22.750	7.9293e-03
13.750	23.000	1.1500e-02
13.750	23.250	1.4958e-02
13.750	23.500	1.7910e-02
13.750	23.750	1.9821e-02
13.750	24.000	2.1238e-02
14.000	17.000	1.0000e-07
14.000	17.250	1.0000e-07
14.000	17.500	1.0000e-07
14.000	17.750	1.0000e-07
14.000	18.000	1.0000e-07
14.000	18.250	1.0000e-07
14.000	18.500	1.0000e-07
14.000	18.750	1.0000e-07
14.000	19.000	1.0000e-07
14.000	19.250	1.0000e-07
14.000	19.500	1.0000e-07
14.000	19.750	1.0700e-06
14.000	20.000	2.0576e-06
14.000	20.250	4.1152e-06
14.000	20.500	8.4774e-06
14.000	20.750	1.7695e-05
14.000	21.000	3.6790e-05
14.000	21.250	7.4568e-05
14.000	21.500	1.4502e-04
14.000	21.750	2.8132e-04
14.000	22.000	5.4979e-04
14.000	22.250	1.0961e-03
14.000	22.500	2.2116e-03
14.000	22.750	4.5035e-03
14.000	23.000	8.2541e-03
14.000	23.250	1.1919e-02
14.000	23.500	1.5346e-02
14.000	23.750	1.8175e-02
14.000	24.000	1.9960e-02
