InwD 1073.86A  relative to Inci 1215.00A scaled to 1215A.
Hden   Phi(H)  Eq_Width (A)
7.000  17.000  1.4750e-02
7.000  17.250  1.3660e-02
7.000  17.500  1.0352e-02
7.000  17.750  6.9280e-03
7.000  18.000  4.1040e-03
7.000  18.250  2.3000e-03
7.000  18.500  1.1570e-03
7.000  18.750  5.9500e-04
7.000  19.000  2.9800e-04
7.000  19.250  1.2800e-04
7.000  19.500  5.7000e-05
7.000  19.750  2.6000e-05
7.000  20.000  1.3000e-05
7.000  20.250  7.0000e-06
7.000  20.500  4.0000e-06
7.000  20.750  2.0000e-06
7.000  21.000  1.0000e-06
7.000  21.250  1.0000e-10
7.000  21.500  1.0000e-10
7.000  21.750  1.0000e-10
7.000  22.000  1.0000e-10
7.000  22.250  1.0000e-10
7.000  22.500  1.0000e-10
7.000  22.750  1.0000e-10
7.000  23.000  1.0000e-10
7.000  23.250  1.0000e-10
7.000  23.500  1.0000e-10
7.000  23.750  1.0000e-10
7.000  24.000  1.0000e-10
7.250  17.000  1.5818e-02
7.250  17.250  1.4111e-02
7.250  17.500  1.3469e-02
7.250  17.750  1.0259e-02
7.250  18.000  6.8810e-03
7.250  18.250  4.0780e-03
7.250  18.500  2.2870e-03
7.250  18.750  1.1520e-03
7.250  19.000  5.9300e-04
7.250  19.250  2.9700e-04
7.250  19.500  1.2800e-04
7.250  19.750  5.7000e-05
7.250  20.000  2.6000e-05
7.250  20.250  1.3000e-05
7.250  20.500  7.0000e-06
7.250  20.750  4.0000e-06
7.250  21.000  2.0000e-06
7.250  21.250  1.0000e-06
7.250  21.500  1.0000e-06
7.250  21.750  1.0000e-06
7.250  22.000  1.0000e-10
7.250  22.250  1.0000e-10
7.250  22.500  1.0000e-10
7.250  22.750  1.0000e-10
7.250  23.000  1.0000e-10
7.250  23.250  1.0000e-10
7.250  23.500  1.0000e-10
7.250  23.750  1.0000e-10
7.250  24.000  1.0000e-10
7.500  17.000  1.3605e-02
7.500  17.250  1.4393e-02
7.500  17.500  1.3574e-02
7.500  17.750  1.3363e-02
7.500  18.000  1.0213e-02
7.500  18.250  6.8560e-03
7.500  18.500  4.0620e-03
7.500  18.750  2.2790e-03
7.500  19.000  1.1490e-03
7.500  19.250  5.9200e-04
7.500  19.500  2.9700e-04
7.500  19.750  1.2800e-04
7.500  20.000  5.7000e-05
7.500  20.250  2.6000e-05
7.500  20.500  1.3000e-05
7.500  20.750  7.0000e-06
7.500  21.000  4.0000e-06
7.500  21.250  2.0000e-06
7.500  21.500  1.0000e-06
7.500  21.750  1.0000e-06
7.500  22.000  1.0000e-06
7.500  22.250  1.0000e-10
7.500  22.500  1.0000e-10
7.500  22.750  1.0000e-10
7.500  23.000  1.0000e-10
7.500  23.250  1.0000e-10
7.500  23.500  1.0000e-10
7.500  23.750  1.0000e-10
7.500  24.000  1.0000e-10
7.750  17.000  1.1763e-02
7.750  17.250  1.2000e-02
7.750  17.500  1.3125e-02
7.750  17.750  1.3145e-02
7.750  18.000  1.3308e-02
7.750  18.250  1.0196e-02
7.750  18.500  6.8470e-03
7.750  18.750  4.0530e-03
7.750  19.000  2.2740e-03
7.750  19.250  1.1470e-03
7.750  19.500  5.9100e-04
7.750  19.750  2.9600e-04
7.750  20.000  1.2800e-04
7.750  20.250  5.7000e-05
7.750  20.500  2.6000e-05
7.750  20.750  1.3000e-05
7.750  21.000  7.0000e-06
7.750  21.250  4.0000e-06
7.750  21.500  2.0000e-06
7.750  21.750  1.0000e-06
7.750  22.000  1.0000e-06
7.750  22.250  1.0000e-10
7.750  22.500  1.0000e-10
7.750  22.750  1.0000e-10
7.750  23.000  1.0000e-10
7.750  23.250  1.0000e-10
7.750  23.500  1.0000e-10
7.750  23.750  1.0000e-10
7.750  24.000  1.0000e-10
8.000  17.000  9.7660e-03
8.000  17.250  1.0004e-02
8.000  17.500  1.0630e-02
8.000  17.750  1.2038e-02
8.000  18.000  1.2803e-02
8.000  18.250  1.3282e-02
8.000  18.500  1.0198e-02
8.000  18.750  6.8480e-03
8.000  19.000  4.0480e-03
8.000  19.250  2.2710e-03
8.000  19.500  1.1460e-03
8.000  19.750  5.9100e-04
8.000  20.000  2.9600e-04
8.000  20.250  1.2700e-04
8.000  20.500  5.7000e-05
8.000  20.750  2.6000e-05
8.000  21.000  1.3000e-05
8.000  21.250  7.0000e-06
8.000  21.500  4.0000e-06
8.000  21.750  2.0000e-06
8.000  22.000  1.0000e-06
8.000  22.250  1.0000e-06
8.000  22.500  1.0000e-10
8.000  22.750  1.0000e-10
8.000  23.000  1.0000e-10
8.000  23.250  1.0000e-10
8.000  23.500  1.0000e-10
8.000  23.750  1.0000e-10
8.000  24.000  1.0000e-10
8.250  17.000  8.1590e-03
8.250  17.250  8.3260e-03
8.250  17.500  8.8430e-03
8.250  17.750  9.7470e-03
8.250  18.000  1.1359e-02
8.250  18.250  1.2586e-02
8.250  18.500  1.3267e-02
8.250  18.750  1.0212e-02
8.250  19.000  6.8540e-03
8.250  19.250  4.0460e-03
8.250  19.500  2.2700e-03
8.250  19.750  1.1450e-03
8.250  20.000  5.9000e-04
8.250  20.250  2.9600e-04
8.250  20.500  1.2700e-04
8.250  20.750  5.7000e-05
8.250  21.000  2.6000e-05
8.250  21.250  1.3000e-05
8.250  21.500  7.0000e-06
8.250  21.750  4.0000e-06
8.250  22.000  2.0000e-06
8.250  22.250  1.0000e-06
8.250  22.500  1.0000e-06
8.250  22.750  1.0000e-06
8.250  23.000  1.0000e-10
8.250  23.250  1.0000e-10
8.250  23.500  1.0000e-10
8.250  23.750  1.0000e-10
8.250  24.000  1.0000e-10
8.500  17.000  6.9910e-03
8.500  17.250  7.0260e-03
8.500  17.500  7.3930e-03
8.500  17.750  8.0740e-03
8.500  18.000  9.1830e-03
8.500  18.250  1.0928e-02
8.500  18.500  1.2436e-02
8.500  18.750  1.3261e-02
8.500  19.000  1.0236e-02
8.500  19.250  6.8650e-03
8.500  19.500  4.0440e-03
8.500  19.750  2.2680e-03
8.500  20.000  1.1450e-03
8.500  20.250  5.9000e-04
8.500  20.500  2.9600e-04
8.500  20.750  1.2700e-04
8.500  21.000  5.7000e-05
8.500  21.250  2.6000e-05
8.500  21.500  1.3000e-05
8.500  21.750  7.0000e-06
8.500  22.000  4.0000e-06
8.500  22.250  2.0000e-06
8.500  22.500  1.0000e-06
8.500  22.750  1.0000e-10
8.500  23.000  1.0000e-10
8.500  23.250  1.0000e-10
8.500  23.500  1.0000e-10
8.500  23.750  1.0000e-10
8.500  24.000  1.0000e-10
8.750  17.000  6.2980e-03
8.750  17.250  6.1700e-03
8.750  17.500  6.3460e-03
8.750  17.750  6.8280e-03
8.750  18.000  7.6580e-03
8.750  18.250  8.8590e-03
8.750  18.500  1.0661e-02
8.750  18.750  1.2339e-02
8.750  19.000  1.3256e-02
8.750  19.250  1.0266e-02
8.750  19.500  6.8790e-03
8.750  19.750  4.0440e-03
8.750  20.000  2.2680e-03
8.750  20.250  1.1450e-03
8.750  20.500  5.9000e-04
8.750  20.750  2.9600e-04
8.750  21.000  1.2700e-04
8.750  21.250  5.7000e-05
8.750  21.500  2.6000e-05
8.750  21.750  1.3000e-05
8.750  22.000  7.0000e-06
8.750  22.250  4.0000e-06
8.750  22.500  2.0000e-06
8.750  22.750  1.0000e-06
8.750  23.000  1.0000e-06
8.750  23.250  1.0000e-10
8.750  23.500  1.0000e-10
8.750  23.750  1.0000e-10
8.750  24.000  1.0000e-10
9.000  17.000  6.0170e-03
9.000  17.250  5.7370e-03
9.000  17.500  5.7230e-03
9.000  17.750  5.9870e-03
9.000  18.000  6.5660e-03
9.000  18.250  7.4500e-03
9.000  18.500  8.6920e-03
9.000  18.750  1.0524e-02
9.000  19.000  1.2262e-02
9.000  19.250  1.3245e-02
9.000  19.500  1.0295e-02
9.000  19.750  6.8940e-03
9.000  20.000  4.0450e-03
9.000  20.250  2.2670e-03
9.000  20.500  1.1440e-03
9.000  20.750  5.9000e-04
9.000  21.000  2.9600e-04
9.000  21.250  1.2700e-04
9.000  21.500  5.7000e-05
9.000  21.750  2.6000e-05
9.000  22.000  1.3000e-05
9.000  22.250  7.0000e-06
9.000  22.500  4.0000e-06
9.000  22.750  2.0000e-06
9.000  23.000  1.0000e-06
9.000  23.250  1.0000e-06
9.000  23.500  1.0000e-10
9.000  23.750  1.0000e-10
9.000  24.000  1.0000e-10
9.250  17.000  6.0840e-03
9.250  17.250  5.6450e-03
9.250  17.500  5.4790e-03
9.250  17.750  5.5510e-03
9.250  18.000  5.8940e-03
9.250  18.250  6.5110e-03
9.250  18.500  7.3970e-03
9.250  18.750  8.6390e-03
9.250  19.000  1.0372e-02
9.250  19.250  1.2187e-02
9.250  19.500  1.3225e-02
9.250  19.750  1.0320e-02
9.250  20.000  6.9090e-03
9.250  20.250  4.0460e-03
9.250  20.500  2.2670e-03
9.250  20.750  1.1440e-03
9.250  21.000  5.9000e-04
9.250  21.250  2.9600e-04
9.250  21.500  1.2800e-04
9.250  21.750  5.6000e-05
9.250  22.000  2.6000e-05
9.250  22.250  1.4000e-05
9.250  22.500  7.0000e-06
9.250  22.750  4.0000e-06
9.250  23.000  2.0000e-06
9.250  23.250  1.0000e-06
9.250  23.500  1.0000e-10
9.250  23.750  1.0000e-10
9.250  24.000  1.0000e-10
9.500  17.000  6.4640e-03
9.500  17.250  5.8380e-03
9.500  17.500  5.5330e-03
9.500  17.750  5.4790e-03
9.500  18.000  5.6440e-03
9.500  18.250  6.0220e-03
9.500  18.500  6.6120e-03
9.500  18.750  7.4400e-03
9.500  19.000  8.6510e-03
9.500  19.250  1.0185e-02
9.500  19.500  1.2101e-02
9.500  19.750  1.3196e-02
9.500  20.000  1.0337e-02
9.500  20.250  6.9200e-03
9.500  20.500  4.0470e-03
9.500  20.750  2.2660e-03
9.500  21.000  1.1440e-03
9.500  21.250  5.9000e-04
9.500  21.500  2.9500e-04
9.500  21.750  1.2800e-04
9.500  22.000  5.6000e-05
9.500  22.250  2.6000e-05
9.500  22.500  1.3000e-05
9.500  22.750  7.0000e-06
9.500  23.000  4.0000e-06
9.500  23.250  2.0000e-06
9.500  23.500  1.0000e-06
9.500  23.750  1.0000e-06
9.500  24.000  1.0000e-10
9.750  17.000  7.1840e-03
9.750  17.250  6.2910e-03
9.750  17.500  5.8210e-03
9.750  17.750  5.6760e-03
9.750  18.000  5.7640e-03
9.750  18.250  5.9810e-03
9.750  18.500  6.2950e-03
9.750  18.750  6.7720e-03
9.750  19.000  7.5140e-03
9.750  19.250  8.7030e-03
9.750  19.500  1.0014e-02
9.750  19.750  1.2004e-02
9.750  20.000  1.3160e-02
9.750  20.250  1.0343e-02
9.750  20.500  6.9300e-03
9.750  20.750  4.0470e-03
9.750  21.000  2.2670e-03
9.750  21.250  1.1430e-03
9.750  21.500  5.9000e-04
9.750  21.750  2.9600e-04
9.750  22.000  1.2800e-04
9.750  22.250  5.6000e-05
9.750  22.500  2.7000e-05
9.750  22.750  1.3000e-05
9.750  23.000  7.0000e-06
9.750  23.250  4.0000e-06
9.750  23.500  2.0000e-06
9.750  23.750  1.0000e-06
9.750  24.000  1.0000e-06
10.000  17.000  8.2860e-03
10.000  17.250  7.0550e-03
10.000  17.500  6.3450e-03
10.000  17.750  6.0960e-03
10.000  18.000  6.1790e-03
10.000  18.250  6.3240e-03
10.000  18.500  6.4280e-03
10.000  18.750  6.5860e-03
10.000  19.000  6.9420e-03
10.000  19.250  7.6090e-03
10.000  19.500  8.8170e-03
10.000  19.750  9.9260e-03
10.000  20.000  1.1892e-02
10.000  20.250  1.3123e-02
10.000  20.500  1.0341e-02
10.000  20.750  6.9380e-03
10.000  21.000  4.0480e-03
10.000  21.250  2.2660e-03
10.000  21.500  1.1430e-03
10.000  21.750  5.8900e-04
10.000  22.000  2.9600e-04
10.000  22.250  1.2800e-04
10.000  22.500  5.6000e-05
10.000  22.750  2.6000e-05
10.000  23.000  1.3000e-05
10.000  23.250  7.0000e-06
10.000  23.500  4.0000e-06
10.000  23.750  2.0000e-06
10.000  24.000  1.0000e-06
10.250  17.000  9.8550e-03
10.250  17.250  8.2070e-03
10.250  17.500  7.1830e-03
10.250  17.750  6.7780e-03
10.250  18.000  6.8470e-03
10.250  18.250  6.9570e-03
10.250  18.500  6.9380e-03
10.250  18.750  6.8540e-03
10.250  19.000  6.8850e-03
10.250  19.250  7.1580e-03
10.250  19.500  7.7400e-03
10.250  19.750  8.9630e-03
10.250  20.000  9.9570e-03
10.250  20.250  1.1875e-02
10.250  20.500  1.3098e-02
10.250  20.750  1.0333e-02
10.250  21.000  6.9420e-03
10.250  21.250  4.0480e-03
10.250  21.500  2.2660e-03
10.250  21.750  1.1430e-03
10.250  22.000  5.8900e-04
10.250  22.250  2.9600e-04
10.250  22.500  1.2800e-04
10.250  22.750  5.6000e-05
10.250  23.000  2.6000e-05
10.250  23.250  1.3000e-05
10.250  23.500  7.0000e-06
10.250  23.750  4.0000e-06
10.250  24.000  3.0000e-06
10.500  17.000  1.1897e-02
10.500  17.250  9.8450e-03
10.500  17.500  8.4600e-03
10.500  17.750  7.8600e-03
10.500  18.000  7.8380e-03
10.500  18.250  7.9140e-03
10.500  18.500  7.7530e-03
10.500  18.750  7.4770e-03
10.500  19.000  7.2130e-03
10.500  19.250  7.0910e-03
10.500  19.500  7.2800e-03
10.500  19.750  7.8000e-03
10.500  20.000  9.0920e-03
10.500  20.250  1.0144e-02
10.500  20.500  1.1998e-02
10.500  20.750  1.3146e-02
10.500  21.000  1.0323e-02
10.500  21.250  6.9450e-03
10.500  21.500  4.0490e-03
10.500  21.750  2.2650e-03
10.500  22.000  1.1430e-03
10.500  22.250  5.8900e-04
10.500  22.500  2.9600e-04
10.500  22.750  1.2800e-04
10.500  23.000  5.7000e-05
10.500  23.250  2.6000e-05
10.500  23.500  1.3000e-05
10.500  23.750  7.0000e-06
10.500  24.000  4.0000e-06
10.750  17.000  1.4390e-02
10.750  17.250  1.1985e-02
10.750  17.500  1.0298e-02
10.750  17.750  9.4790e-03
10.750  18.000  9.2880e-03
10.750  18.250  9.1520e-03
10.750  18.500  8.8140e-03
10.750  18.750  8.4170e-03
10.750  19.000  7.8580e-03
10.750  19.250  7.4360e-03
10.750  19.500  7.2890e-03
10.750  19.750  7.4600e-03
10.750  20.000  7.9730e-03
10.750  20.250  9.4140e-03
10.750  20.500  1.0573e-02
10.750  20.750  1.2395e-02
10.750  21.000  1.3282e-02
10.750  21.250  1.0319e-02
10.750  21.500  6.9440e-03
10.750  21.750  4.0480e-03
10.750  22.000  2.2660e-03
10.750  22.250  1.1430e-03
10.750  22.500  5.9000e-04
10.750  22.750  2.9600e-04
10.750  23.000  1.2800e-04
10.750  23.250  5.6000e-05
10.750  23.500  2.7000e-05
10.750  23.750  1.3000e-05
10.750  24.000  7.0000e-06
11.000  17.000  1.7286e-02
11.000  17.250  1.4568e-02
11.000  17.500  1.2668e-02
11.000  17.750  1.1701e-02
11.000  18.000  1.1275e-02
11.000  18.250  1.0788e-02
11.000  18.500  1.0233e-02
11.000  18.750  9.5020e-03
11.000  19.000  8.7500e-03
11.000  19.250  8.0610e-03
11.000  19.500  7.6550e-03
11.000  19.750  7.5500e-03
11.000  20.000  7.7760e-03
11.000  20.250  8.4100e-03
11.000  20.500  1.0147e-02
11.000  20.750  1.1322e-02
11.000  21.000  1.3164e-02
11.000  21.250  1.3564e-02
11.000  21.500  1.0336e-02
11.000  21.750  6.9420e-03
11.000  22.000  4.0480e-03
11.000  22.250  2.2660e-03
11.000  22.500  1.1420e-03
11.000  22.750  5.9000e-04
11.000  23.000  2.9600e-04
11.000  23.250  1.2800e-04
11.000  23.500  5.7000e-05
11.000  23.750  2.6000e-05
11.000  24.000  1.3000e-05
11.250  17.000  2.0423e-02
11.250  17.250  1.7471e-02
11.250  17.500  1.5450e-02
11.250  17.750  1.4425e-02
11.250  18.000  1.3772e-02
11.250  18.250  1.2888e-02
11.250  18.500  1.1817e-02
11.250  18.750  1.0882e-02
11.250  19.000  9.8720e-03
11.250  19.250  8.9620e-03
11.250  19.500  8.2930e-03
11.250  19.750  7.9480e-03
11.250  20.000  7.9490e-03
11.250  20.250  8.2800e-03
11.250  20.500  8.9550e-03
11.250  20.750  1.0925e-02
11.250  21.000  1.2526e-02
11.250  21.250  1.4458e-02
11.250  21.500  1.4058e-02
11.250  21.750  1.0392e-02
11.250  22.000  6.9380e-03
11.250  22.250  4.0480e-03
11.250  22.500  2.2670e-03
11.250  22.750  1.1420e-03
11.250  23.000  5.9000e-04
11.250  23.250  2.9600e-04
11.250  23.500  1.2800e-04
11.250  23.750  5.7000e-05
11.250  24.000  2.7000e-05
11.500  17.000  2.3512e-02
11.500  17.250  2.0556e-02
11.500  17.500  1.8497e-02
11.500  17.750  1.7431e-02
11.500  18.000  1.6600e-02
11.500  18.250  1.5370e-02
11.500  18.500  1.3865e-02
11.500  18.750  1.2522e-02
11.500  19.000  1.1243e-02
11.500  19.250  1.0137e-02
11.500  19.500  9.1780e-03
11.500  19.750  8.5800e-03
11.500  20.000  8.3700e-03
11.500  20.250  8.5300e-03
11.500  20.500  9.0050e-03
11.500  20.750  9.9510e-03
11.500  21.000  1.2327e-02
11.500  21.250  1.4427e-02
11.500  21.500  1.6530e-02
11.500  21.750  1.4620e-02
11.500  22.000  1.0504e-02
11.500  22.250  6.9340e-03
11.500  22.500  4.0470e-03
11.500  22.750  2.2670e-03
11.500  23.000  1.1420e-03
11.500  23.250  5.9000e-04
11.500  23.500  2.9700e-04
11.500  23.750  1.2800e-04
11.500  24.000  5.6000e-05
11.750  17.000  2.6028e-02
11.750  17.250  2.3382e-02
11.750  17.500  2.1484e-02
11.750  17.750  2.0419e-02
11.750  18.000  1.9450e-02
11.750  18.250  1.7994e-02
11.750  18.500  1.6262e-02
11.750  18.750  1.4459e-02
11.750  19.000  1.2904e-02
11.750  19.250  1.1509e-02
11.750  19.500  1.0331e-02
11.750  19.750  9.4270e-03
11.750  20.000  8.9650e-03
11.750  20.250  8.9340e-03
11.750  20.500  9.3050e-03
11.750  20.750  9.9340e-03
11.750  21.000  1.1345e-02
11.750  21.250  1.4523e-02
11.750  21.500  1.7227e-02
11.750  21.750  1.9126e-02
11.750  22.000  1.5247e-02
11.750  22.250  1.0665e-02
11.750  22.500  6.9320e-03
11.750  22.750  4.0460e-03
11.750  23.000  2.2680e-03
11.750  23.250  1.1410e-03
11.750  23.500  5.9000e-04
11.750  23.750  2.9700e-04
11.750  24.000  1.2800e-04
12.000  17.000  2.7146e-02
12.000  17.250  2.5261e-02
12.000  17.500  2.3814e-02
12.000  17.750  2.2911e-02
12.000  18.000  2.1919e-02
12.000  18.250  2.0508e-02
12.000  18.500  1.8769e-02
12.000  18.750  1.6773e-02
12.000  19.000  1.4866e-02
12.000  19.250  1.3117e-02
12.000  19.500  1.1681e-02
12.000  19.750  1.0514e-02
12.000  20.000  9.7330e-03
12.000  20.250  9.4670e-03
12.000  20.500  9.6790e-03
12.000  20.750  1.0322e-02
12.000  21.000  1.1457e-02
12.000  21.250  1.3689e-02
12.000  21.500  1.7748e-02
12.000  21.750  2.0886e-02
12.000  22.000  2.1400e-02
12.000  22.250  1.5818e-02
12.000  22.500  1.0859e-02
12.000  22.750  6.9340e-03
12.000  23.000  4.0450e-03
12.000  23.250  2.2690e-03
12.000  23.500  1.1400e-03
12.000  23.750  5.8900e-04
12.000  24.000  2.9700e-04
12.250  17.000  2.6234e-02
12.250  17.250  2.5456e-02
12.250  17.500  2.4816e-02
12.250  17.750  2.4416e-02
12.250  18.000  2.3762e-02
12.250  18.250  2.2656e-02
12.250  18.500  2.1110e-02
12.250  18.750  1.9201e-02
12.250  19.000  1.7110e-02
12.250  19.250  1.5019e-02
12.250  19.500  1.3231e-02
12.250  19.750  1.1800e-02
12.250  20.000  1.0711e-02
12.250  20.250  1.0123e-02
12.250  20.500  1.0121e-02
12.250  20.750  1.0688e-02
12.250  21.000  1.1955e-02
12.250  21.250  1.3685e-02
12.250  21.500  1.6835e-02
12.250  21.750  2.1608e-02
12.250  22.000  2.5020e-02
12.250  22.250  2.3011e-02
12.250  22.500  1.6420e-02
12.250  22.750  1.1076e-02
12.250  23.000  6.9430e-03
12.250  23.250  4.0440e-03
12.250  23.500  2.2700e-03
12.250  23.750  1.1400e-03
12.250  24.000  5.8900e-04
12.500  17.000  2.5039e-02
12.500  17.250  2.4690e-02
12.500  17.500  2.4699e-02
12.500  17.750  2.4903e-02
12.500  18.000  2.4738e-02
12.500  18.250  2.4045e-02
12.500  18.500  2.2873e-02
12.500  18.750  2.1286e-02
12.500  19.000  1.9317e-02
12.500  19.250  1.7135e-02
12.500  19.500  1.5020e-02
12.500  19.750  1.3256e-02
12.500  20.000  1.1906e-02
12.500  20.250  1.0976e-02
12.500  20.500  1.0641e-02
12.500  20.750  1.1061e-02
12.500  21.000  1.2329e-02
12.500  21.250  1.4394e-02
12.500  21.500  1.6769e-02
12.500  21.750  2.0943e-02
12.500  22.000  2.6629e-02
12.500  22.250  2.9009e-02
12.500  22.500  2.4616e-02
12.500  22.750  1.7071e-02
12.500  23.000  1.1306e-02
12.500  23.250  6.9590e-03
12.500  23.500  4.0420e-03
12.500  23.750  2.2710e-03
12.500  24.000  1.1380e-03
12.750  17.000  2.4648e-02
12.750  17.250  2.4541e-02
12.750  17.500  2.4549e-02
12.750  17.750  2.4610e-02
12.750  18.000  2.4621e-02
12.750  18.250  2.4380e-02
12.750  18.500  2.3716e-02
12.750  18.750  2.2636e-02
12.750  19.000  2.1089e-02
12.750  19.250  1.9164e-02
12.750  19.500  1.6965e-02
12.750  19.750  1.4901e-02
12.750  20.000  1.3199e-02
12.750  20.250  1.2001e-02
12.750  20.500  1.1330e-02
12.750  20.750  1.1385e-02
12.750  21.000  1.2436e-02
12.750  21.250  1.4718e-02
12.750  21.500  1.7619e-02
12.750  21.750  2.0944e-02
12.750  22.000  2.6211e-02
12.750  22.250  3.2150e-02
12.750  22.500  3.2745e-02
12.750  22.750  2.6038e-02
12.750  23.000  1.7765e-02
12.750  23.250  1.1509e-02
12.750  23.500  6.9710e-03
12.750  23.750  4.0410e-03
12.750  24.000  2.2720e-03
13.000  17.000  2.3005e-02
13.000  17.250  2.3587e-02
13.000  17.500  2.3567e-02
13.000  17.750  2.3656e-02
13.000  18.000  2.3756e-02
13.000  18.250  2.3732e-02
13.000  18.500  2.3470e-02
13.000  18.750  2.2916e-02
13.000  19.000  2.1970e-02
13.000  19.250  2.0551e-02
13.000  19.500  1.8699e-02
13.000  19.750  1.6619e-02
13.000  20.000  1.4658e-02
13.000  20.250  1.3094e-02
13.000  20.500  1.2175e-02
13.000  20.750  1.1833e-02
13.000  21.000  1.2627e-02
13.000  21.250  1.4602e-02
13.000  21.500  1.7498e-02
13.000  21.750  2.1932e-02
13.000  22.000  2.6205e-02
13.000  22.250  3.1283e-02
13.000  22.500  3.6936e-02
13.000  22.750  3.6111e-02
13.000  23.000  2.7612e-02
13.000  23.250  1.8417e-02
13.000  23.500  1.1708e-02
13.000  23.750  6.9950e-03
13.000  24.000  4.0420e-03
13.250  17.000  2.1870e-02
13.250  17.250  2.2363e-02
13.250  17.500  2.2426e-02
13.250  17.750  2.2450e-02
13.250  18.000  2.2597e-02
13.250  18.250  2.2730e-02
13.250  18.500  2.2686e-02
13.250  18.750  2.2393e-02
13.250  19.000  2.1836e-02
13.250  19.250  2.0990e-02
13.250  19.500  1.9737e-02
13.250  19.750  1.8058e-02
13.250  20.000  1.6163e-02
13.250  20.250  1.4372e-02
13.250  20.500  1.3007e-02
13.250  20.750  1.2332e-02
13.250  21.000  1.2494e-02
13.250  21.250  1.3934e-02
13.250  21.500  1.6391e-02
13.250  21.750  2.1082e-02
13.250  22.000  2.5425e-02
13.250  22.250  2.9678e-02
13.250  22.500  3.6265e-02
13.250  22.750  4.1085e-02
13.250  23.000  3.9418e-02
13.250  23.250  2.8910e-02
13.250  23.500  1.8956e-02
13.250  23.750  1.1879e-02
13.250  24.000  7.0270e-03
13.500  17.000  2.0540e-02
13.500  17.250  2.1095e-02
13.500  17.500  2.1200e-02
13.500  17.750  2.1143e-02
13.500  18.000  2.1294e-02
13.500  18.250  2.1511e-02
13.500  18.500  2.1629e-02
13.500  18.750  2.1538e-02
13.500  19.000  2.1214e-02
13.500  19.250  2.0642e-02
13.500  19.500  1.9819e-02
13.500  19.750  1.8725e-02
13.500  20.000  1.7287e-02
13.500  20.250  1.5638e-02
13.500  20.500  1.4064e-02
13.500  20.750  1.2895e-02
13.500  21.000  1.2362e-02
13.500  21.250  1.3097e-02
13.500  21.500  1.4524e-02
13.500  21.750  1.7202e-02
13.500  22.000  2.1743e-02
13.500  22.250  2.7792e-02
13.500  22.500  3.4124e-02
13.500  22.750  4.0908e-02
13.500  23.000  4.4953e-02
13.500  23.250  4.2714e-02
13.500  23.500  3.0233e-02
13.500  23.750  1.9722e-02
13.500  24.000  1.2028e-02
13.750  17.000  1.8893e-02
13.750  17.250  1.9826e-02
13.750  17.500  1.9938e-02
13.750  17.750  1.9830e-02
13.750  18.000  1.9931e-02
13.750  18.250  2.0193e-02
13.750  18.500  2.0406e-02
13.750  18.750  2.0454e-02
13.750  19.000  2.0307e-02
13.750  19.250  1.9961e-02
13.750  19.500  1.9407e-02
13.750  19.750  1.8637e-02
13.750  20.000  1.7674e-02
13.750  20.250  1.6507e-02
13.750  20.500  1.5168e-02
13.750  20.750  1.3896e-02
13.750  21.000  1.2963e-02
13.750  21.250  1.2672e-02
13.750  21.500  1.3205e-02
13.750  21.750  1.4903e-02
13.750  22.000  1.8261e-02
13.750  22.250  2.3867e-02
13.750  22.500  3.1665e-02
13.750  22.750  4.0524e-02
13.750  23.000  4.6703e-02
13.750  23.250  5.0061e-02
13.750  23.500  4.6047e-02
13.750  23.750  3.1679e-02
13.750  24.000  2.0178e-02
14.000  17.000  1.6938e-02
14.000  17.250  1.8256e-02
14.000  17.500  1.8658e-02
14.000  17.750  1.8519e-02
14.000  18.000  1.8578e-02
14.000  18.250  1.8830e-02
14.000  18.500  1.9101e-02
14.000  18.750  1.9244e-02
14.000  19.000  1.9221e-02
14.000  19.250  1.9040e-02
14.000  19.500  1.8707e-02
14.000  19.750  1.8211e-02
14.000  20.000  1.7544e-02
14.000  20.250  1.6727e-02
14.000  20.500  1.5827e-02
14.000  20.750  1.4854e-02
14.000  21.000  1.3970e-02
14.000  21.250  1.3464e-02
14.000  21.500  1.3410e-02
14.000  21.750  1.4445e-02
14.000  22.000  1.6888e-02
14.000  22.250  2.1320e-02
14.000  22.500  2.8463e-02
14.000  22.750  3.9510e-02
14.000  23.000  4.8899e-02
14.000  23.250  5.4679e-02
14.000  23.500  5.6151e-02
14.000  23.750  4.9569e-02
14.000  24.000  3.2901e-02
