O  3 1661.00A  relative to Inci 1215.00A scaled to 1215A.
Hden   Phi(H)  Eq_Width (A)
 7.000	17.000	1.0221e-03
 7.000	17.250	1.0000e-07
 7.000	17.500	1.0000e-07
 7.000	17.750	1.0000e-07
 7.000	18.000	1.0000e-07
 7.000	18.250	1.0000e-07
 7.000	18.500	1.0000e-07
 7.000	18.750	1.0000e-07
 7.000	19.000	1.0000e-07
 7.000	19.250	1.0000e-07
 7.000	19.500	1.0000e-07
 7.000	19.750	1.0000e-07
 7.000	20.000	1.0000e-07
 7.000	20.250	1.0000e-07
 7.000	20.500	1.0000e-07
 7.000	20.750	1.0000e-07
 7.000	21.000	1.0000e-07
 7.000	21.250	1.0000e-07
 7.000	21.500	1.0000e-07
 7.000	21.750	1.0000e-07
 7.000	22.000	1.0000e-07
 7.000	22.250	1.0000e-07
 7.000	22.500	1.0000e-07
 7.000	22.750	1.0000e-07
 7.000	23.000	1.0000e-07
 7.000	23.250	1.0000e-07
 7.000	23.500	1.0000e-07
 7.000	23.750	1.0000e-07
 7.000	24.000	1.0000e-07
 7.250	17.000	7.2016e-03
 7.250	17.250	1.0086e-03
 7.250	17.500	1.0000e-07
 7.250	17.750	1.0000e-07
 7.250	18.000	1.0000e-07
 7.250	18.250	1.0000e-07
 7.250	18.500	1.0000e-07
 7.250	18.750	1.0000e-07
 7.250	19.000	1.0000e-07
 7.250	19.250	1.0000e-07
 7.250	19.500	1.0000e-07
 7.250	19.750	1.0000e-07
 7.250	20.000	1.0000e-07
 7.250	20.250	1.0000e-07
 7.250	20.500	1.0000e-07
 7.250	20.750	1.0000e-07
 7.250	21.000	1.0000e-07
 7.250	21.250	1.0000e-07
 7.250	21.500	1.0000e-07
 7.250	21.750	1.0000e-07
 7.250	22.000	1.0000e-07
 7.250	22.250	1.0000e-07
 7.250	22.500	1.0000e-07
 7.250	22.750	1.0000e-07
 7.250	23.000	1.0000e-07
 7.250	23.250	1.0000e-07
 7.250	23.500	1.0000e-07
 7.250	23.750	1.0000e-07
 7.250	24.000	1.0000e-07
 7.500	17.000	8.1169e-03
 7.500	17.250	7.4555e-03
 7.500	17.500	9.9383e-04
 7.500	17.750	1.0000e-07
 7.500	18.000	1.0000e-07
 7.500	18.250	1.0000e-07
 7.500	18.500	1.0000e-07
 7.500	18.750	1.0000e-07
 7.500	19.000	1.0000e-07
 7.500	19.250	1.0000e-07
 7.500	19.500	1.0000e-07
 7.500	19.750	1.0000e-07
 7.500	20.000	1.0000e-07
 7.500	20.250	1.0000e-07
 7.500	20.500	1.0000e-07
 7.500	20.750	1.0000e-07
 7.500	21.000	1.0000e-07
 7.500	21.250	1.0000e-07
 7.500	21.500	1.0000e-07
 7.500	21.750	1.0000e-07
 7.500	22.000	1.0000e-07
 7.500	22.250	1.0000e-07
 7.500	22.500	1.0000e-07
 7.500	22.750	1.0000e-07
 7.500	23.000	1.0000e-07
 7.500	23.250	1.0000e-07
 7.500	23.500	1.0000e-07
 7.500	23.750	1.0000e-07
 7.500	24.000	1.0000e-07
 7.750	17.000	9.1764e-03
 7.750	17.250	8.3165e-03
 7.750	17.500	7.6333e-03
 7.750	17.750	9.7811e-04
 7.750	18.000	1.0000e-07
 7.750	18.250	1.0000e-07
 7.750	18.500	1.0000e-07
 7.750	18.750	1.0000e-07
 7.750	19.000	1.0000e-07
 7.750	19.250	1.0000e-07
 7.750	19.500	1.0000e-07
 7.750	19.750	1.0000e-07
 7.750	20.000	1.0000e-07
 7.750	20.250	1.0000e-07
 7.750	20.500	1.0000e-07
 7.750	20.750	1.0000e-07
 7.750	21.000	1.0000e-07
 7.750	21.250	1.0000e-07
 7.750	21.500	1.0000e-07
 7.750	21.750	1.0000e-07
 7.750	22.000	1.0000e-07
 7.750	22.250	1.0000e-07
 7.750	22.500	1.0000e-07
 7.750	22.750	1.0000e-07
 7.750	23.000	1.0000e-07
 7.750	23.250	1.0000e-07
 7.750	23.500	1.0000e-07
 7.750	23.750	1.0000e-07
 7.750	24.000	1.0000e-07
 8.000	17.000	9.8674e-03
 8.000	17.250	9.1684e-03
 8.000	17.500	8.2644e-03
 8.000	17.750	7.5516e-03
 8.000	18.000	9.7523e-04
 8.000	18.250	1.0000e-07
 8.000	18.500	1.0000e-07
 8.000	18.750	1.0000e-07
 8.000	19.000	1.0000e-07
 8.000	19.250	1.0000e-07
 8.000	19.500	1.0000e-07
 8.000	19.750	1.0000e-07
 8.000	20.000	1.0000e-07
 8.000	20.250	1.0000e-07
 8.000	20.500	1.0000e-07
 8.000	20.750	1.0000e-07
 8.000	21.000	1.0000e-07
 8.000	21.250	1.0000e-07
 8.000	21.500	1.0000e-07
 8.000	21.750	1.0000e-07
 8.000	22.000	1.0000e-07
 8.000	22.250	1.0000e-07
 8.000	22.500	1.0000e-07
 8.000	22.750	1.0000e-07
 8.000	23.000	1.0000e-07
 8.000	23.250	1.0000e-07
 8.000	23.500	1.0000e-07
 8.000	23.750	1.0000e-07
 8.000	24.000	1.0000e-07
 8.250	17.000	1.0270e-02
 8.250	17.250	9.9772e-03
 8.250	17.500	9.2478e-03
 8.250	17.750	8.3261e-03
 8.250	18.000	7.6114e-03
 8.250	18.250	9.6165e-04
 8.250	18.500	1.0000e-07
 8.250	18.750	1.0000e-07
 8.250	19.000	1.0000e-07
 8.250	19.250	1.0000e-07
 8.250	19.500	1.0000e-07
 8.250	19.750	1.0000e-07
 8.250	20.000	1.0000e-07
 8.250	20.250	1.0000e-07
 8.250	20.500	1.0000e-07
 8.250	20.750	1.0000e-07
 8.250	21.000	1.0000e-07
 8.250	21.250	1.0000e-07
 8.250	21.500	1.0000e-07
 8.250	21.750	1.0000e-07
 8.250	22.000	1.0000e-07
 8.250	22.250	1.0000e-07
 8.250	22.500	1.0000e-07
 8.250	22.750	1.0000e-07
 8.250	23.000	1.0000e-07
 8.250	23.250	1.0000e-07
 8.250	23.500	1.0000e-07
 8.250	23.750	1.0000e-07
 8.250	24.000	1.0000e-07
 8.500	17.000	1.0150e-02
 8.500	17.250	1.0348e-02
 8.500	17.500	1.0029e-02
 8.500	17.750	9.2751e-03
 8.500	18.000	8.3653e-03
 8.500	18.250	7.6739e-03
 8.500	18.500	9.5070e-04
 8.500	18.750	1.0000e-07
 8.500	19.000	1.0000e-07
 8.500	19.250	1.0000e-07
 8.500	19.500	1.0000e-07
 8.500	19.750	1.0000e-07
 8.500	20.000	1.0000e-07
 8.500	20.250	1.0000e-07
 8.500	20.500	1.0000e-07
 8.500	20.750	1.0000e-07
 8.500	21.000	1.0000e-07
 8.500	21.250	1.0000e-07
 8.500	21.500	1.0000e-07
 8.500	21.750	1.0000e-07
 8.500	22.000	1.0000e-07
 8.500	22.250	1.0000e-07
 8.500	22.500	1.0000e-07
 8.500	22.750	1.0000e-07
 8.500	23.000	1.0000e-07
 8.500	23.250	1.0000e-07
 8.500	23.500	1.0000e-07
 8.500	23.750	1.0000e-07
 8.500	24.000	1.0000e-07
 8.750	17.000	9.5106e-03
 8.750	17.250	1.0216e-02
 8.750	17.500	1.0388e-02
 8.750	17.750	1.0051e-02
 8.750	18.000	9.3036e-03
 8.750	18.250	8.4378e-03
 8.750	18.500	7.7740e-03
 8.750	18.750	9.4255e-04
 8.750	19.000	1.0000e-07
 8.750	19.250	1.0000e-07
 8.750	19.500	1.0000e-07
 8.750	19.750	1.0000e-07
 8.750	20.000	1.0000e-07
 8.750	20.250	1.0000e-07
 8.750	20.500	1.0000e-07
 8.750	20.750	1.0000e-07
 8.750	21.000	1.0000e-07
 8.750	21.250	1.0000e-07
 8.750	21.500	1.0000e-07
 8.750	21.750	1.0000e-07
 8.750	22.000	1.0000e-07
 8.750	22.250	1.0000e-07
 8.750	22.500	1.0000e-07
 8.750	22.750	1.0000e-07
 8.750	23.000	1.0000e-07
 8.750	23.250	1.0000e-07
 8.750	23.500	1.0000e-07
 8.750	23.750	1.0000e-07
 8.750	24.000	1.0000e-07
 9.000	17.000	8.3723e-03
 9.000	17.250	9.5915e-03
 9.000	17.500	1.0279e-02
 9.000	17.750	1.0436e-02
 9.000	18.000	1.0096e-02
 9.000	18.250	9.3994e-03
 9.000	18.500	8.6686e-03
 9.000	18.750	8.0644e-03
 9.000	19.000	9.3663e-04
 9.000	19.250	1.0000e-07
 9.000	19.500	1.0000e-07
 9.000	19.750	1.0000e-07
 9.000	20.000	1.0000e-07
 9.000	20.250	1.0000e-07
 9.000	20.500	1.0000e-07
 9.000	20.750	1.0000e-07
 9.000	21.000	1.0000e-07
 9.000	21.250	1.0000e-07
 9.000	21.500	1.0000e-07
 9.000	21.750	1.0000e-07
 9.000	22.000	1.0000e-07
 9.000	22.250	1.0000e-07
 9.000	22.500	1.0000e-07
 9.000	22.750	1.0000e-07
 9.000	23.000	1.0000e-07
 9.000	23.250	1.0000e-07
 9.000	23.500	1.0000e-07
 9.000	23.750	1.0000e-07
 9.000	24.000	1.0000e-07
 9.250	17.000	6.7218e-03
 9.250	17.250	8.4635e-03
 9.250	17.500	9.6960e-03
 9.250	17.750	1.0382e-02
 9.250	18.000	1.0531e-02
 9.250	18.250	1.0240e-02
 9.250	18.500	9.6759e-03
 9.250	18.750	9.2350e-03
 9.250	19.000	7.9191e-03
 9.250	19.250	9.3630e-04
 9.250	19.500	1.0000e-07
 9.250	19.750	1.0000e-07
 9.250	20.000	1.0000e-07
 9.250	20.250	1.0000e-07
 9.250	20.500	1.0000e-07
 9.250	20.750	1.0000e-07
 9.250	21.000	1.0000e-07
 9.250	21.250	1.0000e-07
 9.250	21.500	1.0000e-07
 9.250	21.750	1.0000e-07
 9.250	22.000	1.0000e-07
 9.250	22.250	1.0000e-07
 9.250	22.500	1.0000e-07
 9.250	22.750	1.0000e-07
 9.250	23.000	1.0000e-07
 9.250	23.250	1.0000e-07
 9.250	23.500	1.0000e-07
 9.250	23.750	1.0000e-07
 9.250	24.000	1.0000e-07
 9.500	17.000	4.6074e-03
 9.500	17.250	6.7806e-03
 9.500	17.500	8.5776e-03
 9.500	17.750	9.8439e-03
 9.500	18.000	1.0531e-02
 9.500	18.250	1.0731e-02
 9.500	18.500	1.0519e-02
 9.500	18.750	1.0132e-02
 9.500	19.000	1.0153e-02
 9.500	19.250	6.9144e-03
 9.500	19.500	9.2914e-04
 9.500	19.750	1.0000e-07
 9.500	20.000	1.0000e-07
 9.500	20.250	1.0000e-07
 9.500	20.500	1.0000e-07
 9.500	20.750	1.0000e-07
 9.500	21.000	1.0000e-07
 9.500	21.250	1.0000e-07
 9.500	21.500	1.0000e-07
 9.500	21.750	1.0000e-07
 9.500	22.000	1.0000e-07
 9.500	22.250	1.0000e-07
 9.500	22.500	1.0000e-07
 9.500	22.750	1.0000e-07
 9.500	23.000	1.0000e-07
 9.500	23.250	1.0000e-07
 9.500	23.500	1.0000e-07
 9.500	23.750	1.0000e-07
 9.500	24.000	1.0000e-07
 9.750	17.000	2.3963e-03
 9.750	17.250	4.5748e-03
 9.750	17.500	6.8142e-03
 9.750	17.750	8.6771e-03
 9.750	18.000	9.9857e-03
 9.750	18.250	1.0713e-02
 9.750	18.500	1.0890e-02
 9.750	18.750	1.0685e-02
 9.750	19.000	1.0578e-02
 9.750	19.250	1.1238e-02
 9.750	19.500	5.8730e-03
 9.750	19.750	9.2123e-04
 9.750	20.000	1.0000e-07
 9.750	20.250	1.0000e-07
 9.750	20.500	1.0000e-07
 9.750	20.750	1.0000e-07
 9.750	21.000	1.0000e-07
 9.750	21.250	1.0000e-07
 9.750	21.500	1.0000e-07
 9.750	21.750	1.0000e-07
 9.750	22.000	1.0000e-07
 9.750	22.250	1.0000e-07
 9.750	22.500	1.0000e-07
 9.750	22.750	1.0000e-07
 9.750	23.000	1.0000e-07
 9.750	23.250	1.0000e-07
 9.750	23.500	1.0000e-07
 9.750	23.750	1.0000e-07
 9.750	24.000	1.0000e-07
10.000	17.000	7.6642e-04
10.000	17.250	2.2995e-03
10.000	17.500	4.4813e-03
10.000	17.750	6.7423e-03
10.000	18.000	8.6426e-03
10.000	18.250	9.9317e-03
10.000	18.500	1.0504e-02
10.000	18.750	1.0552e-02
10.000	19.000	1.0490e-02
10.000	19.250	1.0743e-02
10.000	19.500	1.1752e-02
10.000	19.750	5.1738e-03
10.000	20.000	8.6222e-04
10.000	20.250	1.0000e-07
10.000	20.500	1.0000e-07
10.000	20.750	1.0000e-07
10.000	21.000	1.0000e-07
10.000	21.250	1.0000e-07
10.000	21.500	1.0000e-07
10.000	21.750	1.0000e-07
10.000	22.000	1.0000e-07
10.000	22.250	1.0000e-07
10.000	22.500	1.0000e-07
10.000	22.750	1.0000e-07
10.000	23.000	1.0000e-07
10.000	23.250	1.0000e-07
10.000	23.500	1.0000e-07
10.000	23.750	1.0000e-07
10.000	24.000	1.0000e-07
10.250	17.000	1.4897e-04
10.250	17.250	7.0296e-04
10.250	17.500	2.1578e-03
10.250	17.750	4.2452e-03
10.250	18.000	6.4367e-03
10.250	18.250	8.1786e-03
10.250	18.500	9.1798e-03
10.250	18.750	9.5477e-03
10.250	19.000	9.6015e-03
10.250	19.250	9.7062e-03
10.250	19.500	1.0182e-02
10.250	19.750	1.1172e-02
10.250	20.000	4.6962e-03
10.250	20.250	8.2214e-04
10.250	20.500	1.0000e-07
10.250	20.750	1.0000e-07
10.250	21.000	1.0000e-07
10.250	21.250	1.0000e-07
10.250	21.500	1.0000e-07
10.250	21.750	1.0000e-07
10.250	22.000	1.0000e-07
10.250	22.250	1.0000e-07
10.250	22.500	1.0000e-07
10.250	22.750	1.0000e-07
10.250	23.000	1.0000e-07
10.250	23.250	1.0000e-07
10.250	23.500	1.0000e-07
10.250	23.750	1.0000e-07
10.250	24.000	1.0000e-07
10.500	17.000	2.1564e-05
10.500	17.250	1.2872e-04
10.500	17.500	6.2658e-04
10.500	17.750	1.9334e-03
10.500	18.000	3.8073e-03
10.500	18.250	5.6509e-03
10.500	18.500	6.9658e-03
10.500	18.750	7.6912e-03
10.500	19.000	8.0112e-03
10.500	19.250	8.1922e-03
10.500	19.500	8.3395e-03
10.500	19.750	8.5554e-03
10.500	20.000	8.9854e-03
10.500	20.250	4.1134e-03
10.500	20.500	7.3918e-04
10.500	20.750	1.0000e-07
10.500	21.000	1.0000e-07
10.500	21.250	1.0000e-07
10.500	21.500	1.0000e-07
10.500	21.750	1.0000e-07
10.500	22.000	1.0000e-07
10.500	22.250	1.0000e-07
10.500	22.500	1.0000e-07
10.500	22.750	1.0000e-07
10.500	23.000	1.0000e-07
10.500	23.250	1.0000e-07
10.500	23.500	1.0000e-07
10.500	23.750	1.0000e-07
10.500	24.000	1.0000e-07
10.750	17.000	3.1276e-06
10.750	17.250	1.7366e-05
10.750	17.500	1.0872e-04
10.750	17.750	5.4535e-04
10.750	18.000	1.6212e-03
10.750	18.250	3.0700e-03
10.750	18.500	4.3962e-03
10.750	18.750	5.3424e-03
10.750	19.000	5.9219e-03
10.750	19.250	6.2457e-03
10.750	19.500	6.4318e-03
10.750	19.750	6.5122e-03
10.750	20.000	6.5336e-03
10.750	20.250	6.8436e-03
10.750	20.500	3.4970e-03
10.750	20.750	6.5111e-04
10.750	21.000	1.0000e-07
10.750	21.250	1.0000e-07
10.750	21.500	1.0000e-07
10.750	21.750	1.0000e-07
10.750	22.000	1.0000e-07
10.750	22.250	1.0000e-07
10.750	22.500	1.0000e-07
10.750	22.750	1.0000e-07
10.750	23.000	1.0000e-07
10.750	23.250	1.0000e-07
10.750	23.500	1.0000e-07
10.750	23.750	1.0000e-07
10.750	24.000	1.0000e-07
11.000	17.000	1.0000e-07
11.000	17.250	2.3868e-06
11.000	17.500	1.3909e-05
11.000	17.750	9.2099e-05
11.000	18.000	4.4091e-04
11.000	18.250	1.2040e-03
11.000	18.500	2.1945e-03
11.000	18.750	3.1067e-03
11.000	19.000	3.7791e-03
11.000	19.250	4.2406e-03
11.000	19.500	4.5456e-03
11.000	19.750	4.7210e-03
11.000	20.000	4.7182e-03
11.000	20.250	4.7983e-03
11.000	20.500	5.4129e-03
11.000	20.750	2.8033e-03
11.000	21.000	5.1679e-04
11.000	21.250	1.0000e-07
11.000	21.500	1.0000e-07
11.000	21.750	1.0000e-07
11.000	22.000	1.0000e-07
11.000	22.250	1.0000e-07
11.000	22.500	1.0000e-07
11.000	22.750	1.0000e-07
11.000	23.000	1.0000e-07
11.000	23.250	1.0000e-07
11.000	23.500	1.0000e-07
11.000	23.750	1.0000e-07
11.000	24.000	1.0000e-07
11.250	17.000	1.0000e-07
11.250	17.250	1.0000e-07
11.250	17.500	1.8107e-06
11.250	17.750	1.1440e-05
11.250	18.000	7.3333e-05
11.250	18.250	3.1095e-04
11.250	18.500	8.0461e-04
11.250	18.750	1.4508e-03
11.250	19.000	2.0467e-03
11.250	19.250	2.5149e-03
11.250	19.500	2.8908e-03
11.250	19.750	3.1714e-03
11.250	20.000	3.3272e-03
11.250	20.250	3.3100e-03
11.250	20.500	3.2832e-03
11.250	20.750	3.5495e-03
11.250	21.000	2.1049e-03
11.250	21.250	3.3942e-04
11.250	21.500	1.0000e-07
11.250	21.750	1.0000e-07
11.250	22.000	1.0000e-07
11.250	22.250	1.0000e-07
11.250	22.500	1.0000e-07
11.250	22.750	1.0000e-07
11.250	23.000	1.0000e-07
11.250	23.250	1.0000e-07
11.250	23.500	1.0000e-07
11.250	23.750	1.0000e-07
11.250	24.000	1.0000e-07
11.500	17.000	1.0000e-07
11.500	17.250	1.0000e-07
11.500	17.500	1.0000e-07
11.500	17.750	1.3992e-06
11.500	18.000	8.8889e-06
11.500	18.250	5.0700e-05
11.500	18.500	1.9844e-04
11.500	18.750	5.0650e-04
11.500	19.000	9.1440e-04
11.500	19.250	1.2937e-03
11.500	19.500	1.6276e-03
11.500	19.750	1.9367e-03
11.500	20.000	2.1802e-03
11.500	20.250	2.3091e-03
11.500	20.500	2.2779e-03
11.500	20.750	2.2827e-03
11.500	21.000	2.4327e-03
11.500	21.250	1.4388e-03
11.500	21.500	1.7202e-04
11.500	21.750	1.0000e-07
11.500	22.000	1.0000e-07
11.500	22.250	1.0000e-07
11.500	22.500	1.0000e-07
11.500	22.750	1.0000e-07
11.500	23.000	1.0000e-07
11.500	23.250	1.0000e-07
11.500	23.500	1.0000e-07
11.500	23.750	1.0000e-07
11.500	24.000	1.0000e-07
11.750	17.000	1.0000e-07
11.750	17.250	1.0000e-07
11.750	17.500	1.0000e-07
11.750	17.750	1.0000e-07
11.750	18.000	1.0700e-06
11.750	18.250	6.0905e-06
11.750	18.500	3.1934e-05
11.750	18.750	1.2132e-04
11.750	19.000	3.1078e-04
11.750	19.250	5.6412e-04
11.750	19.500	8.1012e-04
11.750	19.750	1.0545e-03
11.750	20.000	1.3021e-03
11.750	20.250	1.4957e-03
11.750	20.500	1.5950e-03
11.750	20.750	1.5509e-03
11.750	21.000	1.5024e-03
11.750	21.250	1.6227e-03
11.750	21.500	8.6774e-04
11.750	21.750	4.3128e-05
11.750	22.000	1.0000e-07
11.750	22.250	1.0000e-07
11.750	22.500	1.0000e-07
11.750	22.750	1.0000e-07
11.750	23.000	1.0000e-07
11.750	23.250	1.0000e-07
11.750	23.500	1.0000e-07
11.750	23.750	1.0000e-07
11.750	24.000	1.0000e-07
12.000	17.000	1.0000e-07
12.000	17.250	1.0000e-07
12.000	17.500	1.0000e-07
12.000	17.750	1.0000e-07
12.000	18.000	1.0000e-07
12.000	18.250	1.0000e-07
12.000	18.500	3.8683e-06
12.000	18.750	1.9342e-05
12.000	19.000	7.3498e-05
12.000	19.250	1.9095e-04
12.000	19.500	3.4996e-04
12.000	19.750	5.1481e-04
12.000	20.000	6.9630e-04
12.000	20.250	8.8584e-04
12.000	20.500	1.0311e-03
12.000	20.750	1.0950e-03
12.000	21.000	1.0552e-03
12.000	21.250	9.9481e-04
12.000	21.500	1.0612e-03
12.000	21.750	4.5654e-04
12.000	22.000	1.7284e-06
12.000	22.250	1.0000e-07
12.000	22.500	1.0000e-07
12.000	22.750	1.0000e-07
12.000	23.000	1.0000e-07
12.000	23.250	1.0000e-07
12.000	23.500	1.0000e-07
12.000	23.750	1.0000e-07
12.000	24.000	1.0000e-07
12.250	17.000	1.0000e-07
12.250	17.250	1.0000e-07
12.250	17.500	1.0000e-07
12.250	17.750	1.0000e-07
12.250	18.000	1.0000e-07
12.250	18.250	1.0000e-07
12.250	18.500	1.0000e-07
12.250	18.750	2.4691e-06
12.250	19.000	1.1934e-05
12.250	19.250	4.5597e-05
12.250	19.500	1.2008e-04
12.250	19.750	2.2198e-04
12.250	20.000	3.3564e-04
12.250	20.250	4.7004e-04
12.250	20.500	6.0765e-04
12.250	20.750	7.1037e-04
12.250	21.000	7.4700e-04
12.250	21.250	7.0938e-04
12.250	21.500	6.2222e-04
12.250	21.750	6.0469e-04
12.250	22.000	2.1745e-04
12.250	22.250	1.0000e-07
12.250	22.500	1.0000e-07
12.250	22.750	1.0000e-07
12.250	23.000	1.0000e-07
12.250	23.250	1.0000e-07
12.250	23.500	1.0000e-07
12.250	23.750	1.0000e-07
12.250	24.000	1.0000e-07
12.500	17.000	1.0000e-07
12.500	17.250	1.0000e-07
12.500	17.500	1.0000e-07
12.500	17.750	1.0000e-07
12.500	18.000	1.0000e-07
12.500	18.250	1.0000e-07
12.500	18.500	1.0000e-07
12.500	18.750	1.0000e-07
12.500	19.000	1.6461e-06
12.500	19.250	7.7366e-06
12.500	19.500	2.9630e-05
12.500	19.750	7.7942e-05
12.500	20.000	1.4510e-04
12.500	20.250	2.2461e-04
12.500	20.500	3.2165e-04
12.500	20.750	4.2016e-04
12.500	21.000	4.9226e-04
12.500	21.250	5.1753e-04
12.500	21.500	4.6897e-04
12.500	21.750	3.9967e-04
12.500	22.000	3.9021e-04
12.500	22.250	8.9053e-05
12.500	22.500	1.0000e-07
12.500	22.750	1.0000e-07
12.500	23.000	1.0000e-07
12.500	23.250	1.0000e-07
12.500	23.500	1.0000e-07
12.500	23.750	1.0000e-07
12.500	24.000	1.0000e-07
12.750	17.000	1.0000e-07
12.750	17.250	1.0000e-07
12.750	17.500	1.0000e-07
12.750	17.750	1.0000e-07
12.750	18.000	1.0000e-07
12.750	18.250	1.0000e-07
12.750	18.500	1.0000e-07
12.750	18.750	1.0000e-07
12.750	19.000	1.0000e-07
12.750	19.250	1.1523e-06
12.750	19.500	5.1852e-06
12.750	19.750	1.9671e-05
12.750	20.000	5.1029e-05
12.750	20.250	9.5802e-05
12.750	20.500	1.5251e-04
12.750	20.750	2.2156e-04
12.750	21.000	2.9235e-04
12.750	21.250	3.4922e-04
12.750	21.500	3.5588e-04
12.750	21.750	3.2074e-04
12.750	22.000	2.7383e-04
12.750	22.250	2.5564e-04
12.750	22.500	3.2099e-05
12.750	22.750	1.0000e-07
12.750	23.000	1.0000e-07
12.750	23.250	1.0000e-07
12.750	23.500	1.0000e-07
12.750	23.750	1.0000e-07
12.750	24.000	1.0000e-07
13.000	17.000	1.0000e-07
13.000	17.250	1.0000e-07
13.000	17.500	1.0000e-07
13.000	17.750	1.0000e-07
13.000	18.000	1.0000e-07
13.000	18.250	1.0000e-07
13.000	18.500	1.0000e-07
13.000	18.750	1.0000e-07
13.000	19.000	1.0000e-07
13.000	19.250	1.0000e-07
13.000	19.500	1.0000e-07
13.000	19.750	3.5391e-06
13.000	20.000	1.2757e-05
13.000	20.250	3.3004e-05
13.000	20.500	6.4198e-05
13.000	20.750	1.0337e-04
13.000	21.000	1.5416e-04
13.000	21.250	2.0658e-04
13.000	21.500	2.4214e-04
13.000	21.750	2.5597e-04
13.000	22.000	2.2930e-04
13.000	22.250	1.8395e-04
13.000	22.500	1.5918e-04
13.000	22.750	1.1029e-05
13.000	23.000	1.0000e-07
13.000	23.250	1.0000e-07
13.000	23.500	1.0000e-07
13.000	23.750	1.0000e-07
13.000	24.000	1.0000e-07
13.250	17.000	1.0000e-07
13.250	17.250	1.0000e-07
13.250	17.500	1.0000e-07
13.250	17.750	1.0000e-07
13.250	18.000	1.0000e-07
13.250	18.250	1.0000e-07
13.250	18.500	1.0000e-07
13.250	18.750	1.0000e-07
13.250	19.000	1.0000e-07
13.250	19.250	1.0000e-07
13.250	19.500	1.0000e-07
13.250	19.750	1.0000e-07
13.250	20.000	2.3045e-06
13.250	20.250	7.9835e-06
13.250	20.500	2.0905e-05
13.250	20.750	4.1564e-05
13.250	21.000	6.9053e-05
13.250	21.250	1.0444e-04
13.250	21.500	1.3663e-04
13.250	21.750	1.7259e-04
13.250	22.000	1.7704e-04
13.250	22.250	1.5218e-04
13.250	22.500	1.3407e-04
13.250	22.750	1.0239e-04
13.250	23.000	4.7737e-06
13.250	23.250	1.0000e-07
13.250	23.500	1.0000e-07
13.250	23.750	1.0000e-07
13.250	24.000	1.0000e-07
13.500	17.000	1.0000e-07
13.500	17.250	1.0000e-07
13.500	17.500	1.0000e-07
13.500	17.750	1.0000e-07
13.500	18.000	1.0000e-07
13.500	18.250	1.0000e-07
13.500	18.500	1.0000e-07
13.500	18.750	1.0000e-07
13.500	19.000	1.0000e-07
13.500	19.250	1.0000e-07
13.500	19.500	1.0000e-07
13.500	19.750	1.0000e-07
13.500	20.000	1.0000e-07
13.500	20.250	1.6461e-06
13.500	20.500	5.1852e-06
13.500	20.750	1.3169e-05
13.500	21.000	2.6008e-05
13.500	21.250	4.5350e-05
13.500	21.500	6.6667e-05
13.500	21.750	8.9383e-05
13.500	22.000	1.1053e-04
13.500	22.250	1.2041e-04
13.500	22.500	1.1498e-04
13.500	22.750	1.0354e-04
13.500	23.000	7.7119e-05
13.500	23.250	3.4568e-06
13.500	23.500	1.0000e-07
13.500	23.750	1.0000e-07
13.500	24.000	1.0000e-07
13.750	17.000	1.0000e-07
13.750	17.250	1.0000e-07
13.750	17.500	1.0000e-07
13.750	17.750	1.0000e-07
13.750	18.000	1.0000e-07
13.750	18.250	1.0000e-07
13.750	18.500	1.0000e-07
13.750	18.750	1.0000e-07
13.750	19.000	1.0000e-07
13.750	19.250	1.0000e-07
13.750	19.500	1.0000e-07
13.750	19.750	1.0000e-07
13.750	20.000	1.0000e-07
13.750	20.250	1.0000e-07
13.750	20.500	1.3169e-06
13.750	20.750	3.7037e-06
13.750	21.000	8.8066e-06
13.750	21.250	1.7284e-05
13.750	21.500	2.8724e-05
13.750	21.750	4.2881e-05
13.750	22.000	5.8683e-05
13.750	22.250	7.4239e-05
13.750	22.500	8.8148e-05
13.750	22.750	9.6049e-05
13.750	23.000	8.9300e-05
13.750	23.250	6.0494e-05
13.750	23.500	2.4691e-06
13.750	23.750	1.0000e-07
13.750	24.000	1.0000e-07
14.000	17.000	1.0000e-07
14.000	17.250	1.0000e-07
14.000	17.500	1.0000e-07
14.000	17.750	1.0000e-07
14.000	18.000	1.0000e-07
14.000	18.250	1.0000e-07
14.000	18.500	1.0000e-07
14.000	18.750	1.0000e-07
14.000	19.000	1.0000e-07
14.000	19.250	1.0000e-07
14.000	19.500	1.0000e-07
14.000	19.750	1.0000e-07
14.000	20.000	1.0000e-07
14.000	20.250	1.0000e-07
14.000	20.500	1.0000e-07
14.000	20.750	1.0700e-06
14.000	21.000	2.8807e-06
14.000	21.250	6.5021e-06
14.000	21.500	1.2181e-05
14.000	21.750	2.0000e-05
14.000	22.000	2.9547e-05
14.000	22.250	4.0576e-05
14.000	22.500	5.3333e-05
14.000	22.750	6.8230e-05
14.000	23.000	7.8189e-05
14.000	23.250	7.3827e-05
14.000	23.500	4.3786e-05
14.000	23.750	1.0700e-06
14.000	24.000	1.0000e-07
