InwD 925.144A  relative to Inci 1215.00A scaled to 1215A.
Hden   Phi(H)  Eq_Width (A)
7.000  17.000  1.1248e-02
7.000  17.250  1.0034e-02
7.000  17.500  8.7260e-03
7.000  17.750  6.5570e-03
7.000  18.000  4.1260e-03
7.000  18.250  2.4230e-03
7.000  18.500  1.2690e-03
7.000  18.750  6.5800e-04
7.000  19.000  3.3200e-04
7.000  19.250  1.4500e-04
7.000  19.500  6.4000e-05
7.000  19.750  3.0000e-05
7.000  20.000  1.4000e-05
7.000  20.250  8.0000e-06
7.000  20.500  4.0000e-06
7.000  20.750  2.0000e-06
7.000  21.000  1.0000e-06
7.000  21.250  1.0000e-06
7.000  21.500  1.0000e-10
7.000  21.750  1.0000e-10
7.000  22.000  1.0000e-10
7.000  22.250  1.0000e-10
7.000  22.500  1.0000e-10
7.000  22.750  1.0000e-10
7.000  23.000  1.0000e-10
7.000  23.250  1.0000e-10
7.000  23.500  1.0000e-10
7.000  23.750  1.0000e-10
7.000  24.000  1.0000e-10
7.250  17.000  1.3230e-02
7.250  17.250  1.0332e-02
7.250  17.500  9.7470e-03
7.250  17.750  8.5950e-03
7.250  18.000  6.4940e-03
7.250  18.250  4.0900e-03
7.250  18.500  2.4060e-03
7.250  18.750  1.2620e-03
7.250  19.000  6.5600e-04
7.250  19.250  3.3100e-04
7.250  19.500  1.4400e-04
7.250  19.750  6.4000e-05
7.250  20.000  3.0000e-05
7.250  20.250  1.4000e-05
7.250  20.500  7.0000e-06
7.250  20.750  4.0000e-06
7.250  21.000  2.0000e-06
7.250  21.250  1.0000e-06
7.250  21.500  1.0000e-06
7.250  21.750  1.0000e-10
7.250  22.000  1.0000e-10
7.250  22.250  1.0000e-10
7.250  22.500  1.0000e-06
7.250  22.750  1.0000e-10
7.250  23.000  1.0000e-10
7.250  23.250  1.0000e-10
7.250  23.500  1.0000e-10
7.250  23.750  1.0000e-10
7.250  24.000  1.0000e-10
7.500  17.000  1.1234e-02
7.500  17.250  1.1288e-02
7.500  17.500  9.5740e-03
7.500  17.750  9.5840e-03
7.500  18.000  8.5290e-03
7.500  18.250  6.4630e-03
7.500  18.500  4.0690e-03
7.500  18.750  2.3950e-03
7.500  19.000  1.2580e-03
7.500  19.250  6.5400e-04
7.500  19.500  3.3000e-04
7.500  19.750  1.4400e-04
7.500  20.000  6.4000e-05
7.500  20.250  3.0000e-05
7.500  20.500  1.4000e-05
7.500  20.750  7.0000e-06
7.500  21.000  4.0000e-06
7.500  21.250  2.0000e-06
7.500  21.500  1.0000e-06
7.500  21.750  1.0000e-06
7.500  22.000  1.0000e-10
7.500  22.250  1.0000e-10
7.500  22.500  1.0000e-10
7.500  22.750  1.0000e-10
7.500  23.000  1.0000e-10
7.500  23.250  1.0000e-10
7.500  23.500  1.0000e-10
7.500  23.750  1.0000e-10
7.500  24.000  1.0000e-10
7.750  17.000  9.4780e-03
7.750  17.250  9.0760e-03
7.750  17.500  9.5740e-03
7.750  17.750  8.9720e-03
7.750  18.000  9.4960e-03
7.750  18.250  8.5030e-03
7.750  18.500  6.4540e-03
7.750  18.750  4.0580e-03
7.750  19.000  2.3880e-03
7.750  19.250  1.2550e-03
7.750  19.500  6.5300e-04
7.750  19.750  3.3000e-04
7.750  20.000  1.4400e-04
7.750  20.250  6.4000e-05
7.750  20.500  3.0000e-05
7.750  20.750  1.4000e-05
7.750  21.000  7.0000e-06
7.750  21.250  4.0000e-06
7.750  21.500  2.0000e-06
7.750  21.750  1.0000e-06
7.750  22.000  1.0000e-10
7.750  22.250  1.0000e-10
7.750  22.500  1.0000e-10
7.750  22.750  1.0000e-10
7.750  23.000  1.0000e-10
7.750  23.250  1.0000e-10
7.750  23.500  1.0000e-10
7.750  23.750  1.0000e-10
7.750  24.000  1.0000e-10
8.000  17.000  7.4055e-03
8.000  17.250  7.1910e-03
8.000  17.500  7.3020e-03
8.000  17.750  8.1650e-03
8.000  18.000  8.5200e-03
8.000  18.250  9.4500e-03
8.000  18.500  8.5070e-03
8.000  18.750  6.4600e-03
8.000  19.000  4.0530e-03
8.000  19.250  2.3840e-03
8.000  19.500  1.2540e-03
8.000  19.750  6.5200e-04
8.000  20.000  3.3000e-04
8.000  20.250  1.4400e-04
8.000  20.500  6.4000e-05
8.000  20.750  3.0000e-05
8.000  21.000  1.4000e-05
8.000  21.250  7.0000e-06
8.000  21.500  4.0000e-06
8.000  21.750  2.0000e-06
8.000  22.000  1.0000e-06
8.000  22.250  1.0000e-10
8.000  22.500  1.0000e-10
8.000  22.750  1.0000e-10
8.000  23.000  1.0000e-10
8.000  23.250  1.0000e-10
8.000  23.500  1.0000e-10
8.000  23.750  1.0000e-10
8.000  24.000  1.0000e-10
8.250  17.000  5.5989e-03
8.250  17.250  5.4886e-03
8.250  17.500  5.6380e-03
8.250  17.750  6.1160e-03
8.250  18.000  7.2520e-03
8.250  18.250  8.2170e-03
8.250  18.500  9.4250e-03
8.250  18.750  8.5260e-03
8.250  19.000  6.4750e-03
8.250  19.250  4.0520e-03
8.250  19.500  2.3820e-03
8.250  19.750  1.2530e-03
8.250  20.000  6.5200e-04
8.250  20.250  3.3000e-04
8.250  20.500  1.4400e-04
8.250  20.750  6.4000e-05
8.250  21.000  3.0000e-05
8.250  21.250  1.4000e-05
8.250  21.500  7.0000e-06
8.250  21.750  4.0000e-06
8.250  22.000  2.0000e-06
8.250  22.250  1.0000e-06
8.250  22.500  1.0000e-10
8.250  22.750  1.0000e-10
8.250  23.000  1.0000e-10
8.250  23.250  1.0000e-10
8.250  23.500  1.0000e-10
8.250  23.750  1.0000e-10
8.250  24.000  1.0000e-10
8.500  17.000  4.1416e-03
8.500  17.250  4.0844e-03
8.500  17.500  4.2317e-03
8.500  17.750  4.6020e-03
8.500  18.000  5.3530e-03
8.500  18.250  6.6660e-03
8.500  18.500  8.0090e-03
8.500  18.750  9.4140e-03
8.500  19.000  8.5600e-03
8.500  19.250  6.4970e-03
8.500  19.500  4.0540e-03
8.500  19.750  2.3800e-03
8.500  20.000  1.2520e-03
8.500  20.250  6.5200e-04
8.500  20.500  3.3000e-04
8.500  20.750  1.4400e-04
8.500  21.000  6.4000e-05
8.500  21.250  3.0000e-05
8.500  21.500  1.4000e-05
8.500  21.750  7.0000e-06
8.500  22.000  4.0000e-06
8.500  22.250  2.0000e-06
8.500  22.500  1.0000e-06
8.500  22.750  1.0000e-10
8.500  23.000  1.0000e-10
8.500  23.250  1.0000e-10
8.500  23.500  1.0000e-10
8.500  23.750  1.0000e-10
8.500  24.000  1.0000e-10
8.750  17.000  3.0777e-03
8.750  17.250  3.0300e-03
8.750  17.500  3.1493e-03
8.750  17.750  3.4485e-03
8.750  18.000  4.0130e-03
8.750  18.250  4.9010e-03
8.750  18.500  6.3020e-03
8.750  18.750  7.8800e-03
8.750  19.000  9.4070e-03
8.750  19.250  8.6020e-03
8.750  19.500  6.5240e-03
8.750  19.750  4.0560e-03
8.750  20.000  2.3800e-03
8.750  20.250  1.2520e-03
8.750  20.500  6.5200e-04
8.750  20.750  3.2900e-04
8.750  21.000  1.4400e-04
8.750  21.250  6.4000e-05
8.750  21.500  3.0000e-05
8.750  21.750  1.4000e-05
8.750  22.000  7.0000e-06
8.750  22.250  4.0000e-06
8.750  22.500  2.0000e-06
8.750  22.750  1.0000e-06
8.750  23.000  1.0000e-10
8.750  23.250  1.0000e-10
8.750  23.500  1.0000e-10
8.750  23.750  1.0000e-10
8.750  24.000  1.0000e-10
9.000  17.000  2.3358e-03
9.000  17.250  2.2914e-03
9.000  17.500  2.3764e-03
9.000  17.750  2.6052e-03
9.000  18.000  3.0185e-03
9.000  18.250  3.6730e-03
9.000  18.500  4.6430e-03
9.000  18.750  6.1050e-03
9.000  19.000  7.7860e-03
9.000  19.250  9.3960e-03
9.000  19.500  8.6430e-03
9.000  19.750  6.5520e-03
9.000  20.000  4.0590e-03
9.000  20.250  2.3790e-03
9.000  20.500  1.2510e-03
9.000  20.750  6.5200e-04
9.000  21.000  3.2900e-04
9.000  21.250  1.4400e-04
9.000  21.500  6.4000e-05
9.000  21.750  3.0000e-05
9.000  22.000  1.4000e-05
9.000  22.250  7.0000e-06
9.000  22.500  4.0000e-06
9.000  22.750  2.0000e-06
9.000  23.000  1.0000e-06
9.000  23.250  1.0000e-10
9.000  23.500  1.0000e-10
9.000  23.750  1.0000e-10
9.000  24.000  1.0000e-10
9.250  17.000  1.8223e-03
9.250  17.250  1.7775e-03
9.250  17.500  1.8482e-03
9.250  17.750  2.0187e-03
9.250  18.000  2.3183e-03
9.250  18.250  2.7936e-03
9.250  18.500  3.4990e-03
9.250  18.750  4.5130e-03
9.250  19.000  5.9350e-03
9.250  19.250  7.7090e-03
9.250  19.500  9.3760e-03
9.250  19.750  8.6800e-03
9.250  20.000  6.5790e-03
9.250  20.250  4.0630e-03
9.250  20.500  2.3790e-03
9.250  20.750  1.2510e-03
9.250  21.000  6.5100e-04
9.250  21.250  3.2900e-04
9.250  21.500  1.4400e-04
9.250  21.750  6.4000e-05
9.250  22.000  2.9000e-05
9.250  22.250  1.5000e-05
9.250  22.500  8.0000e-06
9.250  22.750  4.0000e-06
9.250  23.000  3.0000e-06
9.250  23.250  1.0000e-06
9.250  23.500  1.0000e-10
9.250  23.750  1.0000e-10
9.250  24.000  1.0000e-10
9.500  17.000  1.4544e-03
9.500  17.250  1.4085e-03
9.500  17.500  1.4768e-03
9.500  17.750  1.6252e-03
9.500  18.000  1.8519e-03
9.500  18.250  2.1922e-03
9.500  18.500  2.7015e-03
9.500  18.750  3.4350e-03
9.500  19.000  4.4750e-03
9.500  19.250  5.8140e-03
9.500  19.500  7.6340e-03
9.500  19.750  9.3480e-03
9.500  20.000  8.7050e-03
9.500  20.250  6.6040e-03
9.500  20.500  4.0670e-03
9.500  20.750  2.3790e-03
9.500  21.000  1.2510e-03
9.500  21.250  6.5100e-04
9.500  21.500  3.2900e-04
9.500  21.750  1.4400e-04
9.500  22.000  6.3000e-05
9.500  22.250  3.0000e-05
9.500  22.500  1.5000e-05
9.500  22.750  8.0000e-06
9.500  23.000  4.0000e-06
9.500  23.250  3.0000e-06
9.500  23.500  1.0000e-06
9.500  23.750  1.0000e-06
9.500  24.000  1.0000e-10
9.750  17.000  1.2010e-03
9.750  17.250  1.1323e-03
9.750  17.500  1.1936e-03
9.750  17.750  1.3402e-03
9.750  18.000  1.5427e-03
9.750  18.250  1.8053e-03
9.750  18.500  2.1639e-03
9.750  18.750  2.6820e-03
9.750  19.000  3.4300e-03
9.750  19.250  4.4810e-03
9.750  19.500  5.7190e-03
9.750  19.750  7.5540e-03
9.750  20.000  9.3110e-03
9.750  20.250  8.7130e-03
9.750  20.500  6.6230e-03
9.750  20.750  4.0690e-03
9.750  21.000  2.3800e-03
9.750  21.250  1.2500e-03
9.750  21.500  6.5100e-04
9.750  21.750  3.2900e-04
9.750  22.000  1.4400e-04
9.750  22.250  6.3000e-05
9.750  22.500  3.0000e-05
9.750  22.750  1.5000e-05
9.750  23.000  8.0000e-06
9.750  23.250  4.0000e-06
9.750  23.500  2.0000e-06
9.750  23.750  1.0000e-06
9.750  24.000  1.0000e-06
10.000  17.000  1.0357e-03
10.000  17.250  9.3300e-04
10.000  17.500  9.6530e-04
10.000  17.750  1.1047e-03
10.000  18.000  1.3106e-03
10.000  18.250  1.5470e-03
10.000  18.500  1.8129e-03
10.000  18.750  2.1693e-03
10.000  19.000  2.6920e-03
10.000  19.250  3.4440e-03
10.000  19.500  4.4980e-03
10.000  19.750  5.6640e-03
10.000  20.000  7.4750e-03
10.000  20.250  9.2740e-03
10.000  20.500  8.7130e-03
10.000  20.750  6.6380e-03
10.000  21.000  4.0720e-03
10.000  21.250  2.3790e-03
10.000  21.500  1.2500e-03
10.000  21.750  6.5100e-04
10.000  22.000  3.2900e-04
10.000  22.250  1.4300e-04
10.000  22.500  6.4000e-05
10.000  22.750  3.0000e-05
10.000  23.000  1.5000e-05
10.000  23.250  8.0000e-06
10.000  23.500  4.0000e-06
10.000  23.750  2.0000e-06
10.000  24.000  1.0000e-06
10.250  17.000  9.5910e-04
10.250  17.250  8.0980e-04
10.250  17.500  7.9680e-04
10.250  17.750  9.0510e-04
10.250  18.000  1.1035e-03
10.250  18.250  1.3334e-03
10.250  18.500  1.5670e-03
10.250  18.750  1.8294e-03
10.250  19.000  2.1960e-03
10.250  19.250  2.7440e-03
10.250  19.500  3.5070e-03
10.250  19.750  4.5430e-03
10.250  20.000  5.6610e-03
10.250  20.250  7.4540e-03
10.250  20.500  9.2490e-03
10.250  20.750  8.7030e-03
10.250  21.000  6.6470e-03
10.250  21.250  4.0730e-03
10.250  21.500  2.3790e-03
10.250  21.750  1.2500e-03
10.250  22.000  6.5100e-04
10.250  22.250  3.3000e-04
10.250  22.500  1.4400e-04
10.250  22.750  6.3000e-05
10.250  23.000  3.0000e-05
10.250  23.250  1.5000e-05
10.250  23.500  8.0000e-06
10.250  23.750  4.0000e-06
10.250  24.000  3.0000e-06
10.500  17.000  9.4400e-04
10.500  17.250  7.6930e-04
10.500  17.500  7.0400e-04
10.500  17.750  7.6390e-04
10.500  18.000  9.1980e-04
10.500  18.250  1.1298e-03
10.500  18.500  1.3558e-03
10.500  18.750  1.5854e-03
10.500  19.000  1.8560e-03
10.500  19.250  2.2410e-03
10.500  19.500  2.8080e-03
10.500  19.750  3.6040e-03
10.500  20.000  4.6100e-03
10.500  20.250  5.7480e-03
10.500  20.500  7.5320e-03
10.500  20.750  9.2950e-03
10.500  21.000  8.6900e-03
10.500  21.250  6.6510e-03
10.500  21.500  4.0730e-03
10.500  21.750  2.3790e-03
10.500  22.000  1.2500e-03
10.500  22.250  6.5100e-04
10.500  22.500  3.2900e-04
10.500  22.750  1.4400e-04
10.500  23.000  6.4000e-05
10.500  23.250  2.9000e-05
10.500  23.500  1.5000e-05
10.500  23.750  8.0000e-06
10.500  24.000  4.0000e-06
10.750  17.000  9.7170e-04
10.750  17.250  7.9160e-04
10.750  17.500  6.9870e-04
10.750  17.750  7.0350e-04
10.750  18.000  7.9460e-04
10.750  18.250  9.5100e-04
10.750  18.500  1.1550e-03
10.750  18.750  1.3756e-03
10.750  19.000  1.6118e-03
10.750  19.250  1.9071e-03
10.750  19.500  2.3330e-03
10.750  19.750  2.9480e-03
10.750  20.000  3.7500e-03
10.750  20.250  4.7840e-03
10.750  20.500  5.9780e-03
10.750  20.750  7.7990e-03
10.750  21.000  9.4340e-03
10.750  21.250  8.6850e-03
10.750  21.500  6.6510e-03
10.750  21.750  4.0720e-03
10.750  22.000  2.3790e-03
10.750  22.250  1.2500e-03
10.750  22.500  6.5100e-04
10.750  22.750  3.3000e-04
10.750  23.000  1.4400e-04
10.750  23.250  6.3000e-05
10.750  23.500  3.0000e-05
10.750  23.750  1.5000e-05
10.750  24.000  8.0000e-06
11.000  17.000  1.0329e-03
11.000  17.250  8.5620e-04
11.000  17.500  7.5730e-04
11.000  17.750  7.3030e-04
11.000  18.000  7.5530e-04
11.000  18.250  8.3230e-04
11.000  18.500  9.7950e-04
11.000  18.750  1.1768e-03
11.000  19.000  1.3966e-03
11.000  19.250  1.6524e-03
11.000  19.500  1.9940e-03
11.000  19.750  2.4840e-03
11.000  20.000  3.1530e-03
11.000  20.250  3.9940e-03
11.000  20.500  5.1670e-03
11.000  20.750  6.4180e-03
11.000  21.000  8.3410e-03
11.000  21.250  9.7290e-03
11.000  21.500  8.7080e-03
11.000  21.750  6.6450e-03
11.000  22.000  4.0690e-03
11.000  22.250  2.3790e-03
11.000  22.500  1.2490e-03
11.000  22.750  6.5100e-04
11.000  23.000  3.2900e-04
11.000  23.250  1.4400e-04
11.000  23.500  6.4000e-05
11.000  23.750  3.0000e-05
11.000  24.000  1.4000e-05
11.250  17.000  1.1204e-03
11.250  17.250  9.5010e-04
11.250  17.500  8.5370e-04
11.250  17.750  8.1740e-04
11.250  18.000  8.0060e-04
11.250  18.250  8.0160e-04
11.250  18.500  8.6010e-04
11.250  18.750  9.9990e-04
11.250  19.000  1.1940e-03
11.250  19.250  1.4242e-03
11.250  19.500  1.7208e-03
11.250  19.750  2.1370e-03
11.250  20.000  2.7140e-03
11.250  20.250  3.4700e-03
11.250  20.500  4.3620e-03
11.250  20.750  5.6520e-03
11.250  21.000  7.1680e-03
11.250  21.250  9.2830e-03
11.250  21.500  1.0251e-02
11.250  21.750  8.7810e-03
11.250  22.000  6.6370e-03
11.250  22.250  4.0660e-03
11.250  22.500  2.3790e-03
11.250  22.750  1.2490e-03
11.250  23.000  6.5100e-04
11.250  23.250  3.3000e-04
11.250  23.500  1.4400e-04
11.250  23.750  6.4000e-05
11.250  24.000  3.0000e-05
11.500  17.000  1.2267e-03
11.500  17.250  1.0657e-03
11.500  17.500  9.7350e-04
11.500  17.750  9.3440e-04
11.500  18.000  8.9870e-04
11.500  18.250  8.5350e-04
11.500  18.500  8.3040e-04
11.500  18.750  8.7900e-04
11.500  19.000  1.0172e-03
11.500  19.250  1.2157e-03
11.500  19.500  1.4731e-03
11.500  19.750  1.8348e-03
11.500  20.000  2.3490e-03
11.500  20.250  3.0390e-03
11.500  20.500  3.9090e-03
11.500  20.750  4.9500e-03
11.500  21.000  6.4920e-03
11.500  21.250  8.3920e-03
11.500  21.500  1.0794e-02
11.500  21.750  1.0870e-02
11.500  22.000  8.9300e-03
11.500  22.250  6.6270e-03
11.500  22.500  4.0610e-03
11.500  22.750  2.3790e-03
11.500  23.000  1.2490e-03
11.500  23.250  6.5100e-04
11.500  23.500  3.3000e-04
11.500  23.750  1.4400e-04
11.500  24.000  6.3000e-05
11.750  17.000  1.3327e-03
11.750  17.250  1.1897e-03
11.750  17.500  1.1054e-03
11.750  17.750  1.0629e-03
11.750  18.000  1.0167e-03
11.750  18.250  9.5490e-04
11.750  18.500  8.8890e-04
11.750  18.750  8.5190e-04
11.750  19.000  8.9570e-04
11.750  19.250  1.0386e-03
11.750  19.500  1.2528e-03
11.750  19.750  1.5570e-03
11.750  20.000  2.0100e-03
11.750  20.250  2.6470e-03
11.750  20.500  3.4770e-03
11.750  20.750  4.5090e-03
11.750  21.000  5.7990e-03
11.750  21.250  7.8230e-03
11.750  21.500  1.0251e-02
11.750  21.750  1.2758e-02
11.750  22.000  1.1583e-02
11.750  22.250  9.1500e-03
11.750  22.500  6.6230e-03
11.750  22.750  4.0570e-03
11.750  23.000  2.3790e-03
11.750  23.250  1.2480e-03
11.750  23.500  6.5100e-04
11.750  23.750  3.3000e-04
11.750  24.000  1.4400e-04
12.000  17.000  1.4041e-03
12.000  17.250  1.2975e-03
12.000  17.500  1.2273e-03
12.000  17.750  1.1822e-03
12.000  18.000  1.1337e-03
12.000  18.250  1.0753e-03
12.000  18.500  1.0025e-03
12.000  18.750  9.2230e-04
12.000  19.000  8.7480e-04
12.000  19.250  9.1810e-04
12.000  19.500  1.0716e-03
12.000  19.750  1.3159e-03
12.000  20.000  1.6919e-03
12.000  20.250  2.2654e-03
12.000  20.500  3.0550e-03
12.000  20.750  4.0620e-03
12.000  21.000  5.3930e-03
12.000  21.250  7.1700e-03
12.000  21.500  9.8170e-03
12.000  21.750  1.2756e-02
12.000  22.000  1.4692e-02
12.000  22.250  1.2271e-02
12.000  22.500  9.4260e-03
12.000  22.750  6.6260e-03
12.000  23.000  4.0510e-03
12.000  23.250  2.3780e-03
12.000  23.500  1.2480e-03
12.000  23.750  6.5100e-04
12.000  24.000  3.3000e-04
12.250  17.000  1.3962e-03
12.250  17.250  1.3448e-03
12.250  17.500  1.3006e-03
12.250  17.750  1.2690e-03
12.250  18.000  1.2401e-03
12.250  18.250  1.2029e-03
12.250  18.500  1.1418e-03
12.250  18.750  1.0532e-03
12.250  19.000  9.5680e-04
12.250  19.250  9.0040e-04
12.250  19.500  9.4990e-04
12.250  19.750  1.1232e-03
12.250  20.000  1.4154e-03
12.250  20.250  1.8943e-03
12.250  20.500  2.6207e-03
12.250  20.750  3.6160e-03
12.250  21.000  4.9790e-03
12.250  21.250  6.7240e-03
12.250  21.500  9.0620e-03
12.250  21.750  1.2335e-02
12.250  22.000  1.5691e-02
12.250  22.250  1.6326e-02
12.250  22.500  1.3021e-02
12.250  22.750  9.7430e-03
12.250  23.000  6.6430e-03
12.250  23.250  4.0460e-03
12.250  23.500  2.3780e-03
12.250  23.750  1.2470e-03
12.250  24.000  6.5100e-04
12.500  17.000  1.3109e-03
12.500  17.250  1.3028e-03
12.500  17.500  1.3013e-03
12.500  17.750  1.3138e-03
12.500  18.000  1.3285e-03
12.500  18.250  1.3246e-03
12.500  18.500  1.2865e-03
12.500  18.750  1.2081e-03
12.500  19.000  1.1005e-03
12.500  19.250  9.8960e-04
12.500  19.500  9.3080e-04
12.500  19.750  9.9440e-04
12.500  20.000  1.2027e-03
12.500  20.250  1.5660e-03
12.500  20.500  2.1820e-03
12.500  20.750  3.1383e-03
12.500  21.000  4.5060e-03
12.500  21.250  6.3500e-03
12.500  21.500  8.5630e-03
12.500  21.750  1.1562e-02
12.500  22.000  1.5602e-02
12.500  22.250  1.8717e-02
12.500  22.500  1.8029e-02
12.500  22.750  1.3844e-02
12.500  23.000  1.0088e-02
12.500  23.250  6.6730e-03
12.500  23.500  4.0410e-03
12.500  23.750  2.3770e-03
12.500  24.000  1.2460e-03
12.750  17.000  1.1863e-03
12.750  17.250  1.2232e-03
12.750  17.500  1.2717e-03
12.750  17.750  1.3313e-03
12.750  18.000  1.3885e-03
12.750  18.250  1.4239e-03
12.750  18.500  1.4172e-03
12.750  18.750  1.3620e-03
12.750  19.000  1.2639e-03
12.750  19.250  1.1418e-03
12.750  19.500  1.0225e-03
12.750  19.750  9.6750e-04
12.750  20.000  1.0497e-03
12.750  20.250  1.3053e-03
12.750  20.500  1.7804e-03
12.750  20.750  2.5964e-03
12.750  21.000  3.8798e-03
12.750  21.250  5.7940e-03
12.750  21.500  8.1810e-03
12.750  21.750  1.1051e-02
12.750  22.000  1.4770e-02
12.750  22.250  1.9283e-02
12.750  22.500  2.1785e-02
12.750  22.750  1.9643e-02
12.750  23.000  1.4761e-02
12.750  23.250  1.0411e-02
12.750  23.500  6.7010e-03
12.750  23.750  4.0400e-03
12.750  24.000  2.3770e-03
13.000  17.000  1.1018e-03
13.000  17.250  1.1769e-03
13.000  17.500  1.2466e-03
13.000  17.750  1.3260e-03
13.000  18.000  1.4106e-03
13.000  18.250  1.4815e-03
13.000  18.500  1.5128e-03
13.000  18.750  1.4908e-03
13.000  19.000  1.4182e-03
13.000  19.250  1.3080e-03
13.000  19.500  1.1773e-03
13.000  19.750  1.0581e-03
13.000  20.000  1.0092e-03
13.000  20.250  1.1148e-03
13.000  20.500  1.4597e-03
13.000  20.750  2.0712e-03
13.000  21.000  3.2129e-03
13.000  21.250  4.9664e-03
13.000  21.500  7.3030e-03
13.000  21.750  1.0614e-02
13.000  22.000  1.4167e-02
13.000  22.250  1.8005e-02
13.000  22.500  2.2788e-02
13.000  22.750  2.4838e-02
13.000  23.000  2.1445e-02
13.000  23.250  1.5649e-02
13.000  23.500  1.0734e-02
13.000  23.750  6.7490e-03
13.000  24.000  4.0410e-03
13.250  17.000  1.0587e-03
13.250  17.250  1.1287e-03
13.250  17.500  1.2101e-03
13.250  17.750  1.2998e-03
13.250  18.000  1.4023e-03
13.250  18.250  1.4995e-03
13.250  18.500  1.5643e-03
13.250  18.750  1.5785e-03
13.250  19.000  1.5411e-03
13.250  19.250  1.4591e-03
13.250  19.500  1.3455e-03
13.250  19.750  1.2175e-03
13.250  20.000  1.1032e-03
13.250  20.250  1.0605e-03
13.250  20.500  1.1899e-03
13.250  20.750  1.5972e-03
13.250  21.000  2.3991e-03
13.250  21.250  3.8240e-03
13.250  21.500  5.8718e-03
13.250  21.750  9.1460e-03
13.250  22.000  1.2717e-02
13.250  22.250  1.6477e-02
13.250  22.500  2.1370e-02
13.250  22.750  2.6235e-02
13.250  23.000  2.8060e-02
13.250  23.250  2.3043e-02
13.250  23.500  1.6431e-02
13.250  23.750  1.1024e-02
13.250  24.000  6.8170e-03
13.500  17.000  1.0175e-03
13.500  17.250  1.0868e-03
13.500  17.500  1.1714e-03
13.500  17.750  1.2640e-03
13.500  18.000  1.3722e-03
13.500  18.250  1.4852e-03
13.500  18.500  1.5755e-03
13.500  18.750  1.6225e-03
13.500  19.000  1.6211e-03
13.500  19.250  1.5748e-03
13.500  19.500  1.4913e-03
13.500  19.750  1.3835e-03
13.500  20.000  1.2675e-03
13.500  20.250  1.1676e-03
13.500  20.500  1.1361e-03
13.500  20.750  1.2754e-03
13.500  21.000  1.6923e-03
13.500  21.250  2.6721e-03
13.500  21.500  4.1440e-03
13.500  21.750  6.3584e-03
13.500  22.000  9.7460e-03
13.500  22.250  1.4325e-02
13.500  22.500  1.9354e-02
13.500  22.750  2.4859e-02
13.500  23.000  2.9874e-02
13.500  23.250  3.1505e-02
13.500  23.500  2.4699e-02
13.500  23.750  1.7480e-02
13.500  24.000  1.1290e-02
13.750  17.000  9.7800e-04
13.750  17.250  1.0523e-03
13.750  17.500  1.1342e-03
13.750  17.750  1.2230e-03
13.750  18.000  1.3322e-03
13.750  18.250  1.4507e-03
13.750  18.500  1.5563e-03
13.750  18.750  1.6278e-03
13.750  19.000  1.6589e-03
13.750  19.250  1.6500e-03
13.750  19.500  1.6045e-03
13.750  19.750  1.5297e-03
13.750  20.000  1.4380e-03
13.750  20.250  1.3454e-03
13.750  20.500  1.2739e-03
13.750  20.750  1.2710e-03
13.750  21.000  1.4260e-03
13.750  21.250  1.8692e-03
13.750  21.500  2.7818e-03
13.750  21.750  4.3382e-03
13.750  22.000  6.8708e-03
13.750  22.250  1.0872e-02
13.750  22.500  1.6626e-02
13.750  22.750  2.3385e-02
13.750  23.000  2.9319e-02
13.750  23.250  3.4466e-02
13.750  23.500  3.5201e-02
13.750  23.750  2.6534e-02
13.750  24.000  1.8192e-02
14.000  17.000  9.4482e-04
14.000  17.250  1.0173e-03
14.000  17.500  1.1012e-03
14.000  17.750  1.1852e-03
14.000  18.000  1.2889e-03
14.000  18.250  1.4073e-03
14.000  18.500  1.5189e-03
14.000  18.750  1.6059e-03
14.000  19.000  1.6611e-03
14.000  19.250  1.6848e-03
14.000  19.500  1.6786e-03
14.000  19.750  1.6439e-03
14.000  20.000  1.5869e-03
14.000  20.250  1.5210e-03
14.000  20.500  1.4660e-03
14.000  20.750  1.4436e-03
14.000  21.000  1.5002e-03
14.000  21.250  1.7308e-03
14.000  21.500  2.2283e-03
14.000  21.750  3.2739e-03
14.000  22.000  5.1137e-03
14.000  22.250  8.1782e-03
14.000  22.500  1.3142e-02
14.000  22.750  2.0759e-02
14.000  23.000  2.8544e-02
14.000  23.250  3.5293e-02
14.000  23.500  4.0002e-02
14.000  23.750  3.9145e-02
14.000  24.000  2.8202e-02
