InwD 1143.64A  relative to Inci 1215.00A scaled to 1215A.
Hden   Phi(H)  Eq_Width (A)
7.000  17.000  1.6631e-02
7.000  17.250  1.5274e-02
7.000  17.500  1.0968e-02
7.000  17.750  7.0310e-03
7.000  18.000  4.0740e-03
7.000  18.250  2.2460e-03
7.000  18.500  1.1130e-03
7.000  18.750  5.7000e-04
7.000  19.000  2.8500e-04
7.000  19.250  1.2300e-04
7.000  19.500  5.4000e-05
7.000  19.750  2.5000e-05
7.000  20.000  1.2000e-05
7.000  20.250  6.0000e-06
7.000  20.500  3.0000e-06
7.000  20.750  2.0000e-06
7.000  21.000  1.0000e-06
7.000  21.250  1.0000e-06
7.000  21.500  1.0000e-06
7.000  21.750  1.0000e-10
7.000  22.000  1.0000e-10
7.000  22.250  1.0000e-10
7.000  22.500  1.0000e-10
7.000  22.750  1.0000e-10
7.000  23.000  1.0000e-10
7.000  23.250  1.0000e-10
7.000  23.500  1.0000e-10
7.000  23.750  1.0000e-10
7.000  24.000  1.0000e-10
7.250  17.000  1.7574e-02
7.250  17.250  1.6089e-02
7.250  17.500  1.5110e-02
7.250  17.750  1.0887e-02
7.250  18.000  6.9890e-03
7.250  18.250  4.0510e-03
7.250  18.500  2.2350e-03
7.250  18.750  1.1090e-03
7.250  19.000  5.6900e-04
7.250  19.250  2.8400e-04
7.250  19.500  1.2200e-04
7.250  19.750  5.4000e-05
7.250  20.000  2.5000e-05
7.250  20.250  1.2000e-05
7.250  20.500  6.0000e-06
7.250  20.750  3.0000e-06
7.250  21.000  2.0000e-06
7.250  21.250  1.0000e-06
7.250  21.500  1.0000e-10
7.250  21.750  1.0000e-10
7.250  22.000  1.0000e-10
7.250  22.250  1.0000e-10
7.250  22.500  1.0000e-10
7.250  22.750  1.0000e-10
7.250  23.000  1.0000e-10
7.250  23.250  1.0000e-10
7.250  23.500  1.0000e-10
7.250  23.750  1.0000e-10
7.250  24.000  1.0000e-10
7.500  17.000  1.5101e-02
7.500  17.250  1.6349e-02
7.500  17.500  1.5633e-02
7.500  17.750  1.5021e-02
7.500  18.000  1.0845e-02
7.500  18.250  6.9660e-03
7.500  18.500  4.0370e-03
7.500  18.750  2.2280e-03
7.500  19.000  1.1070e-03
7.500  19.250  5.6800e-04
7.500  19.500  2.8400e-04
7.500  19.750  1.2200e-04
7.500  20.000  5.4000e-05
7.500  20.250  2.5000e-05
7.500  20.500  1.2000e-05
7.500  20.750  6.0000e-06
7.500  21.000  3.0000e-06
7.500  21.250  2.0000e-06
7.500  21.500  1.0000e-06
7.500  21.750  1.0000e-10
7.500  22.000  1.0000e-10
7.500  22.250  1.0000e-10
7.500  22.500  1.0000e-10
7.500  22.750  1.0000e-10
7.500  23.000  1.0000e-10
7.500  23.250  1.0000e-10
7.500  23.500  1.0000e-10
7.500  23.750  1.0000e-10
7.500  24.000  1.0000e-10
7.750  17.000  1.2970e-02
7.750  17.250  1.3707e-02
7.750  17.500  1.5254e-02
7.750  17.750  1.5267e-02
7.750  18.000  1.4975e-02
7.750  18.250  1.0829e-02
7.750  18.500  6.9560e-03
7.750  18.750  4.0280e-03
7.750  19.000  2.2240e-03
7.750  19.250  1.1050e-03
7.750  19.500  5.6700e-04
7.750  19.750  2.8400e-04
7.750  20.000  1.2200e-04
7.750  20.250  5.4000e-05
7.750  20.500  2.5000e-05
7.750  20.750  1.2000e-05
7.750  21.000  6.0000e-06
7.750  21.250  3.0000e-06
7.750  21.500  2.0000e-06
7.750  21.750  1.0000e-06
7.750  22.000  1.0000e-10
7.750  22.250  1.0000e-10
7.750  22.500  1.0000e-10
7.750  22.750  1.0000e-10
7.750  23.000  1.0000e-10
7.750  23.250  1.0000e-10
7.750  23.500  1.0000e-10
7.750  23.750  1.0000e-10
7.750  24.000  1.0000e-10
8.000  17.000  1.0660e-02
8.000  17.250  1.1390e-02
8.000  17.500  1.2477e-02
8.000  17.750  1.4279e-02
8.000  18.000  1.4965e-02
8.000  18.250  1.4953e-02
8.000  18.500  1.0830e-02
8.000  18.750  6.9530e-03
8.000  19.000  4.0230e-03
8.000  19.250  2.2210e-03
8.000  19.500  1.1040e-03
8.000  19.750  5.6700e-04
8.000  20.000  2.8300e-04
8.000  20.250  1.2200e-04
8.000  20.500  5.4000e-05
8.000  20.750  2.5000e-05
8.000  21.000  1.2000e-05
8.000  21.250  6.0000e-06
8.000  21.500  3.0000e-06
8.000  21.750  2.0000e-06
8.000  22.000  1.0000e-06
8.000  22.250  1.0000e-10
8.000  22.500  1.0000e-10
8.000  22.750  1.0000e-10
8.000  23.000  1.0000e-10
8.000  23.250  1.0000e-10
8.000  23.500  1.0000e-10
8.000  23.750  1.0000e-10
8.000  24.000  1.0000e-10
8.250  17.000  8.7300e-03
8.250  17.250  9.3900e-03
8.250  17.500  1.0370e-02
8.250  17.750  1.1708e-02
8.250  18.000  1.3694e-02
8.250  18.250  1.4781e-02
8.250  18.500  1.4941e-02
8.250  18.750  1.0840e-02
8.250  19.000  6.9560e-03
8.250  19.250  4.0210e-03
8.250  19.500  2.2190e-03
8.250  19.750  1.1030e-03
8.250  20.000  5.6600e-04
8.250  20.250  2.8300e-04
8.250  20.500  1.2200e-04
8.250  20.750  5.4000e-05
8.250  21.000  2.5000e-05
8.250  21.250  1.2000e-05
8.250  21.500  6.0000e-06
8.250  21.750  3.0000e-06
8.250  22.000  2.0000e-06
8.250  22.250  1.0000e-06
8.250  22.500  1.0000e-10
8.250  22.750  1.0000e-10
8.250  23.000  1.0000e-06
8.250  23.250  1.0000e-10
8.250  23.500  1.0000e-10
8.250  23.750  1.0000e-10
8.250  24.000  1.0000e-10
8.500  17.000  7.1600e-03
8.500  17.250  7.7200e-03
8.500  17.500  8.5600e-03
8.500  17.750  9.6950e-03
8.500  18.000  1.1220e-02
8.500  18.250  1.3326e-02
8.500  18.500  1.4653e-02
8.500  18.750  1.4936e-02
8.500  19.000  1.0859e-02
8.500  19.250  6.9620e-03
8.500  19.500  4.0190e-03
8.500  19.750  2.2180e-03
8.500  20.000  1.1030e-03
8.500  20.250  5.6600e-04
8.500  20.500  2.8300e-04
8.500  20.750  1.2200e-04
8.500  21.000  5.4000e-05
8.500  21.250  2.5000e-05
8.500  21.500  1.2000e-05
8.500  21.750  6.0000e-06
8.500  22.000  3.0000e-06
8.500  22.250  2.0000e-06
8.500  22.500  1.0000e-06
8.500  22.750  1.0000e-06
8.500  23.000  1.0000e-10
8.500  23.250  1.0000e-10
8.500  23.500  1.0000e-10
8.500  23.750  1.0000e-10
8.500  24.000  1.0000e-10
8.750  17.000  5.9600e-03
8.750  17.250  6.4300e-03
8.750  17.500  7.1100e-03
8.750  17.750  8.0500e-03
8.750  18.000  9.3270e-03
8.750  18.250  1.0946e-02
8.750  18.500  1.3107e-02
8.750  18.750  1.4571e-02
8.750  19.000  1.4930e-02
8.750  19.250  1.0882e-02
8.750  19.500  6.9710e-03
8.750  19.750  4.0180e-03
8.750  20.000  2.2170e-03
8.750  20.250  1.1020e-03
8.750  20.500  5.6600e-04
8.750  20.750  2.8300e-04
8.750  21.000  1.2200e-04
8.750  21.250  5.4000e-05
8.750  21.500  2.5000e-05
8.750  21.750  1.3000e-05
8.750  22.000  6.0000e-06
8.750  22.250  3.0000e-06
8.750  22.500  2.0000e-06
8.750  22.750  1.0000e-06
8.750  23.000  1.0000e-10
8.750  23.250  1.0000e-10
8.750  23.500  1.0000e-10
8.750  23.750  1.0000e-10
8.750  24.000  1.0000e-10
9.000  17.000  5.0400e-03
9.000  17.250  5.4600e-03
9.000  17.500  6.0100e-03
9.000  17.750  6.7800e-03
9.000  18.000  7.8100e-03
9.000  18.250  9.1440e-03
9.000  18.500  1.0828e-02
9.000  18.750  1.3019e-02
9.000  19.000  1.4502e-02
9.000  19.250  1.4920e-02
9.000  19.500  1.0905e-02
9.000  19.750  6.9810e-03
9.000  20.000  4.0180e-03
9.000  20.250  2.2170e-03
9.000  20.500  1.1020e-03
9.000  20.750  5.6600e-04
9.000  21.000  2.8300e-04
9.000  21.250  1.2200e-04
9.000  21.500  5.4000e-05
9.000  21.750  2.5000e-05
9.000  22.000  1.3000e-05
9.000  22.250  6.0000e-06
9.000  22.500  3.0000e-06
9.000  22.750  2.0000e-06
9.000  23.000  1.0000e-06
9.000  23.250  1.0000e-10
9.000  23.500  1.0000e-10
9.000  23.750  1.0000e-10
9.000  24.000  1.0000e-06
9.250  17.000  4.3100e-03
9.250  17.250  4.7000e-03
9.250  17.500  5.2200e-03
9.250  17.750  5.8400e-03
9.250  18.000  6.6600e-03
9.250  18.250  7.7400e-03
9.250  18.500  9.1190e-03
9.250  18.750  1.0853e-02
9.250  19.000  1.2874e-02
9.250  19.250  1.4430e-02
9.250  19.500  1.4900e-02
9.250  19.750  1.0926e-02
9.250  20.000  6.9900e-03
9.250  20.250  4.0170e-03
9.250  20.500  2.2160e-03
9.250  20.750  1.1020e-03
9.250  21.000  5.6600e-04
9.250  21.250  2.8300e-04
9.250  21.500  1.2200e-04
9.250  21.750  5.3000e-05
9.250  22.000  2.5000e-05
9.250  22.250  1.3000e-05
9.250  22.500  6.0000e-06
9.250  22.750  4.0000e-06
9.250  23.000  2.0000e-06
9.250  23.250  2.0000e-06
9.250  23.500  1.0000e-06
9.250  23.750  1.0000e-06
9.250  24.000  1.0000e-10
9.500  17.000  3.6900e-03
9.500  17.250  4.0800e-03
9.500  17.500  4.5800e-03
9.500  17.750  5.1800e-03
9.500  18.000  5.8600e-03
9.500  18.250  6.7200e-03
9.500  18.500  7.8300e-03
9.500  18.750  9.2250e-03
9.500  19.000  1.0999e-02
9.500  19.250  1.2655e-02
9.500  19.500  1.4341e-02
9.500  19.750  1.4874e-02
9.500  20.000  1.0939e-02
9.500  20.250  6.9980e-03
9.500  20.500  4.0160e-03
9.500  20.750  2.2160e-03
9.500  21.000  1.1020e-03
9.500  21.250  5.6600e-04
9.500  21.500  2.8400e-04
9.500  21.750  1.2200e-04
9.500  22.000  5.4000e-05
9.500  22.250  2.5000e-05
9.500  22.500  1.2000e-05
9.500  22.750  7.0000e-06
9.500  23.000  4.0000e-06
9.500  23.250  2.0000e-06
9.500  23.500  1.0000e-06
9.500  23.750  1.0000e-10
9.500  24.000  1.0000e-10
9.750  17.000  3.2200e-03
9.750  17.250  3.5200e-03
9.750  17.500  4.0300e-03
9.750  17.750  4.6400e-03
9.750  18.000  5.3000e-03
9.750  18.250  6.0400e-03
9.750  18.500  6.9200e-03
9.750  18.750  8.0090e-03
9.750  19.000  9.4100e-03
9.750  19.250  1.1246e-02
9.750  19.500  1.2442e-02
9.750  19.750  1.4239e-02
9.750  20.000  1.4839e-02
9.750  20.250  1.0942e-02
9.750  20.500  7.0040e-03
9.750  20.750  4.0160e-03
9.750  21.000  2.2150e-03
9.750  21.250  1.1010e-03
9.750  21.500  5.6600e-04
9.750  21.750  2.8300e-04
9.750  22.000  1.2200e-04
9.750  22.250  5.4000e-05
9.750  22.500  2.5000e-05
9.750  22.750  1.2000e-05
9.750  23.000  6.0000e-06
9.750  23.250  3.0000e-06
9.750  23.500  2.0000e-06
9.750  23.750  1.0000e-06
9.750  24.000  1.0000e-06
10.000  17.000  2.9200e-03
10.000  17.250  3.0700e-03
10.000  17.500  3.5000e-03
10.000  17.750  4.1300e-03
10.000  18.000  4.8700e-03
10.000  18.250  5.5900e-03
10.000  18.500  6.3200e-03
10.000  18.750  7.1500e-03
10.000  19.000  8.2250e-03
10.000  19.250  9.6620e-03
10.000  19.500  1.1527e-02
10.000  19.750  1.2338e-02
10.000  20.000  1.4114e-02
10.000  20.250  1.4804e-02
10.000  20.500  1.0940e-02
10.000  20.750  7.0090e-03
10.000  21.000  4.0160e-03
10.000  21.250  2.2150e-03
10.000  21.500  1.1010e-03
10.000  21.750  5.6500e-04
10.000  22.000  2.8300e-04
10.000  22.250  1.2200e-04
10.000  22.500  5.4000e-05
10.000  22.750  2.5000e-05
10.000  23.000  1.2000e-05
10.000  23.250  7.0000e-06
10.000  23.500  4.0000e-06
10.000  23.750  2.0000e-06
10.000  24.000  1.0000e-06
10.250  17.000  2.9000e-03
10.250  17.250  2.7800e-03
10.250  17.500  3.0500e-03
10.250  17.750  3.6300e-03
10.250  18.000  4.4100e-03
10.250  18.250  5.1900e-03
10.250  18.500  5.8900e-03
10.250  18.750  6.5600e-03
10.250  19.000  7.3800e-03
10.250  19.250  8.4780e-03
10.250  19.500  9.9720e-03
10.250  19.750  1.1733e-02
10.250  20.000  1.2388e-02
10.250  20.250  1.4100e-02
10.250  20.500  1.4780e-02
10.250  20.750  1.0933e-02
10.250  21.000  7.0120e-03
10.250  21.250  4.0160e-03
10.250  21.500  2.2150e-03
10.250  21.750  1.1010e-03
10.250  22.000  5.6500e-04
10.250  22.250  2.8300e-04
10.250  22.500  1.2200e-04
10.250  22.750  5.4000e-05
10.250  23.000  2.5000e-05
10.250  23.250  1.2000e-05
10.250  23.500  6.0000e-06
10.250  23.750  4.0000e-06
10.250  24.000  2.0000e-06
10.500  17.000  3.1600e-03
10.500  17.250  2.7900e-03
10.500  17.500  2.7900e-03
10.500  17.750  3.2300e-03
10.500  18.000  3.9500e-03
10.500  18.250  4.7500e-03
10.500  18.500  5.4800e-03
10.500  18.750  6.1200e-03
10.500  19.000  6.7600e-03
10.500  19.250  7.5910e-03
10.500  19.500  8.7300e-03
10.500  19.750  1.0283e-02
10.500  20.000  1.1886e-02
10.500  20.250  1.2621e-02
10.500  20.500  1.4238e-02
10.500  20.750  1.4824e-02
10.500  21.000  1.0924e-02
10.500  21.250  7.0130e-03
10.500  21.500  4.0170e-03
10.500  21.750  2.2150e-03
10.500  22.000  1.1010e-03
10.500  22.250  5.6500e-04
10.500  22.500  2.8300e-04
10.500  22.750  1.2200e-04
10.500  23.000  5.4000e-05
10.500  23.250  2.5000e-05
10.500  23.500  1.2000e-05
10.500  23.750  7.0000e-06
10.500  24.000  3.0000e-06
10.750  17.000  3.6900e-03
10.750  17.250  3.1000e-03
10.750  17.500  2.8600e-03
10.750  17.750  3.0400e-03
10.750  18.000  3.5900e-03
10.750  18.250  4.3000e-03
10.750  18.500  5.0100e-03
10.750  18.750  5.6700e-03
10.750  19.000  6.2600e-03
10.750  19.250  6.9100e-03
10.750  19.500  7.8040e-03
10.750  19.750  9.0240e-03
10.750  20.000  1.0619e-02
10.750  20.250  1.2271e-02
10.750  20.500  1.3138e-02
10.750  20.750  1.4684e-02
10.750  21.000  1.4951e-02
10.750  21.250  1.0921e-02
10.750  21.500  7.0130e-03
10.750  21.750  4.0170e-03
10.750  22.000  2.2150e-03
10.750  22.250  1.1000e-03
10.750  22.500  5.6600e-04
10.750  22.750  2.8400e-04
10.750  23.000  1.2200e-04
10.750  23.250  5.4000e-05
10.750  23.500  2.5000e-05
10.750  23.750  1.2000e-05
10.750  24.000  7.0000e-06
11.000  17.000  4.4600e-03
11.000  17.250  3.6900e-03
11.000  17.500  3.2600e-03
11.000  17.750  3.2100e-03
11.000  18.000  3.4900e-03
11.000  18.250  3.9600e-03
11.000  18.500  4.5500e-03
11.000  18.750  5.1600e-03
11.000  19.000  5.7500e-03
11.000  19.250  6.3400e-03
11.000  19.500  7.0800e-03
11.000  19.750  8.0850e-03
11.000  20.000  9.4020e-03
11.000  20.250  1.1228e-02
11.000  20.500  1.3170e-02
11.000  20.750  1.4015e-02
11.000  21.000  1.5532e-02
11.000  21.250  1.5212e-02
11.000  21.500  1.0936e-02
11.000  21.750  7.0120e-03
11.000  22.000  4.0180e-03
11.000  22.250  2.2150e-03
11.000  22.500  1.1000e-03
11.000  22.750  5.6600e-04
11.000  23.000  2.8300e-04
11.000  23.250  1.2200e-04
11.000  23.500  5.4000e-05
11.000  23.750  2.5000e-05
11.000  24.000  1.3000e-05
11.250  17.000  5.5100e-03
11.250  17.250  4.5200e-03
11.250  17.500  3.9500e-03
11.250  17.750  3.7400e-03
11.250  18.000  3.7600e-03
11.250  18.250  3.8900e-03
11.250  18.500  4.1800e-03
11.250  18.750  4.7000e-03
11.250  19.000  5.2300e-03
11.250  19.250  5.7900e-03
11.250  19.500  6.4600e-03
11.250  19.750  7.3400e-03
11.250  20.000  8.5080e-03
11.250  20.250  9.9880e-03
11.250  20.500  1.1852e-02
11.250  20.750  1.4051e-02
11.250  21.000  1.5403e-02
11.250  21.250  1.6949e-02
11.250  21.500  1.5668e-02
11.250  21.750  1.0982e-02
11.250  22.000  7.0090e-03
11.250  22.250  4.0180e-03
11.250  22.500  2.2150e-03
11.250  22.750  1.1000e-03
11.250  23.000  5.6600e-04
11.250  23.250  2.8300e-04
11.250  23.500  1.2200e-04
11.250  23.750  5.4000e-05
11.250  24.000  2.5000e-05
11.500  17.000  6.9100e-03
11.500  17.250  5.6600e-03
11.500  17.500  4.9200e-03
11.500  17.750  4.5900e-03
11.500  18.000  4.4000e-03
11.500  18.250  4.2100e-03
11.500  18.500  4.1400e-03
11.500  18.750  4.3600e-03
11.500  19.000  4.7700e-03
11.500  19.250  5.2900e-03
11.500  19.500  5.8800e-03
11.500  19.750  6.6700e-03
11.500  20.000  7.7600e-03
11.500  20.250  9.1390e-03
11.500  20.500  1.0824e-02
11.500  20.750  1.3021e-02
11.500  21.000  1.5693e-02
11.500  21.250  1.7582e-02
11.500  21.500  1.9227e-02
11.500  21.750  1.6176e-02
11.500  22.000  1.1074e-02
11.500  22.250  7.0060e-03
11.500  22.500  4.0190e-03
11.500  22.750  2.2160e-03
11.500  23.000  1.0990e-03
11.500  23.250  5.6600e-04
11.500  23.500  2.8400e-04
11.500  23.750  1.2200e-04
11.500  24.000  5.4000e-05
11.750  17.000  8.7900e-03
11.750  17.250  7.1700e-03
11.750  17.500  6.2100e-03
11.750  17.750  5.7200e-03
11.750  18.000  5.3500e-03
11.750  18.250  4.8800e-03
11.750  18.500  4.5000e-03
11.750  18.750  4.3100e-03
11.750  19.000  4.4600e-03
11.750  19.250  4.8500e-03
11.750  19.500  5.3700e-03
11.750  19.750  6.0700e-03
11.750  20.000  7.0600e-03
11.750  20.250  8.3700e-03
11.750  20.500  1.0015e-02
11.750  20.750  1.1978e-02
11.750  21.000  1.4632e-02
11.750  21.250  1.8269e-02
11.750  21.500  2.0771e-02
11.750  21.750  2.2047e-02
11.750  22.000  1.6736e-02
11.750  22.250  1.1205e-02
11.750  22.500  7.0060e-03
11.750  22.750  4.0190e-03
11.750  23.000  2.2180e-03
11.750  23.250  1.0990e-03
11.750  23.500  5.6600e-04
11.750  23.750  2.8400e-04
11.750  24.000  1.2200e-04
12.000  17.000  1.1330e-02
12.000  17.250  9.1500e-03
12.000  17.500  7.8500e-03
12.000  17.750  7.1100e-03
12.000  18.000  6.4900e-03
12.000  18.250  5.8400e-03
12.000  18.500  5.2300e-03
12.000  18.750  4.7100e-03
12.000  19.000  4.4600e-03
12.000  19.250  4.5700e-03
12.000  19.500  4.9700e-03
12.000  19.750  5.5400e-03
12.000  20.000  6.4100e-03
12.000  20.250  7.6400e-03
12.000  20.500  9.2440e-03
12.000  20.750  1.1212e-02
12.000  21.000  1.3793e-02
12.000  21.250  1.7420e-02
12.000  21.500  2.2043e-02
12.000  21.750  2.4910e-02
12.000  22.000  2.4394e-02
12.000  22.250  1.7232e-02
12.000  22.500  1.1361e-02
12.000  22.750  7.0070e-03
12.000  23.000  4.0190e-03
12.000  23.250  2.2190e-03
12.000  23.500  1.0980e-03
12.000  23.750  5.6500e-04
12.000  24.000  2.8400e-04
12.250  17.000  1.4480e-02
12.250  17.250  1.1690e-02
12.250  17.500  9.8300e-03
12.250  17.750  8.6700e-03
12.250  18.000  7.8000e-03
12.250  18.250  7.0300e-03
12.250  18.500  6.2800e-03
12.250  18.750  5.5400e-03
12.250  19.000  4.9400e-03
12.250  19.250  4.6200e-03
12.250  19.500  4.7200e-03
12.250  19.750  5.1500e-03
12.250  20.000  5.8400e-03
12.250  20.250  6.9200e-03
12.250  20.500  8.4600e-03
12.250  20.750  1.0466e-02
12.250  21.000  1.3231e-02
12.250  21.250  1.6639e-02
12.250  21.500  2.1135e-02
12.250  21.750  2.6481e-02
12.250  22.000  2.9537e-02
12.250  22.250  2.5910e-02
12.250  22.500  1.7748e-02
12.250  22.750  1.1532e-02
12.250  23.000  7.0130e-03
12.250  23.250  4.0200e-03
12.250  23.500  2.2210e-03
12.250  23.750  1.0980e-03
12.250  24.000  5.6500e-04
12.500  17.000  1.7690e-02
12.500  17.250  1.4410e-02
12.500  17.500  1.2030e-02
12.500  17.750  1.0400e-02
12.500  18.000  9.2900e-03
12.500  18.250  8.4200e-03
12.500  18.500  7.5700e-03
12.500  18.750  6.7000e-03
12.500  19.000  5.8500e-03
12.500  19.250  5.1500e-03
12.500  19.500  4.7900e-03
12.500  19.750  4.9200e-03
12.500  20.000  5.4500e-03
12.500  20.250  6.3000e-03
12.500  20.500  7.6700e-03
12.500  20.750  9.7000e-03
12.500  21.000  1.2552e-02
12.500  21.250  1.6321e-02
12.500  21.500  2.0529e-02
12.500  21.750  2.6003e-02
12.500  22.000  3.2294e-02
12.500  22.250  3.3884e-02
12.500  22.500  2.7391e-02
12.500  22.750  1.8304e-02
12.500  23.000  1.1709e-02
12.500  23.250  7.0230e-03
12.500  23.500  4.0190e-03
12.500  23.750  2.2220e-03
12.500  24.000  1.0970e-03
12.750  17.000  1.8470e-02
12.750  17.250  1.7000e-02
12.750  17.500  1.4180e-02
12.750  17.750  1.2280e-02
12.750  18.000  1.1060e-02
12.750  18.250  1.0040e-02
12.750  18.500  9.0900e-03
12.750  18.750  8.1200e-03
12.750  19.000  7.0900e-03
12.750  19.250  6.1400e-03
12.750  19.500  5.3700e-03
12.750  19.750  5.0200e-03
12.750  20.000  5.2000e-03
12.750  20.250  5.8500e-03
12.750  20.500  6.9600e-03
12.750  20.750  8.7700e-03
12.750  21.000  1.1520e-02
12.750  21.250  1.5633e-02
12.750  21.500  2.0429e-02
12.750  21.750  2.5866e-02
12.750  22.000  3.2285e-02
12.750  22.250  3.8653e-02
12.750  22.500  3.7819e-02
12.750  22.750  2.8666e-02
12.750  23.000  1.8882e-02
12.750  23.250  1.1862e-02
12.750  23.500  7.0300e-03
12.750  23.750  4.0190e-03
12.750  24.000  2.2230e-03
13.000  17.000  1.0357e-02
13.000  17.250  1.2710e-02
13.000  17.500  1.5920e-02
13.000  17.750  1.4480e-02
13.000  18.000  1.3040e-02
13.000  18.250  1.1880e-02
13.000  18.500  1.0820e-02
13.000  18.750  9.7100e-03
13.000  19.000  8.5700e-03
13.000  19.250  7.4400e-03
13.000  19.500  6.3900e-03
13.000  19.750  5.6000e-03
13.000  20.000  5.2700e-03
13.000  20.250  5.5200e-03
13.000  20.500  6.4400e-03
13.000  20.750  7.9100e-03
13.000  21.000  1.0540e-02
13.000  21.250  1.4400e-02
13.000  21.500  1.9258e-02
13.000  21.750  2.5962e-02
13.000  22.000  3.2545e-02
13.000  22.250  3.8278e-02
13.000  22.500  4.3967e-02
13.000  22.750  4.1185e-02
13.000  23.000  3.0073e-02
13.000  23.250  1.9419e-02
13.000  23.500  1.2008e-02
13.000  23.750  7.0440e-03
13.000  24.000  4.0190e-03
13.250  17.000  1.0593e-02
13.250  17.250  1.1513e-02
13.250  17.500  1.3823e-02
13.250  17.750  1.5155e-02
13.250  18.000  1.5360e-02
13.250  18.250  1.3960e-02
13.250  18.500  1.2680e-02
13.250  18.750  1.1470e-02
13.250  19.000  1.0190e-02
13.250  19.250  8.9300e-03
13.250  19.500  7.7200e-03
13.250  19.750  6.6500e-03
13.250  20.000  5.8900e-03
13.250  20.250  5.6000e-03
13.250  20.500  5.9600e-03
13.250  20.750  7.0900e-03
13.250  21.000  9.1100e-03
13.250  21.250  1.2490e-02
13.250  21.500  1.6910e-02
13.250  21.750  2.3949e-02
13.250  22.000  3.0469e-02
13.250  22.250  3.6867e-02
13.250  22.500  4.4053e-02
13.250  22.750  4.8297e-02
13.250  23.000  4.4370e-02
13.250  23.250  3.1196e-02
13.250  23.500  1.9847e-02
13.250  23.750  1.2131e-02
13.250  24.000  7.0630e-03
13.500  17.000  1.0817e-02
13.500  17.250  1.1528e-02
13.500  17.500  1.3803e-02
13.500  17.750  1.6010e-02
13.500  18.000  1.6710e-02
13.500  18.250  1.6270e-02
13.500  18.500  1.4760e-02
13.500  18.750  1.3350e-02
13.500  19.000  1.1950e-02
13.500  19.250  1.0590e-02
13.500  19.500  9.2100e-03
13.500  19.750  7.9900e-03
13.500  20.000  6.9800e-03
13.500  20.250  6.2800e-03
13.500  20.500  6.0700e-03
13.500  20.750  6.5000e-03
13.500  21.000  7.6800e-03
13.500  21.250  1.0270e-02
13.500  21.500  1.3530e-02
13.500  21.750  1.8025e-02
13.500  22.000  2.4729e-02
13.500  22.250  3.3597e-02
13.500  22.500  4.2233e-02
13.500  22.750  4.9170e-02
13.500  23.000  5.2040e-02
13.500  23.250  4.7433e-02
13.500  23.500  3.2332e-02
13.500  23.750  2.0474e-02
13.500  24.000  1.2232e-02
13.750  17.000  1.0856e-02
13.750  17.250  1.2124e-02
13.750  17.500  1.4130e-02
13.750  17.750  1.5627e-02
13.750  18.000  1.7937e-02
13.750  18.250  1.7775e-02
13.750  18.500  1.6911e-02
13.750  18.750  1.5360e-02
13.750  19.000  1.3800e-02
13.750  19.250  1.2290e-02
13.750  19.500  1.0820e-02
13.750  19.750  9.4800e-03
13.750  20.000  8.3300e-03
13.750  20.250  7.4400e-03
13.750  20.500  6.9100e-03
13.750  20.750  6.8500e-03
13.750  21.000  7.3900e-03
13.750  21.250  8.6800e-03
13.750  21.500  1.0890e-02
13.750  21.750  1.4250e-02
13.750  22.000  1.9493e-02
13.750  22.250  2.7605e-02
13.750  22.500  3.8813e-02
13.750  22.750  4.9888e-02
13.750  23.000  5.5405e-02
13.750  23.250  5.7159e-02
13.750  23.500  5.0446e-02
13.750  23.750  3.3564e-02
13.750  24.000  2.0818e-02
14.000  17.000  1.0916e-02
14.000  17.250  1.2050e-02
14.000  17.500  1.4476e-02
14.000  17.750  1.5993e-02
14.000  18.000  1.7772e-02
14.000  18.250  1.9325e-02
14.000  18.500  1.8623e-02
14.000  18.750  1.7386e-02
14.000  19.000  1.5659e-02
14.000  19.250  1.4020e-02
14.000  19.500  1.2510e-02
14.000  19.750  1.1050e-02
14.000  20.000  9.8000e-03
14.000  20.250  8.7700e-03
14.000  20.500  8.1000e-03
14.000  20.750  7.8300e-03
14.000  21.000  8.0700e-03
14.000  21.250  8.9400e-03
14.000  21.500  1.0360e-02
14.000  21.750  1.2980e-02
14.000  22.000  1.7140e-02
14.000  22.250  2.3688e-02
14.000  22.500  3.3878e-02
14.000  22.750  4.9289e-02
14.000  23.000  5.9855e-02
14.000  23.250  6.4100e-02
14.000  23.500  6.3251e-02
14.000  23.750  5.3647e-02
14.000  24.000  3.4566e-02
