InwD 960.000A  relative to Inci 1215.00A scaled to 1215A.
Hden   Phi(H)  Eq_Width (A)
7.000  17.000  1.1919e-02
7.000  17.250  1.0818e-02
7.000  17.500  9.1100e-03
7.000  17.750  6.6580e-03
7.000  18.000  4.1280e-03
7.000  18.250  2.3970e-03
7.000  18.500  1.2420e-03
7.000  18.750  6.4300e-04
7.000  19.000  3.2400e-04
7.000  19.250  1.4000e-04
7.000  19.500  6.3000e-05
7.000  19.750  2.9000e-05
7.000  20.000  1.4000e-05
7.000  20.250  8.0000e-06
7.000  20.500  4.0000e-06
7.000  20.750  3.0000e-06
7.000  21.000  2.0000e-06
7.000  21.250  1.0000e-10
7.000  21.500  1.0000e-10
7.000  21.750  1.0000e-10
7.000  22.000  1.0000e-10
7.000  22.250  1.0000e-10
7.000  22.500  1.0000e-10
7.000  22.750  1.0000e-10
7.000  23.000  1.0000e-10
7.000  23.250  1.0000e-10
7.000  23.500  1.0000e-10
7.000  23.750  1.0000e-10
7.000  24.000  1.0000e-10
7.250  17.000  1.3634e-02
7.250  17.250  1.1072e-02
7.250  17.500  1.0557e-02
7.250  17.750  8.9900e-03
7.250  18.000  6.6000e-03
7.250  18.250  4.0950e-03
7.250  18.500  2.3800e-03
7.250  18.750  1.2370e-03
7.250  19.000  6.4100e-04
7.250  19.250  3.2200e-04
7.250  19.500  1.4000e-04
7.250  19.750  6.3000e-05
7.250  20.000  2.9000e-05
7.250  20.250  1.4000e-05
7.250  20.500  8.0000e-06
7.250  20.750  4.0000e-06
7.250  21.000  2.0000e-06
7.250  21.250  1.0000e-06
7.250  21.500  1.0000e-06
7.250  21.750  1.0000e-06
7.250  22.000  1.0000e-10
7.250  22.250  1.0000e-10
7.250  22.500  1.0000e-10
7.250  22.750  1.0000e-10
7.250  23.000  1.0000e-10
7.250  23.250  1.0000e-10
7.250  23.500  1.0000e-10
7.250  23.750  1.0000e-10
7.250  24.000  1.0000e-10
7.500  17.000  1.1559e-02
7.500  17.250  1.1813e-02
7.500  17.500  1.0367e-02
7.500  17.750  1.0410e-02
7.500  18.000  8.9300e-03
7.500  18.250  6.5700e-03
7.500  18.500  4.0750e-03
7.500  18.750  2.3700e-03
7.500  19.000  1.2330e-03
7.500  19.250  6.3900e-04
7.500  19.500  3.2300e-04
7.500  19.750  1.4000e-04
7.500  20.000  6.3000e-05
7.500  20.250  2.9000e-05
7.500  20.500  1.4000e-05
7.500  20.750  8.0000e-06
7.500  21.000  4.0000e-06
7.500  21.250  2.0000e-06
7.500  21.500  1.0000e-06
7.500  21.750  1.0000e-06
7.500  22.000  1.0000e-06
7.500  22.250  1.0000e-10
7.500  22.500  1.0000e-10
7.500  22.750  1.0000e-10
7.500  23.000  1.0000e-06
7.500  23.250  1.0000e-10
7.500  23.500  1.0000e-10
7.500  23.750  1.0000e-10
7.500  24.000  1.0000e-10
7.750  17.000  9.7450e-03
7.750  17.250  9.5270e-03
7.750  17.500  1.0201e-02
7.750  17.750  9.8060e-03
7.750  18.000  1.0331e-02
7.750  18.250  8.9080e-03
7.750  18.500  6.5610e-03
7.750  18.750  4.0640e-03
7.750  19.000  2.3640e-03
7.750  19.250  1.2300e-03
7.750  19.500  6.3800e-04
7.750  19.750  3.2200e-04
7.750  20.000  1.4000e-04
7.750  20.250  6.3000e-05
7.750  20.500  2.9000e-05
7.750  20.750  1.4000e-05
7.750  21.000  7.0000e-06
7.750  21.250  4.0000e-06
7.750  21.500  2.0000e-06
7.750  21.750  1.0000e-06
7.750  22.000  1.0000e-06
7.750  22.250  1.0000e-06
7.750  22.500  1.0000e-06
7.750  22.750  1.0000e-10
7.750  23.000  1.0000e-10
7.750  23.250  1.0000e-10
7.750  23.500  1.0000e-10
7.750  23.750  1.0000e-10
7.750  24.000  1.0000e-10
8.000  17.000  7.6521e-03
8.000  17.250  7.5810e-03
8.000  17.500  7.8480e-03
8.000  17.750  8.8680e-03
8.000  18.000  9.3810e-03
8.000  18.250  1.0290e-02
8.000  18.500  8.9110e-03
8.000  18.750  6.5660e-03
8.000  19.000  4.0590e-03
8.000  19.250  2.3600e-03
8.000  19.500  1.2290e-03
8.000  19.750  6.3800e-04
8.000  20.000  3.2200e-04
8.000  20.250  1.4000e-04
8.000  20.500  6.2000e-05
8.000  20.750  2.9000e-05
8.000  21.000  1.4000e-05
8.000  21.250  7.0000e-06
8.000  21.500  4.0000e-06
8.000  21.750  2.0000e-06
8.000  22.000  1.0000e-06
8.000  22.250  1.0000e-06
8.000  22.500  1.0000e-10
8.000  22.750  1.0000e-10
8.000  23.000  1.0000e-10
8.000  23.250  1.0000e-10
8.000  23.500  1.0000e-10
8.000  23.750  1.0000e-10
8.000  24.000  1.0000e-10
8.250  17.000  5.8421e-03
8.250  17.250  5.8422e-03
8.250  17.500  6.1160e-03
8.250  17.750  6.7330e-03
8.250  18.000  8.0090e-03
8.250  18.250  9.0980e-03
8.250  18.500  1.0269e-02
8.250  18.750  8.9310e-03
8.250  19.000  6.5790e-03
8.250  19.250  4.0580e-03
8.250  19.500  2.3580e-03
8.250  19.750  1.2280e-03
8.250  20.000  6.3800e-04
8.250  20.250  3.2200e-04
8.250  20.500  1.4000e-04
8.250  20.750  6.2000e-05
8.250  21.000  2.9000e-05
8.250  21.250  1.4000e-05
8.250  21.500  7.0000e-06
8.250  21.750  4.0000e-06
8.250  22.000  2.0000e-06
8.250  22.250  1.0000e-06
8.250  22.500  1.0000e-06
8.250  22.750  1.0000e-06
8.250  23.000  1.0000e-10
8.250  23.250  1.0000e-10
8.250  23.500  1.0000e-10
8.250  23.750  1.0000e-10
8.250  24.000  1.0000e-10
8.500  17.000  4.3877e-03
8.500  17.250  4.4114e-03
8.500  17.500  4.6563e-03
8.500  17.750  5.1390e-03
8.500  18.000  6.0140e-03
8.500  18.250  7.4570e-03
8.500  18.500  8.9030e-03
8.500  18.750  1.0260e-02
8.500  19.000  8.9630e-03
8.500  19.250  6.5990e-03
8.500  19.500  4.0590e-03
8.500  19.750  2.3570e-03
8.500  20.000  1.2270e-03
8.500  20.250  6.3700e-04
8.500  20.500  3.2200e-04
8.500  20.750  1.4000e-04
8.500  21.000  6.2000e-05
8.500  21.250  2.9000e-05
8.500  21.500  1.4000e-05
8.500  21.750  7.0000e-06
8.500  22.000  4.0000e-06
8.500  22.250  2.0000e-06
8.500  22.500  1.0000e-06
8.500  22.750  1.0000e-10
8.500  23.000  1.0000e-10
8.500  23.250  1.0000e-10
8.500  23.500  1.0000e-10
8.500  23.750  1.0000e-10
8.500  24.000  1.0000e-10
8.750  17.000  3.3251e-03
8.750  17.250  3.3387e-03
8.750  17.500  3.5302e-03
8.750  17.750  3.9192e-03
8.750  18.000  4.5870e-03
8.750  18.250  5.5890e-03
8.750  18.500  7.1160e-03
8.750  18.750  8.7810e-03
8.750  19.000  1.0253e-02
8.750  19.250  9.0020e-03
8.750  19.500  6.6220e-03
8.750  19.750  4.0610e-03
8.750  20.000  2.3560e-03
8.750  20.250  1.2270e-03
8.750  20.500  6.3700e-04
8.750  20.750  3.2200e-04
8.750  21.000  1.4000e-04
8.750  21.250  6.2000e-05
8.750  21.500  2.9000e-05
8.750  21.750  1.4000e-05
8.750  22.000  8.0000e-06
8.750  22.250  4.0000e-06
8.750  22.500  2.0000e-06
8.750  22.750  1.0000e-06
8.750  23.000  1.0000e-06
8.750  23.250  1.0000e-10
8.750  23.500  1.0000e-10
8.750  23.750  1.0000e-10
8.750  24.000  1.0000e-10
9.000  17.000  2.5799e-03
9.000  17.250  2.5857e-03
9.000  17.500  2.7255e-03
9.000  17.750  3.0205e-03
9.000  18.000  3.5173e-03
9.000  18.250  4.2700e-03
9.000  18.500  5.3490e-03
9.000  18.750  6.9310e-03
9.000  19.000  8.6900e-03
9.000  19.250  1.0242e-02
9.000  19.500  9.0410e-03
9.000  19.750  6.6470e-03
9.000  20.000  4.0640e-03
9.000  20.250  2.3560e-03
9.000  20.500  1.2260e-03
9.000  20.750  6.3700e-04
9.000  21.000  3.2100e-04
9.000  21.250  1.4000e-04
9.000  21.500  6.2000e-05
9.000  21.750  2.9000e-05
9.000  22.000  1.4000e-05
9.000  22.250  7.0000e-06
9.000  22.500  4.0000e-06
9.000  22.750  2.0000e-06
9.000  23.000  1.0000e-06
9.000  23.250  1.0000e-06
9.000  23.500  1.0000e-10
9.000  23.750  1.0000e-10
9.000  24.000  1.0000e-10
9.250  17.000  2.0595e-03
9.250  17.250  2.0583e-03
9.250  17.500  2.1751e-03
9.250  17.750  2.3970e-03
9.250  18.000  2.7598e-03
9.250  18.250  3.3155e-03
9.250  18.500  4.1150e-03
9.250  18.750  5.2330e-03
9.250  19.000  6.7650e-03
9.250  19.250  8.6130e-03
9.250  19.500  1.0222e-02
9.250  19.750  9.0750e-03
9.250  20.000  6.6720e-03
9.250  20.250  4.0670e-03
9.250  20.500  2.3550e-03
9.250  20.750  1.2260e-03
9.250  21.000  6.3700e-04
9.250  21.250  3.2200e-04
9.250  21.500  1.4000e-04
9.250  21.750  6.2000e-05
9.250  22.000  2.9000e-05
9.250  22.250  1.4000e-05
9.250  22.500  8.0000e-06
9.250  22.750  4.0000e-06
9.250  23.000  2.0000e-06
9.250  23.250  1.0000e-06
9.250  23.500  1.0000e-06
9.250  23.750  1.0000e-10
9.250  24.000  1.0000e-10
9.500  17.000  1.6862e-03
9.500  17.250  1.6764e-03
9.500  17.500  1.7865e-03
9.500  17.750  1.9802e-03
9.500  18.000  2.2576e-03
9.500  18.250  2.6600e-03
9.500  18.500  3.2464e-03
9.500  18.750  4.0680e-03
9.500  19.000  5.2050e-03
9.500  19.250  6.6310e-03
9.500  19.500  8.5350e-03
9.500  19.750  1.0193e-02
9.500  20.000  9.0980e-03
9.500  20.250  6.6940e-03
9.500  20.500  4.0700e-03
9.500  20.750  2.3550e-03
9.500  21.000  1.2260e-03
9.500  21.250  6.3700e-04
9.500  21.500  3.2100e-04
9.500  21.750  1.4000e-04
9.500  22.000  6.2000e-05
9.500  22.250  2.9000e-05
9.500  22.500  1.5000e-05
9.500  22.750  7.0000e-06
9.500  23.000  4.0000e-06
9.500  23.250  2.0000e-06
9.500  23.500  1.0000e-06
9.500  23.750  1.0000e-06
9.500  24.000  1.0000e-06
9.750  17.000  1.4357e-03
9.750  17.250  1.3892e-03
9.750  17.500  1.4874e-03
9.750  17.750  1.6792e-03
9.750  18.000  1.9307e-03
9.750  18.250  2.2440e-03
9.750  18.500  2.6601e-03
9.750  18.750  3.2470e-03
9.750  19.000  4.0770e-03
9.750  19.250  5.2170e-03
9.750  19.500  6.5210e-03
9.750  19.750  8.4500e-03
9.750  20.000  1.0156e-02
9.750  20.250  9.1060e-03
9.750  20.500  6.7110e-03
9.750  20.750  4.0720e-03
9.750  21.000  2.3550e-03
9.750  21.250  1.2260e-03
9.750  21.500  6.3700e-04
9.750  21.750  3.2100e-04
9.750  22.000  1.4000e-04
9.750  22.250  6.2000e-05
9.750  22.500  2.9000e-05
9.750  22.750  1.5000e-05
9.750  23.000  8.0000e-06
9.750  23.250  4.0000e-06
9.750  23.500  3.0000e-06
9.750  23.750  1.0000e-06
9.750  24.000  1.0000e-10
10.000  17.000  1.2908e-03
10.000  17.250  1.1885e-03
10.000  17.500  1.2461e-03
10.000  17.750  1.4302e-03
10.000  18.000  1.6900e-03
10.000  18.250  1.9754e-03
10.000  18.500  2.2857e-03
10.000  18.750  2.6916e-03
10.000  19.000  3.2790e-03
10.000  19.250  4.1060e-03
10.000  19.500  5.2490e-03
10.000  19.750  6.4590e-03
10.000  20.000  8.3650e-03
10.000  20.250  1.0118e-02
10.000  20.500  9.1060e-03
10.000  20.750  6.7240e-03
10.000  21.000  4.0740e-03
10.000  21.250  2.3550e-03
10.000  21.500  1.2250e-03
10.000  21.750  6.3700e-04
10.000  22.000  3.2100e-04
10.000  22.250  1.4000e-04
10.000  22.500  6.2000e-05
10.000  22.750  2.9000e-05
10.000  23.000  1.4000e-05
10.000  23.250  7.0000e-06
10.000  23.500  4.0000e-06
10.000  23.750  2.0000e-06
10.000  24.000  2.0000e-06
10.250  17.000  1.2645e-03
10.250  17.250  1.0842e-03
10.250  17.500  1.0769e-03
10.250  17.750  1.2232e-03
10.250  18.000  1.4781e-03
10.250  18.250  1.7596e-03
10.250  18.500  2.0335e-03
10.250  18.750  2.3331e-03
10.250  19.000  2.7460e-03
10.250  19.250  3.3520e-03
10.250  19.500  4.1820e-03
10.250  19.750  5.3120e-03
10.250  20.000  6.4620e-03
10.250  20.250  8.3440e-03
10.250  20.500  1.0093e-02
10.250  20.750  9.0960e-03
10.250  21.000  6.7320e-03
10.250  21.250  4.0740e-03
10.250  21.500  2.3550e-03
10.250  21.750  1.2250e-03
10.250  22.000  6.3700e-04
10.250  22.250  3.2100e-04
10.250  22.500  1.4000e-04
10.250  22.750  6.2000e-05
10.250  23.000  2.9000e-05
10.250  23.250  1.5000e-05
10.250  23.500  8.0000e-06
10.250  23.750  4.0000e-06
10.250  24.000  2.0000e-06
10.500  17.000  1.3327e-03
10.500  17.250  1.0958e-03
10.500  17.500  1.0089e-03
10.500  17.750  1.0929e-03
10.500  18.000  1.2989e-03
10.500  18.250  1.5585e-03
10.500  18.500  1.8233e-03
10.500  18.750  2.0838e-03
10.500  19.000  2.3849e-03
10.500  19.250  2.8120e-03
10.500  19.500  3.4350e-03
10.500  19.750  4.2910e-03
10.500  20.000  5.3930e-03
10.500  20.250  6.5700e-03
10.500  20.500  8.4320e-03
10.500  20.750  1.0140e-02
10.500  21.000  9.0840e-03
10.500  21.250  6.7350e-03
10.500  21.500  4.0740e-03
10.500  21.750  2.3550e-03
10.500  22.000  1.2250e-03
10.500  22.250  6.3700e-04
10.500  22.500  3.2100e-04
10.500  22.750  1.4000e-04
10.500  23.000  6.2000e-05
10.500  23.250  2.9000e-05
10.500  23.500  1.4000e-05
10.500  23.750  7.0000e-06
10.500  24.000  4.0000e-06
10.750  17.000  1.4752e-03
10.750  17.250  1.2056e-03
10.750  17.500  1.0685e-03
10.750  17.750  1.0779e-03
10.750  18.000  1.2003e-03
10.750  18.250  1.3907e-03
10.750  18.500  1.6269e-03
10.750  18.750  1.8743e-03
10.750  19.000  2.1326e-03
10.750  19.250  2.4564e-03
10.750  19.500  2.9260e-03
10.750  19.750  3.5970e-03
10.750  20.000  4.4530e-03
10.750  20.250  5.5990e-03
10.750  20.500  6.8430e-03
10.750  20.750  8.7310e-03
10.750  21.000  1.0281e-02
10.750  21.250  9.0780e-03
10.750  21.500  6.7350e-03
10.750  21.750  4.0740e-03
10.750  22.000  2.3550e-03
10.750  22.250  1.2250e-03
10.750  22.500  6.3700e-04
10.750  22.750  3.2100e-04
10.750  23.000  1.4000e-04
10.750  23.250  6.2000e-05
10.750  23.500  2.9000e-05
10.750  23.750  1.4000e-05
10.750  24.000  7.0000e-06
11.000  17.000  1.6820e-03
11.000  17.250  1.3911e-03
11.000  17.500  1.2324e-03
11.000  17.750  1.1948e-03
11.000  18.000  1.2242e-03
11.000  18.250  1.3059e-03
11.000  18.500  1.4660e-03
11.000  18.750  1.6803e-03
11.000  19.000  1.9167e-03
11.000  19.250  2.1923e-03
11.000  19.500  2.5660e-03
11.000  19.750  3.1060e-03
11.000  20.000  3.8370e-03
11.000  20.250  4.7430e-03
11.000  20.500  6.0540e-03
11.000  20.750  7.3510e-03
11.000  21.000  9.3270e-03
11.000  21.250  1.0578e-02
11.000  21.500  9.1000e-03
11.000  21.750  6.7300e-03
11.000  22.000  4.0720e-03
11.000  22.250  2.3550e-03
11.000  22.500  1.2240e-03
11.000  22.750  6.3700e-04
11.000  23.000  3.2200e-04
11.000  23.250  1.4000e-04
11.000  23.500  6.2000e-05
11.000  23.750  2.9000e-05
11.000  24.000  1.4000e-05
11.250  17.000  1.9438e-03
11.250  17.250  1.6353e-03
11.250  17.500  1.4695e-03
11.250  17.750  1.4142e-03
11.250  18.000  1.3773e-03
11.250  18.250  1.3466e-03
11.250  18.500  1.3824e-03
11.250  18.750  1.5192e-03
11.250  19.000  1.7202e-03
11.250  19.250  1.9620e-03
11.250  19.500  2.2808e-03
11.250  19.750  2.7390e-03
11.250  20.000  3.3770e-03
11.250  20.250  4.2040e-03
11.250  20.500  5.1600e-03
11.250  20.750  6.6080e-03
11.250  21.000  8.2030e-03
11.250  21.250  1.0354e-02
11.250  21.500  1.1102e-02
11.250  21.750  9.1710e-03
11.250  22.000  6.7230e-03
11.250  22.250  4.0690e-03
11.250  22.500  2.3550e-03
11.250  22.750  1.2240e-03
11.250  23.000  6.3700e-04
11.250  23.250  3.2200e-04
11.250  23.500  1.4000e-04
11.250  23.750  6.2000e-05
11.250  24.000  2.9000e-05
11.500  17.000  2.2516e-03
11.500  17.250  1.9320e-03
11.500  17.500  1.7607e-03
11.500  17.750  1.6960e-03
11.500  18.000  1.6215e-03
11.500  18.250  1.5121e-03
11.500  18.500  1.4258e-03
11.500  18.750  1.4360e-03
11.500  19.000  1.5612e-03
11.500  19.250  1.7606e-03
11.500  19.500  2.0301e-03
11.500  19.750  2.4237e-03
11.500  20.000  2.9940e-03
11.500  20.250  3.7610e-03
11.500  20.500  4.7130e-03
11.500  20.750  5.8390e-03
11.500  21.000  7.5710e-03
11.500  21.250  9.5790e-03
11.500  21.500  1.1998e-02
11.500  21.750  1.1717e-02
11.500  22.000  9.3120e-03
11.500  22.250  6.7150e-03
11.500  22.500  4.0650e-03
11.500  22.750  2.3540e-03
11.500  23.000  1.2240e-03
11.500  23.250  6.3700e-04
11.500  23.500  3.2200e-04
11.500  23.750  1.4000e-04
11.500  24.000  6.2000e-05
11.750  17.000  2.5728e-03
11.750  17.250  2.2608e-03
11.750  17.500  2.0894e-03
11.750  17.750  2.0109e-03
11.750  18.000  1.9106e-03
11.750  18.250  1.7624e-03
11.750  18.500  1.6023e-03
11.750  18.750  1.4847e-03
11.750  19.000  1.4795e-03
11.750  19.250  1.6034e-03
11.750  19.500  1.8164e-03
11.750  19.750  2.1388e-03
11.750  20.000  2.6383e-03
11.750  20.250  3.3490e-03
11.750  20.500  4.2760e-03
11.750  20.750  5.4030e-03
11.750  21.000  6.8110e-03
11.750  21.250  9.0880e-03
11.750  21.500  1.1648e-02
11.750  21.750  1.4114e-02
11.750  22.000  1.2420e-02
11.750  22.250  9.5210e-03
11.750  22.500  6.7110e-03
11.750  22.750  4.0620e-03
11.750  23.000  2.3550e-03
11.750  23.250  1.2230e-03
11.750  23.500  6.3700e-04
11.750  23.750  3.2200e-04
11.750  24.000  1.4000e-04
12.000  17.000  2.8340e-03
12.000  17.250  2.5734e-03
12.000  17.500  2.4144e-03
12.000  17.750  2.3222e-03
12.000  18.000  2.2079e-03
12.000  18.250  2.0544e-03
12.000  18.500  1.8711e-03
12.000  18.750  1.6780e-03
12.000  19.000  1.5373e-03
12.000  19.250  1.5236e-03
12.000  19.500  1.6555e-03
12.000  19.750  1.9010e-03
12.000  20.000  2.3070e-03
12.000  20.250  2.9469e-03
12.000  20.500  3.8320e-03
12.000  20.750  4.9600e-03
12.000  21.000  6.4260e-03
12.000  21.250  8.3860e-03
12.000  21.500  1.1346e-02
12.000  21.750  1.4410e-02
12.000  22.000  1.6145e-02
12.000  22.250  1.3089e-02
12.000  22.500  9.7800e-03
12.000  22.750  6.7150e-03
12.000  23.000  4.0570e-03
12.000  23.250  2.3550e-03
12.000  23.500  1.2230e-03
12.000  23.750  6.3700e-04
12.000  24.000  3.2200e-04
12.250  17.000  2.9260e-03
12.250  17.250  2.7737e-03
12.250  17.500  2.6602e-03
12.250  17.750  2.5843e-03
12.250  18.000  2.4929e-03
12.250  18.250  2.3646e-03
12.250  18.500  2.1874e-03
12.250  18.750  1.9688e-03
12.250  19.000  1.7446e-03
12.250  19.250  1.5844e-03
12.250  19.500  1.5740e-03
12.250  19.750  1.7260e-03
12.250  20.000  2.0271e-03
12.250  20.250  2.5536e-03
12.250  20.500  3.3687e-03
12.250  20.750  4.4900e-03
12.250  21.000  6.0360e-03
12.250  21.250  7.9610e-03
12.250  21.500  1.0545e-02
12.250  21.750  1.4159e-02
12.250  22.000  1.7616e-02
12.250  22.250  1.7798e-02
12.250  22.500  1.3815e-02
12.250  22.750  1.0076e-02
12.250  23.000  6.7300e-03
12.250  23.250  4.0530e-03
12.250  23.500  2.3550e-03
12.250  23.750  1.2220e-03
12.250  24.000  6.3600e-04
12.500  17.000  2.8608e-03
12.500  17.250  2.8015e-03
12.500  17.500  2.7705e-03
12.500  17.750  2.7647e-03
12.500  18.000  2.7396e-03
12.500  18.250  2.6595e-03
12.500  18.500  2.5119e-03
12.500  18.750  2.3006e-03
12.500  19.000  2.0482e-03
12.500  19.250  1.7979e-03
12.500  19.500  1.6307e-03
12.500  19.750  1.6347e-03
12.500  20.000  1.8280e-03
12.500  20.250  2.2130e-03
12.500  20.500  2.8989e-03
12.500  20.750  3.9811e-03
12.500  21.000  5.5420e-03
12.500  21.250  7.6380e-03
12.500  21.500  1.0070e-02
12.500  21.750  1.3380e-02
12.500  22.000  1.7799e-02
12.500  22.250  2.0869e-02
12.500  22.500  1.9503e-02
12.500  22.750  1.4606e-02
12.500  23.000  1.0397e-02
12.500  23.250  6.7570e-03
12.500  23.500  4.0490e-03
12.500  23.750  2.3550e-03
12.500  24.000  1.2210e-03
12.750  17.000  2.7248e-03
12.750  17.250  2.7520e-03
12.750  17.500  2.8009e-03
12.750  17.750  2.8646e-03
12.750  18.000  2.9101e-03
12.750  18.250  2.8989e-03
12.750  18.500  2.8041e-03
12.750  18.750  2.6272e-03
12.750  19.000  2.3839e-03
12.750  19.250  2.1076e-03
12.750  19.500  1.8427e-03
12.750  19.750  1.6791e-03
12.750  20.000  1.7054e-03
12.750  20.250  1.9556e-03
12.750  20.500  2.4736e-03
12.750  20.750  3.3930e-03
12.750  21.000  4.8576e-03
12.750  21.250  7.0570e-03
12.750  21.500  9.7680e-03
12.750  21.750  1.2917e-02
12.750  22.000  1.7009e-02
12.750  22.250  2.1872e-02
12.750  22.500  2.4109e-02
12.750  22.750  2.1095e-02
12.750  23.000  1.5480e-02
12.750  23.250  1.0693e-02
12.750  23.500  6.7790e-03
12.750  23.750  4.0480e-03
12.750  24.000  2.3550e-03
13.000  17.000  2.5798e-03
13.000  17.250  2.6978e-03
13.000  17.500  2.7846e-03
13.000  17.750  2.8857e-03
13.000  18.000  2.9840e-03
13.000  18.250  3.0419e-03
13.000  18.500  3.0191e-03
13.000  18.750  2.9012e-03
13.000  19.000  2.6990e-03
13.000  19.250  2.4371e-03
13.000  19.500  2.1480e-03
13.000  19.750  1.8841e-03
13.000  20.000  1.7289e-03
13.000  20.250  1.7855e-03
13.000  20.500  2.1461e-03
13.000  20.750  2.8273e-03
13.000  21.000  4.1352e-03
13.000  21.250  6.1535e-03
13.000  21.500  8.8260e-03
13.000  21.750  1.2593e-02
13.000  22.000  1.6471e-02
13.000  22.250  2.0621e-02
13.000  22.500  2.5667e-02
13.000  22.750  2.7269e-02
13.000  23.000  2.2868e-02
13.000  23.250  1.6321e-02
13.000  23.500  1.0988e-02
13.000  23.750  6.8230e-03
13.000  24.000  4.0500e-03
13.250  17.000  2.5194e-03
13.250  17.250  2.6204e-03
13.250  17.500  2.7292e-03
13.250  17.750  2.8476e-03
13.250  18.000  2.9816e-03
13.250  18.250  3.0937e-03
13.250  18.500  3.1384e-03
13.250  18.750  3.0893e-03
13.250  19.000  2.9500e-03
13.250  19.250  2.7355e-03
13.250  19.500  2.4707e-03
13.250  19.750  2.1875e-03
13.250  20.000  1.9330e-03
13.250  20.250  1.7887e-03
13.250  20.500  1.8775e-03
13.250  20.750  2.3174e-03
13.250  21.000  3.2316e-03
13.250  21.250  4.8793e-03
13.250  21.500  7.2305e-03
13.250  21.750  1.1002e-02
13.250  22.000  1.4990e-02
13.250  22.250  1.9021e-02
13.250  22.500  2.4320e-02
13.250  22.750  2.9301e-02
13.250  23.000  3.0554e-02
13.250  23.250  2.4415e-02
13.250  23.500  1.7053e-02
13.250  23.750  1.1252e-02
13.250  24.000  6.8830e-03
13.500  17.000  2.4598e-03
13.500  17.250  2.5528e-03
13.500  17.500  2.6639e-03
13.500  17.750  2.7831e-03
13.500  18.000  2.9272e-03
13.500  18.250  3.0724e-03
13.500  18.500  3.1693e-03
13.500  18.750  3.1852e-03
13.500  19.000  3.1140e-03
13.500  19.250  2.9631e-03
13.500  19.500  2.7487e-03
13.500  19.750  2.4951e-03
13.500  20.000  2.2331e-03
13.500  20.250  2.0025e-03
13.500  20.500  1.8770e-03
13.500  20.750  1.9828e-03
13.500  21.000  2.4366e-03
13.500  21.250  3.5723e-03
13.500  21.500  5.2547e-03
13.500  21.750  7.7708e-03
13.500  22.000  1.1617e-02
13.500  22.250  1.6758e-02
13.500  22.500  2.2201e-02
13.500  22.750  2.8070e-02
13.500  23.000  3.3049e-02
13.500  23.250  3.4016e-02
13.500  23.500  2.6011e-02
13.500  23.750  1.8045e-02
13.500  24.000  1.1491e-02
13.750  17.000  2.4013e-03
13.750  17.250  2.5057e-03
13.750  17.500  2.6033e-03
13.750  17.750  2.7081e-03
13.750  18.000  2.8507e-03
13.750  18.250  3.0068e-03
13.750  18.500  3.1349e-03
13.750  18.750  3.1995e-03
13.750  19.000  3.1906e-03
13.750  19.250  3.1092e-03
13.750  19.500  2.9616e-03
13.750  19.750  2.7629e-03
13.750  20.000  2.5367e-03
13.750  20.250  2.3118e-03
13.750  20.500  2.1250e-03
13.750  20.750  2.0430e-03
13.750  21.000  2.1743e-03
13.750  21.250  2.6639e-03
13.750  21.500  3.7030e-03
13.750  21.750  5.4743e-03
13.750  22.000  8.3578e-03
13.750  22.250  1.2912e-02
13.750  22.500  1.9360e-02
13.750  22.750  2.6698e-02
13.750  23.000  3.2851e-02
13.750  23.250  3.7812e-02
13.750  23.500  3.7681e-02
13.750  23.750  2.7775e-02
13.750  24.000  1.8701e-02
14.000  17.000  2.3565e-03
14.000  17.250  2.4567e-03
14.000  17.500  2.5576e-03
14.000  17.750  2.6439e-03
14.000  18.000  2.7709e-03
14.000  18.250  2.9239e-03
14.000  18.500  3.0633e-03
14.000  18.750  3.1573e-03
14.000  19.000  3.1936e-03
14.000  19.250  3.1725e-03
14.000  19.500  3.0963e-03
14.000  19.750  2.9675e-03
14.000  20.000  2.7984e-03
14.000  20.250  2.6129e-03
14.000  20.500  2.4454e-03
14.000  20.750  2.3312e-03
14.000  21.000  2.3331e-03
14.000  21.250  2.5680e-03
14.000  21.500  3.1238e-03
14.000  21.750  4.3265e-03
14.000  22.000  6.4392e-03
14.000  22.250  9.9506e-03
14.000  22.500  1.5611e-02
14.000  22.750  2.4183e-02
14.000  23.000  3.2502e-02
14.000  23.250  3.9295e-02
14.000  23.500  4.3534e-02
14.000  23.750  4.1575e-02
14.000  24.000  2.9355e-02
