InwT 910.000A  relative to Inci 1215.00A scaled to 1215A.
Hden   Phi(H)  Eq_Width (A)
 7.000	17.000	1.6380e-01
 7.000	17.250	9.3404e-02
 7.000	17.500	4.6382e-02
 7.000	17.750	2.5247e-02
 7.000	18.000	1.8694e-02
 7.000	18.250	1.5928e-02
 7.000	18.500	1.4812e-02
 7.000	18.750	1.4450e-02
 7.000	19.000	1.4273e-02
 7.000	19.250	1.4175e-02
 7.000	19.500	1.4131e-02
 7.000	19.750	1.4113e-02
 7.000	20.000	1.4104e-02
 7.000	20.250	1.4100e-02
 7.000	20.500	1.4099e-02
 7.000	20.750	1.4098e-02
 7.000	21.000	1.4097e-02
 7.000	21.250	1.4097e-02
 7.000	21.500	1.4097e-02
 7.000	21.750	1.4096e-02
 7.000	22.000	1.4096e-02
 7.000	22.250	1.4097e-02
 7.000	22.500	1.4096e-02
 7.000	22.750	1.4098e-02
 7.000	23.000	1.4098e-02
 7.000	23.250	1.4097e-02
 7.000	23.500	1.4098e-02
 7.000	23.750	1.4098e-02
 7.000	24.000	1.4098e-02
 7.250	17.000	2.3892e-01
 7.250	17.250	1.6334e-01
 7.250	17.500	9.3162e-02
 7.250	17.750	4.6174e-02
 7.250	18.000	2.5174e-02
 7.250	18.250	1.8670e-02
 7.250	18.500	1.5918e-02
 7.250	18.750	1.4809e-02
 7.250	19.000	1.4449e-02
 7.250	19.250	1.4273e-02
 7.250	19.500	1.4175e-02
 7.250	19.750	1.4131e-02
 7.250	20.000	1.4113e-02
 7.250	20.250	1.4104e-02
 7.250	20.500	1.4100e-02
 7.250	20.750	1.4098e-02
 7.250	21.000	1.4097e-02
 7.250	21.250	1.4097e-02
 7.250	21.500	1.4097e-02
 7.250	21.750	1.4097e-02
 7.250	22.000	1.4096e-02
 7.250	22.250	1.4096e-02
 7.250	22.500	1.4096e-02
 7.250	22.750	1.4096e-02
 7.250	23.000	1.4096e-02
 7.250	23.250	1.4096e-02
 7.250	23.500	1.4096e-02
 7.250	23.750	1.4096e-02
 7.250	24.000	1.4096e-02
 7.500	17.000	2.4911e-01
 7.500	17.250	2.3811e-01
 7.500	17.500	1.6302e-01
 7.500	17.750	9.3018e-02
 7.500	18.000	4.5980e-02
 7.500	18.250	2.5106e-02
 7.500	18.500	1.8653e-02
 7.500	18.750	1.5912e-02
 7.500	19.000	1.4806e-02
 7.500	19.250	1.4448e-02
 7.500	19.500	1.4272e-02
 7.500	19.750	1.4175e-02
 7.500	20.000	1.4131e-02
 7.500	20.250	1.4113e-02
 7.500	20.500	1.4104e-02
 7.500	20.750	1.4100e-02
 7.500	21.000	1.4098e-02
 7.500	21.250	1.4097e-02
 7.500	21.500	1.4097e-02
 7.500	21.750	1.4097e-02
 7.500	22.000	1.4096e-02
 7.500	22.250	1.4096e-02
 7.500	22.500	1.4096e-02
 7.500	22.750	1.4096e-02
 7.500	23.000	1.4096e-02
 7.500	23.250	1.4096e-02
 7.500	23.500	1.4098e-02
 7.500	23.750	1.4096e-02
 7.500	24.000	1.4096e-02
 7.750	17.000	2.5999e-01
 7.750	17.250	2.4823e-01
 7.750	17.500	2.3746e-01
 7.750	17.750	1.6288e-01
 7.750	18.000	9.2954e-02
 7.750	18.250	4.5796e-02
 7.750	18.500	2.5037e-02
 7.750	18.750	1.8638e-02
 7.750	19.000	1.5909e-02
 7.750	19.250	1.4805e-02
 7.750	19.500	1.4448e-02
 7.750	19.750	1.4272e-02
 7.750	20.000	1.4175e-02
 7.750	20.250	1.4131e-02
 7.750	20.500	1.4113e-02
 7.750	20.750	1.4104e-02
 7.750	21.000	1.4100e-02
 7.750	21.250	1.4098e-02
 7.750	21.500	1.4097e-02
 7.750	21.750	1.4097e-02
 7.750	22.000	1.4096e-02
 7.750	22.250	1.4096e-02
 7.750	22.500	1.4096e-02
 7.750	22.750	1.4096e-02
 7.750	23.000	1.4096e-02
 7.750	23.250	1.4096e-02
 7.750	23.500	1.4096e-02
 7.750	23.750	1.4096e-02
 7.750	24.000	1.4096e-02
 8.000	17.000	2.6821e-01
 8.000	17.250	2.5775e-01
 8.000	17.500	2.4629e-01
 8.000	17.750	2.3609e-01
 8.000	18.000	1.6284e-01
 8.000	18.250	9.2953e-02
 8.000	18.500	4.5611e-02
 8.000	18.750	2.4966e-02
 8.000	19.000	1.8626e-02
 8.000	19.250	1.5907e-02
 8.000	19.500	1.4804e-02
 8.000	19.750	1.4447e-02
 8.000	20.000	1.4272e-02
 8.000	20.250	1.4175e-02
 8.000	20.500	1.4131e-02
 8.000	20.750	1.4113e-02
 8.000	21.000	1.4104e-02
 8.000	21.250	1.4100e-02
 8.000	21.500	1.4098e-02
 8.000	21.750	1.4097e-02
 8.000	22.000	1.4097e-02
 8.000	22.250	1.4096e-02
 8.000	22.500	1.4096e-02
 8.000	22.750	1.4096e-02
 8.000	23.000	1.4096e-02
 8.000	23.250	1.4096e-02
 8.000	23.500	1.4096e-02
 8.000	23.750	1.4096e-02
 8.000	24.000	1.4096e-02
 8.250	17.000	2.7642e-01
 8.250	17.250	2.6698e-01
 8.250	17.500	2.5686e-01
 8.250	17.750	2.4552e-01
 8.250	18.000	2.3547e-01
 8.250	18.250	1.6293e-01
 8.250	18.500	9.2991e-02
 8.250	18.750	4.5419e-02
 8.250	19.000	2.4890e-02
 8.250	19.250	1.8614e-02
 8.250	19.500	1.5907e-02
 8.250	19.750	1.4804e-02
 8.250	20.000	1.4447e-02
 8.250	20.250	1.4272e-02
 8.250	20.500	1.4175e-02
 8.250	20.750	1.4131e-02
 8.250	21.000	1.4113e-02
 8.250	21.250	1.4104e-02
 8.250	21.500	1.4100e-02
 8.250	21.750	1.4098e-02
 8.250	22.000	1.4097e-02
 8.250	22.250	1.4097e-02
 8.250	22.500	1.4096e-02
 8.250	22.750	1.4097e-02
 8.250	23.000	1.4096e-02
 8.250	23.250	1.4096e-02
 8.250	23.500	1.4097e-02
 8.250	23.750	1.4096e-02
 8.250	24.000	1.4096e-02
 8.500	17.000	2.8349e-01
 8.500	17.250	2.7515e-01
 8.500	17.500	2.6600e-01
 8.500	17.750	2.5608e-01
 8.500	18.000	2.4512e-01
 8.500	18.250	2.3472e-01
 8.500	18.500	1.6308e-01
 8.500	18.750	9.3057e-02
 8.500	19.000	4.5208e-02
 8.500	19.250	2.4809e-02
 8.500	19.500	1.8603e-02
 8.500	19.750	1.5907e-02
 8.500	20.000	1.4805e-02
 8.500	20.250	1.4447e-02
 8.500	20.500	1.4272e-02
 8.500	20.750	1.4175e-02
 8.500	21.000	1.4131e-02
 8.500	21.250	1.4113e-02
 8.500	21.500	1.4104e-02
 8.500	21.750	1.4100e-02
 8.500	22.000	1.4098e-02
 8.500	22.250	1.4097e-02
 8.500	22.500	1.4097e-02
 8.500	22.750	1.4096e-02
 8.500	23.000	1.4096e-02
 8.500	23.250	1.4096e-02
 8.500	23.500	1.4096e-02
 8.500	23.750	1.4096e-02
 8.500	24.000	1.4096e-02
 8.750	17.000	2.9005e-01
 8.750	17.250	2.8210e-01
 8.750	17.500	2.7425e-01
 8.750	17.750	2.6543e-01
 8.750	18.000	2.5605e-01
 8.750	18.250	2.4508e-01
 8.750	18.500	2.3421e-01
 8.750	18.750	1.6334e-01
 8.750	19.000	9.3151e-02
 8.750	19.250	4.4987e-02
 8.750	19.500	2.4722e-02
 8.750	19.750	1.8592e-02
 8.750	20.000	1.5909e-02
 8.750	20.250	1.4805e-02
 8.750	20.500	1.4448e-02
 8.750	20.750	1.4272e-02
 8.750	21.000	1.4175e-02
 8.750	21.250	1.4131e-02
 8.750	21.500	1.4113e-02
 8.750	21.750	1.4104e-02
 8.750	22.000	1.4100e-02
 8.750	22.250	1.4098e-02
 8.750	22.500	1.4097e-02
 8.750	22.750	1.4097e-02
 8.750	23.000	1.4096e-02
 8.750	23.250	1.4096e-02
 8.750	23.500	1.4096e-02
 8.750	23.750	1.4096e-02
 8.750	24.000	1.4096e-02
 9.000	17.000	2.9657e-01
 9.000	17.250	2.8870e-01
 9.000	17.500	2.8134e-01
 9.000	17.750	2.7429e-01
 9.000	18.000	2.6637e-01
 9.000	18.250	2.5737e-01
 9.000	18.500	2.4643e-01
 9.000	18.750	2.3424e-01
 9.000	19.000	1.6370e-01
 9.000	19.250	9.3296e-02
 9.000	19.500	4.4773e-02
 9.000	19.750	2.4635e-02
 9.000	20.000	1.8583e-02
 9.000	20.250	1.5911e-02
 9.000	20.500	1.4806e-02
 9.000	20.750	1.4448e-02
 9.000	21.000	1.4272e-02
 9.000	21.250	1.4175e-02
 9.000	21.500	1.4131e-02
 9.000	21.750	1.4113e-02
 9.000	22.000	1.4104e-02
 9.000	22.250	1.4100e-02
 9.000	22.500	1.4098e-02
 9.000	22.750	1.4097e-02
 9.000	23.000	1.4097e-02
 9.000	23.250	1.4096e-02
 9.000	23.500	1.4096e-02
 9.000	23.750	1.4096e-02
 9.000	24.000	1.4096e-02
 9.250	17.000	3.0207e-01
 9.250	17.250	2.9484e-01
 9.250	17.500	2.8832e-01
 9.250	17.750	2.8260e-01
 9.250	18.000	2.7666e-01
 9.250	18.250	2.6941e-01
 9.250	18.500	2.6108e-01
 9.250	18.750	2.5069e-01
 9.250	19.000	2.3579e-01
 9.250	19.250	1.6428e-01
 9.250	19.500	9.3528e-02
 9.250	19.750	4.4600e-02
 9.250	20.000	2.4555e-02
 9.250	20.250	1.8575e-02
 9.250	20.500	1.5913e-02
 9.250	20.750	1.4807e-02
 9.250	21.000	1.4449e-02
 9.250	21.250	1.4272e-02
 9.250	21.500	1.4173e-02
 9.250	21.750	1.4130e-02
 9.250	22.000	1.4111e-02
 9.250	22.250	1.4103e-02
 9.250	22.500	1.4100e-02
 9.250	22.750	1.4098e-02
 9.250	23.000	1.4097e-02
 9.250	23.250	1.4097e-02
 9.250	23.500	1.4096e-02
 9.250	23.750	1.4096e-02
 9.250	24.000	1.4096e-02
 9.500	17.000	3.0637e-01
 9.500	17.250	3.0126e-01
 9.500	17.500	2.9600e-01
 9.500	17.750	2.9166e-01
 9.500	18.000	2.8670e-01
 9.500	18.250	2.8151e-01
 9.500	18.500	2.7526e-01
 9.500	18.750	2.6921e-01
 9.500	19.000	2.5980e-01
 9.500	19.250	2.4061e-01
 9.500	19.500	1.6530e-01
 9.500	19.750	9.3869e-02
 9.500	20.000	4.4497e-02
 9.500	20.250	2.4489e-02
 9.500	20.500	1.8571e-02
 9.500	20.750	1.5910e-02
 9.500	21.000	1.4805e-02
 9.500	21.250	1.4447e-02
 9.500	21.500	1.4271e-02
 9.500	21.750	1.4172e-02
 9.500	22.000	1.4129e-02
 9.500	22.250	1.4110e-02
 9.500	22.500	1.4102e-02
 9.500	22.750	1.4098e-02
 9.500	23.000	1.4096e-02
 9.500	23.250	1.4095e-02
 9.500	23.500	1.4094e-02
 9.500	23.750	1.4094e-02
 9.500	24.000	1.4094e-02
 9.750	17.000	3.0747e-01
 9.750	17.250	3.0723e-01
 9.750	17.500	3.0516e-01
 9.750	17.750	3.0246e-01
 9.750	18.000	2.9842e-01
 9.750	18.250	2.9403e-01
 9.750	18.500	2.9080e-01
 9.750	18.750	2.8859e-01
 9.750	19.000	2.8954e-01
 9.750	19.250	2.8218e-01
 9.750	19.500	2.5366e-01
 9.750	19.750	1.6718e-01
 9.750	20.000	9.4356e-02
 9.750	20.250	4.4488e-02
 9.750	20.500	2.4442e-02
 9.750	20.750	1.8570e-02
 9.750	21.000	1.5918e-02
 9.750	21.250	1.4806e-02
 9.750	21.500	1.4448e-02
 9.750	21.750	1.4271e-02
 9.750	22.000	1.4173e-02
 9.750	22.250	1.4129e-02
 9.750	22.500	1.4110e-02
 9.750	22.750	1.4102e-02
 9.750	23.000	1.4098e-02
 9.750	23.250	1.4096e-02
 9.750	23.500	1.4095e-02
 9.750	23.750	1.4094e-02
 9.750	24.000	1.4094e-02
10.000	17.000	2.8543e-01
10.000	17.250	3.1106e-01
10.000	17.500	3.1570e-01
10.000	17.750	3.1590e-01
10.000	18.000	3.1323e-01
10.000	18.250	3.0966e-01
10.000	18.500	3.0899e-01
10.000	18.750	3.1288e-01
10.000	19.000	3.2220e-01
10.000	19.250	3.3375e-01
10.000	19.500	3.2593e-01
10.000	19.750	2.7467e-01
10.000	20.000	1.7052e-01
10.000	20.250	9.5014e-02
10.000	20.500	4.4554e-02
10.000	20.750	2.4421e-02
10.000	21.000	1.8579e-02
10.000	21.250	1.5924e-02
10.000	21.500	1.4808e-02
10.000	21.750	1.4448e-02
10.000	22.000	1.4271e-02
10.000	22.250	1.4173e-02
10.000	22.500	1.4129e-02
10.000	22.750	1.4110e-02
10.000	23.000	1.4102e-02
10.000	23.250	1.4098e-02
10.000	23.500	1.4096e-02
10.000	23.750	1.4095e-02
10.000	24.000	1.4094e-02
10.250	17.000	2.8443e-01
10.250	17.250	2.9479e-01
10.250	17.500	3.2533e-01
10.250	17.750	3.3231e-01
10.250	18.000	3.3324e-01
10.250	18.250	3.3353e-01
10.250	18.500	3.3695e-01
10.250	18.750	3.4888e-01
10.250	19.000	3.6878e-01
10.250	19.250	3.9488e-01
10.250	19.500	4.0695e-01
10.250	19.750	3.8974e-01
10.250	20.000	3.1113e-01
10.250	20.250	1.7756e-01
10.250	20.500	9.6079e-02
10.250	20.750	4.4702e-02
10.250	21.000	2.4424e-02
10.250	21.250	1.8594e-02
10.250	21.500	1.5931e-02
10.250	21.750	1.4812e-02
10.250	22.000	1.4450e-02
10.250	22.250	1.4272e-02
10.250	22.500	1.4173e-02
10.250	22.750	1.4129e-02
10.250	23.000	1.4110e-02
10.250	23.250	1.4102e-02
10.250	23.500	1.4098e-02
10.250	23.750	1.4096e-02
10.250	24.000	1.4095e-02
10.500	17.000	2.8389e-01
10.500	17.250	2.9697e-01
10.500	17.500	3.1521e-01
10.500	17.750	3.5103e-01
10.500	18.000	3.6218e-01
10.500	18.250	3.7171e-01
10.500	18.500	3.8692e-01
10.500	18.750	4.1018e-01
10.500	19.000	4.4215e-01
10.500	19.250	4.7974e-01
10.500	19.500	5.1719e-01
10.500	19.750	5.1039e-01
10.500	20.000	4.6239e-01
10.500	20.250	3.4757e-01
10.500	20.500	1.8444e-01
10.500	20.750	9.7726e-02
10.500	21.000	4.4942e-02
10.500	21.250	2.4453e-02
10.500	21.500	1.8617e-02
10.500	21.750	1.5940e-02
10.500	22.000	1.4815e-02
10.500	22.250	1.4452e-02
10.500	22.500	1.4272e-02
10.500	22.750	1.4173e-02
10.500	23.000	1.4130e-02
10.500	23.250	1.4110e-02
10.500	23.500	1.4102e-02
10.500	23.750	1.4098e-02
10.500	24.000	1.4096e-02
10.750	17.000	2.8376e-01
10.750	17.250	3.0041e-01
10.750	17.500	3.2354e-01
10.750	17.750	3.6019e-01
10.750	18.000	4.0259e-01
10.750	18.250	4.3981e-01
10.750	18.500	4.7640e-01
10.750	18.750	5.1835e-01
10.750	19.000	5.6194e-01
10.750	19.250	6.0750e-01
10.750	19.500	6.5253e-01
10.750	19.750	6.9702e-01
10.750	20.000	6.5191e-01
10.750	20.250	5.1552e-01
10.750	20.500	3.7248e-01
10.750	20.750	1.9180e-01
10.750	21.000	9.9856e-02
10.750	21.250	4.5285e-02
10.750	21.500	2.4517e-02
10.750	21.750	1.8651e-02
10.750	22.000	1.5952e-02
10.750	22.250	1.4818e-02
10.750	22.500	1.4453e-02
10.750	22.750	1.4273e-02
10.750	23.000	1.4174e-02
10.750	23.250	1.4130e-02
10.750	23.500	1.4111e-02
10.750	23.750	1.4102e-02
10.750	24.000	1.4098e-02
11.000	17.000	2.8462e-01
11.000	17.250	3.0448e-01
11.000	17.500	3.3124e-01
11.000	17.750	3.8053e-01
11.000	18.000	4.5357e-01
11.000	18.250	5.3866e-01
11.000	18.500	6.2205e-01
11.000	18.750	6.9084e-01
11.000	19.000	7.4738e-01
11.000	19.250	7.9450e-01
11.000	19.500	8.3682e-01
11.000	19.750	8.8025e-01
11.000	20.000	9.2659e-01
11.000	20.250	7.7925e-01
11.000	20.500	6.0269e-01
11.000	20.750	3.9513e-01
11.000	21.000	1.9846e-01
11.000	21.250	1.0149e-01
11.000	21.500	4.5733e-02
11.000	21.750	2.4620e-02
11.000	22.000	1.8699e-02
11.000	22.250	1.5967e-02
11.000	22.500	1.4821e-02
11.000	22.750	1.4455e-02
11.000	23.000	1.4275e-02
11.000	23.250	1.4174e-02
11.000	23.500	1.4130e-02
11.000	23.750	1.4111e-02
11.000	24.000	1.4102e-02
11.250	17.000	2.8564e-01
11.250	17.250	3.0872e-01
11.250	17.500	3.4014e-01
11.250	17.750	4.0081e-01
11.250	18.000	5.1260e-01
11.250	18.250	6.6216e-01
11.250	18.500	8.0749e-01
11.250	18.750	9.2141e-01
11.250	19.000	9.9533e-01
11.250	19.250	1.0477e+00
11.250	19.500	1.0830e+00
11.250	19.750	1.1147e+00
11.250	20.000	1.1489e+00
11.250	20.250	1.1355e+00
11.250	20.500	9.1057e-01
11.250	20.750	6.5020e-01
11.250	21.000	4.0392e-01
11.250	21.250	1.9933e-01
11.250	21.500	1.0215e-01
11.250	21.750	4.6193e-02
11.250	22.000	2.4773e-02
11.250	22.250	1.8766e-02
11.250	22.500	1.5988e-02
11.250	22.750	1.4826e-02
11.250	23.000	1.4458e-02
11.250	23.250	1.4276e-02
11.250	23.500	1.4174e-02
11.250	23.750	1.4130e-02
11.250	24.000	1.4111e-02
11.500	17.000	2.8762e-01
11.500	17.250	3.1375e-01
11.500	17.500	3.5077e-01
11.500	17.750	4.2251e-01
11.500	18.000	5.6494e-01
11.500	18.250	7.8002e-01
11.500	18.500	9.9961e-01
11.500	18.750	1.1712e+00
11.500	19.000	1.2846e+00
11.500	19.250	1.3438e+00
11.500	19.500	1.3730e+00
11.500	19.750	1.3966e+00
11.500	20.000	1.4161e+00
11.500	20.250	1.4391e+00
11.500	20.500	1.3495e+00
11.500	20.750	1.0289e+00
11.500	21.000	6.9054e-01
11.500	21.250	4.0024e-01
11.500	21.500	1.9716e-01
11.500	21.750	1.0102e-01
11.500	22.000	4.6478e-02
11.500	22.250	2.4984e-02
11.500	22.500	1.8854e-02
11.500	22.750	1.6017e-02
11.500	23.000	1.4833e-02
11.500	23.250	1.4461e-02
11.500	23.500	1.4278e-02
11.500	23.750	1.4175e-02
11.500	24.000	1.4130e-02
11.750	17.000	2.8932e-01
11.750	17.250	3.1855e-01
11.750	17.500	3.6183e-01
11.750	17.750	4.4328e-01
11.750	18.000	6.0048e-01
11.750	18.250	8.5608e-01
11.750	18.500	1.1513e+00
11.750	18.750	1.3930e+00
11.750	19.000	1.5563e+00
11.750	19.250	1.6434e+00
11.750	19.500	1.6770e+00
11.750	19.750	1.6860e+00
11.750	20.000	1.6937e+00
11.750	20.250	1.7072e+00
11.750	20.500	1.7239e+00
11.750	20.750	1.5885e+00
11.750	21.000	1.1231e+00
11.750	21.250	7.0493e-01
11.750	21.500	3.9070e-01
11.750	21.750	1.9382e-01
11.750	22.000	9.8419e-02
11.750	22.250	4.6446e-02
11.750	22.500	2.5235e-02
11.750	22.750	1.8967e-02
11.750	23.000	1.6057e-02
11.750	23.250	1.4842e-02
11.750	23.500	1.4465e-02
11.750	23.750	1.4279e-02
11.750	24.000	1.4176e-02
12.000	17.000	2.9130e-01
12.000	17.250	3.2416e-01
12.000	17.500	3.7159e-01
12.000	17.750	4.5969e-01
12.000	18.000	6.1854e-01
12.000	18.250	8.7460e-01
12.000	18.500	1.2075e+00
12.000	18.750	1.5263e+00
12.000	19.000	1.7551e+00
12.000	19.250	1.8920e+00
12.000	19.500	1.9521e+00
12.000	19.750	1.9542e+00
12.000	20.000	1.9452e+00
12.000	20.250	1.9463e+00
12.000	20.500	1.9577e+00
12.000	20.750	1.9759e+00
12.000	21.000	1.7873e+00
12.000	21.250	1.2036e+00
12.000	21.500	7.0960e-01
12.000	21.750	3.7209e-01
12.000	22.000	1.8708e-01
12.000	22.250	9.6338e-02
12.000	22.500	4.5967e-02
12.000	22.750	2.5473e-02
12.000	23.000	1.9097e-02
12.000	23.250	1.6108e-02
12.000	23.500	1.4854e-02
12.000	23.750	1.4470e-02
12.000	24.000	1.4281e-02
12.250	17.000	3.0231e-01
12.250	17.250	3.3359e-01
12.250	17.500	3.7861e-01
12.250	17.750	4.6962e-01
12.250	18.000	6.2258e-01
12.250	18.250	8.5370e-01
12.250	18.500	1.1681e+00
12.250	18.750	1.5210e+00
12.250	19.000	1.8198e+00
12.250	19.250	2.0224e+00
12.250	19.500	2.1355e+00
12.250	19.750	2.1706e+00
12.250	20.000	2.1521e+00
12.250	20.250	2.1345e+00
12.250	20.500	2.1353e+00
12.250	20.750	2.1513e+00
12.250	21.000	2.1825e+00
12.250	21.250	1.9389e+00
12.250	21.500	1.2609e+00
12.250	21.750	6.9120e-01
12.250	22.000	3.5322e-01
12.250	22.250	1.8046e-01
12.250	22.500	9.2197e-02
12.250	22.750	4.5105e-02
12.250	23.000	2.5695e-02
12.250	23.250	1.9224e-02
12.250	23.500	1.6161e-02
12.250	23.750	1.4867e-02
12.250	24.000	1.4476e-02
12.500	17.000	3.0834e-01
12.500	17.250	3.5476e-01
12.500	17.500	3.9701e-01
12.500	17.750	4.7519e-01
12.500	18.000	6.1824e-01
12.500	18.250	8.1624e-01
12.500	18.500	1.0811e+00
12.500	18.750	1.4020e+00
12.500	19.000	1.7336e+00
12.500	19.250	1.9909e+00
12.500	19.500	2.1661e+00
12.500	19.750	2.2659e+00
12.500	20.000	2.2888e+00
12.500	20.250	2.2662e+00
12.500	20.500	2.2502e+00
12.500	20.750	2.2628e+00
12.500	21.000	2.2955e+00
12.500	21.250	2.3629e+00
12.500	21.500	2.0349e+00
12.500	21.750	1.2566e+00
12.500	22.000	6.6932e-01
12.500	22.250	3.3495e-01
12.500	22.500	1.7309e-01
12.500	22.750	8.5950e-02
12.500	23.000	4.3936e-02
12.500	23.250	2.5842e-02
12.500	23.500	1.9339e-02
12.500	23.750	1.6213e-02
12.500	24.000	1.4878e-02
12.750	17.000	3.0602e-01
12.750	17.250	3.5651e-01
12.750	17.500	4.1590e-01
12.750	17.750	5.0500e-01
12.750	18.000	6.2218e-01
12.750	18.250	7.7832e-01
12.750	18.500	9.8827e-01
12.750	18.750	1.2424e+00
12.750	19.000	1.5286e+00
12.750	19.250	1.8138e+00
12.750	19.500	2.0313e+00
12.750	19.750	2.1953e+00
12.750	20.000	2.2906e+00
12.750	20.250	2.3279e+00
12.750	20.500	2.3097e+00
12.750	20.750	2.3140e+00
12.750	21.000	2.3419e+00
12.750	21.250	2.3897e+00
12.750	21.500	2.4114e+00
12.750	21.750	2.0502e+00
12.750	22.000	1.2253e+00
12.750	22.250	6.4207e-01
12.750	22.500	3.1809e-01
12.750	22.750	1.6437e-01
12.750	23.000	8.0876e-02
12.750	23.250	4.2664e-02
12.750	23.500	2.5904e-02
12.750	23.750	1.9435e-02
12.750	24.000	1.6258e-02
13.000	17.000	2.9446e-01
13.000	17.250	3.5100e-01
13.000	17.500	4.2413e-01
13.000	17.750	5.0431e-01
13.000	18.000	6.1258e-01
13.000	18.250	7.4675e-01
13.000	18.500	9.0861e-01
13.000	18.750	1.1014e+00
13.000	19.000	1.3180e+00
13.000	19.250	1.5516e+00
13.000	19.500	1.7819e+00
13.000	19.750	1.9737e+00
13.000	20.000	2.1342e+00
13.000	20.250	2.2463e+00
13.000	20.500	2.3070e+00
13.000	20.750	2.3170e+00
13.000	21.000	2.3397e+00
13.000	21.250	2.3825e+00
13.000	21.500	2.4076e+00
13.000	21.750	2.4258e+00
13.000	22.000	2.0164e+00
13.000	22.250	1.1621e+00
13.000	22.500	6.1126e-01
13.000	22.750	2.9880e-01
13.000	23.000	1.4936e-01
13.000	23.250	7.8532e-02
13.000	23.500	4.1208e-02
13.000	23.750	2.5847e-02
13.000	24.000	1.9497e-02
13.250	17.000	2.8229e-01
13.250	17.250	3.3566e-01
13.250	17.500	4.1829e-01
13.250	17.750	4.9907e-01
13.250	18.000	5.9424e-01
13.250	18.250	7.1013e-01
13.250	18.500	8.4291e-01
13.250	18.750	9.8799e-01
13.250	19.000	1.1480e+00
13.250	19.250	1.3180e+00
13.250	19.500	1.5001e+00
13.250	19.750	1.6872e+00
13.250	20.000	1.8684e+00
13.250	20.250	2.0311e+00
13.250	20.500	2.1669e+00
13.250	20.750	2.2468e+00
13.250	21.000	2.2938e+00
13.250	21.250	2.3130e+00
13.250	21.500	2.3330e+00
13.250	21.750	2.3389e+00
13.250	22.000	2.3598e+00
13.250	22.250	1.9150e+00
13.250	22.500	1.1190e+00
13.250	22.750	5.7346e-01
13.250	23.000	2.7837e-01
13.250	23.250	1.3926e-01
13.250	23.500	7.4121e-02
13.250	23.750	3.9838e-02
13.250	24.000	2.5719e-02
13.500	17.000	2.5992e-01
13.500	17.250	3.1797e-01
13.500	17.500	4.0364e-01
13.500	17.750	4.8220e-01
13.500	18.000	5.7175e-01
13.500	18.250	6.7244e-01
13.500	18.500	7.8665e-01
13.500	18.750	9.0583e-01
13.500	19.000	1.0279e+00
13.500	19.250	1.1525e+00
13.500	19.500	1.2858e+00
13.500	19.750	1.4320e+00
13.500	20.000	1.5929e+00
13.500	20.250	1.7693e+00
13.500	20.500	1.9338e+00
13.500	20.750	2.0625e+00
13.500	21.000	2.1326e+00
13.500	21.250	2.1812e+00
13.500	21.500	2.1804e+00
13.500	21.750	2.2072e+00
13.500	22.000	2.2158e+00
13.500	22.250	2.2274e+00
13.500	22.500	1.7860e+00
13.500	22.750	1.0484e+00
13.500	23.000	5.3183e-01
13.500	23.250	2.6101e-01
13.500	23.500	1.3067e-01
13.500	23.750	6.7431e-02
13.500	24.000	3.8522e-02
13.750	17.000	2.4600e-01
13.750	17.250	2.9348e-01
13.750	17.500	3.8161e-01
13.750	17.750	4.6061e-01
13.750	18.000	5.4503e-01
13.750	18.250	6.3665e-01
13.750	18.500	7.3522e-01
13.750	18.750	8.3931e-01
13.750	19.000	9.4453e-01
13.750	19.250	1.0459e+00
13.750	19.500	1.1465e+00
13.750	19.750	1.2551e+00
13.750	20.000	1.3824e+00
13.750	20.250	1.5300e+00
13.750	20.500	1.6951e+00
13.750	20.750	1.8545e+00
13.750	21.000	1.9705e+00
13.750	21.250	2.0184e+00
13.750	21.500	2.0264e+00
13.750	21.750	2.0327e+00
13.750	22.000	2.0493e+00
13.750	22.250	2.0726e+00
13.750	22.500	2.0745e+00
13.750	22.750	1.6265e+00
13.750	23.000	9.6595e-01
13.750	23.250	4.9162e-01
13.750	23.500	2.4122e-01
13.750	23.750	1.2257e-01
13.750	24.000	6.3630e-02
14.000	17.000	2.3516e-01
14.000	17.250	2.7859e-01
14.000	17.500	3.3545e-01
14.000	17.750	4.3523e-01
14.000	18.000	5.1537e-01
14.000	18.250	6.0055e-01
14.000	18.500	6.9068e-01
14.000	18.750	7.8384e-01
14.000	19.000	8.7790e-01
14.000	19.250	9.7077e-01
14.000	19.500	1.0584e+00
14.000	19.750	1.1455e+00
14.000	20.000	1.2399e+00
14.000	20.250	1.3538e+00
14.000	20.500	1.4939e+00
14.000	20.750	1.6513e+00
14.000	21.000	1.8016e+00
14.000	21.250	1.9083e+00
14.000	21.500	1.9259e+00
14.000	21.750	1.9132e+00
14.000	22.000	1.8971e+00
14.000	22.250	1.9145e+00
14.000	22.500	1.9447e+00
14.000	22.750	1.9239e+00
14.000	23.000	1.5022e+00
14.000	23.250	8.8856e-01
14.000	23.500	4.5282e-01
14.000	23.750	2.2445e-01
14.000	24.000	1.1389e-01
