nInu 2052.68A  relative to Inci 1215.00A scaled to 1215A.
Hden   Phi(H)  Eq_Width (A)
 7.000	17.000	9.3510e-01
 7.000	17.250	9.3511e-01
 7.000	17.500	9.3511e-01
 7.000	17.750	9.3511e-01
 7.000	18.000	9.3511e-01
 7.000	18.250	9.3511e-01
 7.000	18.500	9.3511e-01
 7.000	18.750	9.3511e-01
 7.000	19.000	9.3511e-01
 7.000	19.250	9.3511e-01
 7.000	19.500	9.3511e-01
 7.000	19.750	9.3511e-01
 7.000	20.000	9.3511e-01
 7.000	20.250	9.3511e-01
 7.000	20.500	9.3511e-01
 7.000	20.750	9.3511e-01
 7.000	21.000	9.3511e-01
 7.000	21.250	9.3511e-01
 7.000	21.500	9.3511e-01
 7.000	21.750	9.3511e-01
 7.000	22.000	9.3511e-01
 7.000	22.250	9.3511e-01
 7.000	22.500	9.3511e-01
 7.000	22.750	9.3511e-01
 7.000	23.000	9.3511e-01
 7.000	23.250	9.3511e-01
 7.000	23.500	9.3511e-01
 7.000	23.750	9.3511e-01
 7.000	24.000	9.3511e-01
 7.250	17.000	9.3143e-01
 7.250	17.250	9.3510e-01
 7.250	17.500	9.3511e-01
 7.250	17.750	9.3511e-01
 7.250	18.000	9.3511e-01
 7.250	18.250	9.3511e-01
 7.250	18.500	9.3511e-01
 7.250	18.750	9.3511e-01
 7.250	19.000	9.3511e-01
 7.250	19.250	9.3511e-01
 7.250	19.500	9.3511e-01
 7.250	19.750	9.3511e-01
 7.250	20.000	9.3511e-01
 7.250	20.250	9.3511e-01
 7.250	20.500	9.3511e-01
 7.250	20.750	9.3511e-01
 7.250	21.000	9.3511e-01
 7.250	21.250	9.3511e-01
 7.250	21.500	9.3511e-01
 7.250	21.750	9.3511e-01
 7.250	22.000	9.3511e-01
 7.250	22.250	9.3511e-01
 7.250	22.500	9.3511e-01
 7.250	22.750	9.3511e-01
 7.250	23.000	9.3511e-01
 7.250	23.250	9.3511e-01
 7.250	23.500	9.3511e-01
 7.250	23.750	9.3511e-01
 7.250	24.000	9.3511e-01
 7.500	17.000	9.2900e-01
 7.500	17.250	9.3141e-01
 7.500	17.500	9.3510e-01
 7.500	17.750	9.3511e-01
 7.500	18.000	9.3511e-01
 7.500	18.250	9.3511e-01
 7.500	18.500	9.3511e-01
 7.500	18.750	9.3511e-01
 7.500	19.000	9.3511e-01
 7.500	19.250	9.3511e-01
 7.500	19.500	9.3511e-01
 7.500	19.750	9.3511e-01
 7.500	20.000	9.3511e-01
 7.500	20.250	9.3511e-01
 7.500	20.500	9.3511e-01
 7.500	20.750	9.3511e-01
 7.500	21.000	9.3511e-01
 7.500	21.250	9.3511e-01
 7.500	21.500	9.3511e-01
 7.500	21.750	9.3511e-01
 7.500	22.000	9.3511e-01
 7.500	22.250	9.3511e-01
 7.500	22.500	9.3511e-01
 7.500	22.750	9.3511e-01
 7.500	23.000	9.3511e-01
 7.500	23.250	9.3511e-01
 7.500	23.500	9.3511e-01
 7.500	23.750	9.3511e-01
 7.500	24.000	9.3511e-01
 7.750	17.000	9.3038e-01
 7.750	17.250	9.2887e-01
 7.750	17.500	9.3140e-01
 7.750	17.750	9.3510e-01
 7.750	18.000	9.3511e-01
 7.750	18.250	9.3511e-01
 7.750	18.500	9.3511e-01
 7.750	18.750	9.3511e-01
 7.750	19.000	9.3511e-01
 7.750	19.250	9.3511e-01
 7.750	19.500	9.3511e-01
 7.750	19.750	9.3511e-01
 7.750	20.000	9.3511e-01
 7.750	20.250	9.3511e-01
 7.750	20.500	9.3511e-01
 7.750	20.750	9.3511e-01
 7.750	21.000	9.3511e-01
 7.750	21.250	9.3511e-01
 7.750	21.500	9.3511e-01
 7.750	21.750	9.3511e-01
 7.750	22.000	9.3511e-01
 7.750	22.250	9.3511e-01
 7.750	22.500	9.3511e-01
 7.750	22.750	9.3511e-01
 7.750	23.000	9.3511e-01
 7.750	23.250	9.3511e-01
 7.750	23.500	9.3511e-01
 7.750	23.750	9.3511e-01
 7.750	24.000	9.3511e-01
 8.000	17.000	9.3156e-01
 8.000	17.250	9.3020e-01
 8.000	17.500	9.2877e-01
 8.000	17.750	9.3138e-01
 8.000	18.000	9.3510e-01
 8.000	18.250	9.3511e-01
 8.000	18.500	9.3511e-01
 8.000	18.750	9.3511e-01
 8.000	19.000	9.3511e-01
 8.000	19.250	9.3511e-01
 8.000	19.500	9.3511e-01
 8.000	19.750	9.3511e-01
 8.000	20.000	9.3511e-01
 8.000	20.250	9.3511e-01
 8.000	20.500	9.3511e-01
 8.000	20.750	9.3511e-01
 8.000	21.000	9.3511e-01
 8.000	21.250	9.3511e-01
 8.000	21.500	9.3511e-01
 8.000	21.750	9.3511e-01
 8.000	22.000	9.3511e-01
 8.000	22.250	9.3511e-01
 8.000	22.500	9.3511e-01
 8.000	22.750	9.3511e-01
 8.000	23.000	9.3511e-01
 8.000	23.250	9.3511e-01
 8.000	23.500	9.3511e-01
 8.000	23.750	9.3511e-01
 8.000	24.000	9.3511e-01
 8.250	17.000	9.3239e-01
 8.250	17.250	9.3118e-01
 8.250	17.500	9.2979e-01
 8.250	17.750	9.2842e-01
 8.250	18.000	9.3137e-01
 8.250	18.250	9.3510e-01
 8.250	18.500	9.3511e-01
 8.250	18.750	9.3511e-01
 8.250	19.000	9.3511e-01
 8.250	19.250	9.3511e-01
 8.250	19.500	9.3511e-01
 8.250	19.750	9.3511e-01
 8.250	20.000	9.3511e-01
 8.250	20.250	9.3511e-01
 8.250	20.500	9.3511e-01
 8.250	20.750	9.3511e-01
 8.250	21.000	9.3511e-01
 8.250	21.250	9.3511e-01
 8.250	21.500	9.3511e-01
 8.250	21.750	9.3511e-01
 8.250	22.000	9.3511e-01
 8.250	22.250	9.3511e-01
 8.250	22.500	9.3511e-01
 8.250	22.750	9.3511e-01
 8.250	23.000	9.3511e-01
 8.250	23.250	9.3511e-01
 8.250	23.500	9.3511e-01
 8.250	23.750	9.3511e-01
 8.250	24.000	9.3511e-01
 8.500	17.000	9.3293e-01
 8.500	17.250	9.3188e-01
 8.500	17.500	9.3052e-01
 8.500	17.750	9.2907e-01
 8.500	18.000	9.2781e-01
 8.500	18.250	9.3139e-01
 8.500	18.500	9.3509e-01
 8.500	18.750	9.3511e-01
 8.500	19.000	9.3511e-01
 8.500	19.250	9.3511e-01
 8.500	19.500	9.3511e-01
 8.500	19.750	9.3511e-01
 8.500	20.000	9.3511e-01
 8.500	20.250	9.3511e-01
 8.500	20.500	9.3511e-01
 8.500	20.750	9.3511e-01
 8.500	21.000	9.3511e-01
 8.500	21.250	9.3511e-01
 8.500	21.500	9.3511e-01
 8.500	21.750	9.3511e-01
 8.500	22.000	9.3511e-01
 8.500	22.250	9.3511e-01
 8.500	22.500	9.3511e-01
 8.500	22.750	9.3511e-01
 8.500	23.000	9.3511e-01
 8.500	23.250	9.3511e-01
 8.500	23.500	9.3511e-01
 8.500	23.750	9.3511e-01
 8.500	24.000	9.3511e-01
 8.750	17.000	9.3321e-01
 8.750	17.250	9.3228e-01
 8.750	17.500	9.3098e-01
 8.750	17.750	9.2935e-01
 8.750	18.000	9.2776e-01
 8.750	18.250	9.2675e-01
 8.750	18.500	9.3143e-01
 8.750	18.750	9.3508e-01
 8.750	19.000	9.3510e-01
 8.750	19.250	9.3511e-01
 8.750	19.500	9.3511e-01
 8.750	19.750	9.3511e-01
 8.750	20.000	9.3511e-01
 8.750	20.250	9.3511e-01
 8.750	20.500	9.3511e-01
 8.750	20.750	9.3511e-01
 8.750	21.000	9.3511e-01
 8.750	21.250	9.3511e-01
 8.750	21.500	9.3511e-01
 8.750	21.750	9.3511e-01
 8.750	22.000	9.3511e-01
 8.750	22.250	9.3511e-01
 8.750	22.500	9.3511e-01
 8.750	22.750	9.3511e-01
 8.750	23.000	9.3511e-01
 8.750	23.250	9.3511e-01
 8.750	23.500	9.3511e-01
 8.750	23.750	9.3511e-01
 8.750	24.000	9.3511e-01
 9.000	17.000	9.3330e-01
 9.000	17.250	9.3241e-01
 9.000	17.500	9.3111e-01
 9.000	17.750	9.2931e-01
 9.000	18.000	9.2722e-01
 9.000	18.250	9.2550e-01
 9.000	18.500	9.2514e-01
 9.000	18.750	9.3139e-01
 9.000	19.000	9.3506e-01
 9.000	19.250	9.3510e-01
 9.000	19.500	9.3511e-01
 9.000	19.750	9.3511e-01
 9.000	20.000	9.3511e-01
 9.000	20.250	9.3511e-01
 9.000	20.500	9.3511e-01
 9.000	20.750	9.3511e-01
 9.000	21.000	9.3511e-01
 9.000	21.250	9.3511e-01
 9.000	21.500	9.3511e-01
 9.000	21.750	9.3511e-01
 9.000	22.000	9.3511e-01
 9.000	22.250	9.3511e-01
 9.000	22.500	9.3511e-01
 9.000	22.750	9.3511e-01
 9.000	23.000	9.3511e-01
 9.000	23.250	9.3511e-01
 9.000	23.500	9.3511e-01
 9.000	23.750	9.3511e-01
 9.000	24.000	9.3511e-01
 9.250	17.000	9.3328e-01
 9.250	17.250	9.3236e-01
 9.250	17.500	9.3098e-01
 9.250	17.750	9.2899e-01
 9.250	18.000	9.2638e-01
 9.250	18.250	9.2376e-01
 9.250	18.500	9.2219e-01
 9.250	18.750	9.2415e-01
 9.250	19.000	9.3133e-01
 9.250	19.250	9.3503e-01
 9.250	19.500	9.3509e-01
 9.250	19.750	9.3511e-01
 9.250	20.000	9.3511e-01
 9.250	20.250	9.3511e-01
 9.250	20.500	9.3511e-01
 9.250	20.750	9.3511e-01
 9.250	21.000	9.3511e-01
 9.250	21.250	9.3511e-01
 9.250	21.500	9.3511e-01
 9.250	21.750	9.3511e-01
 9.250	22.000	9.3511e-01
 9.250	22.250	9.3511e-01
 9.250	22.500	9.3511e-01
 9.250	22.750	9.3511e-01
 9.250	23.000	9.3511e-01
 9.250	23.250	9.3511e-01
 9.250	23.500	9.3511e-01
 9.250	23.750	9.3511e-01
 9.250	24.000	9.3511e-01
 9.500	17.000	9.3320e-01
 9.500	17.250	9.3220e-01
 9.500	17.500	9.3070e-01
 9.500	17.750	9.2845e-01
 9.500	18.000	9.2537e-01
 9.500	18.250	9.2191e-01
 9.500	18.500	9.1895e-01
 9.500	18.750	9.1775e-01
 9.500	19.000	9.2573e-01
 9.500	19.250	9.3121e-01
 9.500	19.500	9.3498e-01
 9.500	19.750	9.3508e-01
 9.500	20.000	9.3510e-01
 9.500	20.250	9.3511e-01
 9.500	20.500	9.3511e-01
 9.500	20.750	9.3511e-01
 9.500	21.000	9.3511e-01
 9.500	21.250	9.3511e-01
 9.500	21.500	9.3511e-01
 9.500	21.750	9.3511e-01
 9.500	22.000	9.3511e-01
 9.500	22.250	9.3511e-01
 9.500	22.500	9.3511e-01
 9.500	22.750	9.3511e-01
 9.500	23.000	9.3511e-01
 9.500	23.250	9.3511e-01
 9.500	23.500	9.3511e-01
 9.500	23.750	9.3511e-01
 9.500	24.000	9.3511e-01
 9.750	17.000	9.3310e-01
 9.750	17.250	9.3202e-01
 9.750	17.500	9.3037e-01
 9.750	17.750	9.2788e-01
 9.750	18.000	9.2436e-01
 9.750	18.250	9.1980e-01
 9.750	18.500	9.1514e-01
 9.750	18.750	9.1232e-01
 9.750	19.000	9.1415e-01
 9.750	19.250	9.2560e-01
 9.750	19.500	9.3086e-01
 9.750	19.750	9.3488e-01
 9.750	20.000	9.3506e-01
 9.750	20.250	9.3510e-01
 9.750	20.500	9.3511e-01
 9.750	20.750	9.3511e-01
 9.750	21.000	9.3511e-01
 9.750	21.250	9.3511e-01
 9.750	21.500	9.3511e-01
 9.750	21.750	9.3511e-01
 9.750	22.000	9.3511e-01
 9.750	22.250	9.3511e-01
 9.750	22.500	9.3511e-01
 9.750	22.750	9.3511e-01
 9.750	23.000	9.3511e-01
 9.750	23.250	9.3511e-01
 9.750	23.500	9.3511e-01
 9.750	23.750	9.3511e-01
 9.750	24.000	9.3511e-01
10.000	17.000	9.3301e-01
10.000	17.250	9.3186e-01
10.000	17.500	9.3009e-01
10.000	17.750	9.2729e-01
10.000	18.000	9.2324e-01
10.000	18.250	9.1752e-01
10.000	18.500	9.1091e-01
10.000	18.750	9.0534e-01
10.000	19.000	9.0369e-01
10.000	19.250	9.0986e-01
10.000	19.500	9.2579e-01
10.000	19.750	9.3061e-01
10.000	20.000	9.3473e-01
10.000	20.250	9.3501e-01
10.000	20.500	9.3509e-01
10.000	20.750	9.3511e-01
10.000	21.000	9.3511e-01
10.000	21.250	9.3511e-01
10.000	21.500	9.3511e-01
10.000	21.750	9.3511e-01
10.000	22.000	9.3511e-01
10.000	22.250	9.3511e-01
10.000	22.500	9.3511e-01
10.000	22.750	9.3511e-01
10.000	23.000	9.3511e-01
10.000	23.250	9.3511e-01
10.000	23.500	9.3511e-01
10.000	23.750	9.3511e-01
10.000	24.000	9.3511e-01
10.250	17.000	9.3294e-01
10.250	17.250	9.3174e-01
10.250	17.500	9.2984e-01
10.250	17.750	9.2679e-01
10.250	18.000	9.2200e-01
10.250	18.250	9.1519e-01
10.250	18.500	9.0681e-01
10.250	18.750	8.9838e-01
10.250	19.000	8.9381e-01
10.250	19.250	8.9954e-01
10.250	19.500	9.1813e-01
10.250	19.750	9.2588e-01
10.250	20.000	9.3057e-01
10.250	20.250	9.3455e-01
10.250	20.500	9.3495e-01
10.250	20.750	9.3508e-01
10.250	21.000	9.3510e-01
10.250	21.250	9.3511e-01
10.250	21.500	9.3511e-01
10.250	21.750	9.3511e-01
10.250	22.000	9.3511e-01
10.250	22.250	9.3511e-01
10.250	22.500	9.3511e-01
10.250	22.750	9.3511e-01
10.250	23.000	9.3511e-01
10.250	23.250	9.3511e-01
10.250	23.500	9.3511e-01
10.250	23.750	9.3511e-01
10.250	24.000	9.3511e-01
10.500	17.000	9.3287e-01
10.500	17.250	9.3164e-01
10.500	17.500	9.2963e-01
10.500	17.750	9.2627e-01
10.500	18.000	9.2086e-01
10.500	18.250	9.1324e-01
10.500	18.500	9.0415e-01
10.500	18.750	8.9594e-01
10.500	19.000	8.9260e-01
10.500	19.250	8.9427e-01
10.500	19.500	8.9812e-01
10.500	19.750	9.2103e-01
10.500	20.000	9.2576e-01
10.500	20.250	9.3040e-01
10.500	20.500	9.3433e-01
10.500	20.750	9.3486e-01
10.500	21.000	9.3506e-01
10.500	21.250	9.3510e-01
10.500	21.500	9.3510e-01
10.500	21.750	9.3511e-01
10.500	22.000	9.3511e-01
10.500	22.250	9.3511e-01
10.500	22.500	9.3511e-01
10.500	22.750	9.3511e-01
10.500	23.000	9.3511e-01
10.500	23.250	9.3511e-01
10.500	23.500	9.3511e-01
10.500	23.750	9.3511e-01
10.500	24.000	9.3511e-01
10.750	17.000	9.3273e-01
10.750	17.250	9.3149e-01
10.750	17.500	9.2936e-01
10.750	17.750	9.2569e-01
10.750	18.000	9.2008e-01
10.750	18.250	9.1268e-01
10.750	18.500	9.0463e-01
10.750	18.750	8.9858e-01
10.750	19.000	8.9493e-01
10.750	19.250	8.9369e-01
10.750	19.500	8.9452e-01
10.750	19.750	9.0191e-01
10.750	20.000	9.2071e-01
10.750	20.250	9.2661e-01
10.750	20.500	9.3061e-01
10.750	20.750	9.3405e-01
10.750	21.000	9.3474e-01
10.750	21.250	9.3502e-01
10.750	21.500	9.3509e-01
10.750	21.750	9.3510e-01
10.750	22.000	9.3511e-01
10.750	22.250	9.3511e-01
10.750	22.500	9.3511e-01
10.750	22.750	9.3511e-01
10.750	23.000	9.3511e-01
10.750	23.250	9.3511e-01
10.750	23.500	9.3511e-01
10.750	23.750	9.3511e-01
10.750	24.000	9.3511e-01
11.000	17.000	9.3244e-01
11.000	17.250	9.3121e-01
11.000	17.500	9.2894e-01
11.000	17.750	9.2523e-01
11.000	18.000	9.1983e-01
11.000	18.250	9.1332e-01
11.000	18.500	9.0723e-01
11.000	18.750	9.0277e-01
11.000	19.000	8.9883e-01
11.000	19.250	8.9557e-01
11.000	19.500	8.9318e-01
11.000	19.750	8.9336e-01
11.000	20.000	8.9897e-01
11.000	20.250	9.1965e-01
11.000	20.500	9.2668e-01
11.000	20.750	9.3064e-01
11.000	21.000	9.3386e-01
11.000	21.250	9.3463e-01
11.000	21.500	9.3498e-01
11.000	21.750	9.3507e-01
11.000	22.000	9.3510e-01
11.000	22.250	9.3511e-01
11.000	22.500	9.3511e-01
11.000	22.750	9.3511e-01
11.000	23.000	9.3511e-01
11.000	23.250	9.3511e-01
11.000	23.500	9.3511e-01
11.000	23.750	9.3511e-01
11.000	24.000	9.3511e-01
11.250	17.000	9.3199e-01
11.250	17.250	9.3071e-01
11.250	17.500	9.2842e-01
11.250	17.750	9.2483e-01
11.250	18.000	9.1998e-01
11.250	18.250	9.1481e-01
11.250	18.500	9.1022e-01
11.250	18.750	9.0681e-01
11.250	19.000	9.0295e-01
11.250	19.250	8.9920e-01
11.250	19.500	8.9514e-01
11.250	19.750	8.9157e-01
11.250	20.000	8.8982e-01
11.250	20.250	9.0141e-01
11.250	20.500	9.2080e-01
11.250	20.750	9.2694e-01
11.250	21.000	9.3049e-01
11.250	21.250	9.3355e-01
11.250	21.500	9.3448e-01
11.250	21.750	9.3493e-01
11.250	22.000	9.3505e-01
11.250	22.250	9.3509e-01
11.250	22.500	9.3510e-01
11.250	22.750	9.3511e-01
11.250	23.000	9.3511e-01
11.250	23.250	9.3511e-01
11.250	23.500	9.3511e-01
11.250	23.750	9.3511e-01
11.250	24.000	9.3511e-01
11.500	17.000	9.3151e-01
11.500	17.250	9.3006e-01
11.500	17.500	9.2782e-01
11.500	17.750	9.2452e-01
11.500	18.000	9.2049e-01
11.500	18.250	9.1668e-01
11.500	18.500	9.1323e-01
11.500	18.750	9.1078e-01
11.500	19.000	9.0757e-01
11.500	19.250	9.0331e-01
11.500	19.500	8.9825e-01
11.500	19.750	8.9340e-01
11.500	20.000	8.8825e-01
11.500	20.250	8.8505e-01
11.500	20.500	9.0372e-01
11.500	20.750	9.2093e-01
11.500	21.000	9.2672e-01
11.500	21.250	9.3025e-01
11.500	21.500	9.3322e-01
11.500	21.750	9.3432e-01
11.500	22.000	9.3486e-01
11.500	22.250	9.3503e-01
11.500	22.500	9.3508e-01
11.500	22.750	9.3510e-01
11.500	23.000	9.3511e-01
11.500	23.250	9.3511e-01
11.500	23.500	9.3511e-01
11.500	23.750	9.3511e-01
11.500	24.000	9.3511e-01
11.750	17.000	9.3120e-01
11.750	17.250	9.2948e-01
11.750	17.500	9.2719e-01
11.750	17.750	9.2426e-01
11.750	18.000	9.2118e-01
11.750	18.250	9.1845e-01
11.750	18.500	9.1626e-01
11.750	18.750	9.1391e-01
11.750	19.000	9.1135e-01
11.750	19.250	9.0737e-01
11.750	19.500	9.0276e-01
11.750	19.750	8.9716e-01
11.750	20.000	8.9092e-01
11.750	20.250	8.8393e-01
11.750	20.500	8.7848e-01
11.750	20.750	8.9932e-01
11.750	21.000	9.2068e-01
11.750	21.250	9.2662e-01
11.750	21.500	9.2995e-01
11.750	21.750	9.3280e-01
11.750	22.000	9.3408e-01
11.750	22.250	9.3478e-01
11.750	22.500	9.3500e-01
11.750	22.750	9.3506e-01
11.750	23.000	9.3509e-01
11.750	23.250	9.3511e-01
11.750	23.500	9.3511e-01
11.750	23.750	9.3511e-01
11.750	24.000	9.3511e-01
12.000	17.000	9.3116e-01
12.000	17.250	9.2921e-01
12.000	17.500	9.2681e-01
12.000	17.750	9.2424e-01
12.000	18.000	9.2195e-01
12.000	18.250	9.2030e-01
12.000	18.500	9.1874e-01
12.000	18.750	9.1680e-01
12.000	19.000	9.1463e-01
12.000	19.250	9.1114e-01
12.000	19.500	9.0697e-01
12.000	19.750	9.0185e-01
12.000	20.000	8.9543e-01
12.000	20.250	8.8790e-01
12.000	20.500	8.7921e-01
12.000	20.750	8.6786e-01
12.000	21.000	8.9643e-01
12.000	21.250	9.2012e-01
12.000	21.500	9.2666e-01
12.000	21.750	9.2969e-01
12.000	22.000	9.3282e-01
12.000	22.250	9.3399e-01
12.000	22.500	9.3468e-01
12.000	22.750	9.3497e-01
12.000	23.000	9.3505e-01
12.000	23.250	9.3509e-01
12.000	23.500	9.3510e-01
12.000	23.750	9.3511e-01
12.000	24.000	9.3511e-01
12.250	17.000	9.3136e-01
12.250	17.250	9.2936e-01
12.250	17.500	9.2698e-01
12.250	17.750	9.2468e-01
12.250	18.000	9.2300e-01
12.250	18.250	9.2196e-01
12.250	18.500	9.2077e-01
12.250	18.750	9.1919e-01
12.250	19.000	9.1724e-01
12.250	19.250	9.1435e-01
12.250	19.500	9.1083e-01
12.250	19.750	9.0636e-01
12.250	20.000	9.0062e-01
12.250	20.250	8.9338e-01
12.250	20.500	8.8456e-01
12.250	20.750	8.7413e-01
12.250	21.000	8.5926e-01
12.250	21.250	8.9628e-01
12.250	21.500	9.1920e-01
12.250	21.750	9.2649e-01
12.250	22.000	9.2945e-01
12.250	22.250	9.3234e-01
12.250	22.500	9.3370e-01
12.250	22.750	9.3454e-01
12.250	23.000	9.3492e-01
12.250	23.250	9.3503e-01
12.250	23.500	9.3508e-01
12.250	23.750	9.3510e-01
12.250	24.000	9.3511e-01
12.500	17.000	9.3174e-01
12.500	17.250	9.2997e-01
12.500	17.500	9.2788e-01
12.500	17.750	9.2591e-01
12.500	18.000	9.2452e-01
12.500	18.250	9.2339e-01
12.500	18.500	9.2233e-01
12.500	18.750	9.2094e-01
12.500	19.000	9.1925e-01
12.500	19.250	9.1709e-01
12.500	19.500	9.1410e-01
12.500	19.750	9.1031e-01
12.500	20.000	9.0546e-01
12.500	20.250	8.9918e-01
12.500	20.500	8.9113e-01
12.500	20.750	8.8112e-01
12.500	21.000	8.6919e-01
12.500	21.250	8.5839e-01
12.500	21.500	8.9573e-01
12.500	21.750	9.1960e-01
12.500	22.000	9.2580e-01
12.500	22.250	9.2947e-01
12.500	22.500	9.3181e-01
12.500	22.750	9.3343e-01
12.500	23.000	9.3438e-01
12.500	23.250	9.3486e-01
12.500	23.500	9.3500e-01
12.500	23.750	9.3506e-01
12.500	24.000	9.3510e-01
12.750	17.000	9.3204e-01
12.750	17.250	9.3068e-01
12.750	17.500	9.2924e-01
12.750	17.750	9.2779e-01
12.750	18.000	9.2625e-01
12.750	18.250	9.2484e-01
12.750	18.500	9.2359e-01
12.750	18.750	9.2233e-01
12.750	19.000	9.2087e-01
12.750	19.250	9.1903e-01
12.750	19.500	9.1668e-01
12.750	19.750	9.1323e-01
12.750	20.000	9.0926e-01
12.750	20.250	9.0420e-01
12.750	20.500	8.9742e-01
12.750	20.750	8.8828e-01
12.750	21.000	8.7650e-01
12.750	21.250	8.6416e-01
12.750	21.500	8.5975e-01
12.750	21.750	8.9511e-01
12.750	22.000	9.1919e-01
12.750	22.250	9.2508e-01
12.750	22.500	9.2912e-01
12.750	22.750	9.3153e-01
12.750	23.000	9.3310e-01
12.750	23.250	9.3424e-01
12.750	23.500	9.3476e-01
12.750	23.750	9.3495e-01
12.750	24.000	9.3505e-01
13.000	17.000	9.3366e-01
13.000	17.250	9.3254e-01
13.000	17.500	9.3040e-01
13.000	17.750	9.2927e-01
13.000	18.000	9.2789e-01
13.000	18.250	9.2633e-01
13.000	18.500	9.2485e-01
13.000	18.750	9.2353e-01
13.000	19.000	9.2219e-01
13.000	19.250	9.2058e-01
13.000	19.500	9.1871e-01
13.000	19.750	9.1617e-01
13.000	20.000	9.1244e-01
13.000	20.250	9.0802e-01
13.000	20.500	9.0200e-01
13.000	20.750	8.9445e-01
13.000	21.000	8.8378e-01
13.000	21.250	8.7101e-01
13.000	21.500	8.5808e-01
13.000	21.750	8.5773e-01
13.000	22.000	8.9564e-01
13.000	22.250	9.1925e-01
13.000	22.500	9.2450e-01
13.000	22.750	9.2892e-01
13.000	23.000	9.3137e-01
13.000	23.250	9.3302e-01
13.000	23.500	9.3408e-01
13.000	23.750	9.3467e-01
13.000	24.000	9.3490e-01
13.250	17.000	9.3419e-01
13.250	17.250	9.3349e-01
13.250	17.500	9.3205e-01
13.250	17.750	9.3052e-01
13.250	18.000	9.2926e-01
13.250	18.250	9.2781e-01
13.250	18.500	9.2622e-01
13.250	18.750	9.2469e-01
13.250	19.000	9.2330e-01
13.250	19.250	9.2180e-01
13.250	19.500	9.2015e-01
13.250	19.750	9.1809e-01
13.250	20.000	9.1534e-01
13.250	20.250	9.1159e-01
13.250	20.500	9.0628e-01
13.250	20.750	8.9912e-01
13.250	21.000	8.8985e-01
13.250	21.250	8.7721e-01
13.250	21.500	8.6270e-01
13.250	21.750	8.5045e-01
13.250	22.000	8.6341e-01
13.250	22.250	8.9861e-01
13.250	22.500	9.1852e-01
13.250	22.750	9.2421e-01
13.250	23.000	9.2877e-01
13.250	23.250	9.3124e-01
13.250	23.500	9.3274e-01
13.250	23.750	9.3393e-01
13.250	24.000	9.3456e-01
13.500	17.000	9.3453e-01
13.500	17.250	9.3406e-01
13.500	17.500	9.3318e-01
13.500	17.750	9.3194e-01
13.500	18.000	9.3038e-01
13.500	18.250	9.2917e-01
13.500	18.500	9.2764e-01
13.500	18.750	9.2597e-01
13.500	19.000	9.2437e-01
13.500	19.250	9.2296e-01
13.500	19.500	9.2144e-01
13.500	19.750	9.1959e-01
13.500	20.000	9.1716e-01
13.500	20.250	9.1394e-01
13.500	20.500	9.0945e-01
13.500	20.750	9.0299e-01
13.500	21.000	8.9403e-01
13.500	21.250	8.8161e-01
13.500	21.500	8.6661e-01
13.500	21.750	8.4810e-01
13.500	22.000	8.3867e-01
13.500	22.250	8.6579e-01
13.500	22.500	8.9937e-01
13.500	22.750	9.1851e-01
13.500	23.000	9.2420e-01
13.500	23.250	9.2856e-01
13.500	23.500	9.3099e-01
13.500	23.750	9.3266e-01
13.500	24.000	9.3377e-01
13.750	17.000	9.3475e-01
13.750	17.250	9.3443e-01
13.750	17.500	9.3385e-01
13.750	17.750	9.3301e-01
13.750	18.000	9.3170e-01
13.750	18.250	9.3046e-01
13.750	18.500	9.2904e-01
13.750	18.750	9.2741e-01
13.750	19.000	9.2563e-01
13.750	19.250	9.2398e-01
13.750	19.500	9.2245e-01
13.750	19.750	9.2074e-01
13.750	20.000	9.1857e-01
13.750	20.250	9.1563e-01
13.750	20.500	9.1156e-01
13.750	20.750	9.0559e-01
13.750	21.000	8.9714e-01
13.750	21.250	8.8488e-01
13.750	21.500	8.6874e-01
13.750	21.750	8.4599e-01
13.750	22.000	8.2057e-01
13.750	22.250	8.2032e-01
13.750	22.500	8.6880e-01
13.750	22.750	9.0163e-01
13.750	23.000	9.1823e-01
13.750	23.250	9.2397e-01
13.750	23.500	9.2805e-01
13.750	23.750	9.3060e-01
13.750	24.000	9.3237e-01
14.000	17.000	9.3489e-01
14.000	17.250	9.3468e-01
14.000	17.500	9.3429e-01
14.000	17.750	9.3375e-01
14.000	18.000	9.3276e-01
14.000	18.250	9.3144e-01
14.000	18.500	9.3017e-01
14.000	18.750	9.2884e-01
14.000	19.000	9.2713e-01
14.000	19.250	9.2526e-01
14.000	19.500	9.2345e-01
14.000	19.750	9.2174e-01
14.000	20.000	9.1969e-01
14.000	20.250	9.1694e-01
14.000	20.500	9.1311e-01
14.000	20.750	9.0744e-01
14.000	21.000	8.9913e-01
14.000	21.250	8.8671e-01
14.000	21.500	8.6960e-01
14.000	21.750	8.4301e-01
14.000	22.000	8.0519e-01
14.000	22.250	7.6914e-01
14.000	22.500	7.9800e-01
14.000	22.750	8.7090e-01
14.000	23.000	9.0104e-01
14.000	23.250	9.1704e-01
14.000	23.500	9.2287e-01
14.000	23.750	9.2725e-01
14.000	24.000	9.3013e-01
