Inwd 4686.01A  relative to Inci 1215.00A scaled to 1215A.
Hden   Phi(H)  Eq_Width (A)
 7.000	17.000	1.5202e-03
 7.000	17.250	6.0815e-04
 7.000	17.500	2.2173e-04
 7.000	17.750	7.6296e-05
 7.000	18.000	3.1029e-05
 7.000	18.250	1.0864e-05
 7.000	18.500	2.3868e-06
 7.000	18.750	1.0000e-07
 7.000	19.000	1.0000e-07
 7.000	19.250	1.0000e-07
 7.000	19.500	1.0000e-07
 7.000	19.750	1.0000e-07
 7.000	20.000	1.0000e-07
 7.000	20.250	1.0000e-07
 7.000	20.500	1.0000e-07
 7.000	20.750	1.0000e-07
 7.000	21.000	1.0000e-07
 7.000	21.250	1.0000e-07
 7.000	21.500	1.0000e-07
 7.000	21.750	1.0000e-07
 7.000	22.000	1.0000e-07
 7.000	22.250	1.0000e-07
 7.000	22.500	1.0000e-07
 7.000	22.750	1.0000e-07
 7.000	23.000	1.0000e-07
 7.000	23.250	1.0000e-07
 7.000	23.500	1.0000e-07
 7.000	23.750	1.0000e-07
 7.000	24.000	1.0000e-07
 7.250	17.000	1.8295e-03
 7.250	17.250	1.4971e-03
 7.250	17.500	6.0107e-04
 7.250	17.750	2.1975e-04
 7.250	18.000	7.6132e-05
 7.250	18.250	3.1193e-05
 7.250	18.500	1.1029e-05
 7.250	18.750	2.4691e-06
 7.250	19.000	1.0000e-07
 7.250	19.250	1.0000e-07
 7.250	19.500	1.0000e-07
 7.250	19.750	1.0000e-07
 7.250	20.000	1.0000e-07
 7.250	20.250	1.0000e-07
 7.250	20.500	1.0000e-07
 7.250	20.750	1.0000e-07
 7.250	21.000	1.0000e-07
 7.250	21.250	1.0000e-07
 7.250	21.500	1.0000e-07
 7.250	21.750	1.0000e-07
 7.250	22.000	1.0000e-07
 7.250	22.250	1.0000e-07
 7.250	22.500	1.0000e-07
 7.250	22.750	1.0000e-07
 7.250	23.000	1.0000e-07
 7.250	23.250	1.0000e-07
 7.250	23.500	1.0000e-07
 7.250	23.750	1.0000e-07
 7.250	24.000	1.0000e-07
 7.500	17.000	1.9202e-03
 7.500	17.250	1.8100e-03
 7.500	17.500	1.4751e-03
 7.500	17.750	5.9432e-04
 7.500	18.000	2.1753e-04
 7.500	18.250	7.5885e-05
 7.500	18.500	3.1358e-05
 7.500	18.750	1.1193e-05
 7.500	19.000	2.4691e-06
 7.500	19.250	1.0000e-07
 7.500	19.500	1.0000e-07
 7.500	19.750	1.0000e-07
 7.500	20.000	1.0000e-07
 7.500	20.250	1.0000e-07
 7.500	20.500	1.0000e-07
 7.500	20.750	1.0000e-07
 7.500	21.000	1.0000e-07
 7.500	21.250	1.0000e-07
 7.500	21.500	1.0000e-07
 7.500	21.750	1.0000e-07
 7.500	22.000	1.0000e-07
 7.500	22.250	1.0000e-07
 7.500	22.500	1.0000e-07
 7.500	22.750	1.0000e-07
 7.500	23.000	1.0000e-07
 7.500	23.250	1.0000e-07
 7.500	23.500	1.0000e-07
 7.500	23.750	1.0000e-07
 7.500	24.000	1.0000e-07
 7.750	17.000	1.9313e-03
 7.750	17.250	1.9190e-03
 7.750	17.500	1.7937e-03
 7.750	17.750	1.4546e-03
 7.750	18.000	5.8782e-04
 7.750	18.250	2.1523e-04
 7.750	18.500	7.5556e-05
 7.750	18.750	3.1523e-05
 7.750	19.000	1.1358e-05
 7.750	19.250	2.5514e-06
 7.750	19.500	1.0000e-07
 7.750	19.750	1.0000e-07
 7.750	20.000	1.0000e-07
 7.750	20.250	1.0000e-07
 7.750	20.500	1.0000e-07
 7.750	20.750	1.0000e-07
 7.750	21.000	1.0000e-07
 7.750	21.250	1.0000e-07
 7.750	21.500	1.0000e-07
 7.750	21.750	1.0000e-07
 7.750	22.000	1.0000e-07
 7.750	22.250	1.0000e-07
 7.750	22.500	1.0000e-07
 7.750	22.750	1.0000e-07
 7.750	23.000	1.0000e-07
 7.750	23.250	1.0000e-07
 7.750	23.500	1.0000e-07
 7.750	23.750	1.0000e-07
 7.750	24.000	1.0000e-07
 8.000	17.000	1.8992e-03
 8.000	17.250	1.9071e-03
 8.000	17.500	1.9000e-03
 8.000	17.750	1.7672e-03
 8.000	18.000	1.4348e-03
 8.000	18.250	5.8123e-04
 8.000	18.500	2.1284e-04
 8.000	18.750	7.5144e-05
 8.000	19.000	3.1687e-05
 8.000	19.250	1.1523e-05
 8.000	19.500	2.5514e-06
 8.000	19.750	1.0000e-07
 8.000	20.000	1.0000e-07
 8.000	20.250	1.0000e-07
 8.000	20.500	1.0000e-07
 8.000	20.750	1.0000e-07
 8.000	21.000	1.0000e-07
 8.000	21.250	1.0000e-07
 8.000	21.500	1.0000e-07
 8.000	21.750	1.0000e-07
 8.000	22.000	1.0000e-07
 8.000	22.250	1.0000e-07
 8.000	22.500	1.0000e-07
 8.000	22.750	1.0000e-07
 8.000	23.000	1.0000e-07
 8.000	23.250	1.0000e-07
 8.000	23.500	1.0000e-07
 8.000	23.750	1.0000e-07
 8.000	24.000	1.0000e-07
 8.250	17.000	1.8856e-03
 8.250	17.250	1.9074e-03
 8.250	17.500	1.9170e-03
 8.250	17.750	1.9107e-03
 8.250	18.000	1.7660e-03
 8.250	18.250	1.4172e-03
 8.250	18.500	5.7465e-04
 8.250	18.750	2.1012e-04
 8.250	19.000	7.4650e-05
 8.250	19.250	3.1770e-05
 8.250	19.500	1.1687e-05
 8.250	19.750	2.6337e-06
 8.250	20.000	8.2305e-07
 8.250	20.250	1.0000e-07
 8.250	20.500	1.0000e-07
 8.250	20.750	1.0000e-07
 8.250	21.000	1.0000e-07
 8.250	21.250	1.0000e-07
 8.250	21.500	1.0000e-07
 8.250	21.750	1.0000e-07
 8.250	22.000	1.0000e-07
 8.250	22.250	1.0000e-07
 8.250	22.500	1.0000e-07
 8.250	22.750	1.0000e-07
 8.250	23.000	1.0000e-07
 8.250	23.250	1.0000e-07
 8.250	23.500	1.0000e-07
 8.250	23.750	1.0000e-07
 8.250	24.000	1.0000e-07
 8.500	17.000	1.8621e-03
 8.500	17.250	1.8988e-03
 8.500	17.500	1.9223e-03
 8.500	17.750	1.9343e-03
 8.500	18.000	1.9295e-03
 8.500	18.250	1.7798e-03
 8.500	18.500	1.4016e-03
 8.500	18.750	5.6798e-04
 8.500	19.000	2.0733e-04
 8.500	19.250	7.3992e-05
 8.500	19.500	3.1852e-05
 8.500	19.750	1.1852e-05
 8.500	20.000	2.7160e-06
 8.500	20.250	8.2305e-07
 8.500	20.500	1.0000e-07
 8.500	20.750	1.0000e-07
 8.500	21.000	1.0000e-07
 8.500	21.250	1.0000e-07
 8.500	21.500	1.0000e-07
 8.500	21.750	1.0000e-07
 8.500	22.000	1.0000e-07
 8.500	22.250	1.0000e-07
 8.500	22.500	1.0000e-07
 8.500	22.750	1.0000e-07
 8.500	23.000	1.0000e-07
 8.500	23.250	1.0000e-07
 8.500	23.500	1.0000e-07
 8.500	23.750	1.0000e-07
 8.500	24.000	1.0000e-07
 8.750	17.000	1.8291e-03
 8.750	17.250	1.8806e-03
 8.750	17.500	1.9185e-03
 8.750	17.750	1.9449e-03
 8.750	18.000	1.9608e-03
 8.750	18.250	1.9579e-03
 8.750	18.500	1.8158e-03
 8.750	18.750	1.3924e-03
 8.750	19.000	5.6165e-04
 8.750	19.250	2.0420e-04
 8.750	19.500	7.3251e-05
 8.750	19.750	3.1852e-05
 8.750	20.000	1.2016e-05
 8.750	20.250	2.7160e-06
 8.750	20.500	9.0535e-07
 8.750	20.750	1.0000e-07
 8.750	21.000	1.0000e-07
 8.750	21.250	1.0000e-07
 8.750	21.500	1.0000e-07
 8.750	21.750	1.0000e-07
 8.750	22.000	1.0000e-07
 8.750	22.250	1.0000e-07
 8.750	22.500	1.0000e-07
 8.750	22.750	1.0000e-07
 8.750	23.000	1.0000e-07
 8.750	23.250	1.0000e-07
 8.750	23.500	1.0000e-07
 8.750	23.750	1.0000e-07
 8.750	24.000	1.0000e-07
 9.000	17.000	1.7855e-03
 9.000	17.250	1.8521e-03
 9.000	17.500	1.9053e-03
 9.000	17.750	1.9461e-03
 9.000	18.000	1.9765e-03
 9.000	18.250	1.9988e-03
 9.000	18.500	1.9984e-03
 9.000	18.750	1.8829e-03
 9.000	19.000	1.3904e-03
 9.000	19.250	5.5638e-04
 9.000	19.500	2.0132e-04
 9.000	19.750	7.2510e-05
 9.000	20.000	3.1852e-05
 9.000	20.250	1.2181e-05
 9.000	20.500	2.7984e-06
 9.000	20.750	9.0535e-07
 9.000	21.000	1.0000e-07
 9.000	21.250	1.0000e-07
 9.000	21.500	1.0000e-07
 9.000	21.750	1.0000e-07
 9.000	22.000	1.0000e-07
 9.000	22.250	1.0000e-07
 9.000	22.500	1.0000e-07
 9.000	22.750	1.0000e-07
 9.000	23.000	1.0000e-07
 9.000	23.250	1.0000e-07
 9.000	23.500	1.0000e-07
 9.000	23.750	1.0000e-07
 9.000	24.000	1.0000e-07
 9.250	17.000	1.7286e-03
 9.250	17.250	1.8127e-03
 9.250	17.500	1.8804e-03
 9.250	17.750	1.9367e-03
 9.250	18.000	1.9819e-03
 9.250	18.250	2.0189e-03
 9.250	18.500	2.0521e-03
 9.250	18.750	2.0467e-03
 9.250	19.000	1.9885e-03
 9.250	19.250	1.4053e-03
 9.250	19.500	5.5317e-04
 9.250	19.750	1.9909e-04
 9.250	20.000	7.1770e-05
 9.250	20.250	3.1852e-05
 9.250	20.500	1.2346e-05
 9.250	20.750	2.8807e-06
 9.250	21.000	9.0535e-07
 9.250	21.250	1.0000e-07
 9.250	21.500	1.0000e-07
 9.250	21.750	1.0000e-07
 9.250	22.000	1.0000e-07
 9.250	22.250	1.0000e-07
 9.250	22.500	1.0000e-07
 9.250	22.750	1.0000e-07
 9.250	23.000	1.0000e-07
 9.250	23.250	1.0000e-07
 9.250	23.500	1.0000e-07
 9.250	23.750	1.0000e-07
 9.250	24.000	1.0000e-07
 9.500	17.000	1.6485e-03
 9.500	17.250	1.7621e-03
 9.500	17.500	1.8471e-03
 9.500	17.750	1.9173e-03
 9.500	18.000	1.9773e-03
 9.500	18.250	2.0299e-03
 9.500	18.500	2.0786e-03
 9.500	18.750	2.1276e-03
 9.500	19.000	2.0817e-03
 9.500	19.250	2.1472e-03
 9.500	19.500	1.4474e-03
 9.500	19.750	5.5498e-04
 9.500	20.000	1.9761e-04
 9.500	20.250	7.1276e-05
 9.500	20.500	3.1852e-05
 9.500	20.750	1.2428e-05
 9.500	21.000	2.9630e-06
 9.500	21.250	9.0535e-07
 9.500	21.500	1.0000e-07
 9.500	21.750	1.0000e-07
 9.500	22.000	1.0000e-07
 9.500	22.250	1.0000e-07
 9.500	22.500	1.0000e-07
 9.500	22.750	1.0000e-07
 9.500	23.000	1.0000e-07
 9.500	23.250	1.0000e-07
 9.500	23.500	1.0000e-07
 9.500	23.750	1.0000e-07
 9.500	24.000	1.0000e-07
 9.750	17.000	1.5254e-03
 9.750	17.250	1.6891e-03
 9.750	17.500	1.8040e-03
 9.750	17.750	1.8909e-03
 9.750	18.000	1.9642e-03
 9.750	18.250	2.0317e-03
 9.750	18.500	2.0960e-03
 9.750	18.750	2.1621e-03
 9.750	19.000	2.2344e-03
 9.750	19.250	2.2581e-03
 9.750	19.500	2.3733e-03
 9.750	19.750	1.5333e-03
 9.750	20.000	5.6272e-04
 9.750	20.250	1.9761e-04
 9.750	20.500	7.1111e-05
 9.750	20.750	3.1934e-05
 9.750	21.000	1.2593e-05
 9.750	21.250	3.0453e-06
 9.750	21.500	9.8765e-07
 9.750	21.750	1.0000e-07
 9.750	22.000	1.0000e-07
 9.750	22.250	1.0000e-07
 9.750	22.500	1.0000e-07
 9.750	22.750	1.0000e-07
 9.750	23.000	1.0000e-07
 9.750	23.250	1.0000e-07
 9.750	23.500	1.0000e-07
 9.750	23.750	1.0000e-07
 9.750	24.000	1.0000e-07
10.000	17.000	1.3221e-03
10.000	17.250	1.5741e-03
10.000	17.500	1.7412e-03
10.000	17.750	1.8562e-03
10.000	18.000	1.9471e-03
10.000	18.250	2.0269e-03
10.000	18.500	2.1044e-03
10.000	18.750	2.1849e-03
10.000	19.000	2.2763e-03
10.000	19.250	2.3895e-03
10.000	19.500	2.5176e-03
10.000	19.750	2.7206e-03
10.000	20.000	1.6850e-03
10.000	20.250	5.8049e-04
10.000	20.500	1.9918e-04
10.000	20.750	7.1358e-05
10.000	21.000	3.2181e-05
10.000	21.250	1.2840e-05
10.000	21.500	3.1276e-06
10.000	21.750	9.8765e-07
10.000	22.000	1.0000e-07
10.000	22.250	1.0000e-07
10.000	22.500	1.0000e-07
10.000	22.750	1.0000e-07
10.000	23.000	1.0000e-07
10.000	23.250	1.0000e-07
10.000	23.500	1.0000e-07
10.000	23.750	1.0000e-07
10.000	24.000	1.0000e-07
10.250	17.000	1.0816e-03
10.250	17.250	1.3804e-03
10.250	17.500	1.6396e-03
10.250	17.750	1.8067e-03
10.250	18.000	1.9241e-03
10.250	18.250	2.0176e-03
10.250	18.500	2.1053e-03
10.250	18.750	2.1981e-03
10.250	19.000	2.3040e-03
10.250	19.250	2.4413e-03
10.250	19.500	2.5763e-03
10.250	19.750	2.9132e-03
10.250	20.000	3.2756e-03
10.250	20.250	1.9142e-03
10.250	20.500	6.1037e-04
10.250	20.750	2.0280e-04
10.250	21.000	7.2181e-05
10.250	21.250	3.2510e-05
10.250	21.500	1.3086e-05
10.250	21.750	3.2099e-06
10.250	22.000	1.0700e-06
10.250	22.250	1.0000e-07
10.250	22.500	1.0000e-07
10.250	22.750	1.0000e-07
10.250	23.000	1.0000e-07
10.250	23.250	1.0000e-07
10.250	23.500	1.0000e-07
10.250	23.750	1.0000e-07
10.250	24.000	1.0000e-07
10.500	17.000	8.2263e-04
10.500	17.250	1.1403e-03
10.500	17.500	1.4597e-03
10.500	17.750	1.7229e-03
10.500	18.000	1.8885e-03
10.500	18.250	2.0013e-03
10.500	18.500	2.0980e-03
10.500	18.750	2.1993e-03
10.500	19.000	2.3164e-03
10.500	19.250	2.4626e-03
10.500	19.500	2.6759e-03
10.500	19.750	2.9779e-03
10.500	20.000	3.4974e-03
10.500	20.250	3.9760e-03
10.500	20.500	2.2212e-03
10.500	20.750	6.5934e-04
10.500	21.000	2.0955e-04
10.500	21.250	7.3416e-05
10.500	21.500	3.3086e-05
10.500	21.750	1.3333e-05
10.500	22.000	3.3745e-06
10.500	22.250	1.0700e-06
10.500	22.500	1.0000e-07
10.500	22.750	1.0000e-07
10.500	23.000	1.0000e-07
10.500	23.250	1.0000e-07
10.500	23.500	1.0000e-07
10.500	23.750	1.0000e-07
10.500	24.000	1.0000e-07
10.750	17.000	5.9424e-04
10.750	17.250	8.6617e-04
10.750	17.500	1.2202e-03
10.750	17.750	1.5692e-03
10.750	18.000	1.8198e-03
10.750	18.250	1.9713e-03
10.750	18.500	2.0808e-03
10.750	18.750	2.1891e-03
10.750	19.000	2.3166e-03
10.750	19.250	2.4779e-03
10.750	19.500	2.6979e-03
10.750	19.750	3.0419e-03
10.750	20.000	3.5919e-03
10.750	20.250	4.1751e-03
10.750	20.500	4.3215e-03
10.750	20.750	2.5468e-03
10.750	21.000	7.2469e-04
10.750	21.250	2.1967e-04
10.750	21.500	7.5556e-05
10.750	21.750	3.3827e-05
10.750	22.000	1.3580e-05
10.750	22.250	3.5391e-06
10.750	22.500	1.1523e-06
10.750	22.750	1.0000e-07
10.750	23.000	1.0000e-07
10.750	23.250	1.0000e-07
10.750	23.500	1.0000e-07
10.750	23.750	1.0000e-07
10.750	24.000	1.0000e-07
11.000	17.000	4.1613e-04
11.000	17.250	6.1103e-04
11.000	17.500	9.2247e-04
11.000	17.750	1.3294e-03
11.000	18.000	1.6756e-03
11.000	18.250	1.9000e-03
11.000	18.500	2.0500e-03
11.000	18.750	2.1711e-03
11.000	19.000	2.3076e-03
11.000	19.250	2.4770e-03
11.000	19.500	2.7006e-03
11.000	19.750	3.0525e-03
11.000	20.000	3.5968e-03
11.000	20.250	4.2520e-03
11.000	20.500	4.4995e-03
11.000	20.750	4.1763e-03
11.000	21.000	2.5360e-03
11.000	21.250	7.8947e-04
11.000	21.500	2.3506e-04
11.000	21.750	7.8107e-05
11.000	22.000	3.4650e-05
11.000	22.250	1.3827e-05
11.000	22.500	3.6214e-06
11.000	22.750	1.2346e-06
11.000	23.000	1.0000e-07
11.000	23.250	1.0000e-07
11.000	23.500	1.0000e-07
11.000	23.750	1.0000e-07
11.000	24.000	1.0000e-07
11.250	17.000	2.8617e-04
11.250	17.250	4.0947e-04
11.250	17.500	6.2774e-04
11.250	17.750	9.9827e-04
11.250	18.000	1.4279e-03
11.250	18.250	1.7582e-03
11.250	18.500	1.9802e-03
11.250	18.750	2.1408e-03
11.250	19.000	2.2893e-03
11.250	19.250	2.4661e-03
11.250	19.500	2.6929e-03
11.250	19.750	3.0338e-03
11.250	20.000	3.6018e-03
11.250	20.250	4.2324e-03
11.250	20.500	4.5375e-03
11.250	20.750	4.3482e-03
11.250	21.000	4.0955e-03
11.250	21.250	2.2050e-03
11.250	21.500	8.1778e-04
11.250	21.750	2.5465e-04
11.250	22.000	8.0988e-05
11.250	22.250	3.5802e-05
11.250	22.500	1.4074e-05
11.250	22.750	3.7860e-06
11.250	23.000	1.2346e-06
11.250	23.250	1.0000e-07
11.250	23.500	1.0000e-07
11.250	23.750	1.0000e-07
11.250	24.000	1.0000e-07
11.500	17.000	1.9564e-04
11.500	17.250	2.6782e-04
11.500	17.500	3.9819e-04
11.500	17.750	6.5901e-04
11.500	18.000	1.0763e-03
11.500	18.250	1.5176e-03
11.500	18.500	1.8464e-03
11.500	18.750	2.0773e-03
11.500	19.000	2.2620e-03
11.500	19.250	2.4402e-03
11.500	19.500	2.6756e-03
11.500	19.750	3.0063e-03
11.500	20.000	3.5508e-03
11.500	20.250	4.2617e-03
11.500	20.500	4.5594e-03
11.500	20.750	4.3673e-03
11.500	21.000	3.8547e-03
11.500	21.250	3.3958e-03
11.500	21.500	1.7798e-03
11.500	21.750	8.1210e-04
11.500	22.000	2.7481e-04
11.500	22.250	8.5185e-05
11.500	22.500	3.7284e-05
11.500	22.750	1.4321e-05
11.500	23.000	3.7860e-06
11.500	23.250	1.3169e-06
11.500	23.500	1.0000e-07
11.500	23.750	1.0000e-07
11.500	24.000	1.0000e-07
11.750	17.000	1.3383e-04
11.750	17.250	1.7547e-04
11.750	17.500	2.4675e-04
11.750	17.750	4.0049e-04
11.750	18.000	7.0568e-04
11.750	18.250	1.1732e-03
11.750	18.500	1.6373e-03
11.750	18.750	1.9626e-03
11.750	19.000	2.2087e-03
11.750	19.250	2.4184e-03
11.750	19.500	2.6310e-03
11.750	19.750	2.9723e-03
11.750	20.000	3.4867e-03
11.750	20.250	4.2134e-03
11.750	20.500	4.6586e-03
11.750	20.750	4.6620e-03
11.750	21.000	3.8875e-03
11.750	21.250	3.0445e-03
11.750	21.500	2.4261e-03
11.750	21.750	1.3240e-03
11.750	22.000	6.7671e-04
11.750	22.250	2.8872e-04
11.750	22.500	9.0288e-05
11.750	22.750	3.8683e-05
11.750	23.000	1.4650e-05
11.750	23.250	3.7860e-06
11.750	23.500	1.3169e-06
11.750	23.750	1.0000e-07
11.750	24.000	1.0000e-07
12.000	17.000	9.1358e-05
12.000	17.250	1.1646e-04
12.000	17.500	1.5547e-04
12.000	17.750	2.3819e-04
12.000	18.000	4.2436e-04
12.000	18.250	7.9202e-04
12.000	18.500	1.3164e-03
12.000	18.750	1.7872e-03
12.000	19.000	2.1252e-03
12.000	19.250	2.3895e-03
12.000	19.500	2.6305e-03
12.000	19.750	2.8708e-03
12.000	20.000	3.4198e-03
12.000	20.250	4.1406e-03
12.000	20.500	4.7067e-03
12.000	20.750	4.6379e-03
12.000	21.000	3.9511e-03
12.000	21.250	2.9822e-03
12.000	21.500	2.2317e-03
12.000	21.750	1.6384e-03
12.000	22.000	9.2107e-04
12.000	22.250	5.0658e-04
12.000	22.500	2.7136e-04
12.000	22.750	9.7695e-05
12.000	23.000	4.0823e-05
12.000	23.250	1.4897e-05
12.000	23.500	3.7037e-06
12.000	23.750	1.2346e-06
12.000	24.000	1.0000e-07
12.250	17.000	6.2222e-05
12.250	17.250	7.8436e-05
12.250	17.500	1.0115e-04
12.250	17.750	1.4576e-04
12.250	18.000	2.4807e-04
12.250	18.250	4.8658e-04
12.250	18.500	9.4527e-04
12.250	18.750	1.5099e-03
12.250	19.000	1.9773e-03
12.250	19.250	2.3304e-03
12.250	19.500	2.6348e-03
12.250	19.750	2.9140e-03
12.250	20.000	3.1840e-03
12.250	20.250	4.0506e-03
12.250	20.500	4.7147e-03
12.250	20.750	4.8303e-03
12.250	21.000	4.0370e-03
12.250	21.250	2.9176e-03
12.250	21.500	2.1579e-03
12.250	21.750	1.5764e-03
12.250	22.000	1.0788e-03
12.250	22.250	6.2741e-04
12.250	22.500	3.7399e-04
12.250	22.750	2.3712e-04
12.250	23.000	1.0049e-04
12.250	23.250	4.3292e-05
12.250	23.500	1.5144e-05
12.250	23.750	3.5391e-06
12.250	24.000	1.1523e-06
12.500	17.000	4.2469e-05
12.500	17.250	5.3498e-05
12.500	17.500	6.7819e-05
12.500	17.750	9.3416e-05
12.500	18.000	1.4889e-04
12.500	18.250	2.8568e-04
12.500	18.500	6.1086e-04
12.500	18.750	1.1574e-03
12.500	19.000	1.7469e-03
12.500	19.250	2.2076e-03
12.500	19.500	2.5853e-03
12.500	19.750	2.9512e-03
12.500	20.000	3.2797e-03
12.500	20.250	3.5635e-03
12.500	20.500	3.9160e-03
12.500	20.750	4.8095e-03
12.500	21.000	4.0677e-03
12.500	21.250	2.8950e-03
12.500	21.500	2.1169e-03
12.500	21.750	1.5141e-03
12.500	22.000	1.0783e-03
12.500	22.250	6.9424e-04
12.500	22.500	4.2626e-04
12.500	22.750	2.7424e-04
12.500	23.000	1.8305e-04
12.500	23.250	9.6708e-05
12.500	23.500	4.5514e-05
12.500	23.750	1.5391e-05
12.500	24.000	3.2922e-06
12.750	17.000	2.9053e-05
12.750	17.250	3.7037e-05
12.750	17.500	4.6584e-05
12.750	17.750	6.2222e-05
12.750	18.000	9.3663e-05
12.750	18.250	1.6823e-04
12.750	18.500	3.6115e-04
12.750	18.750	7.8708e-04
12.750	19.000	1.3830e-03
12.750	19.250	1.9756e-03
12.750	19.500	2.4333e-03
12.750	19.750	2.8485e-03
12.750	20.000	3.2374e-03
12.750	20.250	3.7447e-03
12.750	20.500	3.9311e-03
12.750	20.750	4.0148e-03
12.750	21.000	3.6363e-03
12.750	21.250	3.0562e-03
12.750	21.500	2.1294e-03
12.750	21.750	1.4947e-03
12.750	22.000	1.0635e-03
12.750	22.250	7.4082e-04
12.750	22.500	4.6733e-04
12.750	22.750	3.0082e-04
12.750	23.000	1.9597e-04
12.750	23.250	1.3407e-04
12.750	23.500	8.0165e-05
12.750	23.750	4.1893e-05
12.750	24.000	1.5144e-05
13.000	17.000	1.9835e-05
13.000	17.250	2.5761e-05
13.000	17.500	3.2510e-05
13.000	17.750	4.2798e-05
13.000	18.000	6.1975e-05
13.000	18.250	1.0354e-04
13.000	18.500	2.0905e-04
13.000	18.750	4.6428e-04
13.000	19.000	9.4741e-04
13.000	19.250	1.5621e-03
13.000	19.500	2.1551e-03
13.000	19.750	2.6353e-03
13.000	20.000	3.0424e-03
13.000	20.250	3.5691e-03
13.000	20.500	3.9440e-03
13.000	20.750	4.0123e-03
13.000	21.000	3.5688e-03
13.000	21.250	2.8958e-03
13.000	21.500	2.1301e-03
13.000	21.750	1.5202e-03
13.000	22.000	1.0900e-03
13.000	22.250	7.6387e-04
13.000	22.500	5.1185e-04
13.000	22.750	3.2041e-04
13.000	23.000	2.0798e-04
13.000	23.250	1.4099e-04
13.000	23.500	9.6955e-05
13.000	23.750	6.1152e-05
13.000	24.000	3.4239e-05
13.250	17.000	1.3416e-05
13.250	17.250	1.7942e-05
13.250	17.500	2.2881e-05
13.250	17.750	2.9959e-05
13.250	18.000	4.2469e-05
13.250	18.250	6.7325e-05
13.250	18.500	1.2403e-04
13.250	18.750	2.5885e-04
13.250	19.000	5.3844e-04
13.250	19.250	1.0001e-03
13.250	19.500	1.5940e-03
13.250	19.750	2.1487e-03
13.250	20.000	2.6142e-03
13.250	20.250	3.0737e-03
13.250	20.500	3.6293e-03
13.250	20.750	3.8283e-03
13.250	21.000	3.6044e-03
13.250	21.250	2.8712e-03
13.250	21.500	2.1959e-03
13.250	21.750	1.5930e-03
13.250	22.000	1.1060e-03
13.250	22.250	7.8609e-04
13.250	22.500	5.4675e-04
13.250	22.750	3.5959e-04
13.250	23.000	2.2543e-04
13.250	23.250	1.4831e-04
13.250	23.500	1.0091e-04
13.250	23.750	7.0041e-05
13.250	24.000	4.4609e-05
13.500	17.000	8.9712e-06
13.500	17.250	1.2346e-05
13.500	17.500	1.6132e-05
13.500	17.750	2.1152e-05
13.500	18.000	2.9630e-05
13.500	18.250	4.5597e-05
13.500	18.500	7.7202e-05
13.500	18.750	1.4387e-04
13.500	19.000	2.8165e-04
13.500	19.250	5.2272e-04
13.500	19.500	8.8881e-04
13.500	19.750	1.3486e-03
13.500	20.000	1.7778e-03
13.500	20.250	2.4183e-03
13.500	20.500	2.6849e-03
13.500	20.750	3.1039e-03
13.500	21.000	3.0835e-03
13.500	21.250	2.7756e-03
13.500	21.500	2.0596e-03
13.500	21.750	1.5612e-03
13.500	22.000	1.1666e-03
13.500	22.250	8.1416e-04
13.500	22.500	5.6971e-04
13.500	22.750	3.9580e-04
13.500	23.000	2.5572e-04
13.500	23.250	1.6198e-04
13.500	23.500	1.0642e-04
13.500	23.750	7.3663e-05
13.500	24.000	5.0288e-05
13.750	17.000	5.8436e-06
13.750	17.250	8.3951e-06
13.750	17.500	1.1276e-05
13.750	17.750	1.4979e-05
13.750	18.000	2.0823e-05
13.750	18.250	3.1193e-05
13.750	18.500	4.9959e-05
13.750	18.750	8.3292e-05
13.750	19.000	1.4239e-04
13.750	19.250	2.4329e-04
13.750	19.500	3.9885e-04
13.750	19.750	6.1745e-04
13.750	20.000	9.0008e-04
13.750	20.250	1.1359e-03
13.750	20.500	1.4599e-03
13.750	20.750	1.7816e-03
13.750	21.000	2.0705e-03
13.750	21.250	2.0848e-03
13.750	21.500	1.8689e-03
13.750	21.750	1.4387e-03
13.750	22.000	1.0538e-03
13.750	22.250	7.8831e-04
13.750	22.500	5.8091e-04
13.750	22.750	4.0988e-04
13.750	23.000	2.8889e-04
13.750	23.250	1.8840e-04
13.750	23.500	1.1860e-04
13.750	23.750	7.8436e-05
13.750	24.000	5.3663e-05
14.000	17.000	3.7860e-06
14.000	17.250	5.5967e-06
14.000	17.500	7.7366e-06
14.000	17.750	1.0453e-05
14.000	18.000	1.4568e-05
14.000	18.250	2.1235e-05
14.000	18.500	3.2099e-05
14.000	18.750	4.8971e-05
14.000	19.000	7.4403e-05
14.000	19.250	1.1119e-04
14.000	19.500	1.6453e-04
14.000	19.750	2.3712e-04
14.000	20.000	3.3259e-04
14.000	20.250	4.5086e-04
14.000	20.500	5.7424e-04
14.000	20.750	6.7481e-04
14.000	21.000	8.1588e-04
14.000	21.250	1.0547e-03
14.000	21.500	1.0588e-03
14.000	21.750	1.1287e-03
14.000	22.000	9.9111e-04
14.000	22.250	7.7481e-04
14.000	22.500	6.0667e-04
14.000	22.750	4.5918e-04
14.000	23.000	3.2938e-04
14.000	23.250	2.2387e-04
14.000	23.500	1.4486e-04
14.000	23.750	8.9218e-05
14.000	24.000	5.8930e-05
