InwT 3648.00A  relative to Inci 1215.00A scaled to 1215A.
Hden   Phi(H)  Eq_Width (A)
 7.000	17.000	2.3030e-02
 7.000	17.250	1.7353e-02
 7.000	17.500	1.4053e-02
 7.000	17.750	1.2219e-02
 7.000	18.000	1.1277e-02
 7.000	18.250	1.0758e-02
 7.000	18.500	1.0463e-02
 7.000	18.750	1.0333e-02
 7.000	19.000	1.0267e-02
 7.000	19.250	1.0230e-02
 7.000	19.500	1.0215e-02
 7.000	19.750	1.0209e-02
 7.000	20.000	1.0206e-02
 7.000	20.250	1.0205e-02
 7.000	20.500	1.0204e-02
 7.000	20.750	1.0204e-02
 7.000	21.000	1.0204e-02
 7.000	21.250	1.0204e-02
 7.000	21.500	1.0204e-02
 7.000	21.750	1.0204e-02
 7.000	22.000	1.0204e-02
 7.000	22.250	1.0204e-02
 7.000	22.500	1.0204e-02
 7.000	22.750	1.0205e-02
 7.000	23.000	1.0205e-02
 7.000	23.250	1.0204e-02
 7.000	23.500	1.0205e-02
 7.000	23.750	1.0205e-02
 7.000	24.000	1.0205e-02
 7.250	17.000	2.8868e-02
 7.250	17.250	2.3019e-02
 7.250	17.500	1.7345e-02
 7.250	17.750	1.4047e-02
 7.250	18.000	1.2216e-02
 7.250	18.250	1.1276e-02
 7.250	18.500	1.0758e-02
 7.250	18.750	1.0463e-02
 7.250	19.000	1.0333e-02
 7.250	19.250	1.0266e-02
 7.250	19.500	1.0230e-02
 7.250	19.750	1.0215e-02
 7.250	20.000	1.0209e-02
 7.250	20.250	1.0206e-02
 7.250	20.500	1.0205e-02
 7.250	20.750	1.0204e-02
 7.250	21.000	1.0204e-02
 7.250	21.250	1.0204e-02
 7.250	21.500	1.0204e-02
 7.250	21.750	1.0204e-02
 7.250	22.000	1.0204e-02
 7.250	22.250	1.0204e-02
 7.250	22.500	1.0204e-02
 7.250	22.750	1.0204e-02
 7.250	23.000	1.0204e-02
 7.250	23.250	1.0204e-02
 7.250	23.500	1.0204e-02
 7.250	23.750	1.0204e-02
 7.250	24.000	1.0204e-02
 7.500	17.000	3.7088e-02
 7.500	17.250	2.8869e-02
 7.500	17.500	2.3012e-02
 7.500	17.750	1.7339e-02
 7.500	18.000	1.4043e-02
 7.500	18.250	1.2214e-02
 7.500	18.500	1.1275e-02
 7.500	18.750	1.0758e-02
 7.500	19.000	1.0463e-02
 7.500	19.250	1.0333e-02
 7.500	19.500	1.0266e-02
 7.500	19.750	1.0230e-02
 7.500	20.000	1.0215e-02
 7.500	20.250	1.0209e-02
 7.500	20.500	1.0206e-02
 7.500	20.750	1.0205e-02
 7.500	21.000	1.0204e-02
 7.500	21.250	1.0204e-02
 7.500	21.500	1.0204e-02
 7.500	21.750	1.0204e-02
 7.500	22.000	1.0204e-02
 7.500	22.250	1.0204e-02
 7.500	22.500	1.0204e-02
 7.500	22.750	1.0204e-02
 7.500	23.000	1.0204e-02
 7.500	23.250	1.0204e-02
 7.500	23.500	1.0205e-02
 7.500	23.750	1.0204e-02
 7.500	24.000	1.0204e-02
 7.750	17.000	3.5379e-02
 7.750	17.250	3.7189e-02
 7.750	17.500	2.8871e-02
 7.750	17.750	2.3009e-02
 7.750	18.000	1.7336e-02
 7.750	18.250	1.4038e-02
 7.750	18.500	1.2212e-02
 7.750	18.750	1.1275e-02
 7.750	19.000	1.0757e-02
 7.750	19.250	1.0463e-02
 7.750	19.500	1.0333e-02
 7.750	19.750	1.0266e-02
 7.750	20.000	1.0230e-02
 7.750	20.250	1.0215e-02
 7.750	20.500	1.0209e-02
 7.750	20.750	1.0206e-02
 7.750	21.000	1.0205e-02
 7.750	21.250	1.0204e-02
 7.750	21.500	1.0204e-02
 7.750	21.750	1.0204e-02
 7.750	22.000	1.0204e-02
 7.750	22.250	1.0204e-02
 7.750	22.500	1.0204e-02
 7.750	22.750	1.0204e-02
 7.750	23.000	1.0204e-02
 7.750	23.250	1.0204e-02
 7.750	23.500	1.0204e-02
 7.750	23.750	1.0204e-02
 7.750	24.000	1.0204e-02
 8.000	17.000	3.3343e-02
 8.000	17.250	3.5055e-02
 8.000	17.500	3.6841e-02
 8.000	17.750	2.8831e-02
 8.000	18.000	2.3006e-02
 8.000	18.250	1.7333e-02
 8.000	18.500	1.4034e-02
 8.000	18.750	1.2209e-02
 8.000	19.000	1.1274e-02
 8.000	19.250	1.0757e-02
 8.000	19.500	1.0463e-02
 8.000	19.750	1.0333e-02
 8.000	20.000	1.0266e-02
 8.000	20.250	1.0230e-02
 8.000	20.500	1.0215e-02
 8.000	20.750	1.0209e-02
 8.000	21.000	1.0206e-02
 8.000	21.250	1.0205e-02
 8.000	21.500	1.0204e-02
 8.000	21.750	1.0204e-02
 8.000	22.000	1.0204e-02
 8.000	22.250	1.0204e-02
 8.000	22.500	1.0204e-02
 8.000	22.750	1.0204e-02
 8.000	23.000	1.0204e-02
 8.000	23.250	1.0204e-02
 8.000	23.500	1.0204e-02
 8.000	23.750	1.0204e-02
 8.000	24.000	1.0204e-02
 8.250	17.000	3.1971e-02
 8.250	17.250	3.3544e-02
 8.250	17.500	3.5179e-02
 8.250	17.750	3.6886e-02
 8.250	18.000	2.8836e-02
 8.250	18.250	2.3005e-02
 8.250	18.500	1.7331e-02
 8.250	18.750	1.4030e-02
 8.250	19.000	1.2206e-02
 8.250	19.250	1.1273e-02
 8.250	19.500	1.0757e-02
 8.250	19.750	1.0463e-02
 8.250	20.000	1.0333e-02
 8.250	20.250	1.0266e-02
 8.250	20.500	1.0230e-02
 8.250	20.750	1.0215e-02
 8.250	21.000	1.0209e-02
 8.250	21.250	1.0206e-02
 8.250	21.500	1.0205e-02
 8.250	21.750	1.0204e-02
 8.250	22.000	1.0204e-02
 8.250	22.250	1.0204e-02
 8.250	22.500	1.0204e-02
 8.250	22.750	1.0204e-02
 8.250	23.000	1.0204e-02
 8.250	23.250	1.0204e-02
 8.250	23.500	1.0204e-02
 8.250	23.750	1.0204e-02
 8.250	24.000	1.0204e-02
 8.500	17.000	3.0903e-02
 8.500	17.250	3.2220e-02
 8.500	17.500	3.3800e-02
 8.500	17.750	3.5359e-02
 8.500	18.000	3.6959e-02
 8.500	18.250	2.8840e-02
 8.500	18.500	2.3004e-02
 8.500	18.750	1.7330e-02
 8.500	19.000	1.4025e-02
 8.500	19.250	1.2203e-02
 8.500	19.500	1.1272e-02
 8.500	19.750	1.0757e-02
 8.500	20.000	1.0463e-02
 8.500	20.250	1.0333e-02
 8.500	20.500	1.0266e-02
 8.500	20.750	1.0230e-02
 8.500	21.000	1.0215e-02
 8.500	21.250	1.0209e-02
 8.500	21.500	1.0206e-02
 8.500	21.750	1.0205e-02
 8.500	22.000	1.0204e-02
 8.500	22.250	1.0204e-02
 8.500	22.500	1.0204e-02
 8.500	22.750	1.0204e-02
 8.500	23.000	1.0204e-02
 8.500	23.250	1.0204e-02
 8.500	23.500	1.0204e-02
 8.500	23.750	1.0203e-02
 8.500	24.000	1.0203e-02
 8.750	17.000	3.0029e-02
 8.750	17.250	3.1214e-02
 8.750	17.500	3.2606e-02
 8.750	17.750	3.4231e-02
 8.750	18.000	3.5743e-02
 8.750	18.250	3.7180e-02
 8.750	18.500	2.8844e-02
 8.750	18.750	2.3003e-02
 8.750	19.000	1.7328e-02
 8.750	19.250	1.4020e-02
 8.750	19.500	1.2200e-02
 8.750	19.750	1.1271e-02
 8.750	20.000	1.0757e-02
 8.750	20.250	1.0463e-02
 8.750	20.500	1.0333e-02
 8.750	20.750	1.0266e-02
 8.750	21.000	1.0230e-02
 8.750	21.250	1.0215e-02
 8.750	21.500	1.0209e-02
 8.750	21.750	1.0206e-02
 8.750	22.000	1.0205e-02
 8.750	22.250	1.0204e-02
 8.750	22.500	1.0204e-02
 8.750	22.750	1.0204e-02
 8.750	23.000	1.0204e-02
 8.750	23.250	1.0204e-02
 8.750	23.500	1.0204e-02
 8.750	23.750	1.0204e-02
 8.750	24.000	1.0203e-02
 9.000	17.000	2.9219e-02
 9.000	17.250	3.0432e-02
 9.000	17.500	3.1765e-02
 9.000	17.750	3.3359e-02
 9.000	18.000	3.5107e-02
 9.000	18.250	3.6625e-02
 9.000	18.500	3.7640e-02
 9.000	18.750	2.8844e-02
 9.000	19.000	2.3002e-02
 9.000	19.250	1.7328e-02
 9.000	19.500	1.4015e-02
 9.000	19.750	1.2197e-02
 9.000	20.000	1.1270e-02
 9.000	20.250	1.0756e-02
 9.000	20.500	1.0463e-02
 9.000	20.750	1.0333e-02
 9.000	21.000	1.0266e-02
 9.000	21.250	1.0230e-02
 9.000	21.500	1.0215e-02
 9.000	21.750	1.0209e-02
 9.000	22.000	1.0206e-02
 9.000	22.250	1.0205e-02
 9.000	22.500	1.0204e-02
 9.000	22.750	1.0204e-02
 9.000	23.000	1.0204e-02
 9.000	23.250	1.0204e-02
 9.000	23.500	1.0204e-02
 9.000	23.750	1.0204e-02
 9.000	24.000	1.0204e-02
 9.250	17.000	2.8351e-02
 9.250	17.250	2.9716e-02
 9.250	17.500	3.1210e-02
 9.250	17.750	3.2948e-02
 9.250	18.000	3.4923e-02
 9.250	18.250	3.6979e-02
 9.250	18.500	3.8613e-02
 9.250	18.750	3.8793e-02
 9.250	19.000	2.8836e-02
 9.250	19.250	2.3001e-02
 9.250	19.500	1.7328e-02
 9.250	19.750	1.4011e-02
 9.250	20.000	1.2194e-02
 9.250	20.250	1.1269e-02
 9.250	20.500	1.0756e-02
 9.250	20.750	1.0463e-02
 9.250	21.000	1.0333e-02
 9.250	21.250	1.0266e-02
 9.250	21.500	1.0229e-02
 9.250	21.750	1.0214e-02
 9.250	22.000	1.0207e-02
 9.250	22.250	1.0205e-02
 9.250	22.500	1.0204e-02
 9.250	22.750	1.0204e-02
 9.250	23.000	1.0204e-02
 9.250	23.250	1.0204e-02
 9.250	23.500	1.0203e-02
 9.250	23.750	1.0204e-02
 9.250	24.000	1.0203e-02
 9.500	17.000	2.7393e-02
 9.500	17.250	2.9014e-02
 9.500	17.500	3.0808e-02
 9.500	17.750	3.2919e-02
 9.500	18.000	3.5334e-02
 9.500	18.250	3.8091e-02
 9.500	18.500	4.0716e-02
 9.500	18.750	4.2635e-02
 9.500	19.000	3.8781e-02
 9.500	19.250	2.8816e-02
 9.500	19.500	2.2999e-02
 9.500	19.750	1.7328e-02
 9.500	20.000	1.4008e-02
 9.500	20.250	1.2191e-02
 9.500	20.500	1.1268e-02
 9.500	20.750	1.0756e-02
 9.500	21.000	1.0462e-02
 9.500	21.250	1.0332e-02
 9.500	21.500	1.0265e-02
 9.500	21.750	1.0228e-02
 9.500	22.000	1.0213e-02
 9.500	22.250	1.0207e-02
 9.500	22.500	1.0204e-02
 9.500	22.750	1.0203e-02
 9.500	23.000	1.0202e-02
 9.500	23.250	1.0202e-02
 9.500	23.500	1.0202e-02
 9.500	23.750	1.0202e-02
 9.500	24.000	1.0202e-02
 9.750	17.000	2.6244e-02
 9.750	17.250	2.8156e-02
 9.750	17.500	3.0391e-02
 9.750	17.750	3.3102e-02
 9.750	18.000	3.6373e-02
 9.750	18.250	4.0005e-02
 9.750	18.500	4.3519e-02
 9.750	18.750	4.6331e-02
 9.750	19.000	4.8451e-02
 9.750	19.250	3.8612e-02
 9.750	19.500	2.8773e-02
 9.750	19.750	2.2997e-02
 9.750	20.000	1.7329e-02
 9.750	20.250	1.4006e-02
 9.750	20.500	1.2189e-02
 9.750	20.750	1.1268e-02
 9.750	21.000	1.0756e-02
 9.750	21.250	1.0462e-02
 9.750	21.500	1.0332e-02
 9.750	21.750	1.0265e-02
 9.750	22.000	1.0228e-02
 9.750	22.250	1.0213e-02
 9.750	22.500	1.0207e-02
 9.750	22.750	1.0204e-02
 9.750	23.000	1.0203e-02
 9.750	23.250	1.0202e-02
 9.750	23.500	1.0202e-02
 9.750	23.750	1.0202e-02
 9.750	24.000	1.0202e-02
10.000	17.000	2.4840e-02
10.000	17.250	2.7162e-02
10.000	17.500	2.9929e-02
10.000	17.750	3.3436e-02
10.000	18.000	3.7882e-02
10.000	18.250	4.2551e-02
10.000	18.500	4.6804e-02
10.000	18.750	5.0378e-02
10.000	19.000	5.3394e-02
10.000	19.250	5.2603e-02
10.000	19.500	3.8475e-02
10.000	19.750	2.8733e-02
10.000	20.000	2.2994e-02
10.000	20.250	1.7331e-02
10.000	20.500	1.4005e-02
10.000	20.750	1.2187e-02
10.000	21.000	1.1267e-02
10.000	21.250	1.0756e-02
10.000	21.500	1.0462e-02
10.000	21.750	1.0332e-02
10.000	22.000	1.0265e-02
10.000	22.250	1.0228e-02
10.000	22.500	1.0213e-02
10.000	22.750	1.0207e-02
10.000	23.000	1.0204e-02
10.000	23.250	1.0203e-02
10.000	23.500	1.0202e-02
10.000	23.750	1.0202e-02
10.000	24.000	1.0202e-02
10.250	17.000	2.3687e-02
10.250	17.250	2.6024e-02
10.250	17.500	2.9483e-02
10.250	17.750	3.3982e-02
10.250	18.000	3.9619e-02
10.250	18.250	4.5336e-02
10.250	18.500	5.0248e-02
10.250	18.750	5.4409e-02
10.250	19.000	5.7721e-02
10.250	19.250	6.0942e-02
10.250	19.500	5.5650e-02
10.250	19.750	3.8387e-02
10.250	20.000	2.8666e-02
10.250	20.250	2.2989e-02
10.250	20.500	1.7332e-02
10.250	20.750	1.4005e-02
10.250	21.000	1.2186e-02
10.250	21.250	1.1267e-02
10.250	21.500	1.0756e-02
10.250	21.750	1.0462e-02
10.250	22.000	1.0332e-02
10.250	22.250	1.0265e-02
10.250	22.500	1.0228e-02
10.250	22.750	1.0213e-02
10.250	23.000	1.0207e-02
10.250	23.250	1.0204e-02
10.250	23.500	1.0203e-02
10.250	23.750	1.0202e-02
10.250	24.000	1.0202e-02
10.500	17.000	2.2957e-02
10.500	17.250	2.5290e-02
10.500	17.500	2.9133e-02
10.500	17.750	3.4807e-02
10.500	18.000	4.1425e-02
10.500	18.250	4.7916e-02
10.500	18.500	5.3332e-02
10.500	18.750	5.7833e-02
10.500	19.000	6.1722e-02
10.500	19.250	6.5108e-02
10.500	19.500	6.8350e-02
10.500	19.750	5.5600e-02
10.500	20.000	3.8436e-02
10.500	20.250	2.8662e-02
10.500	20.500	2.2987e-02
10.500	20.750	1.7331e-02
10.500	21.000	1.4006e-02
10.500	21.250	1.2186e-02
10.500	21.500	1.1268e-02
10.500	21.750	1.0756e-02
10.500	22.000	1.0462e-02
10.500	22.250	1.0333e-02
10.500	22.500	1.0266e-02
10.500	22.750	1.0228e-02
10.500	23.000	1.0213e-02
10.500	23.250	1.0207e-02
10.500	23.500	1.0204e-02
10.500	23.750	1.0203e-02
10.500	24.000	1.0202e-02
10.750	17.000	2.2689e-02
10.750	17.250	2.5034e-02
10.750	17.500	2.9347e-02
10.750	17.750	3.5748e-02
10.750	18.000	4.3088e-02
10.750	18.250	4.9888e-02
10.750	18.500	5.5627e-02
10.750	18.750	6.0645e-02
10.750	19.000	6.4872e-02
10.750	19.250	6.8485e-02
10.750	19.500	7.1876e-02
10.750	19.750	7.4313e-02
10.750	20.000	5.5499e-02
10.750	20.250	3.8778e-02
10.750	20.500	2.8765e-02
10.750	20.750	2.2985e-02
10.750	21.000	1.7328e-02
10.750	21.250	1.4008e-02
10.750	21.500	1.2186e-02
10.750	21.750	1.1268e-02
10.750	22.000	1.0756e-02
10.750	22.250	1.0462e-02
10.750	22.500	1.0333e-02
10.750	22.750	1.0266e-02
10.750	23.000	1.0229e-02
10.750	23.250	1.0213e-02
10.750	23.500	1.0207e-02
10.750	23.750	1.0204e-02
10.750	24.000	1.0203e-02
11.000	17.000	2.2787e-02
11.000	17.250	2.5217e-02
11.000	17.500	2.9907e-02
11.000	17.750	3.6722e-02
11.000	18.000	4.4158e-02
11.000	18.250	5.0984e-02
11.000	18.500	5.7092e-02
11.000	18.750	6.2459e-02
11.000	19.000	6.7098e-02
11.000	19.250	7.1034e-02
11.000	19.500	7.4519e-02
11.000	19.750	7.7700e-02
11.000	20.000	7.8135e-02
11.000	20.250	5.5955e-02
11.000	20.500	3.8867e-02
11.000	20.750	2.8933e-02
11.000	21.000	2.2984e-02
11.000	21.250	1.7320e-02
11.000	21.500	1.4009e-02
11.000	21.750	1.2187e-02
11.000	22.000	1.1269e-02
11.000	22.250	1.0756e-02
11.000	22.500	1.0462e-02
11.000	22.750	1.0333e-02
11.000	23.000	1.0266e-02
11.000	23.250	1.0229e-02
11.000	23.500	1.0214e-02
11.000	23.750	1.0207e-02
11.000	24.000	1.0205e-02
11.250	17.000	2.3155e-02
11.250	17.250	2.5638e-02
11.250	17.500	3.0544e-02
11.250	17.750	3.7401e-02
11.250	18.000	4.4669e-02
11.250	18.250	5.1392e-02
11.250	18.500	5.7634e-02
11.250	18.750	6.3413e-02
11.250	19.000	6.8374e-02
11.250	19.250	7.2732e-02
11.250	19.500	7.6351e-02
11.250	19.750	7.9523e-02
11.250	20.000	8.2605e-02
11.250	20.250	7.9688e-02
11.250	20.500	5.6138e-02
11.250	20.750	3.9306e-02
11.250	21.000	2.9268e-02
11.250	21.250	2.2984e-02
11.250	21.500	1.7306e-02
11.250	21.750	1.4008e-02
11.250	22.000	1.2189e-02
11.250	22.250	1.1270e-02
11.250	22.500	1.0756e-02
11.250	22.750	1.0462e-02
11.250	23.000	1.0333e-02
11.250	23.250	1.0266e-02
11.250	23.500	1.0229e-02
11.250	23.750	1.0214e-02
11.250	24.000	1.0207e-02
11.500	17.000	2.3777e-02
11.500	17.250	2.6265e-02
11.500	17.500	3.1136e-02
11.500	17.750	3.7758e-02
11.500	18.000	4.4739e-02
11.500	18.250	5.1347e-02
11.500	18.500	5.7676e-02
11.500	18.750	6.3732e-02
11.500	19.000	6.9200e-02
11.500	19.250	7.3778e-02
11.500	19.500	7.7504e-02
11.500	19.750	8.0864e-02
11.500	20.000	8.4021e-02
11.500	20.250	8.7266e-02
11.500	20.500	8.0378e-02
11.500	20.750	5.6638e-02
11.500	21.000	3.9892e-02
11.500	21.250	2.9898e-02
11.500	21.500	2.2973e-02
11.500	21.750	1.7281e-02
11.500	22.000	1.4004e-02
11.500	22.250	1.2191e-02
11.500	22.500	1.1271e-02
11.500	22.750	1.0757e-02
11.500	23.000	1.0462e-02
11.500	23.250	1.0333e-02
11.500	23.500	1.0267e-02
11.500	23.750	1.0229e-02
11.500	24.000	1.0214e-02
11.750	17.000	2.4621e-02
11.750	17.250	2.7019e-02
11.750	17.500	3.1665e-02
11.750	17.750	3.7907e-02
11.750	18.000	4.4501e-02
11.750	18.250	5.1071e-02
11.750	18.500	5.7600e-02
11.750	18.750	6.3911e-02
11.750	19.000	6.9794e-02
11.750	19.250	7.4771e-02
11.750	19.500	7.8770e-02
11.750	19.750	8.2042e-02
11.750	20.000	8.5270e-02
11.750	20.250	8.8542e-02
11.750	20.500	9.2264e-02
11.750	20.750	8.0200e-02
11.750	21.000	5.7446e-02
11.750	21.250	4.0974e-02
11.750	21.500	3.0935e-02
11.750	21.750	2.2948e-02
11.750	22.000	1.7247e-02
11.750	22.250	1.3995e-02
11.750	22.500	1.2192e-02
11.750	22.750	1.1272e-02
11.750	23.000	1.0757e-02
11.750	23.250	1.0462e-02
11.750	23.500	1.0333e-02
11.750	23.750	1.0267e-02
11.750	24.000	1.0229e-02
12.000	17.000	2.5640e-02
12.000	17.250	2.7847e-02
12.000	17.500	3.2024e-02
12.000	17.750	3.7694e-02
12.000	18.000	4.4008e-02
12.000	18.250	5.0700e-02
12.000	18.500	5.7630e-02
12.000	18.750	6.4421e-02
12.000	19.000	7.0702e-02
12.000	19.250	7.6148e-02
12.000	19.500	8.0466e-02
12.000	19.750	8.3762e-02
12.000	20.000	8.6772e-02
12.000	20.250	8.9915e-02
12.000	20.500	9.3386e-02
12.000	20.750	9.7505e-02
12.000	21.000	8.0902e-02
12.000	21.250	5.8703e-02
12.000	21.500	4.2511e-02
12.000	21.750	3.2220e-02
12.000	22.000	2.2906e-02
12.000	22.250	1.7212e-02
12.000	22.500	1.3979e-02
12.000	22.750	1.2193e-02
12.000	23.000	1.1273e-02
12.000	23.250	1.0757e-02
12.000	23.500	1.0461e-02
12.000	23.750	1.0333e-02
12.000	24.000	1.0267e-02
12.250	17.000	2.6615e-02
12.250	17.250	2.8531e-02
12.250	17.500	3.1992e-02
12.250	17.750	3.6953e-02
12.250	18.000	4.3147e-02
12.250	18.250	5.0341e-02
12.250	18.500	5.8062e-02
12.250	18.750	6.5505e-02
12.250	19.000	7.2130e-02
12.250	19.250	7.7930e-02
12.250	19.500	8.2612e-02
12.250	19.750	8.6220e-02
12.250	20.000	8.8932e-02
12.250	20.250	9.1779e-02
12.250	20.500	9.5123e-02
12.250	20.750	9.9251e-02
12.250	21.000	1.0365e-01
12.250	21.250	8.2812e-02
12.250	21.500	6.0468e-02
12.250	21.750	4.4415e-02
12.250	22.000	3.2805e-02
12.250	22.250	2.2848e-02
12.250	22.500	1.7166e-02
12.250	22.750	1.3957e-02
12.250	23.000	1.2193e-02
12.250	23.250	1.1274e-02
12.250	23.500	1.0757e-02
12.250	23.750	1.0461e-02
12.250	24.000	1.0333e-02
12.500	17.000	2.6741e-02
12.500	17.250	2.8358e-02
12.500	17.500	3.1092e-02
12.500	17.750	3.5623e-02
12.500	18.000	4.2128e-02
12.500	18.250	4.9935e-02
12.500	18.500	5.8546e-02
12.500	18.750	6.6954e-02
12.500	19.000	7.4313e-02
12.500	19.250	8.0224e-02
12.500	19.500	8.5200e-02
12.500	19.750	8.9129e-02
12.500	20.000	9.2098e-02
12.500	20.250	9.4568e-02
12.500	20.500	9.7514e-02
12.500	20.750	1.0154e-01
12.500	21.000	1.0719e-01
12.500	21.250	1.1228e-01
12.500	21.500	8.5365e-02
12.500	21.750	6.2934e-02
12.500	22.000	4.6445e-02
12.500	22.250	3.2776e-02
12.500	22.500	2.2772e-02
12.500	22.750	1.7104e-02
12.500	23.000	1.3929e-02
12.500	23.250	1.2191e-02
12.500	23.500	1.1273e-02
12.500	23.750	1.0757e-02
12.500	24.000	1.0460e-02
12.750	17.000	2.4028e-02
12.750	17.250	2.5757e-02
12.750	17.500	2.8929e-02
12.750	17.750	3.4332e-02
12.750	18.000	4.1308e-02
12.750	18.250	4.9622e-02
12.750	18.500	5.8762e-02
12.750	18.750	6.8106e-02
12.750	19.000	7.6392e-02
12.750	19.250	8.2927e-02
12.750	19.500	8.7970e-02
12.750	19.750	9.2232e-02
12.750	20.000	9.5535e-02
12.750	20.250	9.8451e-02
12.750	20.500	1.0073e-01
12.750	20.750	1.0459e-01
12.750	21.000	1.0999e-01
12.750	21.250	1.1842e-01
12.750	21.500	1.1955e-01
12.750	21.750	8.8886e-02
12.750	22.000	6.5829e-02
12.750	22.250	4.8123e-02
12.750	22.500	3.2689e-02
12.750	22.750	2.2678e-02
12.750	23.000	1.7039e-02
12.750	23.250	1.3896e-02
12.750	23.500	1.2185e-02
12.750	23.750	1.1271e-02
12.750	24.000	1.0756e-02
13.000	17.000	1.8355e-02
13.000	17.250	2.2016e-02
13.000	17.500	2.8100e-02
13.000	17.750	3.3783e-02
13.000	18.000	4.0976e-02
13.000	18.250	4.9561e-02
13.000	18.500	5.9029e-02
13.000	18.750	6.8726e-02
13.000	19.000	7.7790e-02
13.000	19.250	8.5270e-02
13.000	19.500	9.0839e-02
13.000	19.750	9.5174e-02
13.000	20.000	9.8810e-02
13.000	20.250	1.0209e-01
13.000	20.500	1.0529e-01
13.000	20.750	1.0875e-01
13.000	21.000	1.1401e-01
13.000	21.250	1.2213e-01
13.000	21.500	1.2898e-01
13.000	21.750	1.2766e-01
13.000	22.000	9.3772e-02
13.000	22.250	6.8596e-02
13.000	22.500	4.8966e-02
13.000	22.750	3.2560e-02
13.000	23.000	2.2561e-02
13.000	23.250	1.6977e-02
13.000	23.500	1.3856e-02
13.000	23.750	1.2175e-02
13.000	24.000	1.1267e-02
13.250	17.000	1.7848e-02
13.250	17.250	2.1101e-02
13.250	17.500	2.6889e-02
13.250	17.750	3.3715e-02
13.250	18.000	4.1156e-02
13.250	18.250	4.9872e-02
13.250	18.500	5.9476e-02
13.250	18.750	6.9336e-02
13.250	19.000	7.8707e-02
13.250	19.250	8.6726e-02
13.250	19.500	9.3036e-02
13.250	19.750	9.7881e-02
13.250	20.000	1.0190e-01
13.250	20.250	1.0557e-01
13.250	20.500	1.0926e-01
13.250	20.750	1.1324e-01
13.250	21.000	1.1864e-01
13.250	21.250	1.2547e-01
13.250	21.500	1.3226e-01
13.250	21.750	1.4123e-01
13.250	22.000	1.3616e-01
13.250	22.250	9.6180e-02
13.250	22.500	6.9935e-02
13.250	22.750	4.8983e-02
13.250	23.000	3.2378e-02
13.250	23.250	2.2434e-02
13.250	23.500	1.6893e-02
13.250	23.750	1.3814e-02
13.250	24.000	1.2159e-02
13.500	17.000	1.7570e-02
13.500	17.250	2.0676e-02
13.500	17.500	2.5960e-02
13.500	17.750	3.3125e-02
13.500	18.000	4.1742e-02
13.500	18.250	5.0513e-02
13.500	18.500	6.0159e-02
13.500	18.750	7.0131e-02
13.500	19.000	7.9740e-02
13.500	19.250	8.8203e-02
13.500	19.500	9.4941e-02
13.500	19.750	1.0026e-01
13.500	20.000	1.0489e-01
13.500	20.250	1.0951e-01
13.500	20.500	1.1315e-01
13.500	20.750	1.1708e-01
13.500	21.000	1.2163e-01
13.500	21.250	1.2819e-01
13.500	21.500	1.3260e-01
13.500	21.750	1.4291e-01
13.500	22.000	1.5282e-01
13.500	22.250	1.4036e-01
13.500	22.500	9.7580e-02
13.500	22.750	7.0177e-02
13.500	23.000	4.8577e-02
13.500	23.250	3.2145e-02
13.500	23.500	2.2287e-02
13.500	23.750	1.6780e-02
13.500	24.000	1.3765e-02
13.750	17.000	1.7594e-02
13.750	17.250	2.0492e-02
13.750	17.500	2.5526e-02
13.750	17.750	3.2694e-02
13.750	18.000	4.1938e-02
13.750	18.250	5.1349e-02
13.750	18.500	6.1378e-02
13.750	18.750	7.1318e-02
13.750	19.000	8.1050e-02
13.750	19.250	8.9990e-02
13.750	19.500	9.7454e-02
13.750	19.750	1.0336e-01
13.750	20.000	1.0833e-01
13.750	20.250	1.1300e-01
13.750	20.500	1.1766e-01
13.750	20.750	1.2196e-01
13.750	21.000	1.2631e-01
13.750	21.250	1.3133e-01
13.750	21.500	1.3563e-01
13.750	21.750	1.4448e-01
13.750	22.000	1.5666e-01
13.750	22.250	1.6686e-01
13.750	22.500	1.4375e-01
13.750	22.750	9.8391e-02
13.750	23.000	6.9370e-02
13.750	23.250	4.8131e-02
13.750	23.500	3.1847e-02
13.750	23.750	2.2103e-02
13.750	24.000	1.6659e-02
14.000	17.000	1.7849e-02
14.000	17.250	2.0527e-02
14.000	17.500	2.5386e-02
14.000	17.750	3.2295e-02
14.000	18.000	4.2025e-02
14.000	18.250	5.2640e-02
14.000	18.500	6.3061e-02
14.000	18.750	7.2996e-02
14.000	19.000	8.2734e-02
14.000	19.250	9.2085e-02
14.000	19.500	1.0048e-01
14.000	19.750	1.0735e-01
14.000	20.000	1.1280e-01
14.000	20.250	1.1758e-01
14.000	20.500	1.2248e-01
14.000	20.750	1.2732e-01
14.000	21.000	1.3217e-01
14.000	21.250	1.3758e-01
14.000	21.500	1.4111e-01
14.000	21.750	1.4957e-01
14.000	22.000	1.6233e-01
14.000	22.250	1.7864e-01
14.000	22.500	1.8494e-01
14.000	22.750	1.4729e-01
14.000	23.000	1.0019e-01
14.000	23.250	6.9058e-02
14.000	23.500	4.7819e-02
14.000	23.750	3.1461e-02
14.000	24.000	2.1860e-02
