InwC 1650.00A  relative to Inci 1215.00A scaled to 1215A.
Hden   Phi(H)  Eq_Width (A)
 7.000	17.000	1.3808e-02
 7.000	17.250	1.3817e-02
 7.000	17.500	1.3823e-02
 7.000	17.750	1.3829e-02
 7.000	18.000	1.3835e-02
 7.000	18.250	1.3840e-02
 7.000	18.500	1.3844e-02
 7.000	18.750	1.3846e-02
 7.000	19.000	1.3847e-02
 7.000	19.250	1.3849e-02
 7.000	19.500	1.3849e-02
 7.000	19.750	1.3849e-02
 7.000	20.000	1.3849e-02
 7.000	20.250	1.3849e-02
 7.000	20.500	1.3849e-02
 7.000	20.750	1.3850e-02
 7.000	21.000	1.3850e-02
 7.000	21.250	1.3850e-02
 7.000	21.500	1.3850e-02
 7.000	21.750	1.3850e-02
 7.000	22.000	1.3850e-02
 7.000	22.250	1.3850e-02
 7.000	22.500	1.3850e-02
 7.000	22.750	1.3851e-02
 7.000	23.000	1.3851e-02
 7.000	23.250	1.3850e-02
 7.000	23.500	1.3851e-02
 7.000	23.750	1.3851e-02
 7.000	24.000	1.3852e-02
 7.250	17.000	1.3253e-02
 7.250	17.250	1.3808e-02
 7.250	17.500	1.3817e-02
 7.250	17.750	1.3823e-02
 7.250	18.000	1.3829e-02
 7.250	18.250	1.3835e-02
 7.250	18.500	1.3840e-02
 7.250	18.750	1.3844e-02
 7.250	19.000	1.3846e-02
 7.250	19.250	1.3847e-02
 7.250	19.500	1.3849e-02
 7.250	19.750	1.3849e-02
 7.250	20.000	1.3849e-02
 7.250	20.250	1.3849e-02
 7.250	20.500	1.3849e-02
 7.250	20.750	1.3849e-02
 7.250	21.000	1.3849e-02
 7.250	21.250	1.3849e-02
 7.250	21.500	1.3850e-02
 7.250	21.750	1.3850e-02
 7.250	22.000	1.3850e-02
 7.250	22.250	1.3850e-02
 7.250	22.500	1.3850e-02
 7.250	22.750	1.3850e-02
 7.250	23.000	1.3850e-02
 7.250	23.250	1.3850e-02
 7.250	23.500	1.3850e-02
 7.250	23.750	1.3850e-02
 7.250	24.000	1.3850e-02
 7.500	17.000	1.2502e-02
 7.500	17.250	1.3256e-02
 7.500	17.500	1.3808e-02
 7.500	17.750	1.3817e-02
 7.500	18.000	1.3823e-02
 7.500	18.250	1.3829e-02
 7.500	18.500	1.3835e-02
 7.500	18.750	1.3840e-02
 7.500	19.000	1.3844e-02
 7.500	19.250	1.3846e-02
 7.500	19.500	1.3847e-02
 7.500	19.750	1.3849e-02
 7.500	20.000	1.3849e-02
 7.500	20.250	1.3849e-02
 7.500	20.500	1.3849e-02
 7.500	20.750	1.3849e-02
 7.500	21.000	1.3849e-02
 7.500	21.250	1.3849e-02
 7.500	21.500	1.3849e-02
 7.500	21.750	1.3849e-02
 7.500	22.000	1.3849e-02
 7.500	22.250	1.3850e-02
 7.500	22.500	1.3850e-02
 7.500	22.750	1.3850e-02
 7.500	23.000	1.3850e-02
 7.500	23.250	1.3850e-02
 7.500	23.500	1.3851e-02
 7.500	23.750	1.3850e-02
 7.500	24.000	1.3850e-02
 7.750	17.000	1.0265e-02
 7.750	17.250	1.2525e-02
 7.750	17.500	1.3258e-02
 7.750	17.750	1.3808e-02
 7.750	18.000	1.3817e-02
 7.750	18.250	1.3823e-02
 7.750	18.500	1.3829e-02
 7.750	18.750	1.3835e-02
 7.750	19.000	1.3840e-02
 7.750	19.250	1.3844e-02
 7.750	19.500	1.3846e-02
 7.750	19.750	1.3847e-02
 7.750	20.000	1.3849e-02
 7.750	20.250	1.3849e-02
 7.750	20.500	1.3849e-02
 7.750	20.750	1.3849e-02
 7.750	21.000	1.3849e-02
 7.750	21.250	1.3849e-02
 7.750	21.500	1.3849e-02
 7.750	21.750	1.3849e-02
 7.750	22.000	1.3849e-02
 7.750	22.250	1.3849e-02
 7.750	22.500	1.3849e-02
 7.750	22.750	1.3850e-02
 7.750	23.000	1.3849e-02
 7.750	23.250	1.3850e-02
 7.750	23.500	1.3850e-02
 7.750	23.750	1.3850e-02
 7.750	24.000	1.3850e-02
 8.000	17.000	8.6231e-03
 8.000	17.250	1.0241e-02
 8.000	17.500	1.2480e-02
 8.000	17.750	1.3254e-02
 8.000	18.000	1.3808e-02
 8.000	18.250	1.3817e-02
 8.000	18.500	1.3823e-02
 8.000	18.750	1.3829e-02
 8.000	19.000	1.3835e-02
 8.000	19.250	1.3840e-02
 8.000	19.500	1.3844e-02
 8.000	19.750	1.3846e-02
 8.000	20.000	1.3847e-02
 8.000	20.250	1.3849e-02
 8.000	20.500	1.3849e-02
 8.000	20.750	1.3849e-02
 8.000	21.000	1.3849e-02
 8.000	21.250	1.3849e-02
 8.000	21.500	1.3849e-02
 8.000	21.750	1.3849e-02
 8.000	22.000	1.3849e-02
 8.000	22.250	1.3849e-02
 8.000	22.500	1.3849e-02
 8.000	22.750	1.3849e-02
 8.000	23.000	1.3849e-02
 8.000	23.250	1.3849e-02
 8.000	23.500	1.3849e-02
 8.000	23.750	1.3849e-02
 8.000	24.000	1.3850e-02
 8.250	17.000	7.5006e-03
 8.250	17.250	8.6551e-03
 8.250	17.500	1.0266e-02
 8.250	17.750	1.2490e-02
 8.250	18.000	1.3255e-02
 8.250	18.250	1.3808e-02
 8.250	18.500	1.3817e-02
 8.250	18.750	1.3823e-02
 8.250	19.000	1.3829e-02
 8.250	19.250	1.3835e-02
 8.250	19.500	1.3840e-02
 8.250	19.750	1.3844e-02
 8.250	20.000	1.3846e-02
 8.250	20.250	1.3847e-02
 8.250	20.500	1.3849e-02
 8.250	20.750	1.3849e-02
 8.250	21.000	1.3849e-02
 8.250	21.250	1.3849e-02
 8.250	21.500	1.3849e-02
 8.250	21.750	1.3849e-02
 8.250	22.000	1.3849e-02
 8.250	22.250	1.3849e-02
 8.250	22.500	1.3849e-02
 8.250	22.750	1.3850e-02
 8.250	23.000	1.3849e-02
 8.250	23.250	1.3850e-02
 8.250	23.500	1.3850e-02
 8.250	23.750	1.3849e-02
 8.250	24.000	1.3850e-02
 8.500	17.000	6.7279e-03
 8.500	17.250	7.5279e-03
 8.500	17.500	8.6905e-03
 8.500	17.750	1.0294e-02
 8.500	18.000	1.2503e-02
 8.500	18.250	1.3257e-02
 8.500	18.500	1.3808e-02
 8.500	18.750	1.3816e-02
 8.500	19.000	1.3823e-02
 8.500	19.250	1.3829e-02
 8.500	19.500	1.3835e-02
 8.500	19.750	1.3840e-02
 8.500	20.000	1.3844e-02
 8.500	20.250	1.3846e-02
 8.500	20.500	1.3847e-02
 8.500	20.750	1.3849e-02
 8.500	21.000	1.3849e-02
 8.500	21.250	1.3849e-02
 8.500	21.500	1.3849e-02
 8.500	21.750	1.3849e-02
 8.500	22.000	1.3849e-02
 8.500	22.250	1.3849e-02
 8.500	22.500	1.3849e-02
 8.500	22.750	1.3849e-02
 8.500	23.000	1.3849e-02
 8.500	23.250	1.3849e-02
 8.500	23.500	1.3849e-02
 8.500	23.750	1.3849e-02
 8.500	24.000	1.3849e-02
 8.750	17.000	6.1925e-03
 8.750	17.250	6.7467e-03
 8.750	17.500	7.5597e-03
 8.750	17.750	8.7417e-03
 8.750	18.000	1.0348e-02
 8.750	18.250	1.2538e-02
 8.750	18.500	1.3257e-02
 8.750	18.750	1.3807e-02
 8.750	19.000	1.3816e-02
 8.750	19.250	1.3823e-02
 8.750	19.500	1.3829e-02
 8.750	19.750	1.3835e-02
 8.750	20.000	1.3840e-02
 8.750	20.250	1.3844e-02
 8.750	20.500	1.3846e-02
 8.750	20.750	1.3847e-02
 8.750	21.000	1.3849e-02
 8.750	21.250	1.3849e-02
 8.750	21.500	1.3849e-02
 8.750	21.750	1.3849e-02
 8.750	22.000	1.3849e-02
 8.750	22.250	1.3849e-02
 8.750	22.500	1.3849e-02
 8.750	22.750	1.3849e-02
 8.750	23.000	1.3849e-02
 8.750	23.250	1.3849e-02
 8.750	23.500	1.3850e-02
 8.750	23.750	1.3849e-02
 8.750	24.000	1.3849e-02
 9.000	17.000	5.8186e-03
 9.000	17.250	6.2030e-03
 9.000	17.500	6.7719e-03
 9.000	17.750	7.6156e-03
 9.000	18.000	8.8263e-03
 9.000	18.250	1.0459e-02
 9.000	18.500	1.2607e-02
 9.000	18.750	1.3255e-02
 9.000	19.000	1.3807e-02
 9.000	19.250	1.3816e-02
 9.000	19.500	1.3823e-02
 9.000	19.750	1.3829e-02
 9.000	20.000	1.3835e-02
 9.000	20.250	1.3841e-02
 9.000	20.500	1.3844e-02
 9.000	20.750	1.3846e-02
 9.000	21.000	1.3847e-02
 9.000	21.250	1.3849e-02
 9.000	21.500	1.3849e-02
 9.000	21.750	1.3849e-02
 9.000	22.000	1.3849e-02
 9.000	22.250	1.3849e-02
 9.000	22.500	1.3849e-02
 9.000	22.750	1.3849e-02
 9.000	23.000	1.3849e-02
 9.000	23.250	1.3849e-02
 9.000	23.500	1.3849e-02
 9.000	23.750	1.3849e-02
 9.000	24.000	1.3849e-02
 9.250	17.000	5.5561e-03
 9.250	17.250	5.8202e-03
 9.250	17.500	6.2177e-03
 9.250	17.750	6.8210e-03
 9.250	18.000	7.7202e-03
 9.250	18.250	8.9973e-03
 9.250	18.500	1.0687e-02
 9.250	18.750	1.2785e-02
 9.250	19.000	1.3252e-02
 9.250	19.250	1.3805e-02
 9.250	19.500	1.3816e-02
 9.250	19.750	1.3823e-02
 9.250	20.000	1.3829e-02
 9.250	20.250	1.3835e-02
 9.250	20.500	1.3841e-02
 9.250	20.750	1.3844e-02
 9.250	21.000	1.3846e-02
 9.250	21.250	1.3847e-02
 9.250	21.500	1.3847e-02
 9.250	21.750	1.3847e-02
 9.250	22.000	1.3847e-02
 9.250	22.250	1.3848e-02
 9.250	22.500	1.3849e-02
 9.250	22.750	1.3849e-02
 9.250	23.000	1.3849e-02
 9.250	23.250	1.3849e-02
 9.250	23.500	1.3849e-02
 9.250	23.750	1.3849e-02
 9.250	24.000	1.3849e-02
 9.500	17.000	5.3706e-03
 9.500	17.250	5.5521e-03
 9.500	17.500	5.8272e-03
 9.500	17.750	6.2574e-03
 9.500	18.000	6.9240e-03
 9.500	18.250	7.9267e-03
 9.500	18.500	9.3219e-03
 9.500	18.750	1.1145e-02
 9.500	19.000	1.2787e-02
 9.500	19.250	1.3245e-02
 9.500	19.500	1.3803e-02
 9.500	19.750	1.3815e-02
 9.500	20.000	1.3823e-02
 9.500	20.250	1.3829e-02
 9.500	20.500	1.3835e-02
 9.500	20.750	1.3840e-02
 9.500	21.000	1.3843e-02
 9.500	21.250	1.3844e-02
 9.500	21.500	1.3846e-02
 9.500	21.750	1.3846e-02
 9.500	22.000	1.3847e-02
 9.500	22.250	1.3847e-02
 9.500	22.500	1.3847e-02
 9.500	22.750	1.3847e-02
 9.500	23.000	1.3847e-02
 9.500	23.250	1.3847e-02
 9.500	23.500	1.3847e-02
 9.500	23.750	1.3847e-02
 9.500	24.000	1.3847e-02
 9.750	17.000	5.2393e-03
 9.750	17.250	5.3598e-03
 9.750	17.500	5.5467e-03
 9.750	17.750	5.8506e-03
 9.750	18.000	6.3481e-03
 9.750	18.250	7.1237e-03
 9.750	18.500	8.2458e-03
 9.750	18.750	9.7560e-03
 9.750	19.000	1.1778e-02
 9.750	19.250	1.2780e-02
 9.750	19.500	1.3234e-02
 9.750	19.750	1.3799e-02
 9.750	20.000	1.3814e-02
 9.750	20.250	1.3823e-02
 9.750	20.500	1.3829e-02
 9.750	20.750	1.3835e-02
 9.750	21.000	1.3840e-02
 9.750	21.250	1.3843e-02
 9.750	21.500	1.3844e-02
 9.750	21.750	1.3846e-02
 9.750	22.000	1.3847e-02
 9.750	22.250	1.3847e-02
 9.750	22.500	1.3847e-02
 9.750	22.750	1.3847e-02
 9.750	23.000	1.3847e-02
 9.750	23.250	1.3847e-02
 9.750	23.500	1.3847e-02
 9.750	23.750	1.3847e-02
 9.750	24.000	1.3847e-02
10.000	17.000	5.1459e-03
10.000	17.250	5.2250e-03
10.000	17.500	5.3492e-03
10.000	17.750	5.5579e-03
10.000	18.000	5.9244e-03
10.000	18.250	6.5062e-03
10.000	18.500	7.3749e-03
10.000	18.750	8.5923e-03
10.000	19.000	1.0283e-02
10.000	19.250	1.2171e-02
10.000	19.500	1.2779e-02
10.000	19.750	1.3220e-02
10.000	20.000	1.3794e-02
10.000	20.250	1.3813e-02
10.000	20.500	1.3822e-02
10.000	20.750	1.3829e-02
10.000	21.000	1.3835e-02
10.000	21.250	1.3840e-02
10.000	21.500	1.3843e-02
10.000	21.750	1.3844e-02
10.000	22.000	1.3846e-02
10.000	22.250	1.3847e-02
10.000	22.500	1.3847e-02
10.000	22.750	1.3847e-02
10.000	23.000	1.3847e-02
10.000	23.250	1.3847e-02
10.000	23.500	1.3847e-02
10.000	23.750	1.3847e-02
10.000	24.000	1.3847e-02
10.250	17.000	5.0802e-03
10.250	17.250	5.1297e-03
10.250	17.500	5.2099e-03
10.250	17.750	5.3514e-03
10.250	18.000	5.6089e-03
10.250	18.250	6.0303e-03
10.250	18.500	6.6710e-03
10.250	18.750	7.6099e-03
10.250	19.000	8.9492e-03
10.250	19.250	1.0878e-02
10.250	19.500	1.2473e-02
10.250	19.750	1.2779e-02
10.250	20.000	1.3208e-02
10.250	20.250	1.3788e-02
10.250	20.500	1.3810e-02
10.250	20.750	1.3822e-02
10.250	21.000	1.3829e-02
10.250	21.250	1.3835e-02
10.250	21.500	1.3840e-02
10.250	21.750	1.3844e-02
10.250	22.000	1.3845e-02
10.250	22.250	1.3846e-02
10.250	22.500	1.3847e-02
10.250	22.750	1.3847e-02
10.250	23.000	1.3847e-02
10.250	23.250	1.3847e-02
10.250	23.500	1.3847e-02
10.250	23.750	1.3847e-02
10.250	24.000	1.3847e-02
10.500	17.000	5.0343e-03
10.500	17.250	5.0631e-03
10.500	17.500	5.1115e-03
10.500	17.750	5.2024e-03
10.500	18.000	5.3761e-03
10.500	18.250	5.6750e-03
10.500	18.500	6.1317e-03
10.500	18.750	6.8393e-03
10.500	19.000	7.8963e-03
10.500	19.250	9.3888e-03
10.500	19.500	1.1386e-02
10.500	19.750	1.2501e-02
10.500	20.000	1.2777e-02
10.500	20.250	1.3199e-02
10.500	20.500	1.3781e-02
10.500	20.750	1.3807e-02
10.500	21.000	1.3821e-02
10.500	21.250	1.3829e-02
10.500	21.500	1.3835e-02
10.500	21.750	1.3840e-02
10.500	22.000	1.3844e-02
10.500	22.250	1.3845e-02
10.500	22.500	1.3846e-02
10.500	22.750	1.3847e-02
10.500	23.000	1.3847e-02
10.500	23.250	1.3847e-02
10.500	23.500	1.3847e-02
10.500	23.750	1.3847e-02
10.500	24.000	1.3847e-02
10.750	17.000	5.0009e-03
10.750	17.250	5.0152e-03
10.750	17.500	5.0406e-03
10.750	17.750	5.0936e-03
10.750	18.000	5.2074e-03
10.750	18.250	5.4154e-03
10.750	18.500	5.7521e-03
10.750	18.750	6.2850e-03
10.750	19.000	7.0586e-03
10.750	19.250	8.1724e-03
10.750	19.500	9.7507e-03
10.750	19.750	1.1823e-02
10.750	20.000	1.2505e-02
10.750	20.250	1.2783e-02
10.750	20.500	1.3196e-02
10.750	20.750	1.3773e-02
10.750	21.000	1.3803e-02
10.750	21.250	1.3820e-02
10.750	21.500	1.3829e-02
10.750	21.750	1.3835e-02
10.750	22.000	1.3840e-02
10.750	22.250	1.3844e-02
10.750	22.500	1.3846e-02
10.750	22.750	1.3847e-02
10.750	23.000	1.3847e-02
10.750	23.250	1.3847e-02
10.750	23.500	1.3847e-02
10.750	23.750	1.3847e-02
10.750	24.000	1.3847e-02
11.000	17.000	4.9751e-03
11.000	17.250	4.9791e-03
11.000	17.500	4.9872e-03
11.000	17.750	5.0151e-03
11.000	18.000	5.0881e-03
11.000	18.250	5.2345e-03
11.000	18.500	5.4871e-03
11.000	18.750	5.8728e-03
11.000	19.000	6.4290e-03
11.000	19.250	7.2360e-03
11.000	19.500	8.4020e-03
11.000	19.750	1.0077e-02
11.000	20.000	1.2094e-02
11.000	20.250	1.2507e-02
11.000	20.500	1.2790e-02
11.000	20.750	1.3201e-02
11.000	21.000	1.3767e-02
11.000	21.250	1.3799e-02
11.000	21.500	1.3818e-02
11.000	21.750	1.3828e-02
11.000	22.000	1.3835e-02
11.000	22.250	1.3840e-02
11.000	22.500	1.3844e-02
11.000	22.750	1.3846e-02
11.000	23.000	1.3847e-02
11.000	23.250	1.3847e-02
11.000	23.500	1.3848e-02
11.000	23.750	1.3848e-02
11.000	24.000	1.3847e-02
11.250	17.000	4.9530e-03
11.250	17.250	4.9492e-03
11.250	17.500	4.9463e-03
11.250	17.750	4.9579e-03
11.250	18.000	5.0053e-03
11.250	18.250	5.1109e-03
11.250	18.500	5.2898e-03
11.250	18.750	5.5686e-03
11.250	19.000	5.9616e-03
11.250	19.250	6.5398e-03
11.250	19.500	7.3756e-03
11.250	19.750	8.5877e-03
11.250	20.000	1.0347e-02
11.250	20.250	1.2166e-02
11.250	20.500	1.2515e-02
11.250	20.750	1.2800e-02
11.250	21.000	1.3223e-02
11.250	21.250	1.3759e-02
11.250	21.500	1.3795e-02
11.250	21.750	1.3816e-02
11.250	22.000	1.3827e-02
11.250	22.250	1.3835e-02
11.250	22.500	1.3840e-02
11.250	22.750	1.3844e-02
11.250	23.000	1.3846e-02
11.250	23.250	1.3847e-02
11.250	23.500	1.3847e-02
11.250	23.750	1.3848e-02
11.250	24.000	1.3848e-02
11.500	17.000	4.9337e-03
11.500	17.250	4.9240e-03
11.500	17.500	4.9148e-03
11.500	17.750	4.9170e-03
11.500	18.000	4.9492e-03
11.500	18.250	5.0259e-03
11.500	18.500	5.1527e-03
11.500	18.750	5.3476e-03
11.500	19.000	5.6280e-03
11.500	19.250	6.0308e-03
11.500	19.500	6.6118e-03
11.500	19.750	7.4709e-03
11.500	20.000	8.7333e-03
11.500	20.250	1.0595e-02
11.500	20.500	1.2198e-02
11.500	20.750	1.2522e-02
11.500	21.000	1.2821e-02
11.500	21.250	1.3284e-02
11.500	21.500	1.3752e-02
11.500	21.750	1.3790e-02
11.500	22.000	1.3814e-02
11.500	22.250	1.3826e-02
11.500	22.500	1.3834e-02
11.500	22.750	1.3840e-02
11.500	23.000	1.3844e-02
11.500	23.250	1.3846e-02
11.500	23.500	1.3847e-02
11.500	23.750	1.3848e-02
11.500	24.000	1.3848e-02
11.750	17.000	4.9188e-03
11.750	17.250	4.9035e-03
11.750	17.500	4.8902e-03
11.750	17.750	4.8884e-03
11.750	18.000	4.9116e-03
11.750	18.250	4.9663e-03
11.750	18.500	5.0555e-03
11.750	18.750	5.1877e-03
11.750	19.000	5.3858e-03
11.750	19.250	5.6686e-03
11.750	19.500	6.0781e-03
11.750	19.750	6.6693e-03
11.750	20.000	7.5514e-03
11.750	20.250	8.8604e-03
11.750	20.500	1.0817e-02
11.750	20.750	1.2166e-02
11.750	21.000	1.2535e-02
11.750	21.250	1.2876e-02
11.750	21.500	1.3409e-02
11.750	21.750	1.3742e-02
11.750	22.000	1.3784e-02
11.750	22.250	1.3811e-02
11.750	22.500	1.3825e-02
11.750	22.750	1.3833e-02
11.750	23.000	1.3840e-02
11.750	23.250	1.3844e-02
11.750	23.500	1.3846e-02
11.750	23.750	1.3847e-02
11.750	24.000	1.3848e-02
12.000	17.000	4.9103e-03
12.000	17.250	4.8897e-03
12.000	17.500	4.8731e-03
12.000	17.750	4.8693e-03
12.000	18.000	4.8867e-03
12.000	18.250	4.9259e-03
12.000	18.500	4.9867e-03
12.000	18.750	5.0789e-03
12.000	19.000	5.2170e-03
12.000	19.250	5.4141e-03
12.000	19.500	5.7007e-03
12.000	19.750	6.1135e-03
12.000	20.000	6.7175e-03
12.000	20.250	7.6167e-03
12.000	20.500	8.9635e-03
12.000	20.750	1.0985e-02
12.000	21.000	1.2149e-02
12.000	21.250	1.2574e-02
12.000	21.500	1.2977e-02
12.000	21.750	1.3578e-02
12.000	22.000	1.3735e-02
12.000	22.250	1.3778e-02
12.000	22.500	1.3808e-02
12.000	22.750	1.3824e-02
12.000	23.000	1.3833e-02
12.000	23.250	1.3839e-02
12.000	23.500	1.3844e-02
12.000	23.750	1.3846e-02
12.000	24.000	1.3847e-02
12.250	17.000	4.9078e-03
12.250	17.250	4.8846e-03
12.250	17.500	4.8653e-03
12.250	17.750	4.8598e-03
12.250	18.000	4.8714e-03
12.250	18.250	4.8982e-03
12.250	18.500	4.9402e-03
12.250	18.750	5.0039e-03
12.250	19.000	5.0992e-03
12.250	19.250	5.2360e-03
12.250	19.500	5.4343e-03
12.250	19.750	5.7240e-03
12.250	20.000	6.1392e-03
12.250	20.250	6.7568e-03
12.250	20.500	7.6773e-03
12.250	20.750	9.0821e-03
12.250	21.000	1.1130e-02
12.250	21.250	1.2173e-02
12.250	21.500	1.2639e-02
12.250	21.750	1.3105e-02
12.250	22.000	1.3654e-02
12.250	22.250	1.3724e-02
12.250	22.500	1.3770e-02
12.250	22.750	1.3803e-02
12.250	23.000	1.3822e-02
12.250	23.250	1.3832e-02
12.250	23.500	1.3839e-02
12.250	23.750	1.3843e-02
12.250	24.000	1.3846e-02
12.500	17.000	4.9090e-03
12.500	17.250	4.8878e-03
12.500	17.500	4.8691e-03
12.500	17.750	4.8607e-03
12.500	18.000	4.8646e-03
12.500	18.250	4.8798e-03
12.500	18.500	4.9077e-03
12.500	18.750	4.9508e-03
12.500	19.000	5.0166e-03
12.500	19.250	5.1128e-03
12.500	19.500	5.2509e-03
12.500	19.750	5.4519e-03
12.500	20.000	5.7430e-03
12.500	20.250	6.1649e-03
12.500	20.500	6.7938e-03
12.500	20.750	7.7450e-03
12.500	21.000	9.2145e-03
12.500	21.250	1.1387e-02
12.500	21.500	1.2208e-02
12.500	21.750	1.2723e-02
12.500	22.000	1.3255e-02
12.500	22.250	1.3649e-02
12.500	22.500	1.3712e-02
12.500	22.750	1.3763e-02
12.500	23.000	1.3799e-02
12.500	23.250	1.3820e-02
12.500	23.500	1.3831e-02
12.500	23.750	1.3838e-02
12.500	24.000	1.3843e-02
12.750	17.000	4.8256e-03
12.750	17.250	4.8910e-03
12.750	17.500	4.8781e-03
12.750	17.750	4.8681e-03
12.750	18.000	4.8635e-03
12.750	18.250	4.8684e-03
12.750	18.500	4.8844e-03
12.750	18.750	4.9133e-03
12.750	19.000	4.9581e-03
12.750	19.250	5.0254e-03
12.750	19.500	5.1218e-03
12.750	19.750	5.2614e-03
12.750	20.000	5.4637e-03
12.750	20.250	5.7601e-03
12.750	20.500	6.1833e-03
12.750	20.750	6.8333e-03
12.750	21.000	7.8267e-03
12.750	21.250	9.4128e-03
12.750	21.500	1.1461e-02
12.750	21.750	1.2267e-02
12.750	22.000	1.2828e-02
12.750	22.250	1.3385e-02
12.750	22.500	1.3642e-02
12.750	22.750	1.3706e-02
12.750	23.000	1.3756e-02
12.750	23.250	1.3794e-02
12.750	23.500	1.3816e-02
12.750	23.750	1.3829e-02
12.750	24.000	1.3837e-02
13.000	17.000	1.0707e-03
13.000	17.250	2.0774e-03
13.000	17.500	4.8556e-03
13.000	17.750	4.8735e-03
13.000	18.000	4.8654e-03
13.000	18.250	4.8623e-03
13.000	18.500	4.8685e-03
13.000	18.750	4.8858e-03
13.000	19.000	4.9157e-03
13.000	19.250	4.9621e-03
13.000	19.500	5.0300e-03
13.000	19.750	5.1274e-03
13.000	20.000	5.2660e-03
13.000	20.250	5.4693e-03
13.000	20.500	5.7660e-03
13.000	20.750	6.2112e-03
13.000	21.000	6.8827e-03
13.000	21.250	7.9574e-03
13.000	21.500	9.5586e-03
13.000	21.750	1.1584e-02
13.000	22.000	1.2361e-02
13.000	22.250	1.2922e-02
13.000	22.500	1.3456e-02
13.000	22.750	1.3636e-02
13.000	23.000	1.3701e-02
13.000	23.250	1.3752e-02
13.000	23.500	1.3790e-02
13.000	23.750	1.3813e-02
13.000	24.000	1.3826e-02
13.250	17.000	6.4897e-04
13.250	17.250	1.2258e-03
13.250	17.500	2.9596e-03
13.250	17.750	4.6120e-03
13.250	18.000	4.8677e-03
13.250	18.250	4.8602e-03
13.250	18.500	4.8586e-03
13.250	18.750	4.8663e-03
13.250	19.000	4.8850e-03
13.250	19.250	4.9158e-03
13.250	19.500	4.9625e-03
13.250	19.750	5.0300e-03
13.250	20.000	5.1271e-03
13.250	20.250	5.2672e-03
13.250	20.500	5.4698e-03
13.250	20.750	5.7698e-03
13.250	21.000	6.2318e-03
13.250	21.250	6.9432e-03
13.250	21.500	8.0248e-03
13.250	21.750	9.7645e-03
13.250	22.000	1.1711e-02
13.250	22.250	1.2392e-02
13.250	22.500	1.2971e-02
13.250	22.750	1.3464e-02
13.250	23.000	1.3631e-02
13.250	23.250	1.3696e-02
13.250	23.500	1.3747e-02
13.250	23.750	1.3785e-02
13.250	24.000	1.3809e-02
13.500	17.000	3.9119e-04
13.500	17.250	7.6551e-04
13.500	17.500	1.6949e-03
13.500	17.750	3.2397e-03
13.500	18.000	4.8226e-03
13.500	18.250	4.8602e-03
13.500	18.500	4.8536e-03
13.500	18.750	4.8532e-03
13.500	19.000	4.8625e-03
13.500	19.250	4.8825e-03
13.500	19.500	4.9136e-03
13.500	19.750	4.9591e-03
13.500	20.000	5.0241e-03
13.500	20.250	5.1195e-03
13.500	20.500	5.2554e-03
13.500	20.750	5.4562e-03
13.500	21.000	5.7603e-03
13.500	21.250	6.2317e-03
13.500	21.500	6.9351e-03
13.500	21.750	8.1166e-03
13.500	22.000	9.9453e-03
13.500	22.250	1.1741e-02
13.500	22.500	1.2392e-02
13.500	22.750	1.2968e-02
13.500	23.000	1.3445e-02
13.500	23.250	1.3623e-02
13.500	23.500	1.3690e-02
13.500	23.750	1.3743e-02
13.500	24.000	1.3780e-02
13.750	17.000	2.3654e-04
13.750	17.250	4.7342e-04
13.750	17.500	1.0383e-03
13.750	17.750	2.0658e-03
13.750	18.000	3.7171e-03
13.750	18.250	4.5237e-03
13.750	18.500	4.8523e-03
13.750	18.750	4.8467e-03
13.750	19.000	4.8473e-03
13.750	19.250	4.8572e-03
13.750	19.500	4.8769e-03
13.750	19.750	4.9067e-03
13.750	20.000	4.9496e-03
13.750	20.250	5.0109e-03
13.750	20.500	5.1003e-03
13.750	20.750	5.2302e-03
13.750	21.000	5.4268e-03
13.750	21.250	5.7278e-03
13.750	21.500	6.1809e-03
13.750	21.750	6.9399e-03
13.750	22.000	8.2005e-03
13.750	22.250	1.0150e-02
13.750	22.500	1.1755e-02
13.750	22.750	1.2357e-02
13.750	23.000	1.2918e-02
13.750	23.250	1.3430e-02
13.750	23.500	1.3610e-02
13.750	23.750	1.3681e-02
13.750	24.000	1.3735e-02
14.000	17.000	1.4132e-04
14.000	17.250	2.8296e-04
14.000	17.500	6.4049e-04
14.000	17.750	1.2613e-03
14.000	18.000	2.5306e-03
14.000	18.250	4.1188e-03
14.000	18.500	4.8510e-03
14.000	18.750	4.8443e-03
14.000	19.000	4.8393e-03
14.000	19.250	4.8407e-03
14.000	19.500	4.8502e-03
14.000	19.750	4.8681e-03
14.000	20.000	4.8948e-03
14.000	20.250	4.9323e-03
14.000	20.500	4.9867e-03
14.000	20.750	5.0653e-03
14.000	21.000	5.1841e-03
14.000	21.250	5.3682e-03
14.000	21.500	5.6440e-03
14.000	21.750	6.1134e-03
14.000	22.000	6.9118e-03
14.000	22.250	8.2941e-03
14.000	22.500	1.0386e-02
14.000	22.750	1.1749e-02
14.000	23.000	1.2362e-02
14.000	23.250	1.2890e-02
14.000	23.500	1.3431e-02
14.000	23.750	1.3588e-02
14.000	24.000	1.3666e-02
