TOTL 2335.00A  relative to Inci 1215.00A scaled to 1215A.
Hden   Phi(H)  Eq_Width (A)
 7.000	17.000	1.0000e-07
 7.000	17.250	1.0000e-07
 7.000	17.500	1.0000e-07
 7.000	17.750	1.0000e-07
 7.000	18.000	1.0000e-07
 7.000	18.250	1.0000e-07
 7.000	18.500	1.0000e-07
 7.000	18.750	1.0000e-07
 7.000	19.000	1.0000e-07
 7.000	19.250	1.0000e-07
 7.000	19.500	1.0000e-07
 7.000	19.750	1.0000e-07
 7.000	20.000	1.0000e-07
 7.000	20.250	1.0000e-07
 7.000	20.500	1.0000e-07
 7.000	20.750	1.0000e-07
 7.000	21.000	1.0000e-07
 7.000	21.250	1.0000e-07
 7.000	21.500	1.0000e-07
 7.000	21.750	1.0000e-07
 7.000	22.000	1.0000e-07
 7.000	22.250	1.0000e-07
 7.000	22.500	1.0000e-07
 7.000	22.750	1.0000e-07
 7.000	23.000	1.0000e-07
 7.000	23.250	1.0000e-07
 7.000	23.500	1.0000e-07
 7.000	23.750	1.0000e-07
 7.000	24.000	1.0000e-07
 7.250	17.000	1.0000e-07
 7.250	17.250	1.0000e-07
 7.250	17.500	1.0000e-07
 7.250	17.750	1.0000e-07
 7.250	18.000	1.0000e-07
 7.250	18.250	1.0000e-07
 7.250	18.500	1.0000e-07
 7.250	18.750	1.0000e-07
 7.250	19.000	1.0000e-07
 7.250	19.250	1.0000e-07
 7.250	19.500	1.0000e-07
 7.250	19.750	1.0000e-07
 7.250	20.000	1.0000e-07
 7.250	20.250	1.0000e-07
 7.250	20.500	1.0000e-07
 7.250	20.750	1.0000e-07
 7.250	21.000	1.0000e-07
 7.250	21.250	1.0000e-07
 7.250	21.500	1.0000e-07
 7.250	21.750	1.0000e-07
 7.250	22.000	1.0000e-07
 7.250	22.250	1.0000e-07
 7.250	22.500	1.0000e-07
 7.250	22.750	1.0000e-07
 7.250	23.000	1.0000e-07
 7.250	23.250	1.0000e-07
 7.250	23.500	1.0000e-07
 7.250	23.750	1.0000e-07
 7.250	24.000	1.0000e-07
 7.500	17.000	6.4370e-04
 7.500	17.250	1.0000e-07
 7.500	17.500	1.0000e-07
 7.500	17.750	1.0000e-07
 7.500	18.000	1.0000e-07
 7.500	18.250	1.0000e-07
 7.500	18.500	1.0000e-07
 7.500	18.750	1.0000e-07
 7.500	19.000	1.0000e-07
 7.500	19.250	1.0000e-07
 7.500	19.500	1.0000e-07
 7.500	19.750	1.0000e-07
 7.500	20.000	1.0000e-07
 7.500	20.250	1.0000e-07
 7.500	20.500	1.0000e-07
 7.500	20.750	1.0000e-07
 7.500	21.000	1.0000e-07
 7.500	21.250	1.0000e-07
 7.500	21.500	1.0000e-07
 7.500	21.750	1.0000e-07
 7.500	22.000	1.0000e-07
 7.500	22.250	1.0000e-07
 7.500	22.500	1.0000e-07
 7.500	22.750	1.0000e-07
 7.500	23.000	1.0000e-07
 7.500	23.250	1.0000e-07
 7.500	23.500	1.0000e-07
 7.500	23.750	1.0000e-07
 7.500	24.000	1.0000e-07
 7.750	17.000	2.7234e-03
 7.750	17.250	6.4403e-04
 7.750	17.500	1.0000e-07
 7.750	17.750	1.0000e-07
 7.750	18.000	1.0000e-07
 7.750	18.250	1.0000e-07
 7.750	18.500	1.0000e-07
 7.750	18.750	1.0000e-07
 7.750	19.000	1.0000e-07
 7.750	19.250	1.0000e-07
 7.750	19.500	1.0000e-07
 7.750	19.750	1.0000e-07
 7.750	20.000	1.0000e-07
 7.750	20.250	1.0000e-07
 7.750	20.500	1.0000e-07
 7.750	20.750	1.0000e-07
 7.750	21.000	1.0000e-07
 7.750	21.250	1.0000e-07
 7.750	21.500	1.0000e-07
 7.750	21.750	1.0000e-07
 7.750	22.000	1.0000e-07
 7.750	22.250	1.0000e-07
 7.750	22.500	1.0000e-07
 7.750	22.750	1.0000e-07
 7.750	23.000	1.0000e-07
 7.750	23.250	1.0000e-07
 7.750	23.500	1.0000e-07
 7.750	23.750	1.0000e-07
 7.750	24.000	1.0000e-07
 8.000	17.000	4.7858e-03
 8.000	17.250	2.8199e-03
 8.000	17.500	6.9827e-04
 8.000	17.750	1.0000e-07
 8.000	18.000	1.0000e-07
 8.000	18.250	1.0000e-07
 8.000	18.500	1.0000e-07
 8.000	18.750	1.0000e-07
 8.000	19.000	1.0000e-07
 8.000	19.250	1.0000e-07
 8.000	19.500	1.0000e-07
 8.000	19.750	1.0000e-07
 8.000	20.000	1.0000e-07
 8.000	20.250	1.0000e-07
 8.000	20.500	1.0000e-07
 8.000	20.750	1.0000e-07
 8.000	21.000	1.0000e-07
 8.000	21.250	1.0000e-07
 8.000	21.500	1.0000e-07
 8.000	21.750	1.0000e-07
 8.000	22.000	1.0000e-07
 8.000	22.250	1.0000e-07
 8.000	22.500	1.0000e-07
 8.000	22.750	1.0000e-07
 8.000	23.000	1.0000e-07
 8.000	23.250	1.0000e-07
 8.000	23.500	1.0000e-07
 8.000	23.750	1.0000e-07
 8.000	24.000	1.0000e-07
 8.250	17.000	6.9170e-03
 8.250	17.250	5.0148e-03
 8.250	17.500	2.9275e-03
 8.250	17.750	7.0082e-04
 8.250	18.000	1.0000e-07
 8.250	18.250	1.0000e-07
 8.250	18.500	1.0000e-07
 8.250	18.750	1.0000e-07
 8.250	19.000	1.0000e-07
 8.250	19.250	1.0000e-07
 8.250	19.500	1.0000e-07
 8.250	19.750	1.0000e-07
 8.250	20.000	1.0000e-07
 8.250	20.250	1.0000e-07
 8.250	20.500	1.0000e-07
 8.250	20.750	1.0000e-07
 8.250	21.000	1.0000e-07
 8.250	21.250	1.0000e-07
 8.250	21.500	1.0000e-07
 8.250	21.750	1.0000e-07
 8.250	22.000	1.0000e-07
 8.250	22.250	1.0000e-07
 8.250	22.500	1.0000e-07
 8.250	22.750	1.0000e-07
 8.250	23.000	1.0000e-07
 8.250	23.250	1.0000e-07
 8.250	23.500	1.0000e-07
 8.250	23.750	1.0000e-07
 8.250	24.000	1.0000e-07
 8.500	17.000	9.1636e-03
 8.500	17.250	7.2584e-03
 8.500	17.500	5.2764e-03
 8.500	17.750	3.0472e-03
 8.500	18.000	6.9630e-04
 8.500	18.250	1.0000e-07
 8.500	18.500	1.0000e-07
 8.500	18.750	1.0000e-07
 8.500	19.000	1.0000e-07
 8.500	19.250	1.0000e-07
 8.500	19.500	1.0000e-07
 8.500	19.750	1.0000e-07
 8.500	20.000	1.0000e-07
 8.500	20.250	1.0000e-07
 8.500	20.500	1.0000e-07
 8.500	20.750	1.0000e-07
 8.500	21.000	1.0000e-07
 8.500	21.250	1.0000e-07
 8.500	21.500	1.0000e-07
 8.500	21.750	1.0000e-07
 8.500	22.000	1.0000e-07
 8.500	22.250	1.0000e-07
 8.500	22.500	1.0000e-07
 8.500	22.750	1.0000e-07
 8.500	23.000	1.0000e-07
 8.500	23.250	1.0000e-07
 8.500	23.500	1.0000e-07
 8.500	23.750	1.0000e-07
 8.500	24.000	1.0000e-07
 8.750	17.000	1.1482e-02
 8.750	17.250	9.6007e-03
 8.750	17.500	7.6583e-03
 8.750	17.750	5.6060e-03
 8.750	18.000	3.2058e-03
 8.750	18.250	6.6584e-04
 8.750	18.500	1.0000e-07
 8.750	18.750	1.0000e-07
 8.750	19.000	1.0000e-07
 8.750	19.250	1.0000e-07
 8.750	19.500	1.0000e-07
 8.750	19.750	1.0000e-07
 8.750	20.000	1.0000e-07
 8.750	20.250	1.0000e-07
 8.750	20.500	1.0000e-07
 8.750	20.750	1.0000e-07
 8.750	21.000	1.0000e-07
 8.750	21.250	1.0000e-07
 8.750	21.500	1.0000e-07
 8.750	21.750	1.0000e-07
 8.750	22.000	1.0000e-07
 8.750	22.250	1.0000e-07
 8.750	22.500	1.0000e-07
 8.750	22.750	1.0000e-07
 8.750	23.000	1.0000e-07
 8.750	23.250	1.0000e-07
 8.750	23.500	1.0000e-07
 8.750	23.750	1.0000e-07
 8.750	24.000	1.0000e-07
 9.000	17.000	1.3883e-02
 9.000	17.250	1.2009e-02
 9.000	17.500	1.0148e-02
 9.000	17.750	8.2000e-03
 9.000	18.000	5.9719e-03
 9.000	18.250	3.3367e-03
 9.000	18.500	5.8263e-04
 9.000	18.750	1.0000e-07
 9.000	19.000	1.0000e-07
 9.000	19.250	1.0000e-07
 9.000	19.500	1.0000e-07
 9.000	19.750	1.0000e-07
 9.000	20.000	1.0000e-07
 9.000	20.250	1.0000e-07
 9.000	20.500	1.0000e-07
 9.000	20.750	1.0000e-07
 9.000	21.000	1.0000e-07
 9.000	21.250	1.0000e-07
 9.000	21.500	1.0000e-07
 9.000	21.750	1.0000e-07
 9.000	22.000	1.0000e-07
 9.000	22.250	1.0000e-07
 9.000	22.500	1.0000e-07
 9.000	22.750	1.0000e-07
 9.000	23.000	1.0000e-07
 9.000	23.250	1.0000e-07
 9.000	23.500	1.0000e-07
 9.000	23.750	1.0000e-07
 9.000	24.000	1.0000e-07
 9.250	17.000	1.6417e-02
 9.250	17.250	1.4453e-02
 9.250	17.500	1.2681e-02
 9.250	17.750	1.0889e-02
 9.250	18.000	8.8156e-03
 9.250	18.250	6.2902e-03
 9.250	18.500	3.2048e-03
 9.250	18.750	3.9679e-04
 9.250	19.000	1.0000e-07
 9.250	19.250	1.0000e-07
 9.250	19.500	1.0000e-07
 9.250	19.750	1.0000e-07
 9.250	20.000	1.0000e-07
 9.250	20.250	1.0000e-07
 9.250	20.500	1.0000e-07
 9.250	20.750	1.0000e-07
 9.250	21.000	1.0000e-07
 9.250	21.250	1.0000e-07
 9.250	21.500	1.0000e-07
 9.250	21.750	1.0000e-07
 9.250	22.000	1.0000e-07
 9.250	22.250	1.0000e-07
 9.250	22.500	1.0000e-07
 9.250	22.750	1.0000e-07
 9.250	23.000	1.0000e-07
 9.250	23.250	1.0000e-07
 9.250	23.500	1.0000e-07
 9.250	23.750	1.0000e-07
 9.250	24.000	1.0000e-07
 9.500	17.000	1.9099e-02
 9.500	17.250	1.7050e-02
 9.500	17.500	1.5240e-02
 9.500	17.750	1.3541e-02
 9.500	18.000	1.1616e-02
 9.500	18.250	9.1174e-03
 9.500	18.500	6.0170e-03
 9.500	18.750	2.5742e-03
 9.500	19.000	4.4609e-05
 9.500	19.250	1.0000e-07
 9.500	19.500	1.0000e-07
 9.500	19.750	1.0000e-07
 9.500	20.000	1.0000e-07
 9.500	20.250	1.0000e-07
 9.500	20.500	1.0000e-07
 9.500	20.750	1.0000e-07
 9.500	21.000	1.0000e-07
 9.500	21.250	1.0000e-07
 9.500	21.500	1.0000e-07
 9.500	21.750	1.0000e-07
 9.500	22.000	1.0000e-07
 9.500	22.250	1.0000e-07
 9.500	22.500	1.0000e-07
 9.500	22.750	1.0000e-07
 9.500	23.000	1.0000e-07
 9.500	23.250	1.0000e-07
 9.500	23.500	1.0000e-07
 9.500	23.750	1.0000e-07
 9.500	24.000	1.0000e-07
 9.750	17.000	2.1496e-02
 9.750	17.250	1.9586e-02
 9.750	17.500	1.7735e-02
 9.750	17.750	1.6023e-02
 9.750	18.000	1.4034e-02
 9.750	18.250	1.1442e-02
 9.750	18.500	8.1508e-03
 9.750	18.750	4.6485e-03
 9.750	19.000	1.3812e-03
 9.750	19.250	1.2922e-05
 9.750	19.500	1.0000e-07
 9.750	19.750	1.0000e-07
 9.750	20.000	1.0000e-07
 9.750	20.250	1.0000e-07
 9.750	20.500	1.0000e-07
 9.750	20.750	1.0000e-07
 9.750	21.000	1.0000e-07
 9.750	21.250	1.0000e-07
 9.750	21.500	1.0000e-07
 9.750	21.750	1.0000e-07
 9.750	22.000	1.0000e-07
 9.750	22.250	1.0000e-07
 9.750	22.500	1.0000e-07
 9.750	22.750	1.0000e-07
 9.750	23.000	1.0000e-07
 9.750	23.250	1.0000e-07
 9.750	23.500	1.0000e-07
 9.750	23.750	1.0000e-07
 9.750	24.000	1.0000e-07
10.000	17.000	2.2746e-02
10.000	17.250	2.1697e-02
10.000	17.500	2.0051e-02
10.000	17.750	1.8235e-02
10.000	18.000	1.5981e-02
10.000	18.250	1.2987e-02
10.000	18.500	9.3832e-03
10.000	18.750	5.8550e-03
10.000	19.000	2.8347e-03
10.000	19.250	8.9564e-04
10.000	19.500	7.3251e-06
10.000	19.750	1.0000e-07
10.000	20.000	1.0000e-07
10.000	20.250	1.0000e-07
10.000	20.500	1.0000e-07
10.000	20.750	1.0000e-07
10.000	21.000	1.0000e-07
10.000	21.250	1.0000e-07
10.000	21.500	1.0000e-07
10.000	21.750	1.0000e-07
10.000	22.000	1.0000e-07
10.000	22.250	1.0000e-07
10.000	22.500	1.0000e-07
10.000	22.750	1.0000e-07
10.000	23.000	1.0000e-07
10.000	23.250	1.0000e-07
10.000	23.500	1.0000e-07
10.000	23.750	1.0000e-07
10.000	24.000	1.0000e-07
10.250	17.000	2.2142e-02
10.250	17.250	2.2606e-02
10.250	17.500	2.1756e-02
10.250	17.750	1.9989e-02
10.250	18.000	1.7211e-02
10.250	18.250	1.3641e-02
10.250	18.500	9.7160e-03
10.250	18.750	6.1288e-03
10.250	19.000	3.2209e-03
10.250	19.250	1.3404e-03
10.250	19.500	2.4650e-04
10.250	19.750	5.1029e-06
10.250	20.000	1.0000e-07
10.250	20.250	1.0000e-07
10.250	20.500	1.0000e-07
10.250	20.750	1.0000e-07
10.250	21.000	1.0000e-07
10.250	21.250	1.0000e-07
10.250	21.500	1.0000e-07
10.250	21.750	1.0000e-07
10.250	22.000	1.0000e-07
10.250	22.250	1.0000e-07
10.250	22.500	1.0000e-07
10.250	22.750	1.0000e-07
10.250	23.000	1.0000e-07
10.250	23.250	1.0000e-07
10.250	23.500	1.0000e-07
10.250	23.750	1.0000e-07
10.250	24.000	1.0000e-07
10.500	17.000	2.0460e-02
10.500	17.250	2.1773e-02
10.500	17.500	2.2198e-02
10.500	17.750	2.0791e-02
10.500	18.000	1.7613e-02
10.500	18.250	1.3492e-02
10.500	18.500	9.6090e-03
10.500	18.750	6.3959e-03
10.500	19.000	4.0486e-03
10.500	19.250	2.2207e-03
10.500	19.500	1.0965e-03
10.500	19.750	8.3704e-05
10.500	20.000	4.3621e-06
10.500	20.250	1.0000e-07
10.500	20.500	1.0000e-07
10.500	20.750	1.0000e-07
10.500	21.000	1.0000e-07
10.500	21.250	1.0000e-07
10.500	21.500	1.0000e-07
10.500	21.750	1.0000e-07
10.500	22.000	1.0000e-07
10.500	22.250	1.0000e-07
10.500	22.500	1.0000e-07
10.500	22.750	1.0000e-07
10.500	23.000	1.0000e-07
10.500	23.250	1.0000e-07
10.500	23.500	1.0000e-07
10.500	23.750	1.0000e-07
10.500	24.000	1.0000e-07
10.750	17.000	1.8804e-02
10.750	17.250	1.9936e-02
10.750	17.500	2.0911e-02
10.750	17.750	2.0211e-02
10.750	18.000	1.7230e-02
10.750	18.250	1.3263e-02
10.750	18.500	9.7268e-03
10.750	18.750	6.9751e-03
10.750	19.000	4.8785e-03
10.750	19.250	3.0455e-03
10.750	19.500	1.6314e-03
10.750	19.750	5.9350e-04
10.750	20.000	4.8889e-05
10.750	20.250	4.4444e-06
10.750	20.500	1.0000e-07
10.750	20.750	1.0000e-07
10.750	21.000	1.0000e-07
10.750	21.250	1.0000e-07
10.750	21.500	1.0000e-07
10.750	21.750	1.0000e-07
10.750	22.000	1.0000e-07
10.750	22.250	1.0000e-07
10.750	22.500	1.0000e-07
10.750	22.750	1.0000e-07
10.750	23.000	1.0000e-07
10.750	23.250	1.0000e-07
10.750	23.500	1.0000e-07
10.750	23.750	1.0000e-07
10.750	24.000	1.0000e-07
11.000	17.000	1.7445e-02
11.000	17.250	1.8146e-02
11.000	17.500	1.8717e-02
11.000	17.750	1.8426e-02
11.000	18.000	1.6205e-02
11.000	18.250	1.2855e-02
11.000	18.500	9.8479e-03
11.000	18.750	7.4293e-03
11.000	19.000	5.4375e-03
11.000	19.250	3.6757e-03
11.000	19.500	2.2134e-03
11.000	19.750	1.0835e-03
11.000	20.000	3.5844e-04
11.000	20.250	4.0165e-05
11.000	20.500	3.3745e-06
11.000	20.750	1.0000e-07
11.000	21.000	1.0000e-07
11.000	21.250	1.0000e-07
11.000	21.500	1.0000e-07
11.000	21.750	1.0000e-07
11.000	22.000	1.0000e-07
11.000	22.250	1.0000e-07
11.000	22.500	1.0000e-07
11.000	22.750	1.0000e-07
11.000	23.000	1.0000e-07
11.000	23.250	1.0000e-07
11.000	23.500	1.0000e-07
11.000	23.750	1.0000e-07
11.000	24.000	1.0000e-07
11.250	17.000	1.6266e-02
11.250	17.250	1.6631e-02
11.250	17.500	1.6741e-02
11.250	17.750	1.6293e-02
11.250	18.000	1.4679e-02
11.250	18.250	1.2215e-02
11.250	18.500	9.8586e-03
11.250	18.750	7.5794e-03
11.250	19.000	5.6639e-03
11.250	19.250	3.9851e-03
11.250	19.500	2.5854e-03
11.250	19.750	1.4783e-03
11.250	20.000	6.5144e-04
11.250	20.250	1.8510e-04
11.250	20.500	2.6420e-05
11.250	20.750	2.8807e-06
11.250	21.000	1.0000e-07
11.250	21.250	1.0000e-07
11.250	21.500	1.0000e-07
11.250	21.750	1.0000e-07
11.250	22.000	1.0000e-07
11.250	22.250	1.0000e-07
11.250	22.500	1.0000e-07
11.250	22.750	1.0000e-07
11.250	23.000	1.0000e-07
11.250	23.250	1.0000e-07
11.250	23.500	1.0000e-07
11.250	23.750	1.0000e-07
11.250	24.000	1.0000e-07
11.500	17.000	1.5068e-02
11.500	17.250	1.5309e-02
11.500	17.500	1.5174e-02
11.500	17.750	1.4484e-02
11.500	18.000	1.3089e-02
11.500	18.250	1.1342e-02
11.500	18.500	9.4016e-03
11.500	18.750	7.3681e-03
11.500	19.000	5.5608e-03
11.500	19.250	4.0294e-03
11.500	19.500	2.7470e-03
11.500	19.750	1.7101e-03
11.500	20.000	9.4412e-04
11.500	20.250	3.9235e-04
11.500	20.500	1.0708e-04
11.500	20.750	1.8930e-05
11.500	21.000	2.2222e-06
11.500	21.250	1.0000e-07
11.500	21.500	1.0000e-07
11.500	21.750	1.0000e-07
11.500	22.000	1.0000e-07
11.500	22.250	1.0000e-07
11.500	22.500	1.0000e-07
11.500	22.750	1.0000e-07
11.500	23.000	1.0000e-07
11.500	23.250	1.0000e-07
11.500	23.500	1.0000e-07
11.500	23.750	1.0000e-07
11.500	24.000	1.0000e-07
11.750	17.000	1.3710e-02
11.750	17.250	1.3981e-02
11.750	17.500	1.3764e-02
11.750	17.750	1.2905e-02
11.750	18.000	1.1594e-02
11.750	18.250	1.0163e-02
11.750	18.500	8.6026e-03
11.750	18.750	6.9635e-03
11.750	19.000	5.2732e-03
11.750	19.250	3.8938e-03
11.750	19.500	2.7148e-03
11.750	19.750	1.7933e-03
11.750	20.000	1.1006e-03
11.750	20.250	5.9893e-04
11.750	20.500	2.3309e-04
11.750	20.750	6.0082e-05
11.750	21.000	1.3333e-05
11.750	21.250	1.6461e-06
11.750	21.500	1.0000e-07
11.750	21.750	1.0000e-07
11.750	22.000	1.0000e-07
11.750	22.250	1.0000e-07
11.750	22.500	1.0000e-07
11.750	22.750	1.0000e-07
11.750	23.000	1.0000e-07
11.750	23.250	1.0000e-07
11.750	23.500	1.0000e-07
11.750	23.750	1.0000e-07
11.750	24.000	1.0000e-07
12.000	17.000	1.2089e-02
12.000	17.250	1.2419e-02
12.000	17.500	1.2129e-02
12.000	17.750	1.1141e-02
12.000	18.000	9.9621e-03
12.000	18.250	8.7966e-03
12.000	18.500	7.6615e-03
12.000	18.750	6.3373e-03
12.000	19.000	4.8802e-03
12.000	19.250	3.6667e-03
12.000	19.500	2.5966e-03
12.000	19.750	1.7702e-03
12.000	20.000	1.1539e-03
12.000	20.250	7.0296e-04
12.000	20.500	3.7942e-04
12.000	20.750	1.8206e-04
12.000	21.000	3.8765e-05
12.000	21.250	8.5597e-06
12.000	21.500	1.0700e-06
12.000	21.750	1.0000e-07
12.000	22.000	1.0000e-07
12.000	22.250	1.0000e-07
12.000	22.500	1.0000e-07
12.000	22.750	1.0000e-07
12.000	23.000	1.0000e-07
12.000	23.250	1.0000e-07
12.000	23.500	1.0000e-07
12.000	23.750	1.0000e-07
12.000	24.000	1.0000e-07
12.250	17.000	1.0060e-02
12.250	17.250	1.0370e-02
12.250	17.500	9.9714e-03
12.250	17.750	9.0026e-03
12.250	18.000	8.1307e-03
12.250	18.250	7.4617e-03
12.250	18.500	6.6969e-03
12.250	18.750	5.6752e-03
12.250	19.000	4.4648e-03
12.250	19.250	3.3891e-03
12.250	19.500	2.4270e-03
12.250	19.750	1.6821e-03
12.250	20.000	1.1331e-03
12.250	20.250	7.3761e-04
12.250	20.500	4.5597e-04
12.250	20.750	2.5226e-04
12.250	21.000	1.2239e-04
12.250	21.250	2.4115e-05
12.250	21.500	5.1852e-06
12.250	21.750	1.0000e-07
12.250	22.000	1.0000e-07
12.250	22.250	1.0000e-07
12.250	22.500	1.0000e-07
12.250	22.750	1.0000e-07
12.250	23.000	1.0000e-07
12.250	23.250	1.0000e-07
12.250	23.500	1.0000e-07
12.250	23.750	1.0000e-07
12.250	24.000	1.0000e-07
12.500	17.000	7.5129e-03
12.500	17.250	7.6044e-03
12.500	17.500	7.1606e-03
12.500	17.750	6.6317e-03
12.500	18.000	6.4064e-03
12.500	18.250	6.2337e-03
12.500	18.500	5.8149e-03
12.500	18.750	5.0884e-03
12.500	19.000	4.1033e-03
12.500	19.250	3.0826e-03
12.500	19.500	2.2495e-03
12.500	19.750	1.5810e-03
12.500	20.000	1.0849e-03
12.500	20.250	7.3062e-04
12.500	20.500	4.8000e-04
12.500	20.750	3.0165e-04
12.500	21.000	1.7128e-04
12.500	21.250	5.7695e-05
12.500	21.500	1.5144e-05
12.500	21.750	3.3745e-06
12.500	22.000	1.0000e-07
12.500	22.250	1.0000e-07
12.500	22.500	1.0000e-07
12.500	22.750	1.0000e-07
12.500	23.000	1.0000e-07
12.500	23.250	1.0000e-07
12.500	23.500	1.0000e-07
12.500	23.750	1.0000e-07
12.500	24.000	1.0000e-07
12.750	17.000	4.6640e-03
12.750	17.250	4.6528e-03
12.750	17.500	4.6218e-03
12.750	17.750	4.7956e-03
12.750	18.000	5.0233e-03
12.750	18.250	5.1779e-03
12.750	18.500	5.0319e-03
12.750	18.750	4.4630e-03
12.750	19.000	3.6926e-03
12.750	19.250	2.8112e-03
12.750	19.500	2.0711e-03
12.750	19.750	1.5095e-03
12.750	20.000	1.0449e-03
12.750	20.250	7.0502e-04
12.750	20.500	4.6947e-04
12.750	20.750	3.1959e-04
12.750	21.000	2.0807e-04
12.750	21.250	1.2420e-04
12.750	21.500	4.3786e-05
12.750	21.750	1.0123e-05
12.750	22.000	2.2222e-06
12.750	22.250	1.0000e-07
12.750	22.500	1.0000e-07
12.750	22.750	1.0000e-07
12.750	23.000	1.0000e-07
12.750	23.250	1.0000e-07
12.750	23.500	1.0000e-07
12.750	23.750	1.0000e-07
12.750	24.000	1.0000e-07
13.000	17.000	3.6198e-03
13.000	17.250	3.5103e-03
13.000	17.500	3.5121e-03
13.000	17.750	3.7163e-03
13.000	18.000	4.0152e-03
13.000	18.250	4.2830e-03
13.000	18.500	4.2699e-03
13.000	18.750	3.8850e-03
13.000	19.000	3.2531e-03
13.000	19.250	2.5697e-03
13.000	19.500	1.8912e-03
13.000	19.750	1.3660e-03
13.000	20.000	9.7844e-04
13.000	20.250	6.7745e-04
13.000	20.500	4.6749e-04
13.000	20.750	3.1901e-04
13.000	21.000	2.2165e-04
13.000	21.250	1.4897e-04
13.000	21.500	9.0947e-05
13.000	21.750	2.8230e-05
13.000	22.000	7.1605e-06
13.000	22.250	1.4815e-06
13.000	22.500	1.0000e-07
13.000	22.750	1.0000e-07
13.000	23.000	1.0000e-07
13.000	23.250	1.0000e-07
13.000	23.500	1.0000e-07
13.000	23.750	1.0000e-07
13.000	24.000	1.0000e-07
13.250	17.000	3.0463e-03
13.250	17.250	2.9173e-03
13.250	17.500	2.8422e-03
13.250	17.750	2.9616e-03
13.250	18.000	3.2244e-03
13.250	18.250	3.4784e-03
13.250	18.500	3.5298e-03
13.250	18.750	3.2923e-03
13.250	19.000	2.8164e-03
13.250	19.250	2.2758e-03
13.250	19.500	1.7213e-03
13.250	19.750	1.2500e-03
13.250	20.000	8.9029e-04
13.250	20.250	6.2584e-04
13.250	20.500	4.4329e-04
13.250	20.750	3.1177e-04
13.250	21.000	2.2049e-04
13.250	21.250	1.5786e-04
13.250	21.500	1.0815e-04
13.250	21.750	7.0782e-05
13.250	22.000	2.1975e-05
13.250	22.250	5.1852e-06
13.250	22.500	1.0700e-06
13.250	22.750	1.0000e-07
13.250	23.000	1.0000e-07
13.250	23.250	1.0000e-07
13.250	23.500	1.0000e-07
13.250	23.750	1.0000e-07
13.250	24.000	1.0000e-07
13.500	17.000	2.5324e-03
13.500	17.250	2.4156e-03
13.500	17.500	2.3365e-03
13.500	17.750	2.3891e-03
13.500	18.000	2.5664e-03
13.500	18.250	2.7606e-03
13.500	18.500	2.8424e-03
13.500	18.750	2.7087e-03
13.500	19.000	2.3853e-03
13.500	19.250	1.9381e-03
13.500	19.500	1.5057e-03
13.500	19.750	1.1287e-03
13.500	20.000	8.1778e-04
13.500	20.250	5.8642e-04
13.500	20.500	4.1407e-04
13.500	20.750	2.9835e-04
13.500	21.000	2.1481e-04
13.500	21.250	1.5737e-04
13.500	21.500	1.1284e-04
13.500	21.750	8.2963e-05
13.500	22.000	5.6461e-05
13.500	22.250	1.6872e-05
13.500	22.500	3.8683e-06
13.500	22.750	1.0000e-07
13.500	23.000	1.0000e-07
13.500	23.250	1.0000e-07
13.500	23.500	1.0000e-07
13.500	23.750	1.0000e-07
13.500	24.000	1.0000e-07
13.750	17.000	2.0672e-03
13.750	17.250	1.9737e-03
13.750	17.500	1.9128e-03
13.750	17.750	1.9374e-03
13.750	18.000	2.0386e-03
13.750	18.250	2.1684e-03
13.750	18.500	2.2205e-03
13.750	18.750	2.1558e-03
13.750	19.000	1.9508e-03
13.750	19.250	1.6506e-03
13.750	19.500	1.3090e-03
13.750	19.750	1.0011e-03
13.750	20.000	7.4716e-04
13.750	20.250	5.4527e-04
13.750	20.500	3.9342e-04
13.750	20.750	2.8510e-04
13.750	21.000	2.0667e-04
13.750	21.250	1.5218e-04
13.750	21.500	1.1185e-04
13.750	21.750	8.5432e-05
13.750	22.000	6.5844e-05
13.750	22.250	4.5761e-05
13.750	22.500	1.2593e-05
13.750	22.750	2.8807e-06
13.750	23.000	1.0000e-07
13.750	23.250	1.0000e-07
13.750	23.500	1.0000e-07
13.750	23.750	1.0000e-07
13.750	24.000	1.0000e-07
14.000	17.000	1.6556e-03
14.000	17.250	1.5863e-03
14.000	17.500	1.5456e-03
14.000	17.750	1.5700e-03
14.000	18.000	1.6257e-03
14.000	18.250	1.6774e-03
14.000	18.500	1.7008e-03
14.000	18.750	1.6592e-03
14.000	19.000	1.5260e-03
14.000	19.250	1.3320e-03
14.000	19.500	1.1202e-03
14.000	19.750	8.8173e-04
14.000	20.000	6.7202e-04
14.000	20.250	5.0000e-04
14.000	20.500	3.6815e-04
14.000	20.750	2.7037e-04
14.000	21.000	1.9827e-04
14.000	21.250	1.4700e-04
14.000	21.500	1.0881e-04
14.000	21.750	8.4115e-05
14.000	22.000	6.7160e-05
14.000	22.250	5.4568e-05
14.000	22.500	3.7778e-05
14.000	22.750	9.2181e-06
14.000	23.000	2.0576e-06
14.000	23.250	1.0000e-07
14.000	23.500	1.0000e-07
14.000	23.750	1.0000e-07
14.000	24.000	1.0000e-07
