Inwd 2802.71A  relative to Inci 1215.00A scaled to 1215A.
Hden   Phi(H)  Eq_Width (A)
 7.000	17.000	1.0000e-07
 7.000	17.250	1.0000e-07
 7.000	17.500	1.0000e-07
 7.000	17.750	1.0000e-07
 7.000	18.000	1.0000e-07
 7.000	18.250	1.0000e-07
 7.000	18.500	1.0000e-07
 7.000	18.750	1.0000e-07
 7.000	19.000	1.0000e-07
 7.000	19.250	1.0000e-07
 7.000	19.500	1.0000e-07
 7.000	19.750	1.0000e-07
 7.000	20.000	1.0000e-07
 7.000	20.250	1.0000e-07
 7.000	20.500	1.0000e-07
 7.000	20.750	1.0000e-07
 7.000	21.000	1.0000e-07
 7.000	21.250	1.0000e-07
 7.000	21.500	1.0000e-07
 7.000	21.750	1.0000e-07
 7.000	22.000	1.0000e-07
 7.000	22.250	1.0000e-07
 7.000	22.500	1.0000e-07
 7.000	22.750	1.0000e-07
 7.000	23.000	1.0000e-07
 7.000	23.250	1.0000e-07
 7.000	23.500	1.0000e-07
 7.000	23.750	1.0000e-07
 7.000	24.000	1.0000e-07
 7.250	17.000	7.3086e-05
 7.250	17.250	1.0000e-07
 7.250	17.500	1.0000e-07
 7.250	17.750	1.0000e-07
 7.250	18.000	1.0000e-07
 7.250	18.250	1.0000e-07
 7.250	18.500	1.0000e-07
 7.250	18.750	1.0000e-07
 7.250	19.000	1.0000e-07
 7.250	19.250	1.0000e-07
 7.250	19.500	1.0000e-07
 7.250	19.750	1.0000e-07
 7.250	20.000	1.0000e-07
 7.250	20.250	1.0000e-07
 7.250	20.500	1.0000e-07
 7.250	20.750	1.0000e-07
 7.250	21.000	1.0000e-07
 7.250	21.250	1.0000e-07
 7.250	21.500	1.0000e-07
 7.250	21.750	1.0000e-07
 7.250	22.000	1.0000e-07
 7.250	22.250	1.0000e-07
 7.250	22.500	1.0000e-07
 7.250	22.750	1.0000e-07
 7.250	23.000	1.0000e-07
 7.250	23.250	1.0000e-07
 7.250	23.500	1.0000e-07
 7.250	23.750	1.0000e-07
 7.250	24.000	1.0000e-07
 7.500	17.000	2.4055e-03
 7.500	17.250	7.4074e-05
 7.500	17.500	1.0000e-07
 7.500	17.750	1.0000e-07
 7.500	18.000	1.0000e-07
 7.500	18.250	1.0000e-07
 7.500	18.500	1.0000e-07
 7.500	18.750	1.0000e-07
 7.500	19.000	1.0000e-07
 7.500	19.250	1.0000e-07
 7.500	19.500	1.0000e-07
 7.500	19.750	1.0000e-07
 7.500	20.000	1.0000e-07
 7.500	20.250	1.0000e-07
 7.500	20.500	1.0000e-07
 7.500	20.750	1.0000e-07
 7.500	21.000	1.0000e-07
 7.500	21.250	1.0000e-07
 7.500	21.500	1.0000e-07
 7.500	21.750	1.0000e-07
 7.500	22.000	1.0000e-07
 7.500	22.250	1.0000e-07
 7.500	22.500	1.0000e-07
 7.500	22.750	1.0000e-07
 7.500	23.000	1.0000e-07
 7.500	23.250	1.0000e-07
 7.500	23.500	1.0000e-07
 7.500	23.750	1.0000e-07
 7.500	24.000	1.0000e-07
 7.750	17.000	9.6688e-03
 7.750	17.250	2.4607e-03
 7.750	17.500	7.5391e-05
 7.750	17.750	1.0000e-07
 7.750	18.000	1.0000e-07
 7.750	18.250	1.0000e-07
 7.750	18.500	1.0000e-07
 7.750	18.750	1.0000e-07
 7.750	19.000	1.0000e-07
 7.750	19.250	1.0000e-07
 7.750	19.500	1.0000e-07
 7.750	19.750	1.0000e-07
 7.750	20.000	1.0000e-07
 7.750	20.250	1.0000e-07
 7.750	20.500	1.0000e-07
 7.750	20.750	1.0000e-07
 7.750	21.000	1.0000e-07
 7.750	21.250	1.0000e-07
 7.750	21.500	1.0000e-07
 7.750	21.750	1.0000e-07
 7.750	22.000	1.0000e-07
 7.750	22.250	1.0000e-07
 7.750	22.500	1.0000e-07
 7.750	22.750	1.0000e-07
 7.750	23.000	1.0000e-07
 7.750	23.250	1.0000e-07
 7.750	23.500	1.0000e-07
 7.750	23.750	1.0000e-07
 7.750	24.000	1.0000e-07
 8.000	17.000	1.8252e-02
 8.000	17.250	9.7547e-03
 8.000	17.500	2.6471e-03
 8.000	17.750	7.7613e-05
 8.000	18.000	1.0000e-07
 8.000	18.250	1.0000e-07
 8.000	18.500	1.0000e-07
 8.000	18.750	1.0000e-07
 8.000	19.000	1.0000e-07
 8.000	19.250	1.0000e-07
 8.000	19.500	1.0000e-07
 8.000	19.750	1.0000e-07
 8.000	20.000	1.0000e-07
 8.000	20.250	1.0000e-07
 8.000	20.500	1.0000e-07
 8.000	20.750	1.0000e-07
 8.000	21.000	1.0000e-07
 8.000	21.250	1.0000e-07
 8.000	21.500	1.0000e-07
 8.000	21.750	1.0000e-07
 8.000	22.000	1.0000e-07
 8.000	22.250	1.0000e-07
 8.000	22.500	1.0000e-07
 8.000	22.750	1.0000e-07
 8.000	23.000	1.0000e-07
 8.000	23.250	1.0000e-07
 8.000	23.500	1.0000e-07
 8.000	23.750	1.0000e-07
 8.000	24.000	1.0000e-07
 8.250	17.000	2.8234e-02
 8.250	17.250	1.9164e-02
 8.250	17.500	1.0142e-02
 8.250	17.750	2.7160e-03
 8.250	18.000	7.9177e-05
 8.250	18.250	1.0000e-07
 8.250	18.500	1.0000e-07
 8.250	18.750	1.0000e-07
 8.250	19.000	1.0000e-07
 8.250	19.250	1.0000e-07
 8.250	19.500	1.0000e-07
 8.250	19.750	1.0000e-07
 8.250	20.000	1.0000e-07
 8.250	20.250	1.0000e-07
 8.250	20.500	1.0000e-07
 8.250	20.750	1.0000e-07
 8.250	21.000	1.0000e-07
 8.250	21.250	1.0000e-07
 8.250	21.500	1.0000e-07
 8.250	21.750	1.0000e-07
 8.250	22.000	1.0000e-07
 8.250	22.250	1.0000e-07
 8.250	22.500	1.0000e-07
 8.250	22.750	1.0000e-07
 8.250	23.000	1.0000e-07
 8.250	23.250	1.0000e-07
 8.250	23.500	1.0000e-07
 8.250	23.750	1.0000e-07
 8.250	24.000	1.0000e-07
 8.500	17.000	3.9569e-02
 8.500	17.250	2.9702e-02
 8.500	17.500	2.0121e-02
 8.500	17.750	1.0529e-02
 8.500	18.000	2.7752e-03
 8.500	18.250	8.0988e-05
 8.500	18.500	1.0000e-07
 8.500	18.750	1.0000e-07
 8.500	19.000	1.0000e-07
 8.500	19.250	1.0000e-07
 8.500	19.500	1.0000e-07
 8.500	19.750	1.0000e-07
 8.500	20.000	1.0000e-07
 8.500	20.250	1.0000e-07
 8.500	20.500	1.0000e-07
 8.500	20.750	1.0000e-07
 8.500	21.000	1.0000e-07
 8.500	21.250	1.0000e-07
 8.500	21.500	1.0000e-07
 8.500	21.750	1.0000e-07
 8.500	22.000	1.0000e-07
 8.500	22.250	1.0000e-07
 8.500	22.500	1.0000e-07
 8.500	22.750	1.0000e-07
 8.500	23.000	1.0000e-07
 8.500	23.250	1.0000e-07
 8.500	23.500	1.0000e-07
 8.500	23.750	1.0000e-07
 8.500	24.000	1.0000e-07
 8.750	17.000	5.1979e-02
 8.750	17.250	4.1670e-02
 8.750	17.500	3.1348e-02
 8.750	17.750	2.0902e-02
 8.750	18.000	1.0940e-02
 8.750	18.250	2.7937e-03
 8.750	18.500	8.3210e-05
 8.750	18.750	1.0000e-07
 8.750	19.000	1.0000e-07
 8.750	19.250	1.0000e-07
 8.750	19.500	1.0000e-07
 8.750	19.750	1.0000e-07
 8.750	20.000	1.0000e-07
 8.750	20.250	1.0000e-07
 8.750	20.500	1.0000e-07
 8.750	20.750	1.0000e-07
 8.750	21.000	1.0000e-07
 8.750	21.250	1.0000e-07
 8.750	21.500	1.0000e-07
 8.750	21.750	1.0000e-07
 8.750	22.000	1.0000e-07
 8.750	22.250	1.0000e-07
 8.750	22.500	1.0000e-07
 8.750	22.750	1.0000e-07
 8.750	23.000	1.0000e-07
 8.750	23.250	1.0000e-07
 8.750	23.500	1.0000e-07
 8.750	23.750	1.0000e-07
 8.750	24.000	1.0000e-07
 9.000	17.000	6.5227e-02
 9.000	17.250	5.4888e-02
 9.000	17.500	4.4195e-02
 9.000	17.750	3.3363e-02
 9.000	18.000	2.1992e-02
 9.000	18.250	1.1326e-02
 9.000	18.500	2.7036e-03
 9.000	18.750	8.5761e-05
 9.000	19.000	1.0000e-07
 9.000	19.250	1.0000e-07
 9.000	19.500	1.0000e-07
 9.000	19.750	1.0000e-07
 9.000	20.000	1.0000e-07
 9.000	20.250	1.0000e-07
 9.000	20.500	1.0000e-07
 9.000	20.750	1.0000e-07
 9.000	21.000	1.0000e-07
 9.000	21.250	1.0000e-07
 9.000	21.500	1.0000e-07
 9.000	21.750	1.0000e-07
 9.000	22.000	1.0000e-07
 9.000	22.250	1.0000e-07
 9.000	22.500	1.0000e-07
 9.000	22.750	1.0000e-07
 9.000	23.000	1.0000e-07
 9.000	23.250	1.0000e-07
 9.000	23.500	1.0000e-07
 9.000	23.750	1.0000e-07
 9.000	24.000	1.0000e-07
 9.250	17.000	7.8611e-02
 9.250	17.250	6.8946e-02
 9.250	17.500	5.8522e-02
 9.250	17.750	4.7445e-02
 9.250	18.000	3.5178e-02
 9.250	18.250	2.2955e-02
 9.250	18.500	1.1426e-02
 9.250	18.750	2.0527e-03
 9.250	19.000	9.2263e-05
 9.250	19.250	1.0000e-07
 9.250	19.500	1.0000e-07
 9.250	19.750	1.0000e-07
 9.250	20.000	1.0000e-07
 9.250	20.250	1.0000e-07
 9.250	20.500	1.0000e-07
 9.250	20.750	1.0000e-07
 9.250	21.000	1.0000e-07
 9.250	21.250	1.0000e-07
 9.250	21.500	1.0000e-07
 9.250	21.750	1.0000e-07
 9.250	22.000	1.0000e-07
 9.250	22.250	1.0000e-07
 9.250	22.500	1.0000e-07
 9.250	22.750	1.0000e-07
 9.250	23.000	1.0000e-07
 9.250	23.250	1.0000e-07
 9.250	23.500	1.0000e-07
 9.250	23.750	1.0000e-07
 9.250	24.000	1.0000e-07
 9.500	17.000	9.1490e-02
 9.500	17.250	8.3654e-02
 9.500	17.500	7.4102e-02
 9.500	17.750	6.3078e-02
 9.500	18.000	5.0382e-02
 9.500	18.250	3.6759e-02
 9.500	18.500	2.3067e-02
 9.500	18.750	1.0974e-02
 9.500	19.000	7.3835e-04
 9.500	19.250	9.5226e-05
 9.500	19.500	1.0000e-07
 9.500	19.750	1.0000e-07
 9.500	20.000	1.0000e-07
 9.500	20.250	1.0000e-07
 9.500	20.500	1.0000e-07
 9.500	20.750	1.0000e-07
 9.500	21.000	1.0000e-07
 9.500	21.250	1.0000e-07
 9.500	21.500	1.0000e-07
 9.500	21.750	1.0000e-07
 9.500	22.000	1.0000e-07
 9.500	22.250	1.0000e-07
 9.500	22.500	1.0000e-07
 9.500	22.750	1.0000e-07
 9.500	23.000	1.0000e-07
 9.500	23.250	1.0000e-07
 9.500	23.500	1.0000e-07
 9.500	23.750	1.0000e-07
 9.500	24.000	1.0000e-07
 9.750	17.000	1.0334e-01
 9.750	17.250	9.7427e-02
 9.750	17.500	9.0007e-02
 9.750	17.750	7.9963e-02
 9.750	18.000	6.6962e-02
 9.750	18.250	5.1671e-02
 9.750	18.500	3.5365e-02
 9.750	18.750	2.0510e-02
 9.750	19.000	8.7511e-03
 9.750	19.250	5.4123e-04
 9.750	19.500	9.8107e-05
 9.750	19.750	1.0000e-07
 9.750	20.000	1.0000e-07
 9.750	20.250	1.0000e-07
 9.750	20.500	1.0000e-07
 9.750	20.750	1.0000e-07
 9.750	21.000	1.0000e-07
 9.750	21.250	1.0000e-07
 9.750	21.500	1.0000e-07
 9.750	21.750	1.0000e-07
 9.750	22.000	1.0000e-07
 9.750	22.250	1.0000e-07
 9.750	22.500	1.0000e-07
 9.750	22.750	1.0000e-07
 9.750	23.000	1.0000e-07
 9.750	23.250	1.0000e-07
 9.750	23.500	1.0000e-07
 9.750	23.750	1.0000e-07
 9.750	24.000	1.0000e-07
10.000	17.000	1.1400e-01
10.000	17.250	1.1011e-01
10.000	17.500	1.0544e-01
10.000	17.750	9.7454e-02
10.000	18.000	8.4346e-02
10.000	18.250	6.6556e-02
10.000	18.500	4.6845e-02
10.000	18.750	2.9352e-02
10.000	19.000	1.5963e-02
10.000	19.250	6.7940e-03
10.000	19.500	4.5267e-04
10.000	19.750	9.9259e-05
10.000	20.000	1.0000e-07
10.000	20.250	1.0000e-07
10.000	20.500	1.0000e-07
10.000	20.750	1.0000e-07
10.000	21.000	1.0000e-07
10.000	21.250	1.0000e-07
10.000	21.500	1.0000e-07
10.000	21.750	1.0000e-07
10.000	22.000	1.0000e-07
10.000	22.250	1.0000e-07
10.000	22.500	1.0000e-07
10.000	22.750	1.0000e-07
10.000	23.000	1.0000e-07
10.000	23.250	1.0000e-07
10.000	23.500	1.0000e-07
10.000	23.750	1.0000e-07
10.000	24.000	1.0000e-07
10.250	17.000	1.2429e-01
10.250	17.250	1.2173e-01
10.250	17.500	1.1959e-01
10.250	17.750	1.1422e-01
10.250	18.000	1.0101e-01
10.250	18.250	8.0217e-02
10.250	18.500	5.6725e-02
10.250	18.750	3.6132e-02
10.250	19.000	2.0662e-02
10.250	19.250	1.1012e-02
10.250	19.500	2.8774e-03
10.250	19.750	4.3383e-04
10.250	20.000	1.0156e-04
10.250	20.250	1.0000e-07
10.250	20.500	1.0000e-07
10.250	20.750	1.0000e-07
10.250	21.000	1.0000e-07
10.250	21.250	1.0000e-07
10.250	21.500	1.0000e-07
10.250	21.750	1.0000e-07
10.250	22.000	1.0000e-07
10.250	22.250	1.0000e-07
10.250	22.500	1.0000e-07
10.250	22.750	1.0000e-07
10.250	23.000	1.0000e-07
10.250	23.250	1.0000e-07
10.250	23.500	1.0000e-07
10.250	23.750	1.0000e-07
10.250	24.000	1.0000e-07
10.500	17.000	1.3470e-01
10.500	17.250	1.3304e-01
10.500	17.500	1.3228e-01
10.500	17.750	1.2843e-01
10.500	18.000	1.1502e-01
10.500	18.250	9.2233e-02
10.500	18.500	6.6477e-02
10.500	18.750	4.4021e-02
10.500	19.000	2.7343e-02
10.500	19.250	1.5827e-02
10.500	19.500	8.8300e-03
10.500	19.750	1.7340e-03
10.500	20.000	4.3037e-04
10.500	20.250	1.0502e-04
10.500	20.500	1.0000e-07
10.500	20.750	1.0000e-07
10.500	21.000	1.0000e-07
10.500	21.250	1.0000e-07
10.500	21.500	1.0000e-07
10.500	21.750	1.0000e-07
10.500	22.000	1.0000e-07
10.500	22.250	1.0000e-07
10.500	22.500	1.0000e-07
10.500	22.750	1.0000e-07
10.500	23.000	1.0000e-07
10.500	23.250	1.0000e-07
10.500	23.500	1.0000e-07
10.500	23.750	1.0000e-07
10.500	24.000	1.0000e-07
10.750	17.000	1.4497e-01
10.750	17.250	1.4368e-01
10.750	17.500	1.4340e-01
10.750	17.750	1.3861e-01
10.750	18.000	1.2517e-01
10.750	18.250	1.0370e-01
10.750	18.500	7.7697e-02
10.750	18.750	5.3541e-02
10.750	19.000	3.4663e-02
10.750	19.250	2.1046e-02
10.750	19.500	1.2163e-02
10.750	19.750	6.5090e-03
10.750	20.000	1.4714e-03
10.750	20.250	4.4288e-04
10.750	20.500	1.1374e-04
10.750	20.750	1.0000e-07
10.750	21.000	1.0000e-07
10.750	21.250	1.0000e-07
10.750	21.500	1.0000e-07
10.750	21.750	1.0000e-07
10.750	22.000	1.0000e-07
10.750	22.250	1.0000e-07
10.750	22.500	1.0000e-07
10.750	22.750	1.0000e-07
10.750	23.000	1.0000e-07
10.750	23.250	1.0000e-07
10.750	23.500	1.0000e-07
10.750	23.750	1.0000e-07
10.750	24.000	1.0000e-07
11.000	17.000	1.5445e-01
11.000	17.250	1.5304e-01
11.000	17.500	1.5127e-01
11.000	17.750	1.4453e-01
11.000	18.000	1.3087e-01
11.000	18.250	1.1155e-01
11.000	18.500	8.7727e-02
11.000	18.750	6.3039e-02
11.000	19.000	4.2107e-02
11.000	19.250	2.6642e-02
11.000	19.500	1.6023e-02
11.000	19.750	9.1428e-03
11.000	20.000	4.7139e-03
11.000	20.250	1.4709e-03
11.000	20.500	4.6733e-04
11.000	20.750	1.1852e-04
11.000	21.000	1.0000e-07
11.000	21.250	1.0000e-07
11.000	21.500	1.0000e-07
11.000	21.750	1.0000e-07
11.000	22.000	1.0000e-07
11.000	22.250	1.0000e-07
11.000	22.500	1.0000e-07
11.000	22.750	1.0000e-07
11.000	23.000	1.0000e-07
11.000	23.250	1.0000e-07
11.000	23.500	1.0000e-07
11.000	23.750	1.0000e-07
11.000	24.000	1.0000e-07
11.250	17.000	1.6275e-01
11.250	17.250	1.6020e-01
11.250	17.500	1.5593e-01
11.250	17.750	1.4542e-01
11.250	18.000	1.3049e-01
11.250	18.250	1.1348e-01
11.250	18.500	9.3587e-02
11.250	18.750	7.0956e-02
11.250	19.000	4.9451e-02
11.250	19.250	3.2298e-02
11.250	19.500	2.0194e-02
11.250	19.750	1.2130e-02
11.250	20.000	7.0254e-03
11.250	20.250	3.6863e-03
11.250	20.500	1.4649e-03
11.250	20.750	4.9473e-04
11.250	21.000	1.2181e-04
11.250	21.250	1.0000e-07
11.250	21.500	1.0000e-07
11.250	21.750	1.0000e-07
11.250	22.000	1.0000e-07
11.250	22.250	1.0000e-07
11.250	22.500	1.0000e-07
11.250	22.750	1.0000e-07
11.250	23.000	1.0000e-07
11.250	23.250	1.0000e-07
11.250	23.500	1.0000e-07
11.250	23.750	1.0000e-07
11.250	24.000	1.0000e-07
11.500	17.000	1.6890e-01
11.500	17.250	1.6520e-01
11.500	17.500	1.5779e-01
11.500	17.750	1.4263e-01
11.500	18.000	1.2457e-01
11.500	18.250	1.0838e-01
11.500	18.500	9.2463e-02
11.500	18.750	7.4828e-02
11.500	19.000	5.5863e-02
11.500	19.250	3.8331e-02
11.500	19.500	2.4888e-02
11.500	19.750	1.5598e-02
11.500	20.000	9.5370e-03
11.500	20.250	5.6856e-03
11.500	20.500	3.1637e-03
11.500	20.750	1.4468e-03
11.500	21.000	5.0905e-04
11.500	21.250	1.1844e-04
11.500	21.500	1.0000e-07
11.500	21.750	1.0000e-07
11.500	22.000	1.0000e-07
11.500	22.250	1.0000e-07
11.500	22.500	1.0000e-07
11.500	22.750	1.0000e-07
11.500	23.000	1.0000e-07
11.500	23.250	1.0000e-07
11.500	23.500	1.0000e-07
11.500	23.750	1.0000e-07
11.500	24.000	1.0000e-07
11.750	17.000	1.7192e-01
11.750	17.250	1.6754e-01
11.750	17.500	1.5705e-01
11.750	17.750	1.3795e-01
11.750	18.000	1.1648e-01
11.750	18.250	9.8511e-02
11.750	18.500	8.4581e-02
11.750	18.750	7.2437e-02
11.750	19.000	5.9020e-02
11.750	19.250	4.4068e-02
11.750	19.500	3.0234e-02
11.750	19.750	1.9799e-02
11.750	20.000	1.2599e-02
11.750	20.250	7.8531e-03
11.750	20.500	4.8138e-03
11.750	20.750	2.7464e-03
11.750	21.000	1.3964e-03
11.750	21.250	4.9959e-04
11.750	21.500	9.7119e-05
11.750	21.750	1.0000e-07
11.750	22.000	1.0000e-07
11.750	22.250	1.0000e-07
11.750	22.500	1.0000e-07
11.750	22.750	1.0000e-07
11.750	23.000	1.0000e-07
11.750	23.250	1.0000e-07
11.750	23.500	1.0000e-07
11.750	23.750	1.0000e-07
11.750	24.000	1.0000e-07
12.000	17.000	1.7091e-01
12.000	17.250	1.6606e-01
12.000	17.500	1.5293e-01
12.000	17.750	1.3187e-01
12.000	18.000	1.0939e-01
12.000	18.250	8.9294e-02
12.000	18.500	7.4103e-02
12.000	18.750	6.3905e-02
12.000	19.000	5.6209e-02
12.000	19.250	4.7014e-02
12.000	19.500	3.5528e-02
12.000	19.750	2.4653e-02
12.000	20.000	1.6395e-02
12.000	20.250	1.0585e-02
12.000	20.500	6.6902e-03
12.000	20.750	4.1525e-03
12.000	21.000	2.4152e-03
12.000	21.250	1.2909e-03
12.000	21.500	4.6181e-04
12.000	21.750	5.1029e-05
12.000	22.000	1.0000e-07
12.000	22.250	1.0000e-07
12.000	22.500	1.0000e-07
12.000	22.750	1.0000e-07
12.000	23.000	1.0000e-07
12.000	23.250	1.0000e-07
12.000	23.500	1.0000e-07
12.000	23.750	1.0000e-07
12.000	24.000	1.0000e-07
12.250	17.000	1.6422e-01
12.250	17.250	1.5929e-01
12.250	17.500	1.4537e-01
12.250	17.750	1.2547e-01
12.250	18.000	1.0433e-01
12.250	18.250	8.4013e-02
12.250	18.500	6.6695e-02
12.250	18.750	5.4491e-02
12.250	19.000	4.7899e-02
12.250	19.250	4.4064e-02
12.250	19.500	3.8138e-02
12.250	19.750	2.9303e-02
12.250	20.000	2.0650e-02
12.250	20.250	1.3917e-02
12.250	20.500	9.0514e-03
12.250	20.750	5.7505e-03
12.250	21.000	3.5800e-03
12.250	21.250	2.0972e-03
12.250	21.500	1.1198e-03
12.250	21.750	4.0444e-04
12.250	22.000	1.0000e-07
12.250	22.250	1.0000e-07
12.250	22.500	1.0000e-07
12.250	22.750	1.0000e-07
12.250	23.000	1.0000e-07
12.250	23.250	1.0000e-07
12.250	23.500	1.0000e-07
12.250	23.750	1.0000e-07
12.250	24.000	1.0000e-07
12.500	17.000	1.5131e-01
12.500	17.250	1.4748e-01
12.500	17.500	1.3629e-01
12.500	17.750	1.2028e-01
12.500	18.000	1.0161e-01
12.500	18.250	8.1979e-02
12.500	18.500	6.3650e-02
12.500	18.750	4.9041e-02
12.500	19.000	3.9990e-02
12.500	19.250	3.6350e-02
12.500	19.500	3.5106e-02
12.500	19.750	3.1370e-02
12.500	20.000	2.4483e-02
12.500	20.250	1.7468e-02
12.500	20.500	1.1845e-02
12.500	20.750	7.7236e-03
12.500	21.000	4.9256e-03
12.500	21.250	3.0277e-03
12.500	21.500	1.7794e-03
12.500	21.750	9.9177e-04
12.500	22.000	3.2922e-04
12.500	22.250	1.0000e-07
12.500	22.500	1.0000e-07
12.500	22.750	1.0000e-07
12.500	23.000	1.0000e-07
12.500	23.250	1.0000e-07
12.500	23.500	1.0000e-07
12.500	23.750	1.0000e-07
12.500	24.000	1.0000e-07
12.750	17.000	1.3842e-01
12.750	17.250	1.3783e-01
12.750	17.500	1.3110e-01
12.750	17.750	1.1794e-01
12.750	18.000	1.0070e-01
12.750	18.250	8.1780e-02
12.750	18.500	6.3377e-02
12.750	18.750	4.7540e-02
12.750	19.000	3.6062e-02
12.750	19.250	2.9670e-02
12.750	19.500	2.7933e-02
12.750	19.750	2.8020e-02
12.750	20.000	2.5639e-02
12.750	20.250	2.0365e-02
12.750	20.500	1.4670e-02
12.750	20.750	9.9908e-03
12.750	21.000	6.5260e-03
12.750	21.250	4.1794e-03
12.750	21.500	2.5497e-03
12.750	21.750	1.5093e-03
12.750	22.000	8.4560e-04
12.750	22.250	2.5152e-04
12.750	22.500	1.0000e-07
12.750	22.750	1.0000e-07
12.750	23.000	1.0000e-07
12.750	23.250	1.0000e-07
12.750	23.500	1.0000e-07
12.750	23.750	1.0000e-07
12.750	24.000	1.0000e-07
13.000	17.000	1.3427e-01
13.000	17.250	1.3579e-01
13.000	17.500	1.3063e-01
13.000	17.750	1.1757e-01
13.000	18.000	1.0075e-01
13.000	18.250	8.2470e-02
13.000	18.500	6.4403e-02
13.000	18.750	4.8327e-02
13.000	19.000	3.5622e-02
13.000	19.250	2.6961e-02
13.000	19.500	2.2381e-02
13.000	19.750	2.1430e-02
13.000	20.000	2.1850e-02
13.000	20.250	2.0491e-02
13.000	20.500	1.6552e-02
13.000	20.750	1.2104e-02
13.000	21.000	8.3089e-03
13.000	21.250	5.4814e-03
13.000	21.500	3.5093e-03
13.000	21.750	2.1567e-03
13.000	22.000	1.2937e-03
13.000	22.250	7.0831e-04
13.000	22.500	2.0008e-04
13.000	22.750	1.0000e-07
13.000	23.000	1.0000e-07
13.000	23.250	1.0000e-07
13.000	23.500	1.0000e-07
13.000	23.750	1.0000e-07
13.000	24.000	1.0000e-07
13.250	17.000	1.3590e-01
13.250	17.250	1.3645e-01
13.250	17.500	1.3089e-01
13.250	17.750	1.1805e-01
13.250	18.000	1.0133e-01
13.250	18.250	8.3522e-02
13.250	18.500	6.5962e-02
13.250	18.750	5.0085e-02
13.250	19.000	3.6990e-02
13.250	19.250	2.7150e-02
13.250	19.500	2.0575e-02
13.250	19.750	1.7003e-02
13.250	20.000	1.6075e-02
13.250	20.250	1.6391e-02
13.250	20.500	1.5733e-02
13.250	20.750	1.3062e-02
13.250	21.000	9.7037e-03
13.250	21.250	6.7278e-03
13.250	21.500	4.4304e-03
13.250	21.750	2.8356e-03
13.250	22.000	1.8032e-03
13.250	22.250	1.0382e-03
13.250	22.500	5.7638e-04
13.250	22.750	1.6576e-04
13.250	23.000	1.0000e-07
13.250	23.250	1.0000e-07
13.250	23.500	1.0000e-07
13.250	23.750	1.0000e-07
13.250	24.000	1.0000e-07
13.500	17.000	1.3740e-01
13.500	17.250	1.3754e-01
13.500	17.500	1.3150e-01
13.500	17.750	1.1873e-01
13.500	18.000	1.0231e-01
13.500	18.250	8.4669e-02
13.500	18.500	6.7641e-02
13.500	18.750	5.2173e-02
13.500	19.000	3.9088e-02
13.500	19.250	2.8765e-02
13.500	19.500	2.1149e-02
13.500	19.750	1.5989e-02
13.500	20.000	1.2998e-02
13.500	20.250	1.1894e-02
13.500	20.500	1.1926e-02
13.500	20.750	1.1613e-02
13.500	21.000	9.8714e-03
13.500	21.250	7.4796e-03
13.500	21.500	5.1802e-03
13.500	21.750	3.4775e-03
13.500	22.000	2.2602e-03
13.500	22.250	1.4142e-03
13.500	22.500	8.4527e-04
13.500	22.750	4.7366e-04
13.500	23.000	1.5877e-04
13.500	23.250	1.0000e-07
13.500	23.500	1.0000e-07
13.500	23.750	1.0000e-07
13.500	24.000	1.0000e-07
13.750	17.000	1.3914e-01
13.750	17.250	1.3854e-01
13.750	17.500	1.3230e-01
13.750	17.750	1.1966e-01
13.750	18.000	1.0340e-01
13.750	18.250	8.6013e-02
13.750	18.500	6.9254e-02
13.750	18.750	5.4130e-02
13.750	19.000	4.1256e-02
13.750	19.250	3.0781e-02
13.750	19.500	2.2686e-02
13.750	19.750	1.6711e-02
13.750	20.000	1.2583e-02
13.750	20.250	1.0029e-02
13.750	20.500	8.8138e-03
13.750	20.750	8.5659e-03
13.750	21.000	8.4366e-03
13.750	21.250	7.3858e-03
13.750	21.500	5.6580e-03
13.750	21.750	3.9765e-03
13.750	22.000	2.7021e-03
13.750	22.250	1.7965e-03
13.750	22.500	1.1328e-03
13.750	22.750	6.7086e-04
13.750	23.000	3.8263e-04
13.750	23.250	1.3358e-04
13.750	23.500	1.0000e-07
13.750	23.750	1.0000e-07
13.750	24.000	1.0000e-07
14.000	17.000	1.4067e-01
14.000	17.250	1.3949e-01
14.000	17.500	1.3274e-01
14.000	17.750	1.2059e-01
14.000	18.000	1.0469e-01
14.000	18.250	8.7546e-02
14.000	18.500	7.0968e-02
14.000	18.750	5.5956e-02
14.000	19.000	4.3159e-02
14.000	19.250	3.2684e-02
14.000	19.500	2.4361e-02
14.000	19.750	1.7966e-02
14.000	20.000	1.3231e-02
14.000	20.250	9.8997e-03
14.000	20.500	7.7437e-03
14.000	20.750	6.5697e-03
14.000	21.000	6.1729e-03
14.000	21.250	6.1151e-03
14.000	21.500	5.4949e-03
14.000	21.750	4.2554e-03
14.000	22.000	3.0066e-03
14.000	22.250	2.0657e-03
14.000	22.500	1.3901e-03
14.000	22.750	8.7440e-04
14.000	23.000	5.2477e-04
14.000	23.250	2.9827e-04
14.000	23.500	1.0148e-04
14.000	23.750	1.0000e-07
14.000	24.000	1.0000e-07
