N  4 1486.00A  relative to Inci 1215.00A scaled to 1215A.
Hden   Phi(H)  Eq_Width (A)
7.000  17.000  1.9410e-02
7.000  17.250  5.3395e-03
7.000  17.500  4.6502e-05
7.000  17.750  3.7860e-06
7.000  18.000  1.0000e-07
7.000  18.250  1.0000e-07
7.000  18.500  1.0000e-07
7.000  18.750  1.0000e-07
7.000  19.000  1.0000e-07
7.000  19.250  1.0000e-07
7.000  19.500  1.0000e-07
7.000  19.750  1.0000e-07
7.000  20.000  1.0000e-07
7.000  20.250  1.0000e-07
7.000  20.500  1.0000e-07
7.000  20.750  1.0000e-07
7.000  21.000  1.0000e-07
7.000  21.250  1.0000e-07
7.000  21.500  1.0000e-07
7.000  21.750  1.0000e-07
7.000  22.000  1.0000e-07
7.000  22.250  1.0000e-07
7.000  22.500  1.0000e-07
7.000  22.750  1.0000e-07
7.000  23.000  1.0000e-07
7.000  23.250  1.0000e-07
7.000  23.500  1.0000e-07
7.000  23.750  1.0000e-07
7.000  24.000  1.0000e-07
7.250  17.000  2.3530e-02
7.250  17.250  2.0788e-02
7.250  17.500  5.5781e-03
7.250  17.750  4.5514e-05
7.250  18.000  3.7037e-06
7.250  18.250  1.0000e-07
7.250  18.500  1.0000e-07
7.250  18.750  1.0000e-07
7.250  19.000  1.0000e-07
7.250  19.250  1.0000e-07
7.250  19.500  1.0000e-07
7.250  19.750  1.0000e-07
7.250  20.000  1.0000e-07
7.250  20.250  1.0000e-07
7.250  20.500  1.0000e-07
7.250  20.750  1.0000e-07
7.250  21.000  1.0000e-07
7.250  21.250  1.0000e-07
7.250  21.500  1.0000e-07
7.250  21.750  1.0000e-07
7.250  22.000  1.0000e-07
7.250  22.250  1.0000e-07
7.250  22.500  1.0000e-07
7.250  22.750  1.0000e-07
7.250  23.000  1.0000e-07
7.250  23.250  1.0000e-07
7.250  23.500  1.0000e-07
7.250  23.750  1.0000e-07
7.250  24.000  1.0000e-07
7.500  17.000  2.7845e-02
7.500  17.250  2.4749e-02
7.500  17.500  2.1980e-02
7.500  17.750  5.7854e-03
7.500  18.000  4.4444e-05
7.500  18.250  3.5391e-06
7.500  18.500  1.0000e-07
7.500  18.750  1.0000e-07
7.500  19.000  1.0000e-07
7.500  19.250  1.0000e-07
7.500  19.500  1.0000e-07
7.500  19.750  1.0000e-07
7.500  20.000  1.0000e-07
7.500  20.250  1.0000e-07
7.500  20.500  1.0000e-07
7.500  20.750  1.0000e-07
7.500  21.000  1.0000e-07
7.500  21.250  1.0000e-07
7.500  21.500  1.0000e-07
7.500  21.750  1.0000e-07
7.500  22.000  1.0000e-07
7.500  22.250  1.0000e-07
7.500  22.500  1.0000e-07
7.500  22.750  1.0000e-07
7.500  23.000  1.0000e-07
7.500  23.250  1.0000e-07
7.500  23.500  1.0000e-07
7.500  23.750  1.0000e-07
7.500  24.000  1.0000e-07
7.750  17.000  3.0848e-02
7.750  17.250  2.8841e-02
7.750  17.500  2.5720e-02
7.750  17.750  2.2961e-02
7.750  18.000  5.9582e-03
7.750  18.250  4.3210e-05
7.750  18.500  3.3745e-06
7.750  18.750  1.0000e-07
7.750  19.000  1.0000e-07
7.750  19.250  1.0000e-07
7.750  19.500  1.0000e-07
7.750  19.750  1.0000e-07
7.750  20.000  1.0000e-07
7.750  20.250  1.0000e-07
7.750  20.500  1.0000e-07
7.750  20.750  1.0000e-07
7.750  21.000  1.0000e-07
7.750  21.250  1.0000e-07
7.750  21.500  1.0000e-07
7.750  21.750  1.0000e-07
7.750  22.000  1.0000e-07
7.750  22.250  1.0000e-07
7.750  22.500  1.0000e-07
7.750  22.750  1.0000e-07
7.750  23.000  1.0000e-07
7.750  23.250  1.0000e-07
7.750  23.500  1.0000e-07
7.750  23.750  1.0000e-07
7.750  24.000  1.0000e-07
8.000  17.000  3.0676e-02
8.000  17.250  3.1224e-02
8.000  17.500  2.9223e-02
8.000  17.750  2.6126e-02
8.000  18.000  2.3409e-02
8.000  18.250  6.1274e-03
8.000  18.500  4.2058e-05
8.000  18.750  3.2099e-06
8.000  19.000  1.0000e-07
8.000  19.250  1.0000e-07
8.000  19.500  1.0000e-07
8.000  19.750  1.0000e-07
8.000  20.000  1.0000e-07
8.000  20.250  1.0000e-07
8.000  20.500  1.0000e-07
8.000  20.750  1.0000e-07
8.000  21.000  1.0000e-07
8.000  21.250  1.0000e-07
8.000  21.500  1.0000e-07
8.000  21.750  1.0000e-07
8.000  22.000  1.0000e-07
8.000  22.250  1.0000e-07
8.000  22.500  1.0000e-07
8.000  22.750  1.0000e-07
8.000  23.000  1.0000e-07
8.000  23.250  1.0000e-07
8.000  23.500  1.0000e-07
8.000  23.750  1.0000e-07
8.000  24.000  1.0000e-07
8.250  17.000  2.7190e-02
8.250  17.250  3.1166e-02
8.250  17.500  3.1685e-02
8.250  17.750  2.9648e-02
8.250  18.000  2.6602e-02
8.250  18.250  2.3969e-02
8.250  18.500  6.2199e-03
8.250  18.750  4.0823e-05
8.250  19.000  3.0453e-06
8.250  19.250  1.0000e-07
8.250  19.500  1.0000e-07
8.250  19.750  1.0000e-07
8.250  20.000  1.0000e-07
8.250  20.250  1.0000e-07
8.250  20.500  1.0000e-07
8.250  20.750  1.0000e-07
8.250  21.000  1.0000e-07
8.250  21.250  1.0000e-07
8.250  21.500  1.0000e-07
8.250  21.750  1.0000e-07
8.250  22.000  1.0000e-07
8.250  22.250  1.0000e-07
8.250  22.500  1.0000e-07
8.250  22.750  1.0000e-07
8.250  23.000  1.0000e-07
8.250  23.250  1.0000e-07
8.250  23.500  1.0000e-07
8.250  23.750  1.0000e-07
8.250  24.000  1.0000e-07
8.500  17.000  2.0776e-02
8.500  17.250  2.7444e-02
8.500  17.500  3.1396e-02
8.500  17.750  3.1868e-02
8.500  18.000  2.9855e-02
8.500  18.250  2.6877e-02
8.500  18.500  2.4378e-02
8.500  18.750  6.2853e-03
8.500  19.000  3.9588e-05
8.500  19.250  2.8807e-06
8.500  19.500  1.0000e-07
8.500  19.750  1.0000e-07
8.500  20.000  1.0000e-07
8.500  20.250  1.0000e-07
8.500  20.500  1.0000e-07
8.500  20.750  1.0000e-07
8.500  21.000  1.0000e-07
8.500  21.250  1.0000e-07
8.500  21.500  1.0000e-07
8.500  21.750  1.0000e-07
8.500  22.000  1.0000e-07
8.500  22.250  1.0000e-07
8.500  22.500  1.0000e-07
8.500  22.750  1.0000e-07
8.500  23.000  1.0000e-07
8.500  23.250  1.0000e-07
8.500  23.500  1.0000e-07
8.500  23.750  1.0000e-07
8.500  24.000  1.0000e-07
8.750  17.000  1.3532e-02
8.750  17.250  2.0874e-02
8.750  17.500  2.7502e-02
8.750  17.750  3.1392e-02
8.750  18.000  3.1836e-02
8.750  18.250  2.9855e-02
8.750  18.500  2.7000e-02
8.750  18.750  2.4703e-02
8.750  19.000  6.3293e-03
8.750  19.250  3.8272e-05
8.750  19.500  2.7160e-06
8.750  19.750  1.0000e-07
8.750  20.000  1.0000e-07
8.750  20.250  1.0000e-07
8.750  20.500  1.0000e-07
8.750  20.750  1.0000e-07
8.750  21.000  1.0000e-07
8.750  21.250  1.0000e-07
8.750  21.500  1.0000e-07
8.750  21.750  1.0000e-07
8.750  22.000  1.0000e-07
8.750  22.250  1.0000e-07
8.750  22.500  1.0000e-07
8.750  22.750  1.0000e-07
8.750  23.000  1.0000e-07
8.750  23.250  1.0000e-07
8.750  23.500  1.0000e-07
8.750  23.750  1.0000e-07
8.750  24.000  1.0000e-07
9.000  17.000  7.3817e-03
9.000  17.250  1.3569e-02
9.000  17.500  2.0851e-02
9.000  17.750  2.7368e-02
9.000  18.000  3.1169e-02
9.000  18.250  3.1598e-02
9.000  18.500  2.9687e-02
9.000  18.750  2.6904e-02
9.000  19.000  2.4355e-02
9.000  19.250  6.3482e-03
9.000  19.500  3.6872e-05
9.000  19.750  2.5514e-06
9.000  20.000  1.0000e-07
9.000  20.250  1.0000e-07
9.000  20.500  1.0000e-07
9.000  20.750  1.0000e-07
9.000  21.000  1.0000e-07
9.000  21.250  1.0000e-07
9.000  21.500  1.0000e-07
9.000  21.750  1.0000e-07
9.000  22.000  1.0000e-07
9.000  22.250  1.0000e-07
9.000  22.500  1.0000e-07
9.000  22.750  1.0000e-07
9.000  23.000  1.0000e-07
9.000  23.250  1.0000e-07
9.000  23.500  1.0000e-07
9.000  23.750  1.0000e-07
9.000  24.000  1.0000e-07
9.250  17.000  3.2651e-03
9.250  17.250  7.3888e-03
9.250  17.500  1.3540e-02
9.250  17.750  2.0689e-02
9.250  18.000  2.7016e-02
9.250  18.250  3.0705e-02
9.250  18.500  3.1130e-02
9.250  18.750  2.9149e-02
9.250  19.000  2.6077e-02
9.250  19.250  2.2603e-02
9.250  19.500  6.3406e-03
9.250  19.750  3.5391e-05
9.250  20.000  2.3868e-06
9.250  20.250  1.0000e-07
9.250  20.500  1.0000e-07
9.250  20.750  1.0000e-07
9.250  21.000  1.0000e-07
9.250  21.250  1.0000e-07
9.250  21.500  1.0000e-07
9.250  21.750  1.0000e-07
9.250  22.000  1.0000e-07
9.250  22.250  1.0000e-07
9.250  22.500  1.0000e-07
9.250  22.750  1.0000e-07
9.250  23.000  1.0000e-07
9.250  23.250  1.0000e-07
9.250  23.500  1.0000e-07
9.250  23.750  1.0000e-07
9.250  24.000  1.0000e-07
9.500  17.000  1.1011e-03
9.500  17.250  3.2393e-03
9.500  17.500  7.3432e-03
9.500  17.750  1.3378e-02
9.500  18.000  2.0283e-02
9.500  18.250  2.6352e-02
9.500  18.500  2.9836e-02
9.500  18.750  2.9946e-02
9.500  19.000  2.7504e-02
9.500  19.250  2.4169e-02
9.500  19.500  1.9960e-02
9.500  19.750  6.2402e-03
9.500  20.000  3.3498e-05
9.500  20.250  2.2222e-06
9.500  20.500  1.0000e-07
9.500  20.750  1.0000e-07
9.500  21.000  1.0000e-07
9.500  21.250  1.0000e-07
9.500  21.500  1.0000e-07
9.500  21.750  1.0000e-07
9.500  22.000  1.0000e-07
9.500  22.250  1.0000e-07
9.500  22.500  1.0000e-07
9.500  22.750  1.0000e-07
9.500  23.000  1.0000e-07
9.500  23.250  1.0000e-07
9.500  23.500  1.0000e-07
9.500  23.750  1.0000e-07
9.500  24.000  1.0000e-07
9.750  17.000  2.4996e-04
9.750  17.250  1.0601e-03
9.750  17.500  3.1607e-03
9.750  17.750  7.1560e-03
9.750  18.000  1.2930e-02
9.750  18.250  1.9452e-02
9.750  18.500  2.5022e-02
9.750  18.750  2.7818e-02
9.750  19.000  2.7367e-02
9.750  19.250  2.4797e-02
9.750  19.500  2.1690e-02
9.750  19.750  1.7629e-02
9.750  20.000  6.0880e-03
9.750  20.250  3.1111e-05
9.750  20.500  1.9753e-06
9.750  20.750  1.0000e-07
9.750  21.000  1.0000e-07
9.750  21.250  1.0000e-07
9.750  21.500  1.0000e-07
9.750  21.750  1.0000e-07
9.750  22.000  1.0000e-07
9.750  22.250  1.0000e-07
9.750  22.500  1.0000e-07
9.750  22.750  1.0000e-07
9.750  23.000  1.0000e-07
9.750  23.250  1.0000e-07
9.750  23.500  1.0000e-07
9.750  23.750  1.0000e-07
9.750  24.000  1.0000e-07
10.000  17.000  2.9465e-05
10.000  17.250  2.2831e-04
10.000  17.500  9.9177e-04
10.000  17.750  2.9688e-03
10.000  18.000  6.6909e-03
10.000  18.250  1.1986e-02
10.000  18.500  1.7729e-02
10.000  18.750  2.2279e-02
10.000  19.000  2.4357e-02
10.000  19.250  2.3753e-02
10.000  19.500  2.1665e-02
10.000  19.750  1.9911e-02
10.000  20.000  1.6009e-02
10.000  20.250  5.4559e-03
10.000  20.500  2.7901e-05
10.000  20.750  1.7284e-06
10.000  21.000  1.0000e-07
10.000  21.250  1.0000e-07
10.000  21.500  1.0000e-07
10.000  21.750  1.0000e-07
10.000  22.000  1.0000e-07
10.000  22.250  1.0000e-07
10.000  22.500  1.0000e-07
10.000  22.750  1.0000e-07
10.000  23.000  1.0000e-07
10.000  23.250  1.0000e-07
10.000  23.500  1.0000e-07
10.000  23.750  1.0000e-07
10.000  24.000  1.0000e-07
10.250  17.000  1.8930e-06
10.250  17.250  2.5267e-05
10.250  17.500  2.0091e-04
10.250  17.750  8.7630e-04
10.250  18.000  2.6227e-03
10.250  18.250  5.8660e-03
10.250  18.500  1.0290e-02
10.250  18.750  1.4849e-02
10.250  19.000  1.8393e-02
10.250  19.250  2.0145e-02
10.250  19.500  2.0020e-02
10.250  19.750  1.8653e-02
10.250  20.000  1.7241e-02
10.250  20.250  1.4403e-02
10.250  20.500  5.1412e-03
10.250  20.750  2.3704e-05
10.250  21.000  1.3992e-06
10.250  21.250  1.0000e-07
10.250  21.500  1.0000e-07
10.250  21.750  1.0000e-07
10.250  22.000  1.0000e-07
10.250  22.250  1.0000e-07
10.250  22.500  1.0000e-07
10.250  22.750  1.0000e-07
10.250  23.000  1.0000e-07
10.250  23.250  1.0000e-07
10.250  23.500  1.0000e-07
10.250  23.750  1.0000e-07
10.250  24.000  1.0000e-07
10.500  17.000  1.0000e-07
10.500  17.250  1.4815e-06
10.500  17.500  2.0905e-05
10.500  17.750  1.6576e-04
10.500  18.000  7.2230e-04
10.500  18.250  2.1415e-03
10.500  18.500  4.6687e-03
10.500  18.750  8.0005e-03
10.500  19.000  1.1477e-02
10.500  19.250  1.4432e-02
10.500  19.500  1.6217e-02
10.500  19.750  1.6471e-02
10.500  20.000  1.5699e-02
10.500  20.250  1.5169e-02
10.500  20.500  1.3215e-02
10.500  20.750  4.7257e-03
10.500  21.000  1.8765e-05
10.500  21.250  1.0700e-06
10.500  21.500  1.0000e-07
10.500  21.750  1.0000e-07
10.500  22.000  1.0000e-07
10.500  22.250  1.0000e-07
10.500  22.500  1.0000e-07
10.500  22.750  1.0000e-07
10.500  23.000  1.0000e-07
10.500  23.250  1.0000e-07
10.500  23.500  1.0000e-07
10.500  23.750  1.0000e-07
10.500  24.000  1.0000e-07
10.750  17.000  1.0000e-07
10.750  17.250  1.0000e-07
10.750  17.500  1.1523e-06
10.750  17.750  1.7037e-05
10.750  18.000  1.2930e-04
10.750  18.250  5.5218e-04
10.750  18.500  1.5839e-03
10.750  18.750  3.3743e-03
10.750  19.000  5.7760e-03
10.750  19.250  8.4606e-03
10.750  19.500  1.0936e-02
10.750  19.750  1.2608e-02
10.750  20.000  1.3147e-02
10.750  20.250  1.2791e-02
10.750  20.500  1.2569e-02
10.750  20.750  1.0955e-02
10.750  21.000  3.9928e-03
10.750  21.250  1.3745e-05
10.750  21.500  1.0000e-07
10.750  21.750  1.0000e-07
10.750  22.000  1.0000e-07
10.750  22.250  1.0000e-07
10.750  22.500  1.0000e-07
10.750  22.750  1.0000e-07
10.750  23.000  1.0000e-07
10.750  23.250  1.0000e-07
10.750  23.500  1.0000e-07
10.750  23.750  1.0000e-07
10.750  24.000  1.0000e-07
11.000  17.000  1.0000e-07
11.000  17.250  1.0000e-07
11.000  17.500  1.0000e-07
11.000  17.750  9.8765e-07
11.000  18.000  1.3580e-05
11.000  18.250  9.4733e-05
11.000  18.500  3.8617e-04
11.000  18.750  1.0813e-03
11.000  19.000  2.2885e-03
11.000  19.250  3.9886e-03
11.000  19.500  6.0296e-03
11.000  19.750  8.0605e-03
11.000  20.000  9.5493e-03
11.000  20.250  1.0179e-02
11.000  20.500  1.0190e-02
11.000  20.750  9.9626e-03
11.000  21.000  8.9100e-03
11.000  21.250  3.1784e-03
11.000  21.500  9.3827e-06
11.000  21.750  1.0000e-07
11.000  22.000  1.0000e-07
11.000  22.250  1.0000e-07
11.000  22.500  1.0000e-07
11.000  22.750  1.0000e-07
11.000  23.000  1.0000e-07
11.000  23.250  1.0000e-07
11.000  23.500  1.0000e-07
11.000  23.750  1.0000e-07
11.000  24.000  1.0000e-07
11.250  17.000  1.0000e-07
11.250  17.250  1.0000e-07
11.250  17.500  1.0000e-07
11.250  17.750  1.0000e-07
11.250  18.000  8.2305e-07
11.250  18.250  1.0041e-05
11.250  18.500  6.4033e-05
11.250  18.750  2.5490e-04
11.250  19.000  7.0354e-04
11.250  19.250  1.4978e-03
11.250  19.500  2.6933e-03
11.250  19.750  4.2379e-03
11.250  20.000  5.8463e-03
11.250  20.250  7.0758e-03
11.250  20.500  7.6578e-03
11.250  20.750  7.7310e-03
11.250  21.000  7.5467e-03
11.250  21.250  6.4522e-03
11.250  21.500  1.9785e-03
11.250  21.750  5.8436e-06
11.250  22.000  1.0000e-07
11.250  22.250  1.0000e-07
11.250  22.500  1.0000e-07
11.250  22.750  1.0000e-07
11.250  23.000  1.0000e-07
11.250  23.250  1.0000e-07
11.250  23.500  1.0000e-07
11.250  23.750  1.0000e-07
11.250  24.000  1.0000e-07
11.500  17.000  1.0000e-07
11.500  17.250  1.0000e-07
11.500  17.500  1.0000e-07
11.500  17.750  1.0000e-07
11.500  18.000  1.0000e-07
11.500  18.250  1.0000e-07
11.500  18.500  6.6667e-06
11.500  18.750  4.1235e-05
11.500  19.000  1.6305e-04
11.500  19.250  4.4708e-04
11.500  19.500  9.6930e-04
11.500  19.750  1.8164e-03
11.500  20.000  2.9732e-03
11.500  20.250  4.1886e-03
11.500  20.500  5.1284e-03
11.500  20.750  5.5624e-03
11.500  21.000  5.6124e-03
11.500  21.250  5.4033e-03
11.500  21.500  4.3813e-03
11.500  21.750  7.6560e-04
11.500  22.000  3.3745e-06
11.500  22.250  1.0000e-07
11.500  22.500  1.0000e-07
11.500  22.750  1.0000e-07
11.500  23.000  1.0000e-07
11.500  23.250  1.0000e-07
11.500  23.500  1.0000e-07
11.500  23.750  1.0000e-07
11.500  24.000  1.0000e-07
11.750  17.000  1.0000e-07
11.750  17.250  1.0000e-07
11.750  17.500  1.0000e-07
11.750  17.750  1.0000e-07
11.750  18.000  1.0000e-07
11.750  18.250  1.0000e-07
11.750  18.500  1.0000e-07
11.750  18.750  4.1152e-06
11.750  19.000  2.6008e-05
11.750  19.250  1.0280e-04
11.750  19.500  2.8313e-04
11.750  19.750  6.3317e-04
11.750  20.000  1.2387e-03
11.750  20.250  2.0857e-03
11.750  20.500  2.9714e-03
11.750  20.750  3.6515e-03
11.750  21.000  3.9347e-03
11.750  21.250  3.9073e-03
11.750  21.500  3.5601e-03
11.750  21.750  2.7122e-03
11.750  22.000  9.7449e-05
11.750  22.250  1.8107e-06
11.750  22.500  1.0000e-07
11.750  22.750  1.0000e-07
11.750  23.000  1.0000e-07
11.750  23.250  1.0000e-07
11.750  23.500  1.0000e-07
11.750  23.750  1.0000e-07
11.750  24.000  1.0000e-07
12.000  17.000  1.0000e-07
12.000  17.250  1.0000e-07
12.000  17.500  1.0000e-07
12.000  17.750  1.0000e-07
12.000  18.000  1.0000e-07
12.000  18.250  1.0000e-07
12.000  18.500  1.0000e-07
12.000  18.750  1.0000e-07
12.000  19.000  2.5514e-06
12.000  19.250  1.6379e-05
12.000  19.500  6.5021e-05
12.000  19.750  1.8132e-04
12.000  20.000  4.2272e-04
12.000  20.250  8.5885e-04
12.000  20.500  1.4644e-03
12.000  20.750  2.0856e-03
12.000  21.000  2.5760e-03
12.000  21.250  2.7369e-03
12.000  21.500  2.5623e-03
12.000  21.750  2.2859e-03
12.000  22.000  1.5759e-03
12.000  22.250  2.4362e-05
12.000  22.500  9.8765e-07
12.000  22.750  1.0000e-07
12.000  23.000  1.0000e-07
12.000  23.250  1.0000e-07
12.000  23.500  1.0000e-07
12.000  23.750  1.0000e-07
12.000  24.000  1.0000e-07
12.250  17.000  1.0000e-07
12.250  17.250  1.0000e-07
12.250  17.500  1.0000e-07
12.250  17.750  1.0000e-07
12.250  18.000  1.0000e-07
12.250  18.250  1.0000e-07
12.250  18.500  1.0000e-07
12.250  18.750  1.0000e-07
12.250  19.000  1.0000e-07
12.250  19.250  1.6461e-06
12.250  19.500  1.0453e-05
12.250  19.750  4.1728e-05
12.250  20.000  1.1951e-04
12.250  20.250  2.9012e-04
12.250  20.500  6.0008e-04
12.250  20.750  1.0252e-03
12.250  21.000  1.4719e-03
12.250  21.250  1.8130e-03
12.250  21.500  1.8558e-03
12.250  21.750  1.6453e-03
12.250  22.000  1.4855e-03
12.250  22.250  8.5860e-04
12.250  22.500  9.7119e-06
12.250  22.750  1.0000e-07
12.250  23.000  1.0000e-07
12.250  23.250  1.0000e-07
12.250  23.500  1.0000e-07
12.250  23.750  1.0000e-07
12.250  24.000  1.0000e-07
12.500  17.000  1.0000e-07
12.500  17.250  1.0000e-07
12.500  17.500  1.0000e-07
12.500  17.750  1.0000e-07
12.500  18.000  1.0000e-07
12.500  18.250  1.0000e-07
12.500  18.500  1.0000e-07
12.500  18.750  1.0000e-07
12.500  19.000  1.0000e-07
12.500  19.250  1.0000e-07
12.500  19.500  1.0700e-06
12.500  19.750  6.9136e-06
12.500  20.000  2.7572e-05
12.500  20.250  8.1235e-05
12.500  20.500  2.0321e-04
12.500  20.750  4.2337e-04
12.500  21.000  7.2716e-04
12.500  21.250  1.0504e-03
12.500  21.500  1.2667e-03
12.500  21.750  1.2543e-03
12.500  22.000  1.0789e-03
12.500  22.250  9.7621e-04
12.500  22.500  4.5309e-04
12.500  22.750  4.5267e-06
12.500  23.000  1.0000e-07
12.500  23.250  1.0000e-07
12.500  23.500  1.0000e-07
12.500  23.750  1.0000e-07
12.500  24.000  1.0000e-07
12.750  17.000  1.0000e-07
12.750  17.250  1.0000e-07
12.750  17.500  1.0000e-07
12.750  17.750  1.0000e-07
12.750  18.000  1.0000e-07
12.750  18.250  1.0000e-07
12.750  18.500  1.0000e-07
12.750  18.750  1.0000e-07
12.750  19.000  1.0000e-07
12.750  19.250  1.0000e-07
12.750  19.500  1.0000e-07
12.750  19.750  1.0000e-07
12.750  20.000  4.5267e-06
12.750  20.250  1.8601e-05
12.750  20.500  5.6461e-05
12.750  20.750  1.4247e-04
12.750  21.000  2.9942e-04
12.750  21.250  5.1654e-04
12.750  21.500  7.3621e-04
12.750  21.750  8.8066e-04
12.750  22.000  8.4683e-04
12.750  22.250  7.1630e-04
12.750  22.500  6.4148e-04
12.750  22.750  2.5984e-04
12.750  23.000  2.2222e-06
12.750  23.250  1.0000e-07
12.750  23.500  1.0000e-07
12.750  23.750  1.0000e-07
12.750  24.000  1.0000e-07
13.000  17.000  1.0000e-07
13.000  17.250  1.0000e-07
13.000  17.500  1.0000e-07
13.000  17.750  1.0000e-07
13.000  18.000  1.0000e-07
13.000  18.250  1.0000e-07
13.000  18.500  1.0000e-07
13.000  18.750  1.0000e-07
13.000  19.000  1.0000e-07
13.000  19.250  1.0000e-07
13.000  19.500  1.0000e-07
13.000  19.750  1.0000e-07
13.000  20.000  1.0000e-07
13.000  20.250  2.9630e-06
13.000  20.500  1.2428e-05
13.000  20.750  3.8930e-05
13.000  21.000  9.8519e-05
13.000  21.250  2.0823e-04
13.000  21.500  3.5951e-04
13.000  21.750  5.0058e-04
13.000  22.000  5.8626e-04
13.000  22.250  5.5580e-04
13.000  22.500  4.5490e-04
13.000  22.750  4.0790e-04
13.000  23.000  1.4296e-04
13.000  23.250  1.1523e-06
13.000  23.500  1.0000e-07
13.000  23.750  1.0000e-07
13.000  24.000  1.0000e-07
13.250  17.000  1.0000e-07
13.250  17.250  1.0000e-07
13.250  17.500  1.0000e-07
13.250  17.750  1.0000e-07
13.250  18.000  1.0000e-07
13.250  18.250  1.0000e-07
13.250  18.500  1.0000e-07
13.250  18.750  1.0000e-07
13.250  19.000  1.0000e-07
13.250  19.250  1.0000e-07
13.250  19.500  1.0000e-07
13.250  19.750  1.0000e-07
13.250  20.000  1.0000e-07
13.250  20.250  1.0000e-07
13.250  20.500  1.7284e-06
13.250  20.750  7.7366e-06
13.250  21.000  2.4774e-05
13.250  21.250  6.3786e-05
13.250  21.500  1.2996e-04
13.250  21.750  2.2626e-04
13.250  22.000  3.2683e-04
13.250  22.250  3.8543e-04
13.250  22.500  3.5877e-04
13.250  22.750  2.9531e-04
13.250  23.000  2.7679e-04
13.250  23.250  7.8765e-05
13.250  23.500  1.0000e-07
13.250  23.750  1.0000e-07
13.250  24.000  1.0000e-07
13.500  17.000  1.0000e-07
13.500  17.250  1.0000e-07
13.500  17.500  1.0000e-07
13.500  17.750  1.0000e-07
13.500  18.000  1.0000e-07
13.500  18.250  1.0000e-07
13.500  18.500  1.0000e-07
13.500  18.750  1.0000e-07
13.500  19.000  1.0000e-07
13.500  19.250  1.0000e-07
13.500  19.500  1.0000e-07
13.500  19.750  1.0000e-07
13.500  20.000  1.0000e-07
13.500  20.250  1.0000e-07
13.500  20.500  1.0000e-07
13.500  20.750  9.8765e-07
13.500  21.000  4.3621e-06
13.500  21.250  1.4650e-05
13.500  21.500  3.7449e-05
13.500  21.750  8.0329e-05
13.500  22.000  1.4329e-04
13.500  22.250  2.0601e-04
13.500  22.500  2.5243e-04
13.500  22.750  2.3564e-04
13.500  23.000  2.0313e-04
13.500  23.250  1.9062e-04
13.500  23.500  4.0988e-05
13.500  23.750  1.0000e-07
13.500  24.000  1.0000e-07
13.750  17.000  1.0000e-07
13.750  17.250  1.0000e-07
13.750  17.500  1.0000e-07
13.750  17.750  1.0000e-07
13.750  18.000  1.0000e-07
13.750  18.250  1.0000e-07
13.750  18.500  1.0000e-07
13.750  18.750  1.0000e-07
13.750  19.000  1.0000e-07
13.750  19.250  1.0000e-07
13.750  19.500  1.0000e-07
13.750  19.750  1.0000e-07
13.750  20.000  1.0000e-07
13.750  20.250  1.0000e-07
13.750  20.500  1.0000e-07
13.750  20.750  1.0000e-07
13.750  21.000  1.0000e-07
13.750  21.250  2.5514e-06
13.750  21.500  8.6420e-06
13.750  21.750  2.2634e-05
13.750  22.000  4.7407e-05
13.750  22.250  8.4527e-05
13.750  22.500  1.2955e-04
13.750  22.750  1.6601e-04
13.750  23.000  1.6181e-04
13.750  23.250  1.4477e-04
13.750  23.500  1.3835e-04
13.750  23.750  2.0412e-05
13.750  24.000  1.0000e-07
14.000  17.000  1.0000e-07
14.000  17.250  1.0000e-07
14.000  17.500  1.0000e-07
14.000  17.750  1.0000e-07
14.000  18.000  1.0000e-07
14.000  18.250  1.0000e-07
14.000  18.500  1.0000e-07
14.000  18.750  1.0000e-07
14.000  19.000  1.0000e-07
14.000  19.250  1.0000e-07
14.000  19.500  1.0000e-07
14.000  19.750  1.0000e-07
14.000  20.000  1.0000e-07
14.000  20.250  1.0000e-07
14.000  20.500  1.0000e-07
14.000  20.750  1.0000e-07
14.000  21.000  1.0000e-07
14.000  21.250  1.0000e-07
14.000  21.500  1.6461e-06
14.000  21.750  5.4321e-06
14.000  22.000  1.3663e-05
14.000  22.250  2.8477e-05
14.000  22.500  5.1852e-05
14.000  22.750  8.3210e-05
14.000  23.000  1.1136e-04
14.000  23.250  1.1160e-04
14.000  23.500  1.0551e-04
14.000  23.750  9.5885e-05
14.000  24.000  8.1481e-06
