InwD 3300.00A  relative to Inci 1215.00A scaled to 1215A.
Hden   Phi(H)  Eq_Width (A)
7.000  17.000  1.1420e-01
7.000  17.250  5.5236e-02
7.000  17.500  2.1672e-02
7.000  17.750  9.6200e-03
7.000  18.000  4.4260e-03
7.000  18.250  2.1180e-03
7.000  18.500  9.3400e-04
7.000  18.750  4.6200e-04
7.000  19.000  2.2500e-04
7.000  19.250  9.3000e-05
7.000  19.500  4.0000e-05
7.000  19.750  1.8000e-05
7.000  20.000  9.0000e-06
7.000  20.250  5.0000e-06
7.000  20.500  3.0000e-06
7.000  20.750  2.0000e-06
7.000  21.000  1.0000e-06
7.000  21.250  1.0000e-06
7.000  21.500  1.0000e-10
7.000  21.750  1.0000e-10
7.000  22.000  1.0000e-10
7.000  22.250  1.0000e-10
7.000  22.500  1.0000e-10
7.000  22.750  1.0000e-10
7.000  23.000  1.0000e-10
7.000  23.250  1.0000e-10
7.000  23.500  1.0000e-10
7.000  23.750  1.0000e-10
7.000  24.000  1.0000e-10
7.250  17.000  1.4649e-01
7.250  17.250  1.1359e-01
7.250  17.500  5.4836e-02
7.250  17.750  2.1601e-02
7.250  18.000  9.5910e-03
7.250  18.250  4.4190e-03
7.250  18.500  2.1170e-03
7.250  18.750  9.3300e-04
7.250  19.000  4.6200e-04
7.250  19.250  2.2500e-04
7.250  19.500  9.3000e-05
7.250  19.750  4.0000e-05
7.250  20.000  1.8000e-05
7.250  20.250  9.0000e-06
7.250  20.500  5.0000e-06
7.250  20.750  2.7705e-06
7.250  21.000  1.6018e-06
7.250  21.250  1.1322e-06
7.250  21.500  1.0000e-06
7.250  21.750  1.0000e-06
7.250  22.000  1.0000e-06
7.250  22.250  1.0000e-10
7.250  22.500  1.0000e-10
7.250  22.750  1.0000e-10
7.250  23.000  1.0000e-10
7.250  23.250  1.0000e-10
7.250  23.500  1.0000e-10
7.250  23.750  1.0000e-10
7.250  24.000  1.0000e-10
7.500  17.000  1.7451e-01
7.500  17.250  1.4810e-01
7.500  17.500  1.1294e-01
7.500  17.750  5.4496e-02
7.500  18.000  2.1540e-02
7.500  18.250  9.5610e-03
7.500  18.500  4.4100e-03
7.500  18.750  2.1150e-03
7.500  19.000  9.3300e-04
7.500  19.250  4.6200e-04
7.500  19.500  2.2500e-04
7.500  19.750  9.3000e-05
7.500  20.000  4.0000e-05
7.500  20.250  1.8000e-05
7.500  20.500  9.0000e-06
7.500  20.750  5.0000e-06
7.500  21.000  3.0000e-06
7.500  21.250  1.0000e-06
7.500  21.500  1.0000e-06
7.500  21.750  1.0000e-10
7.500  22.000  1.0000e-10
7.500  22.250  1.0000e-10
7.500  22.500  1.0000e-10
7.500  22.750  1.0000e-10
7.500  23.000  1.0000e-10
7.500  23.250  1.0000e-10
7.500  23.500  1.0000e-10
7.500  23.750  1.0000e-10
7.500  24.000  1.0000e-10
7.750  17.000  1.8916e-01
7.750  17.250  1.7835e-01
7.750  17.500  1.4929e-01
7.750  17.750  1.1231e-01
7.750  18.000  5.4206e-02
7.750  18.250  2.1487e-02
7.750  18.500  9.5290e-03
7.750  18.750  4.4010e-03
7.750  19.000  2.1140e-03
7.750  19.250  9.3200e-04
7.750  19.500  4.6200e-04
7.750  19.750  2.2500e-04
7.750  20.000  9.3000e-05
7.750  20.250  4.0000e-05
7.750  20.500  1.8000e-05
7.750  20.750  9.0000e-06
7.750  21.000  5.0000e-06
7.750  21.250  2.0000e-06
7.750  21.500  1.0000e-06
7.750  21.750  1.0000e-06
7.750  22.000  1.0000e-10
7.750  22.250  1.0000e-10
7.750  22.500  1.0000e-10
7.750  22.750  1.0000e-10
7.750  23.000  1.0000e-10
7.750  23.250  1.0000e-10
7.750  23.500  1.0000e-10
7.750  23.750  1.0000e-10
7.750  24.000  1.0000e-10
8.000  17.000  1.9467e-01
8.000  17.250  1.9209e-01
8.000  17.500  1.8122e-01
8.000  17.750  1.4949e-01
8.000  18.000  1.1123e-01
8.000  18.250  5.3992e-02
8.000  18.500  2.1438e-02
8.000  18.750  9.4940e-03
8.000  19.000  4.3900e-03
8.000  19.250  2.1120e-03
8.000  19.500  9.3200e-04
8.000  19.750  4.6200e-04
8.000  20.000  2.2500e-04
8.000  20.250  9.3000e-05
8.000  20.500  4.0000e-05
8.000  20.750  1.8000e-05
8.000  21.000  9.0000e-06
8.000  21.250  5.0000e-06
8.000  21.500  2.0000e-06
8.000  21.750  1.0000e-06
8.000  22.000  1.0000e-06
8.000  22.250  1.0000e-10
8.000  22.500  1.0000e-10
8.000  22.750  1.0000e-10
8.000  23.000  1.0000e-10
8.000  23.250  1.0000e-10
8.000  23.500  1.0000e-10
8.000  23.750  1.0000e-10
8.000  24.000  1.0000e-10
8.250  17.000  2.0173e-01
8.250  17.250  1.9913e-01
8.250  17.500  1.9770e-01
8.250  17.750  1.8617e-01
8.250  18.000  1.5185e-01
8.250  18.250  1.1077e-01
8.250  18.500  5.3793e-02
8.250  18.750  2.1389e-02
8.250  19.000  9.4550e-03
8.250  19.250  4.3790e-03
8.250  19.500  2.1120e-03
8.250  19.750  9.3200e-04
8.250  20.000  4.6200e-04
8.250  20.250  2.2500e-04
8.250  20.500  9.3000e-05
8.250  20.750  4.0000e-05
8.250  21.000  1.8000e-05
8.250  21.250  9.0000e-06
8.250  21.500  5.0000e-06
8.250  21.750  2.0000e-06
8.250  22.000  1.0000e-06
8.250  22.250  1.0000e-06
8.250  22.500  1.0000e-10
8.250  22.750  1.0000e-10
8.250  23.000  1.0000e-10
8.250  23.250  1.0000e-10
8.250  23.500  1.0000e-10
8.250  23.750  1.0000e-10
8.250  24.000  1.0000e-10
8.500  17.000  2.0927e-01
8.500  17.250  2.0631e-01
8.500  17.500  2.0543e-01
8.500  17.750  2.0641e-01
8.500  18.000  1.9524e-01
8.500  18.250  1.5583e-01
8.500  18.500  1.1047e-01
8.500  18.750  5.3611e-02
8.500  19.000  2.1340e-02
8.500  19.250  9.4100e-03
8.500  19.500  4.3650e-03
8.500  19.750  2.1100e-03
8.500  20.000  9.3200e-04
8.500  20.250  4.6200e-04
8.500  20.500  2.2500e-04
8.500  20.750  9.3000e-05
8.500  21.000  4.0000e-05
8.500  21.250  1.8000e-05
8.500  21.500  9.0000e-06
8.500  21.750  5.0000e-06
8.500  22.000  2.0000e-06
8.500  22.250  1.0000e-06
8.500  22.500  1.0000e-06
8.500  22.750  1.0000e-10
8.500  23.000  1.0000e-10
8.500  23.250  1.0000e-10
8.500  23.500  1.0000e-10
8.500  23.750  1.0000e-10
8.500  24.000  1.0000e-10
8.750  17.000  2.1588e-01
8.750  17.250  2.1410e-01
8.750  17.500  2.1350e-01
8.750  17.750  2.1689e-01
8.750  18.000  2.2243e-01
8.750  18.250  2.1050e-01
8.750  18.500  1.6460e-01
8.750  18.750  1.0968e-01
8.750  19.000  5.3418e-02
8.750  19.250  2.1291e-02
8.750  19.500  9.3610e-03
8.750  19.750  4.3510e-03
8.750  20.000  2.1080e-03
8.750  20.250  9.3100e-04
8.750  20.500  4.6200e-04
8.750  20.750  2.2500e-04
8.750  21.000  9.3000e-05
8.750  21.250  4.0000e-05
8.750  21.500  1.8000e-05
8.750  21.750  9.0000e-06
8.750  22.000  5.0000e-06
8.750  22.250  2.0000e-06
8.750  22.500  1.0000e-06
8.750  22.750  1.0000e-06
8.750  23.000  1.0000e-10
8.750  23.250  1.0000e-10
8.750  23.500  1.0000e-10
8.750  23.750  1.0000e-10
8.750  24.000  1.0000e-10
9.000  17.000  2.2060e-01
9.000  17.250  2.2096e-01
9.000  17.500  2.2247e-01
9.000  17.750  2.2720e-01
9.000  18.000  2.3900e-01
9.000  18.250  2.5223e-01
9.000  18.500  2.3386e-01
9.000  18.750  1.7162e-01
9.000  19.000  1.0909e-01
9.000  19.250  5.3221e-02
9.000  19.500  2.1247e-02
9.000  19.750  9.3110e-03
9.000  20.000  4.3370e-03
9.000  20.250  2.1060e-03
9.000  20.500  9.3100e-04
9.000  20.750  4.6200e-04
9.000  21.000  2.2500e-04
9.000  21.250  9.3000e-05
9.000  21.500  4.0000e-05
9.000  21.750  1.8000e-05
9.000  22.000  9.0000e-06
9.000  22.250  5.0000e-06
9.000  22.500  2.0000e-06
9.000  22.750  1.0000e-06
9.000  23.000  1.0000e-06
9.000  23.250  1.0000e-10
9.000  23.500  1.0000e-10
9.000  23.750  1.0000e-10
9.000  24.000  1.0000e-10
9.250  17.000  2.2318e-01
9.250  17.250  2.2608e-01
9.250  17.500  2.3102e-01
9.250  17.750  2.4022e-01
9.250  18.000  2.5823e-01
9.250  18.250  2.8365e-01
9.250  18.500  2.9673e-01
9.250  18.750  2.6281e-01
9.250  19.000  1.8567e-01
9.250  19.250  1.0900e-01
9.250  19.500  5.2984e-02
9.250  19.750  2.1211e-02
9.250  20.000  9.2650e-03
9.250  20.250  4.3220e-03
9.250  20.500  2.1050e-03
9.250  20.750  9.3100e-04
9.250  21.000  4.6200e-04
9.250  21.250  2.2500e-04
9.250  21.500  9.2000e-05
9.250  21.750  4.0000e-05
9.250  22.000  1.8000e-05
9.250  22.250  9.0000e-06
9.250  22.500  5.0000e-06
9.250  22.750  2.0000e-06
9.250  23.000  1.0000e-06
9.250  23.250  1.0000e-06
9.250  23.500  1.0000e-10
9.250  23.750  1.0000e-10
9.250  24.000  1.0000e-10
9.500  17.000  2.2434e-01
9.500  17.250  2.2998e-01
9.500  17.500  2.3875e-01
9.500  17.750  2.5426e-01
9.500  18.000  2.8237e-01
9.500  18.250  3.1867e-01
9.500  18.500  3.4731e-01
9.500  18.750  3.4504e-01
9.500  19.000  2.8494e-01
9.500  19.250  1.9418e-01
9.500  19.500  1.0923e-01
9.500  19.750  5.2747e-02
9.500  20.000  2.1186e-02
9.500  20.250  9.2250e-03
9.500  20.500  4.3090e-03
9.500  20.750  2.1040e-03
9.500  21.000  9.3000e-04
9.500  21.250  4.6200e-04
9.500  21.500  2.2500e-04
9.500  21.750  9.3000e-05
9.500  22.000  4.0000e-05
9.500  22.250  1.8000e-05
9.500  22.500  9.0000e-06
9.500  22.750  5.0000e-06
9.500  23.000  2.0000e-06
9.500  23.250  1.0000e-06
9.500  23.500  1.0000e-06
9.500  23.750  1.0000e-06
9.500  24.000  1.0000e-10
9.750  17.000  2.2344e-01
9.750  17.250  2.3222e-01
9.750  17.500  2.4540e-01
9.750  17.750  2.6888e-01
9.750  18.000  3.1017e-01
9.750  18.250  3.6092e-01
9.750  18.500  3.9892e-01
9.750  18.750  4.1215e-01
9.750  19.000  3.8764e-01
9.750  19.250  3.1258e-01
9.750  19.500  2.0431e-01
9.750  19.750  1.0900e-01
9.750  20.000  5.2408e-02
9.750  20.250  2.1172e-02
9.750  20.500  9.1950e-03
9.750  20.750  4.2980e-03
9.750  21.000  2.1030e-03
9.750  21.250  9.3000e-04
9.750  21.500  4.6200e-04
9.750  21.750  2.2500e-04
9.750  22.000  9.3000e-05
9.750  22.250  3.9000e-05
9.750  22.500  1.8000e-05
9.750  22.750  9.0000e-06
9.750  23.000  5.0000e-06
9.750  23.250  3.0000e-06
9.750  23.500  1.0000e-06
9.750  23.750  1.0000e-10
9.750  24.000  1.0000e-10
10.000  17.000  2.2014e-01
10.000  17.250  2.3377e-01
10.000  17.500  2.5268e-01
10.000  17.750  2.8629e-01
10.000  18.000  3.4429e-01
10.000  18.250  4.0914e-01
10.000  18.500  4.5485e-01
10.000  18.750  4.7438e-01
10.000  19.000  4.7108e-01
10.000  19.250  4.2886e-01
10.000  19.500  3.4489e-01
10.000  19.750  2.0017e-01
10.000  20.000  1.0764e-01
10.000  20.250  5.2263e-02
10.000  20.500  2.1161e-02
10.000  20.750  9.1710e-03
10.000  21.000  4.2890e-03
10.000  21.250  2.1020e-03
10.000  21.500  9.2900e-04
10.000  21.750  4.6200e-04
10.000  22.000  2.2500e-04
10.000  22.250  9.3000e-05
10.000  22.500  4.0000e-05
10.000  22.750  1.8000e-05
10.000  23.000  9.0000e-06
10.000  23.250  4.0000e-06
10.000  23.500  3.0000e-06
10.000  23.750  2.0000e-06
10.000  24.000  1.0000e-06
10.250  17.000  2.1661e-01
10.250  17.250  2.3462e-01
10.250  17.500  2.6226e-01
10.250  17.750  3.0939e-01
10.250  18.000  3.8358e-01
10.250  18.250  4.6134e-01
10.250  18.500  5.1308e-01
10.250  18.750  5.3806e-01
10.250  19.000  5.4037e-01
10.250  19.250  5.2552e-01
10.250  19.500  4.7633e-01
10.250  19.750  3.5843e-01
10.250  20.000  1.9987e-01
10.250  20.250  1.0550e-01
10.250  20.500  5.1540e-02
10.250  20.750  2.1133e-02
10.250  21.000  9.1520e-03
10.250  21.250  4.2820e-03
10.250  21.500  2.1010e-03
10.250  21.750  9.2900e-04
10.250  22.000  4.6200e-04
10.250  22.250  2.2500e-04
10.250  22.500  9.2000e-05
10.250  22.750  4.0000e-05
10.250  23.000  1.9000e-05
10.250  23.250  9.0000e-06
10.250  23.500  5.0000e-06
10.250  23.750  3.0000e-06
10.250  24.000  2.0000e-06
10.500  17.000  2.1320e-01
10.500  17.250  2.3762e-01
10.500  17.500  2.7630e-01
10.500  17.750  3.4162e-01
10.500  18.000  4.3102e-01
10.500  18.250  5.1910e-01
10.500  18.500  5.7694e-01
10.500  18.750  6.1081e-01
10.500  19.000  6.2408e-01
10.500  19.250  6.1750e-01
10.500  19.500  5.8667e-01
10.500  19.750  5.2119e-01
10.500  20.000  3.6511e-01
10.500  20.250  1.9516e-01
10.500  20.500  1.0153e-01
10.500  20.750  5.0423e-02
10.500  21.000  2.1073e-02
10.500  21.250  9.1400e-03
10.500  21.500  4.2780e-03
10.500  21.750  2.1000e-03
10.500  22.000  9.2900e-04
10.500  22.250  4.6200e-04
10.500  22.500  2.2500e-04
10.500  22.750  9.3000e-05
10.500  23.000  4.0000e-05
10.500  23.250  1.8000e-05
10.500  23.500  9.0000e-06
10.500  23.750  4.0000e-06
10.500  24.000  2.0000e-06
10.750  17.000  2.0989e-01
10.750  17.250  2.4251e-01
10.750  17.500  2.9762e-01
10.750  17.750  3.8234e-01
10.750  18.000  4.8629e-01
10.750  18.250  5.8089e-01
10.750  18.500  6.4862e-01
10.750  18.750  6.9336e-01
10.750  19.000  7.1446e-01
10.750  19.250  7.1262e-01
10.750  19.500  6.9143e-01
10.750  19.750  6.4762e-01
10.750  20.000  5.6645e-01
10.750  20.250  3.7558e-01
10.750  20.500  1.8931e-01
10.750  20.750  9.8247e-02
10.750  21.000  4.9119e-02
10.750  21.250  2.0939e-02
10.750  21.500  9.1260e-03
10.750  21.750  4.2770e-03
10.750  22.000  2.1010e-03
10.750  22.250  9.2800e-04
10.750  22.500  4.6100e-04
10.750  22.750  2.2500e-04
10.750  23.000  9.2000e-05
10.750  23.250  4.0000e-05
10.750  23.500  1.8000e-05
10.750  23.750  9.0000e-06
10.750  24.000  4.0000e-06
11.000  17.000  2.0664e-01
11.000  17.250  2.4807e-01
11.000  17.500  3.2207e-01
11.000  17.750  4.2803e-01
11.000  18.000  5.4358e-01
11.000  18.250  6.4529e-01
11.000  18.500  7.2406e-01
11.000  18.750  7.8142e-01
11.000  19.000  8.0978e-01
11.000  19.250  8.1146e-01
11.000  19.500  7.9575e-01
11.000  19.750  7.6249e-01
11.000  20.000  7.0571e-01
11.000  20.250  6.0861e-01
11.000  20.500  3.6374e-01
11.000  20.750  1.8374e-01
11.000  21.000  9.4115e-02
11.000  21.250  4.7366e-02
11.000  21.500  2.0710e-02
11.000  21.750  9.1070e-03
11.000  22.000  4.2790e-03
11.000  22.250  2.1020e-03
11.000  22.500  9.2800e-04
11.000  22.750  4.6200e-04
11.000  23.000  2.2600e-04
11.000  23.250  9.2000e-05
11.000  23.500  4.0000e-05
11.000  23.750  1.8000e-05
11.000  24.000  9.0000e-06
11.250  17.000  2.0312e-01
11.250  17.250  2.5240e-01
11.250  17.500  3.4372e-01
11.250  17.750  4.6959e-01
11.250  18.000  5.9825e-01
11.250  18.250  7.0818e-01
11.250  18.500  7.9573e-01
11.250  18.750  8.6166e-01
11.250  19.000  8.9954e-01
11.250  19.250  9.1265e-01
11.250  19.500  9.0076e-01
11.250  19.750  8.7223e-01
11.250  20.000  8.2544e-01
11.250  20.250  7.5616e-01
11.250  20.500  6.4572e-01
11.250  20.750  3.6158e-01
11.250  21.000  1.7878e-01
11.250  21.250  9.0718e-02
11.250  21.500  4.5640e-02
11.250  21.750  2.0325e-02
11.250  22.000  9.0750e-03
11.250  22.250  4.2830e-03
11.250  22.500  2.1030e-03
11.250  22.750  9.2800e-04
11.250  23.000  4.6200e-04
11.250  23.250  2.2500e-04
11.250  23.500  9.2000e-05
11.250  23.750  3.9000e-05
11.250  24.000  1.8000e-05
11.500  17.000  1.9987e-01
11.500  17.250  2.5569e-01
11.500  17.500  3.5904e-01
11.500  17.750  5.0016e-01
11.500  18.000  6.4262e-01
11.500  18.250  7.6347e-01
11.500  18.500  8.5961e-01
11.500  18.750  9.3576e-01
11.500  19.000  9.8335e-01
11.500  19.250  1.0066e+00
11.500  19.500  1.0031e+00
11.500  19.750  9.7902e-01
11.500  20.000  9.3770e-01
11.500  20.250  8.7897e-01
11.500  20.500  7.9756e-01
11.500  20.750  6.6249e-01
11.500  21.000  3.5533e-01
11.500  21.250  1.7170e-01
11.500  21.500  8.7282e-02
11.500  21.750  4.3787e-02
11.500  22.000  1.9874e-02
11.500  22.250  9.0210e-03
11.500  22.500  4.2890e-03
11.500  22.750  2.1040e-03
11.500  23.000  9.2700e-04
11.500  23.250  4.6200e-04
11.500  23.500  2.2600e-04
11.500  23.750  9.3000e-05
11.500  24.000  4.0000e-05
11.750  17.000  1.9666e-01
11.750  17.250  2.5690e-01
11.750  17.500  3.6643e-01
11.750  17.750  5.1607e-01
11.750  18.000  6.7019e-01
11.750  18.250  8.0354e-01
11.750  18.500  9.1281e-01
11.750  18.750  9.9837e-01
11.750  19.000  1.0608e+00
11.750  19.250  1.0931e+00
11.750  19.500  1.1009e+00
11.750  19.750  1.0830e+00
11.750  20.000  1.0443e+00
11.750  20.250  9.9040e-01
11.750  20.500  9.2106e-01
11.750  20.750  8.2764e-01
11.750  21.000  6.7314e-01
11.750  21.250  3.4890e-01
11.750  21.500  1.6677e-01
11.750  21.750  8.4783e-02
11.750  22.000  4.1713e-02
11.750  22.250  1.9424e-02
11.750  22.500  8.9370e-03
11.750  22.750  4.2960e-03
11.750  23.000  2.1070e-03
11.750  23.250  9.2600e-04
11.750  23.500  4.6100e-04
11.750  23.750  2.2500e-04
11.750  24.000  9.3000e-05
12.000  17.000  1.9342e-01
12.000  17.250  2.5536e-01
12.000  17.500  3.6459e-01
12.000  17.750  5.1529e-01
12.000  18.000  6.7610e-01
12.000  18.250  8.2336e-01
12.000  18.500  9.5100e-01
12.000  18.750  1.0540e+00
12.000  19.000  1.1279e+00
12.000  19.250  1.1721e+00
12.000  19.500  1.1868e+00
12.000  19.750  1.1760e+00
12.000  20.000  1.1430e+00
12.000  20.250  1.0933e+00
12.000  20.500  1.0293e+00
12.000  20.750  9.5101e-01
12.000  21.000  8.4697e-01
12.000  21.250  6.3693e-01
12.000  21.500  3.4438e-01
12.000  21.750  1.6097e-01
12.000  22.000  8.2767e-02
12.000  22.250  3.9825e-02
12.000  22.500  1.8909e-02
12.000  22.750  8.8260e-03
12.000  23.000  4.3030e-03
12.000  23.250  2.1110e-03
12.000  23.500  9.2600e-04
12.000  23.750  4.6100e-04
12.000  24.000  2.2600e-04
12.250  17.000  1.8957e-01
12.250  17.250  2.5068e-01
12.250  17.500  3.5353e-01
12.250  17.750  4.9785e-01
12.250  18.000  6.6158e-01
12.250  18.250  8.2383e-01
12.250  18.500  9.7103e-01
12.250  18.750  1.0934e+00
12.250  19.000  1.1813e+00
12.250  19.250  1.2355e+00
12.250  19.500  1.2585e+00
12.250  19.750  1.2554e+00
12.250  20.000  1.2293e+00
12.250  20.250  1.1852e+00
12.250  20.500  1.1258e+00
12.250  20.750  1.0557e+00
12.250  21.000  9.7138e-01
12.250  21.250  8.5708e-01
12.250  21.500  6.2822e-01
12.250  21.750  3.3550e-01
12.250  22.000  1.5647e-01
12.250  22.250  8.1036e-02
12.250  22.500  3.8151e-02
12.250  22.750  1.8376e-02
12.250  23.000  8.7050e-03
12.250  23.250  4.3070e-03
12.250  23.500  2.1140e-03
12.250  23.750  9.2500e-04
12.250  24.000  4.6100e-04
12.500  17.000  1.7976e-01
12.500  17.250  2.4142e-01
12.500  17.500  3.3618e-01
12.500  17.750  4.7002e-01
12.500  18.000  6.3215e-01
12.500  18.250  8.0305e-01
12.500  18.500  9.6690e-01
12.500  18.750  1.1085e+00
12.500  19.000  1.2138e+00
12.500  19.250  1.2792e+00
12.500  19.500  1.3114e+00
12.500  19.750  1.3166e+00
12.500  20.000  1.2989e+00
12.500  20.250  1.2627e+00
12.500  20.500  1.2089e+00
12.500  20.750  1.1467e+00
12.500  21.000  1.0750e+00
12.500  21.250  9.8692e-01
12.500  21.500  8.4832e-01
12.500  21.750  6.0535e-01
12.500  22.000  3.2223e-01
12.500  22.250  1.5232e-01
12.500  22.500  7.8546e-02
12.500  22.750  3.6566e-02
12.500  23.000  1.7788e-02
12.500  23.250  8.5810e-03
12.500  23.500  4.3060e-03
12.500  23.750  2.1160e-03
12.500  24.000  9.2300e-04
12.750  17.000  1.6215e-01
12.750  17.250  2.2204e-01
12.750  17.500  3.1320e-01
12.750  17.750  4.3929e-01
12.750  18.000  5.9530e-01
12.750  18.250  7.6782e-01
12.750  18.500  9.3909e-01
12.750  18.750  1.0949e+00
12.750  19.000  1.2181e+00
12.750  19.250  1.3014e+00
12.750  19.500  1.3417e+00
12.750  19.750  1.3544e+00
12.750  20.000  1.3444e+00
12.750  20.250  1.3192e+00
12.750  20.500  1.2755e+00
12.750  20.750  1.2193e+00
12.750  21.000  1.1584e+00
12.750  21.250  1.0879e+00
12.750  21.500  9.7725e-01
12.750  21.750  8.4158e-01
12.750  22.000  5.7673e-01
12.750  22.250  3.0796e-01
12.750  22.500  1.4886e-01
12.750  22.750  7.4968e-02
12.750  23.000  3.5270e-02
12.750  23.250  1.7198e-02
12.750  23.500  8.4140e-03
12.750  23.750  4.2950e-03
12.750  24.000  2.1160e-03
13.000  17.000  1.3884e-01
13.000  17.250  1.9292e-01
13.000  17.500  2.8327e-01
13.000  17.750  4.0443e-01
13.000  18.000  5.5363e-01
13.000  18.250  7.2220e-01
13.000  18.500  8.9513e-01
13.000  18.750  1.0573e+00
13.000  19.000  1.1934e+00
13.000  19.250  1.2916e+00
13.000  19.500  1.3459e+00
13.000  19.750  1.3693e+00
13.000  20.000  1.3698e+00
13.000  20.250  1.3515e+00
13.000  20.500  1.3220e+00
13.000  20.750  1.2796e+00
13.000  21.000  1.2270e+00
13.000  21.250  1.1703e+00
13.000  21.500  1.0805e+00
13.000  21.750  9.7820e-01
13.000  22.000  8.2358e-01
13.000  22.250  5.4502e-01
13.000  22.500  2.8985e-01
13.000  22.750  1.4574e-01
13.000  23.000  7.1373e-02
13.000  23.250  3.3759e-02
13.000  23.500  1.6503e-02
13.000  23.750  8.2600e-03
13.000  24.000  4.2730e-03
13.250  17.000  1.2679e-01
13.250  17.250  1.7186e-01
13.250  17.500  2.4823e-01
13.250  17.750  3.6313e-01
13.250  18.000  5.0586e-01
13.250  18.250  6.7122e-01
13.250  18.500  8.4181e-01
13.250  18.750  1.0057e+00
13.250  19.000  1.1480e+00
13.250  19.250  1.2583e+00
13.250  19.500  1.3280e+00
13.250  19.750  1.3662e+00
13.250  20.000  1.3768e+00
13.250  20.250  1.3668e+00
13.250  20.500  1.3436e+00
13.250  20.750  1.3127e+00
13.250  21.000  1.2734e+00
13.250  21.250  1.2252e+00
13.250  21.500  1.1427e+00
13.250  21.750  1.0692e+00
13.250  22.000  9.6604e-01
13.250  22.250  7.9383e-01
13.250  22.500  5.0682e-01
13.250  22.750  2.7131e-01
13.250  23.000  1.3741e-01
13.250  23.250  6.7406e-02
13.250  23.500  3.2389e-02
13.250  23.750  1.5993e-02
13.250  24.000  8.1740e-03
13.500  17.000  1.1483e-01
13.500  17.250  1.5471e-01
13.500  17.500  2.2162e-01
13.500  17.750  3.2224e-01
13.500  18.000  4.5839e-01
13.500  18.250  6.1460e-01
13.500  18.500  7.8325e-01
13.500  18.750  9.4593e-01
13.500  19.000  1.0934e+00
13.500  19.250  1.2110e+00
13.500  19.500  1.2950e+00
13.500  19.750  1.3438e+00
13.500  20.000  1.3673e+00
13.500  20.250  1.3700e+00
13.500  20.500  1.3533e+00
13.500  20.750  1.3256e+00
13.500  21.000  1.2902e+00
13.500  21.250  1.2530e+00
13.500  21.500  1.1795e+00
13.500  21.750  1.1225e+00
13.500  22.000  1.0491e+00
13.500  22.250  9.3385e-01
13.500  22.500  7.4357e-01
13.500  22.750  4.6338e-01
13.500  23.000  2.4775e-01
13.500  23.250  1.2887e-01
13.500  23.500  6.3441e-02
13.500  23.750  3.1026e-02
13.500  24.000  1.5530e-02
13.750  17.000  1.0431e-01
13.750  17.250  1.3844e-01
13.750  17.500  1.9691e-01
13.750  17.750  2.8437e-01
13.750  18.000  4.0821e-01
13.750  18.250  5.5894e-01
13.750  18.500  7.1902e-01
13.750  18.750  8.8328e-01
13.750  19.000  1.0328e+00
13.750  19.250  1.1610e+00
13.750  19.500  1.2571e+00
13.750  19.750  1.3196e+00
13.750  20.000  1.3536e+00
13.750  20.250  1.3657e+00
13.750  20.500  1.3589e+00
13.750  20.750  1.3359e+00
13.750  21.000  1.3019e+00
13.750  21.250  1.2625e+00
13.750  21.500  1.1992e+00
13.750  21.750  1.1473e+00
13.750  22.000  1.0808e+00
13.750  22.250  9.9147e-01
13.750  22.500  8.7956e-01
13.750  22.750  6.8491e-01
13.750  23.000  4.1428e-01
13.750  23.250  2.2461e-01
13.750  23.500  1.1838e-01
13.750  23.750  5.9504e-02
13.750  24.000  2.9745e-02
14.000  17.000  9.4728e-02
14.000  17.250  1.2382e-01
14.000  17.500  1.7321e-01
14.000  17.750  2.5126e-01
14.000  18.000  3.6030e-01
14.000  18.250  5.0048e-01
14.000  18.500  6.5796e-01
14.000  18.750  8.1782e-01
14.000  19.000  9.6960e-01
14.000  19.250  1.1042e+00
14.000  19.500  1.2137e+00
14.000  19.750  1.2922e+00
14.000  20.000  1.3399e+00
14.000  20.250  1.3606e+00
14.000  20.500  1.3633e+00
14.000  20.750  1.3488e+00
14.000  21.000  1.3202e+00
14.000  21.250  1.2832e+00
14.000  21.500  1.2175e+00
14.000  21.750  1.1681e+00
14.000  22.000  1.1037e+00
14.000  22.250  1.0165e+00
14.000  22.500  9.1525e-01
14.000  22.750  8.1914e-01
14.000  23.000  6.1568e-01
14.000  23.250  3.6721e-01
14.000  23.500  2.0242e-01
14.000  23.750  1.1042e-01
14.000  24.000  5.5936e-02
