C  3 977.000A  relative to Inci 1215.00A scaled to 1215A.
Hden   Phi(H)  Eq_Width (A)
7.000  17.000  7.0449e-03
7.000  17.250  1.6070e-03
7.000  17.500  1.6848e-04
7.000  17.750  3.8272e-05
7.000  18.000  1.0000e-07
7.000  18.250  1.0000e-07
7.000  18.500  1.0000e-07
7.000  18.750  1.0000e-07
7.000  19.000  1.0000e-07
7.000  19.250  1.0000e-07
7.000  19.500  1.0000e-07
7.000  19.750  1.0000e-07
7.000  20.000  1.0000e-07
7.000  20.250  1.0000e-07
7.000  20.500  1.0000e-07
7.000  20.750  1.0000e-07
7.000  21.000  1.0000e-07
7.000  21.250  1.0000e-07
7.000  21.500  1.0000e-07
7.000  21.750  1.0000e-07
7.000  22.000  1.0000e-07
7.000  22.250  1.0000e-07
7.000  22.500  1.0000e-07
7.000  22.750  1.0000e-07
7.000  23.000  1.0000e-07
7.000  23.250  1.0000e-07
7.000  23.500  1.0000e-07
7.000  23.750  1.0000e-07
7.000  24.000  1.0000e-07
7.250  17.000  7.5951e-03
7.250  17.250  7.3750e-03
7.250  17.500  1.5956e-03
7.250  17.750  1.6609e-04
7.250  18.000  3.6543e-05
7.250  18.250  1.0000e-07
7.250  18.500  1.0000e-07
7.250  18.750  1.0000e-07
7.250  19.000  1.0000e-07
7.250  19.250  1.0000e-07
7.250  19.500  1.0000e-07
7.250  19.750  1.0000e-07
7.250  20.000  1.0000e-07
7.250  20.250  1.0000e-07
7.250  20.500  1.0000e-07
7.250  20.750  1.0000e-07
7.250  21.000  1.0000e-07
7.250  21.250  1.0000e-07
7.250  21.500  1.0000e-07
7.250  21.750  1.0000e-07
7.250  22.000  1.0000e-07
7.250  22.250  1.0000e-07
7.250  22.500  1.0000e-07
7.250  22.750  1.0000e-07
7.250  23.000  1.0000e-07
7.250  23.250  1.0000e-07
7.250  23.500  1.0000e-07
7.250  23.750  1.0000e-07
7.250  24.000  1.0000e-07
7.500  17.000  9.7785e-03
7.500  17.250  7.8721e-03
7.500  17.500  7.6590e-03
7.500  17.750  1.5853e-03
7.500  18.000  1.6370e-04
7.500  18.250  3.4815e-05
7.500  18.500  1.0000e-07
7.500  18.750  1.0000e-07
7.500  19.000  1.0000e-07
7.500  19.250  1.0000e-07
7.500  19.500  1.0000e-07
7.500  19.750  1.0000e-07
7.500  20.000  1.0000e-07
7.500  20.250  1.0000e-07
7.500  20.500  1.0000e-07
7.500  20.750  1.0000e-07
7.500  21.000  1.0000e-07
7.500  21.250  1.0000e-07
7.500  21.500  1.0000e-07
7.500  21.750  1.0000e-07
7.500  22.000  1.0000e-07
7.500  22.250  1.0000e-07
7.500  22.500  1.0000e-07
7.500  22.750  1.0000e-07
7.500  23.000  1.0000e-07
7.500  23.250  1.0000e-07
7.500  23.500  1.0000e-07
7.500  23.750  1.0000e-07
7.500  24.000  1.0000e-07
7.750  17.000  1.3030e-02
7.750  17.250  1.0089e-02
7.750  17.500  6.9305e-03
7.750  17.750  3.8994e-03
7.750  18.000  1.4812e-03
7.750  18.250  1.6140e-04
7.750  18.500  3.3004e-05
7.750  18.750  1.0000e-07
7.750  19.000  1.0000e-07
7.750  19.250  1.0000e-07
7.750  19.500  1.0000e-07
7.750  19.750  1.0000e-07
7.750  20.000  1.0000e-07
7.750  20.250  1.0000e-07
7.750  20.500  1.0000e-07
7.750  20.750  1.0000e-07
7.750  21.000  1.0000e-07
7.750  21.250  1.0000e-07
7.750  21.500  1.0000e-07
7.750  21.750  1.0000e-07
7.750  22.000  1.0000e-07
7.750  22.250  1.0000e-07
7.750  22.500  1.0000e-07
7.750  22.750  1.0000e-07
7.750  23.000  1.0000e-07
7.750  23.250  1.0000e-07
7.750  23.500  1.0000e-07
7.750  23.750  1.0000e-07
7.750  24.000  1.0000e-07
8.000  17.000  1.6926e-02
8.000  17.250  1.3326e-02
8.000  17.500  1.0220e-02
8.000  17.750  8.0902e-03
8.000  18.000  7.7695e-03
8.000  18.250  1.5754e-03
8.000  18.500  1.5909e-04
8.000  18.750  3.1193e-05
8.000  19.000  1.0000e-07
8.000  19.250  1.0000e-07
8.000  19.500  1.0000e-07
8.000  19.750  1.0000e-07
8.000  20.000  1.0000e-07
8.000  20.250  1.0000e-07
8.000  20.500  1.0000e-07
8.000  20.750  1.0000e-07
8.000  21.000  1.0000e-07
8.000  21.250  1.0000e-07
8.000  21.500  1.0000e-07
8.000  21.750  1.0000e-07
8.000  22.000  1.0000e-07
8.000  22.250  1.0000e-07
8.000  22.500  1.0000e-07
8.000  22.750  1.0000e-07
8.000  23.000  1.0000e-07
8.000  23.250  1.0000e-07
8.000  23.500  1.0000e-07
8.000  23.750  1.0000e-07
8.000  24.000  1.0000e-07
8.250  17.000  2.0787e-02
8.250  17.250  1.7288e-02
8.250  17.500  1.3552e-02
8.250  17.750  1.0367e-02
8.250  18.000  8.1900e-03
8.250  18.250  7.9055e-03
8.250  18.500  1.5656e-03
8.250  18.750  1.5671e-04
8.250  19.000  2.9383e-05
8.250  19.250  1.0000e-07
8.250  19.500  1.0000e-07
8.250  19.750  1.0000e-07
8.250  20.000  1.0000e-07
8.250  20.250  1.0000e-07
8.250  20.500  1.0000e-07
8.250  20.750  1.0000e-07
8.250  21.000  1.0000e-07
8.250  21.250  1.0000e-07
8.250  21.500  1.0000e-07
8.250  21.750  1.0000e-07
8.250  22.000  1.0000e-07
8.250  22.250  1.0000e-07
8.250  22.500  1.0000e-07
8.250  22.750  1.0000e-07
8.250  23.000  1.0000e-07
8.250  23.250  1.0000e-07
8.250  23.500  1.0000e-07
8.250  23.750  1.0000e-07
8.250  24.000  1.0000e-07
8.500  17.000  2.3321e-02
8.500  17.250  2.1174e-02
8.500  17.500  1.7531e-02
8.500  17.750  1.3699e-02
8.500  18.000  1.0467e-02
8.500  18.250  7.1790e-03
8.500  18.500  4.0292e-03
8.500  18.750  1.5201e-03
8.500  19.000  1.5440e-04
8.500  19.250  2.7572e-05
8.500  19.500  1.0000e-07
8.500  19.750  1.0000e-07
8.500  20.000  1.0000e-07
8.500  20.250  1.0000e-07
8.500  20.500  1.0000e-07
8.500  20.750  1.0000e-07
8.500  21.000  1.0000e-07
8.500  21.250  1.0000e-07
8.500  21.500  1.0000e-07
8.500  21.750  1.0000e-07
8.500  22.000  1.0000e-07
8.500  22.250  1.0000e-07
8.500  22.500  1.0000e-07
8.500  22.750  1.0000e-07
8.500  23.000  1.0000e-07
8.500  23.250  1.0000e-07
8.500  23.500  1.0000e-07
8.500  23.750  1.0000e-07
8.500  24.000  1.0000e-07
8.750  17.000  2.3158e-02
8.750  17.250  2.3802e-02
8.750  17.500  2.1501e-02
8.750  17.750  1.7724e-02
8.750  18.000  1.3814e-02
8.750  18.250  1.0574e-02
8.750  18.500  7.2748e-03
8.750  18.750  4.0903e-03
8.750  19.000  1.5422e-03
8.750  19.250  1.5235e-04
8.750  19.500  2.5761e-05
8.750  19.750  1.0000e-07
8.750  20.000  1.0000e-07
8.750  20.250  1.0000e-07
8.750  20.500  1.0000e-07
8.750  20.750  1.0000e-07
8.750  21.000  1.0000e-07
8.750  21.250  1.0000e-07
8.750  21.500  1.0000e-07
8.750  21.750  1.0000e-07
8.750  22.000  1.0000e-07
8.750  22.250  1.0000e-07
8.750  22.500  1.0000e-07
8.750  22.750  1.0000e-07
8.750  23.000  1.0000e-07
8.750  23.250  1.0000e-07
8.750  23.500  1.0000e-07
8.750  23.750  1.0000e-07
8.750  24.000  1.0000e-07
9.000  17.000  1.9812e-02
9.000  17.250  2.3851e-02
9.000  17.500  2.4358e-02
9.000  17.750  2.1846e-02
9.000  18.000  1.7931e-02
9.000  18.250  1.3956e-02
9.000  18.500  1.0779e-02
9.000  18.750  9.1603e-03
9.000  19.000  7.4944e-03
9.000  19.250  1.5429e-03
9.000  19.500  1.5045e-04
9.000  19.750  2.4033e-05
9.000  20.000  1.0000e-07
9.000  20.250  1.0000e-07
9.000  20.500  1.0000e-07
9.000  20.750  1.0000e-07
9.000  21.000  1.0000e-07
9.000  21.250  1.0000e-07
9.000  21.500  1.0000e-07
9.000  21.750  1.0000e-07
9.000  22.000  1.0000e-07
9.000  22.250  1.0000e-07
9.000  22.500  1.0000e-07
9.000  22.750  1.0000e-07
9.000  23.000  1.0000e-07
9.000  23.250  1.0000e-07
9.000  23.500  1.0000e-07
9.000  23.750  1.0000e-07
9.000  24.000  1.0000e-07
9.250  17.000  1.4327e-02
9.250  17.250  2.0711e-02
9.250  17.500  2.4784e-02
9.250  17.750  2.5067e-02
9.250  18.000  2.2310e-02
9.250  18.250  1.8238e-02
9.250  18.500  1.4249e-02
9.250  18.750  1.1345e-02
9.250  19.000  1.0925e-02
9.250  19.250  6.5490e-03
9.250  19.500  1.5423e-03
9.250  19.750  1.4889e-04
9.250  20.000  2.2551e-05
9.250  20.250  1.0000e-07
9.250  20.500  1.0000e-07
9.250  20.750  1.0000e-07
9.250  21.000  1.0000e-07
9.250  21.250  1.0000e-07
9.250  21.500  1.0000e-07
9.250  21.750  1.0000e-07
9.250  22.000  1.0000e-07
9.250  22.250  1.0000e-07
9.250  22.500  1.0000e-07
9.250  22.750  1.0000e-07
9.250  23.000  1.0000e-07
9.250  23.250  1.0000e-07
9.250  23.500  1.0000e-07
9.250  23.750  1.0000e-07
9.250  24.000  1.0000e-07
9.500  17.000  8.5113e-03
9.500  17.250  1.5190e-02
9.500  17.500  2.1929e-02
9.500  17.750  2.5986e-02
9.500  18.000  2.6011e-02
9.500  18.250  2.2957e-02
9.500  18.500  1.8680e-02
9.500  18.750  1.4767e-02
9.500  19.000  1.5474e-02
9.500  19.250  1.4107e-02
9.500  19.500  5.8614e-03
9.500  19.750  1.5476e-03
9.500  20.000  1.4790e-04
9.500  20.250  2.1235e-05
9.500  20.500  1.0000e-07
9.500  20.750  1.0000e-07
9.500  21.000  1.0000e-07
9.500  21.250  1.0000e-07
9.500  21.500  1.0000e-07
9.500  21.750  1.0000e-07
9.500  22.000  1.0000e-07
9.500  22.250  1.0000e-07
9.500  22.500  1.0000e-07
9.500  22.750  1.0000e-07
9.500  23.000  1.0000e-07
9.500  23.250  1.0000e-07
9.500  23.500  1.0000e-07
9.500  23.750  1.0000e-07
9.500  24.000  1.0000e-07
9.750  17.000  4.0316e-03
9.750  17.250  9.0339e-03
9.750  17.500  1.6274e-02
9.750  17.750  2.3406e-02
9.750  18.000  2.7458e-02
9.750  18.250  2.7165e-02
9.750  18.500  2.3654e-02
9.750  18.750  1.9187e-02
9.750  19.000  1.5561e-02
9.750  19.250  1.7612e-02
9.750  19.500  1.8118e-02
9.750  19.750  1.0121e-02
9.750  20.000  1.5607e-03
9.750  20.250  1.4741e-04
9.750  20.500  2.0247e-05
9.750  20.750  1.0000e-07
9.750  21.000  1.0000e-07
9.750  21.250  1.0000e-07
9.750  21.500  1.0000e-07
9.750  21.750  1.0000e-07
9.750  22.000  1.0000e-07
9.750  22.250  1.0000e-07
9.750  22.500  1.0000e-07
9.750  22.750  1.0000e-07
9.750  23.000  1.0000e-07
9.750  23.250  1.0000e-07
9.750  23.500  1.0000e-07
9.750  23.750  1.0000e-07
9.750  24.000  1.0000e-07
10.000  17.000  1.5042e-03
10.000  17.250  4.2096e-03
10.000  17.500  9.6471e-03
10.000  17.750  1.7463e-02
10.000  18.000  2.4981e-02
10.000  18.250  2.8975e-02
10.000  18.500  2.8073e-02
10.000  18.750  2.4209e-02
10.000  19.000  1.9794e-02
10.000  19.250  1.6245e-02
10.000  19.500  1.9146e-02
10.000  19.750  2.0159e-02
10.000  20.000  1.1223e-02
10.000  20.250  1.5764e-03
10.000  20.500  1.4749e-04
10.000  20.750  1.9506e-05
10.000  21.000  1.0000e-07
10.000  21.250  1.0000e-07
10.000  21.500  1.0000e-07
10.000  21.750  1.0000e-07
10.000  22.000  1.0000e-07
10.000  22.250  1.0000e-07
10.000  22.500  1.0000e-07
10.000  22.750  1.0000e-07
10.000  23.000  1.0000e-07
10.000  23.250  1.0000e-07
10.000  23.500  1.0000e-07
10.000  23.750  1.0000e-07
10.000  24.000  1.0000e-07
10.250  17.000  5.1432e-04
10.250  17.250  1.5285e-03
10.250  17.500  4.4071e-03
10.250  17.750  1.0246e-02
10.250  18.000  1.8587e-02
10.250  18.250  2.6317e-02
10.250  18.500  2.9875e-02
10.250  18.750  2.8686e-02
10.250  19.000  2.4794e-02
10.250  19.250  2.0227e-02
10.250  19.500  1.6293e-02
10.250  19.750  1.6051e-02
10.250  20.000  1.4841e-02
10.250  20.250  8.2407e-03
10.250  20.500  1.6071e-03
10.250  20.750  1.4823e-04
10.250  21.000  1.8848e-05
10.250  21.250  1.0000e-07
10.250  21.500  1.0000e-07
10.250  21.750  1.0000e-07
10.250  22.000  1.0000e-07
10.250  22.250  1.0000e-07
10.250  22.500  1.0000e-07
10.250  22.750  1.0000e-07
10.250  23.000  1.0000e-07
10.250  23.250  1.0000e-07
10.250  23.500  1.0000e-07
10.250  23.750  1.0000e-07
10.250  24.000  1.0000e-07
10.500  17.000  2.0815e-04
10.500  17.250  5.0379e-04
10.500  17.500  1.5448e-03
10.500  17.750  4.5649e-03
10.500  18.000  1.0743e-02
10.500  18.250  1.9397e-02
10.500  18.500  2.6996e-02
10.500  18.750  3.0395e-02
10.500  19.000  2.9336e-02
10.500  19.250  2.5603e-02
10.500  19.500  2.0828e-02
10.500  19.750  1.6257e-02
10.500  20.000  1.5496e-02
10.500  20.250  1.4179e-02
10.500  20.500  7.9411e-03
10.500  20.750  1.6523e-03
10.500  21.000  1.4914e-04
10.500  21.250  1.8436e-05
10.500  21.500  1.0000e-07
10.500  21.750  1.0000e-07
10.500  22.000  1.0000e-07
10.500  22.250  1.0000e-07
10.500  22.500  1.0000e-07
10.500  22.750  1.0000e-07
10.500  23.000  1.0000e-07
10.500  23.250  1.0000e-07
10.500  23.500  1.0000e-07
10.500  23.750  1.0000e-07
10.500  24.000  1.0000e-07
10.750  17.000  1.1687e-04
10.750  17.250  1.9984e-04
10.750  17.500  4.8930e-04
10.750  17.750  1.5523e-03
10.750  18.000  4.6428e-03
10.750  18.250  1.1042e-02
10.750  18.500  1.9812e-02
10.750  18.750  2.7378e-02
10.750  19.000  3.1011e-02
10.750  19.250  3.0581e-02
10.750  19.500  2.7252e-02
10.750  19.750  2.2291e-02
10.750  20.000  1.9784e-02
10.750  20.250  1.8343e-02
10.750  20.500  1.4908e-02
10.750  20.750  7.9051e-03
10.750  21.000  1.7037e-03
10.750  21.250  1.4971e-04
10.750  21.500  1.8107e-05
10.750  21.750  1.0000e-07
10.750  22.000  1.0000e-07
10.750  22.250  1.0000e-07
10.750  22.500  1.0000e-07
10.750  22.750  1.0000e-07
10.750  23.000  1.0000e-07
10.750  23.250  1.0000e-07
10.750  23.500  1.0000e-07
10.750  23.750  1.0000e-07
10.750  24.000  1.0000e-07
11.000  17.000  8.2634e-05
11.000  17.250  1.1202e-04
11.000  17.500  1.8988e-04
11.000  17.750  4.6815e-04
11.000  18.000  1.5107e-03
11.000  18.250  4.6182e-03
11.000  18.500  1.1193e-02
11.000  18.750  2.0123e-02
11.000  19.000  2.7806e-02
11.000  19.250  3.2202e-02
11.000  19.500  3.2968e-02
11.000  19.750  3.0394e-02
11.000  20.000  2.5273e-02
11.000  20.250  1.9073e-02
11.000  20.500  1.4191e-02
11.000  20.750  1.2600e-02
11.000  21.000  6.5589e-03
11.000  21.250  1.7467e-03
11.000  21.500  1.4897e-04
11.000  21.750  1.7695e-05
11.000  22.000  1.0000e-07
11.000  22.250  1.0000e-07
11.000  22.500  1.0000e-07
11.000  22.750  1.0000e-07
11.000  23.000  1.0000e-07
11.000  23.250  1.0000e-07
11.000  23.500  1.0000e-07
11.000  23.750  1.0000e-07
11.000  24.000  1.0000e-07
11.250  17.000  6.5514e-05
11.250  17.250  7.9671e-05
11.250  17.500  1.0675e-04
11.250  17.750  1.7860e-04
11.250  18.000  4.3506e-04
11.250  18.250  1.4276e-03
11.250  18.500  4.5641e-03
11.250  18.750  1.1376e-02
11.250  19.000  2.0432e-02
11.250  19.250  2.8489e-02
11.250  19.500  3.4249e-02
11.250  19.750  3.6825e-02
11.250  20.000  3.5247e-02
11.250  20.250  2.9793e-02
11.250  20.500  2.2326e-02
11.250  20.750  1.5347e-02
11.250  21.000  1.1603e-02
11.250  21.250  6.5226e-03
11.250  21.500  1.5960e-03
11.250  21.750  1.4560e-04
11.250  22.000  1.7037e-05
11.250  22.250  1.0000e-07
11.250  22.500  1.0000e-07
11.250  22.750  1.0000e-07
11.250  23.000  1.0000e-07
11.250  23.250  1.0000e-07
11.250  23.500  1.0000e-07
11.250  23.750  1.0000e-07
11.250  24.000  1.0000e-07
11.500  17.000  5.4568e-05
11.500  17.250  6.3374e-05
11.500  17.500  7.6461e-05
11.500  17.750  1.0181e-04
11.500  18.000  1.6667e-04
11.500  18.250  3.9580e-04
11.500  18.500  1.3356e-03
11.500  18.750  4.5384e-03
11.500  19.000  1.1590e-02
11.500  19.250  2.0779e-02
11.500  19.500  2.9515e-02
11.500  19.750  3.7125e-02
11.500  20.000  4.1800e-02
11.500  20.250  4.1016e-02
11.500  20.500  3.4890e-02
11.500  20.750  2.5946e-02
11.500  21.000  1.7164e-02
11.500  21.250  1.1994e-02
11.500  21.500  6.3310e-03
11.500  21.750  1.1028e-03
11.500  22.000  1.3901e-04
11.500  22.250  1.5885e-05
11.500  22.500  1.0000e-07
11.500  22.750  1.0000e-07
11.500  23.000  1.0000e-07
11.500  23.250  1.0000e-07
11.500  23.500  1.0000e-07
11.500  23.750  1.0000e-07
11.500  24.000  1.0000e-07
11.750  17.000  4.6584e-05
11.750  17.250  5.2922e-05
11.750  17.500  6.1152e-05
11.750  17.750  7.3745e-05
11.750  18.000  9.7695e-05
11.750  18.250  1.5588e-04
11.750  18.500  3.5951e-04
11.750  18.750  1.2588e-03
11.750  19.000  4.5516e-03
11.750  19.250  1.1784e-02
11.750  19.500  2.1127e-02
11.750  19.750  3.0747e-02
11.750  20.000  4.0276e-02
11.750  20.250  4.6619e-02
11.750  20.500  4.6035e-02
11.750  20.750  3.8978e-02
11.750  21.000  2.8409e-02
11.750  21.250  1.7797e-02
11.750  21.500  1.0326e-02
11.750  21.750  5.5588e-03
11.750  22.000  5.3267e-04
11.750  22.250  1.2979e-04
11.750  22.500  1.4074e-05
11.750  22.750  1.0000e-07
11.750  23.000  1.0000e-07
11.750  23.250  1.0000e-07
11.750  23.500  1.0000e-07
11.750  23.750  1.0000e-07
11.750  24.000  1.0000e-07
12.000  17.000  4.0082e-05
12.000  17.250  4.5185e-05
12.000  17.500  5.1111e-05
12.000  17.750  5.9177e-05
12.000  18.000  7.1605e-05
12.000  18.250  9.4650e-05
12.000  18.500  1.4741e-04
12.000  18.750  3.3045e-04
12.000  19.000  1.2087e-03
12.000  19.250  4.5958e-03
12.000  19.500  1.1904e-02
12.000  19.750  2.1283e-02
12.000  20.000  3.1846e-02
12.000  20.250  4.2840e-02
12.000  20.500  4.9660e-02
12.000  20.750  4.8161e-02
12.000  21.000  3.9727e-02
12.000  21.250  2.7904e-02
12.000  21.500  1.6150e-02
12.000  21.750  8.6442e-03
12.000  22.000  4.5340e-03
12.000  22.250  3.8790e-04
12.000  22.500  1.2280e-04
12.000  22.750  1.1934e-05
12.000  23.000  1.0000e-07
12.000  23.250  1.0000e-07
12.000  23.500  1.0000e-07
12.000  23.750  1.0000e-07
12.000  24.000  1.0000e-07
12.250  17.000  3.4074e-05
12.250  17.250  3.8765e-05
12.250  17.500  4.3621e-05
12.250  17.750  4.9383e-05
12.250  18.000  5.7449e-05
12.250  18.250  7.0041e-05
12.250  18.500  9.2675e-05
12.250  18.750  1.4140e-04
12.250  19.000  3.1029e-04
12.250  19.250  1.1942e-03
12.250  19.500  4.6490e-03
12.250  19.750  1.1877e-02
12.250  20.000  2.1230e-02
12.250  20.250  3.2356e-02
12.250  20.500  4.3448e-02
12.250  20.750  4.8826e-02
12.250  21.000  4.5362e-02
12.250  21.250  3.6121e-02
12.250  21.500  2.4356e-02
12.250  21.750  1.3133e-02
12.250  22.000  6.7788e-03
12.250  22.250  3.4434e-03
12.250  22.500  3.2938e-04
12.250  22.750  1.1630e-04
12.250  23.000  9.9588e-06
12.250  23.250  1.0000e-07
12.250  23.500  1.0000e-07
12.250  23.750  1.0000e-07
12.250  24.000  1.0000e-07
12.500  17.000  2.7984e-05
12.500  17.250  3.2922e-05
12.500  17.500  3.7449e-05
12.500  17.750  4.2222e-05
12.500  18.000  4.7984e-05
12.500  18.250  5.6132e-05
12.500  18.500  6.9053e-05
12.500  18.750  9.1687e-05
12.500  19.000  1.3720e-04
12.500  19.250  3.0436e-04
12.500  19.500  1.2207e-03
12.500  19.750  4.7106e-03
12.500  20.000  1.1621e-02
12.500  20.250  2.0732e-02
12.500  20.500  3.1717e-02
12.500  20.750  4.0997e-02
12.500  21.000  4.2898e-02
12.500  21.250  3.7399e-02
12.500  21.500  2.9549e-02
12.500  21.750  1.9653e-02
12.500  22.000  1.0252e-02
12.500  22.250  5.2618e-03
12.500  22.500  2.3333e-03
12.500  22.750  2.9654e-04
12.500  23.000  1.0864e-04
12.500  23.250  8.8066e-06
12.500  23.500  1.0000e-07
12.500  23.750  1.0000e-07
12.500  24.000  1.0000e-07
12.750  17.000  2.1646e-05
12.750  17.250  2.6996e-05
12.750  17.500  3.1605e-05
12.750  17.750  3.6132e-05
12.750  18.000  4.0988e-05
12.750  18.250  4.6996e-05
12.750  18.500  5.5473e-05
12.750  18.750  6.9053e-05
12.750  19.000  9.1276e-05
12.750  19.250  1.3506e-04
12.750  19.500  3.0947e-04
12.750  19.750  1.2461e-03
12.750  20.000  4.5905e-03
12.750  20.250  1.1059e-02
12.750  20.500  1.9443e-02
12.750  20.750  2.8842e-02
12.750  21.000  3.4680e-02
12.750  21.250  3.3726e-02
12.750  21.500  2.9365e-02
12.750  21.750  2.3295e-02
12.750  22.000  1.5406e-02
12.750  22.250  8.0851e-03
12.750  22.500  4.3100e-03
12.750  22.750  1.6598e-03
12.750  23.000  2.8058e-04
12.750  23.250  1.0115e-04
12.750  23.500  6.0905e-06
12.750  23.750  1.0000e-07
12.750  24.000  1.0000e-07
13.000  17.000  1.5391e-05
13.000  17.250  2.0494e-05
13.000  17.500  2.5597e-05
13.000  17.750  3.0206e-05
13.000  18.000  3.4897e-05
13.000  18.250  4.0082e-05
13.000  18.500  4.6502e-05
13.000  18.750  5.5638e-05
13.000  19.000  6.9877e-05
13.000  19.250  9.1687e-05
13.000  19.500  1.3490e-04
13.000  19.750  3.1021e-04
13.000  20.000  1.1965e-03
13.000  20.250  4.1914e-03
13.000  20.500  9.8545e-03
13.000  20.750  1.6764e-02
13.000  21.000  2.3356e-02
13.000  21.250  2.6040e-02
13.000  21.500  2.5070e-02
13.000  21.750  2.2382e-02
13.000  22.000  1.8447e-02
13.000  22.250  1.2323e-02
13.000  22.500  6.6783e-03
13.000  22.750  3.7622e-03
13.000  23.000  1.3342e-03
13.000  23.250  2.7654e-04
13.000  23.500  8.8066e-05
13.000  23.750  4.4444e-06
13.000  24.000  1.0000e-07
13.250  17.000  9.5473e-06
13.250  17.250  1.4156e-05
13.250  17.500  1.9177e-05
13.250  17.750  2.4115e-05
13.250  18.000  2.8889e-05
13.250  18.250  3.3827e-05
13.250  18.500  3.9424e-05
13.250  18.750  4.6584e-05
13.250  19.000  5.6626e-05
13.250  19.250  7.1605e-05
13.250  19.500  9.3580e-05
13.250  19.750  1.3770e-04
13.250  20.000  3.0206e-04
13.250  20.250  1.0313e-03
13.250  20.500  3.4272e-03
13.250  20.750  8.0130e-03
13.250  21.000  1.3156e-02
13.250  21.250  1.7631e-02
13.250  21.500  1.9519e-02
13.250  21.750  1.9623e-02
13.250  22.000  1.8130e-02
13.250  22.250  1.5134e-02
13.250  22.500  1.0473e-02
13.250  22.750  6.0202e-03
13.250  23.000  3.5284e-03
13.250  23.250  1.2216e-03
13.250  23.500  2.7070e-04
13.250  23.750  7.9424e-05
13.250  24.000  4.9383e-06
13.500  17.000  5.2675e-06
13.500  17.250  8.5597e-06
13.500  17.500  1.3004e-05
13.500  17.750  1.7860e-05
13.500  18.000  2.2716e-05
13.500  18.250  2.7654e-05
13.500  18.500  3.3004e-05
13.500  18.750  3.9177e-05
13.500  19.000  4.7160e-05
13.500  19.250  5.8354e-05
13.500  19.500  7.5144e-05
13.500  19.750  9.9342e-05
13.500  20.000  1.4461e-04
13.500  20.250  2.8683e-04
13.500  20.500  8.3342e-04
13.500  20.750  2.6527e-03
13.500  21.000  6.1718e-03
13.500  21.250  1.0327e-02
13.500  21.500  1.4031e-02
13.500  21.750  1.6590e-02
13.500  22.000  1.6600e-02
13.500  22.250  1.5549e-02
13.500  22.500  1.3183e-02
13.500  22.750  9.3657e-03
13.500  23.000  5.7050e-03
13.500  23.250  3.3703e-03
13.500  23.500  1.2649e-03
13.500  23.750  2.5852e-04
13.500  24.000  7.0700e-05
13.750  17.000  2.6337e-06
13.750  17.250  4.5267e-06
13.750  17.500  7.6543e-06
13.750  17.750  1.1770e-05
13.750  18.000  1.6461e-05
13.750  18.250  2.1399e-05
13.750  18.500  2.6584e-05
13.750  18.750  3.2346e-05
13.750  19.000  3.9259e-05
13.750  19.250  4.8395e-05
13.750  19.500  6.1811e-05
13.750  19.750  8.2305e-05
13.750  20.000  1.1103e-04
13.750  20.250  1.5885e-04
13.750  20.500  2.8362e-04
13.750  20.750  6.9720e-04
13.750  21.000  2.0779e-03
13.750  21.250  5.0928e-03
13.750  21.500  8.9230e-03
13.750  21.750  1.2628e-02
13.750  22.000  1.4854e-02
13.750  22.250  1.4759e-02
13.750  22.500  1.3466e-02
13.750  22.750  1.1173e-02
13.750  23.000  8.0770e-03
13.750  23.250  5.2528e-03
13.750  23.500  3.3780e-03
13.750  23.750  1.2770e-03
13.750  24.000  2.4782e-04
14.000  17.000  1.2346e-06
14.000  17.250  2.2222e-06
14.000  17.500  3.8683e-06
14.000  17.750  6.7490e-06
14.000  18.000  1.0617e-05
14.000  18.250  1.5144e-05
14.000  18.500  2.0165e-05
14.000  18.750  2.5597e-05
14.000  19.000  3.1934e-05
14.000  19.250  3.9671e-05
14.000  19.500  5.0700e-05
14.000  19.750  6.7901e-05
14.000  20.000  9.4650e-05
14.000  20.250  1.2889e-04
14.000  20.500  1.7852e-04
14.000  20.750  2.9119e-04
14.000  21.000  6.1975e-04
14.000  21.250  1.7277e-03
14.000  21.500  4.4759e-03
14.000  21.750  8.4139e-03
14.000  22.000  1.1902e-02
14.000  22.250  1.3291e-02
14.000  22.500  1.2732e-02
14.000  22.750  1.1231e-02
14.000  23.000  9.1156e-03
14.000  23.250  6.5816e-03
14.000  23.500  4.5753e-03
14.000  23.750  3.0497e-03
14.000  24.000  1.3306e-03
