nFnu 3645.00A  relative to Inci 1215.00A scaled to 1215A.
Hden   Phi(H)  Eq_Width (A)
7.000  17.000  2.4075e-01
7.000  17.250  1.1345e-01
7.000  17.500  4.1885e-02
7.000  17.750  1.8115e-02
7.000  18.000  8.1993e-03
7.000  18.250  3.8931e-03
7.000  18.500  1.7053e-03
7.000  18.750  8.4329e-04
7.000  19.000  4.1037e-04
7.000  19.250  1.6798e-04
7.000  19.500  7.1852e-05
7.000  19.750  3.2757e-05
7.000  20.000  1.6049e-05
7.000  20.250  8.3128e-06
7.000  20.500  4.4444e-06
7.000  20.750  1.2332e-03
7.000  21.000  3.7668e-03
7.000  21.250  7.2792e-03
7.000  21.500  1.1444e-02
7.000  21.750  1.5935e-02
7.000  22.000  2.0427e-02
7.000  22.250  2.4593e-02
7.000  22.500  2.8107e-02
7.000  22.750  3.0642e-02
7.000  23.000  3.1874e-02
7.000  23.250  3.1874e-02
7.000  23.500  3.1874e-02
7.000  23.750  3.1874e-02
7.000  24.000  3.1874e-02
7.250  17.000  3.3191e-01
7.250  17.250  2.3872e-01
7.250  17.500  1.1247e-01
7.250  17.750  4.1738e-02
7.250  18.000  1.8058e-02
7.250  18.250  8.1855e-03
7.250  18.500  3.8909e-03
7.250  18.750  1.7044e-03
7.250  19.000  8.4296e-04
7.250  19.250  4.1029e-04
7.250  19.500  1.6790e-04
7.250  19.750  7.1852e-05
7.250  20.000  3.2757e-05
7.250  20.250  1.6049e-05
7.250  20.500  8.3128e-06
7.250  20.750  4.4444e-06
7.250  21.000  1.4902e-03
7.250  21.250  4.5166e-03
7.250  21.500  8.6437e-03
7.250  21.750  1.3431e-02
7.250  22.000  1.8439e-02
7.250  22.250  2.3228e-02
7.250  22.500  2.7356e-02
7.250  22.750  3.0385e-02
7.250  23.000  3.1873e-02
7.250  23.250  3.1873e-02
7.250  23.500  3.1873e-02
7.250  23.750  3.1873e-02
7.250  24.000  3.1873e-02
7.500  17.000  4.1292e-01
7.500  17.250  3.3580e-01
7.500  17.500  2.3679e-01
7.500  17.750  1.1164e-01
7.500  18.000  4.1613e-02
7.500  18.250  1.7999e-02
7.500  18.500  8.1698e-03
7.500  18.750  3.8886e-03
7.500  19.000  1.7037e-03
7.500  19.250  8.4280e-04
7.500  19.500  4.1021e-04
7.500  19.750  1.6790e-04
7.500  20.000  7.1852e-05
7.500  20.250  3.2757e-05
7.500  20.500  1.6049e-05
7.500  20.750  8.3128e-06
7.500  21.000  4.4444e-06
7.500  21.250  1.0308e-03
7.500  21.500  3.1686e-03
7.500  21.750  6.1721e-03
7.500  22.000  9.7956e-03
7.500  22.250  1.3793e-02
7.500  22.500  1.7919e-02
7.500  22.750  2.1928e-02
7.500  23.000  2.5573e-02
7.500  23.250  2.8609e-02
7.500  23.500  3.0791e-02
7.500  23.750  3.1872e-02
7.500  24.000  3.1872e-02
7.750  17.000  4.5725e-01
7.750  17.250  4.2301e-01
7.750  17.500  3.3879e-01
7.750  17.750  2.3504e-01
7.750  18.000  1.1095e-01
7.750  18.250  4.1504e-02
7.750  18.500  1.7934e-02
7.750  18.750  8.1521e-03
7.750  19.000  3.8863e-03
7.750  19.250  1.7032e-03
7.750  19.500  8.4263e-04
7.750  19.750  4.1012e-04
7.750  20.000  1.6790e-04
7.750  20.250  7.1852e-05
7.750  20.500  3.2757e-05
7.750  20.750  1.6049e-05
7.750  21.000  8.3128e-06
7.750  21.250  4.4444e-06
7.750  21.500  4.1041e-03
7.750  21.750  1.1613e-02
7.750  22.000  2.0260e-02
7.750  22.250  2.7770e-02
7.750  22.500  3.1872e-02
7.750  22.750  3.1872e-02
7.750  23.000  3.1872e-02
7.750  23.250  3.1872e-02
7.750  23.500  3.1872e-02
7.750  23.750  3.1872e-02
7.750  24.000  3.1872e-02
8.000  17.000  4.7698e-01
8.000  17.250  4.6600e-01
8.000  17.500  4.3152e-01
8.000  17.750  3.4022e-01
8.000  18.000  2.3297e-01
8.000  18.250  1.1044e-01
8.000  18.500  4.1400e-02
8.000  18.750  1.7864e-02
8.000  19.000  8.1316e-03
8.000  19.250  3.8844e-03
8.000  19.500  1.7028e-03
8.000  19.750  8.4255e-04
8.000  20.000  4.1012e-04
8.000  20.250  1.6790e-04
8.000  20.500  7.1852e-05
8.000  20.750  3.2757e-05
8.000  21.000  1.6049e-05
8.000  21.250  8.3128e-06
8.000  21.500  4.4444e-06
8.000  21.750  1.8358e-03
8.000  22.000  5.5094e-03
8.000  22.250  1.0411e-02
8.000  22.500  1.5928e-02
8.000  22.750  2.1447e-02
8.000  23.000  2.6352e-02
8.000  23.250  3.0032e-02
8.000  23.500  3.1872e-02
8.000  23.750  3.1872e-02
8.000  24.000  3.1872e-02
8.250  17.000  5.0027e-01
8.250  17.250  4.8902e-01
8.250  17.500  4.8120e-01
8.250  17.750  4.4517e-01
8.250  18.000  3.4637e-01
8.250  18.250  2.3168e-01
8.250  18.500  1.0999e-01
8.250  18.750  4.1298e-02
8.250  19.000  1.7784e-02
8.250  19.250  8.1086e-03
8.250  19.500  3.8830e-03
8.250  19.750  1.7023e-03
8.250  20.000  8.4247e-04
8.250  20.250  4.1012e-04
8.250  20.500  1.6790e-04
8.250  20.750  7.1852e-05
8.250  21.000  3.2757e-05
8.250  21.250  1.6049e-05
8.250  21.500  8.3128e-06
8.250  21.750  4.4444e-06
8.250  22.000  4.1040e-03
8.250  22.250  1.1613e-02
8.250  22.500  2.0260e-02
8.250  22.750  2.7770e-02
8.250  23.000  3.1872e-02
8.250  23.250  3.1872e-02
8.250  23.500  3.1872e-02
8.250  23.750  3.1872e-02
8.250  24.000  3.1872e-02
8.500  17.000  5.2554e-01
8.500  17.250  5.1285e-01
8.500  17.500  5.0640e-01
8.500  17.750  5.0543e-01
8.500  18.000  4.6945e-01
8.500  18.250  3.5650e-01
8.500  18.500  2.3071e-01
8.500  18.750  1.0959e-01
8.500  19.000  4.1194e-02
8.500  19.250  1.7694e-02
8.500  19.500  8.0825e-03
8.500  19.750  3.8794e-03
8.500  20.000  1.7019e-03
8.500  20.250  8.4239e-04
8.500  20.500  4.1012e-04
8.500  20.750  1.6790e-04
8.500  21.000  7.1852e-05
8.500  21.250  3.2757e-05
8.500  21.500  1.6049e-05
8.500  21.750  8.3128e-06
8.500  22.000  4.4444e-06
8.500  22.250  4.1038e-03
8.500  22.500  1.1613e-02
8.500  22.750  2.0259e-02
8.500  23.000  2.7769e-02
8.500  23.250  3.1872e-02
8.500  23.500  3.1872e-02
8.500  23.750  3.1872e-02
8.500  24.000  3.1872e-02
8.750  17.000  5.4867e-01
8.750  17.250  5.3893e-01
8.750  17.500  5.3291e-01
8.750  17.750  5.3856e-01
8.750  18.000  5.4952e-01
8.750  18.250  5.1064e-01
8.750  18.500  3.7815e-01
8.750  18.750  2.2966e-01
8.750  19.000  1.0919e-01
8.750  19.250  4.1094e-02
8.750  19.500  1.7593e-02
8.750  19.750  8.0543e-03
8.750  20.000  3.8765e-03
8.750  20.250  1.7014e-03
8.750  20.500  8.4230e-04
8.750  20.750  4.1012e-04
8.750  21.000  1.6790e-04
8.750  21.250  7.1852e-05
8.750  21.500  3.2757e-05
8.750  21.750  1.6049e-05
8.750  22.000  8.3128e-06
8.750  22.250  4.4444e-06
8.750  22.500  4.1010e-03
8.750  22.750  1.1606e-02
8.750  23.000  2.0249e-02
8.750  23.250  2.7761e-02
8.750  23.500  3.1872e-02
8.750  23.750  3.1872e-02
8.750  24.000  3.1872e-02
9.000  17.000  5.6686e-01
9.000  17.250  5.6277e-01
9.000  17.500  5.6239e-01
9.000  17.750  5.7127e-01
9.000  18.000  6.0051e-01
9.000  18.250  6.3299e-01
9.000  18.500  5.7347e-01
9.000  18.750  3.9356e-01
9.000  19.000  2.2936e-01
9.000  19.250  1.0880e-01
9.000  19.500  4.1006e-02
9.000  19.750  1.7493e-02
9.000  20.000  8.0257e-03
9.000  20.250  3.8734e-03
9.000  20.500  1.7009e-03
9.000  20.750  8.4230e-04
9.000  21.000  4.1012e-04
9.000  21.250  1.6790e-04
9.000  21.500  7.1852e-05
9.000  21.750  3.2757e-05
9.000  22.000  1.6049e-05
9.000  22.250  8.3128e-06
9.000  22.500  4.4444e-06
9.000  22.750  4.0595e-03
9.000  23.000  1.1503e-02
9.000  23.250  2.0105e-02
9.000  23.500  2.7638e-02
9.000  23.750  3.1872e-02
9.000  24.000  3.1872e-02
9.250  17.000  5.7937e-01
9.250  17.250  5.8195e-01
9.250  17.500  5.9081e-01
9.250  17.750  6.1211e-01
9.250  18.000  6.5949e-01
9.250  18.250  7.2791e-01
9.250  18.500  7.5796e-01
9.250  18.750  6.5082e-01
9.250  19.000  4.2251e-01
9.250  19.250  2.3049e-01
9.250  19.500  1.0834e-01
9.250  19.750  4.0937e-02
9.250  20.000  1.7399e-02
9.250  20.250  7.9974e-03
9.250  20.500  3.8711e-03
9.250  20.750  1.7004e-03
9.250  21.000  8.4230e-04
9.250  21.250  4.1012e-04
9.250  21.500  1.6790e-04
9.250  21.750  7.1770e-05
9.250  22.000  3.2757e-05
9.250  22.250  1.6049e-05
9.250  22.500  8.3128e-06
9.250  22.750  4.4444e-06
9.250  23.000  5.8141e-03
9.250  23.250  1.5779e-02
9.250  23.500  2.5824e-02
9.250  23.750  3.1872e-02
9.250  24.000  3.1872e-02
9.500  17.000  5.8813e-01
9.500  17.250  5.9781e-01
9.500  17.500  6.1692e-01
9.500  17.750  6.5594e-01
9.500  18.000  7.3289e-01
9.500  18.250  8.3347e-01
9.500  18.500  9.0963e-01
9.500  18.750  8.9064e-01
9.500  19.000  7.0163e-01
9.500  19.250  4.2901e-01
9.500  19.500  2.3245e-01
9.500  19.750  1.0790e-01
9.500  20.000  4.0896e-02
9.500  20.250  1.7319e-02
9.500  20.500  7.9717e-03
9.500  20.750  3.8684e-03
9.500  21.000  1.6998e-03
9.500  21.250  8.4206e-04
9.500  21.500  4.0988e-04
9.500  21.750  1.6782e-04
9.500  22.000  7.1770e-05
9.500  22.250  3.2757e-05
9.500  22.500  1.6049e-05
9.500  22.750  8.3128e-06
9.500  23.000  4.4444e-06
9.500  23.250  2.4691e-06
9.500  23.500  1.3169e-06
9.500  23.750  3.1860e-02
9.500  24.000  3.1859e-02
9.750  17.000  5.9160e-01
9.750  17.250  6.0925e-01
9.750  17.500  6.3991e-01
9.750  17.750  7.0139e-01
9.750  18.000  8.1649e-01
9.750  18.250  9.6007e-01
9.750  18.500  1.0644e+00
9.750  18.750  1.0929e+00
9.750  19.000  1.0031e+00
9.750  19.250  7.6564e-01
9.750  19.500  4.4906e-01
9.750  19.750  2.3288e-01
9.750  20.000  1.0722e-01
9.750  20.250  4.0883e-02
9.750  20.500  1.7258e-02
9.750  20.750  7.9507e-03
9.750  21.000  3.8654e-03
9.750  21.250  1.6993e-03
9.750  21.500  8.4206e-04
9.750  21.750  4.0996e-04
9.750  22.000  1.6782e-04
9.750  22.250  7.1770e-05
9.750  22.500  3.2757e-05
9.750  22.750  1.6049e-05
9.750  23.000  8.3128e-06
9.750  23.250  4.4444e-06
9.750  23.500  2.4691e-06
9.750  23.750  1.3169e-06
9.750  24.000  3.1855e-02
10.000  17.000  5.8913e-01
10.000  17.250  6.1900e-01
10.000  17.500  6.6455e-01
10.000  17.750  7.5435e-01
10.000  18.000  9.1785e-01
10.000  18.250  1.1032e+00
10.000  18.500  1.2313e+00
10.000  18.750  1.2765e+00
10.000  19.000  1.2616e+00
10.000  19.250  1.1187e+00
10.000  19.500  8.3820e-01
10.000  19.750  4.4172e-01
10.000  20.000  2.3004e-01
10.000  20.250  1.0705e-01
10.000  20.500  4.0882e-02
10.000  20.750  1.7211e-02
10.000  21.000  7.9331e-03
10.000  21.250  3.8632e-03
10.000  21.500  1.6987e-03
10.000  21.750  8.4214e-04
10.000  22.000  4.0996e-04
10.000  22.250  1.6782e-04
10.000  22.500  7.1770e-05
10.000  22.750  3.2757e-05
10.000  23.000  1.6049e-05
10.000  23.250  8.3128e-06
10.000  23.500  4.4444e-06
10.000  23.750  2.4691e-06
10.000  24.000  1.3169e-06
10.250  17.000  5.8556e-01
10.250  17.250  6.2750e-01
10.250  17.500  6.9586e-01
10.250  17.750  8.2323e-01
10.250  18.000  1.0337e+00
10.250  18.250  1.2564e+00
10.250  18.500  1.4001e+00
10.250  18.750  1.4626e+00
10.250  19.000  1.4602e+00
10.250  19.250  1.3984e+00
10.250  19.500  1.2337e+00
10.250  19.750  8.1927e-01
10.250  20.000  4.4054e-01
10.250  20.250  2.2467e-01
10.250  20.500  1.0538e-01
10.250  20.750  4.0849e-02
10.250  21.000  1.7177e-02
10.250  21.250  7.9203e-03
10.250  21.500  3.8614e-03
10.250  21.750  1.6981e-03
10.250  22.000  8.4222e-04
10.250  22.250  4.1012e-04
10.250  22.500  1.6782e-04
10.250  22.750  7.1770e-05
10.250  23.000  3.2757e-05
10.250  23.250  1.6049e-05
10.250  23.500  8.3128e-06
10.250  23.750  4.4444e-06
10.250  24.000  2.4691e-06
10.500  17.000  5.8193e-01
10.500  17.250  6.4176e-01
10.500  17.500  7.4088e-01
10.500  17.750  9.1852e-01
10.500  18.000  1.1728e+00
10.500  18.250  1.4253e+00
10.500  18.500  1.5786e+00
10.500  18.750  1.6568e+00
10.500  19.000  1.6743e+00
10.500  19.250  1.6481e+00
10.500  19.500  1.5570e+00
10.500  19.750  1.3428e+00
10.500  20.000  8.0307e-01
10.500  20.250  4.3000e-01
10.500  20.500  2.1457e-01
10.500  20.750  1.0271e-01
10.500  21.000  4.0746e-02
10.500  21.250  1.7154e-02
10.500  21.500  7.9136e-03
10.500  21.750  3.8611e-03
10.500  22.000  1.6975e-03
10.500  22.250  8.4222e-04
10.500  22.500  4.1029e-04
10.500  22.750  1.6790e-04
10.500  23.000  7.1770e-05
10.500  23.250  3.2757e-05
10.500  23.500  1.6049e-05
10.500  23.750  8.3128e-06
10.500  24.000  4.4444e-06
10.750  17.000  5.7820e-01
10.750  17.250  6.6156e-01
10.750  17.500  8.0738e-01
10.750  17.750  1.0406e+00
10.750  18.000  1.3342e+00
10.750  18.250  1.5991e+00
10.750  18.500  1.7728e+00
10.750  18.750  1.8745e+00
10.750  19.000  1.9157e+00
10.750  19.250  1.9044e+00
10.750  19.500  1.8462e+00
10.750  19.750  1.7212e+00
10.750  20.000  1.4593e+00
10.750  20.250  8.8385e-01
10.750  20.500  4.1462e-01
10.750  20.750  2.0605e-01
10.750  21.000  9.9648e-02
10.750  21.250  4.0480e-02
10.750  21.500  1.7133e-02
10.750  21.750  7.9120e-03
10.750  22.000  3.8631e-03
10.750  22.250  1.6969e-03
10.750  22.500  8.4222e-04
10.750  22.750  4.1037e-04
10.750  23.000  1.6790e-04
10.750  23.250  7.1770e-05
10.750  23.500  3.2757e-05
10.750  23.750  1.6049e-05
10.750  24.000  8.3128e-06
11.000  17.000  5.7457e-01
11.000  17.250  6.8394e-01
11.000  17.500  8.8537e-01
11.000  17.750  1.1798e+00
11.000  18.000  1.5039e+00
11.000  18.250  1.7826e+00
11.000  18.500  1.9841e+00
11.000  18.750  2.1277e+00
11.000  19.000  2.1950e+00
11.000  19.250  2.1819e+00
11.000  19.500  2.1433e+00
11.000  19.750  2.0554e+00
11.000  20.000  1.8795e+00
11.000  20.250  1.5828e+00
11.000  20.500  8.5050e-01
11.000  20.750  4.0037e-01
11.000  21.000  1.9582e-01
11.000  21.250  9.5540e-02
11.000  21.500  4.0003e-02
11.000  21.750  1.7101e-02
11.000  22.000  7.9166e-03
11.000  22.250  3.8644e-03
11.000  22.500  1.6961e-03
11.000  22.750  8.4230e-04
11.000  23.000  4.1053e-04
11.000  23.250  1.6790e-04
11.000  23.500  7.1770e-05
11.000  23.750  3.2757e-05
11.000  24.000  1.6049e-05
11.250  17.000  5.7084e-01
11.250  17.250  7.0386e-01
11.250  17.500  9.5808e-01
11.250  17.750  1.3121e+00
11.250  18.000  1.6713e+00
11.250  18.250  1.9685e+00
11.250  18.500  2.1932e+00
11.250  18.750  2.3635e+00
11.250  19.000  2.4593e+00
11.250  19.250  2.4891e+00
11.250  19.500  2.4427e+00
11.250  19.750  2.3709e+00
11.250  20.000  2.2422e+00
11.250  20.250  2.0385e+00
11.250  20.500  1.7082e+00
11.250  20.750  8.4994e-01
11.250  21.000  3.8836e-01
11.250  21.250  1.8766e-01
11.250  21.500  9.1594e-02
11.250  21.750  3.9188e-02
11.250  22.000  1.7040e-02
11.250  22.250  7.9267e-03
11.250  22.500  3.8657e-03
11.250  22.750  1.6954e-03
11.250  23.000  8.4222e-04
11.250  23.250  4.1070e-04
11.250  23.500  1.6798e-04
11.250  23.750  7.1770e-05
11.250  24.000  3.2757e-05
11.500  17.000  5.6908e-01
11.500  17.250  7.2241e-01
11.500  17.500  1.0150e+00
11.500  17.750  1.4171e+00
11.500  18.000  1.8153e+00
11.500  18.250  2.1413e+00
11.500  18.500  2.3908e+00
11.500  18.750  2.5955e+00
11.500  19.000  2.7159e+00
11.500  19.250  2.7715e+00
11.500  19.500  2.7458e+00
11.500  19.750  2.6765e+00
11.500  20.000  2.5678e+00
11.500  20.250  2.4102e+00
11.500  20.500  2.1773e+00
11.500  20.750  1.7163e+00
11.500  21.000  8.3933e-01
11.500  21.250  3.6940e-01
11.500  21.500  1.7928e-01
11.500  21.750  8.7444e-02
11.500  22.000  3.8230e-02
11.500  22.250  1.6932e-02
11.500  22.500  7.9399e-03
11.500  22.750  3.8700e-03
11.500  23.000  1.6944e-03
11.500  23.250  8.4214e-04
11.500  23.500  4.1086e-04
11.500  23.750  1.6798e-04
11.500  24.000  7.1852e-05
11.750  17.000  5.6884e-01
11.750  17.250  7.3678e-01
11.750  17.500  1.0509e+00
11.750  17.750  1.4818e+00
11.750  18.000  1.9162e+00
11.750  18.250  2.2779e+00
11.750  18.500  2.5648e+00
11.750  18.750  2.7907e+00
11.750  19.000  2.9622e+00
11.750  19.250  3.0358e+00
11.750  19.500  3.0451e+00
11.750  19.750  2.9859e+00
11.750  20.000  2.8743e+00
11.750  20.250  2.7288e+00
11.750  20.500  2.5443e+00
11.750  20.750  2.2779e+00
11.750  21.000  1.8190e+00
11.750  21.250  8.2409e-01
11.750  21.500  3.5635e-01
11.750  21.750  1.7332e-01
11.750  22.000  8.2776e-02
11.750  22.250  3.7294e-02
11.750  22.500  1.6766e-02
11.750  22.750  7.9556e-03
11.750  23.000  3.8756e-03
11.750  23.250  1.6933e-03
11.750  23.500  8.4189e-04
11.750  23.750  4.1095e-04
11.750  24.000  1.6798e-04
12.000  17.000  5.6985e-01
12.000  17.250  7.4476e-01
12.000  17.500  1.0612e+00
12.000  17.750  1.4987e+00
12.000  18.000  1.9563e+00
12.000  18.250  2.3606e+00
12.000  18.500  2.7013e+00
12.000  18.750  2.9755e+00
12.000  19.000  3.1746e+00
12.000  19.250  3.2757e+00
12.000  19.500  3.3001e+00
12.000  19.750  3.2562e+00
12.000  20.000  3.1547e+00
12.000  20.250  3.0139e+00
12.000  20.500  2.8423e+00
12.000  20.750  2.6325e+00
12.000  21.000  2.3339e+00
12.000  21.250  1.6582e+00
12.000  21.500  8.1522e-01
12.000  21.750  3.4026e-01
12.000  22.000  1.6881e-01
12.000  22.250  7.8532e-02
12.000  22.500  3.6227e-02
12.000  22.750  1.6543e-02
12.000  23.000  7.9702e-03
12.000  23.250  3.8829e-03
12.000  23.500  1.6919e-03
12.000  23.750  8.4156e-04
12.000  24.000  4.1111e-04
12.250  17.000  5.7014e-01
12.250  17.250  7.4493e-01
12.250  17.500  1.0456e+00
12.250  17.750  1.4675e+00
12.250  18.000  1.9374e+00
12.250  18.250  2.3909e+00
12.250  18.500  2.7902e+00
12.250  18.750  3.1117e+00
12.250  19.000  3.3398e+00
12.250  19.250  3.4663e+00
12.250  19.500  3.5072e+00
12.250  19.750  3.4795e+00
12.250  20.000  3.3924e+00
12.250  20.250  3.2600e+00
12.250  20.500  3.0927e+00
12.250  20.750  2.9035e+00
12.250  21.000  2.6690e+00
12.250  21.250  2.3404e+00
12.250  21.500  1.6334e+00
12.250  21.750  7.8563e-01
12.250  22.000  3.2769e-01
12.250  22.250  1.6508e-01
12.250  22.500  7.4785e-02
12.250  22.750  3.5122e-02
12.250  23.000  1.6303e-02
12.250  23.250  7.9795e-03
12.250  23.500  3.8890e-03
12.250  23.750  1.6900e-03
12.250  24.000  8.4099e-04
12.500  17.000  5.5009e-01
12.500  17.250  7.3181e-01
12.500  17.500  1.0118e+00
12.500  17.750  1.4064e+00
12.500  18.000  1.8757e+00
12.500  18.250  2.3576e+00
12.500  18.500  2.8058e+00
12.500  18.750  3.1777e+00
12.500  19.000  3.4393e+00
12.500  19.250  3.5950e+00
12.500  19.500  3.6543e+00
12.500  19.750  3.6433e+00
12.500  20.000  3.5731e+00
12.500  20.250  3.4569e+00
12.500  20.500  3.2969e+00
12.500  20.750  3.1189e+00
12.500  21.000  2.9196e+00
12.500  21.250  2.6679e+00
12.500  21.500  2.2820e+00
12.500  21.750  1.5765e+00
12.500  22.000  7.3732e-01
12.500  22.250  3.1675e-01
12.500  22.500  1.5935e-01
12.500  22.750  7.1296e-02
12.500  23.000  3.3900e-02
12.500  23.250  1.6056e-02
12.500  23.500  7.9787e-03
12.500  23.750  3.8945e-03
12.500  24.000  1.6872e-03
12.750  17.000  5.0192e-01
12.750  17.250  6.8426e-01
12.750  17.500  9.5854e-01
12.750  17.750  1.3347e+00
12.750  18.000  1.7911e+00
12.750  18.250  2.2823e+00
12.750  18.500  2.7503e+00
12.750  18.750  3.1593e+00
12.750  19.000  3.4669e+00
12.750  19.250  3.6614e+00
12.750  19.500  3.7358e+00
12.750  19.750  3.7384e+00
12.750  20.000  3.6757e+00
12.750  20.250  3.5885e+00
12.750  20.500  3.4482e+00
12.750  20.750  3.2771e+00
12.750  21.000  3.0905e+00
12.750  21.250  2.8847e+00
12.750  21.500  2.5753e+00
12.750  21.750  2.2003e+00
12.750  22.000  1.4488e+00
12.750  22.250  6.8745e-01
12.750  22.500  3.0870e-01
12.750  22.750  1.5098e-01
12.750  23.000  6.8486e-02
12.750  23.250  3.2674e-02
12.750  23.500  1.5721e-02
12.750  23.750  7.9595e-03
12.750  24.000  3.8947e-03
13.000  17.000  4.2652e-01
13.000  17.250  5.9321e-01
13.000  17.500  8.7616e-01
13.000  17.750  1.2455e+00
13.000  18.000  1.6877e+00
13.000  18.250  2.1719e+00
13.000  18.500  2.6475e+00
13.000  18.750  3.0742e+00
13.000  19.000  3.4132e+00
13.000  19.250  3.6439e+00
13.000  19.500  3.7517e+00
13.000  19.750  3.7724e+00
13.000  20.000  3.7373e+00
13.000  20.250  3.6479e+00
13.000  20.500  3.5384e+00
13.000  20.750  3.4000e+00
13.000  21.000  3.2289e+00
13.000  21.250  3.0391e+00
13.000  21.500  2.7718e+00
13.000  21.750  2.4676e+00
13.000  22.000  2.0737e+00
13.000  22.250  1.3082e+00
13.000  22.500  6.3141e-01
13.000  22.750  3.0186e-01
13.000  23.000  1.4259e-01
13.000  23.250  6.5219e-02
13.000  23.500  3.1210e-02
13.000  23.750  1.5416e-02
13.000  24.000  7.9196e-03
13.250  17.000  3.9344e-01
13.250  17.250  5.3118e-01
13.250  17.500  7.6914e-01
13.250  17.750  1.1280e+00
13.250  18.000  1.5603e+00
13.250  18.250  2.0410e+00
13.250  18.500  2.5161e+00
13.250  18.750  2.9496e+00
13.250  19.000  3.3045e+00
13.250  19.250  3.5645e+00
13.250  19.500  3.7101e+00
13.250  19.750  3.7667e+00
13.250  20.000  3.7485e+00
13.250  20.250  3.6812e+00
13.250  20.500  3.5738e+00
13.250  20.750  3.4438e+00
13.250  21.000  3.3107e+00
13.250  21.250  3.1297e+00
13.250  21.500  2.8661e+00
13.250  21.750  2.6121e+00
13.250  22.000  2.2917e+00
13.250  22.250  1.9177e+00
13.250  22.500  1.1745e+00
13.250  22.750  5.8183e-01
13.250  23.000  2.8143e-01
13.250  23.250  1.3350e-01
13.250  23.500  6.2292e-02
13.250  23.750  3.0179e-02
13.250  24.000  1.5256e-02
13.500  17.000  3.5966e-01
13.500  17.250  4.8231e-01
13.500  17.500  6.9074e-01
13.500  17.750  1.0055e+00
13.500  18.000  1.4253e+00
13.500  18.250  1.8871e+00
13.500  18.500  2.3629e+00
13.500  18.750  2.7981e+00
13.500  19.000  3.1705e+00
13.500  19.250  3.4451e+00
13.500  19.500  3.6291e+00
13.500  19.750  3.7124e+00
13.500  20.000  3.7265e+00
13.500  20.250  3.6821e+00
13.500  20.500  3.5922e+00
13.500  20.750  3.4675e+00
13.500  21.000  3.3242e+00
13.500  21.250  3.1683e+00
13.500  21.500  2.9140e+00
13.500  21.750  2.6760e+00
13.500  22.000  2.3792e+00
13.500  22.250  2.0396e+00
13.500  22.500  1.7374e+00
13.500  22.750  1.0433e+00
13.500  23.000  5.2051e-01
13.500  23.250  2.6116e-01
13.500  23.500  1.2462e-01
13.500  23.750  5.9429e-02
13.500  24.000  2.9258e-02
13.750  17.000  3.2952e-01
13.750  17.250  4.3494e-01
13.750  17.500  6.1720e-01
13.750  17.750  8.8973e-01
13.750  18.000  1.2733e+00
13.750  18.250  1.7269e+00
13.750  18.500  2.1849e+00
13.750  18.750  2.6334e+00
13.750  19.000  3.0164e+00
13.750  19.250  3.3234e+00
13.750  19.500  3.5331e+00
13.750  19.750  3.6526e+00
13.750  20.000  3.6943e+00
13.750  20.250  3.6735e+00
13.750  20.500  3.6018e+00
13.750  20.750  3.4874e+00
13.750  21.000  3.3380e+00
13.750  21.250  3.1698e+00
13.750  21.500  2.9350e+00
13.750  21.750  2.6966e+00
13.750  22.000  2.3827e+00
13.750  22.250  2.0188e+00
13.750  22.500  1.7412e+00
13.750  22.750  1.5724e+00
13.750  23.000  9.0626e-01
13.750  23.250  4.6373e-01
13.750  23.500  2.3697e-01
13.750  23.750  1.1612e-01
13.750  24.000  5.6823e-02
14.000  17.000  3.0165e-01
14.000  17.250  3.9135e-01
14.000  17.500  5.4567e-01
14.000  17.750  7.8854e-01
14.000  18.000  1.1246e+00
14.000  18.250  1.5488e+00
14.000  18.500  2.0082e+00
14.000  18.750  2.4521e+00
14.000  19.000  2.8497e+00
14.000  19.250  3.1790e+00
14.000  19.500  3.4245e+00
14.000  19.750  3.5802e+00
14.000  20.000  3.6586e+00
14.000  20.250  3.6614e+00
14.000  20.500  3.6133e+00
14.000  20.750  3.5178e+00
14.000  21.000  3.3809e+00
14.000  21.250  3.2143e+00
14.000  21.500  2.9616e+00
14.000  21.750  2.7198e+00
14.000  22.000  2.3936e+00
14.000  22.250  1.9855e+00
14.000  22.500  1.6168e+00
14.000  22.750  1.4723e+00
14.000  23.000  1.3883e+00
14.000  23.250  7.8337e-01
14.000  23.500  4.1193e-01
14.000  23.750  2.1983e-01
14.000  24.000  1.0871e-01
