Inwd 2798.00A  relative to Inci 1215.00A scaled to 1215A.
Hden   Phi(H)  Eq_Width (A)
7.000  17.000  3.3527e-03
7.000  17.250  9.2840e-05
7.000  17.500  1.0000e-07
7.000  17.750  1.0000e-07
7.000  18.000  1.0000e-07
7.000  18.250  1.0000e-07
7.000  18.500  1.0000e-07
7.000  18.750  1.0000e-07
7.000  19.000  1.0000e-07
7.000  19.250  1.0000e-07
7.000  19.500  1.0000e-07
7.000  19.750  1.0000e-07
7.000  20.000  1.0000e-07
7.000  20.250  1.0000e-07
7.000  20.500  1.0000e-07
7.000  20.750  1.0000e-07
7.000  21.000  1.0000e-07
7.000  21.250  1.0000e-07
7.000  21.500  1.0000e-07
7.000  21.750  1.0000e-07
7.000  22.000  1.0000e-07
7.000  22.250  1.0000e-07
7.000  22.500  1.0000e-07
7.000  22.750  1.0000e-07
7.000  23.000  1.0000e-07
7.000  23.250  1.0000e-07
7.000  23.500  1.0000e-07
7.000  23.750  1.0000e-07
7.000  24.000  1.0000e-07
7.250  17.000  2.4260e-02
7.250  17.250  3.1432e-03
7.250  17.500  9.3745e-05
7.250  17.750  1.0000e-07
7.250  18.000  1.0000e-07
7.250  18.250  1.0000e-07
7.250  18.500  1.0000e-07
7.250  18.750  1.0000e-07
7.250  19.000  1.0000e-07
7.250  19.250  1.0000e-07
7.250  19.500  1.0000e-07
7.250  19.750  1.0000e-07
7.250  20.000  1.0000e-07
7.250  20.250  1.0000e-07
7.250  20.500  1.0000e-07
7.250  20.750  1.0000e-07
7.250  21.000  1.0000e-07
7.250  21.250  1.0000e-07
7.250  21.500  1.0000e-07
7.250  21.750  1.0000e-07
7.250  22.000  1.0000e-07
7.250  22.250  1.0000e-07
7.250  22.500  1.0000e-07
7.250  22.750  1.0000e-07
7.250  23.000  1.0000e-07
7.250  23.250  1.0000e-07
7.250  23.500  1.0000e-07
7.250  23.750  1.0000e-07
7.250  24.000  1.0000e-07
7.500  17.000  5.0778e-02
7.500  17.250  2.5793e-02
7.500  17.500  2.9337e-03
7.500  17.750  9.4403e-05
7.500  18.000  1.0000e-07
7.500  18.250  1.0000e-07
7.500  18.500  1.0000e-07
7.500  18.750  1.0000e-07
7.500  19.000  1.0000e-07
7.500  19.250  1.0000e-07
7.500  19.500  1.0000e-07
7.500  19.750  1.0000e-07
7.500  20.000  1.0000e-07
7.500  20.250  1.0000e-07
7.500  20.500  1.0000e-07
7.500  20.750  1.0000e-07
7.500  21.000  1.0000e-07
7.500  21.250  1.0000e-07
7.500  21.500  1.0000e-07
7.500  21.750  1.0000e-07
7.500  22.000  1.0000e-07
7.500  22.250  1.0000e-07
7.500  22.500  1.0000e-07
7.500  22.750  1.0000e-07
7.500  23.000  1.0000e-07
7.500  23.250  1.0000e-07
7.500  23.500  1.0000e-07
7.500  23.750  1.0000e-07
7.500  24.000  1.0000e-07
7.750  17.000  7.7442e-02
7.750  17.250  5.4948e-02
7.750  17.500  2.6908e-02
7.750  17.750  2.7534e-03
7.750  18.000  9.8354e-05
7.750  18.250  1.0000e-07
7.750  18.500  1.0000e-07
7.750  18.750  1.0000e-07
7.750  19.000  1.0000e-07
7.750  19.250  1.0000e-07
7.750  19.500  1.0000e-07
7.750  19.750  1.0000e-07
7.750  20.000  1.0000e-07
7.750  20.250  1.0000e-07
7.750  20.500  1.0000e-07
7.750  20.750  1.0000e-07
7.750  21.000  1.0000e-07
7.750  21.250  1.0000e-07
7.750  21.500  1.0000e-07
7.750  21.750  1.0000e-07
7.750  22.000  1.0000e-07
7.750  22.250  1.0000e-07
7.750  22.500  1.0000e-07
7.750  22.750  1.0000e-07
7.750  23.000  1.0000e-07
7.750  23.250  1.0000e-07
7.750  23.500  1.0000e-07
7.750  23.750  1.0000e-07
7.750  24.000  1.0000e-07
8.000  17.000  1.0688e-01
8.000  17.250  8.3888e-02
8.000  17.500  5.9180e-02
8.000  17.750  2.8003e-02
8.000  18.000  3.2978e-03
8.000  18.250  9.9918e-05
8.000  18.500  1.0000e-07
8.000  18.750  1.0000e-07
8.000  19.000  1.0000e-07
8.000  19.250  1.0000e-07
8.000  19.500  1.0000e-07
8.000  19.750  1.0000e-07
8.000  20.000  1.0000e-07
8.000  20.250  1.0000e-07
8.000  20.500  1.0000e-07
8.000  20.750  1.0000e-07
8.000  21.000  1.0000e-07
8.000  21.250  1.0000e-07
8.000  21.500  1.0000e-07
8.000  21.750  1.0000e-07
8.000  22.000  1.0000e-07
8.000  22.250  1.0000e-07
8.000  22.500  1.0000e-07
8.000  22.750  1.0000e-07
8.000  23.000  1.0000e-07
8.000  23.250  1.0000e-07
8.000  23.500  1.0000e-07
8.000  23.750  1.0000e-07
8.000  24.000  1.0000e-07
8.250  17.000  1.4065e-01
8.250  17.250  1.1504e-01
8.250  17.500  9.0200e-02
8.250  17.750  5.9972e-02
8.250  18.000  2.8579e-02
8.250  18.250  3.0811e-03
8.250  18.500  1.0123e-04
8.250  18.750  1.0000e-07
8.250  19.000  1.0000e-07
8.250  19.250  1.0000e-07
8.250  19.500  1.0000e-07
8.250  19.750  1.0000e-07
8.250  20.000  1.0000e-07
8.250  20.250  1.0000e-07
8.250  20.500  1.0000e-07
8.250  20.750  1.0000e-07
8.250  21.000  1.0000e-07
8.250  21.250  1.0000e-07
8.250  21.500  1.0000e-07
8.250  21.750  1.0000e-07
8.250  22.000  1.0000e-07
8.250  22.250  1.0000e-07
8.250  22.500  1.0000e-07
8.250  22.750  1.0000e-07
8.250  23.000  1.0000e-07
8.250  23.250  1.0000e-07
8.250  23.500  1.0000e-07
8.250  23.750  1.0000e-07
8.250  24.000  1.0000e-07
8.500  17.000  1.7885e-01
8.500  17.250  1.5107e-01
8.500  17.500  1.2358e-01
8.500  17.750  9.4737e-02
8.500  18.000  6.2378e-02
8.500  18.250  2.8858e-02
8.500  18.500  2.6806e-03
8.500  18.750  1.0255e-04
8.500  19.000  1.0000e-07
8.500  19.250  1.0000e-07
8.500  19.500  1.0000e-07
8.500  19.750  1.0000e-07
8.500  20.000  1.0000e-07
8.500  20.250  1.0000e-07
8.500  20.500  1.0000e-07
8.500  20.750  1.0000e-07
8.500  21.000  1.0000e-07
8.500  21.250  1.0000e-07
8.500  21.500  1.0000e-07
8.500  21.750  1.0000e-07
8.500  22.000  1.0000e-07
8.500  22.250  1.0000e-07
8.500  22.500  1.0000e-07
8.500  22.750  1.0000e-07
8.500  23.000  1.0000e-07
8.500  23.250  1.0000e-07
8.500  23.500  1.0000e-07
8.500  23.750  1.0000e-07
8.500  24.000  1.0000e-07
8.750  17.000  2.2000e-01
8.750  17.250  1.9154e-01
8.750  17.500  1.6194e-01
8.750  17.750  1.3125e-01
8.750  18.000  9.9407e-02
8.750  18.250  6.3474e-02
8.750  18.500  3.1128e-02
8.750  18.750  1.1397e-03
8.750  19.000  1.0403e-04
8.750  19.250  1.0000e-07
8.750  19.500  1.0000e-07
8.750  19.750  1.0000e-07
8.750  20.000  1.0000e-07
8.750  20.250  1.0000e-07
8.750  20.500  1.0000e-07
8.750  20.750  1.0000e-07
8.750  21.000  1.0000e-07
8.750  21.250  1.0000e-07
8.750  21.500  1.0000e-07
8.750  21.750  1.0000e-07
8.750  22.000  1.0000e-07
8.750  22.250  1.0000e-07
8.750  22.500  1.0000e-07
8.750  22.750  1.0000e-07
8.750  23.000  1.0000e-07
8.750  23.250  1.0000e-07
8.750  23.500  1.0000e-07
8.750  23.750  1.0000e-07
8.750  24.000  1.0000e-07
9.000  17.000  2.6284e-01
9.000  17.250  2.3495e-01
9.000  17.500  2.0500e-01
9.000  17.750  1.7295e-01
9.000  18.000  1.3756e-01
9.000  18.250  1.0002e-01
9.000  18.500  6.0572e-02
9.000  18.750  2.2774e-02
9.000  19.000  7.4058e-04
9.000  19.250  1.0593e-04
9.000  19.500  1.0000e-07
9.000  19.750  1.0000e-07
9.000  20.000  1.0000e-07
9.000  20.250  1.0000e-07
9.000  20.500  1.0000e-07
9.000  20.750  1.0000e-07
9.000  21.000  1.0000e-07
9.000  21.250  1.0000e-07
9.000  21.500  1.0000e-07
9.000  21.750  1.0000e-07
9.000  22.000  1.0000e-07
9.000  22.250  1.0000e-07
9.000  22.500  1.0000e-07
9.000  22.750  1.0000e-07
9.000  23.000  1.0000e-07
9.000  23.250  1.0000e-07
9.000  23.500  1.0000e-07
9.000  23.750  1.0000e-07
9.000  24.000  1.0000e-07
9.250  17.000  3.0540e-01
9.250  17.250  2.7998e-01
9.250  17.500  2.5117e-01
9.250  17.750  2.1843e-01
9.250  18.000  1.7917e-01
9.250  18.250  1.3532e-01
9.250  18.500  9.1802e-02
9.250  18.750  5.2119e-02
9.250  19.000  1.9815e-02
9.250  19.250  5.6436e-04
9.250  19.500  1.0807e-04
9.250  19.750  1.0000e-07
9.250  20.000  1.0000e-07
9.250  20.250  1.0000e-07
9.250  20.500  1.0000e-07
9.250  20.750  1.0000e-07
9.250  21.000  1.0000e-07
9.250  21.250  1.0000e-07
9.250  21.500  1.0000e-07
9.250  21.750  1.0000e-07
9.250  22.000  1.0000e-07
9.250  22.250  1.0000e-07
9.250  22.500  1.0000e-07
9.250  22.750  1.0000e-07
9.250  23.000  1.0000e-07
9.250  23.250  1.0000e-07
9.250  23.500  1.0000e-07
9.250  23.750  1.0000e-07
9.250  24.000  1.0000e-07
9.500  17.000  3.4560e-01
9.500  17.250  3.2553e-01
9.500  17.500  2.9932e-01
9.500  17.750  2.6628e-01
9.500  18.000  2.2314e-01
9.500  18.250  1.7145e-01
9.500  18.500  1.1979e-01
9.500  18.750  7.5541e-02
9.500  19.000  3.8029e-02
9.500  19.250  1.4902e-02
9.500  19.500  4.7169e-04
9.500  19.750  1.0914e-04
9.500  20.000  1.0000e-07
9.500  20.250  1.0000e-07
9.500  20.500  1.0000e-07
9.500  20.750  1.0000e-07
9.500  21.000  1.0000e-07
9.500  21.250  1.0000e-07
9.500  21.500  1.0000e-07
9.500  21.750  1.0000e-07
9.500  22.000  1.0000e-07
9.500  22.250  1.0000e-07
9.500  22.500  1.0000e-07
9.500  22.750  1.0000e-07
9.500  23.000  1.0000e-07
9.500  23.250  1.0000e-07
9.500  23.500  1.0000e-07
9.500  23.750  1.0000e-07
9.500  24.000  1.0000e-07
9.750  17.000  3.8139e-01
9.750  17.250  3.6692e-01
9.750  17.500  3.4640e-01
9.750  17.750  3.1449e-01
9.750  18.000  2.6667e-01
9.750  18.250  2.0633e-01
9.750  18.500  1.4454e-01
9.750  18.750  9.2388e-02
9.750  19.000  5.4076e-02
9.750  19.250  2.6331e-02
9.750  19.500  7.1613e-03
9.750  19.750  4.2708e-04
9.750  20.000  1.1144e-04
9.750  20.250  1.0000e-07
9.750  20.500  1.0000e-07
9.750  20.750  1.0000e-07
9.750  21.000  1.0000e-07
9.750  21.250  1.0000e-07
9.750  21.500  1.0000e-07
9.750  21.750  1.0000e-07
9.750  22.000  1.0000e-07
9.750  22.250  1.0000e-07
9.750  22.500  1.0000e-07
9.750  22.750  1.0000e-07
9.750  23.000  1.0000e-07
9.750  23.250  1.0000e-07
9.750  23.500  1.0000e-07
9.750  23.750  1.0000e-07
9.750  24.000  1.0000e-07
10.000  17.000  4.1272e-01
10.000  17.250  4.0361e-01
10.000  17.500  3.8978e-01
10.000  17.750  3.6110e-01
10.000  18.000  3.0894e-01
10.000  18.250  2.3803e-01
10.000  18.500  1.6527e-01
10.000  18.750  1.0494e-01
10.000  19.000  6.0916e-02
10.000  19.250  3.2937e-02
10.000  19.500  1.6594e-02
10.000  19.750  2.2760e-03
10.000  20.000  4.0691e-04
10.000  20.250  1.1342e-04
10.000  20.500  1.0000e-07
10.000  20.750  1.0000e-07
10.000  21.000  1.0000e-07
10.000  21.250  1.0000e-07
10.000  21.500  1.0000e-07
10.000  21.750  1.0000e-07
10.000  22.000  1.0000e-07
10.000  22.250  1.0000e-07
10.000  22.500  1.0000e-07
10.000  22.750  1.0000e-07
10.000  23.000  1.0000e-07
10.000  23.250  1.0000e-07
10.000  23.500  1.0000e-07
10.000  23.750  1.0000e-07
10.000  24.000  1.0000e-07
10.250  17.000  4.4195e-01
10.250  17.250  4.3534e-01
10.250  17.500  4.2703e-01
10.250  17.750  4.0201e-01
10.250  18.000  3.4553e-01
10.250  18.250  2.6528e-01
10.250  18.500  1.8249e-01
10.250  18.750  1.1409e-01
10.250  19.000  6.5693e-02
10.250  19.250  3.6640e-02
10.250  19.500  2.0911e-02
10.250  19.750  1.2403e-02
10.250  20.000  1.5116e-03
10.250  20.250  4.0807e-04
10.250  20.500  1.1835e-04
10.250  20.750  1.0000e-07
10.250  21.000  1.0000e-07
10.250  21.250  1.0000e-07
10.250  21.500  1.0000e-07
10.250  21.750  1.0000e-07
10.250  22.000  1.0000e-07
10.250  22.250  1.0000e-07
10.250  22.500  1.0000e-07
10.250  22.750  1.0000e-07
10.250  23.000  1.0000e-07
10.250  23.250  1.0000e-07
10.250  23.500  1.0000e-07
10.250  23.750  1.0000e-07
10.250  24.000  1.0000e-07
10.500  17.000  4.6951e-01
10.500  17.250  4.6432e-01
10.500  17.500  4.5731e-01
10.500  17.750  4.3270e-01
10.500  18.000  3.7233e-01
10.500  18.250  2.8676e-01
10.500  18.500  2.0066e-01
10.500  18.750  1.2947e-01
10.500  19.000  7.9381e-02
10.500  19.250  4.6910e-02
10.500  19.500  2.6884e-02
10.500  19.750  1.5532e-02
10.500  20.000  1.0187e-02
10.500  20.250  1.4664e-03
10.500  20.500  4.2617e-04
10.500  20.750  1.2510e-04
10.500  21.000  1.0000e-07
10.500  21.250  1.0000e-07
10.500  21.500  1.0000e-07
10.500  21.750  1.0000e-07
10.500  22.000  1.0000e-07
10.500  22.250  1.0000e-07
10.500  22.500  1.0000e-07
10.500  22.750  1.0000e-07
10.500  23.000  1.0000e-07
10.500  23.250  1.0000e-07
10.500  23.500  1.0000e-07
10.500  23.750  1.0000e-07
10.500  24.000  1.0000e-07
10.750  17.000  4.9453e-01
10.750  17.250  4.8913e-01
10.750  17.500  4.8026e-01
10.750  17.750  4.4852e-01
10.750  18.000  3.8699e-01
10.750  18.250  3.0713e-01
10.750  18.500  2.2277e-01
10.750  18.750  1.4963e-01
10.750  19.000  9.5625e-02
10.750  19.250  5.8483e-02
10.750  19.500  3.4347e-02
10.750  19.750  1.9764e-02
10.750  20.000  1.1432e-02
10.750  20.250  4.6754e-03
10.750  20.500  1.4015e-03
10.750  20.750  4.5218e-04
10.750  21.000  1.2840e-04
10.750  21.250  1.0000e-07
10.750  21.500  1.0000e-07
10.750  21.750  1.0000e-07
10.750  22.000  1.0000e-07
10.750  22.250  1.0000e-07
10.750  22.500  1.0000e-07
10.750  22.750  1.0000e-07
10.750  23.000  1.0000e-07
10.750  23.250  1.0000e-07
10.750  23.500  1.0000e-07
10.750  23.750  1.0000e-07
10.750  24.000  1.0000e-07
11.000  17.000  5.1605e-01
11.000  17.250  5.0753e-01
11.000  17.500  4.9065e-01
11.000  17.750  4.5009e-01
11.000  18.000  3.8785e-01
11.000  18.250  3.1664e-01
11.000  18.500  2.4132e-01
11.000  18.750  1.6976e-01
11.000  19.000  1.1212e-01
11.000  19.250  7.0674e-02
11.000  19.500  4.2787e-02
11.000  19.750  2.5093e-02
11.000  20.000  1.4523e-02
11.000  20.250  8.4590e-03
11.000  20.500  3.9560e-03
11.000  20.750  1.3837e-03
11.000  21.000  4.7687e-04
11.000  21.250  1.3004e-04
11.000  21.500  1.0000e-07
11.000  21.750  1.0000e-07
11.000  22.000  1.0000e-07
11.000  22.250  1.0000e-07
11.000  22.500  1.0000e-07
11.000  22.750  1.0000e-07
11.000  23.000  1.0000e-07
11.000  23.250  1.0000e-07
11.000  23.500  1.0000e-07
11.000  23.750  1.0000e-07
11.000  24.000  1.0000e-07
11.250  17.000  5.3078e-01
11.250  17.250  5.1784e-01
11.250  17.500  4.9048e-01
11.250  17.750  4.3647e-01
11.250  18.000  3.7135e-01
11.250  18.250  3.0973e-01
11.250  18.500  2.4858e-01
11.250  18.750  1.8593e-01
11.250  19.000  1.2835e-01
11.250  19.250  8.3394e-02
11.250  19.500  5.2185e-02
11.250  19.750  3.1633e-02
11.250  20.000  1.8807e-02
11.250  20.250  1.1111e-02
11.250  20.500  6.6017e-03
11.250  20.750  3.3181e-03
11.250  21.000  1.3817e-03
11.250  21.250  4.9111e-04
11.250  21.500  1.1778e-04
11.250  21.750  1.0000e-07
11.250  22.000  1.0000e-07
11.250  22.250  1.0000e-07
11.250  22.500  1.0000e-07
11.250  22.750  1.0000e-07
11.250  23.000  1.0000e-07
11.250  23.250  1.0000e-07
11.250  23.500  1.0000e-07
11.250  23.750  1.0000e-07
11.250  24.000  1.0000e-07
11.500  17.000  5.3562e-01
11.500  17.250  5.1904e-01
11.500  17.500  4.8109e-01
11.500  17.750  4.1300e-01
11.500  18.000  3.4111e-01
11.500  18.250  2.8478e-01
11.500  18.500  2.3810e-01
11.500  18.750  1.9104e-01
11.500  19.000  1.4199e-01
11.500  19.250  9.7048e-02
11.500  19.500  6.2911e-02
11.500  19.750  3.9549e-02
11.500  20.000  2.4380e-02
11.500  20.250  1.4831e-02
11.500  20.500  8.9563e-03
11.500  20.750  5.4564e-03
11.500  21.000  2.9663e-03
11.500  21.250  1.3495e-03
11.500  21.500  4.7407e-04
11.500  21.750  8.6091e-05
11.500  22.000  1.0000e-07
11.500  22.250  1.0000e-07
11.500  22.500  1.0000e-07
11.500  22.750  1.0000e-07
11.500  23.000  1.0000e-07
11.500  23.250  1.0000e-07
11.500  23.500  1.0000e-07
11.500  23.750  1.0000e-07
11.500  24.000  1.0000e-07
11.750  17.000  5.2760e-01
11.750  17.250  5.0926e-01
11.750  17.500  4.6249e-01
11.750  17.750  3.8534e-01
11.750  18.000  3.0748e-01
11.750  18.250  2.5035e-01
11.750  18.500  2.1098e-01
11.750  18.750  1.7967e-01
11.750  19.000  1.4655e-01
11.750  19.250  1.0943e-01
11.750  19.500  7.5050e-02
11.750  19.750  4.9200e-02
11.750  20.000  3.1382e-02
11.750  20.250  1.9680e-02
11.750  20.500  1.2199e-02
11.750  20.750  7.4802e-03
11.750  21.000  4.4364e-03
11.750  21.250  2.6030e-03
11.750  21.500  1.2648e-03
11.750  21.750  4.3844e-04
11.750  22.000  1.0000e-07
11.750  22.250  1.0000e-07
11.750  22.500  1.0000e-07
11.750  22.750  1.0000e-07
11.750  23.000  1.0000e-07
11.750  23.250  1.0000e-07
11.750  23.500  1.0000e-07
11.750  23.750  1.0000e-07
11.750  24.000  1.0000e-07
12.000  17.000  5.0594e-01
12.000  17.250  4.8590e-01
12.000  17.500  4.3371e-01
12.000  17.750  3.5516e-01
12.000  18.000  2.7893e-01
12.000  18.250  2.2053e-01
12.000  18.500  1.7959e-01
12.000  18.750  1.5388e-01
12.000  19.000  1.3550e-01
12.000  19.250  1.1395e-01
12.000  19.500  8.6360e-02
12.000  19.750  6.0010e-02
12.000  20.000  3.9972e-02
12.000  20.250  2.5870e-02
12.000  20.500  1.6420e-02
12.000  20.750  1.0275e-02
12.000  21.000  6.3268e-03
12.000  21.250  3.7905e-03
12.000  21.500  2.1970e-03
12.000  21.750  1.1321e-03
12.000  22.000  3.6387e-04
12.000  22.250  1.0000e-07
12.000  22.500  1.0000e-07
12.000  22.750  1.0000e-07
12.000  23.000  1.0000e-07
12.000  23.250  1.0000e-07
12.000  23.500  1.0000e-07
12.000  23.750  1.0000e-07
12.000  24.000  1.0000e-07
12.250  17.000  4.6880e-01
12.250  17.250  4.4786e-01
12.250  17.500  3.9568e-01
12.250  17.750  3.2495e-01
12.250  18.000  2.5782e-01
12.250  18.250  2.0163e-01
12.250  18.500  1.5802e-01
12.250  18.750  1.2809e-01
12.250  19.000  1.1211e-01
12.250  19.250  1.0357e-01
12.250  19.500  9.0270e-02
12.250  19.750  6.9716e-02
12.250  20.000  4.9279e-02
12.250  20.250  3.3274e-02
12.250  20.500  2.1697e-02
12.250  20.750  1.3837e-02
12.250  21.000  8.6900e-03
12.250  21.250  5.3370e-03
12.250  21.500  3.1356e-03
12.250  21.750  1.8586e-03
12.250  22.000  1.0040e-03
12.250  22.250  2.9975e-04
12.250  22.500  1.0000e-07
12.250  22.750  1.0000e-07
12.250  23.000  1.0000e-07
12.250  23.250  1.0000e-07
12.250  23.500  1.0000e-07
12.250  23.750  1.0000e-07
12.250  24.000  1.0000e-07
12.500  17.000  4.1771e-01
12.500  17.250  4.0083e-01
12.500  17.500  3.5688e-01
12.500  17.750  3.0053e-01
12.500  18.000  2.4414e-01
12.500  18.250  1.9243e-01
12.500  18.500  1.4761e-01
12.500  18.750  1.1303e-01
12.500  19.000  9.1612e-02
12.500  19.250  8.2932e-02
12.500  19.500  8.0386e-02
12.500  19.750  7.2419e-02
12.500  20.000  5.6914e-02
12.500  20.250  4.0833e-02
12.500  20.500  2.7845e-02
12.500  20.750  1.8222e-02
12.500  21.000  1.1646e-02
12.500  21.250  7.3036e-03
12.500  21.500  4.4351e-03
12.500  21.750  2.6440e-03
12.500  22.000  1.5900e-03
12.500  22.250  8.3531e-04
12.500  22.500  2.3136e-04
12.500  22.750  1.0000e-07
12.500  23.000  1.0000e-07
12.500  23.250  1.0000e-07
12.500  23.500  1.0000e-07
12.500  23.750  1.0000e-07
12.500  24.000  1.0000e-07
12.750  17.000  3.7517e-01
12.750  17.250  3.6531e-01
12.750  17.500  3.3305e-01
12.750  17.750  2.8681e-01
12.750  18.000  2.3715e-01
12.750  18.250  1.8852e-01
12.750  18.500  1.4428e-01
12.750  18.750  1.0753e-01
12.750  19.000  8.1238e-02
12.750  19.250  6.6514e-02
12.750  19.500  6.2300e-02
12.750  19.750  6.2543e-02
12.750  20.000  5.7802e-02
12.750  20.250  4.6306e-02
12.750  20.500  3.3668e-02
12.750  20.750  2.3036e-02
12.750  21.000  1.5122e-02
12.750  21.250  9.6787e-03
12.750  21.500  6.0226e-03
12.750  21.750  3.7442e-03
12.750  22.000  2.2282e-03
12.750  22.250  1.3117e-03
12.750  22.500  6.7169e-04
12.750  22.750  1.5934e-04
12.750  23.000  1.0000e-07
12.750  23.250  1.0000e-07
12.750  23.500  1.0000e-07
12.750  23.750  1.0000e-07
12.750  24.000  1.0000e-07
13.000  17.000  3.6095e-01
13.000  17.250  3.5324e-01
13.000  17.500  3.2467e-01
13.000  17.750  2.8152e-01
13.000  18.000  2.3399e-01
13.000  18.250  1.8737e-01
13.000  18.500  1.4431e-01
13.000  18.750  1.0739e-01
13.000  19.000  7.8808e-02
13.000  19.250  5.9471e-02
13.000  19.500  4.9103e-02
13.000  19.750  4.6655e-02
13.000  20.000  4.7820e-02
13.000  20.250  4.5225e-02
13.000  20.500  3.6899e-02
13.000  20.750  2.7187e-02
13.000  21.000  1.8838e-02
13.000  21.250  1.2515e-02
13.000  21.500  8.0349e-03
13.000  21.750  4.9633e-03
13.000  22.000  3.0741e-03
13.000  22.250  1.8303e-03
13.000  22.500  1.0385e-03
13.000  22.750  5.3852e-04
13.000  23.000  1.0156e-04
13.000  23.250  1.0000e-07
13.000  23.500  1.0000e-07
13.000  23.750  1.0000e-07
13.000  24.000  1.0000e-07
13.250  17.000  3.6090e-01
13.250  17.250  3.4885e-01
13.250  17.500  3.2010e-01
13.250  17.750  2.7826e-01
13.250  18.000  2.3188e-01
13.250  18.250  1.8739e-01
13.250  18.500  1.4587e-01
13.250  18.750  1.0974e-01
13.250  19.000  8.0568e-02
13.250  19.250  5.8909e-02
13.250  19.500  4.4542e-02
13.250  19.750  3.6728e-02
13.250  20.000  3.4549e-02
13.250  20.250  3.5285e-02
13.250  20.500  3.4006e-02
13.250  20.750  2.8580e-02
13.250  21.000  2.1323e-02
13.250  21.250  1.5022e-02
13.250  21.500  9.7705e-03
13.250  21.750  6.3630e-03
13.250  22.000  4.0713e-03
13.250  22.250  2.4993e-03
13.250  22.500  1.4685e-03
13.250  22.750  8.2296e-04
13.250  23.000  4.4782e-04
13.250  23.250  6.3128e-05
13.250  23.500  1.0000e-07
13.250  23.750  1.0000e-07
13.250  24.000  1.0000e-07
13.500  17.000  3.6034e-01
13.500  17.250  3.4708e-01
13.500  17.500  3.1799e-01
13.500  17.750  2.7653e-01
13.500  18.000  2.3160e-01
13.500  18.250  1.8788e-01
13.500  18.500  1.4807e-01
13.500  18.750  1.1308e-01
13.500  19.000  8.4164e-02
13.500  19.250  6.1643e-02
13.500  19.500  4.5146e-02
13.500  19.750  3.4090e-02
13.500  20.000  2.7689e-02
13.500  20.250  2.5230e-02
13.500  20.500  2.5286e-02
13.500  20.750  2.4873e-02
13.500  21.000  2.1319e-02
13.500  21.250  1.6300e-02
13.500  21.500  1.1405e-02
13.500  21.750  7.7598e-03
13.500  22.000  5.1467e-03
13.500  22.250  3.2501e-03
13.500  22.500  2.0319e-03
13.500  22.750  1.1802e-03
13.500  23.000  6.7374e-04
13.500  23.250  3.7317e-04
13.500  23.500  2.7490e-05
13.500  23.750  1.0000e-07
13.500  24.000  1.0000e-07
13.750  17.000  3.5989e-01
13.750  17.250  3.4491e-01
13.750  17.500  3.1588e-01
13.750  17.750  2.7547e-01
13.750  18.000  2.3183e-01
13.750  18.250  1.8933e-01
13.750  18.500  1.5031e-01
13.750  18.750  1.1638e-01
13.750  19.000  8.8058e-02
13.750  19.250  6.5352e-02
13.750  19.500  4.7961e-02
13.750  19.750  3.5204e-02
13.750  20.000  2.6468e-02
13.750  20.250  2.1113e-02
13.750  20.500  1.8542e-02
13.750  20.750  1.8038e-02
13.750  21.000  1.7910e-02
13.750  21.250  1.5846e-02
13.750  21.500  1.2274e-02
13.750  21.750  8.7276e-03
13.750  22.000  5.9537e-03
13.750  22.250  3.9641e-03
13.750  22.500  2.5773e-03
13.750  22.750  1.6296e-03
13.750  23.000  9.4889e-04
13.750  23.250  5.4914e-04
13.750  23.500  3.1045e-04
13.750  23.750  7.8189e-06
13.750  24.000  1.0000e-07
14.000  17.000  3.5841e-01
14.000  17.250  3.4208e-01
14.000  17.500  3.1322e-01
14.000  17.750  2.7487e-01
14.000  18.000  2.3243e-01
14.000  18.250  1.9110e-01
14.000  18.500  1.5303e-01
14.000  18.750  1.1958e-01
14.000  19.000  9.1586e-02
14.000  19.250  6.8963e-02
14.000  19.500  5.1162e-02
14.000  19.750  3.7579e-02
14.000  20.000  2.7585e-02
14.000  20.250  2.0622e-02
14.000  20.500  1.6160e-02
14.000  20.750  1.3731e-02
14.000  21.000  1.2924e-02
14.000  21.250  1.2898e-02
14.000  21.500  1.1747e-02
14.000  21.750  9.2403e-03
14.000  22.000  6.5790e-03
14.000  22.250  4.5347e-03
14.000  22.500  3.0542e-03
14.000  22.750  2.0244e-03
14.000  23.000  1.2615e-03
14.000  23.250  7.3753e-04
14.000  23.500  4.3309e-04
14.000  23.750  2.5045e-04
14.000  24.000  1.5638e-06
