Inwd 1407.00A  relative to Inci 1215.00A scaled to 1215A.
Hden   Phi(H)  Eq_Width (A)
7.000  17.000  5.2255e-04
7.000  17.250  2.5193e-04
7.000  17.500  1.0700e-06
7.000  17.750  1.0000e-07
7.000  18.000  1.0000e-07
7.000  18.250  1.0000e-07
7.000  18.500  1.0000e-07
7.000  18.750  1.0000e-07
7.000  19.000  1.0000e-07
7.000  19.250  1.0000e-07
7.000  19.500  1.0000e-07
7.000  19.750  1.0000e-07
7.000  20.000  1.0000e-07
7.000  20.250  1.0000e-07
7.000  20.500  1.0000e-07
7.000  20.750  1.0000e-07
7.000  21.000  1.0000e-07
7.000  21.250  1.0000e-07
7.000  21.500  1.0000e-07
7.000  21.750  1.0000e-07
7.000  22.000  1.0000e-07
7.000  22.250  1.0000e-07
7.000  22.500  1.0000e-07
7.000  22.750  1.0000e-07
7.000  23.000  1.0000e-07
7.000  23.250  1.0000e-07
7.000  23.500  1.0000e-07
7.000  23.750  1.0000e-07
7.000  24.000  1.0000e-07
7.250  17.000  7.6774e-04
7.250  17.250  5.6354e-04
7.250  17.500  2.6527e-04
7.250  17.750  9.8765e-07
7.250  18.000  1.0000e-07
7.250  18.250  1.0000e-07
7.250  18.500  1.0000e-07
7.250  18.750  1.0000e-07
7.250  19.000  1.0000e-07
7.250  19.250  1.0000e-07
7.250  19.500  1.0000e-07
7.250  19.750  1.0000e-07
7.250  20.000  1.0000e-07
7.250  20.250  1.0000e-07
7.250  20.500  1.0000e-07
7.250  20.750  1.0000e-07
7.250  21.000  1.0000e-07
7.250  21.250  1.0000e-07
7.250  21.500  1.0000e-07
7.250  21.750  1.0000e-07
7.250  22.000  1.0000e-07
7.250  22.250  1.0000e-07
7.250  22.500  1.0000e-07
7.250  22.750  1.0000e-07
7.250  23.000  1.0000e-07
7.250  23.250  1.0000e-07
7.250  23.500  1.0000e-07
7.250  23.750  1.0000e-07
7.250  24.000  1.0000e-07
7.500  17.000  9.9374e-04
7.500  17.250  8.1160e-04
7.500  17.500  6.0395e-04
7.500  17.750  2.7745e-04
7.500  18.000  9.8765e-07
7.500  18.250  1.0000e-07
7.500  18.500  1.0000e-07
7.500  18.750  1.0000e-07
7.500  19.000  1.0000e-07
7.500  19.250  1.0000e-07
7.500  19.500  1.0000e-07
7.500  19.750  1.0000e-07
7.500  20.000  1.0000e-07
7.500  20.250  1.0000e-07
7.500  20.500  1.0000e-07
7.500  20.750  1.0000e-07
7.500  21.000  1.0000e-07
7.500  21.250  1.0000e-07
7.500  21.500  1.0000e-07
7.500  21.750  1.0000e-07
7.500  22.000  1.0000e-07
7.500  22.250  1.0000e-07
7.500  22.500  1.0000e-07
7.500  22.750  1.0000e-07
7.500  23.000  1.0000e-07
7.500  23.250  1.0000e-07
7.500  23.500  1.0000e-07
7.500  23.750  1.0000e-07
7.500  24.000  1.0000e-07
7.750  17.000  1.1338e-03
7.750  17.250  1.0345e-03
7.750  17.500  8.5053e-04
7.750  17.750  6.4165e-04
7.750  18.000  2.8823e-04
7.750  18.250  9.0535e-07
7.750  18.500  1.0000e-07
7.750  18.750  1.0000e-07
7.750  19.000  1.0000e-07
7.750  19.250  1.0000e-07
7.750  19.500  1.0000e-07
7.750  19.750  1.0000e-07
7.750  20.000  1.0000e-07
7.750  20.250  1.0000e-07
7.750  20.500  1.0000e-07
7.750  20.750  1.0000e-07
7.750  21.000  1.0000e-07
7.750  21.250  1.0000e-07
7.750  21.500  1.0000e-07
7.750  21.750  1.0000e-07
7.750  22.000  1.0000e-07
7.750  22.250  1.0000e-07
7.750  22.500  1.0000e-07
7.750  22.750  1.0000e-07
7.750  23.000  1.0000e-07
7.750  23.250  1.0000e-07
7.750  23.500  1.0000e-07
7.750  23.750  1.0000e-07
7.750  24.000  1.0000e-07
8.000  17.000  1.1510e-03
8.000  17.250  1.1630e-03
8.000  17.500  1.0659e-03
8.000  17.750  8.8354e-04
8.000  18.000  6.7514e-04
8.000  18.250  2.9860e-04
8.000  18.500  9.0535e-07
8.000  18.750  1.0000e-07
8.000  19.000  1.0000e-07
8.000  19.250  1.0000e-07
8.000  19.500  1.0000e-07
8.000  19.750  1.0000e-07
8.000  20.000  1.0000e-07
8.000  20.250  1.0000e-07
8.000  20.500  1.0000e-07
8.000  20.750  1.0000e-07
8.000  21.000  1.0000e-07
8.000  21.250  1.0000e-07
8.000  21.500  1.0000e-07
8.000  21.750  1.0000e-07
8.000  22.000  1.0000e-07
8.000  22.250  1.0000e-07
8.000  22.500  1.0000e-07
8.000  22.750  1.0000e-07
8.000  23.000  1.0000e-07
8.000  23.250  1.0000e-07
8.000  23.500  1.0000e-07
8.000  23.750  1.0000e-07
8.000  24.000  1.0000e-07
8.250  17.000  1.0440e-03
8.250  17.250  1.1787e-03
8.250  17.500  1.1896e-03
8.250  17.750  1.0916e-03
8.250  18.000  9.1037e-04
8.250  18.250  7.0469e-04
8.250  18.500  3.0642e-04
8.250  18.750  8.2305e-07
8.250  19.000  1.0000e-07
8.250  19.250  1.0000e-07
8.250  19.500  1.0000e-07
8.250  19.750  1.0000e-07
8.250  20.000  1.0000e-07
8.250  20.250  1.0000e-07
8.250  20.500  1.0000e-07
8.250  20.750  1.0000e-07
8.250  21.000  1.0000e-07
8.250  21.250  1.0000e-07
8.250  21.500  1.0000e-07
8.250  21.750  1.0000e-07
8.250  22.000  1.0000e-07
8.250  22.250  1.0000e-07
8.250  22.500  1.0000e-07
8.250  22.750  1.0000e-07
8.250  23.000  1.0000e-07
8.250  23.250  1.0000e-07
8.250  23.500  1.0000e-07
8.250  23.750  1.0000e-07
8.250  24.000  1.0000e-07
8.500  17.000  8.4288e-04
8.500  17.250  1.0668e-03
8.500  17.500  1.2015e-03
8.500  17.750  1.2108e-03
8.500  18.000  1.1125e-03
8.500  18.250  9.3243e-04
8.500  18.500  7.3160e-04
8.500  18.750  3.1449e-04
8.500  19.000  1.0000e-07
8.500  19.250  1.0000e-07
8.500  19.500  1.0000e-07
8.500  19.750  1.0000e-07
8.500  20.000  1.0000e-07
8.500  20.250  1.0000e-07
8.500  20.500  1.0000e-07
8.500  20.750  1.0000e-07
8.500  21.000  1.0000e-07
8.500  21.250  1.0000e-07
8.500  21.500  1.0000e-07
8.500  21.750  1.0000e-07
8.500  22.000  1.0000e-07
8.500  22.250  1.0000e-07
8.500  22.500  1.0000e-07
8.500  22.750  1.0000e-07
8.500  23.000  1.0000e-07
8.500  23.250  1.0000e-07
8.500  23.500  1.0000e-07
8.500  23.750  1.0000e-07
8.500  24.000  1.0000e-07
8.750  17.000  6.1045e-04
8.750  17.250  8.6370e-04
8.750  17.500  1.0894e-03
8.750  17.750  1.2239e-03
8.750  18.000  1.2306e-03
8.750  18.250  1.1313e-03
8.750  18.500  9.5366e-04
8.750  18.750  7.5942e-04
8.750  19.000  3.2453e-04
8.750  19.250  1.0000e-07
8.750  19.500  1.0000e-07
8.750  19.750  1.0000e-07
8.750  20.000  1.0000e-07
8.750  20.250  1.0000e-07
8.750  20.500  1.0000e-07
8.750  20.750  1.0000e-07
8.750  21.000  1.0000e-07
8.750  21.250  1.0000e-07
8.750  21.500  1.0000e-07
8.750  21.750  1.0000e-07
8.750  22.000  1.0000e-07
8.750  22.250  1.0000e-07
8.750  22.500  1.0000e-07
8.750  22.750  1.0000e-07
8.750  23.000  1.0000e-07
8.750  23.250  1.0000e-07
8.750  23.500  1.0000e-07
8.750  23.750  1.0000e-07
8.750  24.000  1.0000e-07
9.000  17.000  3.8634e-04
9.000  17.250  6.3259e-04
9.000  17.500  8.9029e-04
9.000  17.750  1.1167e-03
9.000  18.000  1.2500e-03
9.000  18.250  1.2551e-03
9.000  18.500  1.1537e-03
9.000  18.750  9.7457e-04
9.000  19.000  7.8996e-04
9.000  19.250  3.3893e-04
9.000  19.500  1.0000e-07
9.000  19.750  1.0000e-07
9.000  20.000  1.0000e-07
9.000  20.250  1.0000e-07
9.000  20.500  1.0000e-07
9.000  20.750  1.0000e-07
9.000  21.000  1.0000e-07
9.000  21.250  1.0000e-07
9.000  21.500  1.0000e-07
9.000  21.750  1.0000e-07
9.000  22.000  1.0000e-07
9.000  22.250  1.0000e-07
9.000  22.500  1.0000e-07
9.000  22.750  1.0000e-07
9.000  23.000  1.0000e-07
9.000  23.250  1.0000e-07
9.000  23.500  1.0000e-07
9.000  23.750  1.0000e-07
9.000  24.000  1.0000e-07
9.250  17.000  2.0033e-04
9.250  17.250  4.0889e-04
9.250  17.500  6.6519e-04
9.250  17.750  9.2815e-04
9.250  18.000  1.1565e-03
9.250  18.250  1.2897e-03
9.250  18.500  1.2933e-03
9.250  18.750  1.1846e-03
9.250  19.000  9.9498e-04
9.250  19.250  8.1531e-04
9.250  19.500  3.6189e-04
9.250  19.750  1.0000e-07
9.250  20.000  1.0000e-07
9.250  20.250  1.0000e-07
9.250  20.500  1.0000e-07
9.250  20.750  1.0000e-07
9.250  21.000  1.0000e-07
9.250  21.250  1.0000e-07
9.250  21.500  1.0000e-07
9.250  21.750  1.0000e-07
9.250  22.000  1.0000e-07
9.250  22.250  1.0000e-07
9.250  22.500  1.0000e-07
9.250  22.750  1.0000e-07
9.250  23.000  1.0000e-07
9.250  23.250  1.0000e-07
9.250  23.500  1.0000e-07
9.250  23.750  1.0000e-07
9.250  24.000  1.0000e-07
9.500  17.000  7.7037e-05
9.500  17.250  2.1770e-04
9.500  17.500  4.4280e-04
9.500  17.750  7.1259e-04
9.500  18.000  9.8436e-04
9.500  18.250  1.2173e-03
9.500  18.500  1.3530e-03
9.500  18.750  1.3510e-03
9.500  19.000  1.2288e-03
9.500  19.250  1.0300e-03
9.500  19.500  8.5160e-04
9.500  19.750  3.9481e-04
9.500  20.000  1.0000e-07
9.500  20.250  1.0000e-07
9.500  20.500  1.0000e-07
9.500  20.750  1.0000e-07
9.500  21.000  1.0000e-07
9.500  21.250  1.0000e-07
9.500  21.500  1.0000e-07
9.500  21.750  1.0000e-07
9.500  22.000  1.0000e-07
9.500  22.250  1.0000e-07
9.500  22.500  1.0000e-07
9.500  22.750  1.0000e-07
9.500  23.000  1.0000e-07
9.500  23.250  1.0000e-07
9.500  23.500  1.0000e-07
9.500  23.750  1.0000e-07
9.500  24.000  1.0000e-07
9.750  17.000  1.9588e-05
9.750  17.250  8.5597e-05
9.750  17.500  2.4305e-04
9.750  17.750  4.9004e-04
9.750  18.000  7.7860e-04
9.750  18.250  1.0644e-03
9.750  18.500  1.3084e-03
9.750  18.750  1.4440e-03
9.750  19.000  1.4326e-03
9.750  19.250  1.3034e-03
9.750  19.500  1.1039e-03
9.750  19.750  9.4016e-04
9.750  20.000  4.5029e-04
9.750  20.250  1.0000e-07
9.750  20.500  1.0000e-07
9.750  20.750  1.0000e-07
9.750  21.000  1.0000e-07
9.750  21.250  1.0000e-07
9.750  21.500  1.0000e-07
9.750  21.750  1.0000e-07
9.750  22.000  1.0000e-07
9.750  22.250  1.0000e-07
9.750  22.500  1.0000e-07
9.750  22.750  1.0000e-07
9.750  23.000  1.0000e-07
9.750  23.250  1.0000e-07
9.750  23.500  1.0000e-07
9.750  23.750  1.0000e-07
9.750  24.000  1.0000e-07
10.000  17.000  2.6337e-06
10.000  17.250  2.1893e-05
10.000  17.500  9.7366e-05
10.000  17.750  2.7514e-04
10.000  18.000  5.4815e-04
10.000  18.250  8.6132e-04
10.000  18.500  1.1667e-03
10.000  18.750  1.4235e-03
10.000  19.000  1.5634e-03
10.000  19.250  1.5553e-03
10.000  19.500  1.4375e-03
10.000  19.750  1.2667e-03
10.000  20.000  1.1216e-03
10.000  20.250  5.0667e-04
10.000  20.500  1.0000e-07
10.000  20.750  1.0000e-07
10.000  21.000  1.0000e-07
10.000  21.250  1.0000e-07
10.000  21.500  1.0000e-07
10.000  21.750  1.0000e-07
10.000  22.000  1.0000e-07
10.000  22.250  1.0000e-07
10.000  22.500  1.0000e-07
10.000  22.750  1.0000e-07
10.000  23.000  1.0000e-07
10.000  23.250  1.0000e-07
10.000  23.500  1.0000e-07
10.000  23.750  1.0000e-07
10.000  24.000  1.0000e-07
10.250  17.000  1.0000e-07
10.250  17.250  2.9630e-06
10.250  17.500  2.5021e-05
10.250  17.750  1.1045e-04
10.250  18.000  3.0881e-04
10.250  18.250  6.0914e-04
10.250  18.500  9.4831e-04
10.250  18.750  1.2761e-03
10.250  19.000  1.5507e-03
10.250  19.250  1.7137e-03
10.250  19.500  1.7355e-03
10.250  19.750  1.6582e-03
10.250  20.000  1.5106e-03
10.250  20.250  1.4134e-03
10.250  20.500  6.3325e-04
10.250  20.750  8.2305e-07
10.250  21.000  1.0000e-07
10.250  21.250  1.0000e-07
10.250  21.500  1.0000e-07
10.250  21.750  1.0000e-07
10.250  22.000  1.0000e-07
10.250  22.250  1.0000e-07
10.250  22.500  1.0000e-07
10.250  22.750  1.0000e-07
10.250  23.000  1.0000e-07
10.250  23.250  1.0000e-07
10.250  23.500  1.0000e-07
10.250  23.750  1.0000e-07
10.250  24.000  1.0000e-07
10.500  17.000  1.0000e-07
10.500  17.250  1.0000e-07
10.500  17.500  3.2922e-06
10.500  17.750  2.7901e-05
10.500  18.000  1.2156e-04
10.500  18.250  3.3605e-04
10.500  18.500  6.5473e-04
10.500  18.750  1.0104e-03
10.500  19.000  1.3593e-03
10.500  19.250  1.6692e-03
10.500  19.500  1.8837e-03
10.500  19.750  1.9661e-03
10.500  20.000  1.9487e-03
10.500  20.250  1.8197e-03
10.500  20.500  1.4776e-03
10.500  20.750  8.0148e-04
10.500  21.000  9.0535e-07
10.500  21.250  1.0000e-07
10.500  21.500  1.0000e-07
10.500  21.750  1.0000e-07
10.500  22.000  1.0000e-07
10.500  22.250  1.0000e-07
10.500  22.500  1.0000e-07
10.500  22.750  1.0000e-07
10.500  23.000  1.0000e-07
10.500  23.250  1.0000e-07
10.500  23.500  1.0000e-07
10.500  23.750  1.0000e-07
10.500  24.000  1.0000e-07
10.750  17.000  1.0000e-07
10.750  17.250  1.0000e-07
10.750  17.500  1.0000e-07
10.750  17.750  3.7037e-06
10.750  18.000  2.9630e-05
10.750  18.250  1.2724e-04
10.750  18.500  3.4477e-04
10.750  18.750  6.6173e-04
10.750  19.000  1.0186e-03
10.750  19.250  1.3912e-03
10.750  19.500  1.7522e-03
10.750  19.750  2.0405e-03
10.750  20.000  2.2081e-03
10.750  20.250  2.2518e-03
10.750  20.500  2.2393e-03
10.750  20.750  2.1914e-03
10.750  21.000  9.4132e-04
10.750  21.250  9.0535e-07
10.750  21.500  1.0000e-07
10.750  21.750  1.0000e-07
10.750  22.000  1.0000e-07
10.750  22.250  1.0000e-07
10.750  22.500  1.0000e-07
10.750  22.750  1.0000e-07
10.750  23.000  1.0000e-07
10.750  23.250  1.0000e-07
10.750  23.500  1.0000e-07
10.750  23.750  1.0000e-07
10.750  24.000  1.0000e-07
11.000  17.000  1.0000e-07
11.000  17.250  1.0000e-07
11.000  17.500  1.0000e-07
11.000  17.750  1.0000e-07
11.000  18.000  4.0329e-06
11.000  18.250  2.9794e-05
11.000  18.500  1.2337e-04
11.000  18.750  3.2626e-04
11.000  19.000  6.1646e-04
11.000  19.250  9.5942e-04
11.000  19.500  1.3525e-03
11.000  19.750  1.7686e-03
11.000  20.000  2.1348e-03
11.000  20.250  2.3895e-03
11.000  20.500  2.5136e-03
11.000  20.750  2.5221e-03
11.000  21.000  2.4640e-03
11.000  21.250  1.0069e-03
11.000  21.500  9.0535e-07
11.000  21.750  1.0000e-07
11.000  22.000  1.0000e-07
11.000  22.250  1.0000e-07
11.000  22.500  1.0000e-07
11.000  22.750  1.0000e-07
11.000  23.000  1.0000e-07
11.000  23.250  1.0000e-07
11.000  23.500  1.0000e-07
11.000  23.750  1.0000e-07
11.000  24.000  1.0000e-07
11.250  17.000  1.0000e-07
11.250  17.250  1.0000e-07
11.250  17.500  1.0000e-07
11.250  17.750  1.0000e-07
11.250  18.000  1.0000e-07
11.250  18.250  3.9506e-06
11.250  18.500  2.7243e-05
11.250  18.750  1.0930e-04
11.250  19.000  2.8066e-04
11.250  19.250  5.2658e-04
11.250  19.500  8.4230e-04
11.250  19.750  1.2434e-03
11.250  20.000  1.6937e-03
11.250  20.250  2.1114e-03
11.250  20.500  2.4258e-03
11.250  20.750  2.5866e-03
11.250  21.000  2.5735e-03
11.250  21.250  2.3980e-03
11.250  21.500  8.0831e-04
11.250  21.750  1.0000e-07
11.250  22.000  1.0000e-07
11.250  22.250  1.0000e-07
11.250  22.500  1.0000e-07
11.250  22.750  1.0000e-07
11.250  23.000  1.0000e-07
11.250  23.250  1.0000e-07
11.250  23.500  1.0000e-07
11.250  23.750  1.0000e-07
11.250  24.000  1.0000e-07
11.500  17.000  1.0000e-07
11.500  17.250  1.0000e-07
11.500  17.500  1.0000e-07
11.500  17.750  1.0000e-07
11.500  18.000  1.0000e-07
11.500  18.250  1.0000e-07
11.500  18.500  3.3745e-06
11.500  18.750  2.2387e-05
11.500  19.000  8.7901e-05
11.500  19.250  2.2033e-04
11.500  19.500  4.1695e-04
11.500  19.750  6.9638e-04
11.500  20.000  1.0799e-03
11.500  20.250  1.5212e-03
11.500  20.500  1.9385e-03
11.500  20.750  2.2607e-03
11.500  21.000  2.3936e-03
11.500  21.250  2.2785e-03
11.500  21.500  1.9821e-03
11.500  21.750  4.1523e-04
11.500  22.000  1.0000e-07
11.500  22.250  1.0000e-07
11.500  22.500  1.0000e-07
11.500  22.750  1.0000e-07
11.500  23.000  1.0000e-07
11.500  23.250  1.0000e-07
11.500  23.500  1.0000e-07
11.500  23.750  1.0000e-07
11.500  24.000  1.0000e-07
11.750  17.000  1.0000e-07
11.750  17.250  1.0000e-07
11.750  17.500  1.0000e-07
11.750  17.750  1.0000e-07
11.750  18.000  1.0000e-07
11.750  18.250  1.0000e-07
11.750  18.500  1.0000e-07
11.750  18.750  2.5514e-06
11.750  19.000  1.6790e-05
11.750  19.250  6.5021e-05
11.750  19.500  1.6132e-04
11.750  19.750  3.1284e-04
11.750  20.000  5.4963e-04
11.750  20.250  8.8782e-04
11.750  20.500  1.2777e-03
11.750  20.750  1.6505e-03
11.750  21.000  1.9280e-03
11.750  21.250  1.9700e-03
11.750  21.500  1.7240e-03
11.750  21.750  1.4368e-03
11.750  22.000  1.0510e-04
11.750  22.250  1.0000e-07
11.750  22.500  1.0000e-07
11.750  22.750  1.0000e-07
11.750  23.000  1.0000e-07
11.750  23.250  1.0000e-07
11.750  23.500  1.0000e-07
11.750  23.750  1.0000e-07
11.750  24.000  1.0000e-07
12.000  17.000  1.0000e-07
12.000  17.250  1.0000e-07
12.000  17.500  1.0000e-07
12.000  17.750  1.0000e-07
12.000  18.000  1.0000e-07
12.000  18.250  1.0000e-07
12.000  18.500  1.0000e-07
12.000  18.750  1.0000e-07
12.000  19.000  1.7284e-06
12.000  19.250  1.1852e-05
12.000  19.500  4.5432e-05
12.000  19.750  1.1292e-04
12.000  20.000  2.2831e-04
12.000  20.250  4.2123e-04
12.000  20.500  6.9802e-04
12.000  20.750  1.0142e-03
12.000  21.000  1.3250e-03
12.000  21.250  1.5167e-03
12.000  21.500  1.4407e-03
12.000  21.750  1.1998e-03
12.000  22.000  9.4807e-04
12.000  22.250  3.7531e-05
12.000  22.500  1.0000e-07
12.000  22.750  1.0000e-07
12.000  23.000  1.0000e-07
12.000  23.250  1.0000e-07
12.000  23.500  1.0000e-07
12.000  23.750  1.0000e-07
12.000  24.000  1.0000e-07
12.250  17.000  1.0000e-07
12.250  17.250  1.0000e-07
12.250  17.500  1.0000e-07
12.250  17.750  1.0000e-07
12.250  18.000  1.0000e-07
12.250  18.250  1.0000e-07
12.250  18.500  1.0000e-07
12.250  18.750  1.0000e-07
12.250  19.000  1.0000e-07
12.250  19.250  1.1523e-06
12.250  19.500  8.0658e-06
12.250  19.750  3.0864e-05
12.250  20.000  7.8189e-05
12.250  20.250  1.6568e-04
12.250  20.500  3.1638e-04
12.250  20.750  5.2988e-04
12.250  21.000  7.8008e-04
12.250  21.250  1.0230e-03
12.250  21.500  1.1205e-03
12.250  21.750  9.9449e-04
12.250  22.000  8.2724e-04
12.250  22.250  5.8856e-04
12.250  22.500  1.6214e-05
12.250  22.750  1.0000e-07
12.250  23.000  1.0000e-07
12.250  23.250  1.0000e-07
12.250  23.500  1.0000e-07
12.250  23.750  1.0000e-07
12.250  24.000  1.0000e-07
12.500  17.000  1.0000e-07
12.500  17.250  1.0000e-07
12.500  17.500  1.0000e-07
12.500  17.750  1.0000e-07
12.500  18.000  1.0000e-07
12.500  18.250  1.0000e-07
12.500  18.500  1.0000e-07
12.500  18.750  1.0000e-07
12.500  19.000  1.0000e-07
12.500  19.250  1.0000e-07
12.500  19.500  1.0000e-07
12.500  19.750  5.5144e-06
12.500  20.000  2.0905e-05
12.500  20.250  5.4568e-05
12.500  20.500  1.2082e-04
12.500  20.750  2.3547e-04
12.500  21.000  3.9794e-04
12.500  21.250  5.9169e-04
12.500  21.500  7.6428e-04
12.500  21.750  8.0025e-04
12.500  22.000  6.8123e-04
12.500  22.250  5.6593e-04
12.500  22.500  3.5514e-04
12.500  22.750  7.5720e-06
12.500  23.000  1.0000e-07
12.500  23.250  1.0000e-07
12.500  23.500  1.0000e-07
12.500  23.750  1.0000e-07
12.500  24.000  1.0000e-07
12.750  17.000  1.0000e-07
12.750  17.250  1.0000e-07
12.750  17.500  1.0000e-07
12.750  17.750  1.0000e-07
12.750  18.000  1.0000e-07
12.750  18.250  1.0000e-07
12.750  18.500  1.0000e-07
12.750  18.750  1.0000e-07
12.750  19.000  1.0000e-07
12.750  19.250  1.0000e-07
12.750  19.500  1.0000e-07
12.750  19.750  1.0000e-07
12.750  20.000  3.7037e-06
12.750  20.250  1.4321e-05
12.750  20.500  3.8436e-05
12.750  20.750  8.7572e-05
12.750  21.000  1.7292e-04
12.750  21.250  2.9547e-04
12.750  21.500  4.4016e-04
12.750  21.750  5.5630e-04
12.750  22.000  5.5967e-04
12.750  22.250  4.6461e-04
12.750  22.500  3.8700e-04
12.750  22.750  2.2626e-04
12.750  23.000  3.4568e-06
12.750  23.250  1.0000e-07
12.750  23.500  1.0000e-07
12.750  23.750  1.0000e-07
12.750  24.000  1.0000e-07
13.000  17.000  1.0000e-07
13.000  17.250  1.0000e-07
13.000  17.500  1.0000e-07
13.000  17.750  1.0000e-07
13.000  18.000  1.0000e-07
13.000  18.250  1.0000e-07
13.000  18.500  1.0000e-07
13.000  18.750  1.0000e-07
13.000  19.000  1.0000e-07
13.000  19.250  1.0000e-07
13.000  19.500  1.0000e-07
13.000  19.750  1.0000e-07
13.000  20.000  1.0000e-07
13.000  20.250  2.3868e-06
13.000  20.500  9.6296e-06
13.000  20.750  2.6667e-05
13.000  21.000  6.1235e-05
13.000  21.250  1.2230e-04
13.000  21.500  2.1045e-04
13.000  21.750  3.1366e-04
13.000  22.000  3.9251e-04
13.000  22.250  3.8305e-04
13.000  22.500  3.1210e-04
13.000  22.750  2.6617e-04
13.000  23.000  1.3572e-04
13.000  23.250  1.7284e-06
13.000  23.500  1.0000e-07
13.000  23.750  1.0000e-07
13.000  24.000  1.0000e-07
13.250  17.000  1.0000e-07
13.250  17.250  1.0000e-07
13.250  17.500  1.0000e-07
13.250  17.750  1.0000e-07
13.250  18.000  1.0000e-07
13.250  18.250  1.0000e-07
13.250  18.500  1.0000e-07
13.250  18.750  1.0000e-07
13.250  19.000  1.0000e-07
13.250  19.250  1.0000e-07
13.250  19.500  1.0000e-07
13.250  19.750  1.0000e-07
13.250  20.000  1.0000e-07
13.250  20.250  1.0000e-07
13.250  20.500  1.3992e-06
13.250  20.750  5.9259e-06
13.250  21.000  1.6872e-05
13.250  21.250  3.9671e-05
13.250  21.500  7.9671e-05
13.250  21.750  1.4107e-04
13.250  22.000  2.1506e-04
13.250  22.250  2.6856e-04
13.250  22.500  2.5786e-04
13.250  22.750  2.1045e-04
13.250  23.000  1.8798e-04
13.250  23.250  8.1152e-05
13.250  23.500  9.0535e-07
13.250  23.750  1.0000e-07
13.250  24.000  1.0000e-07
13.500  17.000  1.0000e-07
13.500  17.250  1.0000e-07
13.500  17.500  1.0000e-07
13.500  17.750  1.0000e-07
13.500  18.000  1.0000e-07
13.500  18.250  1.0000e-07
13.500  18.500  1.0000e-07
13.500  18.750  1.0000e-07
13.500  19.000  1.0000e-07
13.500  19.250  1.0000e-07
13.500  19.500  1.0000e-07
13.500  19.750  1.0000e-07
13.500  20.000  1.0000e-07
13.500  20.250  1.0000e-07
13.500  20.500  1.0000e-07
13.500  20.750  1.0000e-07
13.500  21.000  3.3745e-06
13.500  21.250  1.0123e-05
13.500  21.500  2.4444e-05
13.500  21.750  5.1193e-05
13.500  22.000  9.1934e-05
13.500  22.250  1.4354e-04
13.500  22.500  1.8313e-04
13.500  22.750  1.7481e-04
13.500  23.000  1.4403e-04
13.500  23.250  1.3366e-04
13.500  23.500  4.7160e-05
13.500  23.750  1.0000e-07
13.500  24.000  1.0000e-07
13.750  17.000  1.0000e-07
13.750  17.250  1.0000e-07
13.750  17.500  1.0000e-07
13.750  17.750  1.0000e-07
13.750  18.000  1.0000e-07
13.750  18.250  1.0000e-07
13.750  18.500  1.0000e-07
13.750  18.750  1.0000e-07
13.750  19.000  1.0000e-07
13.750  19.250  1.0000e-07
13.750  19.500  1.0000e-07
13.750  19.750  1.0000e-07
13.750  20.000  1.0000e-07
13.750  20.250  1.0000e-07
13.750  20.500  1.0000e-07
13.750  20.750  1.0000e-07
13.750  21.000  1.0000e-07
13.750  21.250  1.9753e-06
13.750  21.500  6.2551e-06
13.750  21.750  1.5638e-05
13.750  22.000  3.2181e-05
13.750  22.250  5.8436e-05
13.750  22.500  9.4403e-05
13.750  22.750  1.2296e-04
13.750  23.000  1.2074e-04
13.750  23.250  1.0132e-04
13.750  23.500  9.8848e-05
13.750  23.750  2.7160e-05
13.750  24.000  1.0000e-07
14.000  17.000  1.0000e-07
14.000  17.250  1.0000e-07
14.000  17.500  1.0000e-07
14.000  17.750  1.0000e-07
14.000  18.000  1.0000e-07
14.000  18.250  1.0000e-07
14.000  18.500  1.0000e-07
14.000  18.750  1.0000e-07
14.000  19.000  1.0000e-07
14.000  19.250  1.0000e-07
14.000  19.500  1.0000e-07
14.000  19.750  1.0000e-07
14.000  20.000  1.0000e-07
14.000  20.250  1.0000e-07
14.000  20.500  1.0000e-07
14.000  20.750  1.0000e-07
14.000  21.000  1.0000e-07
14.000  21.250  1.0000e-07
14.000  21.500  1.2346e-06
14.000  21.750  4.1152e-06
14.000  22.000  1.0041e-05
14.000  22.250  2.0247e-05
14.000  22.500  3.7366e-05
14.000  22.750  6.2551e-05
14.000  23.000  8.4033e-05
14.000  23.250  8.2963e-05
14.000  23.500  7.3086e-05
14.000  23.750  7.4568e-05
14.000  24.000  1.3580e-05
