He 2 3968.64A  relative to Inci 1215.00A scaled to 1215A.
Hden   Phi(H)  Eq_Width (A)
7.000  17.000  5.0453e-05
7.000  17.250  4.8313e-05
7.000  17.500  2.6667e-05
7.000  17.750  8.8066e-06
7.000  18.000  2.7984e-06
7.000  18.250  9.0535e-07
7.000  18.500  1.0000e-07
7.000  18.750  1.0000e-07
7.000  19.000  1.0000e-07
7.000  19.250  1.0000e-07
7.000  19.500  1.0000e-07
7.000  19.750  1.0000e-07
7.000  20.000  1.0000e-07
7.000  20.250  1.0000e-07
7.000  20.500  1.0000e-07
7.000  20.750  1.0000e-07
7.000  21.000  1.0000e-07
7.000  21.250  1.0000e-07
7.000  21.500  1.0000e-07
7.000  21.750  1.0000e-07
7.000  22.000  1.0000e-07
7.000  22.250  1.0000e-07
7.000  22.500  1.0000e-07
7.000  22.750  1.0000e-07
7.000  23.000  1.0000e-07
7.000  23.250  1.0000e-07
7.000  23.500  1.0000e-07
7.000  23.750  1.0000e-07
7.000  24.000  1.0000e-07
7.250  17.000  5.2181e-05
7.250  17.250  5.0453e-05
7.250  17.500  4.8313e-05
7.250  17.750  2.6584e-05
7.250  18.000  8.8066e-06
7.250  18.250  2.7984e-06
7.250  18.500  9.0535e-07
7.250  18.750  1.0000e-07
7.250  19.000  1.0000e-07
7.250  19.250  1.0000e-07
7.250  19.500  1.0000e-07
7.250  19.750  1.0000e-07
7.250  20.000  1.0000e-07
7.250  20.250  1.0000e-07
7.250  20.500  1.0000e-07
7.250  20.750  1.0000e-07
7.250  21.000  1.0000e-07
7.250  21.250  1.0000e-07
7.250  21.500  1.0000e-07
7.250  21.750  1.0000e-07
7.250  22.000  1.0000e-07
7.250  22.250  1.0000e-07
7.250  22.500  1.0000e-07
7.250  22.750  1.0000e-07
7.250  23.000  1.0000e-07
7.250  23.250  1.0000e-07
7.250  23.500  1.0000e-07
7.250  23.750  1.0000e-07
7.250  24.000  1.0000e-07
7.500  17.000  5.3580e-05
7.500  17.250  5.2181e-05
7.500  17.500  5.0453e-05
7.500  17.750  4.8313e-05
7.500  18.000  2.6502e-05
7.500  18.250  8.7243e-06
7.500  18.500  2.7984e-06
7.500  18.750  9.0535e-07
7.500  19.000  1.0000e-07
7.500  19.250  1.0000e-07
7.500  19.500  1.0000e-07
7.500  19.750  1.0000e-07
7.500  20.000  1.0000e-07
7.500  20.250  1.0000e-07
7.500  20.500  1.0000e-07
7.500  20.750  1.0000e-07
7.500  21.000  1.0000e-07
7.500  21.250  1.0000e-07
7.500  21.500  1.0000e-07
7.500  21.750  1.0000e-07
7.500  22.000  1.0000e-07
7.500  22.250  1.0000e-07
7.500  22.500  1.0000e-07
7.500  22.750  1.0000e-07
7.500  23.000  1.0000e-07
7.500  23.250  1.0000e-07
7.500  23.500  1.0000e-07
7.500  23.750  1.0000e-07
7.500  24.000  1.0000e-07
7.750  17.000  5.4568e-05
7.750  17.250  5.3580e-05
7.750  17.500  5.2181e-05
7.750  17.750  5.0453e-05
7.750  18.000  4.8395e-05
7.750  18.250  2.6420e-05
7.750  18.500  8.7243e-06
7.750  18.750  2.7984e-06
7.750  19.000  9.0535e-07
7.750  19.250  1.0000e-07
7.750  19.500  1.0000e-07
7.750  19.750  1.0000e-07
7.750  20.000  1.0000e-07
7.750  20.250  1.0000e-07
7.750  20.500  1.0000e-07
7.750  20.750  1.0000e-07
7.750  21.000  1.0000e-07
7.750  21.250  1.0000e-07
7.750  21.500  1.0000e-07
7.750  21.750  1.0000e-07
7.750  22.000  1.0000e-07
7.750  22.250  1.0000e-07
7.750  22.500  1.0000e-07
7.750  22.750  1.0000e-07
7.750  23.000  1.0000e-07
7.750  23.250  1.0000e-07
7.750  23.500  1.0000e-07
7.750  23.750  1.0000e-07
7.750  24.000  1.0000e-07
8.000  17.000  5.4403e-05
8.000  17.250  5.3909e-05
8.000  17.500  5.3086e-05
8.000  17.750  5.1852e-05
8.000  18.000  5.0288e-05
8.000  18.250  4.8313e-05
8.000  18.500  2.6502e-05
8.000  18.750  8.7243e-06
8.000  19.000  2.7984e-06
8.000  19.250  9.0535e-07
8.000  19.500  1.0000e-07
8.000  19.750  1.0000e-07
8.000  20.000  1.0000e-07
8.000  20.250  1.0000e-07
8.000  20.500  1.0000e-07
8.000  20.750  1.0000e-07
8.000  21.000  1.0000e-07
8.000  21.250  1.0000e-07
8.000  21.500  1.0000e-07
8.000  21.750  1.0000e-07
8.000  22.000  1.0000e-07
8.000  22.250  1.0000e-07
8.000  22.500  1.0000e-07
8.000  22.750  1.0000e-07
8.000  23.000  1.0000e-07
8.000  23.250  1.0000e-07
8.000  23.500  1.0000e-07
8.000  23.750  1.0000e-07
8.000  24.000  1.0000e-07
8.250  17.000  5.4897e-05
8.250  17.250  5.4815e-05
8.250  17.500  5.4239e-05
8.250  17.750  5.3416e-05
8.250  18.000  5.2181e-05
8.250  18.250  5.0700e-05
8.250  18.500  4.8724e-05
8.250  18.750  2.6667e-05
8.250  19.000  8.7243e-06
8.250  19.250  2.7984e-06
8.250  19.500  9.0535e-07
8.250  19.750  1.0000e-07
8.250  20.000  1.0000e-07
8.250  20.250  1.0000e-07
8.250  20.500  1.0000e-07
8.250  20.750  1.0000e-07
8.250  21.000  1.0000e-07
8.250  21.250  1.0000e-07
8.250  21.500  1.0000e-07
8.250  21.750  1.0000e-07
8.250  22.000  1.0000e-07
8.250  22.250  1.0000e-07
8.250  22.500  1.0000e-07
8.250  22.750  1.0000e-07
8.250  23.000  1.0000e-07
8.250  23.250  1.0000e-07
8.250  23.500  1.0000e-07
8.250  23.750  1.0000e-07
8.250  24.000  1.0000e-07
8.500  17.000  5.5638e-05
8.500  17.250  5.5638e-05
8.500  17.500  5.5473e-05
8.500  17.750  5.4897e-05
8.500  18.000  5.4074e-05
8.500  18.250  5.2840e-05
8.500  18.500  5.1358e-05
8.500  18.750  4.9383e-05
8.500  19.000  2.6831e-05
8.500  19.250  8.7243e-06
8.500  19.500  2.7984e-06
8.500  19.750  9.0535e-07
8.500  20.000  1.0000e-07
8.500  20.250  1.0000e-07
8.500  20.500  1.0000e-07
8.500  20.750  1.0000e-07
8.500  21.000  1.0000e-07
8.500  21.250  1.0000e-07
8.500  21.500  1.0000e-07
8.500  21.750  1.0000e-07
8.500  22.000  1.0000e-07
8.500  22.250  1.0000e-07
8.500  22.500  1.0000e-07
8.500  22.750  1.0000e-07
8.500  23.000  1.0000e-07
8.500  23.250  1.0000e-07
8.500  23.500  1.0000e-07
8.500  23.750  1.0000e-07
8.500  24.000  1.0000e-07
8.750  17.000  5.6708e-05
8.750  17.250  5.6790e-05
8.750  17.500  5.6626e-05
8.750  17.750  5.6379e-05
8.750  18.000  5.5802e-05
8.750  18.250  5.4897e-05
8.750  18.500  5.3580e-05
8.750  18.750  5.2099e-05
8.750  19.000  5.0123e-05
8.750  19.250  2.7078e-05
8.750  19.500  8.7243e-06
8.750  19.750  2.7984e-06
8.750  20.000  9.0535e-07
8.750  20.250  1.0000e-07
8.750  20.500  1.0000e-07
8.750  20.750  1.0000e-07
8.750  21.000  1.0000e-07
8.750  21.250  1.0000e-07
8.750  21.500  1.0000e-07
8.750  21.750  1.0000e-07
8.750  22.000  1.0000e-07
8.750  22.250  1.0000e-07
8.750  22.500  1.0000e-07
8.750  22.750  1.0000e-07
8.750  23.000  1.0000e-07
8.750  23.250  1.0000e-07
8.750  23.500  1.0000e-07
8.750  23.750  1.0000e-07
8.750  24.000  1.0000e-07
9.000  17.000  5.7778e-05
9.000  17.250  5.8107e-05
9.000  17.500  5.8107e-05
9.000  17.750  5.7860e-05
9.000  18.000  5.7531e-05
9.000  18.250  5.6790e-05
9.000  18.500  5.5720e-05
9.000  18.750  5.4321e-05
9.000  19.000  5.2757e-05
9.000  19.250  5.0700e-05
9.000  19.500  2.7160e-05
9.000  19.750  8.6420e-06
9.000  20.000  2.7984e-06
9.000  20.250  9.0535e-07
9.000  20.500  1.0000e-07
9.000  20.750  1.0000e-07
9.000  21.000  1.0000e-07
9.000  21.250  1.0000e-07
9.000  21.500  1.0000e-07
9.000  21.750  1.0000e-07
9.000  22.000  1.0000e-07
9.000  22.250  1.0000e-07
9.000  22.500  1.0000e-07
9.000  22.750  1.0000e-07
9.000  23.000  1.0000e-07
9.000  23.250  1.0000e-07
9.000  23.500  1.0000e-07
9.000  23.750  1.0000e-07
9.000  24.000  1.0000e-07
9.250  17.000  5.8683e-05
9.250  17.250  5.9177e-05
9.250  17.500  5.9506e-05
9.250  17.750  5.9506e-05
9.250  18.000  5.9177e-05
9.250  18.250  5.8683e-05
9.250  18.500  5.7778e-05
9.250  18.750  5.6461e-05
9.250  19.000  5.4979e-05
9.250  19.250  5.3251e-05
9.250  19.500  5.1193e-05
9.250  19.750  2.6996e-05
9.250  20.000  8.4774e-06
9.250  20.250  2.7160e-06
9.250  20.500  9.0535e-07
9.250  20.750  1.0000e-07
9.250  21.000  1.0000e-07
9.250  21.250  1.0000e-07
9.250  21.500  1.0000e-07
9.250  21.750  1.0000e-07
9.250  22.000  1.0000e-07
9.250  22.250  1.0000e-07
9.250  22.500  1.0000e-07
9.250  22.750  1.0000e-07
9.250  23.000  1.0000e-07
9.250  23.250  1.0000e-07
9.250  23.500  1.0000e-07
9.250  23.750  1.0000e-07
9.250  24.000  1.0000e-07
9.500  17.000  5.9342e-05
9.500  17.250  6.0329e-05
9.500  17.500  6.0823e-05
9.500  17.750  6.1152e-05
9.500  18.000  6.1070e-05
9.500  18.250  6.0658e-05
9.500  18.500  6.0000e-05
9.500  18.750  5.8848e-05
9.500  19.000  5.7366e-05
9.500  19.250  5.5556e-05
9.500  19.500  5.3827e-05
9.500  19.750  5.1687e-05
9.500  20.000  2.6914e-05
9.500  20.250  8.3128e-06
9.500  20.500  2.6337e-06
9.500  20.750  9.0535e-07
9.500  21.000  1.0000e-07
9.500  21.250  1.0000e-07
9.500  21.500  1.0000e-07
9.500  21.750  1.0000e-07
9.500  22.000  1.0000e-07
9.500  22.250  1.0000e-07
9.500  22.500  1.0000e-07
9.500  22.750  1.0000e-07
9.500  23.000  1.0000e-07
9.500  23.250  1.0000e-07
9.500  23.500  1.0000e-07
9.500  23.750  1.0000e-07
9.500  24.000  1.0000e-07
9.750  17.000  5.9095e-05
9.750  17.250  6.1564e-05
9.750  17.500  6.2634e-05
9.750  17.750  6.3128e-05
9.750  18.000  6.3374e-05
9.750  18.250  6.3210e-05
9.750  18.500  6.2716e-05
9.750  18.750  6.1728e-05
9.750  19.000  6.0247e-05
9.750  19.250  5.8519e-05
9.750  19.500  5.6790e-05
9.750  19.750  5.5062e-05
9.750  20.000  5.2675e-05
9.750  20.250  2.6914e-05
9.750  20.500  8.0658e-06
9.750  20.750  2.5514e-06
9.750  21.000  9.0535e-07
9.750  21.250  1.0000e-07
9.750  21.500  1.0000e-07
9.750  21.750  1.0000e-07
9.750  22.000  1.0000e-07
9.750  22.250  1.0000e-07
9.750  22.500  1.0000e-07
9.750  22.750  1.0000e-07
9.750  23.000  1.0000e-07
9.750  23.250  1.0000e-07
9.750  23.500  1.0000e-07
9.750  23.750  1.0000e-07
9.750  24.000  1.0000e-07
10.000  17.000  5.6379e-05
10.000  17.250  6.2305e-05
10.000  17.500  6.4938e-05
10.000  17.750  6.5844e-05
10.000  18.000  6.6337e-05
10.000  18.250  6.6502e-05
10.000  18.500  6.6173e-05
10.000  18.750  6.5432e-05
10.000  19.000  6.4033e-05
10.000  19.250  6.2305e-05
10.000  19.500  6.0412e-05
10.000  19.750  5.7473e-05
10.000  20.000  5.7037e-05
10.000  20.250  5.4568e-05
10.000  20.500  2.7243e-05
10.000  20.750  7.9835e-06
10.000  21.000  2.4691e-06
10.000  21.250  8.2305e-07
10.000  21.500  1.0000e-07
10.000  21.750  1.0000e-07
10.000  22.000  1.0000e-07
10.000  22.250  1.0000e-07
10.000  22.500  1.0000e-07
10.000  22.750  1.0000e-07
10.000  23.000  1.0000e-07
10.000  23.250  1.0000e-07
10.000  23.500  1.0000e-07
10.000  23.750  1.0000e-07
10.000  24.000  1.0000e-07
10.250  17.000  5.0782e-05
10.250  17.250  6.0412e-05
10.250  17.500  6.6831e-05
10.250  17.750  6.9383e-05
10.250  18.000  7.0206e-05
10.250  18.250  7.0370e-05
10.250  18.500  7.0288e-05
10.250  18.750  6.9712e-05
10.250  19.000  6.8560e-05
10.250  19.250  6.6914e-05
10.250  19.500  6.4938e-05
10.250  19.750  6.3045e-05
10.250  20.000  6.1564e-05
10.250  20.250  5.9918e-05
10.250  20.500  5.7366e-05
10.250  20.750  2.7901e-05
10.250  21.000  7.9012e-06
10.250  21.250  2.3868e-06
10.250  21.500  1.0000e-07
10.250  21.750  1.0000e-07
10.250  22.000  1.0000e-07
10.250  22.250  1.0000e-07
10.250  22.500  1.0000e-07
10.250  22.750  1.0000e-07
10.250  23.000  1.0000e-07
10.250  23.250  1.0000e-07
10.250  23.500  1.0000e-07
10.250  23.750  1.0000e-07
10.250  24.000  1.0000e-07
10.500  17.000  4.2058e-05
10.500  17.250  5.4733e-05
10.500  17.500  6.5514e-05
10.500  17.750  7.2181e-05
10.500  18.000  7.4568e-05
10.500  18.250  7.4815e-05
10.500  18.500  7.4568e-05
10.500  18.750  7.4074e-05
10.500  19.000  7.3169e-05
10.500  19.250  7.1770e-05
10.500  19.500  6.9959e-05
10.500  19.750  6.7984e-05
10.500  20.000  6.6420e-05
10.500  20.250  6.4938e-05
10.500  20.500  6.3457e-05
10.500  20.750  6.0988e-05
10.500  21.000  2.8807e-05
10.500  21.250  7.9012e-06
10.500  21.500  2.3045e-06
10.500  21.750  1.0000e-07
10.500  22.000  1.0000e-07
10.500  22.250  1.0000e-07
10.500  22.500  1.0000e-07
10.500  22.750  1.0000e-07
10.500  23.000  1.0000e-07
10.500  23.250  1.0000e-07
10.500  23.500  1.0000e-07
10.500  23.750  1.0000e-07
10.500  24.000  1.0000e-07
10.750  17.000  3.2346e-05
10.750  17.250  4.4691e-05
10.750  17.500  5.9177e-05
10.750  17.750  7.1193e-05
10.750  18.000  7.7366e-05
10.750  18.250  7.8848e-05
10.750  18.500  7.8436e-05
10.750  18.750  7.7778e-05
10.750  19.000  7.7119e-05
10.750  19.250  7.6049e-05
10.750  19.500  7.4403e-05
10.750  19.750  7.2428e-05
10.750  20.000  7.0617e-05
10.750  20.250  6.9465e-05
10.750  20.500  6.8313e-05
10.750  20.750  6.7572e-05
10.750  21.000  6.5679e-05
10.750  21.250  2.9630e-05
10.750  21.500  7.9835e-06
10.750  21.750  2.3045e-06
10.750  22.000  1.0000e-07
10.750  22.250  1.0000e-07
10.750  22.500  1.0000e-07
10.750  22.750  1.0000e-07
10.750  23.000  1.0000e-07
10.750  23.250  1.0000e-07
10.750  23.500  1.0000e-07
10.750  23.750  1.0000e-07
10.750  24.000  1.0000e-07
11.000  17.000  2.3539e-05
11.000  17.250  3.2922e-05
11.000  17.500  4.6831e-05
11.000  17.750  6.3457e-05
11.000  18.000  7.5062e-05
11.000  18.250  8.0000e-05
11.000  18.500  8.0988e-05
11.000  18.750  8.0412e-05
11.000  19.000  7.9835e-05
11.000  19.250  7.8930e-05
11.000  19.500  7.7613e-05
11.000  19.750  7.5885e-05
11.000  20.000  7.3992e-05
11.000  20.250  7.2428e-05
11.000  20.500  7.1934e-05
11.000  20.750  7.1687e-05
11.000  21.000  7.3004e-05
11.000  21.250  7.3004e-05
11.000  21.500  3.0288e-05
11.000  21.750  8.1481e-06
11.000  22.000  2.3045e-06
11.000  22.250  1.0000e-07
11.000  22.500  1.0000e-07
11.000  22.750  1.0000e-07
11.000  23.000  1.0000e-07
11.000  23.250  1.0000e-07
11.000  23.500  1.0000e-07
11.000  23.750  1.0000e-07
11.000  24.000  1.0000e-07
11.250  17.000  1.6543e-05
11.250  17.250  2.2469e-05
11.250  17.500  3.2181e-05
11.250  17.750  4.7984e-05
11.250  18.000  6.4856e-05
11.250  18.250  7.5556e-05
11.250  18.500  8.0165e-05
11.250  18.750  8.1235e-05
11.250  19.000  8.0741e-05
11.250  19.250  8.0082e-05
11.250  19.500  7.9095e-05
11.250  19.750  7.7531e-05
11.250  20.000  7.5802e-05
11.250  20.250  7.4156e-05
11.250  20.500  7.3333e-05
11.250  20.750  7.4321e-05
11.250  21.000  7.6708e-05
11.250  21.250  8.2716e-05
11.250  21.500  8.2716e-05
11.250  21.750  3.0288e-05
11.250  22.000  8.1481e-06
11.250  22.250  2.3045e-06
11.250  22.500  1.0000e-07
11.250  22.750  1.0000e-07
11.250  23.000  1.0000e-07
11.250  23.250  1.0000e-07
11.250  23.500  1.0000e-07
11.250  23.750  1.0000e-07
11.250  24.000  1.0000e-07
11.500  17.000  1.1358e-05
11.500  17.250  1.4650e-05
11.500  17.500  2.0082e-05
11.500  17.750  3.0700e-05
11.500  18.000  4.7160e-05
11.500  18.250  6.3704e-05
11.500  18.500  7.4239e-05
11.500  18.750  7.8765e-05
11.500  19.000  7.9671e-05
11.500  19.250  7.9259e-05
11.500  19.500  7.8519e-05
11.500  19.750  7.7366e-05
11.500  20.000  7.5802e-05
11.500  20.250  7.4239e-05
11.500  20.500  7.3333e-05
11.500  20.750  7.4403e-05
11.500  21.000  7.9259e-05
11.500  21.250  8.6337e-05
11.500  21.500  9.8436e-05
11.500  21.750  8.8477e-05
11.500  22.000  2.9794e-05
11.500  22.250  8.1481e-06
11.500  22.500  2.3045e-06
11.500  22.750  1.0000e-07
11.500  23.000  1.0000e-07
11.500  23.250  1.0000e-07
11.500  23.500  1.0000e-07
11.500  23.750  1.0000e-07
11.500  24.000  1.0000e-07
11.750  17.000  7.7366e-06
11.750  17.250  9.3827e-06
11.750  17.500  1.1934e-05
11.750  17.750  1.7531e-05
11.750  18.000  2.8724e-05
11.750  18.250  4.5761e-05
11.750  18.500  6.2140e-05
11.750  18.750  7.1605e-05
11.750  19.000  7.5638e-05
11.750  19.250  7.6379e-05
11.750  19.500  7.5967e-05
11.750  19.750  7.5062e-05
11.750  20.000  7.3909e-05
11.750  20.250  7.2510e-05
11.750  20.500  7.1440e-05
11.750  20.750  7.2757e-05
11.750  21.000  8.0000e-05
11.750  21.250  9.0288e-05
11.750  21.500  1.0173e-04
11.750  21.750  1.1580e-04
11.750  22.000  8.2305e-05
11.750  22.250  2.8560e-05
11.750  22.500  8.0658e-06
11.750  22.750  2.3045e-06
11.750  23.000  1.0000e-07
11.750  23.250  1.0000e-07
11.750  23.500  1.0000e-07
11.750  23.750  1.0000e-07
11.750  24.000  1.0000e-07
12.000  17.000  5.1852e-06
12.000  17.250  6.0082e-06
12.000  17.500  7.1605e-06
12.000  17.750  9.6296e-06
12.000  18.000  1.5556e-05
12.000  18.250  2.7654e-05
12.000  18.500  4.4609e-05
12.000  18.750  5.9588e-05
12.000  19.000  6.7654e-05
12.000  19.250  7.1111e-05
12.000  19.500  7.1687e-05
12.000  19.750  7.1111e-05
12.000  20.000  7.0123e-05
12.000  20.250  6.8807e-05
12.000  20.500  6.7490e-05
12.000  20.750  6.9218e-05
12.000  21.000  7.9012e-05
12.000  21.250  9.3745e-05
12.000  21.500  1.0626e-04
12.000  21.750  1.1901e-04
12.000  22.000  1.2782e-04
12.000  22.250  7.2346e-05
12.000  22.500  2.6584e-05
12.000  22.750  7.8189e-06
12.000  23.000  2.3868e-06
12.000  23.250  1.0000e-07
12.000  23.500  1.0000e-07
12.000  23.750  1.0000e-07
12.000  24.000  1.0000e-07
12.250  17.000  3.4568e-06
12.250  17.250  3.8683e-06
12.250  17.500  4.3621e-06
12.250  17.750  5.4321e-06
12.250  18.000  8.2305e-06
12.250  18.250  1.4815e-05
12.250  18.500  2.7490e-05
12.250  18.750  4.3292e-05
12.250  19.000  5.5062e-05
12.250  19.250  6.2140e-05
12.250  19.500  6.5267e-05
12.250  19.750  6.5761e-05
12.250  20.000  6.5103e-05
12.250  20.250  6.3539e-05
12.250  20.500  6.2305e-05
12.250  20.750  6.4856e-05
12.250  21.000  7.4486e-05
12.250  21.250  9.2510e-05
12.250  21.500  1.1267e-04
12.250  21.750  1.2395e-04
12.250  22.000  1.4115e-04
12.250  22.250  1.3095e-04
12.250  22.500  6.3210e-05
12.250  22.750  2.4280e-05
12.250  23.000  7.4897e-06
12.250  23.250  2.3868e-06
12.250  23.500  1.0000e-07
12.250  23.750  1.0000e-07
12.250  24.000  1.0000e-07
12.500  17.000  2.3045e-06
12.500  17.250  2.5514e-06
12.500  17.500  2.7984e-06
12.500  17.750  3.2099e-06
12.500  18.000  4.4444e-06
12.500  18.250  7.4897e-06
12.500  18.500  1.4815e-05
12.500  18.750  2.7325e-05
12.500  19.000  4.0000e-05
12.500  19.250  4.9383e-05
12.500  19.500  5.5226e-05
12.500  19.750  5.8683e-05
12.500  20.000  5.9506e-05
12.500  20.250  5.8189e-05
12.500  20.500  5.6872e-05
12.500  20.750  5.8848e-05
12.500  21.000  7.0123e-05
12.500  21.250  9.4815e-05
12.500  21.500  1.1761e-04
12.500  21.750  1.3416e-04
12.500  22.000  1.4807e-04
12.500  22.250  1.6206e-04
12.500  22.500  1.2560e-04
12.500  22.750  5.5967e-05
12.500  23.000  2.1646e-05
12.500  23.250  7.0782e-06
12.500  23.500  2.3868e-06
12.500  23.750  1.0000e-07
12.500  24.000  1.0000e-07
12.750  17.000  1.4815e-06
12.750  17.250  1.6461e-06
12.750  17.500  1.8107e-06
12.750  17.750  1.9753e-06
12.750  18.000  2.5514e-06
12.750  18.250  3.8683e-06
12.750  18.500  7.3251e-06
12.750  18.750  1.4815e-05
12.750  19.000  2.5350e-05
12.750  19.250  3.5473e-05
12.750  19.500  4.2634e-05
12.750  19.750  4.7325e-05
12.750  20.000  5.0864e-05
12.750  20.250  5.2840e-05
12.750  20.500  5.2181e-05
12.750  20.750  5.3251e-05
12.750  21.000  6.2551e-05
12.750  21.250  8.4856e-05
12.750  21.500  1.1144e-04
12.750  21.750  1.4395e-04
12.750  22.000  1.6082e-04
12.750  22.250  1.7490e-04
12.750  22.500  1.8107e-04
12.750  22.750  1.1523e-04
12.750  23.000  4.8560e-05
12.750  23.250  1.9095e-05
12.750  23.500  6.5021e-06
12.750  23.750  2.3868e-06
12.750  24.000  1.0000e-07
13.000  17.000  9.8765e-07
13.000  17.250  1.0700e-06
13.000  17.500  1.1523e-06
13.000  17.750  1.2346e-06
13.000  18.000  1.4815e-06
13.000  18.250  2.0576e-06
13.000  18.500  3.5391e-06
13.000  18.750  7.1605e-06
13.000  19.000  1.3580e-05
13.000  19.250  2.1564e-05
13.000  19.500  2.8230e-05
13.000  19.750  3.4239e-05
13.000  20.000  3.9177e-05
13.000  20.250  4.3210e-05
13.000  20.500  4.7572e-05
13.000  20.750  5.1358e-05
13.000  21.000  5.9918e-05
13.000  21.250  8.0658e-05
13.000  21.500  1.1169e-04
13.000  21.750  1.3638e-04
13.000  22.000  1.5654e-04
13.000  22.250  1.9226e-04
13.000  22.500  2.0724e-04
13.000  22.750  1.7490e-04
13.000  23.000  1.0247e-04
13.000  23.250  4.2469e-05
13.000  23.500  1.6379e-05
13.000  23.750  6.0082e-06
13.000  24.000  2.3045e-06
13.250  17.000  1.0000e-07
13.250  17.250  1.0000e-07
13.250  17.500  1.0000e-07
13.250  17.750  1.0000e-07
13.250  18.000  9.0535e-07
13.250  18.250  1.1523e-06
13.250  18.500  1.8107e-06
13.250  18.750  3.2099e-06
13.250  19.000  6.0905e-06
13.250  19.250  1.0700e-05
13.250  19.500  1.5967e-05
13.250  19.750  2.1728e-05
13.250  20.000  2.6996e-05
13.250  20.250  3.0041e-05
13.250  20.500  3.4733e-05
13.250  20.750  4.3868e-05
13.250  21.000  5.2922e-05
13.250  21.250  6.8560e-05
13.250  21.500  8.0988e-05
13.250  21.750  1.0181e-04
13.250  22.000  1.3580e-04
13.250  22.250  1.5959e-04
13.250  22.500  1.9547e-04
13.250  22.750  1.8477e-04
13.250  23.000  1.4486e-04
13.250  23.250  8.8971e-05
13.250  23.500  3.7202e-05
13.250  23.750  1.4568e-05
13.250  24.000  5.7613e-06
13.500  17.000  1.0000e-07
13.500  17.250  1.0000e-07
13.500  17.500  1.0000e-07
13.500  17.750  1.0000e-07
13.500  18.000  1.0000e-07
13.500  18.250  1.0000e-07
13.500  18.500  9.8765e-07
13.500  18.750  1.4815e-06
13.500  19.000  2.5514e-06
13.500  19.250  4.3621e-06
13.500  19.500  6.9959e-06
13.500  19.750  1.0370e-05
13.500  20.000  1.3416e-05
13.500  20.250  1.7778e-05
13.500  20.500  2.0000e-05
13.500  20.750  2.5844e-05
13.500  21.000  3.2099e-05
13.500  21.250  4.5103e-05
13.500  21.500  4.9383e-05
13.500  21.750  6.3951e-05
13.500  22.000  8.9712e-05
13.500  22.250  1.1432e-04
13.500  22.500  1.2988e-04
13.500  22.750  1.7473e-04
13.500  23.000  1.5391e-04
13.500  23.250  1.2922e-04
13.500  23.500  7.6296e-05
13.500  23.750  3.2757e-05
13.500  24.000  1.3086e-05
13.750  17.000  1.0000e-07
13.750  17.250  1.0000e-07
13.750  17.500  1.0000e-07
13.750  17.750  1.0000e-07
13.750  18.000  1.0000e-07
13.750  18.250  1.0000e-07
13.750  18.500  1.0000e-07
13.750  18.750  1.0000e-07
13.750  19.000  1.0700e-06
13.750  19.250  1.6461e-06
13.750  19.500  2.4691e-06
13.750  19.750  3.7037e-06
13.750  20.000  5.2675e-06
13.750  20.250  6.8313e-06
13.750  20.500  8.8889e-06
13.750  20.750  1.1029e-05
13.750  21.000  1.3992e-05
13.750  21.250  1.6132e-05
13.750  21.500  2.2798e-05
13.750  21.750  2.7737e-05
13.750  22.000  3.7366e-05
13.750  22.250  5.6132e-05
13.750  22.500  8.5267e-05
13.750  22.750  1.2148e-04
13.750  23.000  1.2412e-04
13.750  23.250  1.2148e-04
13.750  23.500  1.0576e-04
13.750  23.750  6.3128e-05
13.750  24.000  2.8395e-05
14.000  17.000  1.0000e-07
14.000  17.250  1.0000e-07
14.000  17.500  1.0000e-07
14.000  17.750  1.0000e-07
14.000  18.000  1.0000e-07
14.000  18.250  1.0000e-07
14.000  18.500  1.0000e-07
14.000  18.750  1.0000e-07
14.000  19.000  1.0000e-07
14.000  19.250  1.0000e-07
14.000  19.500  9.0535e-07
14.000  19.750  1.1523e-06
14.000  20.000  1.6461e-06
14.000  20.250  2.2222e-06
14.000  20.500  2.7984e-06
14.000  20.750  3.4568e-06
14.000  21.000  4.4444e-06
14.000  21.250  6.0082e-06
14.000  21.500  7.1605e-06
14.000  21.750  9.8765e-06
14.000  22.000  1.4156e-05
14.000  22.250  2.4115e-05
14.000  22.500  4.2305e-05
14.000  22.750  7.6626e-05
14.000  23.000  9.8025e-05
14.000  23.250  1.0593e-04
14.000  23.500  1.0626e-04
14.000  23.750  8.8889e-05
14.000  24.000  5.3004e-05
