Ne 8 770.404A  relative to Inci 1215.00A scaled to 1215A.
Hden   Phi(H)  Eq_Width (A)
7.000  17.000  2.1260e-03
7.000  17.250  9.0442e-03
7.000  17.500  2.6181e-02
7.000  17.750  3.1066e-02
7.000  18.000  9.9615e-03
7.000  18.250  1.5944e-03
7.000  18.500  2.4049e-04
7.000  18.750  4.0247e-05
7.000  19.000  2.7160e-06
7.000  19.250  1.0000e-07
7.000  19.500  1.0000e-07
7.000  19.750  1.0000e-07
7.000  20.000  1.0000e-07
7.000  20.250  1.0000e-07
7.000  20.500  1.0000e-07
7.000  20.750  1.0000e-07
7.000  21.000  1.0000e-07
7.000  21.250  1.0000e-07
7.000  21.500  1.0000e-07
7.000  21.750  1.0000e-07
7.000  22.000  1.0000e-07
7.000  22.250  1.0000e-07
7.000  22.500  1.0000e-07
7.000  22.750  1.0000e-07
7.000  23.000  1.0000e-07
7.000  23.250  1.0000e-07
7.000  23.500  1.0000e-07
7.000  23.750  1.0000e-07
7.000  24.000  1.0000e-07
7.250  17.000  4.7440e-04
7.250  17.250  2.1853e-03
7.250  17.500  9.2980e-03
7.250  17.750  2.6805e-02
7.250  18.000  3.1414e-02
7.250  18.250  1.0006e-02
7.250  18.500  1.5980e-03
7.250  18.750  2.4058e-04
7.250  19.000  4.0247e-05
7.250  19.250  2.7160e-06
7.250  19.500  1.0000e-07
7.250  19.750  1.0000e-07
7.250  20.000  1.0000e-07
7.250  20.250  1.0000e-07
7.250  20.500  1.0000e-07
7.250  20.750  1.0000e-07
7.250  21.000  1.0000e-07
7.250  21.250  1.0000e-07
7.250  21.500  1.0000e-07
7.250  21.750  1.0000e-07
7.250  22.000  1.0000e-07
7.250  22.250  1.0000e-07
7.250  22.500  1.0000e-07
7.250  22.750  1.0000e-07
7.250  23.000  1.0000e-07
7.250  23.250  1.0000e-07
7.250  23.500  1.0000e-07
7.250  23.750  1.0000e-07
7.250  24.000  1.0000e-07
7.500  17.000  1.7588e-04
7.500  17.250  4.8667e-04
7.500  17.500  2.2398e-03
7.500  17.750  9.5469e-03
7.500  18.000  2.7464e-02
7.500  18.250  3.1908e-02
7.500  18.500  1.0041e-02
7.500  18.750  1.5995e-03
7.500  19.000  2.4058e-04
7.500  19.250  4.0247e-05
7.500  19.500  2.7160e-06
7.500  19.750  1.0000e-07
7.500  20.000  1.0000e-07
7.500  20.250  1.0000e-07
7.500  20.500  1.0000e-07
7.500  20.750  1.0000e-07
7.500  21.000  1.0000e-07
7.500  21.250  1.0000e-07
7.500  21.500  1.0000e-07
7.500  21.750  1.0000e-07
7.500  22.000  1.0000e-07
7.500  22.250  1.0000e-07
7.500  22.500  1.0000e-07
7.500  22.750  1.0000e-07
7.500  23.000  1.0000e-07
7.500  23.250  1.0000e-07
7.500  23.500  1.0000e-07
7.500  23.750  1.0000e-07
7.500  24.000  1.0000e-07
7.750  17.000  7.1523e-05
7.750  17.250  1.7984e-04
7.750  17.500  4.9687e-04
7.750  17.750  2.2878e-03
7.750  18.000  9.7961e-03
7.750  18.250  2.8168e-02
7.750  18.500  3.2404e-02
7.750  18.750  1.0090e-02
7.750  19.000  1.6010e-03
7.750  19.250  2.4066e-04
7.750  19.500  4.0329e-05
7.750  19.750  2.7160e-06
7.750  20.000  1.0000e-07
7.750  20.250  1.0000e-07
7.750  20.500  1.0000e-07
7.750  20.750  1.0000e-07
7.750  21.000  1.0000e-07
7.750  21.250  1.0000e-07
7.750  21.500  1.0000e-07
7.750  21.750  1.0000e-07
7.750  22.000  1.0000e-07
7.750  22.250  1.0000e-07
7.750  22.500  1.0000e-07
7.750  22.750  1.0000e-07
7.750  23.000  1.0000e-07
7.750  23.250  1.0000e-07
7.750  23.500  1.0000e-07
7.750  23.750  1.0000e-07
7.750  24.000  1.0000e-07
8.000  17.000  3.2510e-05
8.000  17.250  7.2675e-05
8.000  17.500  1.8272e-04
8.000  17.750  5.0469e-04
8.000  18.000  2.3287e-03
8.000  18.250  1.0034e-02
8.000  18.500  2.8931e-02
8.000  18.750  3.2877e-02
8.000  19.000  1.0133e-02
8.000  19.250  1.6031e-03
8.000  19.500  2.4066e-04
8.000  19.750  4.0329e-05
8.000  20.000  2.7160e-06
8.000  20.250  1.0000e-07
8.000  20.500  1.0000e-07
8.000  20.750  1.0000e-07
8.000  21.000  1.0000e-07
8.000  21.250  1.0000e-07
8.000  21.500  1.0000e-07
8.000  21.750  1.0000e-07
8.000  22.000  1.0000e-07
8.000  22.250  1.0000e-07
8.000  22.500  1.0000e-07
8.000  22.750  1.0000e-07
8.000  23.000  1.0000e-07
8.000  23.250  1.0000e-07
8.000  23.500  1.0000e-07
8.000  23.750  1.0000e-07
8.000  24.000  1.0000e-07
8.250  17.000  8.8889e-06
8.250  17.250  3.3004e-05
8.250  17.500  7.3580e-05
8.250  17.750  1.8502e-04
8.250  18.000  5.1045e-04
8.250  18.250  2.3663e-03
8.250  18.500  1.0285e-02
8.250  18.750  2.9761e-02
8.250  19.000  3.3516e-02
8.250  19.250  1.0175e-02
8.250  19.500  1.6075e-03
8.250  19.750  2.4066e-04
8.250  20.000  4.0329e-05
8.250  20.250  2.7160e-06
8.250  20.500  1.0000e-07
8.250  20.750  1.0000e-07
8.250  21.000  1.0000e-07
8.250  21.250  1.0000e-07
8.250  21.500  1.0000e-07
8.250  21.750  1.0000e-07
8.250  22.000  1.0000e-07
8.250  22.250  1.0000e-07
8.250  22.500  1.0000e-07
8.250  22.750  1.0000e-07
8.250  23.000  1.0000e-07
8.250  23.250  1.0000e-07
8.250  23.500  1.0000e-07
8.250  23.750  1.0000e-07
8.250  24.000  1.0000e-07
8.500  17.000  1.0700e-06
8.500  17.250  9.0535e-06
8.500  17.500  3.3333e-05
8.500  17.750  7.4239e-05
8.500  18.000  1.8609e-04
8.500  18.250  5.1416e-04
8.500  18.500  2.3990e-03
8.500  18.750  1.0546e-02
8.500  19.000  3.0690e-02
8.500  19.250  3.4124e-02
8.500  19.500  1.0213e-02
8.500  19.750  1.6072e-03
8.500  20.000  2.4058e-04
8.500  20.250  4.0329e-05
8.500  20.500  2.7160e-06
8.500  20.750  1.0000e-07
8.500  21.000  1.0000e-07
8.500  21.250  1.0000e-07
8.500  21.500  1.0000e-07
8.500  21.750  1.0000e-07
8.500  22.000  1.0000e-07
8.500  22.250  1.0000e-07
8.500  22.500  1.0000e-07
8.500  22.750  1.0000e-07
8.500  23.000  1.0000e-07
8.500  23.250  1.0000e-07
8.500  23.500  1.0000e-07
8.500  23.750  1.0000e-07
8.500  24.000  1.0000e-07
8.750  17.000  1.0000e-07
8.750  17.250  1.0700e-06
8.750  17.500  9.1358e-06
8.750  17.750  3.3498e-05
8.750  18.000  7.4568e-05
8.750  18.250  1.8634e-04
8.750  18.500  5.1580e-04
8.750  18.750  2.4277e-03
8.750  19.000  1.0819e-02
8.750  19.250  3.1684e-02
8.750  19.500  3.4877e-02
8.750  19.750  1.0242e-02
8.750  20.000  1.6093e-03
8.750  20.250  2.4058e-04
8.750  20.500  4.0329e-05
8.750  20.750  2.7160e-06
8.750  21.000  1.0000e-07
8.750  21.250  1.0000e-07
8.750  21.500  1.0000e-07
8.750  21.750  1.0000e-07
8.750  22.000  1.0000e-07
8.750  22.250  1.0000e-07
8.750  22.500  1.0000e-07
8.750  22.750  1.0000e-07
8.750  23.000  1.0000e-07
8.750  23.250  1.0000e-07
8.750  23.500  1.0000e-07
8.750  23.750  1.0000e-07
8.750  24.000  1.0000e-07
9.000  17.000  1.0000e-07
9.000  17.250  1.0000e-07
9.000  17.500  1.0700e-06
9.000  17.750  9.3004e-06
9.000  18.000  3.3663e-05
9.000  18.250  7.4650e-05
9.000  18.500  1.8593e-04
9.000  18.750  5.1572e-04
9.000  19.000  2.4495e-03
9.000  19.250  1.1092e-02
9.000  19.500  3.2708e-02
9.000  19.750  3.5263e-02
9.000  20.000  1.0274e-02
9.000  20.250  1.6117e-03
9.000  20.500  2.4058e-04
9.000  20.750  4.0412e-05
9.000  21.000  2.7160e-06
9.000  21.250  1.0000e-07
9.000  21.500  1.0000e-07
9.000  21.750  1.0000e-07
9.000  22.000  1.0000e-07
9.000  22.250  1.0000e-07
9.000  22.500  1.0000e-07
9.000  22.750  1.0000e-07
9.000  23.000  1.0000e-07
9.000  23.250  1.0000e-07
9.000  23.500  1.0000e-07
9.000  23.750  1.0000e-07
9.000  24.000  1.0000e-07
9.250  17.000  1.0000e-07
9.250  17.250  1.0000e-07
9.250  17.500  1.0000e-07
9.250  17.750  1.1523e-06
9.250  18.000  9.3827e-06
9.250  18.250  3.3745e-05
9.250  18.500  7.4568e-05
9.250  18.750  1.8494e-04
9.250  19.000  5.1333e-04
9.250  19.250  2.4623e-03
9.250  19.500  1.1365e-02
9.250  19.750  3.3701e-02
9.250  20.000  3.5853e-02
9.250  20.250  1.0297e-02
9.250  20.500  1.6160e-03
9.250  20.750  2.4066e-04
9.250  21.000  4.0412e-05
9.250  21.250  2.7160e-06
9.250  21.500  1.0000e-07
9.250  21.750  1.0000e-07
9.250  22.000  1.0000e-07
9.250  22.250  1.0000e-07
9.250  22.500  1.0000e-07
9.250  22.750  1.0000e-07
9.250  23.000  1.0000e-07
9.250  23.250  1.0000e-07
9.250  23.500  1.0000e-07
9.250  23.750  1.0000e-07
9.250  24.000  1.0000e-07
9.500  17.000  1.0000e-07
9.500  17.250  1.0000e-07
9.500  17.500  1.0000e-07
9.500  17.750  1.0000e-07
9.500  18.000  1.1523e-06
9.500  18.250  9.3827e-06
9.500  18.500  3.3745e-05
9.500  18.750  7.4239e-05
9.500  19.000  1.8321e-04
9.500  19.250  5.1037e-04
9.500  19.500  2.4737e-03
9.500  19.750  1.1677e-02
9.500  20.000  3.4619e-02
9.500  20.250  3.6475e-02
9.500  20.500  1.0325e-02
9.500  20.750  1.6239e-03
9.500  21.000  2.4156e-04
9.500  21.250  4.0494e-05
9.500  21.500  2.7160e-06
9.500  21.750  1.0000e-07
9.500  22.000  1.0000e-07
9.500  22.250  1.0000e-07
9.500  22.500  1.0000e-07
9.500  22.750  1.0000e-07
9.500  23.000  1.0000e-07
9.500  23.250  1.0000e-07
9.500  23.500  1.0000e-07
9.500  23.750  1.0000e-07
9.500  24.000  1.0000e-07
9.750  17.000  1.0000e-07
9.750  17.250  1.0000e-07
9.750  17.500  1.0000e-07
9.750  17.750  1.0000e-07
9.750  18.000  1.0000e-07
9.750  18.250  1.1523e-06
9.750  18.500  9.4650e-06
9.750  18.750  3.3745e-05
9.750  19.000  7.3992e-05
9.750  19.250  1.8189e-04
9.750  19.500  5.0798e-04
9.750  19.750  2.4918e-03
9.750  20.000  1.2024e-02
9.750  20.250  3.5488e-02
9.750  20.500  3.7028e-02
9.750  20.750  1.0365e-02
9.750  21.000  1.6269e-03
9.750  21.250  2.4074e-04
9.750  21.500  4.0494e-05
9.750  21.750  2.7160e-06
9.750  22.000  1.0000e-07
9.750  22.250  1.0000e-07
9.750  22.500  1.0000e-07
9.750  22.750  1.0000e-07
9.750  23.000  1.0000e-07
9.750  23.250  1.0000e-07
9.750  23.500  1.0000e-07
9.750  23.750  1.0000e-07
9.750  24.000  1.0000e-07
10.000  17.000  1.0000e-07
10.000  17.250  1.0000e-07
10.000  17.500  1.0000e-07
10.000  17.750  1.0000e-07
10.000  18.000  1.0000e-07
10.000  18.250  1.0000e-07
10.000  18.500  1.1523e-06
10.000  18.750  9.3827e-06
10.000  19.000  3.3663e-05
10.000  19.250  7.3827e-05
10.000  19.500  1.8058e-04
10.000  19.750  5.0535e-04
10.000  20.000  2.5591e-03
10.000  20.250  1.2485e-02
10.000  20.500  3.6508e-02
10.000  20.750  3.7522e-02
10.000  21.000  1.0398e-02
10.000  21.250  1.6323e-03
10.000  21.500  2.4049e-04
10.000  21.750  4.0494e-05
10.000  22.000  2.7160e-06
10.000  22.250  1.0000e-07
10.000  22.500  1.0000e-07
10.000  22.750  1.0000e-07
10.000  23.000  1.0000e-07
10.000  23.250  1.0000e-07
10.000  23.500  1.0000e-07
10.000  23.750  1.0000e-07
10.000  24.000  1.0000e-07
10.250  17.000  1.0000e-07
10.250  17.250  1.0000e-07
10.250  17.500  1.0000e-07
10.250  17.750  1.0000e-07
10.250  18.000  1.0000e-07
10.250  18.250  1.0000e-07
10.250  18.500  1.0000e-07
10.250  18.750  1.1523e-06
10.250  19.000  9.3827e-06
10.250  19.250  3.3663e-05
10.250  19.500  7.3745e-05
10.250  19.750  1.8025e-04
10.250  20.000  5.1152e-04
10.250  20.250  2.6529e-03
10.250  20.500  1.3202e-02
10.250  20.750  3.7796e-02
10.250  21.000  3.8011e-02
10.250  21.250  1.0320e-02
10.250  21.500  1.6391e-03
10.250  21.750  2.4058e-04
10.250  22.000  4.0576e-05
10.250  22.250  2.7160e-06
10.250  22.500  1.0000e-07
10.250  22.750  1.0000e-07
10.250  23.000  1.0000e-07
10.250  23.250  1.0000e-07
10.250  23.500  1.0000e-07
10.250  23.750  1.0000e-07
10.250  24.000  1.0000e-07
10.500  17.000  1.0000e-07
10.500  17.250  1.0000e-07
10.500  17.500  1.0000e-07
10.500  17.750  1.0000e-07
10.500  18.000  1.0000e-07
10.500  18.250  1.0000e-07
10.500  18.500  1.0000e-07
10.500  18.750  1.0000e-07
10.500  19.000  1.2346e-06
10.500  19.250  9.4650e-06
10.500  19.500  3.3745e-05
10.500  19.750  7.4156e-05
10.500  20.000  1.8181e-04
10.500  20.250  5.3012e-04
10.500  20.500  2.8507e-03
10.500  20.750  1.4419e-02
10.500  21.000  3.9460e-02
10.500  21.250  3.8595e-02
10.500  21.500  1.0409e-02
10.500  21.750  1.6509e-03
10.500  22.000  2.4074e-04
10.500  22.250  4.0576e-05
10.500  22.500  2.7160e-06
10.500  22.750  1.0000e-07
10.500  23.000  1.0000e-07
10.500  23.250  1.0000e-07
10.500  23.500  1.0000e-07
10.500  23.750  1.0000e-07
10.500  24.000  1.0000e-07
10.750  17.000  1.0000e-07
10.750  17.250  1.0000e-07
10.750  17.500  1.0000e-07
10.750  17.750  1.0000e-07
10.750  18.000  1.0000e-07
10.750  18.250  1.0000e-07
10.750  18.500  1.0000e-07
10.750  18.750  1.0000e-07
10.750  19.000  1.0000e-07
10.750  19.250  1.2346e-06
10.750  19.500  9.5473e-06
10.750  19.750  3.3909e-05
10.750  20.000  7.5473e-05
10.750  20.250  1.8568e-04
10.750  20.500  5.7440e-04
10.750  20.750  3.1942e-03
10.750  21.000  1.5972e-02
10.750  21.250  4.1902e-02
10.750  21.500  3.9246e-02
10.750  21.750  1.0515e-02
10.750  22.000  1.6949e-03
10.750  22.250  2.4091e-04
10.750  22.500  4.0658e-05
10.750  22.750  2.7160e-06
10.750  23.000  1.0000e-07
10.750  23.250  1.0000e-07
10.750  23.500  1.0000e-07
10.750  23.750  1.0000e-07
10.750  24.000  1.0000e-07
11.000  17.000  1.0000e-07
11.000  17.250  1.0000e-07
11.000  17.500  1.0000e-07
11.000  17.750  1.0000e-07
11.000  18.000  1.0000e-07
11.000  18.250  1.0000e-07
11.000  18.500  1.0000e-07
11.000  18.750  1.0000e-07
11.000  19.000  1.0000e-07
11.000  19.250  1.0000e-07
11.000  19.500  1.3169e-06
11.000  19.750  9.7942e-06
11.000  20.000  3.4733e-05
11.000  20.250  7.8189e-05
11.000  20.500  1.9737e-04
11.000  20.750  6.5416e-04
11.000  21.000  3.7515e-03
11.000  21.250  1.7996e-02
11.000  21.500  4.4775e-02
11.000  21.750  3.9896e-02
11.000  22.000  1.0667e-02
11.000  22.250  1.7184e-03
11.000  22.500  2.4107e-04
11.000  22.750  4.0741e-05
11.000  23.000  2.7160e-06
11.000  23.250  1.0000e-07
11.000  23.500  1.0000e-07
11.000  23.750  1.0000e-07
11.000  24.000  1.0000e-07
11.250  17.000  1.0000e-07
11.250  17.250  1.0000e-07
11.250  17.500  1.0000e-07
11.250  17.750  1.0000e-07
11.250  18.000  1.0000e-07
11.250  18.250  1.0000e-07
11.250  18.500  1.0000e-07
11.250  18.750  1.0000e-07
11.250  19.000  1.0000e-07
11.250  19.250  1.0000e-07
11.250  19.500  1.0000e-07
11.250  19.750  1.3992e-06
11.250  20.000  1.0288e-05
11.250  20.250  3.6049e-05
11.250  20.500  8.3539e-05
11.250  20.750  2.2132e-04
11.250  21.000  8.2963e-04
11.250  21.250  4.7665e-03
11.250  21.500  2.0850e-02
11.250  21.750  4.7266e-02
11.250  22.000  4.0138e-02
11.250  22.250  1.0864e-02
11.250  22.500  1.7279e-03
11.250  22.750  2.4132e-04
11.250  23.000  4.0823e-05
11.250  23.250  2.7160e-06
11.250  23.500  1.0000e-07
11.250  23.750  1.0000e-07
11.250  24.000  1.0000e-07
11.500  17.000  1.0000e-07
11.500  17.250  1.0000e-07
11.500  17.500  1.0000e-07
11.500  17.750  1.0000e-07
11.500  18.000  1.0000e-07
11.500  18.250  1.0000e-07
11.500  18.500  1.0000e-07
11.500  18.750  1.0000e-07
11.500  19.000  1.0000e-07
11.500  19.250  1.0000e-07
11.500  19.500  1.0000e-07
11.500  19.750  1.0000e-07
11.500  20.000  1.5638e-06
11.500  20.250  1.0947e-05
11.500  20.500  3.8354e-05
11.500  20.750  9.3251e-05
11.500  21.000  2.7086e-04
11.500  21.250  1.1077e-03
11.500  21.500  6.2059e-03
11.500  21.750  2.4286e-02
11.500  22.000  4.9430e-02
11.500  22.250  3.9854e-02
11.500  22.500  1.1040e-02
11.500  22.750  1.7663e-03
11.500  23.000  2.4173e-04
11.500  23.250  4.0905e-05
11.500  23.500  2.7160e-06
11.500  23.750  1.0000e-07
11.500  24.000  1.0000e-07
11.750  17.000  1.0000e-07
11.750  17.250  1.0000e-07
11.750  17.500  1.0000e-07
11.750  17.750  1.0000e-07
11.750  18.000  1.0000e-07
11.750  18.250  1.0000e-07
11.750  18.500  1.0000e-07
11.750  18.750  1.0000e-07
11.750  19.000  1.0000e-07
11.750  19.250  1.0000e-07
11.750  19.500  1.0000e-07
11.750  19.750  1.0000e-07
11.750  20.000  1.0000e-07
11.750  20.250  1.7284e-06
11.750  20.500  1.2346e-05
11.750  20.750  4.1975e-05
11.750  21.000  1.0971e-04
11.750  21.250  3.5514e-04
11.750  21.500  1.5866e-03
11.750  21.750  8.2038e-03
11.750  22.000  2.7789e-02
11.750  22.250  4.9661e-02
11.750  22.500  3.8483e-02
11.750  22.750  1.1137e-02
11.750  23.000  1.8112e-03
11.750  23.250  2.4214e-04
11.750  23.500  4.0905e-05
11.750  23.750  2.7160e-06
11.750  24.000  1.0000e-07
12.000  17.000  1.0000e-07
12.000  17.250  1.0000e-07
12.000  17.500  1.0000e-07
12.000  17.750  1.0000e-07
12.000  18.000  1.0000e-07
12.000  18.250  1.0000e-07
12.000  18.500  1.0000e-07
12.000  18.750  1.0000e-07
12.000  19.000  1.0000e-07
12.000  19.250  1.0000e-07
12.000  19.500  1.0000e-07
12.000  19.750  1.0000e-07
12.000  20.000  1.0000e-07
12.000  20.250  1.0000e-07
12.000  20.500  1.9753e-06
12.000  20.750  1.3745e-05
12.000  21.000  4.7243e-05
12.000  21.250  1.3597e-04
12.000  21.500  4.8420e-04
12.000  21.750  2.2588e-03
12.000  22.000  1.0136e-02
12.000  22.250  2.9214e-02
12.000  22.500  4.7121e-02
12.000  22.750  3.5062e-02
12.000  23.000  1.1115e-02
12.000  23.250  1.8677e-03
12.000  23.500  2.4263e-04
12.000  23.750  4.0905e-05
12.000  24.000  2.7984e-06
12.250  17.000  1.0000e-07
12.250  17.250  1.0000e-07
12.250  17.500  1.0000e-07
12.250  17.750  1.0000e-07
12.250  18.000  1.0000e-07
12.250  18.250  1.0000e-07
12.250  18.500  1.0000e-07
12.250  18.750  1.0000e-07
12.250  19.000  1.0000e-07
12.250  19.250  1.0000e-07
12.250  19.500  1.0000e-07
12.250  19.750  1.0000e-07
12.250  20.000  1.0000e-07
12.250  20.250  1.0000e-07
12.250  20.500  1.0000e-07
12.250  20.750  2.2222e-06
12.250  21.000  1.5309e-05
12.250  21.250  5.4568e-05
12.250  21.500  1.7761e-04
12.250  21.750  6.8502e-04
12.250  22.000  3.1579e-03
12.250  22.250  1.1743e-02
12.250  22.500  2.9092e-02
12.250  22.750  4.2569e-02
12.250  23.000  3.0819e-02
12.250  23.250  1.0755e-02
12.250  23.500  1.9127e-03
12.250  23.750  2.4296e-04
12.250  24.000  4.0823e-05
12.500  17.000  1.0000e-07
12.500  17.250  1.0000e-07
12.500  17.500  1.0000e-07
12.500  17.750  1.0000e-07
12.500  18.000  1.0000e-07
12.500  18.250  1.0000e-07
12.500  18.500  1.0000e-07
12.500  18.750  1.0000e-07
12.500  19.000  1.0000e-07
12.500  19.250  1.0000e-07
12.500  19.500  1.0000e-07
12.500  19.750  1.0000e-07
12.500  20.000  1.0000e-07
12.500  20.250  1.0000e-07
12.500  20.500  1.0000e-07
12.500  20.750  1.0000e-07
12.500  21.000  2.4691e-06
12.500  21.250  1.7037e-05
12.500  21.500  6.3374e-05
12.500  21.750  2.3506e-04
12.500  22.000  9.4765e-04
12.500  22.250  4.0816e-03
12.500  22.500  1.2749e-02
12.500  22.750  2.6849e-02
12.500  23.000  3.6284e-02
12.500  23.250  2.6011e-02
12.500  23.500  1.0016e-02
12.500  23.750  1.9497e-03
12.500  24.000  2.4313e-04
12.750  17.000  1.0000e-07
12.750  17.250  1.0000e-07
12.750  17.500  1.0000e-07
12.750  17.750  1.0000e-07
12.750  18.000  1.0000e-07
12.750  18.250  1.0000e-07
12.750  18.500  1.0000e-07
12.750  18.750  1.0000e-07
12.750  19.000  1.0000e-07
12.750  19.250  1.0000e-07
12.750  19.500  1.0000e-07
12.750  19.750  1.0000e-07
12.750  20.000  1.0000e-07
12.750  20.250  1.0000e-07
12.750  20.500  1.0000e-07
12.750  20.750  1.0000e-07
12.750  21.000  1.0000e-07
12.750  21.250  2.7160e-06
12.750  21.500  1.8848e-05
12.750  21.750  7.4239e-05
12.750  22.000  3.1210e-04
12.750  22.250  1.2936e-03
12.750  22.500  4.9009e-03
12.750  22.750  1.2736e-02
12.750  23.000  2.3359e-02
12.750  23.250  2.9195e-02
12.750  23.500  2.0359e-02
12.750  23.750  8.8471e-03
12.750  24.000  1.9577e-03
13.000  17.000  1.0000e-07
13.000  17.250  1.0000e-07
13.000  17.500  1.0000e-07
13.000  17.750  1.0000e-07
13.000  18.000  1.0000e-07
13.000  18.250  1.0000e-07
13.000  18.500  1.0000e-07
13.000  18.750  1.0000e-07
13.000  19.000  1.0000e-07
13.000  19.250  1.0000e-07
13.000  19.500  1.0000e-07
13.000  19.750  1.0000e-07
13.000  20.000  1.0000e-07
13.000  20.250  1.0000e-07
13.000  20.500  1.0000e-07
13.000  20.750  1.0000e-07
13.000  21.000  1.0000e-07
13.000  21.250  1.0000e-07
13.000  21.500  2.8807e-06
13.000  21.750  2.0823e-05
13.000  22.000  8.8971e-05
13.000  22.250  4.1728e-04
13.000  22.500  1.6900e-03
13.000  22.750  5.3469e-03
13.000  23.000  1.1865e-02
13.000  23.250  1.9206e-02
13.000  23.500  2.3254e-02
13.000  23.750  1.5614e-02
13.000  24.000  7.4064e-03
13.250  17.000  1.0000e-07
13.250  17.250  1.0000e-07
13.250  17.500  1.0000e-07
13.250  17.750  1.0000e-07
13.250  18.000  1.0000e-07
13.250  18.250  1.0000e-07
13.250  18.500  1.0000e-07
13.250  18.750  1.0000e-07
13.250  19.000  1.0000e-07
13.250  19.250  1.0000e-07
13.250  19.500  1.0000e-07
13.250  19.750  1.0000e-07
13.250  20.000  1.0000e-07
13.250  20.250  1.0000e-07
13.250  20.500  1.0000e-07
13.250  20.750  1.0000e-07
13.250  21.000  1.0000e-07
13.250  21.250  1.0000e-07
13.250  21.500  1.0000e-07
13.250  21.750  3.1276e-06
13.250  22.000  2.3786e-05
13.250  22.250  1.1177e-04
13.250  22.500  5.6132e-04
13.250  22.750  2.0901e-03
13.250  23.000  5.4305e-03
13.250  23.250  1.0197e-02
13.250  23.500  1.5121e-02
13.250  23.750  1.7169e-02
13.250  24.000  1.1403e-02
13.500  17.000  1.0000e-07
13.500  17.250  1.0000e-07
13.500  17.500  1.0000e-07
13.500  17.750  1.0000e-07
13.500  18.000  1.0000e-07
13.500  18.250  1.0000e-07
13.500  18.500  1.0000e-07
13.500  18.750  1.0000e-07
13.500  19.000  1.0000e-07
13.500  19.250  1.0000e-07
13.500  19.500  1.0000e-07
13.500  19.750  1.0000e-07
13.500  20.000  1.0000e-07
13.500  20.250  1.0000e-07
13.500  20.500  1.0000e-07
13.500  20.750  1.0000e-07
13.500  21.000  1.0000e-07
13.500  21.250  1.0000e-07
13.500  21.500  1.0000e-07
13.500  21.750  1.0000e-07
13.500  22.000  3.7037e-06
13.500  22.250  2.9712e-05
13.500  22.500  1.5300e-04
13.500  22.750  7.5136e-04
13.500  23.000  2.3667e-03
13.500  23.250  5.1706e-03
13.500  23.500  8.4457e-03
13.500  23.750  1.1692e-02
13.500  24.000  1.2553e-02
13.750  17.000  1.0000e-07
13.750  17.250  1.0000e-07
13.750  17.500  1.0000e-07
13.750  17.750  1.0000e-07
13.750  18.000  1.0000e-07
13.750  18.250  1.0000e-07
13.750  18.500  1.0000e-07
13.750  18.750  1.0000e-07
13.750  19.000  1.0000e-07
13.750  19.250  1.0000e-07
13.750  19.500  1.0000e-07
13.750  19.750  1.0000e-07
13.750  20.000  1.0000e-07
13.750  20.250  1.0000e-07
13.750  20.500  1.0000e-07
13.750  20.750  1.0000e-07
13.750  21.000  1.0000e-07
13.750  21.250  1.0000e-07
13.750  21.500  1.0000e-07
13.750  21.750  1.0000e-07
13.750  22.000  1.0000e-07
13.750  22.250  4.8560e-06
13.750  22.500  4.0823e-05
13.750  22.750  2.2329e-04
13.750  23.000  9.7654e-04
13.750  23.250  2.5190e-03
13.750  23.500  4.6157e-03
13.750  23.750  7.0470e-03
13.750  24.000  8.6222e-03
14.000  17.000  1.0000e-07
14.000  17.250  1.0000e-07
14.000  17.500  1.0000e-07
14.000  17.750  1.0000e-07
14.000  18.000  1.0000e-07
14.000  18.250  1.0000e-07
14.000  18.500  1.0000e-07
14.000  18.750  1.0000e-07
14.000  19.000  1.0000e-07
14.000  19.250  1.0000e-07
14.000  19.500  1.0000e-07
14.000  19.750  1.0000e-07
14.000  20.000  1.0000e-07
14.000  20.250  1.0000e-07
14.000  20.500  1.0000e-07
14.000  20.750  1.0000e-07
14.000  21.000  1.0000e-07
14.000  21.250  1.0000e-07
14.000  21.500  1.0000e-07
14.000  21.750  1.0000e-07
14.000  22.000  1.0000e-07
14.000  22.250  1.0000e-07
14.000  22.500  6.1728e-06
14.000  22.750  5.3992e-05
14.000  23.000  3.0156e-04
14.000  23.250  1.1565e-03
14.000  23.500  2.5109e-03
14.000  23.750  4.0391e-03
14.000  24.000  5.6028e-03
