nInu 925.144A  relative to Inci 1215.00A scaled to 1215A.
Hden   Phi(H)  Eq_Width (A)
7.000  17.000  6.2672e-02
7.000  17.250  1.0296e-01
7.000  17.500  1.6806e-01
7.000  17.750  2.6639e-01
7.000  18.000  4.8913e-01
7.000  18.250  9.3739e-01
7.000  18.500  9.9278e-01
7.000  18.750  9.9405e-01
7.000  19.000  9.9405e-01
7.000  19.250  9.9406e-01
7.000  19.500  9.9406e-01
7.000  19.750  9.9406e-01
7.000  20.000  9.9406e-01
7.000  20.250  9.9406e-01
7.000  20.500  9.9406e-01
7.000  20.750  9.9406e-01
7.000  21.000  9.9406e-01
7.000  21.250  9.9406e-01
7.000  21.500  9.9406e-01
7.000  21.750  9.9406e-01
7.000  22.000  9.9406e-01
7.000  22.250  9.9406e-01
7.000  22.500  9.9406e-01
7.000  22.750  9.9406e-01
7.000  23.000  9.9406e-01
7.000  23.250  9.9406e-01
7.000  23.500  9.9406e-01
7.000  23.750  9.9406e-01
7.000  24.000  9.9406e-01
7.250  17.000  3.6956e-02
7.250  17.250  6.1371e-02
7.250  17.500  1.0167e-01
7.250  17.750  1.6765e-01
7.250  18.000  2.6755e-01
7.250  18.250  5.0463e-01
7.250  18.500  9.4687e-01
7.250  18.750  9.9281e-01
7.250  19.000  9.9405e-01
7.250  19.250  9.9405e-01
7.250  19.500  9.9406e-01
7.250  19.750  9.9406e-01
7.250  20.000  9.9406e-01
7.250  20.250  9.9406e-01
7.250  20.500  9.9406e-01
7.250  20.750  9.9406e-01
7.250  21.000  9.9406e-01
7.250  21.250  9.9406e-01
7.250  21.500  9.9406e-01
7.250  21.750  9.9406e-01
7.250  22.000  9.9406e-01
7.250  22.250  9.9406e-01
7.250  22.500  9.9406e-01
7.250  22.750  9.9406e-01
7.250  23.000  9.9406e-01
7.250  23.250  9.9406e-01
7.250  23.500  9.9406e-01
7.250  23.750  9.9406e-01
7.250  24.000  9.9406e-01
7.500  17.000  2.2041e-02
7.500  17.250  3.6082e-02
7.500  17.500  6.0362e-02
7.500  17.750  1.0114e-01
7.500  18.000  1.6766e-01
7.500  18.250  2.7006e-01
7.500  18.500  5.3441e-01
7.500  18.750  9.5243e-01
7.500  19.000  9.9285e-01
7.500  19.250  9.9405e-01
7.500  19.500  9.9405e-01
7.500  19.750  9.9406e-01
7.500  20.000  9.9406e-01
7.500  20.250  9.9406e-01
7.500  20.500  9.9406e-01
7.500  20.750  9.9406e-01
7.500  21.000  9.9406e-01
7.500  21.250  9.9406e-01
7.500  21.500  9.9406e-01
7.500  21.750  9.9406e-01
7.500  22.000  9.9406e-01
7.500  22.250  9.9406e-01
7.500  22.500  9.9406e-01
7.500  22.750  9.9406e-01
7.500  23.000  9.9406e-01
7.500  23.250  9.9406e-01
7.500  23.500  9.9406e-01
7.500  23.750  9.9406e-01
7.500  24.000  9.9406e-01
7.750  17.000  1.3717e-02
7.750  17.250  2.1479e-02
7.750  17.500  3.5443e-02
7.750  17.750  5.9816e-02
7.750  18.000  1.0135e-01
7.750  18.250  1.6991e-01
7.750  18.500  2.7491e-01
7.750  18.750  5.8338e-01
7.750  19.000  9.6300e-01
7.750  19.250  9.9290e-01
7.750  19.500  9.9405e-01
7.750  19.750  9.9405e-01
7.750  20.000  9.9406e-01
7.750  20.250  9.9406e-01
7.750  20.500  9.9406e-01
7.750  20.750  9.9406e-01
7.750  21.000  9.9406e-01
7.750  21.250  9.9406e-01
7.750  21.500  9.9406e-01
7.750  21.750  9.9406e-01
7.750  22.000  9.9406e-01
7.750  22.250  9.9406e-01
7.750  22.500  9.9406e-01
7.750  22.750  9.9406e-01
7.750  23.000  9.9406e-01
7.750  23.250  9.9406e-01
7.750  23.500  9.9406e-01
7.750  23.750  9.9406e-01
7.750  24.000  9.9406e-01
8.000  17.000  9.1285e-03
8.000  17.250  1.3247e-02
8.000  17.500  2.0824e-02
8.000  17.750  3.4670e-02
8.000  18.000  5.9424e-02
8.000  18.250  1.0231e-01
8.000  18.500  1.7355e-01
8.000  18.750  2.8309e-01
8.000  19.000  6.5028e-01
8.000  19.250  9.6996e-01
8.000  19.500  9.9293e-01
8.000  19.750  9.9405e-01
8.000  20.000  9.9405e-01
8.000  20.250  9.9406e-01
8.000  20.500  9.9406e-01
8.000  20.750  9.9406e-01
8.000  21.000  9.9406e-01
8.000  21.250  9.9406e-01
8.000  21.500  9.9406e-01
8.000  21.750  9.9406e-01
8.000  22.000  9.9406e-01
8.000  22.250  9.9406e-01
8.000  22.500  9.9406e-01
8.000  22.750  9.9406e-01
8.000  23.000  9.9406e-01
8.000  23.250  9.9406e-01
8.000  23.500  9.9406e-01
8.000  23.750  9.9406e-01
8.000  24.000  9.9406e-01
8.250  17.000  6.7371e-03
8.250  17.250  8.8920e-03
8.250  17.500  1.2948e-02
8.250  17.750  2.0553e-02
8.250  18.000  3.4728e-02
8.250  18.250  6.0801e-02
8.250  18.500  1.0676e-01
8.250  18.750  1.8340e-01
8.250  19.000  3.0292e-01
8.250  19.250  7.2220e-01
8.250  19.500  9.8313e-01
8.250  19.750  9.9298e-01
8.250  20.000  9.9405e-01
8.250  20.250  9.9405e-01
8.250  20.500  9.9406e-01
8.250  20.750  9.9406e-01
8.250  21.000  9.9406e-01
8.250  21.250  9.9406e-01
8.250  21.500  9.9406e-01
8.250  21.750  9.9406e-01
8.250  22.000  9.9406e-01
8.250  22.250  9.9406e-01
8.250  22.500  9.9406e-01
8.250  22.750  9.9406e-01
8.250  23.000  9.9406e-01
8.250  23.250  9.9406e-01
8.250  23.500  9.9406e-01
8.250  23.750  9.9406e-01
8.250  24.000  9.9406e-01
8.500  17.000  5.4390e-03
8.500  17.250  6.5584e-03
8.500  17.500  8.6970e-03
8.500  17.750  1.2752e-02
8.500  18.000  2.0555e-02
8.500  18.250  3.5684e-02
8.500  18.500  6.4437e-02
8.500  18.750  1.1557e-01
8.500  19.000  2.0040e-01
8.500  19.250  3.6911e-01
8.500  19.500  8.0611e-01
8.500  19.750  9.8660e-01
8.500  20.000  9.9302e-01
8.500  20.250  9.9405e-01
8.500  20.500  9.9405e-01
8.500  20.750  9.9406e-01
8.500  21.000  9.9406e-01
8.500  21.250  9.9406e-01
8.500  21.500  9.9406e-01
8.500  21.750  9.9406e-01
8.500  22.000  9.9406e-01
8.500  22.250  9.9406e-01
8.500  22.500  9.9406e-01
8.500  22.750  9.9406e-01
8.500  23.000  9.9406e-01
8.500  23.250  9.9406e-01
8.500  23.500  9.9406e-01
8.500  23.750  9.9406e-01
8.500  24.000  9.9406e-01
8.750  17.000  4.7100e-03
8.750  17.250  5.2877e-03
8.750  17.500  6.4127e-03
8.750  17.750  8.5631e-03
8.750  18.000  1.2804e-02
8.750  18.250  2.1222e-02
8.750  18.500  3.8259e-02
8.750  18.750  7.1382e-02
8.750  19.000  1.3023e-01
8.750  19.250  2.2631e-01
8.750  19.500  5.2577e-01
8.750  19.750  8.7926e-01
8.750  20.000  9.8684e-01
8.750  20.250  9.9308e-01
8.750  20.500  9.9405e-01
8.750  20.750  9.9405e-01
8.750  21.000  9.9406e-01
8.750  21.250  9.9406e-01
8.750  21.500  9.9406e-01
8.750  21.750  9.9406e-01
8.750  22.000  9.9406e-01
8.750  22.250  9.9406e-01
8.750  22.500  9.9406e-01
8.750  22.750  9.9406e-01
8.750  23.000  9.9406e-01
8.750  23.250  9.9406e-01
8.750  23.500  9.9406e-01
8.750  23.750  9.9406e-01
8.750  24.000  9.9406e-01
9.000  17.000  4.2709e-03
9.000  17.250  4.5742e-03
9.000  17.500  5.1728e-03
9.000  17.750  6.3370e-03
9.000  18.000  8.6560e-03
9.000  18.250  1.3331e-02
9.000  18.500  2.3008e-02
9.000  18.750  4.3030e-02
9.000  19.000  8.2219e-02
9.000  19.250  1.5101e-01
9.000  19.500  2.6170e-01
9.000  19.750  6.5737e-01
9.000  20.000  9.3248e-01
9.000  20.250  9.8720e-01
9.000  20.500  9.9314e-01
9.000  20.750  9.9404e-01
9.000  21.000  9.9405e-01
9.000  21.250  9.9406e-01
9.000  21.500  9.9406e-01
9.000  21.750  9.9406e-01
9.000  22.000  9.9406e-01
9.000  22.250  9.9406e-01
9.000  22.500  9.9406e-01
9.000  22.750  9.9406e-01
9.000  23.000  9.9406e-01
9.000  23.250  9.9406e-01
9.000  23.500  9.9406e-01
9.000  23.750  9.9406e-01
9.000  24.000  9.9406e-01
9.250  17.000  3.9805e-03
9.250  17.250  4.1435e-03
9.250  17.500  4.4793e-03
9.250  17.750  5.1526e-03
9.250  18.000  6.5670e-03
9.250  18.250  9.2178e-03
9.250  18.500  1.4660e-02
9.250  18.750  2.6126e-02
9.250  19.000  5.0082e-02
9.250  19.250  9.6630e-02
9.250  19.500  1.7682e-01
9.250  19.750  3.5233e-01
9.250  20.000  7.8363e-01
9.250  20.250  9.6752e-01
9.250  20.500  9.8771e-01
9.250  20.750  9.9317e-01
9.250  21.000  9.9404e-01
9.250  21.250  9.9405e-01
9.250  21.500  9.9406e-01
9.250  21.750  9.9406e-01
9.250  22.000  9.9406e-01
9.250  22.250  9.9406e-01
9.250  22.500  9.9406e-01
9.250  22.750  9.9406e-01
9.250  23.000  9.9406e-01
9.250  23.250  9.9406e-01
9.250  23.500  9.9406e-01
9.250  23.750  9.9406e-01
9.250  24.000  9.9406e-01
9.500  17.000  3.7840e-03
9.500  17.250  3.8614e-03
9.500  17.500  4.0713e-03
9.500  17.750  4.5379e-03
9.500  18.000  5.4509e-03
9.500  18.250  7.0781e-03
9.500  18.500  1.0283e-02
9.500  18.750  1.6889e-02
9.500  19.000  3.0776e-02
9.500  19.250  5.9368e-02
9.500  19.500  1.1419e-01
9.500  19.750  2.0664e-01
9.500  20.000  4.8448e-01
9.500  20.250  8.6314e-01
9.500  20.500  9.7785e-01
9.500  20.750  9.8820e-01
9.500  21.000  9.9320e-01
9.500  21.250  9.9403e-01
9.500  21.500  9.9405e-01
9.500  21.750  9.9406e-01
9.500  22.000  9.9406e-01
9.500  22.250  9.9406e-01
9.500  22.500  9.9406e-01
9.500  22.750  9.9406e-01
9.500  23.000  9.9406e-01
9.500  23.250  9.9406e-01
9.500  23.500  9.9406e-01
9.500  23.750  9.9406e-01
9.500  24.000  9.9406e-01
9.750  17.000  3.6702e-03
9.750  17.250  3.6596e-03
9.750  17.500  3.7973e-03
9.750  17.750  4.1585e-03
9.750  18.000  4.8216e-03
9.750  18.250  5.9537e-03
9.750  18.500  8.0232e-03
9.750  18.750  1.2034e-02
9.750  19.000  2.0300e-02
9.750  19.250  3.7401e-02
9.750  19.500  7.1804e-02
9.750  19.750  1.3589e-01
9.750  20.000  2.4114e-01
9.750  20.250  6.1220e-01
9.750  20.500  9.1709e-01
9.750  20.750  9.7967e-01
9.750  21.000  9.8864e-01
9.750  21.250  9.9319e-01
9.750  21.500  9.9402e-01
9.750  21.750  9.9405e-01
9.750  22.000  9.9406e-01
9.750  22.250  9.9406e-01
9.750  22.500  9.9406e-01
9.750  22.750  9.9406e-01
9.750  23.000  9.9406e-01
9.750  23.250  9.9406e-01
9.750  23.500  9.9406e-01
9.750  23.750  9.9406e-01
9.750  24.000  9.9406e-01
10.000  17.000  3.6467e-03
10.000  17.250  3.5266e-03
10.000  17.500  3.5766e-03
10.000  17.750  3.8723e-03
10.000  18.000  4.4534e-03
10.000  18.250  5.3331e-03
10.000  18.500  6.8161e-03
10.000  18.750  9.5336e-03
10.000  19.000  1.4810e-02
10.000  19.250  2.5958e-02
10.000  19.500  5.0909e-02
10.000  19.750  1.0304e-01
10.000  20.000  1.8670e-01
10.000  20.250  4.3046e-01
10.000  20.500  7.9336e-01
10.000  20.750  9.6123e-01
10.000  21.000  9.8088e-01
10.000  21.250  9.8881e-01
10.000  21.500  9.9314e-01
10.000  21.750  9.9399e-01
10.000  22.000  9.9405e-01
10.000  22.250  9.9406e-01
10.000  22.500  9.9406e-01
10.000  22.750  9.9406e-01
10.000  23.000  9.9406e-01
10.000  23.250  9.9406e-01
10.000  23.500  9.9406e-01
10.000  23.750  9.9406e-01
10.000  24.000  9.9406e-01
10.250  17.000  3.7079e-03
10.250  17.250  3.4813e-03
10.250  17.500  3.4394e-03
10.250  17.750  3.6687e-03
10.250  18.000  4.1940e-03
10.250  18.250  4.9646e-03
10.250  18.500  6.1437e-03
10.250  18.750  8.1919e-03
10.250  19.000  1.2010e-02
10.250  19.250  1.9221e-02
10.250  19.500  3.3730e-02
10.250  19.750  6.3959e-02
10.250  20.000  1.2110e-01
10.250  20.250  2.1356e-01
10.250  20.500  5.2539e-01
10.250  20.750  8.7474e-01
10.250  21.000  9.6806e-01
10.250  21.250  9.8201e-01
10.250  21.500  9.8902e-01
10.250  21.750  9.9301e-01
10.250  22.000  9.9397e-01
10.250  22.250  9.9405e-01
10.250  22.500  9.9406e-01
10.250  22.750  9.9406e-01
10.250  23.000  9.9406e-01
10.250  23.250  9.9406e-01
10.250  23.500  9.9406e-01
10.250  23.750  9.9406e-01
10.250  24.000  9.9406e-01
10.500  17.000  3.8285e-03
10.500  17.250  3.5152e-03
10.500  17.500  3.3902e-03
10.500  17.750  3.5475e-03
10.500  18.000  3.9832e-03
10.500  18.250  4.6939e-03
10.500  18.500  5.6849e-03
10.500  18.750  7.1851e-03
10.500  19.000  9.5731e-03
10.500  19.250  1.3807e-02
10.500  19.500  2.2025e-02
10.500  19.750  5.6023e-02
10.500  20.000  1.1711e-01
10.500  20.250  1.9974e-01
10.500  20.500  2.9833e-01
10.500  20.750  4.0731e-01
10.500  21.000  5.2114e-01
10.500  21.250  6.3424e-01
10.500  21.500  7.4104e-01
10.500  21.750  8.3599e-01
10.500  22.000  9.1352e-01
10.500  22.250  9.6806e-01
10.500  22.500  9.9405e-01
10.500  22.750  9.9406e-01
10.500  23.000  9.9406e-01
10.500  23.250  9.9406e-01
10.500  23.500  9.9406e-01
10.500  23.750  9.9406e-01
10.500  24.000  9.9406e-01
10.750  17.000  3.9650e-03
10.750  17.250  3.6017e-03
10.750  17.500  3.4160e-03
10.750  17.750  3.5138e-03
10.750  18.000  3.8388e-03
10.750  18.250  4.4001e-03
10.750  18.500  5.1906e-03
10.750  18.750  6.2202e-03
10.750  19.000  7.7657e-03
10.750  19.250  1.0406e-02
10.750  19.500  1.5227e-02
10.750  19.750  2.4576e-02
10.750  20.000  5.5949e-02
10.750  20.250  1.1046e-01
10.750  20.500  1.8375e-01
10.750  20.750  2.7149e-01
10.750  21.000  3.6933e-01
10.750  21.250  4.7292e-01
10.750  21.500  5.7791e-01
10.750  21.750  6.7997e-01
10.750  22.000  7.7474e-01
10.750  22.250  8.5788e-01
10.750  22.500  9.2504e-01
10.750  22.750  9.7188e-01
10.750  23.000  9.9405e-01
10.750  23.250  9.9406e-01
10.750  23.500  9.9406e-01
10.750  23.750  9.9406e-01
10.750  24.000  9.9406e-01
11.000  17.000  4.0751e-03
11.000  17.250  3.7021e-03
11.000  17.500  3.4830e-03
11.000  17.750  3.5295e-03
11.000  18.000  3.7551e-03
11.000  18.250  4.1282e-03
11.000  18.500  4.6537e-03
11.000  18.750  5.4061e-03
11.000  19.000  6.4822e-03
11.000  19.250  8.1900e-03
11.000  19.500  1.1121e-02
11.000  19.750  1.6471e-02
11.000  20.000  2.6826e-02
11.000  20.250  5.9025e-02
11.000  20.500  1.1402e-01
11.000  20.750  1.8752e-01
11.000  21.000  2.7522e-01
11.000  21.250  3.7281e-01
11.000  21.500  4.7601e-01
11.000  21.750  5.8051e-01
11.000  22.000  6.8201e-01
11.000  22.250  7.7622e-01
11.000  22.500  8.5882e-01
11.000  22.750  9.2553e-01
11.000  23.000  9.7204e-01
11.000  23.250  9.9405e-01
11.000  23.500  9.9406e-01
11.000  23.750  9.9406e-01
11.000  24.000  9.9406e-01
11.250  17.000  4.0914e-03
11.250  17.250  3.7685e-03
11.250  17.500  3.5421e-03
11.250  17.750  3.5512e-03
11.250  18.000  3.7035e-03
11.250  18.250  3.9119e-03
11.250  18.500  4.2217e-03
11.250  18.750  3.9391e-03
11.250  19.000  3.5302e-03
11.250  19.250  3.8275e-03
11.250  19.500  5.6631e-03
11.250  19.750  9.8693e-03
11.250  20.000  1.7279e-02
11.250  20.250  2.8723e-02
11.250  20.500  5.0684e-02
11.250  20.750  1.0505e-01
11.250  21.000  1.9064e-01
11.250  21.250  2.9907e-01
11.250  21.500  4.2195e-01
11.250  21.750  5.5092e-01
11.250  22.000  6.7760e-01
11.250  22.250  7.9360e-01
11.250  22.500  8.9056e-01
11.250  22.750  9.6009e-01
11.250  23.000  9.9381e-01
11.250  23.250  9.9403e-01
11.250  23.500  9.9405e-01
11.250  23.750  9.9406e-01
11.250  24.000  9.9406e-01
11.500  17.000  3.9542e-03
11.500  17.250  3.7413e-03
11.500  17.500  3.5441e-03
11.500  17.750  3.5352e-03
11.500  18.000  3.6274e-03
11.500  18.250  3.7402e-03
11.500  18.500  3.9164e-03
11.500  18.750  4.2321e-03
11.500  19.000  4.7603e-03
11.500  19.250  5.5842e-03
11.500  19.500  6.8026e-03
11.500  19.750  8.7706e-03
11.500  20.000  1.2158e-02
11.500  20.250  1.8357e-02
11.500  20.500  3.0206e-02
11.500  20.750  5.3231e-02
11.500  21.000  9.6773e-02
11.500  21.250  1.7520e-01
11.500  21.500  2.9527e-01
11.500  21.750  7.8633e-01
11.500  22.000  9.4833e-01
11.500  22.250  9.6847e-01
11.500  22.500  9.7721e-01
11.500  22.750  9.8533e-01
11.500  23.000  9.9160e-01
11.500  23.250  9.9372e-01
11.500  23.500  9.9403e-01
11.500  23.750  9.9405e-01
11.500  24.000  9.9406e-01
11.750  17.000  3.5767e-03
11.750  17.250  3.5476e-03
11.750  17.500  3.4377e-03
11.750  17.750  3.4500e-03
11.750  18.000  3.5356e-03
11.750  18.250  3.6081e-03
11.750  18.500  3.6909e-03
11.750  18.750  3.8575e-03
11.750  19.000  4.1835e-03
11.750  19.250  4.7455e-03
11.750  19.500  5.5949e-03
11.750  19.750  6.8629e-03
11.750  20.000  8.9183e-03
11.750  20.250  1.2474e-02
11.750  20.500  1.8960e-02
11.750  20.750  3.1347e-02
11.750  21.000  5.5336e-02
11.750  21.250  1.0151e-01
11.750  21.500  1.8238e-01
11.750  21.750  3.1228e-01
11.750  22.000  8.5120e-01
11.750  22.250  9.4950e-01
11.750  22.500  9.6667e-01
11.750  22.750  9.7590e-01
11.750  23.000  9.8500e-01
11.750  23.250  9.9134e-01
11.750  23.500  9.9362e-01
11.750  23.750  9.9402e-01
11.750  24.000  9.9404e-01
12.000  17.000  2.9207e-03
12.000  17.250  3.1110e-03
12.000  17.500  3.1646e-03
12.000  17.750  3.2766e-03
12.000  18.000  3.4092e-03
12.000  18.250  3.4457e-03
12.000  18.500  3.4540e-03
12.000  18.750  3.5427e-03
12.000  19.000  3.7447e-03
12.000  19.250  4.1053e-03
12.000  19.500  4.6900e-03
12.000  19.750  5.5630e-03
12.000  20.000  6.8677e-03
12.000  20.250  8.9793e-03
12.000  20.500  1.2641e-02
12.000  20.750  1.9358e-02
12.000  21.000  3.2193e-02
12.000  21.250  5.7474e-02
12.000  21.500  1.0521e-01
12.000  21.750  1.9345e-01
12.000  22.000  3.3163e-01
12.000  22.250  9.0892e-01
12.000  22.500  9.4924e-01
12.000  22.750  9.6359e-01
12.000  23.000  9.7408e-01
12.000  23.250  9.8457e-01
12.000  23.500  9.9091e-01
12.000  23.750  9.9350e-01
12.000  24.000  9.9400e-01
12.250  17.000  2.1053e-03
12.250  17.250  2.4655e-03
12.250  17.500  2.7217e-03
12.250  17.750  2.9905e-03
12.250  18.000  3.1364e-03
12.250  18.250  3.1360e-03
12.250  18.500  3.1467e-03
12.250  18.750  3.2249e-03
12.250  19.000  3.3739e-03
12.250  19.250  3.6201e-03
12.250  19.500  4.0084e-03
12.250  19.750  4.6067e-03
12.250  20.000  5.4934e-03
12.250  20.250  6.8112e-03
12.250  20.500  8.9514e-03
12.250  20.750  1.2686e-02
12.250  21.000  1.9607e-02
12.250  21.250  3.3066e-02
12.250  21.500  5.9087e-02
12.250  21.750  1.1149e-01
12.250  22.000  2.0723e-01
12.250  22.250  3.5658e-01
12.250  22.500  9.1399e-01
12.250  22.750  9.4476e-01
12.250  23.000  9.6025e-01
12.250  23.250  9.7332e-01
12.250  23.500  9.8400e-01
12.250  23.750  9.9057e-01
12.250  24.000  9.9341e-01
12.500  17.000  1.4385e-03
12.500  17.250  1.8513e-03
12.500  17.500  2.2264e-03
12.500  17.750  2.4812e-03
12.500  18.000  2.5964e-03
12.500  18.250  2.6672e-03
12.500  18.500  2.7462e-03
12.500  18.750  2.8596e-03
12.500  19.000  3.0121e-03
12.500  19.250  3.2144e-03
12.500  19.500  3.4922e-03
12.500  19.750  3.8964e-03
12.500  20.000  4.5052e-03
12.500  20.250  5.3830e-03
12.500  20.500  6.7000e-03
12.500  20.750  8.8511e-03
12.500  21.000  1.2650e-02
12.500  21.250  1.9848e-02
12.500  21.500  3.3712e-02
12.500  21.750  6.2314e-02
12.500  22.000  1.1979e-01
12.500  22.250  2.2438e-01
12.500  22.500  4.1178e-01
12.500  22.750  9.1375e-01
12.500  23.000  9.4096e-01
12.500  23.250  9.5818e-01
12.500  23.500  9.7291e-01
12.500  23.750  9.8382e-01
12.500  24.000  9.9022e-01
12.750  17.000  1.0100e-03
12.750  17.250  1.3530e-03
12.750  17.500  1.6133e-03
12.750  17.750  1.7863e-03
12.750  18.000  1.9431e-03
12.750  18.250  2.1016e-03
12.750  18.500  2.2582e-03
12.750  18.750  2.4283e-03
12.750  19.000  2.6157e-03
12.750  19.250  2.8240e-03
12.750  19.500  3.0605e-03
12.750  19.750  3.3577e-03
12.750  20.000  3.7708e-03
12.750  20.250  4.3737e-03
12.750  20.500  5.2361e-03
12.750  20.750  6.5343e-03
12.750  21.000  8.7109e-03
12.750  21.250  1.2615e-02
12.750  21.500  1.9960e-02
12.750  21.750  3.5115e-02
12.750  22.000  6.6876e-02
12.750  22.250  1.3121e-01
12.750  22.500  2.4514e-01
12.750  22.750  5.1905e-01
12.750  23.000  9.1311e-01
12.750  23.250  9.3753e-01
12.750  23.500  9.5740e-01
12.750  23.750  9.7279e-01
12.750  24.000  9.8360e-01
13.000  17.000  2.4216e-01
13.000  17.250  1.2899e-02
13.000  17.500  1.0539e-03
13.000  17.750  1.1818e-03
13.000  18.000  1.3418e-03
13.000  18.250  1.5291e-03
13.000  18.500  1.7295e-03
13.000  18.750  1.9430e-03
13.000  19.000  2.1713e-03
13.000  19.250  2.4082e-03
13.000  19.500  2.6492e-03
13.000  19.750  2.9048e-03
13.000  20.000  3.2100e-03
13.000  20.250  3.6207e-03
13.000  20.500  4.2147e-03
13.000  20.750  5.0543e-03
13.000  21.000  6.3441e-03
13.000  21.250  8.5520e-03
13.000  21.500  1.2511e-02
13.000  21.750  2.0531e-02
13.000  22.000  3.7124e-02
13.000  22.250  7.2808e-02
13.000  22.500  1.4611e-01
13.000  22.750  2.6775e-01
13.000  23.000  6.4391e-01
13.000  23.250  9.1433e-01
13.000  23.500  9.3666e-01
13.000  23.750  9.5704e-01
13.000  24.000  9.7264e-01
13.250  17.000  2.5468e-01
13.250  17.250  1.3002e-01
13.250  17.500  6.8798e-04
13.250  17.750  7.6930e-04
13.250  18.000  8.8000e-04
13.250  18.250  1.0378e-03
13.250  18.500  1.2302e-03
13.250  18.750  1.4514e-03
13.250  19.000  1.6975e-03
13.250  19.250  1.9605e-03
13.250  19.500  2.2245e-03
13.250  19.750  2.4846e-03
13.250  20.000  2.7523e-03
13.250  20.250  3.0572e-03
13.250  20.500  3.4552e-03
13.250  20.750  4.0230e-03
13.250  21.000  4.8440e-03
13.250  21.250  6.1184e-03
13.250  21.500  8.2937e-03
13.250  21.750  1.2405e-02
13.250  22.000  2.0980e-02
13.250  22.250  3.9834e-02
13.250  22.500  8.0382e-02
13.250  22.750  1.5915e-01
13.250  23.000  2.8197e-01
13.250  23.250  7.2293e-01
13.250  23.500  9.1431e-01
13.250  23.750  9.3471e-01
13.250  24.000  9.5625e-01
13.500  17.000  2.8047e-01
13.500  17.250  1.3978e-01
13.500  17.500  6.5021e-04
13.500  17.750  5.0107e-04
13.500  18.000  5.7021e-04
13.500  18.250  6.7918e-04
13.500  18.500  8.2724e-04
13.500  18.750  1.0149e-03
13.500  19.000  1.2409e-03
13.500  19.250  1.4984e-03
13.500  19.500  1.7719e-03
13.500  19.750  2.0428e-03
13.500  20.000  2.3055e-03
13.500  20.250  2.5715e-03
13.500  20.500  2.8686e-03
13.500  20.750  3.2538e-03
13.500  21.000  3.7943e-03
13.500  21.250  4.5849e-03
13.500  21.500  5.8235e-03
13.500  21.750  7.9934e-03
13.500  22.000  1.2311e-02
13.500  22.250  2.1952e-02
13.500  22.500  4.3726e-02
13.500  22.750  8.8312e-02
13.500  23.000  1.6959e-01
13.500  23.250  2.9167e-01
13.500  23.500  7.7186e-01
13.500  23.750  9.1050e-01
13.500  24.000  9.3218e-01
13.750  17.000  3.3922e-01
13.750  17.250  1.7072e-01
13.750  17.500  4.6525e-03
13.750  17.750  3.3745e-04
13.750  18.000  3.7844e-04
13.750  18.250  4.4576e-04
13.750  18.500  5.4428e-04
13.750  18.750  6.7901e-04
13.750  19.000  8.5613e-04
13.750  19.250  1.0754e-03
13.750  19.500  1.3278e-03
13.750  19.750  1.5967e-03
13.750  20.000  1.8636e-03
13.750  20.250  2.1199e-03
13.750  20.500  2.3784e-03
13.750  20.750  2.6663e-03
13.750  21.000  3.0367e-03
13.750  21.250  3.5510e-03
13.750  21.500  4.3103e-03
13.750  21.750  5.5206e-03
13.750  22.000  7.7509e-03
13.750  22.250  1.2537e-02
13.750  22.500  2.3708e-02
13.750  22.750  4.8660e-02
13.750  23.000  9.7705e-02
13.750  23.250  1.8039e-01
13.750  23.500  3.0029e-01
13.750  23.750  8.0018e-01
13.750  24.000  9.0136e-01
14.000  17.000  4.0666e-01
14.000  17.250  2.4138e-01
14.000  17.500  2.3733e-02
14.000  17.750  2.4971e-04
14.000  18.000  2.6230e-04
14.000  18.250  3.0198e-04
14.000  18.500  3.6321e-04
14.000  18.750  4.5029e-04
14.000  19.000  5.7111e-04
14.000  19.250  7.3309e-04
14.000  19.500  9.3811e-04
14.000  19.750  1.1768e-03
14.000  20.000  1.4324e-03
14.000  20.250  1.6872e-03
14.000  20.500  1.9323e-03
14.000  20.750  2.1781e-03
14.000  21.000  2.4540e-03
14.000  21.250  2.8098e-03
14.000  21.500  3.3142e-03
14.000  21.750  4.0344e-03
14.000  22.000  5.2509e-03
14.000  22.250  7.7067e-03
14.000  22.500  1.3325e-02
14.000  22.750  2.6736e-02
14.000  23.000  5.4919e-02
14.000  23.250  1.0564e-01
14.000  23.500  1.8904e-01
14.000  23.750  3.0579e-01
14.000  24.000  8.0857e-01
