Inwd 1892.00A  relative to Inci 1215.00A scaled to 1215A.
Hden   Phi(H)  Eq_Width (A)
7.000  17.000  1.6916e-03
7.000  17.250  1.0909e-03
7.000  17.500  7.4996e-04
7.000  17.750  5.1679e-04
7.000  18.000  3.5276e-04
7.000  18.250  1.7078e-04
7.000  18.500  1.0000e-07
7.000  18.750  1.0000e-07
7.000  19.000  1.0000e-07
7.000  19.250  1.0000e-07
7.000  19.500  1.0000e-07
7.000  19.750  1.0000e-07
7.000  20.000  1.0000e-07
7.000  20.250  1.0000e-07
7.000  20.500  1.0000e-07
7.000  20.750  1.0000e-07
7.000  21.000  1.0000e-07
7.000  21.250  1.0000e-07
7.000  21.500  1.0000e-07
7.000  21.750  1.0000e-07
7.000  22.000  1.0000e-07
7.000  22.250  1.0000e-07
7.000  22.500  1.0000e-07
7.000  22.750  1.0000e-07
7.000  23.000  1.0000e-07
7.000  23.250  1.0000e-07
7.000  23.500  1.0000e-07
7.000  23.750  1.0000e-07
7.000  24.000  1.0000e-07
7.250  17.000  2.8720e-03
7.250  17.250  1.8204e-03
7.250  17.500  1.1916e-03
7.250  17.750  8.5243e-04
7.250  18.000  6.2107e-04
7.250  18.250  4.3778e-04
7.250  18.500  1.9374e-04
7.250  18.750  1.0000e-07
7.250  19.000  1.0000e-07
7.250  19.250  1.0000e-07
7.250  19.500  1.0000e-07
7.250  19.750  1.0000e-07
7.250  20.000  1.0000e-07
7.250  20.250  1.0000e-07
7.250  20.500  1.0000e-07
7.250  20.750  1.0000e-07
7.250  21.000  1.0000e-07
7.250  21.250  1.0000e-07
7.250  21.500  1.0000e-07
7.250  21.750  1.0000e-07
7.250  22.000  1.0000e-07
7.250  22.250  1.0000e-07
7.250  22.500  1.0000e-07
7.250  22.750  1.0000e-07
7.250  23.000  1.0000e-07
7.250  23.250  1.0000e-07
7.250  23.500  1.0000e-07
7.250  23.750  1.0000e-07
7.250  24.000  1.0000e-07
7.500  17.000  4.8546e-03
7.500  17.250  3.0602e-03
7.500  17.500  1.9604e-03
7.500  17.750  1.3267e-03
7.500  18.000  1.0241e-03
7.500  18.250  8.1704e-04
7.500  18.500  5.6469e-04
7.500  18.750  2.2387e-04
7.500  19.000  1.0000e-07
7.500  19.250  1.0000e-07
7.500  19.500  1.0000e-07
7.500  19.750  1.0000e-07
7.500  20.000  1.0000e-07
7.500  20.250  1.0000e-07
7.500  20.500  1.0000e-07
7.500  20.750  1.0000e-07
7.500  21.000  1.0000e-07
7.500  21.250  1.0000e-07
7.500  21.500  1.0000e-07
7.500  21.750  1.0000e-07
7.500  22.000  1.0000e-07
7.500  22.250  1.0000e-07
7.500  22.500  1.0000e-07
7.500  22.750  1.0000e-07
7.500  23.000  1.0000e-07
7.500  23.250  1.0000e-07
7.500  23.500  1.0000e-07
7.500  23.750  1.0000e-07
7.500  24.000  1.0000e-07
7.750  17.000  8.0996e-03
7.750  17.250  5.1337e-03
7.750  17.500  3.2601e-03
7.750  17.750  2.1794e-03
7.750  18.000  1.6064e-03
7.750  18.250  1.3821e-03
7.750  18.500  1.2172e-03
7.750  18.750  7.3794e-04
7.750  19.000  2.6387e-04
7.750  19.250  1.0000e-07
7.750  19.500  1.0000e-07
7.750  19.750  1.0000e-07
7.750  20.000  1.0000e-07
7.750  20.250  1.0000e-07
7.750  20.500  1.0000e-07
7.750  20.750  1.0000e-07
7.750  21.000  1.0000e-07
7.750  21.250  1.0000e-07
7.750  21.500  1.0000e-07
7.750  21.750  1.0000e-07
7.750  22.000  1.0000e-07
7.750  22.250  1.0000e-07
7.750  22.500  1.0000e-07
7.750  22.750  1.0000e-07
7.750  23.000  1.0000e-07
7.750  23.250  1.0000e-07
7.750  23.500  1.0000e-07
7.750  23.750  1.0000e-07
7.750  24.000  1.0000e-07
8.000  17.000  1.2820e-02
8.000  17.250  8.5076e-03
8.000  17.500  5.4082e-03
8.000  17.750  3.4745e-03
8.000  18.000  2.4714e-03
8.000  18.250  2.1507e-03
8.000  18.500  2.1370e-03
8.000  18.750  2.0244e-03
8.000  19.000  1.4067e-03
8.000  19.250  3.2041e-04
8.000  19.500  1.0000e-07
8.000  19.750  1.0000e-07
8.000  20.000  1.0000e-07
8.000  20.250  1.0000e-07
8.000  20.500  1.0000e-07
8.000  20.750  1.0000e-07
8.000  21.000  1.0000e-07
8.000  21.250  1.0000e-07
8.000  21.500  1.0000e-07
8.000  21.750  1.0000e-07
8.000  22.000  1.0000e-07
8.000  22.250  1.0000e-07
8.000  22.500  1.0000e-07
8.000  22.750  1.0000e-07
8.000  23.000  1.0000e-07
8.000  23.250  1.0000e-07
8.000  23.500  1.0000e-07
8.000  23.750  1.0000e-07
8.000  24.000  1.0000e-07
8.250  17.000  1.8331e-02
8.250  17.250  1.3369e-02
8.250  17.500  8.9411e-03
8.250  17.750  5.7574e-03
8.250  18.000  3.8421e-03
8.250  18.250  3.0596e-03
8.250  18.500  3.0401e-03
8.250  18.750  3.3483e-03
8.250  19.000  3.2280e-03
8.250  19.250  1.5928e-03
8.250  19.500  3.2996e-04
8.250  19.750  1.0000e-07
8.250  20.000  1.0000e-07
8.250  20.250  1.0000e-07
8.250  20.500  1.0000e-07
8.250  20.750  1.0000e-07
8.250  21.000  1.0000e-07
8.250  21.250  1.0000e-07
8.250  21.500  1.0000e-07
8.250  21.750  1.0000e-07
8.250  22.000  1.0000e-07
8.250  22.250  1.0000e-07
8.250  22.500  1.0000e-07
8.250  22.750  1.0000e-07
8.250  23.000  1.0000e-07
8.250  23.250  1.0000e-07
8.250  23.500  1.0000e-07
8.250  23.750  1.0000e-07
8.250  24.000  1.0000e-07
8.500  17.000  2.3755e-02
8.500  17.250  1.9013e-02
8.500  17.500  1.3991e-02
8.500  17.750  9.4903e-03
8.500  18.000  6.2708e-03
8.500  18.250  4.5109e-03
8.500  18.500  4.1029e-03
8.500  18.750  4.4350e-03
8.500  19.000  4.7715e-03
8.500  19.250  4.3766e-03
8.500  19.500  2.5658e-03
8.500  19.750  1.1852e-05
8.500  20.000  1.0000e-07
8.500  20.250  1.0000e-07
8.500  20.500  1.0000e-07
8.500  20.750  1.0000e-07
8.500  21.000  1.0000e-07
8.500  21.250  1.0000e-07
8.500  21.500  1.0000e-07
8.500  21.750  1.0000e-07
8.500  22.000  1.0000e-07
8.500  22.250  1.0000e-07
8.500  22.500  1.0000e-07
8.500  22.750  1.0000e-07
8.500  23.000  1.0000e-07
8.500  23.250  1.0000e-07
8.500  23.500  1.0000e-07
8.500  23.750  1.0000e-07
8.500  24.000  1.0000e-07
8.750  17.000  2.9059e-02
8.750  17.250  2.4586e-02
8.750  17.500  1.9870e-02
8.750  17.750  1.4855e-02
8.750  18.000  1.0293e-02
8.750  18.250  6.9648e-03
8.750  18.500  5.4137e-03
8.750  18.750  5.1768e-03
8.750  19.000  5.5012e-03
8.750  19.250  5.6251e-03
8.750  19.500  4.7864e-03
8.750  19.750  2.4872e-03
8.750  20.000  3.3745e-06
8.750  20.250  1.0000e-07
8.750  20.500  1.0000e-07
8.750  20.750  1.0000e-07
8.750  21.000  1.0000e-07
8.750  21.250  1.0000e-07
8.750  21.500  1.0000e-07
8.750  21.750  1.0000e-07
8.750  22.000  1.0000e-07
8.750  22.250  1.0000e-07
8.750  22.500  1.0000e-07
8.750  22.750  1.0000e-07
8.750  23.000  1.0000e-07
8.750  23.250  1.0000e-07
8.750  23.500  1.0000e-07
8.750  23.750  1.0000e-07
8.750  24.000  1.0000e-07
9.000  17.000  3.3731e-02
9.000  17.250  3.0162e-02
9.000  17.500  2.5823e-02
9.000  17.750  2.1222e-02
9.000  18.000  1.6224e-02
9.000  18.250  1.1397e-02
9.000  18.500  7.8842e-03
9.000  18.750  6.7858e-03
9.000  19.000  7.2044e-03
9.000  19.250  7.7163e-03
9.000  19.500  6.8979e-03
9.000  19.750  4.2772e-03
9.000  20.000  2.0510e-03
9.000  20.250  2.3045e-06
9.000  20.500  1.0000e-07
9.000  20.750  1.0000e-07
9.000  21.000  1.0000e-07
9.000  21.250  1.0000e-07
9.000  21.500  1.0000e-07
9.000  21.750  1.0000e-07
9.000  22.000  1.0000e-07
9.000  22.250  1.0000e-07
9.000  22.500  1.0000e-07
9.000  22.750  1.0000e-07
9.000  23.000  1.0000e-07
9.000  23.250  1.0000e-07
9.000  23.500  1.0000e-07
9.000  23.750  1.0000e-07
9.000  24.000  1.0000e-07
9.250  17.000  3.5185e-02
9.250  17.250  3.5209e-02
9.250  17.500  3.1959e-02
9.250  17.750  2.7908e-02
9.250  18.000  2.3484e-02
9.250  18.250  1.8184e-02
9.250  18.500  1.2870e-02
9.250  18.750  8.9801e-03
9.250  19.000  7.3635e-03
9.250  19.250  7.1184e-03
9.250  19.500  6.9203e-03
9.250  19.750  5.7679e-03
9.250  20.000  3.8575e-03
9.250  20.250  1.5447e-03
9.250  20.500  1.9753e-06
9.250  20.750  1.0000e-07
9.250  21.000  1.0000e-07
9.250  21.250  1.0000e-07
9.250  21.500  1.0000e-07
9.250  21.750  1.0000e-07
9.250  22.000  1.0000e-07
9.250  22.250  1.0000e-07
9.250  22.500  1.0000e-07
9.250  22.750  1.0000e-07
9.250  23.000  1.0000e-07
9.250  23.250  1.0000e-07
9.250  23.500  1.0000e-07
9.250  23.750  1.0000e-07
9.250  24.000  1.0000e-07
9.500  17.000  3.1252e-02
9.500  17.250  3.6983e-02
9.500  17.500  3.7696e-02
9.500  17.750  3.5006e-02
9.500  18.000  3.1265e-02
9.500  18.250  2.6954e-02
9.500  18.500  2.0813e-02
9.500  18.750  1.4350e-02
9.500  19.000  1.0224e-02
9.500  19.250  8.2667e-03
9.500  19.500  7.0307e-03
9.500  19.750  5.8369e-03
9.500  20.000  4.3125e-03
9.500  20.250  2.7602e-03
9.500  20.500  1.1350e-04
9.500  20.750  1.8930e-06
9.500  21.000  1.0000e-07
9.500  21.250  1.0000e-07
9.500  21.500  1.0000e-07
9.500  21.750  1.0000e-07
9.500  22.000  1.0000e-07
9.500  22.250  1.0000e-07
9.500  22.500  1.0000e-07
9.500  22.750  1.0000e-07
9.500  23.000  1.0000e-07
9.500  23.250  1.0000e-07
9.500  23.500  1.0000e-07
9.500  23.750  1.0000e-07
9.500  24.000  1.0000e-07
9.750  17.000  2.2441e-02
9.750  17.250  3.2917e-02
9.750  17.500  3.9843e-02
9.750  17.750  4.1629e-02
9.750  18.000  4.0121e-02
9.750  18.250  3.6927e-02
9.750  18.500  3.1167e-02
9.750  18.750  2.2904e-02
9.750  19.000  1.5912e-02
9.750  19.250  1.1718e-02
9.750  19.500  8.8108e-03
9.750  19.750  6.6556e-03
9.750  20.000  5.0379e-03
9.750  20.250  3.7735e-03
9.750  20.500  1.7083e-03
9.750  20.750  5.6049e-05
9.750  21.000  1.9753e-06
9.750  21.250  1.0000e-07
9.750  21.500  1.0000e-07
9.750  21.750  1.0000e-07
9.750  22.000  1.0000e-07
9.750  22.250  1.0000e-07
9.750  22.500  1.0000e-07
9.750  22.750  1.0000e-07
9.750  23.000  1.0000e-07
9.750  23.250  1.0000e-07
9.750  23.500  1.0000e-07
9.750  23.750  1.0000e-07
9.750  24.000  1.0000e-07
10.000  17.000  1.2126e-02
10.000  17.250  2.3575e-02
10.000  17.500  3.5509e-02
10.000  17.750  4.4129e-02
10.000  18.000  4.8062e-02
10.000  18.250  4.7477e-02
10.000  18.500  4.2347e-02
10.000  18.750  3.3780e-02
10.000  19.000  2.4524e-02
10.000  19.250  1.7364e-02
10.000  19.500  1.2656e-02
10.000  19.750  9.2579e-03
10.000  20.000  6.7611e-03
10.000  20.250  5.1208e-03
10.000  20.500  3.7649e-03
10.000  20.750  2.9314e-03
10.000  21.000  4.2798e-05
10.000  21.250  2.1399e-06
10.000  21.500  1.0000e-07
10.000  21.750  1.0000e-07
10.000  22.000  1.0000e-07
10.000  22.250  1.0000e-07
10.000  22.500  1.0000e-07
10.000  22.750  1.0000e-07
10.000  23.000  1.0000e-07
10.000  23.250  1.0000e-07
10.000  23.500  1.0000e-07
10.000  23.750  1.0000e-07
10.000  24.000  1.0000e-07
10.250  17.000  4.6666e-03
10.250  17.250  1.2458e-02
10.250  17.500  2.5378e-02
10.250  17.750  3.9268e-02
10.250  18.000  5.0805e-02
10.250  18.250  5.5911e-02
10.250  18.500  5.2940e-02
10.250  18.750  4.5007e-02
10.250  19.000  3.4892e-02
10.250  19.250  2.4988e-02
10.250  19.500  1.7499e-02
10.250  19.750  1.2603e-02
10.250  20.000  9.1017e-03
10.250  20.250  6.5744e-03
10.250  20.500  4.7343e-03
10.250  20.750  3.4099e-03
10.250  21.000  2.0747e-03
10.250  21.250  4.2305e-05
10.250  21.500  2.5514e-06
10.250  21.750  1.0000e-07
10.250  22.000  1.0000e-07
10.250  22.250  1.0000e-07
10.250  22.500  1.0000e-07
10.250  22.750  1.0000e-07
10.250  23.000  1.0000e-07
10.250  23.250  1.0000e-07
10.250  23.500  1.0000e-07
10.250  23.750  1.0000e-07
10.250  24.000  1.0000e-07
10.500  17.000  1.4941e-03
10.500  17.250  4.8457e-03
10.500  17.500  1.3419e-02
10.500  17.750  2.8113e-02
10.500  18.000  4.4758e-02
10.500  18.250  5.7220e-02
10.500  18.500  5.9753e-02
10.500  18.750  5.3896e-02
10.500  19.000  4.4066e-02
10.500  19.250  3.3182e-02
10.500  19.500  2.3057e-02
10.500  19.750  1.5541e-02
10.500  20.000  1.0616e-02
10.500  20.250  7.3212e-03
10.500  20.500  5.1434e-03
10.500  20.750  3.7713e-03
10.500  21.000  2.7793e-03
10.500  21.250  9.8568e-04
10.500  21.500  4.4774e-05
10.500  21.750  2.7984e-06
10.500  22.000  1.0000e-07
10.500  22.250  1.0000e-07
10.500  22.500  1.0000e-07
10.500  22.750  1.0000e-07
10.500  23.000  1.0000e-07
10.500  23.250  1.0000e-07
10.500  23.500  1.0000e-07
10.500  23.750  1.0000e-07
10.500  24.000  1.0000e-07
10.750  17.000  4.8510e-04
10.750  17.250  1.5315e-03
10.750  17.500  5.2251e-03
10.750  17.750  1.5203e-02
10.750  18.000  3.1632e-02
10.750  18.250  4.8392e-02
10.750  18.500  5.8087e-02
10.750  18.750  5.7442e-02
10.750  19.000  4.9927e-02
10.750  19.250  3.9580e-02
10.750  19.500  2.8789e-02
10.750  19.750  1.9258e-02
10.750  20.000  1.2291e-02
10.750  20.250  7.9638e-03
10.750  20.500  5.3665e-03
10.750  20.750  3.8047e-03
10.750  21.000  2.8732e-03
10.750  21.250  2.2434e-03
10.750  21.500  7.0288e-04
10.750  21.750  4.3045e-05
10.750  22.000  3.0453e-06
10.750  22.250  1.0000e-07
10.750  22.500  1.0000e-07
10.750  22.750  1.0000e-07
10.750  23.000  1.0000e-07
10.750  23.250  1.0000e-07
10.750  23.500  1.0000e-07
10.750  23.750  1.0000e-07
10.750  24.000  1.0000e-07
11.000  17.000  1.8033e-04
11.000  17.250  4.8757e-04
11.000  17.500  1.6378e-03
11.000  17.750  6.0441e-03
11.000  18.000  1.6998e-02
11.000  18.250  3.2319e-02
11.000  18.500  4.6104e-02
11.000  18.750  5.2797e-02
11.000  19.000  5.0457e-02
11.000  19.250  4.2648e-02
11.000  19.500  3.2965e-02
11.000  19.750  2.3610e-02
11.000  20.000  1.5504e-02
11.000  20.250  9.5761e-03
11.000  20.500  5.9392e-03
11.000  20.750  3.9295e-03
11.000  21.000  2.8219e-03
11.000  21.250  2.2317e-03
11.000  21.500  1.6063e-03
11.000  21.750  6.4379e-04
11.000  22.000  4.5514e-05
11.000  22.250  3.0453e-06
11.000  22.500  1.0000e-07
11.000  22.750  1.0000e-07
11.000  23.000  1.0000e-07
11.000  23.250  1.0000e-07
11.000  23.500  1.0000e-07
11.000  23.750  1.0000e-07
11.000  24.000  1.0000e-07
11.250  17.000  7.6296e-05
11.250  17.250  1.7498e-04
11.250  17.500  5.0502e-04
11.250  17.750  1.8815e-03
11.250  18.000  6.6981e-03
11.250  18.250  1.6330e-02
11.250  18.500  2.8659e-02
11.250  18.750  3.9396e-02
11.250  19.000  4.3589e-02
11.250  19.250  4.0579e-02
11.250  19.500  3.4075e-02
11.250  19.750  2.6432e-02
11.250  20.000  1.9021e-02
11.250  20.250  1.2516e-02
11.250  20.500  7.5872e-03
11.250  20.750  4.5261e-03
11.250  21.000  2.9193e-03
11.250  21.250  2.1240e-03
11.250  21.500  1.6296e-03
11.250  21.750  1.3467e-03
11.250  22.000  4.8815e-04
11.250  22.250  4.5185e-05
11.250  22.500  2.5514e-06
11.250  22.750  1.0000e-07
11.250  23.000  1.0000e-07
11.250  23.250  1.0000e-07
11.250  23.500  1.0000e-07
11.250  23.750  1.0000e-07
11.250  24.000  1.0000e-07
11.500  17.000  3.5473e-05
11.500  17.250  7.0947e-05
11.500  17.500  1.7004e-04
11.500  17.750  5.3539e-04
11.500  18.000  2.0244e-03
11.500  18.250  6.0614e-03
11.500  18.500  1.3299e-02
11.500  18.750  2.2698e-02
11.500  19.000  3.0576e-02
11.500  19.250  3.3195e-02
11.500  19.500  3.1029e-02
11.500  19.750  2.6403e-02
11.500  20.000  2.0735e-02
11.500  20.250  1.5111e-02
11.500  20.500  1.0011e-02
11.500  20.750  5.9928e-03
11.500  21.000  3.4557e-03
11.500  21.250  2.1679e-03
11.500  21.500  1.4979e-03
11.500  21.750  1.2903e-03
11.500  22.000  1.0980e-03
11.500  22.250  4.1663e-04
11.500  22.500  3.7119e-05
11.500  22.750  1.8930e-06
11.500  23.000  1.0000e-07
11.500  23.250  1.0000e-07
11.500  23.500  1.0000e-07
11.500  23.750  1.0000e-07
11.500  24.000  1.0000e-07
11.750  17.000  1.7284e-05
11.750  17.250  3.1440e-05
11.750  17.500  6.3539e-05
11.750  17.750  1.5926e-04
11.750  18.000  5.2584e-04
11.750  18.250  1.7467e-03
11.750  18.500  4.5659e-03
11.750  18.750  9.6735e-03
11.750  19.000  1.6531e-02
11.750  19.250  2.2219e-02
11.750  19.500  2.4077e-02
11.750  19.750  2.2851e-02
11.750  20.000  1.9856e-02
11.750  20.250  1.5863e-02
11.750  20.500  1.1685e-02
11.750  20.750  7.7941e-03
11.750  21.000  4.6021e-03
11.750  21.250  2.5598e-03
11.750  21.500  1.5057e-03
11.750  21.750  1.1212e-03
11.750  22.000  1.0189e-03
11.750  22.250  8.7037e-04
11.750  22.500  3.2255e-04
11.750  22.750  3.0864e-05
11.750  23.000  1.1523e-06
11.750  23.250  1.0000e-07
11.750  23.500  1.0000e-07
11.750  23.750  1.0000e-07
11.750  24.000  1.0000e-07
12.000  17.000  8.7243e-06
12.000  17.250  1.4650e-05
12.000  17.500  2.6091e-05
12.000  17.750  5.3333e-05
12.000  18.000  1.4008e-04
12.000  18.250  4.3951e-04
12.000  18.500  1.2565e-03
12.000  18.750  3.0795e-03
12.000  19.000  6.5792e-03
12.000  19.250  1.1427e-02
12.000  19.500  1.5425e-02
12.000  19.750  1.6896e-02
12.000  20.000  1.6447e-02
12.000  20.250  1.4622e-02
12.000  20.500  1.1861e-02
12.000  20.750  8.8026e-03
12.000  21.000  5.8259e-03
12.000  21.250  3.3653e-03
12.000  21.500  1.7708e-03
12.000  21.750  1.0770e-03
12.000  22.000  8.4321e-04
12.000  22.250  7.8584e-04
12.000  22.500  6.7909e-04
12.000  22.750  2.3934e-04
12.000  23.000  2.0741e-05
12.000  23.250  1.0000e-07
12.000  23.500  1.0000e-07
12.000  23.750  1.0000e-07
12.000  24.000  1.0000e-07
12.250  17.000  4.6091e-06
12.250  17.250  7.1605e-06
12.250  17.500  1.1605e-05
12.250  17.750  2.0494e-05
12.250  18.000  4.3292e-05
12.250  18.250  1.1564e-04
12.250  18.500  3.2691e-04
12.250  18.750  8.4115e-04
12.250  19.000  2.0132e-03
12.250  19.250  4.3938e-03
12.250  19.500  7.7470e-03
12.250  19.750  1.0509e-02
12.250  20.000  1.1711e-02
12.250  20.250  1.1682e-02
12.250  20.500  1.0520e-02
12.250  20.750  8.6122e-03
12.250  21.000  6.4247e-03
12.250  21.250  4.1923e-03
12.250  21.500  2.3174e-03
12.250  21.750  1.2325e-03
12.250  22.000  7.7592e-04
12.250  22.250  6.7824e-04
12.250  22.500  6.8323e-04
12.250  22.750  5.3465e-04
12.250  23.000  1.5811e-04
12.250  23.250  1.2428e-05
12.250  23.500  1.0000e-07
12.250  23.750  1.0000e-07
12.250  24.000  1.0000e-07
12.500  17.000  2.4691e-06
12.500  17.250  3.7037e-06
12.500  17.500  5.5144e-06
12.500  17.750  8.8066e-06
12.500  18.000  1.6049e-05
12.500  18.250  3.5391e-05
12.500  18.500  9.2099e-05
12.500  18.750  2.3770e-04
12.500  19.000  5.7687e-04
12.500  19.250  1.3667e-03
12.500  19.500  2.9997e-03
12.500  19.750  5.2530e-03
12.500  20.000  7.1330e-03
12.500  20.250  8.0976e-03
12.500  20.500  8.1885e-03
12.500  20.750  7.4579e-03
12.500  21.000  6.1676e-03
12.500  21.250  4.5745e-03
12.500  21.500  2.9007e-03
12.500  21.750  1.6202e-03
12.500  22.000  8.8099e-04
12.500  22.250  6.1572e-04
12.500  22.500  4.6746e-04
12.500  22.750  3.3883e-04
12.500  23.000  2.2069e-04
12.500  23.250  1.0387e-04
12.500  23.500  6.3374e-06
12.500  23.750  1.0000e-07
12.500  24.000  1.0000e-07
12.750  17.000  1.3992e-06
12.750  17.250  1.9753e-06
12.750  17.500  2.7984e-06
12.750  17.750  4.1975e-06
12.750  18.000  6.8313e-06
12.750  18.250  1.3004e-05
12.750  18.500  2.9630e-05
12.750  18.750  7.4239e-05
12.750  19.000  1.8214e-04
12.750  19.250  4.2543e-04
12.750  19.500  9.8049e-04
12.750  19.750  2.0867e-03
12.750  20.000  3.5667e-03
12.750  20.250  4.8537e-03
12.750  20.500  5.5754e-03
12.750  20.750  5.6991e-03
12.750  21.000  5.2797e-03
12.750  21.250  4.3709e-03
12.750  21.500  3.1997e-03
12.750  21.750  2.0201e-03
12.750  22.000  1.1386e-03
12.750  22.250  6.4510e-04
12.750  22.500  4.7791e-04
12.750  22.750  4.7325e-04
12.750  23.000  4.4642e-04
12.750  23.250  2.7004e-04
12.750  23.500  6.4115e-05
12.750  23.750  2.6337e-06
12.750  24.000  1.0000e-07
13.000  17.000  1.0000e-07
13.000  17.250  1.0700e-06
13.000  17.500  1.4815e-06
13.000  17.750  2.1399e-06
13.000  18.000  3.2922e-06
13.000  18.250  5.5967e-06
13.000  18.500  1.1193e-05
13.000  18.750  2.5679e-05
13.000  19.000  6.2798e-05
13.000  19.250  1.5062e-04
13.000  19.500  3.3547e-04
13.000  19.750  7.2494e-04
13.000  20.000  1.4463e-03
13.000  20.250  2.4173e-03
13.000  20.500  3.3002e-03
13.000  20.750  3.8582e-03
13.000  21.000  3.9972e-03
13.000  21.250  3.7551e-03
13.000  21.500  3.0758e-03
13.000  21.750  2.2611e-03
13.000  22.000  1.4205e-03
13.000  22.250  7.8930e-04
13.000  22.500  4.7992e-04
13.000  22.750  3.9926e-04
13.000  23.000  3.9325e-04
13.000  23.250  3.4477e-04
13.000  23.500  1.8626e-04
13.000  23.750  3.8683e-05
13.000  24.000  1.0700e-06
13.250  17.000  1.0000e-07
13.250  17.250  1.0000e-07
13.250  17.500  1.0000e-07
13.250  17.750  1.1523e-06
13.250  18.000  1.7284e-06
13.250  18.250  2.7160e-06
13.250  18.500  4.9383e-06
13.250  18.750  1.0041e-05
13.250  19.000  2.2881e-05
13.250  19.250  5.5473e-05
13.250  19.500  1.2988e-04
13.250  19.750  2.7770e-04
13.250  20.000  5.4897e-04
13.250  20.250  1.0041e-03
13.250  20.500  1.6117e-03
13.250  20.750  2.2098e-03
13.250  21.000  2.6698e-03
13.250  21.250  2.7229e-03
13.250  21.500  2.4892e-03
13.250  21.750  2.0393e-03
13.250  22.000  1.4908e-03
13.250  22.250  9.6288e-04
13.250  22.500  5.6494e-04
13.250  22.750  3.7004e-04
13.250  23.000  3.2033e-04
13.250  23.250  3.1078e-04
13.250  23.500  2.6288e-04
13.250  23.750  1.2486e-04
13.250  24.000  2.2634e-05
13.500  17.000  1.0000e-07
13.500  17.250  1.0000e-07
13.500  17.500  1.0000e-07
13.500  17.750  1.0000e-07
13.500  18.000  9.0535e-07
13.500  18.250  1.4815e-06
13.500  18.500  2.3868e-06
13.500  18.750  4.4444e-06
13.500  19.000  9.2181e-06
13.500  19.250  2.1152e-05
13.500  19.500  5.0782e-05
13.500  19.750  1.1737e-04
13.500  20.000  2.4025e-04
13.500  20.250  4.4107e-04
13.500  20.500  7.2691e-04
13.500  20.750  1.0965e-03
13.500  21.000  1.4419e-03
13.500  21.250  1.7186e-03
13.500  21.500  1.7549e-03
13.500  21.750  1.6090e-03
13.500  22.000  1.3565e-03
13.500  22.250  1.0274e-03
13.500  22.500  6.8354e-04
13.500  22.750  4.2675e-04
13.500  23.000  3.0601e-04
13.500  23.250  2.7169e-04
13.500  23.500  2.5218e-04
13.500  23.750  1.9572e-04
13.500  24.000  8.3210e-05
13.750  17.000  1.0000e-07
13.750  17.250  1.0000e-07
13.750  17.500  1.0000e-07
13.750  17.750  1.0000e-07
13.750  18.000  1.0000e-07
13.750  18.250  1.0000e-07
13.750  18.500  1.3169e-06
13.750  18.750  2.2222e-06
13.750  19.000  4.1975e-06
13.750  19.250  8.8066e-06
13.750  19.500  2.0247e-05
13.750  19.750  4.8230e-05
13.750  20.000  1.0930e-04
13.750  20.250  2.1613e-04
13.750  20.500  3.6963e-04
13.750  20.750  5.6206e-04
13.750  21.000  7.8222e-04
13.750  21.250  9.8543e-04
13.750  21.500  1.1174e-03
13.750  21.750  1.1458e-03
13.750  22.000  1.0653e-03
13.750  22.250  9.2214e-04
13.750  22.500  7.1934e-04
13.750  22.750  4.9885e-04
13.750  23.000  3.4173e-04
13.750  23.250  2.6370e-04
13.750  23.500  2.3078e-04
13.750  23.750  1.9811e-04
13.750  24.000  1.3926e-04
14.000  17.000  1.0000e-07
14.000  17.250  1.0000e-07
14.000  17.500  1.0000e-07
14.000  17.750  1.0000e-07
14.000  18.000  1.0000e-07
14.000  18.250  1.0000e-07
14.000  18.500  1.0000e-07
14.000  18.750  1.1523e-06
14.000  19.000  2.0576e-06
14.000  19.250  3.9506e-06
14.000  19.500  8.5597e-06
14.000  19.750  1.9835e-05
14.000  20.000  4.6584e-05
14.000  20.250  1.0247e-04
14.000  20.500  1.9506e-04
14.000  20.750  3.1588e-04
14.000  21.000  4.5193e-04
14.000  21.250  5.9473e-04
14.000  21.500  7.0609e-04
14.000  21.750  7.7695e-04
14.000  22.000  7.7942e-04
14.000  22.250  7.3350e-04
14.000  22.500  6.4181e-04
14.000  22.750  5.1638e-04
14.000  23.000  3.7959e-04
14.000  23.250  2.7737e-04
14.000  23.500  2.2189e-04
14.000  23.750  1.8527e-04
14.000  24.000  1.4642e-04
