InwT 9000.00A  relative to Inci 1215.00A scaled to 1215A.
Hden   Phi(H)  Eq_Width (A)
7.000  17.000  6.5907e-02
7.000  17.250  7.8522e-02
7.000  17.500  9.4609e-02
7.000  17.750  1.1331e-01
7.000  18.000  1.2923e-01
7.000  18.250  1.3617e-01
7.000  18.500  1.3197e-01
7.000  18.750  1.2696e-01
7.000  19.000  1.2384e-01
7.000  19.250  1.2270e-01
7.000  19.500  1.2200e-01
7.000  19.750  1.2163e-01
7.000  20.000  1.2155e-01
7.000  20.250  1.2152e-01
7.000  20.500  1.2150e-01
7.000  20.750  1.2149e-01
7.000  21.000  1.2149e-01
7.000  21.250  1.2149e-01
7.000  21.500  1.2148e-01
7.000  21.750  1.2149e-01
7.000  22.000  1.2148e-01
7.000  22.250  1.2148e-01
7.000  22.500  1.2148e-01
7.000  22.750  1.2148e-01
7.000  23.000  1.2148e-01
7.000  23.250  1.2148e-01
7.000  23.500  1.2148e-01
7.000  23.750  1.2148e-01
7.000  24.000  1.2148e-01
7.250  17.000  5.7976e-02
7.250  17.250  6.8416e-02
7.250  17.500  8.2036e-02
7.250  17.750  9.8927e-02
7.250  18.000  1.1761e-01
7.250  18.250  1.3181e-01
7.250  18.500  1.3667e-01
7.250  18.750  1.3198e-01
7.250  19.000  1.2695e-01
7.250  19.250  1.2384e-01
7.250  19.500  1.2269e-01
7.250  19.750  1.2200e-01
7.250  20.000  1.2164e-01
7.250  20.250  1.2155e-01
7.250  20.500  1.2152e-01
7.250  20.750  1.2150e-01
7.250  21.000  1.2149e-01
7.250  21.250  1.2149e-01
7.250  21.500  1.2149e-01
7.250  21.750  1.2149e-01
7.250  22.000  1.2148e-01
7.250  22.250  1.2148e-01
7.250  22.500  1.2148e-01
7.250  22.750  1.2148e-01
7.250  23.000  1.2148e-01
7.250  23.250  1.2148e-01
7.250  23.500  1.2148e-01
7.250  23.750  1.2148e-01
7.250  24.000  1.2148e-01
7.500  17.000  5.2107e-02
7.500  17.250  6.0417e-02
7.500  17.500  7.2334e-02
7.500  17.750  8.7766e-02
7.500  18.000  1.0561e-01
7.500  18.250  1.2401e-01
7.500  18.500  1.3464e-01
7.500  18.750  1.3715e-01
7.500  19.000  1.3198e-01
7.500  19.250  1.2695e-01
7.500  19.500  1.2384e-01
7.500  19.750  1.2269e-01
7.500  20.000  1.2200e-01
7.500  20.250  1.2164e-01
7.500  20.500  1.2155e-01
7.500  20.750  1.2152e-01
7.500  21.000  1.2150e-01
7.500  21.250  1.2149e-01
7.500  21.500  1.2149e-01
7.500  21.750  1.2149e-01
7.500  22.000  1.2149e-01
7.500  22.250  1.2149e-01
7.500  22.500  1.2148e-01
7.500  22.750  1.2148e-01
7.500  23.000  1.2148e-01
7.500  23.250  1.2148e-01
7.500  23.500  1.2148e-01
7.500  23.750  1.2148e-01
7.500  24.000  1.2148e-01
7.750  17.000  4.8249e-02
7.750  17.250  5.4354e-02
7.750  17.500  6.4497e-02
7.750  17.750  7.9149e-02
7.750  18.000  9.7254e-02
7.750  18.250  1.1621e-01
7.750  18.500  1.3215e-01
7.750  18.750  1.3799e-01
7.750  19.000  1.3765e-01
7.750  19.250  1.3200e-01
7.750  19.500  1.2694e-01
7.750  19.750  1.2384e-01
7.750  20.000  1.2270e-01
7.750  20.250  1.2200e-01
7.750  20.500  1.2163e-01
7.750  20.750  1.2155e-01
7.750  21.000  1.2152e-01
7.750  21.250  1.2150e-01
7.750  21.500  1.2149e-01
7.750  21.750  1.2149e-01
7.750  22.000  1.2149e-01
7.750  22.250  1.2149e-01
7.750  22.500  1.2148e-01
7.750  22.750  1.2148e-01
7.750  23.000  1.2148e-01
7.750  23.250  1.2148e-01
7.750  23.500  1.2148e-01
7.750  23.750  1.2148e-01
7.750  24.000  1.2148e-01
8.000  17.000  4.6013e-02
8.000  17.250  4.9988e-02
8.000  17.500  5.7854e-02
8.000  17.750  7.1562e-02
8.000  18.000  9.1053e-02
8.000  18.250  1.1239e-01
8.000  18.500  1.3004e-01
8.000  18.750  1.4149e-01
8.000  19.000  1.4093e-01
8.000  19.250  1.3797e-01
8.000  19.500  1.3200e-01
8.000  19.750  1.2694e-01
8.000  20.000  1.2384e-01
8.000  20.250  1.2269e-01
8.000  20.500  1.2199e-01
8.000  20.750  1.2164e-01
8.000  21.000  1.2155e-01
8.000  21.250  1.2152e-01
8.000  21.500  1.2150e-01
8.000  21.750  1.2149e-01
8.000  22.000  1.2149e-01
8.000  22.250  1.2149e-01
8.000  22.500  1.2149e-01
8.000  22.750  1.2148e-01
8.000  23.000  1.2148e-01
8.000  23.250  1.2148e-01
8.000  23.500  1.2148e-01
8.000  23.750  1.2148e-01
8.000  24.000  1.2148e-01
8.250  17.000  4.5762e-02
8.250  17.250  4.7980e-02
8.250  17.500  5.3610e-02
8.250  17.750  6.5200e-02
8.250  18.000  8.5941e-02
8.250  18.250  1.1193e-01
8.250  18.500  1.3423e-01
8.250  18.750  1.4619e-01
8.250  19.000  1.5174e-01
8.250  19.250  1.4323e-01
8.250  19.500  1.3858e-01
8.250  19.750  1.3201e-01
8.250  20.000  1.2693e-01
8.250  20.250  1.2384e-01
8.250  20.500  1.2269e-01
8.250  20.750  1.2200e-01
8.250  21.000  1.2164e-01
8.250  21.250  1.2155e-01
8.250  21.500  1.2152e-01
8.250  21.750  1.2150e-01
8.250  22.000  1.2149e-01
8.250  22.250  1.2149e-01
8.250  22.500  1.2149e-01
8.250  22.750  1.2149e-01
8.250  23.000  1.2149e-01
8.250  23.250  1.2148e-01
8.250  23.500  1.2148e-01
8.250  23.750  1.2148e-01
8.250  24.000  1.2148e-01
8.500  17.000  4.6788e-02
8.500  17.250  4.7748e-02
8.500  17.500  5.1513e-02
8.500  17.750  6.0678e-02
8.500  18.000  8.0294e-02
8.500  18.250  1.1066e-01
8.500  18.500  1.4058e-01
8.500  18.750  1.5766e-01
8.500  19.000  1.6054e-01
8.500  19.250  1.5609e-01
8.500  19.500  1.4549e-01
8.500  19.750  1.3880e-01
8.500  20.000  1.3204e-01
8.500  20.250  1.2692e-01
8.500  20.500  1.2384e-01
8.500  20.750  1.2269e-01
8.500  21.000  1.2199e-01
8.500  21.250  1.2163e-01
8.500  21.500  1.2155e-01
8.500  21.750  1.2152e-01
8.500  22.000  1.2150e-01
8.500  22.250  1.2149e-01
8.500  22.500  1.2149e-01
8.500  22.750  1.2149e-01
8.500  23.000  1.2148e-01
8.500  23.250  1.2148e-01
8.500  23.500  1.2148e-01
8.500  23.750  1.2148e-01
8.500  24.000  1.2148e-01
8.750  17.000  4.8828e-02
8.750  17.250  4.8882e-02
8.750  17.500  5.1381e-02
8.750  17.750  5.8597e-02
8.750  18.000  7.5959e-02
8.750  18.250  1.0723e-01
8.750  18.500  1.4378e-01
8.750  18.750  1.6976e-01
8.750  19.000  1.7690e-01
8.750  19.250  1.7627e-01
8.750  19.500  1.6174e-01
8.750  19.750  1.4765e-01
8.750  20.000  1.3872e-01
8.750  20.250  1.3207e-01
8.750  20.500  1.2691e-01
8.750  20.750  1.2384e-01
8.750  21.000  1.2270e-01
8.750  21.250  1.2199e-01
8.750  21.500  1.2164e-01
8.750  21.750  1.2155e-01
8.750  22.000  1.2152e-01
8.750  22.250  1.2150e-01
8.750  22.500  1.2149e-01
8.750  22.750  1.2149e-01
8.750  23.000  1.2149e-01
8.750  23.250  1.2149e-01
8.750  23.500  1.2149e-01
8.750  23.750  1.2148e-01
8.750  24.000  1.2148e-01
9.000  17.000  5.1761e-02
9.000  17.250  5.1095e-02
9.000  17.500  5.2774e-02
9.000  17.750  5.8834e-02
9.000  18.000  7.4403e-02
9.000  18.250  1.0435e-01
9.000  18.500  1.4351e-01
9.000  18.750  1.7816e-01
9.000  19.000  1.9564e-01
9.000  19.250  1.9592e-01
9.000  19.500  1.8825e-01
9.000  19.750  1.6479e-01
9.000  20.000  1.4961e-01
9.000  20.250  1.3863e-01
9.000  20.500  1.3212e-01
9.000  20.750  1.2690e-01
9.000  21.000  1.2384e-01
9.000  21.250  1.2270e-01
9.000  21.500  1.2200e-01
9.000  21.750  1.2164e-01
9.000  22.000  1.2155e-01
9.000  22.250  1.2152e-01
9.000  22.500  1.2150e-01
9.000  22.750  1.2149e-01
9.000  23.000  1.2149e-01
9.000  23.250  1.2149e-01
9.000  23.500  1.2149e-01
9.000  23.750  1.2148e-01
9.000  24.000  1.2148e-01
9.250  17.000  5.5680e-02
9.250  17.250  5.4346e-02
9.250  17.500  5.5454e-02
9.250  17.750  6.1085e-02
9.250  18.000  7.6289e-02
9.250  18.250  1.0565e-01
9.250  18.500  1.4389e-01
9.250  18.750  1.7859e-01
9.250  19.000  2.0611e-01
9.250  19.250  2.1878e-01
9.250  19.500  2.1214e-01
9.250  19.750  1.9635e-01
9.250  20.000  1.6811e-01
9.250  20.250  1.5112e-01
9.250  20.500  1.3852e-01
9.250  20.750  1.3219e-01
9.250  21.000  1.2688e-01
9.250  21.250  1.2384e-01
9.250  21.500  1.2269e-01
9.250  21.750  1.2198e-01
9.250  22.000  1.2158e-01
9.250  22.250  1.2154e-01
9.250  22.500  1.2152e-01
9.250  22.750  1.2150e-01
9.250  23.000  1.2149e-01
9.250  23.250  1.2149e-01
9.250  23.500  1.2149e-01
9.250  23.750  1.2149e-01
9.250  24.000  1.2148e-01
9.500  17.000  6.0796e-02
9.500  17.250  5.8724e-02
9.500  17.500  5.9437e-02
9.500  17.750  6.5172e-02
9.500  18.000  8.0845e-02
9.500  18.250  1.1120e-01
9.500  18.500  1.4767e-01
9.500  18.750  1.7998e-01
9.500  19.000  2.0740e-01
9.500  19.250  2.2635e-01
9.500  19.500  2.3244e-01
9.500  19.750  2.2852e-01
9.500  20.000  2.0054e-01
9.500  20.250  1.7025e-01
9.500  20.500  1.5156e-01
9.500  20.750  1.3842e-01
9.500  21.000  1.3227e-01
9.500  21.250  1.2686e-01
9.500  21.500  1.2381e-01
9.500  21.750  1.2263e-01
9.500  22.000  1.2185e-01
9.500  22.250  1.2131e-01
9.500  22.500  1.2105e-01
9.500  22.750  1.2098e-01
9.500  23.000  1.2093e-01
9.500  23.250  1.2091e-01
9.500  23.500  1.2113e-01
9.500  23.750  1.2112e-01
9.500  24.000  1.2112e-01
9.750  17.000  6.7357e-02
9.750  17.250  6.4368e-02
9.750  17.500  6.4687e-02
9.750  17.750  7.0875e-02
9.750  18.000  8.8980e-02
9.750  18.250  1.2070e-01
9.750  18.500  1.5441e-01
9.750  18.750  1.8258e-01
9.750  19.000  2.0603e-01
9.750  19.250  2.2672e-01
9.750  19.500  2.4211e-01
9.750  19.750  2.4684e-01
9.750  20.000  2.3838e-01
9.750  20.250  2.0345e-01
9.750  20.500  1.7269e-01
9.750  20.750  1.5114e-01
9.750  21.000  1.3836e-01
9.750  21.250  1.3242e-01
9.750  21.500  1.2685e-01
9.750  21.750  1.2382e-01
9.750  22.000  1.2263e-01
9.750  22.250  1.2185e-01
9.750  22.500  1.2134e-01
9.750  22.750  1.2110e-01
9.750  23.000  1.2104e-01
9.750  23.250  1.2100e-01
9.750  23.500  1.2099e-01
9.750  23.750  1.2097e-01
9.750  24.000  1.2097e-01
10.000  17.000  7.5948e-02
10.000  17.250  7.1635e-02
10.000  17.500  7.1486e-02
10.000  17.750  7.8482e-02
10.000  18.000  9.8559e-02
10.000  18.250  1.3126e-01
10.000  18.500  1.6329e-01
10.000  18.750  1.8714e-01
10.000  19.000  2.0534e-01
10.000  19.250  2.2356e-01
10.000  19.500  2.4215e-01
10.000  19.750  2.5837e-01
10.000  20.000  2.6342e-01
10.000  20.250  2.4593e-01
10.000  20.500  2.0713e-01
10.000  20.750  1.7458e-01
10.000  21.000  1.5081e-01
10.000  21.250  1.3840e-01
10.000  21.500  1.3257e-01
10.000  21.750  1.2683e-01
10.000  22.000  1.2382e-01
10.000  22.250  1.2265e-01
10.000  22.500  1.2186e-01
10.000  22.750  1.2134e-01
10.000  23.000  1.2112e-01
10.000  23.250  1.2108e-01
10.000  23.500  1.2104e-01
10.000  23.750  1.2104e-01
10.000  24.000  1.2103e-01
10.250  17.000  8.7215e-02
10.250  17.250  8.0951e-02
10.250  17.500  8.0273e-02
10.250  17.750  8.8583e-02
10.250  18.000  1.1095e-01
10.250  18.250  1.4385e-01
10.250  18.500  1.7209e-01
10.250  18.750  1.9209e-01
10.250  19.000  2.0550e-01
10.250  19.250  2.1969e-01
10.250  19.500  2.3648e-01
10.250  19.750  2.5453e-01
10.250  20.000  2.6855e-01
10.250  20.250  2.7255e-01
10.250  20.500  2.5038e-01
10.250  20.750  2.1071e-01
10.250  21.000  1.7515e-01
10.250  21.250  1.5055e-01
10.250  21.500  1.3876e-01
10.250  21.750  1.3267e-01
10.250  22.000  1.2680e-01
10.250  22.250  1.2382e-01
10.250  22.500  1.2267e-01
10.250  22.750  1.2187e-01
10.250  23.000  1.2134e-01
10.250  23.250  1.2114e-01
10.250  23.500  1.2110e-01
10.250  23.750  1.2107e-01
10.250  24.000  1.2106e-01
10.500  17.000  1.0237e-01
10.500  17.250  9.3377e-02
10.500  17.500  9.1746e-02
10.500  17.750  1.0132e-01
10.500  18.000  1.2570e-01
10.500  18.250  1.5779e-01
10.500  18.500  1.8140e-01
10.500  18.750  1.9741e-01
10.500  19.000  2.0825e-01
10.500  19.250  2.1791e-01
10.500  19.500  2.3198e-01
10.500  19.750  2.4855e-01
10.500  20.000  2.6610e-01
10.500  20.250  2.7918e-01
10.500  20.500  2.8187e-01
10.500  20.750  2.5581e-01
10.500  21.000  2.1391e-01
10.500  21.250  1.7433e-01
10.500  21.500  1.5070e-01
10.500  21.750  1.3929e-01
10.500  22.000  1.3261e-01
10.500  22.250  1.2676e-01
10.500  22.500  1.2381e-01
10.500  22.750  1.2268e-01
10.500  23.000  1.2195e-01
10.500  23.250  1.2140e-01
10.500  23.500  1.2117e-01
10.500  23.750  1.2111e-01
10.500  24.000  1.2109e-01
10.750  17.000  1.2234e-01
10.750  17.250  1.0979e-01
10.750  17.500  1.0673e-01
10.750  17.750  1.1701e-01
10.750  18.000  1.4107e-01
10.750  18.250  1.7180e-01
10.750  18.500  1.9079e-01
10.750  18.750  2.0289e-01
10.750  19.000  2.1126e-01
10.750  19.250  2.2038e-01
10.750  19.500  2.3101e-01
10.750  19.750  2.4444e-01
10.750  20.000  2.6100e-01
10.750  20.250  2.7797e-01
10.750  20.500  2.9021e-01
10.750  20.750  2.9124e-01
10.750  21.000  2.6137e-01
10.750  21.250  2.1619e-01
10.750  21.500  1.7408e-01
10.750  21.750  1.5089e-01
10.750  22.000  1.3992e-01
10.750  22.250  1.3237e-01
10.750  22.500  1.2669e-01
10.750  22.750  1.2380e-01
10.750  23.000  1.2268e-01
10.750  23.250  1.2198e-01
10.750  23.500  1.2155e-01
10.750  23.750  1.2132e-01
10.750  24.000  1.2118e-01
11.000  17.000  1.4763e-01
11.000  17.250  1.3112e-01
11.000  17.500  1.2568e-01
11.000  17.750  1.3567e-01
11.000  18.000  1.5944e-01
11.000  18.250  1.8120e-01
11.000  18.500  1.9762e-01
11.000  18.750  2.0963e-01
11.000  19.000  2.1817e-01
11.000  19.250  2.2480e-01
11.000  19.500  2.3283e-01
11.000  19.750  2.4315e-01
11.000  20.000  2.5633e-01
11.000  20.250  2.7297e-01
11.000  20.500  2.8956e-01
11.000  20.750  3.0055e-01
11.000  21.000  2.9927e-01
11.000  21.250  2.6578e-01
11.000  21.500  2.1755e-01
11.000  21.750  1.7330e-01
11.000  22.000  1.5106e-01
11.000  22.250  1.4042e-01
11.000  22.500  1.3199e-01
11.000  22.750  1.2659e-01
11.000  23.000  1.2377e-01
11.000  23.250  1.2267e-01
11.000  23.500  1.2198e-01
11.000  23.750  1.2161e-01
11.000  24.000  1.2148e-01
11.250  17.000  1.8141e-01
11.250  17.250  1.5750e-01
11.250  17.500  1.4901e-01
11.250  17.750  1.5719e-01
11.250  18.000  1.7139e-01
11.250  18.250  1.8731e-01
11.250  18.500  2.0296e-01
11.250  18.750  2.1633e-01
11.250  19.000  2.2543e-01
11.250  19.250  2.3031e-01
11.250  19.500  2.3678e-01
11.250  19.750  2.4425e-01
11.250  20.000  2.5433e-01
11.250  20.250  2.6810e-01
11.250  20.500  2.8446e-01
11.250  20.750  3.0025e-01
11.250  21.000  3.0896e-01
11.250  21.250  3.0455e-01
11.250  21.500  2.6790e-01
11.250  21.750  2.1521e-01
11.250  22.000  1.7247e-01
11.250  22.250  1.5092e-01
11.250  22.500  1.4032e-01
11.250  22.750  1.3149e-01
11.250  23.000  1.2646e-01
11.250  23.250  1.2373e-01
11.250  23.500  1.2266e-01
11.250  23.750  1.2198e-01
11.250  24.000  1.2162e-01
11.500  17.000  2.2009e-01
11.500  17.250  1.9278e-01
11.500  17.500  1.7687e-01
11.500  17.750  1.8138e-01
11.500  18.000  2.0163e-01
11.500  18.250  2.1665e-01
11.500  18.500  2.2468e-01
11.500  18.750  2.3004e-01
11.500  19.000  2.3556e-01
11.500  19.250  2.3935e-01
11.500  19.500  2.4279e-01
11.500  19.750  2.4772e-01
11.500  20.000  2.5485e-01
11.500  20.250  2.6503e-01
11.500  20.500  2.7895e-01
11.500  20.750  2.9516e-01
11.500  21.000  3.0853e-01
11.500  21.250  3.1339e-01
11.500  21.500  3.0303e-01
11.500  21.750  2.6757e-01
11.500  22.000  2.1130e-01
11.500  22.250  1.7066e-01
11.500  22.500  1.5032e-01
11.500  22.750  1.3918e-01
11.500  23.000  1.3081e-01
11.500  23.250  1.2626e-01
11.500  23.500  1.2368e-01
11.500  23.750  1.2264e-01
11.500  24.000  1.2197e-01
11.750  17.000  2.1958e-01
11.750  17.250  2.4017e-01
11.750  17.500  2.1367e-01
11.750  17.750  2.0937e-01
11.750  18.000  2.2443e-01
11.750  18.250  2.3708e-01
11.750  18.500  2.4286e-01
11.750  18.750  2.4603e-01
11.750  19.000  2.4865e-01
11.750  19.250  2.4990e-01
11.750  19.500  2.5108e-01
11.750  19.750  2.5353e-01
11.750  20.000  2.5787e-01
11.750  20.250  2.6479e-01
11.750  20.500  2.7536e-01
11.750  20.750  2.8935e-01
11.750  21.000  3.0382e-01
11.750  21.250  3.1270e-01
11.750  21.500  3.0912e-01
11.750  21.750  3.0007e-01
11.750  22.000  2.6194e-01
11.750  22.250  2.0541e-01
11.750  22.500  1.6789e-01
11.750  22.750  1.4905e-01
11.750  23.000  1.3733e-01
11.750  23.250  1.2986e-01
11.750  23.500  1.2597e-01
11.750  23.750  1.2359e-01
11.750  24.000  1.2261e-01
12.000  17.000  1.8076e-01
12.000  17.250  2.4278e-01
12.000  17.500  2.6392e-01
12.000  17.750  2.4518e-01
12.000  18.000  2.4897e-01
12.000  18.250  2.5749e-01
12.000  18.500  2.6339e-01
12.000  18.750  2.6614e-01
12.000  19.000  2.6509e-01
12.000  19.250  2.6267e-01
12.000  19.500  2.6158e-01
12.000  19.750  2.6117e-01
12.000  20.000  2.6282e-01
12.000  20.250  2.6701e-01
12.000  20.500  2.7419e-01
12.000  20.750  2.8496e-01
12.000  21.000  2.9811e-01
12.000  21.250  3.0850e-01
12.000  21.500  3.0752e-01
12.000  21.750  3.0280e-01
12.000  22.000  2.9023e-01
12.000  22.250  2.4977e-01
12.000  22.500  1.9714e-01
12.000  22.750  1.6440e-01
12.000  23.000  1.4617e-01
12.000  23.250  1.3467e-01
12.000  23.500  1.2851e-01
12.000  23.750  1.2551e-01
12.000  24.000  1.2345e-01
12.250  17.000  1.5258e-01
12.250  17.250  2.0428e-01
12.250  17.500  2.6959e-01
12.250  17.750  2.9618e-01
12.250  18.000  2.8476e-01
12.250  18.250  2.8656e-01
12.250  18.500  2.9118e-01
12.250  18.750  2.8815e-01
12.250  19.000  2.8147e-01
12.250  19.250  2.7846e-01
12.250  19.500  2.7421e-01
12.250  19.750  2.7117e-01
12.250  20.000  2.6992e-01
12.250  20.250  2.7109e-01
12.250  20.500  2.7532e-01
12.250  20.750  2.8304e-01
12.250  21.000  2.9383e-01
12.250  21.250  3.0402e-01
12.250  21.500  3.0395e-01
12.250  21.750  2.9986e-01
12.250  22.000  2.8833e-01
12.250  22.250  2.7243e-01
12.250  22.500  2.3270e-01
12.250  22.750  1.8748e-01
12.250  23.000  1.5817e-01
12.250  23.250  1.4113e-01
12.250  23.500  1.3095e-01
12.250  23.750  1.2655e-01
12.250  24.000  1.2483e-01
12.500  17.000  1.3460e-01
12.500  17.250  1.7113e-01
12.500  17.500  2.2760e-01
12.500  17.750  2.9281e-01
12.500  18.000  3.3760e-01
12.500  18.250  3.2670e-01
12.500  18.500  3.1987e-01
12.500  18.750  3.1301e-01
12.500  19.000  3.0439e-01
12.500  19.250  2.9604e-01
12.500  19.500  2.8904e-01
12.500  19.750  2.8323e-01
12.500  20.000  2.7904e-01
12.500  20.250  2.7734e-01
12.500  20.500  2.7853e-01
12.500  20.750  2.8334e-01
12.500  21.000  2.9178e-01
12.500  21.250  3.0110e-01
12.500  21.500  3.0153e-01
12.500  21.750  2.9732e-01
12.500  22.000  2.8290e-01
12.500  22.250  2.6611e-01
12.500  22.500  2.5036e-01
12.500  22.750  2.1192e-01
12.500  23.000  1.7304e-01
12.500  23.250  1.4809e-01
12.500  23.500  1.3361e-01
12.500  23.750  1.2585e-01
12.500  24.000  1.2375e-01
12.750  17.000  1.2316e-01
12.750  17.250  1.4719e-01
12.750  17.500  1.9034e-01
12.750  17.750  2.4281e-01
12.750  18.000  3.0522e-01
12.750  18.250  3.5275e-01
12.750  18.500  3.4180e-01
12.750  18.750  3.2823e-01
12.750  19.000  3.2653e-01
12.750  19.250  3.1630e-01
12.750  19.500  3.0609e-01
12.750  19.750  2.9684e-01
12.750  20.000  2.8975e-01
12.750  20.250  2.8570e-01
12.750  20.500  2.8389e-01
12.750  20.750  2.8582e-01
12.750  21.000  2.9208e-01
12.750  21.250  2.9992e-01
12.750  21.500  3.0079e-01
12.750  21.750  2.9692e-01
12.750  22.000  2.8009e-01
12.750  22.250  2.5718e-01
12.750  22.500  2.3641e-01
12.750  22.750  2.1869e-01
12.750  23.000  1.8339e-01
12.750  23.250  1.5305e-01
12.750  23.500  1.3406e-01
12.750  23.750  1.2371e-01
12.750  24.000  1.1897e-01
13.000  17.000  6.8816e-02
13.000  17.250  8.8631e-02
13.000  17.500  1.2833e-01
13.000  17.750  1.8156e-01
13.000  18.000  2.3369e-01
13.000  18.250  2.7869e-01
13.000  18.500  3.2580e-01
13.000  18.750  3.4906e-01
13.000  19.000  3.4162e-01
13.000  19.250  3.3703e-01
13.000  19.500  3.2339e-01
13.000  19.750  3.1293e-01
13.000  20.000  3.0294e-01
13.000  20.250  2.9549e-01
13.000  20.500  2.9179e-01
13.000  20.750  2.9131e-01
13.000  21.000  2.9433e-01
13.000  21.250  3.0080e-01
13.000  21.500  3.0152e-01
13.000  21.750  2.9966e-01
13.000  22.000  2.8020e-01
13.000  22.250  2.5129e-01
13.000  22.500  2.2246e-01
13.000  22.750  2.0013e-01
13.000  23.000  1.7727e-01
13.000  23.250  1.5031e-01
13.000  23.500  1.2941e-01
13.000  23.750  1.1729e-01
13.000  24.000  1.1140e-01
13.250  17.000  6.9079e-02
13.250  17.250  7.9107e-02
13.250  17.500  1.0206e-01
13.250  17.750  1.3741e-01
13.250  18.000  1.9041e-01
13.250  18.250  2.4703e-01
13.250  18.500  2.9583e-01
13.250  18.750  3.4130e-01
13.250  19.000  3.6610e-01
13.250  19.250  3.5245e-01
13.250  19.500  3.4270e-01
13.250  19.750  3.2992e-01
13.250  20.000  3.1768e-01
13.250  20.250  3.0765e-01
13.250  20.500  3.0082e-01
13.250  20.750  2.9776e-01
13.250  21.000  2.9913e-01
13.250  21.250  3.0190e-01
13.250  21.500  3.0150e-01
13.250  21.750  2.9838e-01
13.250  22.000  2.8027e-01
13.250  22.250  2.4857e-01
13.250  22.500  2.1109e-01
13.250  22.750  1.8058e-01
13.250  23.000  1.5622e-01
13.250  23.250  1.3405e-01
13.250  23.500  1.1555e-01
13.250  23.750  1.0465e-01
13.250  24.000  9.8936e-02
13.500  17.000  6.9445e-02
13.500  17.250  7.9546e-02
13.500  17.500  9.8694e-02
13.500  17.750  1.2643e-01
13.500  18.000  1.7162e-01
13.500  18.250  2.2117e-01
13.500  18.500  2.6603e-01
13.500  18.750  3.1420e-01
13.500  19.000  3.8838e-01
13.500  19.250  3.7657e-01
13.500  19.500  3.5669e-01
13.500  19.750  3.4895e-01
13.500  20.000  3.3377e-01
13.500  20.250  3.2177e-01
13.500  20.500  3.1198e-01
13.500  20.750  3.0562e-01
13.500  21.000  3.0289e-01
13.500  21.250  3.0429e-01
13.500  21.500  3.0150e-01
13.500  21.750  2.9695e-01
13.500  22.000  2.7877e-01
13.500  22.250  2.4618e-01
13.500  22.500  2.0630e-01
13.500  22.750  1.6933e-01
13.500  23.000  1.4038e-01
13.500  23.250  1.1703e-01
13.500  23.500  9.9630e-02
13.500  23.750  8.6665e-02
13.500  24.000  8.0460e-02
13.750  17.000  6.9229e-02
13.750  17.250  7.9901e-02
13.750  17.500  9.8566e-02
13.750  17.750  1.1908e-01
13.750  18.000  1.5663e-01
13.750  18.250  2.0121e-01
13.750  18.500  2.4636e-01
13.750  18.750  2.8789e-01
13.750  19.000  3.3213e-01
13.750  19.250  3.6665e-01
13.750  19.500  3.8889e-01
13.750  19.750  3.7206e-01
13.750  20.000  3.5320e-01
13.750  20.250  3.3815e-01
13.750  20.500  3.2594e-01
13.750  20.750  3.1665e-01
13.750  21.000  3.1085e-01
13.750  21.250  3.0798e-01
13.750  21.500  3.0380e-01
13.750  21.750  2.9766e-01
13.750  22.000  2.7765e-01
13.750  22.250  2.4316e-01
13.750  22.500  2.0255e-01
13.750  22.750  1.6489e-01
13.750  23.000  1.3372e-01
13.750  23.250  1.0676e-01
13.750  23.500  8.7224e-02
13.750  23.750  7.3295e-02
13.750  24.000  6.3613e-02
14.000  17.000  6.9936e-02
14.000  17.250  7.9190e-02
14.000  17.500  9.8985e-02
14.000  17.750  1.1864e-01
14.000  18.000  1.4742e-01
14.000  18.250  1.8790e-01
14.000  18.500  2.2767e-01
14.000  18.750  2.6635e-01
14.000  19.000  3.0369e-01
14.000  19.250  3.6031e-01
14.000  19.500  3.9069e-01
14.000  19.750  3.9835e-01
14.000  20.000  3.7668e-01
14.000  20.250  3.5764e-01
14.000  20.500  3.4280e-01
14.000  20.750  3.3114e-01
14.000  21.000  3.2242e-01
14.000  21.250  3.1685e-01
14.000  21.500  3.0969e-01
14.000  21.750  3.0123e-01
14.000  22.000  2.7931e-01
14.000  22.250  2.4252e-01
14.000  22.500  2.0004e-01
14.000  22.750  1.6282e-01
14.000  23.000  1.3146e-01
14.000  23.250  1.0248e-01
14.000  23.500  8.0038e-02
14.000  23.750  6.4173e-02
14.000  24.000  5.2946e-02
