nFnu 760.023A  relative to Inci 1215.00A scaled to 1215A.
Hden   Phi(H)  Eq_Width (A)
7.000  17.000  1.6925e-01
7.000  17.250  1.9049e-01
7.000  17.500  2.1819e-01
7.000  17.750  2.4929e-01
7.000  18.000  2.9127e-01
7.000  18.250  3.5640e-01
7.000  18.500  5.5618e-01
7.000  18.750  5.6369e-01
7.000  19.000  5.3994e-01
7.000  19.250  5.4277e-01
7.000  19.500  5.4057e-01
7.000  19.750  5.3816e-01
7.000  20.000  5.3728e-01
7.000  20.250  5.3685e-01
7.000  20.500  5.3664e-01
7.000  20.750  5.3652e-01
7.000  21.000  5.3647e-01
7.000  21.250  5.3643e-01
7.000  21.500  5.3641e-01
7.000  21.750  5.3641e-01
7.000  22.000  5.3640e-01
7.000  22.250  5.3640e-01
7.000  22.500  5.3640e-01
7.000  22.750  5.3640e-01
7.000  23.000  5.3640e-01
7.000  23.250  5.3640e-01
7.000  23.500  5.3639e-01
7.000  23.750  5.3639e-01
7.000  24.000  5.3640e-01
7.250  17.000  1.5700e-01
7.250  17.250  1.6969e-01
7.250  17.500  1.9112e-01
7.250  17.750  2.1898e-01
7.250  18.000  2.5005e-01
7.250  18.250  2.9227e-01
7.250  18.500  3.5759e-01
7.250  18.750  5.5759e-01
7.250  19.000  5.6361e-01
7.250  19.250  5.3987e-01
7.250  19.500  5.4274e-01
7.250  19.750  5.4055e-01
7.250  20.000  5.3817e-01
7.250  20.250  5.3728e-01
7.250  20.500  5.3685e-01
7.250  20.750  5.3664e-01
7.250  21.000  5.3653e-01
7.250  21.250  5.3647e-01
7.250  21.500  5.3644e-01
7.250  21.750  5.3642e-01
7.250  22.000  5.3641e-01
7.250  22.250  5.3640e-01
7.250  22.500  5.3640e-01
7.250  22.750  5.3640e-01
7.250  23.000  5.3640e-01
7.250  23.250  5.3640e-01
7.250  23.500  5.3640e-01
7.250  23.750  5.3640e-01
7.250  24.000  5.3640e-01
7.500  17.000  1.4928e-01
7.500  17.250  1.5723e-01
7.500  17.500  1.6999e-01
7.500  17.750  1.9167e-01
7.500  18.000  2.1973e-01
7.500  18.250  2.5105e-01
7.500  18.500  2.9338e-01
7.500  18.750  3.5880e-01
7.500  19.000  5.5921e-01
7.500  19.250  5.6333e-01
7.500  19.500  5.3982e-01
7.500  19.750  5.4272e-01
7.500  20.000  5.4056e-01
7.500  20.250  5.3817e-01
7.500  20.500  5.3728e-01
7.500  20.750  5.3685e-01
7.500  21.000  5.3664e-01
7.500  21.250  5.3653e-01
7.500  21.500  5.3647e-01
7.500  21.750  5.3643e-01
7.500  22.000  5.3642e-01
7.500  22.250  5.3641e-01
7.500  22.500  5.3640e-01
7.500  22.750  5.3640e-01
7.500  23.000  5.3640e-01
7.500  23.250  5.3640e-01
7.500  23.500  5.3640e-01
7.500  23.750  5.3640e-01
7.500  24.000  5.3640e-01
7.750  17.000  1.4208e-01
7.750  17.250  1.4946e-01
7.750  17.500  1.5736e-01
7.750  17.750  1.7025e-01
7.750  18.000  1.9217e-01
7.750  18.250  2.2057e-01
7.750  18.500  2.5221e-01
7.750  18.750  2.9484e-01
7.750  19.000  3.6029e-01
7.750  19.250  5.6116e-01
7.750  19.500  5.6321e-01
7.750  19.750  5.3982e-01
7.750  20.000  5.4272e-01
7.750  20.250  5.4055e-01
7.750  20.500  5.3816e-01
7.750  20.750  5.3727e-01
7.750  21.000  5.3685e-01
7.750  21.250  5.3664e-01
7.750  21.500  5.3653e-01
7.750  21.750  5.3647e-01
7.750  22.000  5.3644e-01
7.750  22.250  5.3642e-01
7.750  22.500  5.3641e-01
7.750  22.750  5.3640e-01
7.750  23.000  5.3640e-01
7.750  23.250  5.3640e-01
7.750  23.500  5.3639e-01
7.750  23.750  5.3639e-01
7.750  24.000  5.3639e-01
8.000  17.000  1.3368e-01
8.000  17.250  1.4139e-01
8.000  17.500  1.4876e-01
8.000  17.750  1.5696e-01
8.000  18.000  1.7011e-01
8.000  18.250  1.9257e-01
8.000  18.500  2.2134e-01
8.000  18.750  2.5325e-01
8.000  19.000  2.9624e-01
8.000  19.250  3.6198e-01
8.000  19.500  5.6273e-01
8.000  19.750  5.6310e-01
8.000  20.000  5.3984e-01
8.000  20.250  5.4272e-01
8.000  20.500  5.4052e-01
8.000  20.750  5.3817e-01
8.000  21.000  5.3727e-01
8.000  21.250  5.3685e-01
8.000  21.500  5.3664e-01
8.000  21.750  5.3653e-01
8.000  22.000  5.3647e-01
8.000  22.250  5.3644e-01
8.000  22.500  5.3642e-01
8.000  22.750  5.3641e-01
8.000  23.000  5.3640e-01
8.000  23.250  5.3640e-01
8.000  23.500  5.3640e-01
8.000  23.750  5.3640e-01
8.000  24.000  5.3640e-01
8.250  17.000  1.2578e-01
8.250  17.250  1.3367e-01
8.250  17.500  1.4138e-01
8.250  17.750  1.4884e-01
8.250  18.000  1.5725e-01
8.250  18.250  1.7063e-01
8.250  18.500  1.9335e-01
8.250  18.750  2.2264e-01
8.250  19.000  2.5511e-01
8.250  19.250  2.9852e-01
8.250  19.500  3.6477e-01
8.250  19.750  5.6553e-01
8.250  20.000  5.6303e-01
8.250  20.250  5.3990e-01
8.250  20.500  5.4273e-01
8.250  20.750  5.4055e-01
8.250  21.000  5.3817e-01
8.250  21.250  5.3728e-01
8.250  21.500  5.3685e-01
8.250  21.750  5.3664e-01
8.250  22.000  5.3653e-01
8.250  22.250  5.3647e-01
8.250  22.500  5.3644e-01
8.250  22.750  5.3642e-01
8.250  23.000  5.3641e-01
8.250  23.250  5.3640e-01
8.250  23.500  5.3640e-01
8.250  23.750  5.3640e-01
8.250  24.000  5.3639e-01
8.500  17.000  1.1808e-01
8.500  17.250  1.2569e-01
8.500  17.500  1.3362e-01
8.500  17.750  1.4151e-01
8.500  18.000  1.4925e-01
8.500  18.250  1.5758e-01
8.500  18.500  1.7113e-01
8.500  18.750  1.9446e-01
8.500  19.000  2.2457e-01
8.500  19.250  2.5777e-01
8.500  19.500  3.0203e-01
8.500  19.750  3.6932e-01
8.500  20.000  5.6903e-01
8.500  20.250  5.6295e-01
8.500  20.500  5.4000e-01
8.500  20.750  5.4275e-01
8.500  21.000  5.4053e-01
8.500  21.250  5.3817e-01
8.500  21.500  5.3728e-01
8.500  21.750  5.3685e-01
8.500  22.000  5.3663e-01
8.500  22.250  5.3653e-01
8.500  22.500  5.3646e-01
8.500  22.750  5.3643e-01
8.500  23.000  5.3641e-01
8.500  23.250  5.3641e-01
8.500  23.500  5.3640e-01
8.500  23.750  5.3640e-01
8.500  24.000  5.3640e-01
8.750  17.000  1.1117e-01
8.750  17.250  1.1802e-01
8.750  17.500  1.2576e-01
8.750  17.750  1.3398e-01
8.750  18.000  1.4201e-01
8.750  18.250  1.4973e-01
8.750  18.500  1.5820e-01
8.750  18.750  1.7219e-01
8.750  19.000  1.9646e-01
8.750  19.250  2.2804e-01
8.750  19.500  2.6269e-01
8.750  19.750  3.0841e-01
8.750  20.000  3.8125e-01
8.750  20.250  5.7443e-01
8.750  20.500  5.6289e-01
8.750  20.750  5.4013e-01
8.750  21.000  5.4279e-01
8.750  21.250  5.4053e-01
8.750  21.500  5.3817e-01
8.750  21.750  5.3728e-01
8.750  22.000  5.3685e-01
8.750  22.250  5.3664e-01
8.750  22.500  5.3653e-01
8.750  22.750  5.3647e-01
8.750  23.000  5.3644e-01
8.750  23.250  5.3642e-01
8.750  23.500  5.3641e-01
8.750  23.750  5.3641e-01
8.750  24.000  5.3640e-01
9.000  17.000  1.0465e-01
9.000  17.250  1.1140e-01
9.000  17.500  1.1841e-01
9.000  17.750  1.2644e-01
9.000  18.000  1.3479e-01
9.000  18.250  1.4283e-01
9.000  18.500  1.5072e-01
9.000  18.750  1.5960e-01
9.000  19.000  1.7456e-01
9.000  19.250  2.0056e-01
9.000  19.500  2.3480e-01
9.000  19.750  2.7190e-01
9.000  20.000  3.1914e-01
9.000  20.250  4.1075e-01
9.000  20.500  5.8175e-01
9.000  20.750  5.6287e-01
9.000  21.000  5.4029e-01
9.000  21.250  5.4284e-01
9.000  21.500  5.4058e-01
9.000  21.750  5.3817e-01
9.000  22.000  5.3728e-01
9.000  22.250  5.3685e-01
9.000  22.500  5.3664e-01
9.000  22.750  5.3653e-01
9.000  23.000  5.3646e-01
9.000  23.250  5.3644e-01
9.000  23.500  5.3642e-01
9.000  23.750  5.3641e-01
9.000  24.000  5.3640e-01
9.250  17.000  9.7249e-02
9.250  17.250  1.0528e-01
9.250  17.500  1.1251e-01
9.250  17.750  1.1982e-01
9.250  18.000  1.2784e-01
9.250  18.250  1.3610e-01
9.250  18.500  1.4438e-01
9.250  18.750  1.5304e-01
9.250  19.000  1.6327e-01
9.250  19.250  1.8033e-01
9.250  19.500  2.0962e-01
9.250  19.750  2.4772e-01
9.250  20.000  2.8749e-01
9.250  20.250  3.3634e-01
9.250  20.500  4.5522e-01
9.250  20.750  5.9179e-01
9.250  21.000  5.6297e-01
9.250  21.250  5.4047e-01
9.250  21.500  5.4288e-01
9.250  21.750  5.4052e-01
9.250  22.000  5.3794e-01
9.250  22.250  5.3724e-01
9.250  22.500  5.3685e-01
9.250  22.750  5.3664e-01
9.250  23.000  5.3653e-01
9.250  23.250  5.3647e-01
9.250  23.500  5.3644e-01
9.250  23.750  5.3642e-01
9.250  24.000  5.3640e-01
9.500  17.000  8.8031e-02
9.500  17.250  9.8658e-02
9.500  17.500  1.0753e-01
9.500  17.750  1.1501e-01
9.500  18.000  1.2215e-01
9.500  18.250  1.3003e-01
9.500  18.500  1.3868e-01
9.500  18.750  1.4818e-01
9.500  19.000  1.5867e-01
9.500  19.250  1.7187e-01
9.500  19.500  1.9261e-01
9.500  19.750  2.2616e-01
9.500  20.000  2.6857e-01
9.500  20.250  3.1166e-01
9.500  20.500  3.6252e-01
9.500  20.750  5.2226e-01
9.500  21.000  6.0665e-01
9.500  21.250  5.6314e-01
9.500  21.500  5.4054e-01
9.500  21.750  5.4264e-01
9.500  22.000  5.3996e-01
9.500  22.250  5.3675e-01
9.500  22.500  5.3505e-01
9.500  22.750  5.3446e-01
9.500  23.000  5.3412e-01
9.500  23.250  5.3396e-01
9.500  23.500  5.3488e-01
9.500  23.750  5.3483e-01
9.500  24.000  5.3480e-01
9.750  17.000  7.6226e-02
9.750  17.250  9.0025e-02
9.750  17.500  1.0196e-01
9.750  17.750  1.1135e-01
9.750  18.000  1.1861e-01
9.750  18.250  1.2572e-01
9.750  18.500  1.3430e-01
9.750  18.750  1.4483e-01
9.750  19.000  1.5746e-01
9.750  19.250  1.7185e-01
9.750  19.500  1.8920e-01
9.750  19.750  2.1458e-01
9.750  20.000  2.5303e-01
9.750  20.250  3.0039e-01
9.750  20.500  3.4606e-01
9.750  20.750  4.1173e-01
9.750  21.000  5.9089e-01
9.750  21.250  6.2137e-01
9.750  21.500  5.6346e-01
9.750  21.750  5.4086e-01
9.750  22.000  5.4272e-01
9.750  22.250  5.3995e-01
9.750  22.500  5.3687e-01
9.750  22.750  5.3526e-01
9.750  23.000  5.3474e-01
9.750  23.250  5.3443e-01
9.750  23.500  5.3429e-01
9.750  23.750  5.3420e-01
9.750  24.000  5.3414e-01
10.000  17.000  6.2143e-02
10.000  17.250  7.8491e-02
10.000  17.500  9.4120e-02
10.000  17.750  1.0690e-01
10.000  18.000  1.1658e-01
10.000  18.250  1.2425e-01
10.000  18.500  1.3281e-01
10.000  18.750  1.4446e-01
10.000  19.000  1.5941e-01
10.000  19.250  1.7681e-01
10.000  19.500  1.9559e-01
10.000  19.750  2.1827e-01
10.000  20.000  2.4833e-01
10.000  20.250  2.9315e-01
10.000  20.500  3.4474e-01
10.000  20.750  3.9130e-01
10.000  21.000  5.7742e-01
10.000  21.250  6.4667e-01
10.000  21.500  6.3471e-01
10.000  21.750  5.6425e-01
10.000  22.000  5.4117e-01
10.000  22.250  5.4291e-01
10.000  22.500  5.4001e-01
10.000  22.750  5.3686e-01
10.000  23.000  5.3539e-01
10.000  23.250  5.3491e-01
10.000  23.500  5.3462e-01
10.000  23.750  5.3451e-01
10.000  24.000  5.3443e-01
10.250  17.000  4.6549e-02
10.250  17.250  6.1543e-02
10.250  17.500  8.2923e-02
10.250  17.750  9.9965e-02
10.250  18.000  1.1402e-01
10.250  18.250  1.2561e-01
10.250  18.500  1.3632e-01
10.250  18.750  1.4985e-01
10.250  19.000  1.6701e-01
10.250  19.250  1.8728e-01
10.250  19.500  2.0941e-01
10.250  19.750  2.3274e-01
10.250  20.000  2.6026e-01
10.250  20.250  2.9627e-01
10.250  20.500  3.4651e-01
10.250  20.750  4.0167e-01
10.250  21.000  5.2356e-01
10.250  21.250  6.6034e-01
10.250  21.500  6.8730e-01
10.250  21.750  6.5176e-01
10.250  22.000  5.6579e-01
10.250  22.250  5.4152e-01
10.250  22.500  5.4314e-01
10.250  22.750  5.4011e-01
10.250  23.000  5.3690e-01
10.250  23.250  5.3545e-01
10.250  23.500  5.3500e-01
10.250  23.750  5.3476e-01
10.250  24.000  5.3464e-01
10.500  17.000  3.6517e-02
10.500  17.250  4.8693e-02
10.500  17.500  6.5961e-02
10.500  17.750  8.9930e-02
10.500  18.000  1.0984e-01
10.500  18.250  1.2820e-01
10.500  18.500  1.4565e-01
10.500  18.750  1.6329e-01
10.500  19.000  1.8284e-01
10.500  19.250  2.0505e-01
10.500  19.500  2.2946e-01
10.500  19.750  2.5493e-01
10.500  20.000  2.8227e-01
10.500  20.250  3.1473e-01
10.500  20.500  3.5701e-01
10.500  20.750  4.1309e-01
10.500  21.000  4.6878e-01
10.500  21.250  7.5127e-01
10.500  21.500  7.6866e-01
10.500  21.750  7.5258e-01
10.500  22.000  6.6872e-01
10.500  22.250  5.6800e-01
10.500  22.500  5.4200e-01
10.500  22.750  5.4333e-01
10.500  23.000  5.4047e-01
10.500  23.250  5.3718e-01
10.500  23.500  5.3561e-01
10.500  23.750  5.3505e-01
10.500  24.000  5.3484e-01
10.750  17.000  2.9646e-02
10.750  17.250  3.8479e-02
10.750  17.500  5.2958e-02
10.750  17.750  7.5373e-02
10.750  18.000  1.0340e-01
10.750  18.250  1.3206e-01
10.750  18.500  1.5914e-01
10.750  18.750  1.8419e-01
10.750  19.000  2.0703e-01
10.750  19.250  2.3047e-01
10.750  19.500  2.5540e-01
10.750  19.750  2.8206e-01
10.750  20.000  3.0974e-01
10.750  20.250  3.4028e-01
10.750  20.500  3.7824e-01
10.750  20.750  4.2727e-01
10.750  21.000  4.8952e-01
10.750  21.250  5.4321e-01
10.750  21.500  1.0508e+00
10.750  21.750  9.4765e-01
10.750  22.000  7.9994e-01
10.750  22.250  6.8229e-01
10.750  22.500  5.7076e-01
10.750  22.750  5.4263e-01
10.750  23.000  5.4355e-01
10.750  23.250  5.4067e-01
10.750  23.500  5.3787e-01
10.750  23.750  5.3627e-01
10.750  24.000  5.3538e-01
11.000  17.000  2.5266e-02
11.000  17.250  3.1539e-02
11.000  17.500  4.2251e-02
11.000  17.750  6.2322e-02
11.000  18.000  9.3749e-02
11.000  18.250  1.3254e-01
11.000  18.500  1.7220e-01
11.000  18.750  2.0683e-01
11.000  19.000  2.3540e-01
11.000  19.250  2.6033e-01
11.000  19.500  2.8473e-01
11.000  19.750  3.1100e-01
11.000  20.000  3.3875e-01
11.000  20.250  3.6761e-01
11.000  20.500  4.0162e-01
11.000  20.750  4.4586e-01
11.000  21.000  5.0291e-01
11.000  21.250  5.7301e-01
11.000  21.500  6.4754e-01
11.000  21.750  1.0561e+00
11.000  22.000  9.8901e-01
11.000  22.250  8.3838e-01
11.000  22.500  6.9211e-01
11.000  22.750  5.7378e-01
11.000  23.000  5.4352e-01
11.000  23.250  5.4387e-01
11.000  23.500  5.4075e-01
11.000  23.750  5.3814e-01
11.000  24.000  5.3699e-01
11.250  17.000  2.2186e-02
11.250  17.250  2.7036e-02
11.250  17.500  3.5059e-02
11.250  17.750  5.1141e-02
11.250  18.000  8.1883e-02
11.250  18.250  1.2632e-01
11.250  18.500  1.7580e-01
11.250  18.750  2.2215e-01
11.250  19.000  2.5914e-01
11.250  19.250  2.8827e-01
11.250  19.500  3.1358e-01
11.250  19.750  3.3881e-01
11.250  20.000  3.6606e-01
11.250  20.250  3.9451e-01
11.250  20.500  4.2508e-01
11.250  20.750  4.6308e-01
11.250  21.000  5.1481e-01
11.250  21.250  5.8353e-01
11.250  21.500  6.5863e-01
11.250  21.750  1.0553e+00
11.250  22.000  1.3955e+00
11.250  22.250  1.0226e+00
11.250  22.500  8.7656e-01
11.250  22.750  6.9560e-01
11.250  23.000  5.7684e-01
11.250  23.250  5.4480e-01
11.250  23.500  5.4429e-01
11.250  23.750  5.4087e-01
11.250  24.000  5.3825e-01
11.500  17.000  1.9881e-02
11.500  17.250  2.4019e-02
11.500  17.500  3.0563e-02
11.500  17.750  4.3289e-02
11.500  18.000  6.9404e-02
11.500  18.250  1.1249e-01
11.500  18.500  1.6633e-01
11.500  18.750  2.2195e-01
11.500  19.000  2.7049e-01
11.500  19.250  3.0662e-01
11.500  19.500  3.3550e-01
11.500  19.750  3.6240e-01
11.500  20.000  3.8926e-01
11.500  20.250  4.1702e-01
11.500  20.500  4.4598e-01
11.500  20.750  4.7842e-01
11.500  21.000  5.2201e-01
11.500  21.250  5.8539e-01
11.500  21.500  6.6339e-01
11.500  21.750  7.5576e-01
11.500  22.000  1.3865e+00
11.500  22.250  1.5128e+00
11.500  22.500  1.1733e+00
11.500  22.750  9.0354e-01
11.500  23.000  6.9543e-01
11.500  23.250  5.7959e-01
11.500  23.500  5.4649e-01
11.500  23.750  5.4484e-01
11.500  24.000  5.4100e-01
11.750  17.000  1.7995e-02
11.750  17.250  2.1755e-02
11.750  17.500  2.7562e-02
11.750  17.750  3.8013e-02
11.750  18.000  5.8451e-02
11.750  18.250  9.4693e-02
11.750  18.500  1.4568e-01
11.750  18.750  2.0461e-01
11.750  19.000  2.6291e-01
11.750  19.250  3.1151e-01
11.750  19.500  3.4655e-01
11.750  19.750  3.7599e-01
11.750  20.000  4.0497e-01
11.750  20.250  4.3448e-01
11.750  20.500  4.6353e-01
11.750  20.750  4.9419e-01
11.750  21.000  5.3146e-01
11.750  21.250  5.8522e-01
11.750  21.500  6.5365e-01
11.750  21.750  7.5700e-01
11.750  22.000  8.5536e-01
11.750  22.250  1.7798e+00
11.750  22.500  1.6524e+00
11.750  22.750  1.1805e+00
11.750  23.000  9.1923e-01
11.750  23.250  6.9156e-01
11.750  23.500  5.8201e-01
11.750  23.750  5.4838e-01
11.750  24.000  5.4547e-01
12.000  17.000  1.6272e-02
12.000  17.250  1.9945e-02
12.000  17.500  2.5231e-02
12.000  17.750  3.4241e-02
12.000  18.000  5.0083e-02
12.000  18.250  7.7687e-02
12.000  18.500  1.1956e-01
12.000  18.750  1.7424e-01
12.000  19.000  2.3638e-01
12.000  19.250  2.9635e-01
12.000  19.500  3.4463e-01
12.000  19.750  3.7983e-01
12.000  20.000  4.1133e-01
12.000  20.250  4.4347e-01
12.000  20.500  4.7586e-01
12.000  20.750  5.0796e-01
12.000  21.000  5.4408e-01
12.000  21.250  5.9099e-01
12.000  21.500  6.4635e-01
12.000  21.750  7.3830e-01
12.000  22.000  8.5694e-01
12.000  22.250  9.5528e-01
12.000  22.500  2.0292e+00
12.000  22.750  1.6549e+00
12.000  23.000  1.2530e+00
12.000  23.250  9.1818e-01
12.000  23.500  6.8525e-01
12.000  23.750  5.8359e-01
12.000  24.000  5.5019e-01
12.250  17.000  1.5457e-02
12.250  17.250  1.8582e-02
12.250  17.500  2.3250e-02
12.250  17.750  3.1241e-02
12.250  18.000  4.3980e-02
12.250  18.250  6.4571e-02
12.250  18.500  9.6161e-02
12.250  18.750  1.4031e-01
12.250  19.000  1.9675e-01
12.250  19.250  2.6205e-01
12.250  19.500  3.2432e-01
12.250  19.750  3.7356e-01
12.250  20.000  4.0973e-01
12.250  20.250  4.4450e-01
12.250  20.500  4.8018e-01
12.250  20.750  5.1737e-01
12.250  21.000  5.5786e-01
12.250  21.250  6.0458e-01
12.250  21.500  6.5075e-01
12.250  21.750  7.2353e-01
12.250  22.000  8.3244e-01
12.250  22.250  9.6379e-01
12.250  22.500  1.4191e+00
12.250  22.750  2.1669e+00
12.250  23.000  1.7515e+00
12.250  23.250  1.2465e+00
12.250  23.500  9.0023e-01
12.250  23.750  6.7644e-01
12.250  24.000  5.8450e-01
12.500  17.000  1.3894e-02
12.500  17.250  1.7695e-02
12.500  17.500  2.2026e-02
12.500  17.750  2.8741e-02
12.500  18.000  3.9438e-02
12.500  18.250  5.5093e-02
12.500  18.500  7.8523e-02
12.500  18.750  1.1164e-01
12.500  19.000  1.5719e-01
12.500  19.250  2.1591e-01
12.500  19.500  2.8417e-01
12.500  19.750  3.4860e-01
12.500  20.000  4.0003e-01
12.500  20.250  4.3936e-01
12.500  20.500  4.7813e-01
12.500  20.750  5.2120e-01
12.500  21.000  5.6970e-01
12.500  21.250  6.2148e-01
12.500  21.500  6.6652e-01
12.500  21.750  7.2644e-01
12.500  22.000  8.1407e-01
12.500  22.250  9.4960e-01
12.500  22.500  1.0917e+00
12.500  22.750  1.1119e+00
12.500  23.000  2.3494e+00
12.500  23.250  1.6864e+00
12.500  23.500  1.2474e+00
12.500  23.750  8.7459e-01
12.500  24.000  6.6399e-01
12.750  17.000  1.2431e-02
12.750  17.250  1.6288e-02
12.750  17.500  2.0914e-02
12.750  17.750  2.7511e-02
12.750  18.000  3.6314e-02
12.750  18.250  4.8535e-02
12.750  18.500  6.6135e-02
12.750  18.750  9.0613e-02
12.750  19.000  1.2433e-01
12.750  19.250  1.7110e-01
12.750  19.500  2.3242e-01
12.750  19.750  3.0368e-01
12.750  20.000  3.7081e-01
12.750  20.250  4.2633e-01
12.750  20.500  4.7125e-01
12.750  20.750  5.1780e-01
12.750  21.000  5.7718e-01
12.750  21.250  6.3603e-01
12.750  21.500  6.8638e-01
12.750  21.750  7.4304e-01
12.750  22.000  8.1646e-01
12.750  22.250  9.2710e-01
12.750  22.500  1.0861e+00
12.750  22.750  1.2107e+00
12.750  23.000  2.5117e+00
12.750  23.250  2.3025e+00
12.750  23.500  1.7225e+00
12.750  23.750  1.2246e+00
12.750  24.000  8.4410e-01
13.000  17.000  1.0904e-02
13.000  17.250  1.4563e-02
13.000  17.500  1.9374e-02
13.000  17.750  2.5206e-02
13.000  18.000  3.3274e-02
13.000  18.250  4.3784e-02
13.000  18.500  5.7771e-02
13.000  18.750  7.6420e-02
13.000  19.000  1.0113e-01
13.000  19.250  1.3497e-01
13.000  19.500  1.8190e-01
13.000  19.750  2.4495e-01
13.000  20.000  3.1882e-01
13.000  20.250  3.9195e-01
13.000  20.500  4.5618e-01
13.000  20.750  5.1379e-01
13.000  21.000  5.7281e-01
13.000  21.250  6.4565e-01
13.000  21.500  7.0397e-01
13.000  21.750  7.7712e-01
13.000  22.000  8.2916e-01
13.000  22.250  9.1236e-01
13.000  22.500  1.0601e+00
13.000  22.750  1.2467e+00
13.000  23.000  1.3103e+00
13.000  23.250  2.8350e+00
13.000  23.500  2.3386e+00
13.000  23.750  1.7389e+00
13.000  24.000  1.1823e+00
13.250  17.000  9.5136e-03
13.250  17.250  1.2783e-02
13.250  17.500  1.7491e-02
13.250  17.750  2.3113e-02
13.250  18.000  3.0258e-02
13.250  18.250  3.9719e-02
13.250  18.500  5.1840e-02
13.250  18.750  6.7021e-02
13.250  19.000  8.6070e-02
13.250  19.250  1.1068e-01
13.250  19.500  1.4393e-01
13.250  19.750  1.9073e-01
13.250  20.000  2.5473e-01
13.250  20.250  3.3090e-01
13.250  20.500  4.0957e-01
13.250  20.750  4.8427e-01
13.250  21.000  5.6131e-01
13.250  21.250  6.2447e-01
13.250  21.500  6.9002e-01
13.250  21.750  7.5725e-01
13.250  22.000  8.2629e-01
13.250  22.250  9.0350e-01
13.250  22.500  1.0020e+00
13.250  22.750  1.1597e+00
13.250  23.000  1.3318e+00
13.250  23.250  1.3903e+00
13.250  23.500  3.0856e+00
13.250  23.750  2.4262e+00
13.250  24.000  1.6845e+00
13.500  17.000  8.0291e-03
13.500  17.250  1.1103e-02
13.500  17.500  1.5656e-02
13.500  17.750  2.0886e-02
13.500  18.000  2.7512e-02
13.500  18.250  3.6055e-02
13.500  18.500  4.7130e-02
13.500  18.750  6.0783e-02
13.500  19.000  7.7034e-02
13.500  19.250  9.6614e-02
13.500  19.500  1.2160e-01
13.500  19.750  1.5544e-01
13.500  20.000  2.0230e-01
13.500  20.250  2.6767e-01
13.500  20.500  3.4489e-01
13.500  20.750  4.2689e-01
13.500  21.000  4.9974e-01
13.500  21.250  5.8006e-01
13.500  21.500  6.4142e-01
13.500  21.750  7.1109e-01
13.500  22.000  7.8974e-01
13.500  22.250  8.8188e-01
13.500  22.500  9.7650e-01
13.500  22.750  1.0652e+00
13.500  23.000  1.2138e+00
13.500  23.250  1.3687e+00
13.500  23.500  1.4380e+00
13.500  23.750  3.4240e+00
13.500  24.000  2.4044e+00
13.750  17.000  6.9465e-03
13.750  17.250  9.4490e-03
13.750  17.500  1.3766e-02
13.750  17.750  1.8692e-02
13.750  18.000  2.4893e-02
13.750  18.250  3.2849e-02
13.750  18.500  4.2950e-02
13.750  18.750  5.5652e-02
13.750  19.000  7.1005e-02
13.750  19.250  8.8742e-02
13.750  19.500  1.0975e-01
13.750  19.750  1.3620e-01
13.750  20.000  1.7182e-01
13.750  20.250  2.2051e-01
13.750  20.500  2.8618e-01
13.750  20.750  3.6520e-01
13.750  21.000  4.4620e-01
13.750  21.250  5.1776e-01
13.750  21.500  5.8497e-01
13.750  21.750  6.5443e-01
13.750  22.000  7.2936e-01
13.750  22.250  8.2357e-01
13.750  22.500  9.3389e-01
13.750  22.750  1.0320e+00
13.750  23.000  1.1533e+00
13.750  23.250  1.2891e+00
13.750  23.500  1.4199e+00
13.750  23.750  1.4926e+00
13.750  24.000  3.5321e+00
14.000  17.000  6.0570e-03
14.000  17.250  8.2547e-03
14.000  17.500  1.1358e-02
14.000  17.750  1.6627e-02
14.000  18.000  2.2448e-02
14.000  18.250  2.9934e-02
14.000  18.500  3.9469e-02
14.000  18.750  5.1410e-02
14.000  19.000  6.5984e-02
14.000  19.250  8.3362e-02
14.000  19.500  1.0314e-01
14.000  19.750  1.2635e-01
14.000  20.000  1.5517e-01
14.000  20.250  1.9337e-01
14.000  20.500  2.4527e-01
14.000  20.750  3.1265e-01
14.000  21.000  3.9305e-01
14.000  21.250  4.7641e-01
14.000  21.500  5.4235e-01
14.000  21.750  6.0621e-01
14.000  22.000  6.7276e-01
14.000  22.250  7.6311e-01
14.000  22.500  8.7331e-01
14.000  22.750  9.9923e-01
14.000  23.000  1.1224e+00
14.000  23.250  1.2348e+00
14.000  23.500  1.3727e+00
14.000  23.750  1.4954e+00
14.000  24.000  1.5842e+00
