nFnu 6209.66A  relative to Inci 1215.00A scaled to 1215A.
Hden   Phi(H)  Eq_Width (A)
7.000  17.000  1.7873e-01
7.000  17.250  1.9895e-01
7.000  17.500  2.2391e-01
7.000  17.750  2.5222e-01
7.000  18.000  2.7309e-01
7.000  18.250  2.7536e-01
7.000  18.500  2.5780e-01
7.000  18.750  2.4362e-01
7.000  19.000  2.3620e-01
7.000  19.250  2.3361e-01
7.000  19.500  2.3206e-01
7.000  19.750  2.3128e-01
7.000  20.000  2.3110e-01
7.000  20.250  2.3101e-01
7.000  20.500  2.3098e-01
7.000  20.750  2.3095e-01
7.000  21.000  2.3095e-01
7.000  21.250  2.3094e-01
7.000  21.500  2.3094e-01
7.000  21.750  2.3094e-01
7.000  22.000  2.3094e-01
7.000  22.250  2.3093e-01
7.000  22.500  2.3093e-01
7.000  22.750  2.3094e-01
7.000  23.000  2.3093e-01
7.000  23.250  2.3093e-01
7.000  23.500  2.3093e-01
7.000  23.750  2.3093e-01
7.000  24.000  2.3094e-01
7.250  17.000  1.6719e-01
7.250  17.250  1.8588e-01
7.250  17.500  2.0831e-01
7.250  17.750  2.3468e-01
7.250  18.000  2.6238e-01
7.250  18.250  2.7884e-01
7.250  18.500  2.7628e-01
7.250  18.750  2.5778e-01
7.250  19.000  2.4361e-01
7.250  19.250  2.3620e-01
7.250  19.500  2.3361e-01
7.250  19.750  2.3206e-01
7.250  20.000  2.3129e-01
7.250  20.250  2.3110e-01
7.250  20.500  2.3101e-01
7.250  20.750  2.3098e-01
7.250  21.000  2.3096e-01
7.250  21.250  2.3095e-01
7.250  21.500  2.3094e-01
7.250  21.750  2.3094e-01
7.250  22.000  2.3094e-01
7.250  22.250  2.3093e-01
7.250  22.500  2.3094e-01
7.250  22.750  2.3094e-01
7.250  23.000  2.3093e-01
7.250  23.250  2.3093e-01
7.250  23.500  2.3093e-01
7.250  23.750  2.3093e-01
7.250  24.000  2.3094e-01
7.500  17.000  1.5777e-01
7.500  17.250  1.7457e-01
7.500  17.500  1.9714e-01
7.500  17.750  2.2367e-01
7.500  18.000  2.5148e-01
7.500  18.250  2.7760e-01
7.500  18.500  2.8516e-01
7.500  18.750  2.7716e-01
7.500  19.000  2.5775e-01
7.500  19.250  2.4359e-01
7.500  19.500  2.3619e-01
7.500  19.750  2.3360e-01
7.500  20.000  2.3207e-01
7.500  20.250  2.3129e-01
7.500  20.500  2.3110e-01
7.500  20.750  2.3102e-01
7.500  21.000  2.3098e-01
7.500  21.250  2.3096e-01
7.500  21.500  2.3095e-01
7.500  21.750  2.3094e-01
7.500  22.000  2.3094e-01
7.500  22.250  2.3094e-01
7.500  22.500  2.3093e-01
7.500  22.750  2.3093e-01
7.500  23.000  2.3094e-01
7.500  23.250  2.3094e-01
7.500  23.500  2.3094e-01
7.500  23.750  2.3093e-01
7.500  24.000  2.3093e-01
7.750  17.000  1.5148e-01
7.750  17.250  1.6492e-01
7.750  17.500  1.8700e-01
7.750  17.750  2.1675e-01
7.750  18.000  2.4925e-01
7.750  18.250  2.7823e-01
7.750  18.500  2.9701e-01
7.750  18.750  2.9255e-01
7.750  19.000  2.7805e-01
7.750  19.250  2.5774e-01
7.750  19.500  2.4358e-01
7.750  19.750  2.3620e-01
7.750  20.000  2.3361e-01
7.750  20.250  2.3206e-01
7.750  20.500  2.3128e-01
7.750  20.750  2.3109e-01
7.750  21.000  2.3101e-01
7.750  21.250  2.3098e-01
7.750  21.500  2.3096e-01
7.750  21.750  2.3095e-01
7.750  22.000  2.3094e-01
7.750  22.250  2.3094e-01
7.750  22.500  2.3094e-01
7.750  22.750  2.3094e-01
7.750  23.000  2.3094e-01
7.750  23.250  2.3093e-01
7.750  23.500  2.3093e-01
7.750  23.750  2.3093e-01
7.750  24.000  2.3093e-01
8.000  17.000  1.4824e-01
8.000  17.250  1.5732e-01
8.000  17.500  1.7617e-01
8.000  17.750  2.0870e-01
8.000  18.000  2.5127e-01
8.000  18.250  2.9026e-01
8.000  18.500  3.1319e-01
8.000  18.750  3.1904e-01
8.000  19.000  2.9881e-01
8.000  19.250  2.7855e-01
8.000  19.500  2.5770e-01
8.000  19.750  2.4356e-01
8.000  20.000  2.3619e-01
8.000  20.250  2.3361e-01
8.000  20.500  2.3205e-01
8.000  20.750  2.3129e-01
8.000  21.000  2.3109e-01
8.000  21.250  2.3101e-01
8.000  21.500  2.3098e-01
8.000  21.750  2.3096e-01
8.000  22.000  2.3095e-01
8.000  22.250  2.3094e-01
8.000  22.500  2.3094e-01
8.000  22.750  2.3094e-01
8.000  23.000  2.3093e-01
8.000  23.250  2.3094e-01
8.000  23.500  2.3094e-01
8.000  23.750  2.3094e-01
8.000  24.000  2.3094e-01
8.250  17.000  1.4981e-01
8.250  17.250  1.5506e-01
8.250  17.500  1.6943e-01
8.250  17.750  1.9988e-01
8.250  18.000  2.5312e-01
8.250  18.250  3.1200e-01
8.250  18.500  3.4933e-01
8.250  18.750  3.5370e-01
8.250  19.000  3.4273e-01
8.250  19.250  3.0316e-01
8.250  19.500  2.7948e-01
8.250  19.750  2.5769e-01
8.250  20.000  2.4354e-01
8.250  20.250  2.3619e-01
8.250  20.500  2.3360e-01
8.250  20.750  2.3206e-01
8.250  21.000  2.3129e-01
8.250  21.250  2.3110e-01
8.250  21.500  2.3101e-01
8.250  21.750  2.3098e-01
8.250  22.000  2.3096e-01
8.250  22.250  2.3095e-01
8.250  22.500  2.3094e-01
8.250  22.750  2.3094e-01
8.250  23.000  2.3094e-01
8.250  23.250  2.3094e-01
8.250  23.500  2.3093e-01
8.250  23.750  2.3093e-01
8.250  24.000  2.3093e-01
8.500  17.000  1.5401e-01
8.500  17.250  1.5696e-01
8.500  17.500  1.6734e-01
8.500  17.750  1.9328e-01
8.500  18.000  2.4914e-01
8.500  18.250  3.3023e-01
8.500  18.500  3.9544e-01
8.500  18.750  4.1249e-01
8.500  19.000  3.8921e-01
8.500  19.250  3.5154e-01
8.500  19.500  3.0711e-01
8.500  19.750  2.7936e-01
8.500  20.000  2.5767e-01
8.500  20.250  2.4351e-01
8.500  20.500  2.3619e-01
8.500  20.750  2.3360e-01
8.500  21.000  2.3205e-01
8.500  21.250  2.3129e-01
8.500  21.500  2.3110e-01
8.500  21.750  2.3102e-01
8.500  22.000  2.3097e-01
8.500  22.250  2.3096e-01
8.500  22.500  2.3094e-01
8.500  22.750  2.3094e-01
8.500  23.000  2.3094e-01
8.500  23.250  2.3094e-01
8.500  23.500  2.3094e-01
8.500  23.750  2.3094e-01
8.500  24.000  2.3094e-01
8.750  17.000  1.5990e-01
8.750  17.250  1.6178e-01
8.750  17.500  1.6996e-01
8.750  17.750  1.9206e-01
8.750  18.000  2.4543e-01
8.750  18.250  3.3836e-01
8.750  18.500  4.3364e-01
8.750  18.750  4.8002e-01
8.750  19.000  4.6376e-01
8.750  19.250  4.2691e-01
8.750  19.500  3.6272e-01
8.750  19.750  3.1042e-01
8.750  20.000  2.7883e-01
8.750  20.250  2.5765e-01
8.750  20.500  2.4348e-01
8.750  20.750  2.3619e-01
8.750  21.000  2.3361e-01
8.750  21.250  2.3205e-01
8.750  21.500  2.3129e-01
8.750  21.750  2.3109e-01
8.750  22.000  2.3102e-01
8.750  22.250  2.3098e-01
8.750  22.500  2.3096e-01
8.750  22.750  2.3095e-01
8.750  23.000  2.3094e-01
8.750  23.250  2.3094e-01
8.750  23.500  2.3094e-01
8.750  23.750  2.3094e-01
8.750  24.000  2.3093e-01
9.000  17.000  1.6690e-01
9.000  17.250  1.6851e-01
9.000  17.500  1.7600e-01
9.000  17.750  1.9665e-01
9.000  18.000  2.4793e-01
9.000  18.250  3.4396e-01
9.000  18.500  4.5848e-01
9.000  18.750  5.3958e-01
9.000  19.000  5.5313e-01
9.000  19.250  5.1171e-01
9.000  19.500  4.5353e-01
9.000  19.750  3.6715e-01
9.000  20.000  3.1315e-01
9.000  20.250  2.7813e-01
9.000  20.500  2.5763e-01
9.000  20.750  2.4344e-01
9.000  21.000  2.3619e-01
9.000  21.250  2.3361e-01
9.000  21.500  2.3206e-01
9.000  21.750  2.3129e-01
9.000  22.000  2.3110e-01
9.000  22.250  2.3101e-01
9.000  22.500  2.3098e-01
9.000  22.750  2.3096e-01
9.000  23.000  2.3095e-01
9.000  23.250  2.3094e-01
9.000  23.500  2.3094e-01
9.000  23.750  2.3094e-01
9.000  24.000  2.3094e-01
9.250  17.000  1.7511e-01
9.250  17.250  1.7679e-01
9.250  17.500  1.8460e-01
9.250  17.750  2.0625e-01
9.250  18.000  2.5997e-01
9.250  18.250  3.6020e-01
9.250  18.500  4.8104e-01
9.250  18.750  5.7266e-01
9.250  19.000  6.2238e-01
9.250  19.250  6.1374e-01
9.250  19.500  5.4880e-01
9.250  19.750  4.6732e-01
9.250  20.000  3.7115e-01
9.250  20.250  3.1431e-01
9.250  20.500  2.7710e-01
9.250  20.750  2.5760e-01
9.250  21.000  2.4340e-01
9.250  21.250  2.3619e-01
9.250  21.500  2.3360e-01
9.250  21.750  2.3203e-01
9.250  22.000  2.3119e-01
9.250  22.250  2.3108e-01
9.250  22.500  2.3101e-01
9.250  22.750  2.3098e-01
9.250  23.000  2.3096e-01
9.250  23.250  2.3095e-01
9.250  23.500  2.3094e-01
9.250  23.750  2.3094e-01
9.250  24.000  2.3093e-01
9.500  17.000  1.8508e-01
9.500  17.250  1.8685e-01
9.500  17.500  1.9566e-01
9.500  17.750  2.2023e-01
9.500  18.000  2.7927e-01
9.500  18.250  3.8845e-01
9.500  18.500  5.1116e-01
9.500  18.750  6.0422e-01
9.500  19.000  6.6214e-01
9.500  19.250  6.7582e-01
9.500  19.500  6.4232e-01
9.500  19.750  5.8123e-01
9.500  20.000  4.7001e-01
9.500  20.250  3.7187e-01
9.500  20.500  3.1265e-01
9.500  20.750  2.7606e-01
9.500  21.000  2.5756e-01
9.500  21.250  2.4335e-01
9.500  21.500  2.3613e-01
9.500  21.750  2.3347e-01
9.500  22.000  2.3179e-01
9.500  22.250  2.3067e-01
9.500  22.500  2.3014e-01
9.500  22.750  2.2998e-01
9.500  23.000  2.2989e-01
9.500  23.250  2.2985e-01
9.500  23.500  2.3026e-01
9.500  23.750  2.3025e-01
9.500  24.000  2.3024e-01
9.750  17.000  1.9713e-01
9.750  17.250  1.9890e-01
9.750  17.500  2.0891e-01
9.750  17.750  2.3772e-01
9.750  18.000  3.0860e-01
9.750  18.250  4.2772e-01
9.750  18.500  5.4778e-01
9.750  18.750  6.3518e-01
9.750  19.000  6.8934e-01
9.750  19.250  7.1656e-01
9.750  19.500  7.1268e-01
9.750  19.750  6.6975e-01
9.750  20.000  5.9586e-01
9.750  20.250  4.7097e-01
9.750  20.500  3.7372e-01
9.750  20.750  3.0946e-01
9.750  21.000  2.7482e-01
9.750  21.250  2.5755e-01
9.750  21.500  2.4330e-01
9.750  21.750  2.3616e-01
9.750  22.000  2.3348e-01
9.750  22.250  2.3178e-01
9.750  22.500  2.3072e-01
9.750  22.750  2.3023e-01
9.750  23.000  2.3010e-01
9.750  23.250  2.3003e-01
9.750  23.500  2.2999e-01
9.750  23.750  2.2997e-01
9.750  24.000  2.2995e-01
10.000  17.000  2.1246e-01
10.000  17.250  2.1377e-01
10.000  17.500  2.2524e-01
10.000  17.750  2.5962e-01
10.000  18.000  3.4062e-01
10.000  18.250  4.6744e-01
10.000  18.500  5.8792e-01
10.000  18.750  6.6807e-01
10.000  19.000  7.1355e-01
10.000  19.250  7.4321e-01
10.000  19.500  7.5849e-01
10.000  19.750  7.5062e-01
10.000  20.000  7.0065e-01
10.000  20.250  6.0630e-01
10.000  20.500  4.7492e-01
10.000  20.750  3.7005e-01
10.000  21.000  3.0646e-01
10.000  21.250  2.7386e-01
10.000  21.500  2.5753e-01
10.000  21.750  2.4324e-01
10.000  22.000  2.3617e-01
10.000  22.250  2.3352e-01
10.000  22.500  2.3180e-01
10.000  22.750  2.3072e-01
10.000  23.000  2.3028e-01
10.000  23.250  2.3017e-01
10.000  23.500  2.3011e-01
10.000  23.750  2.3009e-01
10.000  24.000  2.3007e-01
10.250  17.000  2.3230e-01
10.250  17.250  2.3231e-01
10.250  17.500  2.4586e-01
10.250  17.750  2.8769e-01
10.250  18.000  3.7928e-01
10.250  18.250  5.1051e-01
10.250  18.500  6.2302e-01
10.250  18.750  6.9710e-01
10.250  19.000  7.3503e-01
10.250  19.250  7.6228e-01
10.250  19.500  7.8324e-01
10.250  19.750  7.9023e-01
10.250  20.000  7.6754e-01
10.250  20.250  7.1248e-01
10.250  20.500  6.0925e-01
10.250  20.750  4.7835e-01
10.250  21.000  3.6838e-01
10.250  21.250  3.0377e-01
10.250  21.500  2.7332e-01
10.250  21.750  2.5742e-01
10.250  22.000  2.4315e-01
10.250  22.250  2.3616e-01
10.250  22.500  2.3357e-01
10.250  22.750  2.3183e-01
10.250  23.000  2.3073e-01
10.250  23.250  2.3030e-01
10.250  23.500  2.3021e-01
10.250  23.750  2.3016e-01
10.250  24.000  2.3014e-01
10.500  17.000  2.5954e-01
10.500  17.250  2.5736e-01
10.500  17.500  2.7278e-01
10.500  17.750  3.2240e-01
10.500  18.000  4.2308e-01
10.500  18.250  5.5444e-01
10.500  18.500  6.5527e-01
10.500  18.750  7.2155e-01
10.500  19.000  7.5883e-01
10.500  19.250  7.7911e-01
10.500  19.500  8.0150e-01
10.500  19.750  8.1682e-01
10.500  20.000  8.1682e-01
10.500  20.250  7.8841e-01
10.500  20.500  7.2875e-01
10.500  20.750  6.1719e-01
10.500  21.000  4.8141e-01
10.500  21.250  3.6368e-01
10.500  21.500  3.0195e-01
10.500  21.750  2.7326e-01
10.500  22.000  2.5693e-01
10.500  22.250  2.4303e-01
10.500  22.500  2.3615e-01
10.500  22.750  2.3358e-01
10.500  23.000  2.3197e-01
10.500  23.250  2.3085e-01
10.500  23.500  2.3037e-01
10.500  23.750  2.3023e-01
10.500  24.000  2.3020e-01
10.750  17.000  2.9573e-01
10.750  17.250  2.9070e-01
10.750  17.500  3.0817e-01
10.750  17.750  3.6438e-01
10.750  18.000  4.6624e-01
10.750  18.250  5.9425e-01
10.750  18.500  6.8221e-01
10.750  18.750  7.4004e-01
10.750  19.000  7.7535e-01
10.750  19.250  8.0289e-01
10.750  19.500  8.2392e-01
10.750  19.750  8.4072e-01
10.750  20.000  8.5272e-01
10.750  20.250  8.4787e-01
10.750  20.500  8.1435e-01
10.750  20.750  7.4944e-01
10.750  21.000  6.2865e-01
10.750  21.250  4.8392e-01
10.750  21.500  3.6039e-01
10.750  21.750  3.0097e-01
10.750  22.000  2.7388e-01
10.750  22.250  2.5607e-01
10.750  22.500  2.4287e-01
10.750  22.750  2.3613e-01
10.750  23.000  2.3358e-01
10.750  23.250  2.3203e-01
10.750  23.500  2.3113e-01
10.750  23.750  2.3065e-01
10.750  24.000  2.3037e-01
11.000  17.000  3.4151e-01
11.000  17.250  3.3394e-01
11.000  17.500  3.5225e-01
11.000  17.750  4.1290e-01
11.000  18.000  5.1583e-01
11.000  18.250  6.3488e-01
11.000  18.500  7.1124e-01
11.000  18.750  7.6504e-01
11.000  19.000  7.9864e-01
11.000  19.250  8.2524e-01
11.000  19.500  8.4722e-01
11.000  19.750  8.6575e-01
11.000  20.000  8.8003e-01
11.000  20.250  8.9001e-01
11.000  20.500  8.8194e-01
11.000  20.750  8.4306e-01
11.000  21.000  7.7135e-01
11.000  21.250  6.4087e-01
11.000  21.500  4.8388e-01
11.000  21.750  3.5750e-01
11.000  22.000  3.0081e-01
11.000  22.250  2.7463e-01
11.000  22.500  2.5508e-01
11.000  22.750  2.4267e-01
11.000  23.000  2.3608e-01
11.000  23.250  2.3357e-01
11.000  23.500  2.3203e-01
11.000  23.750  2.3124e-01
11.000  24.000  2.3095e-01
11.250  17.000  3.9879e-01
11.250  17.250  3.8700e-01
11.250  17.500  4.0484e-01
11.250  17.750  4.6626e-01
11.250  18.000  5.6947e-01
11.250  18.250  6.7198e-01
11.250  18.500  7.3499e-01
11.250  18.750  7.8054e-01
11.250  19.000  8.1515e-01
11.250  19.250  8.4374e-01
11.250  19.500  8.7042e-01
11.250  19.750  8.8978e-01
11.250  20.000  9.0614e-01
11.250  20.250  9.2139e-01
11.250  20.500  9.2900e-01
11.250  20.750  9.1705e-01
11.250  21.000  8.7112e-01
11.250  21.250  7.9071e-01
11.250  21.500  6.4633e-01
11.250  21.750  4.7949e-01
11.250  22.000  3.5659e-01
11.250  22.250  3.0092e-01
11.250  22.500  2.7471e-01
11.250  22.750  2.5410e-01
11.250  23.000  2.4242e-01
11.250  23.250  2.3602e-01
11.250  23.500  2.3355e-01
11.250  23.750  2.3203e-01
11.250  24.000  2.3127e-01
11.500  17.000  4.5490e-01
11.500  17.250  4.5345e-01
11.500  17.500  4.6620e-01
11.500  17.750  5.2333e-01
11.500  18.000  6.2229e-01
11.500  18.250  7.0936e-01
11.500  18.500  7.5950e-01
11.500  18.750  7.9460e-01
11.500  19.000  8.3403e-01
11.500  19.250  8.6770e-01
11.500  19.500  8.9269e-01
11.500  19.750  9.1295e-01
11.500  20.000  9.3033e-01
11.500  20.250  9.4621e-01
11.500  20.500  9.6148e-01
11.500  20.750  9.6830e-01
11.500  21.000  9.4900e-01
11.500  21.250  8.9266e-01
11.500  21.500  7.9057e-01
11.500  21.750  6.5108e-01
11.500  22.000  4.7320e-01
11.500  22.250  3.5465e-01
11.500  22.500  3.0124e-01
11.500  22.750  2.7317e-01
11.500  23.000  2.5306e-01
11.500  23.250  2.4212e-01
11.500  23.500  2.3593e-01
11.500  23.750  2.3352e-01
11.500  24.000  2.3202e-01
11.750  17.000  4.3794e-01
11.750  17.250  5.2850e-01
11.750  17.500  5.4085e-01
11.750  17.750  5.8643e-01
11.750  18.000  6.7374e-01
11.750  18.250  7.4504e-01
11.750  18.500  7.8726e-01
11.750  18.750  8.2069e-01
11.750  19.000  8.5864e-01
11.750  19.250  8.9000e-01
11.750  19.500  9.1437e-01
11.750  19.750  9.3544e-01
11.750  20.000  9.5295e-01
11.750  20.250  9.6893e-01
11.750  20.500  9.8617e-01
11.750  20.750  1.0020e+00
11.750  21.000  1.0042e+00
11.750  21.250  9.7276e-01
11.750  21.500  8.8640e-01
11.750  21.750  7.9376e-01
11.750  22.000  6.4719e-01
11.750  22.250  4.6499e-01
11.750  22.500  3.5266e-01
11.750  22.750  3.0150e-01
11.750  23.000  2.7089e-01
11.750  23.250  2.5183e-01
11.750  23.500  2.4173e-01
11.750  23.750  2.3581e-01
11.750  24.000  2.3348e-01
12.000  17.000  3.6225e-01
12.000  17.250  5.1136e-01
12.000  17.500  6.2213e-01
12.000  17.750  6.5703e-01
12.000  18.000  7.2009e-01
12.000  18.250  7.7636e-01
12.000  18.500  8.1617e-01
12.000  18.750  8.5505e-01
12.000  19.000  8.8837e-01
12.000  19.250  9.1310e-01
12.000  19.500  9.3649e-01
12.000  19.750  9.5492e-01
12.000  20.000  9.7222e-01
12.000  20.250  9.8904e-01
12.000  20.500  1.0061e+00
12.000  20.750  1.0249e+00
12.000  21.000  1.0395e+00
12.000  21.250  1.0306e+00
12.000  21.500  9.6208e-01
12.000  21.750  8.8096e-01
12.000  22.000  7.8262e-01
12.000  22.250  6.3286e-01
12.000  22.500  4.5466e-01
12.000  22.750  3.5205e-01
12.000  23.000  3.0005e-01
12.000  23.250  2.6783e-01
12.000  23.500  2.5028e-01
12.000  23.750  2.4119e-01
12.000  24.000  2.3564e-01
12.250  17.000  3.0735e-01
12.250  17.250  4.2468e-01
12.250  17.500  5.9602e-01
12.250  17.750  7.2468e-01
12.250  18.000  7.7165e-01
12.250  18.250  8.1439e-01
12.250  18.500  8.5594e-01
12.250  18.750  8.9165e-01
12.250  19.000  9.0948e-01
12.250  19.250  9.3943e-01
12.250  19.500  9.5761e-01
12.250  19.750  9.7361e-01
12.250  20.000  9.8908e-01
12.250  20.250  1.0046e+00
12.250  20.500  1.0220e+00
12.250  20.750  1.0421e+00
12.250  21.000  1.0627e+00
12.250  21.250  1.0698e+00
12.250  21.500  1.0184e+00
12.250  21.750  9.5012e-01
12.250  22.000  8.5276e-01
12.250  22.250  7.5204e-01
12.250  22.500  6.0907e-01
12.250  22.750  4.4491e-01
12.250  23.000  3.4891e-01
12.250  23.250  2.9560e-01
12.250  23.500  2.6376e-01
12.250  23.750  2.4817e-01
12.250  24.000  2.4045e-01
12.500  17.000  2.6914e-01
12.500  17.250  3.5157e-01
12.500  17.500  4.8358e-01
12.500  17.750  6.4819e-01
12.500  18.000  7.9715e-01
12.500  18.250  8.4658e-01
12.500  18.500  8.9472e-01
12.500  18.750  9.2887e-01
12.500  19.000  9.5094e-01
12.500  19.250  9.6516e-01
12.500  19.500  9.7883e-01
12.500  19.750  9.9111e-01
12.500  20.000  1.0032e+00
12.500  20.250  1.0173e+00
12.500  20.500  1.0336e+00
12.500  20.750  1.0542e+00
12.500  21.000  1.0789e+00
12.500  21.250  1.0971e+00
12.500  21.500  1.0608e+00
12.500  21.750  1.0055e+00
12.500  22.000  9.0606e-01
12.500  22.250  7.9646e-01
12.500  22.500  7.0857e-01
12.500  22.750  5.7954e-01
12.500  23.000  4.3041e-01
12.500  23.250  3.3972e-01
12.500  23.500  2.8744e-01
12.500  23.750  2.5819e-01
12.500  24.000  2.4526e-01
12.750  17.000  2.3570e-01
12.750  17.250  2.9172e-01
12.750  17.500  3.8924e-01
12.750  17.750  5.1612e-01
12.750  18.000  6.7286e-01
12.750  18.250  8.1405e-01
12.750  18.500  8.9517e-01
12.750  18.750  9.3587e-01
12.750  19.000  9.7857e-01
12.750  19.250  9.9295e-01
12.750  19.500  1.0004e+00
12.750  19.750  1.0065e+00
12.750  20.000  1.0146e+00
12.750  20.250  1.0276e+00
12.750  20.500  1.0419e+00
12.750  20.750  1.0622e+00
12.750  21.000  1.0900e+00
12.750  21.250  1.1155e+00
12.750  21.500  1.0926e+00
12.750  21.750  1.0504e+00
12.750  22.000  9.5068e-01
12.750  22.250  8.2290e-01
12.750  22.500  7.0992e-01
12.750  22.750  6.4211e-01
12.750  23.000  5.3427e-01
12.750  23.250  4.0532e-01
12.750  23.500  3.2274e-01
12.750  23.750  2.7584e-01
12.750  24.000  2.5058e-01
13.000  17.000  1.4788e-01
13.000  17.250  1.9238e-01
13.000  17.500  2.7550e-01
13.000  17.750  3.9544e-01
13.000  18.000  5.2966e-01
13.000  18.250  6.6706e-01
13.000  18.500  8.1800e-01
13.000  18.750  9.3595e-01
13.000  19.000  9.8477e-01
13.000  19.250  1.0155e+00
13.000  19.500  1.0189e+00
13.000  19.750  1.0236e+00
13.000  20.000  1.0272e+00
13.000  20.250  1.0342e+00
13.000  20.500  1.0496e+00
13.000  20.750  1.0702e+00
13.000  21.000  1.0967e+00
13.000  21.250  1.1282e+00
13.000  21.500  1.1156e+00
13.000  21.750  1.0900e+00
13.000  22.000  9.8869e-01
13.000  22.250  8.4273e-01
13.000  22.500  6.9921e-01
13.000  22.750  5.9277e-01
13.000  23.000  5.4496e-01
13.000  23.250  4.7233e-01
13.000  23.500  3.6729e-01
13.000  23.750  2.9940e-01
13.000  24.000  2.6024e-01
13.250  17.000  1.4593e-01
13.250  17.250  1.7395e-01
13.250  17.500  2.3021e-01
13.250  17.750  3.1770e-01
13.250  18.000  4.4389e-01
13.250  18.250  5.8848e-01
13.250  18.500  7.2947e-01
13.250  18.750  8.7293e-01
13.250  19.000  9.9034e-01
13.250  19.250  1.0203e+00
13.250  19.500  1.0347e+00
13.250  19.750  1.0379e+00
13.250  20.000  1.0388e+00
13.250  20.250  1.0428e+00
13.250  20.500  1.0534e+00
13.250  20.750  1.0722e+00
13.250  21.000  1.1017e+00
13.250  21.250  1.1306e+00
13.250  21.500  1.1249e+00
13.250  21.750  1.1060e+00
13.250  22.000  1.0144e+00
13.250  22.250  8.5928e-01
13.250  22.500  6.8282e-01
13.250  22.750  5.4247e-01
13.250  23.000  4.5217e-01
13.250  23.250  4.3183e-01
13.250  23.500  4.0202e-01
13.250  23.750  3.2257e-01
13.250  24.000  2.7045e-01
13.500  17.000  1.4451e-01
13.500  17.250  1.7121e-01
13.500  17.500  2.1938e-01
13.500  17.750  2.9191e-01
13.500  18.000  4.0137e-01
13.500  18.250  5.2669e-01
13.500  18.500  6.5250e-01
13.500  18.750  7.8804e-01
13.500  19.000  9.7202e-01
13.500  19.250  1.0251e+00
13.500  19.500  1.0370e+00
13.500  19.750  1.0544e+00
13.500  20.000  1.0502e+00
13.500  20.250  1.0523e+00
13.500  20.500  1.0580e+00
13.500  20.750  1.0718e+00
13.500  21.000  1.0947e+00
13.500  21.250  1.1280e+00
13.500  21.500  1.1247e+00
13.500  21.750  1.1106e+00
13.500  22.000  1.0253e+00
13.500  22.250  8.6872e-01
13.500  22.500  6.7690e-01
13.500  22.750  5.1231e-01
13.500  23.000  4.0102e-01
13.500  23.250  3.3295e-01
13.500  23.500  3.2701e-01
13.500  23.750  3.1028e-01
13.500  24.000  2.7281e-01
13.750  17.000  1.4317e-01
13.750  17.250  1.6898e-01
13.750  17.500  2.1457e-01
13.750  17.750  2.7309e-01
13.750  18.000  3.6734e-01
13.750  18.250  4.7993e-01
13.750  18.500  5.9951e-01
13.750  18.750  7.1627e-01
13.750  19.000  8.4132e-01
13.750  19.250  9.5647e-01
13.750  19.500  1.0583e+00
13.750  19.750  1.0772e+00
13.750  20.000  1.0689e+00
13.750  20.250  1.0655e+00
13.750  20.500  1.0678e+00
13.750  20.750  1.0766e+00
13.750  21.000  1.0951e+00
13.750  21.250  1.1216e+00
13.750  21.500  1.1229e+00
13.750  21.750  1.1129e+00
13.750  22.000  1.0282e+00
13.750  22.250  8.6896e-01
13.750  22.500  6.6971e-01
13.750  22.750  4.9952e-01
13.750  23.000  3.7909e-01
13.750  23.250  2.9719e-01
13.750  23.500  2.4486e-01
13.750  23.750  2.4135e-01
13.750  24.000  2.2536e-01
14.000  17.000  1.4384e-01
14.000  17.250  1.6625e-01
14.000  17.500  2.1103e-01
14.000  17.750  2.6615e-01
14.000  18.000  3.4448e-01
14.000  18.250  4.4722e-01
14.000  18.500  5.5405e-01
14.000  18.750  6.6078e-01
14.000  19.000  7.6823e-01
14.000  19.250  9.0609e-01
14.000  19.500  1.0137e+00
14.000  19.750  1.0910e+00
14.000  20.000  1.0965e+00
14.000  20.250  1.0861e+00
14.000  20.500  1.0837e+00
14.000  20.750  1.0893e+00
14.000  21.000  1.1028e+00
14.000  21.250  1.1261e+00
14.000  21.500  1.1254e+00
14.000  21.750  1.1163e+00
14.000  22.000  1.0320e+00
14.000  22.250  8.6737e-01
14.000  22.500  6.6240e-01
14.000  22.750  4.9062e-01
14.000  23.000  3.6851e-01
14.000  23.250  2.8220e-01
14.000  23.500  2.2151e-01
14.000  23.750  1.7995e-01
14.000  24.000  1.7521e-01
