InwT 575.146A  relative to Inci 1215.00A scaled to 1215A.
Hden   Phi(H)  Eq_Width (A)
7.000  17.000  5.8480e-02
7.000  17.250  8.5677e-02
7.000  17.500  1.2301e-01
7.000  17.750  1.7145e-01
7.000  18.000  2.3875e-01
7.000  18.250  3.3670e-01
7.000  18.500  4.6690e-01
7.000  18.750  5.2346e-01
7.000  19.000  5.2331e-01
7.000  19.250  5.2194e-01
7.000  19.500  5.1907e-01
7.000  19.750  5.1692e-01
7.000  20.000  5.1622e-01
7.000  20.250  5.1588e-01
7.000  20.500  5.1572e-01
7.000  20.750  5.1563e-01
7.000  21.000  5.1558e-01
7.000  21.250  5.1556e-01
7.000  21.500  5.1554e-01
7.000  21.750  5.1554e-01
7.000  22.000  5.1554e-01
7.000  22.250  5.1553e-01
7.000  22.500  5.1553e-01
7.000  22.750  5.1553e-01
7.000  23.000  5.1553e-01
7.000  23.250  5.1553e-01
7.000  23.500  5.1553e-01
7.000  23.750  5.1553e-01
7.000  24.000  5.1553e-01
7.250  17.000  4.0557e-02
7.250  17.250  5.8216e-02
7.250  17.500  8.5481e-02
7.250  17.750  1.2296e-01
7.250  18.000  1.7151e-01
7.250  18.250  2.3908e-01
7.250  18.500  3.3732e-01
7.250  18.750  4.6714e-01
7.250  19.000  5.2330e-01
7.250  19.250  5.2324e-01
7.250  19.500  5.2190e-01
7.250  19.750  5.1905e-01
7.250  20.000  5.1693e-01
7.250  20.250  5.1621e-01
7.250  20.500  5.1588e-01
7.250  20.750  5.1572e-01
7.250  21.000  5.1563e-01
7.250  21.250  5.1559e-01
7.250  21.500  5.1556e-01
7.250  21.750  5.1555e-01
7.250  22.000  5.1554e-01
7.250  22.250  5.1553e-01
7.250  22.500  5.1553e-01
7.250  22.750  5.1553e-01
7.250  23.000  5.1553e-01
7.250  23.250  5.1553e-01
7.250  23.500  5.1553e-01
7.250  23.750  5.1553e-01
7.250  24.000  5.1553e-01
7.500  17.000  2.9452e-02
7.500  17.250  4.0485e-02
7.500  17.500  5.8137e-02
7.500  17.750  8.5508e-02
7.500  18.000  1.2315e-01
7.500  18.250  1.7192e-01
7.500  18.500  2.3971e-01
7.500  18.750  3.3815e-01
7.500  19.000  4.6766e-01
7.500  19.250  5.2324e-01
7.500  19.500  5.2317e-01
7.500  19.750  5.2188e-01
7.500  20.000  5.1906e-01
7.500  20.250  5.1693e-01
7.500  20.500  5.1622e-01
7.500  20.750  5.1589e-01
7.500  21.000  5.1572e-01
7.500  21.250  5.1563e-01
7.500  21.500  5.1558e-01
7.500  21.750  5.1556e-01
7.500  22.000  5.1555e-01
7.500  22.250  5.1554e-01
7.500  22.500  5.1553e-01
7.500  22.750  5.1553e-01
7.500  23.000  5.1553e-01
7.500  23.250  5.1553e-01
7.500  23.500  5.1553e-01
7.500  23.750  5.1553e-01
7.500  24.000  5.1553e-01
7.750  17.000  2.2147e-02
7.750  17.250  2.9519e-02
7.750  17.500  4.0496e-02
7.750  17.750  5.8160e-02
7.750  18.000  8.5649e-02
7.750  18.250  1.2352e-01
7.750  18.500  1.7257e-01
7.750  18.750  2.4069e-01
7.750  19.000  3.3929e-01
7.750  19.250  4.6857e-01
7.750  19.500  5.2329e-01
7.750  19.750  5.2315e-01
7.750  20.000  5.2188e-01
7.750  20.250  5.1905e-01
7.750  20.500  5.1692e-01
7.750  20.750  5.1621e-01
7.750  21.000  5.1588e-01
7.750  21.250  5.1572e-01
7.750  21.500  5.1563e-01
7.750  21.750  5.1559e-01
7.750  22.000  5.1556e-01
7.750  22.250  5.1555e-01
7.750  22.500  5.1554e-01
7.750  22.750  5.1554e-01
7.750  23.000  5.1553e-01
7.750  23.250  5.1553e-01
7.750  23.500  5.1553e-01
7.750  23.750  5.1553e-01
7.750  24.000  5.1553e-01
8.000  17.000  1.6891e-02
8.000  17.250  2.2128e-02
8.000  17.500  2.9439e-02
8.000  17.750  4.0399e-02
8.000  18.000  5.8095e-02
8.000  18.250  8.5787e-02
8.000  18.500  1.2393e-01
8.000  18.750  1.7326e-01
8.000  19.000  2.4174e-01
8.000  19.250  3.4073e-01
8.000  19.500  4.6959e-01
8.000  19.750  5.2356e-01
8.000  20.000  5.2315e-01
8.000  20.250  5.2187e-01
8.000  20.500  5.1902e-01
8.000  20.750  5.1692e-01
8.000  21.000  5.1621e-01
8.000  21.250  5.1588e-01
8.000  21.500  5.1572e-01
8.000  21.750  5.1563e-01
8.000  22.000  5.1559e-01
8.000  22.250  5.1556e-01
8.000  22.500  5.1555e-01
8.000  22.750  5.1554e-01
8.000  23.000  5.1553e-01
8.000  23.250  5.1554e-01
8.000  23.500  5.1553e-01
8.000  23.750  5.1553e-01
8.000  24.000  5.1553e-01
8.250  17.000  1.3142e-02
8.250  17.250  1.6973e-02
8.250  17.500  2.2194e-02
8.250  17.750  2.9482e-02
8.250  18.000  4.0437e-02
8.250  18.250  5.8177e-02
8.250  18.500  8.6052e-02
8.250  18.750  1.2459e-01
8.250  19.000  1.7440e-01
8.250  19.250  2.4343e-01
8.250  19.500  3.4307e-01
8.250  19.750  4.7105e-01
8.250  20.000  5.2385e-01
8.250  20.250  5.2317e-01
8.250  20.500  5.2187e-01
8.250  20.750  5.1904e-01
8.250  21.000  5.1693e-01
8.250  21.250  5.1621e-01
8.250  21.500  5.1588e-01
8.250  21.750  5.1571e-01
8.250  22.000  5.1564e-01
8.250  22.250  5.1559e-01
8.250  22.500  5.1556e-01
8.250  22.750  5.1555e-01
8.250  23.000  5.1554e-01
8.250  23.250  5.1554e-01
8.250  23.500  5.1553e-01
8.250  23.750  5.1553e-01
8.250  24.000  5.1553e-01
8.500  17.000  1.0426e-02
8.500  17.250  1.3199e-02
8.500  17.500  1.7021e-02
8.500  17.750  2.2234e-02
8.500  18.000  2.9520e-02
8.500  18.250  4.0438e-02
8.500  18.500  5.8233e-02
8.500  18.750  8.6397e-02
8.500  19.000  1.2550e-01
8.500  19.250  1.7600e-01
8.500  19.500  2.4600e-01
8.500  19.750  3.4644e-01
8.500  20.000  4.7273e-01
8.500  20.250  5.2427e-01
8.500  20.500  5.2322e-01
8.500  20.750  5.2188e-01
8.500  21.000  5.1902e-01
8.500  21.250  5.1692e-01
8.500  21.500  5.1622e-01
8.500  21.750  5.1588e-01
8.500  22.000  5.1571e-01
8.500  22.250  5.1563e-01
8.500  22.500  5.1558e-01
8.500  22.750  5.1556e-01
8.500  23.000  5.1554e-01
8.500  23.250  5.1554e-01
8.500  23.500  5.1554e-01
8.500  23.750  5.1553e-01
8.500  24.000  5.1553e-01
8.750  17.000  8.4345e-03
8.750  17.250  1.0488e-02
8.750  17.500  1.3253e-02
8.750  17.750  1.7073e-02
8.750  18.000  2.2273e-02
8.750  18.250  2.9535e-02
8.750  18.500  4.0444e-02
8.750  18.750  5.8354e-02
8.750  19.000  8.6954e-02
8.750  19.250  1.2696e-01
8.750  19.500  1.7873e-01
8.750  19.750  2.5049e-01
8.750  20.000  3.5160e-01
8.750  20.250  4.7490e-01
8.750  20.500  5.2471e-01
8.750  20.750  5.2328e-01
8.750  21.000  5.2190e-01
8.750  21.250  5.1902e-01
8.750  21.500  5.1693e-01
8.750  21.750  5.1621e-01
8.750  22.000  5.1588e-01
8.750  22.250  5.1572e-01
8.750  22.500  5.1563e-01
8.750  22.750  5.1559e-01
8.750  23.000  5.1556e-01
8.750  23.250  5.1555e-01
8.750  23.500  5.1554e-01
8.750  23.750  5.1554e-01
8.750  24.000  5.1553e-01
9.000  17.000  6.8236e-03
9.000  17.250  8.5466e-03
9.000  17.500  1.0591e-02
9.000  17.750  1.3342e-02
9.000  18.000  1.7144e-02
9.000  18.250  2.2323e-02
9.000  18.500  2.9577e-02
9.000  18.750  4.0530e-02
9.000  19.000  5.8670e-02
9.000  19.250  8.7970e-02
9.000  19.500  1.2952e-01
9.000  19.750  1.8344e-01
9.000  20.000  2.5759e-01
9.000  20.250  3.5942e-01
9.000  20.500  4.7763e-01
9.000  20.750  5.2525e-01
9.000  21.000  5.2337e-01
9.000  21.250  5.2192e-01
9.000  21.500  5.1906e-01
9.000  21.750  5.1693e-01
9.000  22.000  5.1621e-01
9.000  22.250  5.1588e-01
9.000  22.500  5.1572e-01
9.000  22.750  5.1563e-01
9.000  23.000  5.1558e-01
9.000  23.250  5.1556e-01
9.000  23.500  5.1555e-01
9.000  23.750  5.1554e-01
9.000  24.000  5.1553e-01
9.250  17.000  5.3613e-03
9.250  17.250  6.9963e-03
9.250  17.500  8.7447e-03
9.250  17.750  1.0781e-02
9.250  18.000  1.3499e-02
9.250  18.250  1.7264e-02
9.250  18.500  2.2440e-02
9.250  18.750  2.9754e-02
9.250  19.000  4.0890e-02
9.250  19.250  5.9525e-02
9.250  19.500  9.0100e-02
9.250  19.750  1.3399e-01
9.250  20.000  1.9087e-01
9.250  20.250  2.6826e-01
9.250  20.500  3.6939e-01
9.250  20.750  4.8095e-01
9.250  21.000  5.2580e-01
9.250  21.250  5.2346e-01
9.250  21.500  5.2194e-01
9.250  21.750  5.1900e-01
9.250  22.000  5.1670e-01
9.250  22.250  5.1618e-01
9.250  22.500  5.1588e-01
9.250  22.750  5.1572e-01
9.250  23.000  5.1563e-01
9.250  23.250  5.1558e-01
9.250  23.500  5.1556e-01
9.250  23.750  5.1555e-01
9.250  24.000  5.1554e-01
9.500  17.000  3.9540e-03
9.500  17.250  5.5740e-03
9.500  17.500  7.2933e-03
9.500  17.750  9.0647e-03
9.500  18.000  1.1071e-02
9.500  18.250  1.3747e-02
9.500  18.500  1.7513e-02
9.500  18.750  2.2777e-02
9.500  19.000  3.0267e-02
9.500  19.250  4.1833e-02
9.500  19.500  6.1397e-02
9.500  19.750  9.3838e-02
9.500  20.000  1.4083e-01
9.500  20.250  2.0183e-01
9.500  20.500  2.8233e-01
9.500  20.750  3.8151e-01
9.500  21.000  4.8535e-01
9.500  21.250  5.2637e-01
9.500  21.500  5.2344e-01
9.500  21.750  5.2169e-01
9.500  22.000  5.1845e-01
9.500  22.250  5.1556e-01
9.500  22.500  5.1407e-01
9.500  22.750  5.1358e-01
9.500  23.000  5.1329e-01
9.500  23.250  5.1316e-01
9.500  23.500  5.1406e-01
9.500  23.750  5.1401e-01
9.500  24.000  5.1399e-01
9.750  17.000  2.6347e-03
9.750  17.250  4.1400e-03
9.750  17.500  5.8980e-03
9.750  17.750  7.7060e-03
9.750  18.000  9.4887e-03
9.750  18.250  1.1487e-02
9.750  18.500  1.4191e-02
9.750  18.750  1.8082e-02
9.750  19.000  2.3585e-02
9.750  19.250  3.1490e-02
9.750  19.500  4.3814e-02
9.750  19.750  6.4825e-02
9.750  20.000  9.9855e-02
9.750  20.250  1.5101e-01
9.750  20.500  2.1691e-01
9.750  20.750  2.9926e-01
9.750  21.000  3.9438e-01
9.750  21.250  4.9075e-01
9.750  21.500  5.2701e-01
9.750  21.750  5.2364e-01
9.750  22.000  5.2173e-01
9.750  22.250  5.1844e-01
9.750  22.500  5.1567e-01
9.750  22.750  5.1428e-01
9.750  23.000  5.1385e-01
9.750  23.250  5.1360e-01
9.750  23.500  5.1348e-01
9.750  23.750  5.1340e-01
9.750  24.000  5.1336e-01
10.000  17.000  1.5374e-03
10.000  17.250  2.7537e-03
10.000  17.500  4.4094e-03
10.000  17.750  6.3053e-03
10.000  18.000  8.2102e-03
10.000  18.250  1.0060e-02
10.000  18.500  1.2154e-02
10.000  18.750  1.5049e-02
10.000  19.000  1.9233e-02
10.000  19.250  2.5150e-02
10.000  19.500  3.3688e-02
10.000  19.750  4.7239e-02
10.000  20.000  7.0222e-02
10.000  20.250  1.0893e-01
10.000  20.500  1.6511e-01
10.000  20.750  2.3639e-01
10.000  21.000  3.1824e-01
10.000  21.250  4.0753e-01
10.000  21.500  4.9669e-01
10.000  21.750  5.2789e-01
10.000  22.000  5.2381e-01
10.000  22.250  5.2187e-01
10.000  22.500  5.1849e-01
10.000  22.750  5.1566e-01
10.000  23.000  5.1439e-01
10.000  23.250  5.1401e-01
10.000  23.500  5.1378e-01
10.000  23.750  5.1369e-01
10.000  24.000  5.1363e-01
10.250  17.000  7.8263e-04
10.250  17.250  1.5407e-03
10.250  17.500  2.9287e-03
10.250  17.750  4.7336e-03
10.250  18.000  6.7996e-03
10.250  18.250  8.8847e-03
10.250  18.500  1.0938e-02
10.250  18.750  1.3313e-02
10.250  19.000  1.6548e-02
10.250  19.250  2.1157e-02
10.250  19.500  2.7662e-02
10.250  19.750  3.7139e-02
10.250  20.000  5.2266e-02
10.250  20.250  7.8051e-02
10.250  20.500  1.2110e-01
10.250  20.750  1.8321e-01
10.250  21.000  2.5891e-01
10.250  21.250  3.3722e-01
10.250  21.500  4.2084e-01
10.250  21.750  5.0412e-01
10.250  22.000  5.2904e-01
10.250  22.250  5.2400e-01
10.250  22.500  5.2204e-01
10.250  22.750  5.1858e-01
10.250  23.000  5.1570e-01
10.250  23.250  5.1445e-01
10.250  23.500  5.1410e-01
10.250  23.750  5.1391e-01
10.250  24.000  5.1381e-01
10.500  17.000  4.1794e-04
10.500  17.250  8.0979e-04
10.500  17.500  1.6373e-03
10.500  17.750  3.1576e-03
10.500  18.000  5.1609e-03
10.500  18.250  7.4919e-03
10.500  18.500  9.8774e-03
10.500  18.750  1.2267e-02
10.500  19.000  1.5003e-02
10.500  19.250  1.8678e-02
10.500  19.500  2.3861e-02
10.500  19.750  3.1121e-02
10.500  20.000  4.1776e-02
10.500  20.250  5.8904e-02
10.500  20.500  8.8196e-02
10.500  20.750  1.3660e-01
10.500  21.000  2.0495e-01
10.500  21.250  2.8201e-01
10.500  21.500  3.5678e-01
10.500  21.750  4.3662e-01
10.500  22.000  5.1236e-01
10.500  22.250  5.3056e-01
10.500  22.500  5.2425e-01
10.500  22.750  5.2215e-01
10.500  23.000  5.1891e-01
10.500  23.250  5.1596e-01
10.500  23.500  5.1461e-01
10.500  23.750  5.1415e-01
10.500  24.000  5.1399e-01
10.750  17.000  2.5802e-04
10.750  17.250  4.3292e-04
10.750  17.500  8.6148e-04
10.750  17.750  1.8149e-03
10.750  18.000  3.4876e-03
10.750  18.250  5.8063e-03
10.750  18.500  8.4815e-03
10.750  18.750  1.1192e-02
10.750  19.000  1.3904e-02
10.750  19.250  1.7087e-02
10.750  19.500  2.1355e-02
10.750  19.750  2.7278e-02
10.750  20.000  3.5464e-02
10.750  20.250  4.7474e-02
10.750  20.500  6.7021e-02
10.750  20.750  1.0050e-01
10.750  21.000  1.5524e-01
10.750  21.250  2.3019e-01
10.750  21.500  3.0852e-01
10.750  21.750  3.8060e-01
10.750  22.000  4.5482e-01
10.750  22.250  5.2132e-01
10.750  22.500  5.3234e-01
10.750  22.750  5.2457e-01
10.750  23.000  5.2227e-01
10.750  23.250  5.1907e-01
10.750  23.500  5.1661e-01
10.750  23.750  5.1524e-01
10.750  24.000  5.1446e-01
11.000  17.000  1.9185e-04
11.000  17.250  2.7053e-04
11.000  17.500  4.6436e-04
11.000  17.750  9.6749e-04
11.000  18.000  2.0703e-03
11.000  18.250  3.9663e-03
11.000  18.500  6.6170e-03
11.000  18.750  9.6068e-03
11.000  19.000  1.2582e-02
11.000  19.250  1.5703e-02
11.000  19.500  1.9489e-02
11.000  19.750  2.4573e-02
11.000  20.000  3.1435e-02
11.000  20.250  4.0699e-02
11.000  20.500  5.4306e-02
11.000  20.750  7.6756e-02
11.000  21.000  1.1524e-01
11.000  21.250  1.7736e-01
11.000  21.500  2.5793e-01
11.000  21.750  3.3690e-01
11.000  22.000  4.0604e-01
11.000  22.250  4.7654e-01
11.000  22.500  5.3035e-01
11.000  22.750  5.3427e-01
11.000  23.000  5.2503e-01
11.000  23.250  5.2244e-01
11.000  23.500  5.1911e-01
11.000  23.750  5.1686e-01
11.000  24.000  5.1592e-01
11.250  17.000  1.6239e-04
11.250  17.250  2.0370e-04
11.250  17.500  2.9712e-04
11.250  17.750  5.3597e-04
11.250  18.000  1.1310e-03
11.250  18.250  2.3711e-03
11.250  18.500  4.4933e-03
11.250  18.750  7.4399e-03
11.250  19.000  1.0678e-02
11.250  19.250  1.3973e-02
11.250  19.500  1.7679e-02
11.250  19.750  2.2349e-02
11.250  20.000  2.8488e-02
11.250  20.250  3.6480e-02
11.250  20.500  4.7043e-02
11.250  20.750  6.2573e-02
11.250  21.000  8.8534e-02
11.250  21.250  1.3322e-01
11.250  21.500  2.0208e-01
11.250  21.750  2.9010e-01
11.250  22.000  3.7080e-01
11.250  22.250  4.3599e-01
11.250  22.500  4.9971e-01
11.250  22.750  5.3706e-01
11.250  23.000  5.3633e-01
11.250  23.250  5.2568e-01
11.250  23.500  5.2264e-01
11.250  23.750  5.1918e-01
11.250  24.000  5.1695e-01
11.500  17.000  1.4897e-04
11.500  17.250  1.7523e-04
11.500  17.500  2.3037e-04
11.500  17.750  3.5498e-04
11.500  18.000  6.5119e-04
11.500  18.250  1.3067e-03
11.500  18.500  2.6428e-03
11.500  18.750  4.9858e-03
11.500  19.000  8.2097e-03
11.500  19.250  1.1712e-02
11.500  19.500  1.5488e-02
11.500  19.750  2.0058e-02
11.500  20.000  2.5856e-02
11.500  20.250  3.3205e-02
11.500  20.500  4.2460e-02
11.500  20.750  5.4532e-02
11.500  21.000  7.2541e-02
11.500  21.250  1.0313e-01
11.500  21.500  1.5391e-01
11.500  21.750  2.3185e-01
11.500  22.000  3.2496e-01
11.500  22.250  4.0729e-01
11.500  22.500  4.6753e-01
11.500  22.750  5.2102e-01
11.500  23.000  5.4288e-01
11.500  23.250  5.3828e-01
11.500  23.500  5.2655e-01
11.500  23.750  5.2292e-01
11.500  24.000  5.1924e-01
11.750  17.000  1.4255e-04
11.750  17.250  1.6132e-04
11.750  17.500  2.0091e-04
11.750  17.750  2.8016e-04
11.750  18.000  4.4346e-04
11.750  18.250  7.7259e-04
11.750  18.500  1.4528e-03
11.750  18.750  2.8807e-03
11.750  19.000  5.4547e-03
11.750  19.250  8.9934e-03
11.750  19.500  1.2868e-02
11.750  19.750  1.7341e-02
11.750  20.000  2.3005e-02
11.750  20.250  3.0121e-02
11.750  20.500  3.8783e-02
11.750  20.750  4.9573e-02
11.750  21.000  6.3837e-02
11.750  21.250  8.5402e-02
11.750  21.500  1.2055e-01
11.750  21.750  1.7962e-01
11.750  22.000  2.6582e-01
11.750  22.250  3.6272e-01
11.750  22.500  4.4481e-01
11.750  22.750  4.9896e-01
11.750  23.000  5.3902e-01
11.750  23.250  5.4775e-01
11.750  23.500  5.4008e-01
11.750  23.750  5.2752e-01
11.750  24.000  5.2323e-01
12.000  17.000  1.3844e-04
12.000  17.250  1.5309e-04
12.000  17.500  1.8346e-04
12.000  17.750  2.4206e-04
12.000  18.000  3.4872e-04
12.000  18.250  5.3893e-04
12.000  18.500  8.7564e-04
12.000  18.750  1.5723e-03
12.000  19.000  3.1193e-03
12.000  19.250  5.9761e-03
12.000  19.500  9.8873e-03
12.000  19.750  1.4287e-02
12.000  20.000  1.9732e-02
12.000  20.250  2.6755e-02
12.000  20.500  3.5347e-02
12.000  20.750  4.5549e-02
12.000  21.000  5.8539e-02
12.000  21.250  7.6031e-02
12.000  21.500  1.0100e-01
12.000  21.750  1.4252e-01
12.000  22.000  2.0888e-01
12.000  22.250  3.0237e-01
12.000  22.500  4.0200e-01
12.000  22.750  4.8009e-01
12.000  23.000  5.2884e-01
12.000  23.250  5.5344e-01
12.000  23.500  5.5144e-01
12.000  23.750  5.4151e-01
12.000  24.000  5.2843e-01
12.250  17.000  1.3802e-04
12.250  17.250  1.4724e-04
12.250  17.500  1.6947e-04
12.250  17.750  2.1465e-04
12.250  18.000  2.9243e-04
12.250  18.250  4.2305e-04
12.250  18.500  6.2831e-04
12.250  18.750  9.7029e-04
12.250  19.000  1.7044e-03
12.250  19.250  3.4294e-03
12.250  19.500  6.6584e-03
12.250  19.750  1.1039e-02
12.250  20.000  1.6176e-02
12.250  20.250  2.2869e-02
12.250  20.500  3.1407e-02
12.250  20.750  4.1751e-02
12.250  21.000  5.4370e-02
12.250  21.250  7.0577e-02
12.250  21.500  9.0872e-02
12.250  21.750  1.2055e-01
12.250  22.000  1.6803e-01
12.250  22.250  2.4253e-01
12.250  22.500  3.4309e-01
12.250  22.750  4.4105e-01
12.250  23.000  5.1492e-01
12.250  23.250  5.5508e-01
12.250  23.500  5.6390e-01
12.250  23.750  5.5400e-01
12.250  24.000  5.4256e-01
12.500  17.000  1.3300e-04
12.500  17.250  1.4247e-04
12.500  17.500  1.5860e-04
12.500  17.750  1.9119e-04
12.500  18.000  2.4971e-04
12.500  18.250  3.4477e-04
12.500  18.500  4.9547e-04
12.500  18.750  7.1588e-04
12.500  19.000  1.0825e-03
12.500  19.250  1.9094e-03
12.500  19.500  3.9044e-03
12.500  19.750  7.5647e-03
12.500  20.000  1.2573e-02
12.500  20.250  1.8717e-02
12.500  20.500  2.6865e-02
12.500  20.750  3.7427e-02
12.500  21.000  5.0520e-02
12.500  21.250  6.6360e-02
12.500  21.500  8.5139e-02
12.500  21.750  1.0941e-01
12.500  22.000  1.4386e-01
12.500  22.250  1.9932e-01
12.500  22.500  2.8547e-01
12.500  22.750  3.9049e-01
12.500  23.000  4.8426e-01
12.500  23.250  5.4975e-01
12.500  23.500  5.7781e-01
12.500  23.750  5.7138e-01
12.500  24.000  5.5490e-01
12.750  17.000  1.2741e-04
12.750  17.250  1.3457e-04
12.750  17.500  1.4774e-04
12.750  17.750  1.7309e-04
12.750  18.000  2.1564e-04
12.750  18.250  2.8617e-04
12.750  18.500  3.9992e-04
12.750  18.750  5.7045e-04
12.750  19.000  8.1597e-04
12.750  19.250  1.2374e-03
12.750  19.500  2.2188e-03
12.750  19.750  4.5413e-03
12.750  20.000  8.6955e-03
12.750  20.250  1.4507e-02
12.750  20.500  2.1927e-02
12.750  20.750  3.1989e-02
12.750  21.000  4.5698e-02
12.750  21.250  6.2035e-02
12.750  21.500  8.0558e-02
12.750  21.750  1.0275e-01
12.750  22.000  1.3088e-01
12.750  22.250  1.7063e-01
12.750  22.500  2.3413e-01
12.750  22.750  3.3511e-01
12.750  23.000  4.4201e-01
12.750  23.250  5.2922e-01
12.750  23.500  5.8509e-01
12.750  23.750  5.9646e-01
12.750  24.000  5.7624e-01
13.000  17.000  1.2099e-04
13.000  17.250  1.2551e-04
13.000  17.500  1.3564e-04
13.000  17.750  1.5358e-04
13.000  18.000  1.8609e-04
13.000  18.250  2.4000e-04
13.000  18.500  3.2815e-04
13.000  18.750  4.6379e-04
13.000  19.000  6.6091e-04
13.000  19.250  9.5053e-04
13.000  19.500  1.4568e-03
13.000  19.750  2.6202e-03
13.000  20.000  5.2486e-03
13.000  20.250  9.9932e-03
13.000  20.500  1.6886e-02
13.000  20.750  2.6238e-02
13.000  21.000  3.8839e-02
13.000  21.250  5.6079e-02
13.000  21.500  7.5040e-02
13.000  21.750  9.8356e-02
13.000  22.000  1.2270e-01
13.000  22.250  1.5299e-01
13.000  22.500  2.0032e-01
13.000  22.750  2.8053e-01
13.000  23.000  3.9324e-01
13.000  23.250  5.0719e-01
13.000  23.500  5.8202e-01
13.000  23.750  6.2009e-01
13.000  24.000  6.1207e-01
13.250  17.000  1.1391e-04
13.250  17.250  1.1638e-04
13.250  17.500  1.2370e-04
13.250  17.750  1.3704e-04
13.250  18.000  1.6107e-04
13.250  18.250  2.0354e-04
13.250  18.500  2.7391e-04
13.250  18.750  3.8494e-04
13.250  19.000  5.4905e-04
13.250  19.250  7.8650e-04
13.250  19.500  1.1436e-03
13.250  19.750  1.7745e-03
13.250  20.000  3.1210e-03
13.250  20.250  5.9868e-03
13.250  20.500  1.1191e-02
13.250  20.750  1.9144e-02
13.250  21.000  3.1029e-02
13.250  21.250  4.4993e-02
13.250  21.500  6.3477e-02
13.250  21.750  8.5485e-02
13.250  22.000  1.1128e-01
13.250  22.250  1.4115e-01
13.250  22.500  1.7686e-01
13.250  22.750  2.3293e-01
13.250  23.000  3.2823e-01
13.250  23.250  4.6151e-01
13.250  23.500  5.8437e-01
13.250  23.750  6.3848e-01
13.250  24.000  6.5409e-01
13.500  17.000  1.0626e-04
13.500  17.250  1.0741e-04
13.500  17.500  1.1300e-04
13.500  17.750  1.2255e-04
13.500  18.000  1.4099e-04
13.500  18.250  1.7440e-04
13.500  18.500  2.3276e-04
13.500  18.750  3.2765e-04
13.500  19.000  4.7226e-04
13.500  19.250  6.8189e-04
13.500  19.500  9.8905e-04
13.500  19.750  1.4670e-03
13.500  20.000  2.2821e-03
13.500  20.250  3.8928e-03
13.500  20.500  7.0049e-03
13.500  20.750  1.2599e-02
13.500  21.000  2.0851e-02
13.500  21.250  3.3510e-02
13.500  21.500  4.9017e-02
13.500  21.750  6.9334e-02
13.500  22.000  9.5372e-02
13.500  22.250  1.2783e-01
13.500  22.500  1.6367e-01
13.500  22.750  2.0526e-01
13.500  23.000  2.7471e-01
13.500  23.250  3.9160e-01
13.500  23.500  5.5142e-01
13.500  23.750  6.7489e-01
13.500  24.000  7.0017e-01
13.750  17.000  9.9918e-05
13.750  17.250  9.8848e-05
13.750  17.500  1.0313e-04
13.750  17.750  1.1012e-04
13.750  18.000  1.2453e-04
13.750  18.250  1.5185e-04
13.750  18.500  2.0041e-04
13.750  18.750  2.8305e-04
13.750  19.000  4.1556e-04
13.750  19.250  6.1350e-04
13.750  19.500  9.0173e-04
13.750  19.750  1.3304e-03
13.750  20.000  2.0049e-03
13.750  20.250  3.1256e-03
13.750  20.500  5.1251e-03
13.750  20.750  8.7060e-03
13.750  21.000  1.4727e-02
13.750  21.250  2.3680e-02
13.750  21.500  3.6470e-02
13.750  21.750  5.3964e-02
13.750  22.000  7.6780e-02
13.750  22.250  1.0794e-01
13.750  22.500  1.4786e-01
13.750  22.750  1.9280e-01
13.750  23.000  2.5088e-01
13.750  23.250  3.4204e-01
13.750  23.500  4.8637e-01
13.750  23.750  6.6995e-01
13.750  24.000  7.7832e-01
14.000  17.000  9.3827e-05
14.000  17.250  9.2263e-05
14.000  17.500  9.2675e-05
14.000  17.750  9.9506e-05
14.000  18.000  1.1095e-04
14.000  18.250  1.3374e-04
14.000  18.500  1.7572e-04
14.000  18.750  2.4856e-04
14.000  19.000  3.6905e-04
14.000  19.250  5.5992e-04
14.000  19.500  8.4313e-04
14.000  19.750  1.2576e-03
14.000  20.000  1.8782e-03
14.000  20.250  2.8512e-03
14.000  20.500  4.4383e-03
14.000  20.750  7.0599e-03
14.000  21.000  1.1428e-02
14.000  21.250  1.8501e-02
14.000  21.500  2.8428e-02
14.000  21.750  4.2619e-02
14.000  22.000  6.1706e-02
14.000  22.250  8.9117e-02
14.000  22.500  1.2713e-01
14.000  22.750  1.7842e-01
14.000  23.000  2.3960e-01
14.000  23.250  3.1802e-01
14.000  23.500  4.4217e-01
14.000  23.750  6.1795e-01
14.000  24.000  8.2954e-01
