H  1 1.00494m  relative to Inci 1215.00A scaled to 1215A.
Hden   Phi(H)  Eq_Width (A)
7.000  17.000  2.4804e-03
7.000  17.250  2.4212e-03
7.000  17.500  2.2536e-03
7.000  17.750  1.9675e-03
7.000  18.000  1.4641e-03
7.000  18.250  7.4321e-04
7.000  18.500  2.0609e-04
7.000  18.750  3.0370e-05
7.000  19.000  2.3868e-06
7.000  19.250  1.0000e-07
7.000  19.500  1.0000e-07
7.000  19.750  1.0000e-07
7.000  20.000  1.0000e-07
7.000  20.250  1.0000e-07
7.000  20.500  1.0000e-07
7.000  20.750  1.0000e-07
7.000  21.000  1.0000e-07
7.000  21.250  1.0000e-07
7.000  21.500  1.0000e-07
7.000  21.750  1.0000e-07
7.000  22.000  1.0000e-07
7.000  22.250  1.0000e-07
7.000  22.500  1.0000e-07
7.000  22.750  1.0000e-07
7.000  23.000  1.0000e-07
7.000  23.250  1.0000e-07
7.000  23.500  1.0000e-07
7.000  23.750  1.0000e-07
7.000  24.000  1.0000e-07
7.250  17.000  2.6594e-03
7.250  17.250  2.7509e-03
7.250  17.500  2.7002e-03
7.250  17.750  2.5086e-03
7.250  18.000  2.1693e-03
7.250  18.250  1.5728e-03
7.250  18.500  7.4280e-04
7.250  18.750  2.0609e-04
7.250  19.000  3.0700e-05
7.250  19.250  2.5514e-06
7.250  19.500  1.0000e-07
7.250  19.750  1.0000e-07
7.250  20.000  1.0000e-07
7.250  20.250  1.0000e-07
7.250  20.500  1.0000e-07
7.250  20.750  1.0000e-07
7.250  21.000  1.0000e-07
7.250  21.250  1.0000e-07
7.250  21.500  1.0000e-07
7.250  21.750  1.0000e-07
7.250  22.000  1.0000e-07
7.250  22.250  1.0000e-07
7.250  22.500  1.0000e-07
7.250  22.750  1.0000e-07
7.250  23.000  1.0000e-07
7.250  23.250  1.0000e-07
7.250  23.500  1.0000e-07
7.250  23.750  1.0000e-07
7.250  24.000  1.0000e-07
7.500  17.000  2.7274e-03
7.500  17.250  2.9340e-03
7.500  17.500  3.0514e-03
7.500  17.750  3.0040e-03
7.500  18.000  2.7880e-03
7.500  18.250  2.4029e-03
7.500  18.500  1.6550e-03
7.500  18.750  7.7909e-04
7.500  19.000  2.0658e-04
7.500  19.250  3.0864e-05
7.500  19.500  2.7160e-06
7.500  19.750  1.0000e-07
7.500  20.000  1.0000e-07
7.500  20.250  1.0000e-07
7.500  20.500  1.0000e-07
7.500  20.750  1.0000e-07
7.500  21.000  1.0000e-07
7.500  21.250  1.0000e-07
7.500  21.500  1.0000e-07
7.500  21.750  1.0000e-07
7.500  22.000  1.0000e-07
7.500  22.250  1.0000e-07
7.500  22.500  1.0000e-07
7.500  22.750  1.0000e-07
7.500  23.000  1.0000e-07
7.500  23.250  1.0000e-07
7.500  23.500  1.0000e-07
7.500  23.750  1.0000e-07
7.500  24.000  1.0000e-07
7.750  17.000  2.7955e-03
7.750  17.250  2.9796e-03
7.750  17.500  3.2024e-03
7.750  17.750  3.4014e-03
7.750  18.000  3.4568e-03
7.750  18.250  3.2742e-03
7.750  18.500  2.7638e-03
7.750  18.750  1.7587e-03
7.750  19.000  7.9029e-04
7.750  19.250  2.0790e-04
7.750  19.500  3.1111e-05
7.750  19.750  2.8807e-06
7.750  20.000  1.0000e-07
7.750  20.250  1.0000e-07
7.750  20.500  1.0000e-07
7.750  20.750  1.0000e-07
7.750  21.000  1.0000e-07
7.750  21.250  1.0000e-07
7.750  21.500  1.0000e-07
7.750  21.750  1.0000e-07
7.750  22.000  1.0000e-07
7.750  22.250  1.0000e-07
7.750  22.500  1.0000e-07
7.750  22.750  1.0000e-07
7.750  23.000  1.0000e-07
7.750  23.250  1.0000e-07
7.750  23.500  1.0000e-07
7.750  23.750  1.0000e-07
7.750  24.000  1.0000e-07
8.000  17.000  2.8862e-03
8.000  17.250  3.0026e-03
8.000  17.500  3.2226e-03
8.000  17.750  3.6675e-03
8.000  18.000  4.2405e-03
8.000  18.250  4.5797e-03
8.000  18.500  4.2454e-03
8.000  18.750  3.3960e-03
8.000  19.000  1.9473e-03
8.000  19.250  8.3078e-04
8.000  19.500  2.1078e-04
8.000  19.750  3.0782e-05
8.000  20.000  2.9630e-06
8.000  20.250  1.0000e-07
8.000  20.500  1.0000e-07
8.000  20.750  1.0000e-07
8.000  21.000  1.0000e-07
8.000  21.250  1.0000e-07
8.000  21.500  1.0000e-07
8.000  21.750  1.0000e-07
8.000  22.000  1.0000e-07
8.000  22.250  1.0000e-07
8.000  22.500  1.0000e-07
8.000  22.750  1.0000e-07
8.000  23.000  1.0000e-07
8.000  23.250  1.0000e-07
8.000  23.500  1.0000e-07
8.000  23.750  1.0000e-07
8.000  24.000  1.0000e-07
8.250  17.000  3.0403e-03
8.250  17.250  3.0823e-03
8.250  17.500  3.2385e-03
8.250  17.750  3.7900e-03
8.250  18.000  5.1200e-03
8.250  18.250  6.2293e-03
8.250  18.500  6.2576e-03
8.250  18.750  4.6707e-03
8.250  19.000  3.7402e-03
8.250  19.250  2.0249e-03
8.250  19.500  8.7210e-04
8.250  19.750  2.1638e-04
8.250  20.000  3.0288e-05
8.250  20.250  2.9630e-06
8.250  20.500  1.0000e-07
8.250  20.750  1.0000e-07
8.250  21.000  1.0000e-07
8.250  21.250  1.0000e-07
8.250  21.500  1.0000e-07
8.250  21.750  1.0000e-07
8.250  22.000  1.0000e-07
8.250  22.250  1.0000e-07
8.250  22.500  1.0000e-07
8.250  22.750  1.0000e-07
8.250  23.000  1.0000e-07
8.250  23.250  1.0000e-07
8.250  23.500  1.0000e-07
8.250  23.750  1.0000e-07
8.250  24.000  1.0000e-07
8.500  17.000  3.2116e-03
8.500  17.250  3.2128e-03
8.500  17.500  3.3132e-03
8.500  17.750  3.8599e-03
8.500  18.000  5.5057e-03
8.500  18.250  7.3066e-03
8.500  18.500  7.6083e-03
8.500  18.750  6.5565e-03
8.500  19.000  4.6831e-03
8.500  19.250  3.3462e-03
8.500  19.500  1.6706e-03
8.500  19.750  8.6963e-04
8.500  20.000  2.2469e-04
8.500  20.250  2.9547e-05
8.500  20.500  2.9630e-06
8.500  20.750  1.0000e-07
8.500  21.000  1.0000e-07
8.500  21.250  1.0000e-07
8.500  21.500  1.0000e-07
8.500  21.750  1.0000e-07
8.500  22.000  1.0000e-07
8.500  22.250  1.0000e-07
8.500  22.500  1.0000e-07
8.500  22.750  1.0000e-07
8.500  23.000  1.0000e-07
8.500  23.250  1.0000e-07
8.500  23.500  1.0000e-07
8.500  23.750  1.0000e-07
8.500  24.000  1.0000e-07
8.750  17.000  3.3735e-03
8.750  17.250  3.3699e-03
8.750  17.500  3.4695e-03
8.750  17.750  4.0338e-03
8.750  18.000  5.6937e-03
8.750  18.250  7.5010e-03
8.750  18.500  7.6928e-03
8.750  18.750  6.1118e-03
8.750  19.000  5.1521e-03
8.750  19.250  3.9432e-03
8.750  19.500  2.3133e-03
8.750  19.750  1.3905e-03
8.750  20.000  6.5424e-04
8.750  20.250  2.3276e-04
8.750  20.500  2.8642e-05
8.750  20.750  2.8807e-06
8.750  21.000  1.0000e-07
8.750  21.250  1.0000e-07
8.750  21.500  1.0000e-07
8.750  21.750  1.0000e-07
8.750  22.000  1.0000e-07
8.750  22.250  1.0000e-07
8.750  22.500  1.0000e-07
8.750  22.750  1.0000e-07
8.750  23.000  1.0000e-07
8.750  23.250  1.0000e-07
8.750  23.500  1.0000e-07
8.750  23.750  1.0000e-07
8.750  24.000  1.0000e-07
9.000  17.000  3.5163e-03
9.000  17.250  3.5316e-03
9.000  17.500  3.6823e-03
9.000  17.750  4.3742e-03
9.000  18.000  6.0389e-03
9.000  18.250  6.9083e-03
9.000  18.500  7.0423e-03
9.000  18.750  6.1049e-03
9.000  19.000  4.3597e-03
9.000  19.250  4.0400e-03
9.000  19.500  2.7324e-03
9.000  19.750  1.5440e-03
9.000  20.000  1.0065e-03
9.000  20.250  5.3342e-04
9.000  20.500  2.3103e-04
9.000  20.750  2.7572e-05
9.000  21.000  2.7984e-06
9.000  21.250  1.0000e-07
9.000  21.500  1.0000e-07
9.000  21.750  1.0000e-07
9.000  22.000  1.0000e-07
9.000  22.250  1.0000e-07
9.000  22.500  1.0000e-07
9.000  22.750  1.0000e-07
9.000  23.000  1.0000e-07
9.000  23.250  1.0000e-07
9.000  23.500  1.0000e-07
9.000  23.750  1.0000e-07
9.000  24.000  1.0000e-07
9.250  17.000  3.6390e-03
9.250  17.250  3.6853e-03
9.250  17.500  3.9212e-03
9.250  17.750  4.8216e-03
9.250  18.000  6.2154e-03
9.250  18.250  6.5530e-03
9.250  18.500  6.2452e-03
9.250  18.750  5.2174e-03
9.250  19.000  3.5038e-03
9.250  19.250  2.6565e-03
9.250  19.500  2.4586e-03
9.250  19.750  1.9842e-03
9.250  20.000  1.0322e-03
9.250  20.250  6.9506e-04
9.250  20.500  5.1539e-04
9.250  20.750  2.1391e-04
9.250  21.000  2.6420e-05
9.250  21.250  2.6337e-06
9.250  21.500  1.0000e-07
9.250  21.750  1.0000e-07
9.250  22.000  1.0000e-07
9.250  22.250  1.0000e-07
9.250  22.500  1.0000e-07
9.250  22.750  1.0000e-07
9.250  23.000  1.0000e-07
9.250  23.250  1.0000e-07
9.250  23.500  1.0000e-07
9.250  23.750  1.0000e-07
9.250  24.000  1.0000e-07
9.500  17.000  3.7494e-03
9.500  17.250  3.8258e-03
9.500  17.500  4.1742e-03
9.500  17.750  5.2653e-03
9.500  18.000  6.4717e-03
9.500  18.250  6.7229e-03
9.500  18.500  5.2185e-03
9.500  18.750  4.3125e-03
9.500  19.000  3.3851e-03
9.500  19.250  2.5965e-03
9.500  19.500  1.9905e-03
9.500  19.750  1.7055e-03
9.500  20.000  1.3736e-03
9.500  20.250  9.7124e-04
9.500  20.500  6.0815e-04
9.500  20.750  3.6519e-04
9.500  21.000  1.9185e-04
9.500  21.250  2.5432e-05
9.500  21.500  2.3868e-06
9.500  21.750  1.0000e-07
9.500  22.000  1.0000e-07
9.500  22.250  1.0000e-07
9.500  22.500  1.0000e-07
9.500  22.750  1.0000e-07
9.500  23.000  1.0000e-07
9.500  23.250  1.0000e-07
9.500  23.500  1.0000e-07
9.500  23.750  1.0000e-07
9.500  24.000  1.0000e-07
9.750  17.000  3.8381e-03
9.750  17.250  3.9467e-03
9.750  17.500  4.3929e-03
9.750  17.750  5.6013e-03
9.750  18.000  6.6649e-03
9.750  18.250  6.1670e-03
9.750  18.500  4.7394e-03
9.750  18.750  3.2251e-03
9.750  19.000  2.8647e-03
9.750  19.250  2.3658e-03
9.750  19.500  1.2522e-03
9.750  19.750  9.6305e-04
9.750  20.000  8.2568e-04
9.750  20.250  6.0058e-04
9.750  20.500  4.4527e-04
9.750  20.750  3.8008e-04
9.750  21.000  2.7185e-04
9.750  21.250  1.4305e-04
9.750  21.500  2.4774e-05
9.750  21.750  2.1399e-06
9.750  22.000  1.0000e-07
9.750  22.250  1.0000e-07
9.750  22.500  1.0000e-07
9.750  22.750  1.0000e-07
9.750  23.000  1.0000e-07
9.750  23.250  1.0000e-07
9.750  23.500  1.0000e-07
9.750  23.750  1.0000e-07
9.750  24.000  1.0000e-07
10.000  17.000  3.9113e-03
10.000  17.250  4.0540e-03
10.000  17.500  4.5903e-03
10.000  17.750  5.7965e-03
10.000  18.000  6.5308e-03
10.000  18.250  5.8282e-03
10.000  18.500  4.4217e-03
10.000  18.750  2.8762e-03
10.000  19.000  2.5786e-03
10.000  19.250  2.1521e-03
10.000  19.500  1.8511e-03
10.000  19.750  9.8346e-04
10.000  20.000  6.4807e-04
10.000  20.250  5.4403e-04
10.000  20.500  4.0593e-04
10.000  20.750  3.5908e-04
10.000  21.000  3.2058e-04
10.000  21.250  1.9959e-04
10.000  21.500  1.0658e-04
10.000  21.750  2.3786e-05
10.000  22.000  1.8107e-06
10.000  22.250  1.0000e-07
10.000  22.500  1.0000e-07
10.000  22.750  1.0000e-07
10.000  23.000  1.0000e-07
10.000  23.250  1.0000e-07
10.000  23.500  1.0000e-07
10.000  23.750  1.0000e-07
10.000  24.000  1.0000e-07
10.250  17.000  3.9719e-03
10.250  17.250  4.1676e-03
10.250  17.500  4.8130e-03
10.250  17.750  5.9785e-03
10.250  18.000  6.3904e-03
10.250  18.250  5.8272e-03
10.250  18.500  4.1100e-03
10.250  18.750  2.6392e-03
10.250  19.000  2.8534e-03
10.250  19.250  1.9272e-03
10.250  19.500  1.2676e-03
10.250  19.750  9.0914e-04
10.250  20.000  6.8321e-04
10.250  20.250  4.9720e-04
10.250  20.500  4.3605e-04
10.250  20.750  3.0889e-04
10.250  21.000  2.2711e-04
10.250  21.250  1.8543e-04
10.250  21.500  1.3654e-04
10.250  21.750  8.6091e-05
10.250  22.000  2.2058e-05
10.250  22.250  1.5638e-06
10.250  22.500  1.0000e-07
10.250  22.750  1.0000e-07
10.250  23.000  1.0000e-07
10.250  23.250  1.0000e-07
10.250  23.500  1.0000e-07
10.250  23.750  1.0000e-07
10.250  24.000  1.0000e-07
10.500  17.000  4.0472e-03
10.500  17.250  4.3379e-03
10.500  17.500  5.1077e-03
10.500  17.750  6.1687e-03
10.500  18.000  6.4938e-03
10.500  18.250  6.0329e-03
10.500  18.500  3.8267e-03
10.500  18.750  2.7503e-03
10.500  19.000  1.9828e-03
10.500  19.250  1.7016e-03
10.500  19.500  1.2876e-03
10.500  19.750  8.8469e-04
10.500  20.000  6.9095e-04
10.500  20.250  4.9811e-04
10.500  20.500  4.1490e-04
10.500  20.750  3.5663e-04
10.500  21.000  2.5078e-04
10.500  21.250  1.7588e-04
10.500  21.500  1.5086e-04
10.500  21.750  1.0955e-04
10.500  22.000  8.0000e-05
10.500  22.250  1.9835e-05
10.500  22.500  1.3169e-06
10.500  22.750  1.0000e-07
10.500  23.000  1.0000e-07
10.500  23.250  1.0000e-07
10.500  23.500  1.0000e-07
10.500  23.750  1.0000e-07
10.500  24.000  1.0000e-07
10.750  17.000  4.1271e-03
10.750  17.250  4.5620e-03
10.750  17.500  5.4936e-03
10.750  17.750  6.4282e-03
10.750  18.000  6.5802e-03
10.750  18.250  6.3786e-03
10.750  18.500  4.1885e-03
10.750  18.750  3.0092e-03
10.750  19.000  2.2183e-03
10.750  19.250  1.6331e-03
10.750  19.500  1.1995e-03
10.750  19.750  9.9358e-04
10.750  20.000  7.4881e-04
10.750  20.250  5.9350e-04
10.750  20.500  4.6305e-04
10.750  20.750  3.7070e-04
10.750  21.000  3.4831e-04
10.750  21.250  3.1578e-04
10.750  21.500  2.3770e-04
10.750  21.750  1.2905e-04
10.750  22.000  8.3374e-05
10.750  22.250  5.5885e-05
10.750  22.500  1.6379e-05
10.750  22.750  1.1523e-06
10.750  23.000  1.0000e-07
10.750  23.250  1.0000e-07
10.750  23.500  1.0000e-07
10.750  23.750  1.0000e-07
10.750  24.000  1.0000e-07
11.000  17.000  4.2099e-03
11.000  17.250  4.8074e-03
11.000  17.500  5.9170e-03
11.000  17.750  6.8888e-03
11.000  18.000  6.9321e-03
11.000  18.250  6.8449e-03
11.000  18.500  5.4968e-03
11.000  18.750  3.6531e-03
11.000  19.000  2.7134e-03
11.000  19.250  1.9856e-03
11.000  19.500  1.4547e-03
11.000  19.750  1.0698e-03
11.000  20.000  8.9901e-04
11.000  20.250  6.7654e-04
11.000  20.500  5.1407e-04
11.000  20.750  4.2173e-04
11.000  21.000  3.4123e-04
11.000  21.250  2.6782e-04
11.000  21.500  2.0587e-04
11.000  21.750  1.5119e-04
11.000  22.000  1.0132e-04
11.000  22.250  6.4856e-05
11.000  22.500  3.8519e-05
11.000  22.750  1.3663e-05
11.000  23.000  9.8765e-07
11.000  23.250  1.0000e-07
11.000  23.500  1.0000e-07
11.000  23.750  1.0000e-07
11.000  24.000  1.0000e-07
11.250  17.000  4.3244e-03
11.250  17.250  5.0321e-03
11.250  17.500  6.3476e-03
11.250  17.750  7.4132e-03
11.250  18.000  7.4540e-03
11.250  18.250  7.1389e-03
11.250  18.500  6.3065e-03
11.250  18.750  4.5398e-03
11.250  19.000  3.5733e-03
11.250  19.250  2.5081e-03
11.250  19.500  1.8374e-03
11.250  19.750  1.3477e-03
11.250  20.000  1.0022e-03
11.250  20.250  7.6494e-04
11.250  20.500  6.2016e-04
11.250  20.750  4.8790e-04
11.250  21.000  3.9432e-04
11.250  21.250  3.2066e-04
11.250  21.500  2.5267e-04
11.250  21.750  1.8716e-04
11.250  22.000  1.3218e-04
11.250  22.250  8.2551e-05
11.250  22.500  5.4979e-05
11.250  22.750  3.4156e-05
11.250  23.000  1.1770e-05
11.250  23.250  9.0535e-07
11.250  23.500  1.0000e-07
11.250  23.750  1.0000e-07
11.250  24.000  1.0000e-07
11.500  17.000  4.4672e-03
11.500  17.250  5.2876e-03
11.500  17.500  6.7341e-03
11.500  17.750  8.0191e-03
11.500  18.000  8.3677e-03
11.500  18.250  8.1230e-03
11.500  18.500  7.3002e-03
11.500  18.750  5.9314e-03
11.500  19.000  4.3280e-03
11.500  19.250  3.2858e-03
11.500  19.500  2.3740e-03
11.500  19.750  1.7374e-03
11.500  20.000  1.2845e-03
11.500  20.250  9.6593e-04
11.500  20.500  7.4206e-04
11.500  20.750  5.9860e-04
11.500  21.000  4.7934e-04
11.500  21.250  3.7103e-04
11.500  21.500  3.0428e-04
11.500  21.750  2.3193e-04
11.500  22.000  1.5951e-04
11.500  22.250  1.3704e-04
11.500  22.500  8.8807e-05
11.500  22.750  4.5514e-05
11.500  23.000  3.1029e-05
11.500  23.250  1.0453e-05
11.500  23.500  1.0000e-07
11.500  23.750  1.0000e-07
11.500  24.000  1.0000e-07
11.750  17.000  4.5901e-03
11.750  17.250  5.5748e-03
11.750  17.500  7.1014e-03
11.750  17.750  8.5710e-03
11.750  18.000  9.2132e-03
11.750  18.250  9.0900e-03
11.750  18.500  8.1900e-03
11.750  18.750  7.1094e-03
11.750  19.000  5.5663e-03
11.750  19.250  4.4223e-03
11.750  19.500  3.2185e-03
11.750  19.750  2.2720e-03
11.750  20.000  1.6607e-03
11.750  20.250  1.2385e-03
11.750  20.500  9.3942e-04
11.750  20.750  7.5160e-04
11.750  21.000  5.7095e-04
11.750  21.250  4.4897e-04
11.750  21.500  3.5053e-04
11.750  21.750  2.7712e-04
11.750  22.000  2.0996e-04
11.750  22.250  1.6609e-04
11.750  22.500  1.2272e-04
11.750  22.750  6.1975e-05
11.750  23.000  4.6914e-05
11.750  23.250  2.2716e-05
11.750  23.500  9.3004e-06
11.750  23.750  1.0000e-07
11.750  24.000  1.0000e-07
12.000  17.000  4.6053e-03
12.000  17.250  5.8105e-03
12.000  17.500  7.4491e-03
12.000  17.750  8.9942e-03
12.000  18.000  9.9230e-03
12.000  18.250  1.0083e-02
12.000  18.500  9.3984e-03
12.000  18.750  8.3190e-03
12.000  19.000  6.7723e-03
12.000  19.250  5.5228e-03
12.000  19.500  4.0072e-03
12.000  19.750  2.9542e-03
12.000  20.000  2.1547e-03
12.000  20.250  1.5812e-03
12.000  20.500  1.1888e-03
12.000  20.750  9.0700e-04
12.000  21.000  7.1169e-04
12.000  21.250  5.4099e-04
12.000  21.500  4.2280e-04
12.000  21.750  3.2041e-04
12.000  22.000  2.4864e-04
12.000  22.250  1.9070e-04
12.000  22.500  1.3070e-04
12.000  22.750  9.3333e-05
12.000  23.000  6.0658e-05
12.000  23.250  3.6379e-05
12.000  23.500  2.0165e-05
12.000  23.750  8.5597e-06
12.000  24.000  1.0000e-07
12.250  17.000  4.6172e-03
12.250  17.250  5.8221e-03
12.250  17.500  7.6300e-03
12.250  17.750  9.3481e-03
12.250  18.000  1.0419e-02
12.250  18.250  1.0820e-02
12.250  18.500  1.0273e-02
12.250  18.750  9.5728e-03
12.250  19.000  8.2853e-03
12.250  19.250  6.6286e-03
12.250  19.500  5.1662e-03
12.250  19.750  3.7412e-03
12.250  20.000  2.7291e-03
12.250  20.250  1.9982e-03
12.250  20.500  1.4814e-03
12.250  20.750  1.1220e-03
12.250  21.000  8.8996e-04
12.250  21.250  6.6807e-04
12.250  21.500  5.0733e-04
12.250  21.750  3.7704e-04
12.250  22.000  2.8477e-04
12.250  22.250  2.1745e-04
12.250  22.500  1.6765e-04
12.250  22.750  1.4412e-04
12.250  23.000  8.4115e-05
12.250  23.250  5.2757e-05
12.250  23.500  3.2840e-05
12.250  23.750  1.6543e-05
12.250  24.000  7.8189e-06
12.500  17.000  4.5807e-03
12.500  17.250  5.8099e-03
12.500  17.500  7.4211e-03
12.500  17.750  9.2119e-03
12.500  18.000  1.0595e-02
12.500  18.250  1.1332e-02
12.500  18.500  1.1321e-02
12.500  18.750  1.0459e-02
12.500  19.000  9.4358e-03
12.500  19.250  7.9528e-03
12.500  19.500  5.9953e-03
12.500  19.750  4.6067e-03
12.500  20.000  3.3943e-03
12.500  20.250  2.4570e-03
12.500  20.500  1.8139e-03
12.500  20.750  1.3570e-03
12.500  21.000  1.0356e-03
12.500  21.250  8.1679e-04
12.500  21.500  6.1317e-04
12.500  21.750  4.5284e-04
12.500  22.000  3.2872e-04
12.500  22.250  2.3967e-04
12.500  22.500  1.8066e-04
12.500  22.750  1.3407e-04
12.500  23.000  1.0601e-04
12.500  23.250  6.4609e-05
12.500  23.500  4.3786e-05
12.500  23.750  2.9465e-05
12.500  24.000  1.6214e-05
12.750  17.000  4.4601e-03
12.750  17.250  5.6356e-03
12.750  17.500  7.2403e-03
12.750  17.750  9.0005e-03
12.750  18.000  1.0449e-02
12.750  18.250  1.1377e-02
12.750  18.500  1.1748e-02
12.750  18.750  1.1221e-02
12.750  19.000  1.0264e-02
12.750  19.250  8.6235e-03
12.750  19.500  6.9693e-03
12.750  19.750  5.4007e-03
12.750  20.000  3.9588e-03
12.750  20.250  2.9709e-03
12.750  20.500  2.1539e-03
12.750  20.750  1.6044e-03
12.750  21.000  1.2157e-03
12.750  21.250  9.5745e-04
12.750  21.500  7.2897e-04
12.750  21.750  5.3770e-04
12.750  22.000  3.8576e-04
12.750  22.250  2.7259e-04
12.750  22.500  2.1992e-04
12.750  22.750  1.4272e-04
12.750  23.000  9.6607e-05
12.750  23.250  7.5391e-05
12.750  23.500  5.3333e-05
12.750  23.750  3.6872e-05
12.750  24.000  2.3292e-05
13.000  17.000  4.1119e-03
13.000  17.250  5.3579e-03
13.000  17.500  7.1117e-03
13.000  17.750  8.8649e-03
13.000  18.000  1.0391e-02
13.000  18.250  1.1397e-02
13.000  18.500  1.1785e-02
13.000  18.750  1.1547e-02
13.000  19.000  1.0713e-02
13.000  19.250  9.4803e-03
13.000  19.500  7.6294e-03
13.000  19.750  6.0170e-03
13.000  20.000  4.5436e-03
13.000  20.250  3.3735e-03
13.000  20.500  2.4756e-03
13.000  20.750  1.8422e-03
13.000  21.000  1.3911e-03
13.000  21.250  1.0970e-03
13.000  21.500  8.3819e-04
13.000  21.750  6.3383e-04
13.000  22.000  4.5391e-04
13.000  22.250  3.1523e-04
13.000  22.500  2.1844e-04
13.000  22.750  1.5202e-04
13.000  23.000  1.0716e-04
13.000  23.250  7.9918e-05
13.000  23.500  5.5802e-05
13.000  23.750  3.8272e-05
13.000  24.000  2.9053e-05
13.250  17.000  3.8996e-03
13.250  17.250  5.0779e-03
13.250  17.500  6.8152e-03
13.250  17.750  8.7878e-03
13.250  18.000  1.0368e-02
13.250  18.250  1.1445e-02
13.250  18.500  1.1908e-02
13.250  18.750  1.1800e-02
13.250  19.000  1.1123e-02
13.250  19.250  9.7471e-03
13.250  19.500  8.1947e-03
13.250  19.750  6.4765e-03
13.250  20.000  5.0013e-03
13.250  20.250  3.8147e-03
13.250  20.500  2.7547e-03
13.250  20.750  2.0482e-03
13.250  21.000  1.5497e-03
13.250  21.250  1.2313e-03
13.250  21.500  9.2296e-04
13.250  21.750  6.9506e-04
13.250  22.000  5.1638e-04
13.250  22.250  3.5918e-04
13.250  22.500  2.4560e-04
13.250  22.750  1.6576e-04
13.250  23.000  1.1704e-04
13.250  23.250  7.8189e-05
13.250  23.500  5.8189e-05
13.250  23.750  4.0576e-05
13.250  24.000  3.3663e-05
13.500  17.000  3.6283e-03
13.500  17.250  4.7404e-03
13.500  17.500  6.4184e-03
13.500  17.750  8.4802e-03
13.500  18.000  1.0399e-02
13.500  18.250  1.1567e-02
13.500  18.500  1.2090e-02
13.500  18.750  1.1955e-02
13.500  19.000  1.1559e-02
13.500  19.250  1.0140e-02
13.500  19.500  8.4399e-03
13.500  19.750  6.7874e-03
13.500  20.000  5.2653e-03
13.500  20.250  3.9933e-03
13.500  20.500  3.0058e-03
13.500  20.750  2.2309e-03
13.500  21.000  1.6560e-03
13.500  21.250  1.3065e-03
13.500  21.500  1.0103e-03
13.500  21.750  7.4938e-04
13.500  22.000  5.5844e-04
13.500  22.250  4.0469e-04
13.500  22.500  2.7918e-04
13.500  22.750  1.8288e-04
13.500  23.000  1.2107e-04
13.500  23.250  8.0576e-05
13.500  23.500  5.5062e-05
13.500  23.750  4.0329e-05
13.500  24.000  2.7737e-05
13.750  17.000  3.3487e-03
13.750  17.250  4.3481e-03
13.750  17.500  5.9366e-03
13.750  17.750  7.9642e-03
13.750  18.000  1.0121e-02
13.750  18.250  1.1632e-02
13.750  18.500  1.2374e-02
13.750  18.750  1.2154e-02
13.750  19.000  1.1449e-02
13.750  19.250  1.0190e-02
13.750  19.500  8.7541e-03
13.750  19.750  6.9360e-03
13.750  20.000  5.4268e-03
13.750  20.250  4.1217e-03
13.750  20.500  3.1138e-03
13.750  20.750  2.3294e-03
13.750  21.000  1.7294e-03
13.750  21.250  1.3091e-03
13.750  21.500  1.0044e-03
13.750  21.750  7.8560e-04
13.750  22.000  5.9235e-04
13.750  22.250  4.3514e-04
13.750  22.500  3.0650e-04
13.750  22.750  2.0222e-04
13.750  23.000  1.3210e-04
13.750  23.250  8.5844e-05
13.750  23.500  5.6049e-05
13.750  23.750  3.9588e-05
13.750  24.000  2.7490e-05
14.000  17.000  3.0719e-03
14.000  17.250  3.9510e-03
14.000  17.500  5.3636e-03
14.000  17.750  7.3424e-03
14.000  18.000  9.6064e-03
14.000  18.250  1.1498e-02
14.000  18.500  1.2585e-02
14.000  18.750  1.2488e-02
14.000  19.000  1.1658e-02
14.000  19.250  1.0340e-02
14.000  19.500  8.9440e-03
14.000  19.750  7.1992e-03
14.000  20.000  5.5315e-03
14.000  20.250  4.2227e-03
14.000  20.500  3.1586e-03
14.000  20.750  2.3720e-03
14.000  21.000  1.7766e-03
14.000  21.250  1.3342e-03
14.000  21.500  1.0546e-03
14.000  21.750  8.1029e-04
14.000  22.000  6.1053e-04
14.000  22.250  4.5811e-04
14.000  22.500  3.2140e-04
14.000  22.750  2.1951e-04
14.000  23.000  1.4239e-04
14.000  23.250  9.1276e-05
14.000  23.500  5.8189e-05
14.000  23.750  3.7531e-05
14.000  24.000  6.8724e-05
