InwD 1.11867m  relative to Inci 1215.00A scaled to 1215A.
Hden   Phi(H)  Eq_Width (A)
7.000  17.000  3.2261e-02
7.000  17.250  3.0572e-02
7.000  17.500  2.5817e-02
7.000  17.750  1.9764e-02
7.000  18.000  1.0723e-02
7.000  18.250  5.2630e-03
7.000  18.500  2.2690e-03
7.000  18.750  9.9000e-04
7.000  19.000  4.8800e-04
7.000  19.250  1.9500e-04
7.000  19.500  8.1000e-05
7.000  19.750  3.6000e-05
7.000  20.000  1.7000e-05
7.000  20.250  8.0000e-06
7.000  20.500  4.0000e-06
7.000  20.750  2.0000e-06
7.000  21.000  1.0000e-06
7.000  21.250  1.0000e-10
7.000  21.500  1.0000e-10
7.000  21.750  1.0000e-10
7.000  22.000  1.0000e-10
7.000  22.250  1.0000e-10
7.000  22.500  1.0000e-10
7.000  22.750  1.0000e-10
7.000  23.000  1.0000e-10
7.000  23.250  1.0000e-10
7.000  23.500  1.0000e-10
7.000  23.750  1.0000e-10
7.000  24.000  1.0000e-10
7.250  17.000  3.3077e-02
7.250  17.250  3.3441e-02
7.250  17.500  3.1806e-02
7.250  17.750  2.6361e-02
7.250  18.000  1.9713e-02
7.250  18.250  1.0708e-02
7.250  18.500  5.2590e-03
7.250  18.750  2.2680e-03
7.250  19.000  9.9000e-04
7.250  19.250  4.8800e-04
7.250  19.500  1.9600e-04
7.250  19.750  8.1000e-05
7.250  20.000  3.6000e-05
7.250  20.250  1.8000e-05
7.250  20.500  8.0000e-06
7.250  20.750  4.0000e-06
7.250  21.000  2.0000e-06
7.250  21.250  1.0000e-06
7.250  21.500  1.0000e-10
7.250  21.750  1.0000e-10
7.250  22.000  1.0000e-10
7.250  22.250  1.0000e-10
7.250  22.500  1.0000e-10
7.250  22.750  1.0000e-10
7.250  23.000  1.0000e-10
7.250  23.250  1.0000e-10
7.250  23.500  1.0000e-10
7.250  23.750  1.0000e-10
7.250  24.000  1.0000e-10
7.500  17.000  3.3103e-02
7.500  17.250  3.4370e-02
7.500  17.500  3.5088e-02
7.500  17.750  3.3546e-02
7.500  18.000  2.6974e-02
7.500  18.250  1.9668e-02
7.500  18.500  1.0694e-02
7.500  18.750  5.2550e-03
7.500  19.000  2.2680e-03
7.500  19.250  9.9000e-04
7.500  19.500  4.8800e-04
7.500  19.750  1.9600e-04
7.500  20.000  8.1000e-05
7.500  20.250  3.6000e-05
7.500  20.500  1.7000e-05
7.500  20.750  8.0000e-06
7.500  21.000  4.0000e-06
7.500  21.250  2.0000e-06
7.500  21.500  1.0000e-06
7.500  21.750  1.0000e-10
7.500  22.000  1.0000e-10
7.500  22.250  1.0000e-10
7.500  22.500  1.0000e-10
7.500  22.750  1.0000e-10
7.500  23.000  1.0000e-10
7.500  23.250  1.0000e-10
7.500  23.500  1.0000e-10
7.500  23.750  1.0000e-10
7.500  24.000  1.0000e-10
7.750  17.000  3.3006e-02
7.750  17.250  3.4416e-02
7.750  17.500  3.6336e-02
7.750  17.750  3.7729e-02
7.750  18.000  3.5895e-02
7.750  18.250  2.7739e-02
7.750  18.500  1.9628e-02
7.750  18.750  1.0681e-02
7.750  19.000  5.2480e-03
7.750  19.250  2.2660e-03
7.750  19.500  9.9100e-04
7.750  19.750  4.8800e-04
7.750  20.000  1.9500e-04
7.750  20.250  8.1000e-05
7.750  20.500  3.6000e-05
7.750  20.750  1.8000e-05
7.750  21.000  9.0000e-06
7.750  21.250  4.0000e-06
7.750  21.500  2.0000e-06
7.750  21.750  1.0000e-06
7.750  22.000  1.0000e-10
7.750  22.250  1.0000e-10
7.750  22.500  1.0000e-10
7.750  22.750  1.0000e-10
7.750  23.000  1.0000e-10
7.750  23.250  1.0000e-10
7.750  23.500  1.0000e-10
7.750  23.750  1.0000e-10
7.750  24.000  1.0000e-10
8.000  17.000  3.3003e-02
8.000  17.250  3.3956e-02
8.000  17.500  3.6170e-02
8.000  17.750  3.9433e-02
8.000  18.000  4.1864e-02
8.000  18.250  3.9033e-02
8.000  18.500  2.8666e-02
8.000  18.750  1.9584e-02
8.000  19.000  1.0664e-02
8.000  19.250  5.2410e-03
8.000  19.500  2.2660e-03
8.000  19.750  9.9000e-04
8.000  20.000  4.8800e-04
8.000  20.250  1.9600e-04
8.000  20.500  8.1000e-05
8.000  20.750  3.6000e-05
8.000  21.000  1.8000e-05
8.000  21.250  9.0000e-06
8.000  21.500  4.0000e-06
8.000  21.750  2.0000e-06
8.000  22.000  1.0000e-06
8.000  22.250  1.0000e-10
8.000  22.500  1.0000e-10
8.000  22.750  1.0000e-10
8.000  23.000  1.0000e-10
8.000  23.250  1.0000e-10
8.000  23.500  1.0000e-10
8.000  23.750  1.0000e-10
8.000  24.000  1.0000e-10
8.250  17.000  3.3826e-02
8.250  17.250  3.4216e-02
8.250  17.500  3.5974e-02
8.250  17.750  3.9826e-02
8.250  18.000  4.5495e-02
8.250  18.250  4.9145e-02
8.250  18.500  4.2763e-02
8.250  18.750  3.0111e-02
8.250  19.000  1.9549e-02
8.250  19.250  1.0651e-02
8.250  19.500  5.2320e-03
8.250  19.750  2.2650e-03
8.250  20.000  9.9000e-04
8.250  20.250  4.8800e-04
8.250  20.500  1.9600e-04
8.250  20.750  8.1000e-05
8.250  21.000  3.6000e-05
8.250  21.250  1.8000e-05
8.250  21.500  8.0000e-06
8.250  21.750  5.0000e-06
8.250  22.000  2.0000e-06
8.250  22.250  1.0000e-06
8.250  22.500  1.0000e-10
8.250  22.750  1.0000e-10
8.250  23.000  1.0000e-10
8.250  23.250  1.0000e-10
8.250  23.500  1.0000e-10
8.250  23.750  1.0000e-10
8.250  24.000  1.0000e-10
8.500  17.000  3.5008e-02
8.500  17.250  3.5068e-02
8.500  17.500  3.6252e-02
8.500  17.750  3.9791e-02
8.500  18.000  4.6993e-02
8.500  18.250  5.6176e-02
8.500  18.500  5.8807e-02
8.500  18.750  4.7236e-02
8.500  19.000  3.1303e-02
8.500  19.250  1.9516e-02
8.500  19.500  1.0640e-02
8.500  19.750  5.2210e-03
8.500  20.000  2.2630e-03
8.500  20.250  9.9000e-04
8.500  20.500  4.8800e-04
8.500  20.750  1.9600e-04
8.500  21.000  8.1000e-05
8.500  21.250  3.6000e-05
8.500  21.500  1.7000e-05
8.500  21.750  9.0000e-06
8.500  22.000  5.0000e-06
8.500  22.250  2.0000e-06
8.500  22.500  1.0000e-06
8.500  22.750  1.0000e-10
8.500  23.000  1.0000e-10
8.500  23.250  1.0000e-06
8.500  23.500  1.0000e-10
8.500  23.750  1.0000e-10
8.500  24.000  1.0000e-10
8.750  17.000  3.6341e-02
8.750  17.250  3.6314e-02
8.750  17.500  3.7221e-02
8.750  17.750  4.0189e-02
8.750  18.000  4.7531e-02
8.750  18.250  6.0071e-02
8.750  18.500  7.0136e-02
8.750  18.750  6.8594e-02
8.750  19.000  5.0014e-02
8.750  19.250  3.2618e-02
8.750  19.500  1.9482e-02
8.750  19.750  1.0627e-02
8.750  20.000  5.2090e-03
8.750  20.250  2.2600e-03
8.750  20.500  9.9000e-04
8.750  20.750  4.8800e-04
8.750  21.000  1.9600e-04
8.750  21.250  8.1000e-05
8.750  21.500  3.6000e-05
8.750  21.750  1.8000e-05
8.750  22.000  8.0000e-06
8.750  22.250  4.0000e-06
8.750  22.500  2.0000e-06
8.750  22.750  1.0000e-06
8.750  23.000  1.0000e-10
8.750  23.250  1.0000e-10
8.750  23.500  1.0000e-10
8.750  23.750  1.0000e-10
8.750  24.000  1.0000e-10
9.000  17.000  3.7763e-02
9.000  17.250  3.7746e-02
9.000  17.500  3.8680e-02
9.000  17.750  4.1542e-02
9.000  18.000  4.8634e-02
9.000  18.250  6.2149e-02
9.000  18.500  7.7636e-02
9.000  18.750  8.5835e-02
9.000  19.000  7.7286e-02
9.000  19.250  5.3513e-02
9.000  19.500  3.3668e-02
9.000  19.750  1.9445e-02
9.000  20.000  1.0616e-02
9.000  20.250  5.1950e-03
9.000  20.500  2.2580e-03
9.000  20.750  9.9000e-04
9.000  21.000  4.8800e-04
9.000  21.250  1.9600e-04
9.000  21.500  8.1000e-05
9.000  21.750  3.6000e-05
9.000  22.000  1.8000e-05
9.000  22.250  8.0000e-06
9.000  22.500  4.0000e-06
9.000  22.750  3.0000e-06
9.000  23.000  1.0000e-06
9.000  23.250  1.0000e-10
9.000  23.500  1.0000e-10
9.000  23.750  1.0000e-10
9.000  24.000  1.0000e-10
9.250  17.000  3.9272e-02
9.250  17.250  3.9298e-02
9.250  17.500  4.0445e-02
9.250  17.750  4.3666e-02
9.250  18.000  5.1324e-02
9.250  18.250  6.5285e-02
9.250  18.500  8.1961e-02
9.250  18.750  9.6672e-02
9.250  19.000  9.9454e-02
9.250  19.250  8.5979e-02
9.250  19.500  5.6330e-02
9.250  19.750  3.4689e-02
9.250  20.000  1.9388e-02
9.250  20.250  1.0606e-02
9.250  20.500  5.1820e-03
9.250  20.750  2.2560e-03
9.250  21.000  9.9000e-04
9.250  21.250  4.8800e-04
9.250  21.500  1.9600e-04
9.250  21.750  8.1000e-05
9.250  22.000  3.6000e-05
9.250  22.250  1.7000e-05
9.250  22.500  9.0000e-06
9.250  22.750  5.0000e-06
9.250  23.000  3.0000e-06
9.250  23.250  2.0000e-06
9.250  23.500  1.0000e-10
9.250  23.750  1.0000e-10
9.250  24.000  1.0000e-10
9.500  17.000  4.1028e-02
9.500  17.250  4.1053e-02
9.500  17.500  4.2475e-02
9.500  17.750  4.6412e-02
9.500  18.000  5.5426e-02
9.500  18.250  7.0682e-02
9.500  18.500  8.8072e-02
9.500  18.750  1.0346e-01
9.500  19.000  1.1409e-01
9.500  19.250  1.1366e-01
9.500  19.500  9.1202e-02
9.500  19.750  5.8624e-02
9.500  20.000  3.4745e-02
9.500  20.250  1.9315e-02
9.500  20.500  1.0598e-02
9.500  20.750  5.1700e-03
9.500  21.000  2.2540e-03
9.500  21.250  9.9000e-04
9.500  21.500  4.8800e-04
9.500  21.750  1.9600e-04
9.500  22.000  8.0000e-05
9.500  22.250  3.6000e-05
9.500  22.500  1.8000e-05
9.500  22.750  9.0000e-06
9.500  23.000  4.0000e-06
9.500  23.250  3.0000e-06
9.500  23.500  1.0000e-06
9.500  23.750  1.0000e-06
9.500  24.000  1.0000e-10
9.750  17.000  4.3126e-02
9.750  17.250  4.3086e-02
9.750  17.500  4.4774e-02
9.750  17.750  4.9691e-02
9.750  18.000  6.0679e-02
9.750  18.250  7.8055e-02
9.750  18.500  9.6514e-02
9.750  18.750  1.1171e-01
9.750  19.000  1.2347e-01
9.750  19.250  1.3119e-01
9.750  19.500  1.2971e-01
9.750  19.750  9.5988e-02
9.750  20.000  6.0753e-02
9.750  20.250  3.4456e-02
9.750  20.500  1.9203e-02
9.750  20.750  1.0601e-02
9.750  21.000  5.1570e-03
9.750  21.250  2.2500e-03
9.750  21.500  9.9000e-04
9.750  21.750  4.8800e-04
9.750  22.000  1.9600e-04
9.750  22.250  8.1000e-05
9.750  22.500  3.6000e-05
9.750  22.750  1.7000e-05
9.750  23.000  8.0000e-06
9.750  23.250  4.0000e-06
9.750  23.500  3.0000e-06
9.750  23.750  1.0000e-06
9.750  24.000  1.0000e-06
10.000  17.000  4.5814e-02
10.000  17.250  4.5593e-02
10.000  17.500  4.7572e-02
10.000  17.750  5.3713e-02
10.000  18.000  6.7018e-02
10.000  18.250  8.6218e-02
10.000  18.500  1.0572e-01
10.000  18.750  1.2093e-01
10.000  19.000  1.3283e-01
10.000  19.250  1.4300e-01
10.000  19.500  1.5362e-01
10.000  19.750  1.4431e-01
10.000  20.000  1.0301e-01
10.000  20.250  6.1576e-02
10.000  20.500  3.4145e-02
10.000  20.750  1.9087e-02
10.000  21.000  1.0602e-02
10.000  21.250  5.1440e-03
10.000  21.500  2.2480e-03
10.000  21.750  9.8900e-04
10.000  22.000  4.8900e-04
10.000  22.250  1.9500e-04
10.000  22.500  8.1000e-05
10.000  22.750  3.6000e-05
10.000  23.000  1.7000e-05
10.000  23.250  9.0000e-06
10.000  23.500  5.0000e-06
10.000  23.750  3.0000e-06
10.000  24.000  1.0000e-06
10.250  17.000  4.9415e-02
10.250  17.250  4.8780e-02
10.250  17.500  5.1208e-02
10.250  17.750  5.8855e-02
10.250  18.000  7.4302e-02
10.250  18.250  9.5214e-02
10.250  18.500  1.1534e-01
10.250  18.750  1.3019e-01
10.250  19.000  1.4187e-01
10.250  19.250  1.5302e-01
10.250  19.500  1.6437e-01
10.250  19.750  1.7311e-01
10.250  20.000  1.4956e-01
10.250  20.250  1.0604e-01
10.250  20.500  6.1239e-02
10.250  20.750  3.3910e-02
10.250  21.000  1.8987e-02
10.250  21.250  1.0600e-02
10.250  21.500  5.1330e-03
10.250  21.750  2.2450e-03
10.250  22.000  9.8900e-04
10.250  22.250  4.8900e-04
10.250  22.500  1.9600e-04
10.250  22.750  8.1000e-05
10.250  23.000  3.5000e-05
10.250  23.250  1.7000e-05
10.250  23.500  8.0000e-06
10.250  23.750  4.0000e-06
10.250  24.000  3.0000e-06
10.500  17.000  5.4581e-02
10.500  17.250  5.3299e-02
10.500  17.500  5.6169e-02
10.500  17.750  6.5585e-02
10.500  18.000  8.2755e-02
10.500  18.250  1.0436e-01
10.500  18.500  1.2411e-01
10.500  18.750  1.3840e-01
10.500  19.000  1.5001e-01
10.500  19.250  1.5972e-01
10.500  19.500  1.6905e-01
10.500  19.750  1.7923e-01
10.500  20.000  1.8317e-01
10.500  20.250  1.5514e-01
10.500  20.500  1.0934e-01
10.500  20.750  6.0917e-02
10.500  21.000  3.3590e-02
10.500  21.250  1.8937e-02
10.500  21.500  1.0584e-02
10.500  21.750  5.1210e-03
10.500  22.000  2.2420e-03
10.500  22.250  9.8900e-04
10.500  22.500  4.8800e-04
10.500  22.750  1.9500e-04
10.500  23.000  8.0000e-05
10.500  23.250  3.6000e-05
10.500  23.500  1.7000e-05
10.500  23.750  8.0000e-06
10.500  24.000  5.0000e-06
10.750  17.000  6.1733e-02
10.750  17.250  5.9469e-02
10.750  17.500  6.2967e-02
10.750  17.750  7.3926e-02
10.750  18.000  9.2187e-02
10.750  18.250  1.1399e-01
10.750  18.500  1.3257e-01
10.750  18.750  1.4677e-01
10.750  19.000  1.5762e-01
10.750  19.250  1.6745e-01
10.750  19.500  1.7503e-01
10.750  19.750  1.8289e-01
10.750  20.000  1.9185e-01
10.750  20.250  1.9297e-01
10.750  20.500  1.6183e-01
10.750  20.750  1.1232e-01
10.750  21.000  5.9885e-02
10.750  21.250  3.3173e-02
10.750  21.500  1.9034e-02
10.750  21.750  1.0511e-02
10.750  22.000  5.1080e-03
10.750  22.250  2.2400e-03
10.750  22.500  9.8900e-04
10.750  22.750  4.8900e-04
10.750  23.000  1.9600e-04
10.750  23.250  8.1000e-05
10.750  23.500  3.6000e-05
10.750  23.750  1.7000e-05
10.750  24.000  9.0000e-06
11.000  17.000  7.1181e-02
11.000  17.250  6.7663e-02
11.000  17.500  7.1556e-02
11.000  17.750  8.3657e-02
11.000  18.000  1.0223e-01
11.000  18.250  1.2332e-01
11.000  18.500  1.4031e-01
11.000  18.750  1.5424e-01
11.000  19.000  1.6523e-01
11.000  19.250  1.7435e-01
11.000  19.500  1.8138e-01
11.000  19.750  1.8788e-01
11.000  20.000  1.9528e-01
11.000  20.250  2.0383e-01
11.000  20.500  2.0309e-01
11.000  20.750  1.6894e-01
11.000  21.000  1.1317e-01
11.000  21.250  5.8999e-02
11.000  21.500  3.3063e-02
11.000  21.750  1.9327e-02
11.000  22.000  1.0361e-02
11.000  22.250  5.0890e-03
11.000  22.500  2.2370e-03
11.000  22.750  9.8900e-04
11.000  23.000  4.8900e-04
11.000  23.250  1.9600e-04
11.000  23.500  8.1000e-05
11.000  23.750  3.6000e-05
11.000  24.000  1.7000e-05
11.250  17.000  8.3927e-02
11.250  17.250  7.7969e-02
11.250  17.500  8.1714e-02
11.250  17.750  9.4354e-02
11.250  18.000  1.1295e-01
11.250  18.250  1.3297e-01
11.250  18.500  1.4863e-01
11.250  18.750  1.6224e-01
11.250  19.000  1.7306e-01
11.250  19.250  1.8125e-01
11.250  19.500  1.8779e-01
11.250  19.750  1.9355e-01
11.250  20.000  1.9969e-01
11.250  20.250  2.0703e-01
11.250  20.500  2.1507e-01
11.250  20.750  2.1262e-01
11.250  21.000  1.7467e-01
11.250  21.250  1.1217e-01
11.250  21.500  5.8680e-02
11.250  21.750  3.3076e-02
11.250  22.000  1.9617e-02
11.250  22.250  1.0210e-02
11.250  22.500  5.0640e-03
11.250  22.750  2.2340e-03
11.250  23.000  9.8800e-04
11.250  23.250  4.8800e-04
11.250  23.500  1.9600e-04
11.250  23.750  8.1000e-05
11.250  24.000  3.6000e-05
11.500  17.000  1.0174e-01
11.500  17.250  9.1642e-02
11.500  17.500  9.3506e-02
11.500  17.750  1.0582e-01
11.500  18.000  1.2423e-01
11.500  18.250  1.4308e-01
11.500  18.500  1.5748e-01
11.500  18.750  1.6976e-01
11.500  19.000  1.7968e-01
11.500  19.250  1.8755e-01
11.500  19.500  1.9401e-01
11.500  19.750  1.9945e-01
11.500  20.000  2.0457e-01
11.500  20.250  2.1052e-01
11.500  20.500  2.1777e-01
11.500  20.750  2.2452e-01
11.500  21.000  2.1950e-01
11.500  21.250  1.7685e-01
11.500  21.500  1.1066e-01
11.500  21.750  5.8153e-02
11.500  22.000  3.3261e-02
11.500  22.250  1.9698e-02
11.500  22.500  1.0055e-02
11.500  22.750  5.0310e-03
11.500  23.000  2.2300e-03
11.500  23.250  9.8800e-04
11.500  23.500  4.8900e-04
11.500  23.750  1.9600e-04
11.500  24.000  8.1000e-05
11.750  17.000  1.2651e-01
11.750  17.250  1.1045e-01
11.750  17.500  1.0824e-01
11.750  17.750  1.1843e-01
11.750  18.000  1.3590e-01
11.750  18.250  1.5339e-01
11.750  18.500  1.6671e-01
11.750  18.750  1.7829e-01
11.750  19.000  1.8749e-01
11.750  19.250  1.9472e-01
11.750  19.500  2.0037e-01
11.750  19.750  2.0538e-01
11.750  20.000  2.0990e-01
11.750  20.250  2.1437e-01
11.750  20.500  2.1981e-01
11.750  20.750  2.2659e-01
11.750  21.000  2.3020e-01
11.750  21.250  2.2131e-01
11.750  21.500  1.7706e-01
11.750  21.750  1.0661e-01
11.750  22.000  5.7224e-02
11.750  22.250  3.3469e-02
11.750  22.500  1.9287e-02
11.750  22.750  9.8550e-03
11.750  23.000  4.9880e-03
11.750  23.250  2.2270e-03
11.750  23.500  9.8700e-04
11.750  23.750  4.8900e-04
11.750  24.000  1.9500e-04
12.000  17.000  1.3560e-01
12.000  17.250  1.3665e-01
12.000  17.500  1.2781e-01
12.000  17.750  1.3338e-01
12.000  18.000  1.4809e-01
12.000  18.250  1.6402e-01
12.000  18.500  1.7722e-01
12.000  18.750  1.8779e-01
12.000  19.000  1.9604e-01
12.000  19.250  2.0244e-01
12.000  19.500  2.0709e-01
12.000  19.750  2.1133e-01
12.000  20.000  2.1503e-01
12.000  20.250  2.1851e-01
12.000  20.500  2.2227e-01
12.000  20.750  2.2744e-01
12.000  21.000  2.3205e-01
12.000  21.250  2.3103e-01
12.000  21.500  2.1893e-01
12.000  21.750  1.7000e-01
12.000  22.000  1.0124e-01
12.000  22.250  5.6199e-02
12.000  22.500  3.3405e-02
12.000  22.750  1.8661e-02
12.000  23.000  9.6430e-03
12.000  23.250  4.9290e-03
12.000  23.500  2.2220e-03
12.000  23.750  9.8500e-04
12.000  24.000  4.8800e-04
12.250  17.000  1.1764e-01
12.250  17.250  1.5357e-01
12.250  17.500  1.5539e-01
12.250  17.750  1.5324e-01
12.250  18.000  1.6275e-01
12.250  18.250  1.7707e-01
12.250  18.500  1.8876e-01
12.250  18.750  1.9805e-01
12.250  19.000  2.0530e-01
12.250  19.250  2.1061e-01
12.250  19.500  2.1442e-01
12.250  19.750  2.1743e-01
12.250  20.000  2.1981e-01
12.250  20.250  2.2225e-01
12.250  20.500  2.2496e-01
12.250  20.750  2.2847e-01
12.250  21.000  2.3251e-01
12.250  21.250  2.3368e-01
12.250  21.500  2.2816e-01
12.250  21.750  2.0966e-01
12.250  22.000  1.5774e-01
12.250  22.250  9.4842e-02
12.250  22.500  5.5384e-02
12.250  22.750  3.2846e-02
12.250  23.000  1.7898e-02
12.250  23.250  9.3790e-03
12.250  23.500  4.8500e-03
12.250  23.750  2.2140e-03
12.250  24.000  9.8300e-04
12.500  17.000  1.0480e-01
12.500  17.250  1.3314e-01
12.500  17.500  1.7408e-01
12.500  17.750  1.8146e-01
12.500  18.000  1.8361e-01
12.500  18.250  1.9195e-01
12.500  18.500  2.0126e-01
12.500  18.750  2.0980e-01
12.500  19.000  2.1610e-01
12.500  19.250  2.1952e-01
12.500  19.500  2.2173e-01
12.500  19.750  2.2331e-01
12.500  20.000  2.2453e-01
12.500  20.250  2.2566e-01
12.500  20.500  2.2726e-01
12.500  20.750  2.2974e-01
12.500  21.000  2.3273e-01
12.500  21.250  2.3461e-01
12.500  21.500  2.3207e-01
12.500  21.750  2.1940e-01
12.500  22.000  1.9339e-01
12.500  22.250  1.4115e-01
12.500  22.500  8.8871e-02
12.500  22.750  5.3381e-02
12.500  23.000  3.1412e-02
12.500  23.250  1.7030e-02
12.500  23.500  9.0680e-03
12.500  23.750  4.7470e-03
12.500  24.000  2.1990e-03
12.750  17.000  9.5870e-02
12.750  17.250  1.1724e-01
12.750  17.500  1.4891e-01
12.750  17.750  1.9336e-01
12.750  18.000  2.0795e-01
12.750  18.250  2.1018e-01
12.750  18.500  2.1573e-01
12.750  18.750  2.2152e-01
12.750  19.000  2.2634e-01
12.750  19.250  2.2892e-01
12.750  19.500  2.2966e-01
12.750  19.750  2.2939e-01
12.750  20.000  2.2912e-01
12.750  20.250  2.2927e-01
12.750  20.500  2.2965e-01
12.750  20.750  2.3084e-01
12.750  21.000  2.3349e-01
12.750  21.250  2.3522e-01
12.750  21.500  2.3484e-01
12.750  21.750  2.2547e-01
12.750  22.000  2.0354e-01
12.750  22.250  1.7113e-01
12.750  22.500  1.2402e-01
12.750  22.750  8.0356e-02
12.750  23.000  4.9646e-02
12.750  23.250  2.9142e-02
12.750  23.500  1.6036e-02
12.750  23.750  8.6780e-03
12.750  24.000  4.6100e-03
13.000  17.000  5.4869e-02
13.000  17.250  7.1852e-02
13.000  17.500  1.0569e-01
13.000  17.750  1.5085e-01
13.000  18.000  1.9216e-01
13.000  18.250  2.1158e-01
13.000  18.500  2.2522e-01
13.000  18.750  2.3440e-01
13.000  19.000  2.3683e-01
13.000  19.250  2.3869e-01
13.000  19.500  2.3805e-01
13.000  19.750  2.3623e-01
13.000  20.000  2.3409e-01
13.000  20.250  2.3289e-01
13.000  20.500  2.3251e-01
13.000  20.750  2.3279e-01
13.000  21.000  2.3410e-01
13.000  21.250  2.3578e-01
13.000  21.500  2.3721e-01
13.000  21.750  2.3047e-01
13.000  22.000  2.1077e-01
13.000  22.250  1.7861e-01
13.000  22.500  1.4226e-01
13.000  22.750  1.0450e-01
13.000  23.000  6.9439e-02
13.000  23.250  4.4027e-02
13.000  23.500  2.6421e-02
13.000  23.750  1.4838e-02
13.000  24.000  8.1880e-03
13.250  17.000  5.4446e-02
13.250  17.250  6.3488e-02
13.250  17.500  8.2909e-02
13.250  17.750  1.1399e-01
13.250  18.000  1.6024e-01
13.250  18.250  2.0610e-01
13.250  18.500  2.3149e-01
13.250  18.750  2.4083e-01
13.250  19.000  2.4958e-01
13.250  19.250  2.4695e-01
13.250  19.500  2.4652e-01
13.250  19.750  2.4352e-01
13.250  20.000  2.3963e-01
13.250  20.250  2.3695e-01
13.250  20.500  2.3503e-01
13.250  20.750  2.3457e-01
13.250  21.000  2.3497e-01
13.250  21.250  2.3622e-01
13.250  21.500  2.3723e-01
13.250  21.750  2.3284e-01
13.250  22.000  2.1531e-01
13.250  22.250  1.8229e-01
13.250  22.500  1.4399e-01
13.250  22.750  1.1150e-01
13.250  23.000  8.1716e-02
13.250  23.250  5.7011e-02
13.250  23.500  3.7458e-02
13.250  23.750  2.3274e-02
13.250  24.000  1.3430e-02
13.500  17.000  5.4169e-02
13.500  17.250  6.3618e-02
13.500  17.500  7.9662e-02
13.500  17.750  1.0180e-01
13.500  18.000  1.4032e-01
13.500  18.250  1.8402e-01
13.500  18.500  2.2685e-01
13.500  18.750  2.5178e-01
13.500  19.000  2.5918e-01
13.500  19.250  2.6037e-01
13.500  19.500  2.5619e-01
13.500  19.750  2.5127e-01
13.500  20.000  2.4628e-01
13.500  20.250  2.4251e-01
13.500  20.500  2.3862e-01
13.500  20.750  2.3626e-01
13.500  21.000  2.3452e-01
13.500  21.250  2.3552e-01
13.500  21.500  2.3599e-01
13.500  21.750  2.3213e-01
13.500  22.000  2.1632e-01
13.500  22.250  1.8233e-01
13.500  22.500  1.4417e-01
13.500  22.750  1.1074e-01
13.500  23.000  8.2254e-02
13.500  23.250  6.0961e-02
13.500  23.500  4.4594e-02
13.500  23.750  3.0974e-02
13.500  24.000  1.9839e-02
13.750  17.000  5.3586e-02
13.750  17.250  6.2502e-02
13.750  17.500  7.7601e-02
13.750  17.750  9.5655e-02
13.750  18.000  1.2747e-01
13.750  18.250  1.6693e-01
13.750  18.500  2.0525e-01
13.750  18.750  2.4224e-01
13.750  19.000  2.7239e-01
13.750  19.250  2.7487e-01
13.750  19.500  2.6546e-01
13.750  19.750  2.6146e-01
13.750  20.000  2.5519e-01
13.750  20.250  2.4945e-01
13.750  20.500  2.4436e-01
13.750  20.750  2.4017e-01
13.750  21.000  2.3717e-01
13.750  21.250  2.3501e-01
13.750  21.500  2.3539e-01
13.750  21.750  2.3169e-01
13.750  22.000  2.1548e-01
13.750  22.250  1.8192e-01
13.750  22.500  1.4357e-01
13.750  22.750  1.1073e-01
13.750  23.000  8.2118e-02
13.750  23.250  6.0919e-02
13.750  23.500  4.4805e-02
13.750  23.750  3.2710e-02
13.750  24.000  2.3763e-02
14.000  17.000  5.3282e-02
14.000  17.250  6.1739e-02
14.000  17.500  7.7183e-02
14.000  17.750  9.3901e-02
14.000  18.000  1.1788e-01
14.000  18.250  1.5336e-01
14.000  18.500  1.8967e-01
14.000  18.750  2.2397e-01
14.000  19.000  2.5773e-01
14.000  19.250  2.8741e-01
14.000  19.500  2.8425e-01
14.000  19.750  2.7522e-01
14.000  20.000  2.6674e-01
14.000  20.250  2.5886e-01
14.000  20.500  2.5227e-01
14.000  20.750  2.4658e-01
14.000  21.000  2.4198e-01
14.000  21.250  2.3846e-01
14.000  21.500  2.3724e-01
14.000  21.750  2.3321e-01
14.000  22.000  2.1677e-01
14.000  22.250  1.8250e-01
14.000  22.500  1.4339e-01
14.000  22.750  1.1081e-01
14.000  23.000  8.3224e-02
14.000  23.250  6.0469e-02
14.000  23.500  4.4479e-02
14.000  23.750  3.2689e-02
14.000  24.000  2.3631e-02
