C  3 1910.00A  relative to Inci 1215.00A scaled to 1215A.
Hden   Phi(H)  Eq_Width (A)
7.000  17.000  2.6405e-02
7.000  17.250  2.2937e-02
7.000  17.500  2.3636e-02
7.000  17.750  7.2833e-03
7.000  18.000  1.0922e-04
7.000  18.250  1.0000e-07
7.000  18.500  1.0000e-07
7.000  18.750  1.0000e-07
7.000  19.000  1.0000e-07
7.000  19.250  1.0000e-07
7.000  19.500  1.0000e-07
7.000  19.750  1.0000e-07
7.000  20.000  1.0000e-07
7.000  20.250  1.0000e-07
7.000  20.500  1.0000e-07
7.000  20.750  1.0000e-07
7.000  21.000  1.0000e-07
7.000  21.250  1.0000e-07
7.000  21.500  1.0000e-07
7.000  21.750  1.0000e-07
7.000  22.000  1.0000e-07
7.000  22.250  1.0000e-07
7.000  22.500  1.0000e-07
7.000  22.750  1.0000e-07
7.000  23.000  1.0000e-07
7.000  23.250  1.0000e-07
7.000  23.500  1.0000e-07
7.000  23.750  1.0000e-07
7.000  24.000  1.0000e-07
7.250  17.000  3.5620e-02
7.250  17.250  2.7807e-02
7.250  17.500  2.0731e-02
7.250  17.750  1.3921e-02
7.250  18.000  6.6035e-03
7.250  18.250  1.0905e-04
7.250  18.500  1.0000e-07
7.250  18.750  1.0000e-07
7.250  19.000  1.0000e-07
7.250  19.250  1.0000e-07
7.250  19.500  1.0000e-07
7.250  19.750  1.0000e-07
7.250  20.000  1.0000e-07
7.250  20.250  1.0000e-07
7.250  20.500  1.0000e-07
7.250  20.750  1.0000e-07
7.250  21.000  1.0000e-07
7.250  21.250  1.0000e-07
7.250  21.500  1.0000e-07
7.250  21.750  1.0000e-07
7.250  22.000  1.0000e-07
7.250  22.250  1.0000e-07
7.250  22.500  1.0000e-07
7.250  22.750  1.0000e-07
7.250  23.000  1.0000e-07
7.250  23.250  1.0000e-07
7.250  23.500  1.0000e-07
7.250  23.750  1.0000e-07
7.250  24.000  1.0000e-07
7.500  17.000  4.9996e-02
7.500  17.250  3.6883e-02
7.500  17.500  2.6774e-02
7.500  17.750  1.9185e-02
7.500  18.000  1.2760e-02
7.500  18.250  6.1419e-03
7.500  18.500  1.0831e-04
7.500  18.750  1.0000e-07
7.500  19.000  1.0000e-07
7.500  19.250  1.0000e-07
7.500  19.500  1.0000e-07
7.500  19.750  1.0000e-07
7.500  20.000  1.0000e-07
7.500  20.250  1.0000e-07
7.500  20.500  1.0000e-07
7.500  20.750  1.0000e-07
7.500  21.000  1.0000e-07
7.500  21.250  1.0000e-07
7.500  21.500  1.0000e-07
7.500  21.750  1.0000e-07
7.500  22.000  1.0000e-07
7.500  22.250  1.0000e-07
7.500  22.500  1.0000e-07
7.500  22.750  1.0000e-07
7.500  23.000  1.0000e-07
7.500  23.250  1.0000e-07
7.500  23.500  1.0000e-07
7.500  23.750  1.0000e-07
7.500  24.000  1.0000e-07
7.750  17.000  7.0793e-02
7.750  17.250  5.1013e-02
7.750  17.500  3.7608e-02
7.750  17.750  2.7708e-02
7.750  18.000  1.9611e-02
7.750  18.250  1.2542e-02
7.750  18.500  5.7296e-03
7.750  18.750  1.0700e-04
7.750  19.000  1.0000e-07
7.750  19.250  1.0000e-07
7.750  19.500  1.0000e-07
7.750  19.750  1.0000e-07
7.750  20.000  1.0000e-07
7.750  20.250  1.0000e-07
7.750  20.500  1.0000e-07
7.750  20.750  1.0000e-07
7.750  21.000  1.0000e-07
7.750  21.250  1.0000e-07
7.750  21.500  1.0000e-07
7.750  21.750  1.0000e-07
7.750  22.000  1.0000e-07
7.750  22.250  1.0000e-07
7.750  22.500  1.0000e-07
7.750  22.750  1.0000e-07
7.750  23.000  1.0000e-07
7.750  23.250  1.0000e-07
7.750  23.500  1.0000e-07
7.750  23.750  1.0000e-07
7.750  24.000  1.0000e-07
8.000  17.000  9.6687e-02
8.000  17.250  7.0396e-02
8.000  17.500  5.0398e-02
8.000  17.750  3.6775e-02
8.000  18.000  2.6762e-02
8.000  18.250  1.8911e-02
8.000  18.500  1.2220e-02
8.000  18.750  5.6842e-03
8.000  19.000  1.0634e-04
8.000  19.250  1.0000e-07
8.000  19.500  1.0000e-07
8.000  19.750  1.0000e-07
8.000  20.000  1.0000e-07
8.000  20.250  1.0000e-07
8.000  20.500  1.0000e-07
8.000  20.750  1.0000e-07
8.000  21.000  1.0000e-07
8.000  21.250  1.0000e-07
8.000  21.500  1.0000e-07
8.000  21.750  1.0000e-07
8.000  22.000  1.0000e-07
8.000  22.250  1.0000e-07
8.000  22.500  1.0000e-07
8.000  22.750  1.0000e-07
8.000  23.000  1.0000e-07
8.000  23.250  1.0000e-07
8.000  23.500  1.0000e-07
8.000  23.750  1.0000e-07
8.000  24.000  1.0000e-07
8.250  17.000  1.2638e-01
8.250  17.250  9.5955e-02
8.250  17.500  6.9680e-02
8.250  17.750  4.9816e-02
8.250  18.000  3.6500e-02
8.250  18.250  3.8532e-02
8.250  18.500  4.3646e-02
8.250  18.750  3.3280e-02
8.250  19.000  5.0518e-03
8.250  19.250  1.0296e-04
8.250  19.500  1.0000e-07
8.250  19.750  1.0000e-07
8.250  20.000  1.0000e-07
8.250  20.250  1.0000e-07
8.250  20.500  1.0000e-07
8.250  20.750  1.0000e-07
8.250  21.000  1.0000e-07
8.250  21.250  1.0000e-07
8.250  21.500  1.0000e-07
8.250  21.750  1.0000e-07
8.250  22.000  1.0000e-07
8.250  22.250  1.0000e-07
8.250  22.500  1.0000e-07
8.250  22.750  1.0000e-07
8.250  23.000  1.0000e-07
8.250  23.250  1.0000e-07
8.250  23.500  1.0000e-07
8.250  23.750  1.0000e-07
8.250  24.000  1.0000e-07
8.500  17.000  1.5166e-01
8.500  17.250  1.2341e-01
8.500  17.500  9.3507e-02
8.500  17.750  6.7820e-02
8.500  18.000  4.8626e-02
8.500  18.250  4.9606e-02
8.500  18.500  6.0790e-02
8.500  18.750  6.4947e-02
8.500  19.000  4.4846e-02
8.500  19.250  4.3254e-03
8.500  19.500  9.8272e-05
8.500  19.750  1.0000e-07
8.500  20.000  1.0000e-07
8.500  20.250  1.0000e-07
8.500  20.500  1.0000e-07
8.500  20.750  1.0000e-07
8.500  21.000  1.0000e-07
8.500  21.250  1.0000e-07
8.500  21.500  1.0000e-07
8.500  21.750  1.0000e-07
8.500  22.000  1.0000e-07
8.500  22.250  1.0000e-07
8.500  22.500  1.0000e-07
8.500  22.750  1.0000e-07
8.500  23.000  1.0000e-07
8.500  23.250  1.0000e-07
8.500  23.500  1.0000e-07
8.500  23.750  1.0000e-07
8.500  24.000  1.0000e-07
8.750  17.000  1.6143e-01
8.750  17.250  1.4486e-01
8.750  17.500  1.1763e-01
8.750  17.750  8.9023e-02
8.750  18.000  6.4722e-02
8.750  18.250  4.6785e-02
8.750  18.500  3.3155e-02
8.750  18.750  2.2672e-02
8.750  19.000  1.4685e-02
8.750  19.250  8.5428e-03
8.750  19.500  3.5952e-03
8.750  19.750  9.2181e-05
8.750  20.000  1.0000e-07
8.750  20.250  1.0000e-07
8.750  20.500  1.0000e-07
8.750  20.750  1.0000e-07
8.750  21.000  1.0000e-07
8.750  21.250  1.0000e-07
8.750  21.500  1.0000e-07
8.750  21.750  1.0000e-07
8.750  22.000  1.0000e-07
8.750  22.250  1.0000e-07
8.750  22.500  1.0000e-07
8.750  22.750  1.0000e-07
8.750  23.000  1.0000e-07
8.750  23.250  1.0000e-07
8.750  23.500  1.0000e-07
8.750  23.750  1.0000e-07
8.750  24.000  1.0000e-07
9.000  17.000  1.4773e-01
9.000  17.250  1.4947e-01
9.000  17.500  1.3393e-01
9.000  17.750  1.0869e-01
9.000  18.000  8.2355e-02
9.000  18.250  6.0250e-02
9.000  18.500  5.8583e-02
9.000  18.750  6.9400e-02
9.000  19.000  7.7453e-02
9.000  19.250  6.7497e-02
9.000  19.500  3.3074e-02
9.000  19.750  2.8867e-03
9.000  20.000  8.4115e-05
9.000  20.250  1.0000e-07
9.000  20.500  1.0000e-07
9.000  20.750  1.0000e-07
9.000  21.000  1.0000e-07
9.000  21.250  1.0000e-07
9.000  21.500  1.0000e-07
9.000  21.750  1.0000e-07
9.000  22.000  1.0000e-07
9.000  22.250  1.0000e-07
9.000  22.500  1.0000e-07
9.000  22.750  1.0000e-07
9.000  23.000  1.0000e-07
9.000  23.250  1.0000e-07
9.000  23.500  1.0000e-07
9.000  23.750  1.0000e-07
9.000  24.000  1.0000e-07
9.250  17.000  1.1309e-01
9.250  17.250  1.3078e-01
9.250  17.500  1.3236e-01
9.250  17.750  1.1851e-01
9.250  18.000  9.6122e-02
9.250  18.250  7.3303e-02
9.250  18.500  7.0718e-02
9.250  18.750  8.3335e-02
9.250  19.000  9.8346e-02
9.250  19.250  1.0294e-01
9.250  19.500  8.4323e-02
9.250  19.750  3.9190e-02
9.250  20.000  2.3150e-03
9.250  20.250  7.4156e-05
9.250  20.500  1.0000e-07
9.250  20.750  1.0000e-07
9.250  21.000  1.0000e-07
9.250  21.250  1.0000e-07
9.250  21.500  1.0000e-07
9.250  21.750  1.0000e-07
9.250  22.000  1.0000e-07
9.250  22.250  1.0000e-07
9.250  22.500  1.0000e-07
9.250  22.750  1.0000e-07
9.250  23.000  1.0000e-07
9.250  23.250  1.0000e-07
9.250  23.500  1.0000e-07
9.250  23.750  1.0000e-07
9.250  24.000  1.0000e-07
9.500  17.000  7.0264e-02
9.500  17.250  9.4097e-02
9.500  17.500  1.0934e-01
9.500  17.750  1.1064e-01
9.500  18.000  9.8937e-02
9.500  18.250  8.0734e-02
9.500  18.500  6.2671e-02
9.500  18.750  7.0378e-02
9.500  19.000  9.7684e-02
9.500  19.250  1.2851e-01
9.500  19.500  1.4679e-01
9.500  19.750  1.3644e-01
9.500  20.000  8.1389e-02
9.500  20.250  1.8153e-03
9.500  20.500  6.3210e-05
9.500  20.750  1.0000e-07
9.500  21.000  1.0000e-07
9.500  21.250  1.0000e-07
9.500  21.500  1.0000e-07
9.500  21.750  1.0000e-07
9.500  22.000  1.0000e-07
9.500  22.250  1.0000e-07
9.500  22.500  1.0000e-07
9.500  22.750  1.0000e-07
9.500  23.000  1.0000e-07
9.500  23.250  1.0000e-07
9.500  23.500  1.0000e-07
9.500  23.750  1.0000e-07
9.500  24.000  1.0000e-07
9.750  17.000  3.4233e-02
9.750  17.250  5.4086e-02
9.750  17.500  7.3268e-02
9.750  17.750  8.5394e-02
9.750  18.000  8.6390e-02
9.750  18.250  7.7382e-02
9.750  18.500  6.3452e-02
9.750  18.750  6.4852e-02
9.750  19.000  7.9914e-02
9.750  19.250  1.0006e-01
9.750  19.500  1.1671e-01
9.750  19.750  1.2129e-01
9.750  20.000  1.0522e-01
9.750  20.250  5.9919e-02
9.750  20.500  1.4371e-03
9.750  20.750  5.0206e-05
9.750  21.000  1.0000e-07
9.750  21.250  1.0000e-07
9.750  21.500  1.0000e-07
9.750  21.750  1.0000e-07
9.750  22.000  1.0000e-07
9.750  22.250  1.0000e-07
9.750  22.500  1.0000e-07
9.750  22.750  1.0000e-07
9.750  23.000  1.0000e-07
9.750  23.250  1.0000e-07
9.750  23.500  1.0000e-07
9.750  23.750  1.0000e-07
9.750  24.000  1.0000e-07
10.000  17.000  1.2783e-02
10.000  17.250  2.4224e-02
10.000  17.500  3.8987e-02
10.000  17.750  5.3187e-02
10.000  18.000  6.2093e-02
10.000  18.250  6.2561e-02
10.000  18.500  5.5583e-02
10.000  18.750  4.5956e-02
10.000  19.000  4.6787e-02
10.000  19.250  5.6722e-02
10.000  19.500  6.9993e-02
10.000  19.750  8.0829e-02
10.000  20.000  8.3460e-02
10.000  20.250  7.2118e-02
10.000  20.500  4.1031e-02
10.000  20.750  1.1163e-03
10.000  21.000  3.8189e-05
10.000  21.250  1.0000e-07
10.000  21.500  1.0000e-07
10.000  21.750  1.0000e-07
10.000  22.000  1.0000e-07
10.000  22.250  1.0000e-07
10.000  22.500  1.0000e-07
10.000  22.750  1.0000e-07
10.000  23.000  1.0000e-07
10.000  23.250  1.0000e-07
10.000  23.500  1.0000e-07
10.000  23.750  1.0000e-07
10.000  24.000  1.0000e-07
10.250  17.000  3.7833e-03
10.250  17.250  8.2421e-03
10.250  17.500  1.6220e-02
10.250  17.750  2.6391e-02
10.250  18.000  3.6132e-02
10.250  18.250  4.1771e-02
10.250  18.500  4.1400e-02
10.250  18.750  3.6750e-02
10.250  19.000  3.1018e-02
10.250  19.250  3.1192e-02
10.250  19.500  3.6393e-02
10.250  19.750  4.3371e-02
10.250  20.000  4.8879e-02
10.250  20.250  4.9668e-02
10.250  20.500  4.2490e-02
10.250  20.750  2.4097e-02
10.250  21.000  8.1259e-04
10.250  21.250  2.7243e-05
10.250  21.500  1.0000e-07
10.250  21.750  1.0000e-07
10.250  22.000  1.0000e-07
10.250  22.250  1.0000e-07
10.250  22.500  1.0000e-07
10.250  22.750  1.0000e-07
10.250  23.000  1.0000e-07
10.250  23.250  1.0000e-07
10.250  23.500  1.0000e-07
10.250  23.750  1.0000e-07
10.250  24.000  1.0000e-07
10.500  17.000  1.0581e-03
10.500  17.250  2.3020e-03
10.500  17.500  5.1563e-03
10.500  17.750  1.0337e-02
10.500  18.000  1.6889e-02
10.500  18.250  2.2791e-02
10.500  18.500  2.5861e-02
10.500  18.750  2.5468e-02
10.500  19.000  2.2859e-02
10.500  19.250  1.9652e-02
10.500  19.500  2.0007e-02
10.500  19.750  2.3368e-02
10.500  20.000  2.7735e-02
10.500  20.250  3.1105e-02
10.500  20.500  3.1476e-02
10.500  20.750  2.6847e-02
10.500  21.000  1.5217e-02
10.500  21.250  5.6230e-04
10.500  21.500  1.6626e-05
10.500  21.750  1.0000e-07
10.500  22.000  1.0000e-07
10.500  22.250  1.0000e-07
10.500  22.500  1.0000e-07
10.500  22.750  1.0000e-07
10.500  23.000  1.0000e-07
10.500  23.250  1.0000e-07
10.500  23.500  1.0000e-07
10.500  23.750  1.0000e-07
10.500  24.000  1.0000e-07
10.750  17.000  3.2189e-04
10.750  17.250  5.9868e-04
10.750  17.500  1.3383e-03
10.750  17.750  3.1270e-03
10.750  18.000  6.2661e-03
10.750  18.250  1.0139e-02
10.750  18.500  1.3482e-02
10.750  18.750  1.5211e-02
10.750  19.000  1.5100e-02
10.750  19.250  1.3746e-02
10.750  19.500  1.1947e-02
10.750  19.750  1.2590e-02
10.750  20.000  1.5294e-02
10.750  20.250  1.8656e-02
10.750  20.500  2.1271e-02
10.750  20.750  2.1735e-02
10.750  21.000  1.8643e-02
10.750  21.250  1.0591e-02
10.750  21.500  3.6996e-04
10.750  21.750  6.9959e-06
10.750  22.000  1.0000e-07
10.750  22.250  1.0000e-07
10.750  22.500  1.0000e-07
10.750  22.750  1.0000e-07
10.750  23.000  1.0000e-07
10.750  23.250  1.0000e-07
10.750  23.500  1.0000e-07
10.750  23.750  1.0000e-07
10.750  24.000  1.0000e-07
11.000  17.000  1.1152e-04
11.000  17.250  1.6823e-04
11.000  17.500  3.1572e-04
11.000  17.750  7.5128e-04
11.000  18.000  1.8002e-03
11.000  18.250  3.5937e-03
11.000  18.500  5.8165e-03
11.000  18.750  7.7426e-03
11.000  19.000  8.7630e-03
11.000  19.250  8.8362e-03
11.000  19.500  8.1645e-03
11.000  19.750  7.0826e-03
11.000  20.000  5.9488e-03
11.000  20.250  6.7238e-03
11.000  20.500  8.9219e-03
11.000  20.750  1.1286e-02
11.000  21.000  1.2561e-02
11.000  21.250  1.1489e-02
11.000  21.500  6.8147e-03
11.000  21.750  2.1358e-04
11.000  22.000  9.8765e-07
11.000  22.250  1.0000e-07
11.000  22.500  1.0000e-07
11.000  22.750  1.0000e-07
11.000  23.000  1.0000e-07
11.000  23.250  1.0000e-07
11.000  23.500  1.0000e-07
11.000  23.750  1.0000e-07
11.000  24.000  1.0000e-07
11.250  17.000  4.2634e-05
11.250  17.250  5.4156e-05
11.250  17.500  8.0000e-05
11.250  17.750  1.6016e-04
11.250  18.000  4.0280e-04
11.250  18.250  9.8494e-04
11.250  18.500  2.0125e-03
11.250  18.750  3.3059e-03
11.250  19.000  4.4197e-03
11.250  19.250  5.0762e-03
11.250  19.500  5.2025e-03
11.250  19.750  4.8600e-03
11.250  20.000  4.2080e-03
11.250  20.250  3.4748e-03
11.250  20.500  4.0039e-03
11.250  20.750  5.4873e-03
11.250  21.000  7.0956e-03
11.250  21.250  7.9992e-03
11.250  21.500  7.3685e-03
11.250  21.750  4.3741e-03
11.250  22.000  1.0667e-04
11.250  22.250  1.0000e-07
11.250  22.500  1.0000e-07
11.250  22.750  1.0000e-07
11.250  23.000  1.0000e-07
11.250  23.250  1.0000e-07
11.250  23.500  1.0000e-07
11.250  23.750  1.0000e-07
11.250  24.000  1.0000e-07
11.500  17.000  1.7202e-05
11.500  17.250  1.9588e-05
11.500  17.500  2.3786e-05
11.500  17.750  3.6790e-05
11.500  18.000  7.9177e-05
11.500  18.250  2.0905e-04
11.500  18.500  5.3432e-04
11.500  18.750  1.1329e-03
11.500  19.000  1.8966e-03
11.500  19.250  2.5560e-03
11.500  19.500  2.9768e-03
11.500  19.750  3.1142e-03
11.500  20.000  2.9444e-03
11.500  20.250  2.5481e-03
11.500  20.500  2.0751e-03
11.500  20.750  2.3787e-03
11.500  21.000  3.2768e-03
11.500  21.250  4.2603e-03
11.500  21.500  4.8202e-03
11.500  21.750  4.4474e-03
11.500  22.000  2.6328e-03
11.500  22.250  4.3457e-05
11.500  22.500  1.0000e-07
11.500  22.750  1.0000e-07
11.500  23.000  1.0000e-07
11.500  23.250  1.0000e-07
11.500  23.500  1.0000e-07
11.500  23.750  1.0000e-07
11.500  24.000  1.0000e-07
11.750  17.000  7.1605e-06
11.750  17.250  7.6543e-06
11.750  17.500  8.2305e-06
11.750  17.750  1.0370e-05
11.750  18.000  1.7037e-05
11.750  18.250  3.9259e-05
11.750  18.500  1.0996e-04
11.750  18.750  2.9728e-04
11.750  19.000  6.5457e-04
11.750  19.250  1.1076e-03
11.750  19.500  1.5022e-03
11.750  19.750  1.7853e-03
11.750  20.000  1.9088e-03
11.750  20.250  1.8265e-03
11.750  20.500  1.5787e-03
11.750  20.750  1.2702e-03
11.750  21.000  1.4150e-03
11.750  21.250  1.9115e-03
11.750  21.500  2.4643e-03
11.750  21.750  2.7781e-03
11.750  22.000  2.5579e-03
11.750  22.250  1.5082e-03
11.750  22.500  1.5473e-05
11.750  22.750  1.0000e-07
11.750  23.000  1.0000e-07
11.750  23.250  1.0000e-07
11.750  23.500  1.0000e-07
11.750  23.750  1.0000e-07
11.750  24.000  1.0000e-07
12.000  17.000  2.9630e-06
12.000  17.250  3.1276e-06
12.000  17.500  3.2099e-06
12.000  17.750  3.5391e-06
12.000  18.000  4.6914e-06
12.000  18.250  8.3951e-06
12.000  18.500  2.0494e-05
12.000  18.750  6.0576e-05
12.000  19.000  1.7144e-04
12.000  19.250  3.8650e-04
12.000  19.500  6.5835e-04
12.000  19.750  9.0486e-04
12.000  20.000  1.1019e-03
12.000  20.250  1.2010e-03
12.000  20.500  1.1557e-03
12.000  20.750  9.9440e-04
12.000  21.000  7.9374e-04
12.000  21.250  8.4651e-04
12.000  21.500  1.0978e-03
12.000  21.750  1.3846e-03
12.000  22.000  1.5438e-03
12.000  22.250  1.4125e-03
12.000  22.500  8.2765e-04
12.000  22.750  3.3745e-06
12.000  23.000  1.0000e-07
12.000  23.250  1.0000e-07
12.000  23.500  1.0000e-07
12.000  23.750  1.0000e-07
12.000  24.000  1.0000e-07
12.250  17.000  1.2346e-06
12.250  17.250  1.3169e-06
12.250  17.500  1.3169e-06
12.250  17.750  1.3992e-06
12.250  18.000  1.6461e-06
12.250  18.250  2.3868e-06
12.250  18.500  4.5267e-06
12.250  18.750  1.1605e-05
12.250  19.000  3.5226e-05
12.250  19.250  1.0313e-04
12.250  19.500  2.3564e-04
12.250  19.750  4.0296e-04
12.250  20.000  5.6329e-04
12.250  20.250  6.9712e-04
12.250  20.500  7.6790e-04
12.250  20.750  7.4230e-04
12.250  21.000  6.4346e-04
12.250  21.250  5.0436e-04
12.250  21.500  6.0427e-04
12.250  21.750  8.7775e-04
12.250  22.000  1.1492e-03
12.250  22.250  1.2430e-03
12.250  22.500  9.8370e-04
12.250  22.750  3.7333e-04
12.250  23.000  1.0000e-07
12.250  23.250  1.0000e-07
12.250  23.500  1.0000e-07
12.250  23.750  1.0000e-07
12.250  24.000  1.0000e-07
12.500  17.000  1.0000e-07
12.500  17.250  1.0000e-07
12.500  17.500  1.0000e-07
12.500  17.750  1.0000e-07
12.500  18.000  1.0000e-07
12.500  18.250  9.0535e-07
12.500  18.500  1.3992e-06
12.500  18.750  2.7984e-06
12.500  19.000  7.1605e-06
12.500  19.250  2.2140e-05
12.500  19.500  6.5350e-05
12.500  19.750  1.4864e-04
12.500  20.000  2.5407e-04
12.500  20.250  3.5967e-04
12.500  20.500  4.5160e-04
12.500  20.750  4.9967e-04
12.500  21.000  4.8593e-04
12.500  21.250  4.2148e-04
12.500  21.500  3.2058e-04
12.500  21.750  4.3355e-04
12.500  22.000  6.9331e-04
12.500  22.250  9.3070e-04
12.500  22.500  9.7655e-04
12.500  22.750  6.6173e-04
12.500  23.000  8.3704e-05
12.500  23.250  1.0000e-07
12.500  23.500  1.0000e-07
12.500  23.750  1.0000e-07
12.500  24.000  1.0000e-07
12.750  17.000  1.0000e-07
12.750  17.250  1.0000e-07
12.750  17.500  1.0000e-07
12.750  17.750  1.0000e-07
12.750  18.000  1.0000e-07
12.750  18.250  1.0000e-07
12.750  18.500  1.0000e-07
12.750  18.750  9.0535e-07
12.750  19.000  1.8930e-06
12.750  19.250  4.8560e-06
12.750  19.500  1.4897e-05
12.750  19.750  4.2963e-05
12.750  20.000  9.5391e-05
12.750  20.250  1.6346e-04
12.750  20.500  2.3333e-04
12.750  20.750  2.9416e-04
12.750  21.000  3.3251e-04
12.750  21.250  3.2914e-04
12.750  21.500  2.8280e-04
12.750  21.750  3.3986e-04
12.750  22.000  4.8089e-04
12.750  22.250  6.3178e-04
12.750  22.500  7.1844e-04
12.750  22.750  6.6679e-04
12.750  23.000  4.0272e-04
12.750  23.250  2.0494e-05
12.750  23.500  1.0000e-07
12.750  23.750  1.0000e-07
12.750  24.000  1.0000e-07
13.000  17.000  1.0000e-07
13.000  17.250  1.0000e-07
13.000  17.500  1.0000e-07
13.000  17.750  1.0000e-07
13.000  18.000  1.0000e-07
13.000  18.250  1.0000e-07
13.000  18.500  1.0000e-07
13.000  18.750  1.0000e-07
13.000  19.000  1.0000e-07
13.000  19.250  1.3992e-06
13.000  19.500  3.5391e-06
13.000  19.750  1.0370e-05
13.000  20.000  2.8313e-05
13.000  20.250  6.1728e-05
13.000  20.500  1.0667e-04
13.000  20.750  1.5374e-04
13.000  21.000  1.9720e-04
13.000  21.250  2.2502e-04
13.000  21.500  2.2683e-04
13.000  21.750  1.9506e-04
13.000  22.000  2.3120e-04
13.000  22.250  3.2367e-04
13.000  22.500  4.2280e-04
13.000  22.750  4.7891e-04
13.000  23.000  4.4233e-04
13.000  23.250  2.6337e-04
13.000  23.500  7.1605e-06
13.000  23.750  1.0000e-07
13.000  24.000  1.0000e-07
13.250  17.000  1.0000e-07
13.250  17.250  1.0000e-07
13.250  17.500  1.0000e-07
13.250  17.750  1.0000e-07
13.250  18.000  1.0000e-07
13.250  18.250  1.0000e-07
13.250  18.500  1.0000e-07
13.250  18.750  1.0000e-07
13.250  19.000  1.0000e-07
13.250  19.250  1.0000e-07
13.250  19.500  1.0700e-06
13.250  19.750  2.7160e-06
13.250  20.000  7.2428e-06
13.250  20.250  1.8683e-05
13.250  20.500  3.9506e-05
13.250  20.750  6.8807e-05
13.250  21.000  1.0140e-04
13.250  21.250  1.3193e-04
13.250  21.500  1.4971e-04
13.250  21.750  1.4996e-04
13.250  22.000  1.3243e-04
13.250  22.250  1.6124e-04
13.250  22.500  2.2690e-04
13.250  22.750  2.9566e-04
13.250  23.000  3.3372e-04
13.250  23.250  3.0734e-04
13.250  23.500  1.8272e-04
13.250  23.750  3.2922e-06
13.250  24.000  1.0000e-07
13.500  17.000  1.0000e-07
13.500  17.250  1.0000e-07
13.500  17.500  1.0000e-07
13.500  17.750  1.0000e-07
13.500  18.000  1.0000e-07
13.500  18.250  1.0000e-07
13.500  18.500  1.0000e-07
13.500  18.750  1.0000e-07
13.500  19.000  1.0000e-07
13.500  19.250  1.0000e-07
13.500  19.500  1.0000e-07
13.500  19.750  9.0535e-07
13.500  20.000  2.2222e-06
13.500  20.250  5.5144e-06
13.500  20.500  1.2840e-05
13.500  20.750  2.6091e-05
13.500  21.000  4.3457e-05
13.500  21.250  6.5432e-05
13.500  21.500  8.1893e-05
13.500  21.750  9.3663e-05
13.500  22.000  9.9588e-05
13.500  22.250  9.2346e-05
13.500  22.500  1.0840e-04
13.500  22.750  1.4389e-04
13.500  23.000  1.8095e-04
13.500  23.250  2.0168e-04
13.500  23.500  1.8820e-04
13.500  23.750  1.2263e-04
13.500  24.000  1.7284e-06
13.750  17.000  1.0000e-07
13.750  17.250  1.0000e-07
13.750  17.500  1.0000e-07
13.750  17.750  1.0000e-07
13.750  18.000  1.0000e-07
13.750  18.250  1.0000e-07
13.750  18.500  1.0000e-07
13.750  18.750  1.0000e-07
13.750  19.000  1.0000e-07
13.750  19.250  1.0000e-07
13.750  19.500  1.0000e-07
13.750  19.750  1.0000e-07
13.750  20.000  1.0000e-07
13.750  20.250  1.8930e-06
13.750  20.500  4.3621e-06
13.750  20.750  9.5473e-06
13.750  21.000  1.8272e-05
13.750  21.250  2.9630e-05
13.750  21.500  4.1811e-05
13.750  21.750  5.2263e-05
13.750  22.000  6.0165e-05
13.750  22.250  6.5844e-05
13.750  22.500  6.8724e-05
13.750  22.750  6.8477e-05
13.750  23.000  7.4650e-05
13.750  23.250  1.0486e-04
13.750  23.500  1.5095e-04
13.750  23.750  1.3893e-04
13.750  24.000  7.7119e-05
14.000  17.000  1.0000e-07
14.000  17.250  1.0000e-07
14.000  17.500  1.0000e-07
14.000  17.750  1.0000e-07
14.000  18.000  1.0000e-07
14.000  18.250  1.0000e-07
14.000  18.500  1.0000e-07
14.000  18.750  1.0000e-07
14.000  19.000  1.0000e-07
14.000  19.250  1.0000e-07
14.000  19.500  1.0000e-07
14.000  19.750  1.0000e-07
14.000  20.000  1.0000e-07
14.000  20.250  1.0000e-07
14.000  20.500  1.5638e-06
14.000  20.750  3.5391e-06
14.000  21.000  7.4074e-06
14.000  21.250  1.3498e-05
14.000  21.500  2.0905e-05
14.000  21.750  2.8560e-05
14.000  22.000  3.5473e-05
14.000  22.250  4.2140e-05
14.000  22.500  4.8724e-05
14.000  22.750  5.4568e-05
14.000  23.000  5.9424e-05
14.000  23.250  6.8889e-05
14.000  23.500  9.4568e-05
14.000  23.750  1.2189e-04
14.000  24.000  9.2346e-05
