InwD 910.000A  relative to Inci 1215.00A scaled to 1215A.
Hden   Phi(H)  Eq_Width (A)
7.000  17.000  2.3079e-01
7.000  17.250  2.3876e-01
7.000  17.500  2.4768e-01
7.000  17.750  2.4163e-01
7.000  18.000  2.0077e-01
7.000  18.250  7.6210e-02
7.000  18.500  1.9640e-02
7.000  18.750  7.2800e-03
7.000  19.000  3.6600e-03
7.000  19.250  1.5500e-03
7.000  19.500  6.7000e-04
7.000  19.750  3.1000e-04
7.000  20.000  1.5000e-04
7.000  20.250  8.0000e-05
7.000  20.500  4.0000e-05
7.000  20.750  2.0000e-05
7.000  21.000  1.0000e-05
7.000  21.250  1.0000e-05
7.000  21.500  1.0000e-10
7.000  21.750  1.0000e-10
7.000  22.000  1.0000e-10
7.000  22.250  1.0000e-10
7.000  22.500  1.0000e-10
7.000  22.750  1.0000e-10
7.000  23.000  1.0000e-10
7.000  23.250  1.0000e-10
7.000  23.500  1.0000e-10
7.000  23.750  1.0000e-10
7.000  24.000  1.0000e-10
7.250  17.000  2.3579e-01
7.250  17.250  2.3061e-01
7.250  17.500  2.3857e-01
7.250  17.750  2.4782e-01
7.250  18.000  2.4145e-01
7.250  18.250  2.0003e-01
7.250  18.500  7.5920e-02
7.250  18.750  1.9560e-02
7.250  19.000  7.2500e-03
7.250  19.250  3.6500e-03
7.250  19.500  1.5500e-03
7.250  19.750  6.7000e-04
7.250  20.000  3.1000e-04
7.250  20.250  1.5000e-04
7.250  20.500  8.0000e-05
7.250  20.750  4.0000e-05
7.250  21.000  2.0000e-05
7.250  21.250  1.0000e-05
7.250  21.500  1.0000e-05
7.250  21.750  1.0000e-05
7.250  22.000  1.0000e-10
7.250  22.250  1.0000e-10
7.250  22.500  1.0000e-10
7.250  22.750  1.0000e-10
7.250  23.000  1.0000e-10
7.250  23.250  1.0000e-10
7.250  23.500  1.0000e-10
7.250  23.750  1.0000e-10
7.250  24.000  1.0000e-10
7.500  17.000  2.4784e-01
7.500  17.250  2.3522e-01
7.500  17.500  2.3023e-01
7.500  17.750  2.3876e-01
7.500  18.000  2.4767e-01
7.500  18.250  2.4154e-01
7.500  18.500  1.9937e-01
7.500  18.750  7.5700e-02
7.500  19.000  1.9490e-02
7.500  19.250  7.2400e-03
7.500  19.500  3.6400e-03
7.500  19.750  1.5500e-03
7.500  20.000  6.7000e-04
7.500  20.250  3.1000e-04
7.500  20.500  1.5000e-04
7.500  20.750  8.0000e-05
7.500  21.000  4.0000e-05
7.500  21.250  2.0000e-05
7.500  21.500  1.0000e-05
7.500  21.750  1.0000e-05
7.500  22.000  1.0000e-10
7.500  22.250  1.0000e-10
7.500  22.500  1.0000e-10
7.500  22.750  1.0000e-10
7.500  23.000  1.0000e-10
7.500  23.250  1.0000e-10
7.500  23.500  1.0000e-10
7.500  23.750  1.0000e-10
7.500  24.000  1.0000e-10
7.750  17.000  2.5942e-01
7.750  17.250  2.4699e-01
7.750  17.500  2.3452e-01
7.750  17.750  2.2987e-01
7.750  18.000  2.3876e-01
7.750  18.250  2.4752e-01
7.750  18.500  2.4135e-01
7.750  18.750  1.9885e-01
7.750  19.000  7.5490e-02
7.750  19.250  1.9430e-02
7.750  19.500  7.2200e-03
7.750  19.750  3.6400e-03
7.750  20.000  1.5500e-03
7.750  20.250  6.7000e-04
7.750  20.500  3.1000e-04
7.750  20.750  1.5000e-04
7.750  21.000  8.0000e-05
7.750  21.250  4.0000e-05
7.750  21.500  2.0000e-05
7.750  21.750  1.0000e-05
7.750  22.000  1.0000e-05
7.750  22.250  1.0000e-10
7.750  22.500  1.0000e-10
7.750  22.750  1.0000e-10
7.750  23.000  1.0000e-10
7.750  23.250  1.0000e-10
7.750  23.500  1.0000e-10
7.750  23.750  1.0000e-10
7.750  24.000  1.0000e-10
8.000  17.000  2.6804e-01
8.000  17.250  2.5726e-01
8.000  17.500  2.4517e-01
8.000  17.750  2.3354e-01
8.000  18.000  2.2916e-01
8.000  18.250  2.3856e-01
8.000  18.500  2.4796e-01
8.000  18.750  2.4131e-01
8.000  19.000  1.9849e-01
8.000  19.250  7.5230e-02
8.000  19.500  1.9410e-02
8.000  19.750  7.2200e-03
8.000  20.000  3.6400e-03
8.000  20.250  1.5500e-03
8.000  20.500  6.7000e-04
8.000  20.750  3.1000e-04
8.000  21.000  1.5000e-04
8.000  21.250  8.0000e-05
8.000  21.500  4.0000e-05
8.000  21.750  2.0000e-05
8.000  22.000  1.0000e-05
8.000  22.250  1.0000e-05
8.000  22.500  1.0000e-05
8.000  22.750  1.0000e-10
8.000  23.000  1.0000e-10
8.000  23.250  1.0000e-10
8.000  23.500  1.0000e-10
8.000  23.750  1.0000e-10
8.000  24.000  1.0000e-10
8.250  17.000  2.7652e-01
8.250  17.250  2.6689e-01
8.250  17.500  2.5649e-01
8.250  17.750  2.4473e-01
8.250  18.000  2.3371e-01
8.250  18.250  2.2956e-01
8.250  18.500  2.3911e-01
8.250  18.750  2.4903e-01
8.250  19.000  2.4210e-01
8.250  19.250  1.9814e-01
8.250  19.500  7.4970e-02
8.250  19.750  1.9360e-02
8.250  20.000  7.2200e-03
8.250  20.250  3.6300e-03
8.250  20.500  1.5400e-03
8.250  20.750  6.7000e-04
8.250  21.000  3.1000e-04
8.250  21.250  1.5000e-04
8.250  21.500  8.0000e-05
8.250  21.750  4.0000e-05
8.250  22.000  2.0000e-05
8.250  22.250  1.0000e-05
8.250  22.500  1.0000e-05
8.250  22.750  1.0000e-10
8.250  23.000  1.0000e-10
8.250  23.250  1.0000e-10
8.250  23.500  1.0000e-10
8.250  23.750  1.0000e-10
8.250  24.000  1.0000e-10
8.500  17.000  2.8377e-01
8.500  17.250  2.7534e-01
8.500  17.500  2.6609e-01
8.500  17.750  2.5617e-01
8.500  18.000  2.4540e-01
8.500  18.250  2.3420e-01
8.500  18.500  2.3033e-01
8.500  18.750  2.4048e-01
8.500  19.000  2.5132e-01
8.500  19.250  2.4431e-01
8.500  19.500  1.9788e-01
8.500  19.750  7.4640e-02
8.500  20.000  1.9310e-02
8.500  20.250  7.2100e-03
8.500  20.500  3.6400e-03
8.500  20.750  1.5400e-03
8.500  21.000  6.7000e-04
8.500  21.250  3.1000e-04
8.500  21.500  1.5000e-04
8.500  21.750  8.0000e-05
8.500  22.000  4.0000e-05
8.500  22.250  2.0000e-05
8.500  22.500  1.0000e-05
8.500  22.750  1.0000e-05
8.500  23.000  1.0000e-10
8.500  23.250  1.0000e-10
8.500  23.500  1.0000e-10
8.500  23.750  1.0000e-10
8.500  24.000  1.0000e-10
8.750  17.000  2.9050e-01
8.750  17.250  2.8255e-01
8.750  17.500  2.7477e-01
8.750  17.750  2.6639e-01
8.750  18.000  2.5719e-01
8.750  18.250  2.4644e-01
8.750  18.500  2.3549e-01
8.750  18.750  2.3225e-01
8.750  19.000  2.4379e-01
8.750  19.250  2.5649e-01
8.750  19.500  2.4926e-01
8.750  19.750  1.9790e-01
8.750  20.000  7.4270e-02
8.750  20.250  1.9250e-02
8.750  20.500  7.2100e-03
8.750  20.750  3.6300e-03
8.750  21.000  1.5500e-03
8.750  21.250  6.7000e-04
8.750  21.500  3.1000e-04
8.750  21.750  1.5000e-04
8.750  22.000  8.0000e-05
8.750  22.250  4.0000e-05
8.750  22.500  2.0000e-05
8.750  22.750  1.0000e-05
8.750  23.000  1.0000e-05
8.750  23.250  1.0000e-05
8.750  23.500  1.0000e-10
8.750  23.750  1.0000e-10
8.750  24.000  1.0000e-10
9.000  17.000  2.9720e-01
9.000  17.250  2.8940e-01
9.000  17.500  2.8238e-01
9.000  17.750  2.7591e-01
9.000  18.000  2.6825e-01
9.000  18.250  2.5914e-01
9.000  18.500  2.4877e-01
9.000  18.750  2.3854e-01
9.000  19.000  2.3703e-01
9.000  19.250  2.5163e-01
9.000  19.500  2.6847e-01
9.000  19.750  2.6138e-01
9.000  20.000  1.9871e-01
9.000  20.250  7.3860e-02
9.000  20.500  1.9210e-02
9.000  20.750  7.2200e-03
9.000  21.000  3.6300e-03
9.000  21.250  1.5400e-03
9.000  21.500  6.7000e-04
9.000  21.750  3.1000e-04
9.000  22.000  1.5000e-04
9.000  22.250  8.0000e-05
9.000  22.500  4.0000e-05
9.000  22.750  2.0000e-05
9.000  23.000  1.0000e-05
9.000  23.250  1.0000e-05
9.000  23.500  1.0000e-05
9.000  23.750  1.0000e-10
9.000  24.000  1.0000e-10
9.250  17.000  3.0289e-01
9.250  17.250  2.9590e-01
9.250  17.500  2.9003e-01
9.250  17.750  2.8478e-01
9.250  18.000  2.7887e-01
9.250  18.250  2.7131e-01
9.250  18.500  2.6277e-01
9.250  18.750  2.5403e-01
9.250  19.000  2.4654e-01
9.250  19.250  2.5189e-01
9.250  19.500  2.7121e-01
9.250  19.750  2.9449e-01
9.250  20.000  2.8275e-01
9.250  20.250  2.0100e-01
9.250  20.500  7.3480e-02
9.250  20.750  1.9140e-02
9.250  21.000  7.2100e-03
9.250  21.250  3.6300e-03
9.250  21.500  1.5400e-03
9.250  21.750  6.7000e-04
9.250  22.000  3.1000e-04
9.250  22.250  1.5000e-04
9.250  22.500  8.0000e-05
9.250  22.750  4.0000e-05
9.250  23.000  2.0000e-05
9.250  23.250  1.0000e-05
9.250  23.500  1.0000e-05
9.250  23.750  1.0000e-05
9.250  24.000  1.0000e-10
9.500  17.000  3.0754e-01
9.500  17.250  3.0291e-01
9.500  17.500  2.9851e-01
9.500  17.750  2.9421e-01
9.500  18.000  2.8927e-01
9.500  18.250  2.8357e-01
9.500  18.500  2.7698e-01
9.500  18.750  2.7122e-01
9.500  19.000  2.6664e-01
9.500  19.250  2.6638e-01
9.500  19.500  2.7821e-01
9.500  19.750  3.0897e-01
9.500  20.000  3.3729e-01
9.500  20.250  3.1541e-01
9.500  20.500  2.0536e-01
9.500  20.750  7.3190e-02
9.500  21.000  1.9120e-02
9.500  21.250  7.2200e-03
9.500  21.500  3.6400e-03
9.500  21.750  1.5500e-03
9.500  22.000  6.7000e-04
9.500  22.250  3.1000e-04
9.500  22.500  1.5000e-04
9.500  22.750  8.0000e-05
9.500  23.000  4.0000e-05
9.500  23.250  3.0000e-05
9.500  23.500  2.0000e-05
9.500  23.750  1.0000e-05
9.500  24.000  1.0000e-10
9.750  17.000  3.0909e-01
9.750  17.250  3.0977e-01
9.750  17.500  3.0848e-01
9.750  17.750  3.0548e-01
9.750  18.000  3.0093e-01
9.750  18.250  2.9637e-01
9.750  18.500  2.9271e-01
9.750  18.750  2.9044e-01
9.750  19.000  2.9228e-01
9.750  19.250  2.9818e-01
9.750  19.500  3.0885e-01
9.750  19.750  3.3118e-01
9.750  20.000  3.6989e-01
9.750  20.250  3.9455e-01
9.750  20.500  3.5275e-01
9.750  20.750  2.1388e-01
9.750  21.000  7.3040e-02
9.750  21.250  1.9050e-02
9.750  21.500  7.2300e-03
9.750  21.750  3.6400e-03
9.750  22.000  1.5500e-03
9.750  22.250  6.8000e-04
9.750  22.500  3.1000e-04
9.750  22.750  1.5000e-04
9.750  23.000  8.0000e-05
9.750  23.250  5.0000e-05
9.750  23.500  3.0000e-05
9.750  23.750  1.0000e-05
9.750  24.000  1.0000e-05
10.000  17.000  3.0519e-01
10.000  17.250  3.1457e-01
10.000  17.500  3.1968e-01
10.000  17.750  3.1931e-01
10.000  18.000  3.1606e-01
10.000  18.250  3.1214e-01
10.000  18.500  3.1110e-01
10.000  18.750  3.1484e-01
10.000  19.000  3.2451e-01
10.000  19.250  3.4035e-01
10.000  19.500  3.5900e-01
10.000  19.750  3.8206e-01
10.000  20.000  4.1103e-01
10.000  20.250  4.5588e-01
10.000  20.500  4.6424e-01
10.000  20.750  3.8923e-01
10.000  21.000  2.2213e-01
10.000  21.250  7.3080e-02
10.000  21.500  1.9010e-02
10.000  21.750  7.2200e-03
10.000  22.000  3.6300e-03
10.000  22.250  1.5500e-03
10.000  22.500  6.8000e-04
10.000  22.750  3.1000e-04
10.000  23.000  1.5000e-04
10.000  23.250  8.0000e-05
10.000  23.500  5.0000e-05
10.000  23.750  2.0000e-05
10.000  24.000  1.0000e-05
10.250  17.000  2.8707e-01
10.250  17.250  2.9875e-01
10.250  17.500  3.2985e-01
10.250  17.750  3.3624e-01
10.250  18.000  3.3643e-01
10.250  18.250  3.3636e-01
10.250  18.500  3.3936e-01
10.250  18.750  3.5104e-01
10.250  19.000  3.7109e-01
10.250  19.250  3.9784e-01
10.250  19.500  4.2865e-01
10.250  19.750  4.5813e-01
10.250  20.000  4.8724e-01
10.250  20.250  5.2159e-01
10.250  20.500  5.6377e-01
10.250  20.750  5.5072e-01
10.250  21.000  4.2787e-01
10.250  21.250  2.2791e-01
10.250  21.500  7.3460e-02
10.250  21.750  1.9000e-02
10.250  22.000  7.2300e-03
10.250  22.250  3.6400e-03
10.250  22.500  1.5400e-03
10.250  22.750  6.7000e-04
10.250  23.000  3.1000e-04
10.250  23.250  1.5000e-04
10.250  23.500  8.0000e-05
10.250  23.750  4.0000e-05
10.250  24.000  2.0000e-05
10.500  17.000  2.8708e-01
10.500  17.250  3.0104e-01
10.500  17.500  3.1950e-01
10.500  17.750  3.5526e-01
10.500  18.000  3.6588e-01
10.500  18.250  3.7501e-01
10.500  18.500  3.8999e-01
10.500  18.750  4.1274e-01
10.500  19.000  4.4471e-01
10.500  19.250  4.8272e-01
10.500  19.500  5.2347e-01
10.500  19.750  5.6228e-01
10.500  20.000  5.9670e-01
10.500  20.250  6.2786e-01
10.500  20.500  6.6247e-01
10.500  20.750  6.7883e-01
10.500  21.000  6.2738e-01
10.500  21.250  4.5697e-01
10.500  21.500  2.3041e-01
10.500  21.750  7.4010e-02
10.500  22.000  1.8990e-02
10.500  22.250  7.2300e-03
10.500  22.500  3.6400e-03
10.500  22.750  1.5400e-03
10.500  23.000  6.7000e-04
10.500  23.250  3.1000e-04
10.500  23.500  1.6000e-04
10.500  23.750  8.0000e-05
10.500  24.000  4.0000e-05
10.750  17.000  2.8732e-01
10.750  17.250  3.0458e-01
10.750  17.500  3.2774e-01
10.750  17.750  3.6449e-01
10.750  18.000  4.0703e-01
10.750  18.250  4.4433e-01
10.750  18.500  4.8060e-01
10.750  18.750  5.2205e-01
10.750  19.000  5.6456e-01
10.750  19.250  6.1059e-01
10.750  19.500  6.5644e-01
10.750  19.750  7.0174e-01
10.750  20.000  7.4165e-01
10.750  20.250  7.7521e-01
10.750  20.500  8.0746e-01
10.750  20.750  8.4227e-01
10.750  21.000  8.0913e-01
10.750  21.250  6.9413e-01
10.750  21.500  4.7695e-01
10.750  21.750  2.2644e-01
10.750  22.000  7.4780e-02
10.750  22.250  1.9030e-02
10.750  22.500  7.2400e-03
10.750  22.750  3.6400e-03
10.750  23.000  1.5500e-03
10.750  23.250  6.8000e-04
10.750  23.500  3.1000e-04
10.750  23.750  1.5000e-04
10.750  24.000  8.0000e-05
11.000  17.000  2.8835e-01
11.000  17.250  3.0854e-01
11.000  17.500  3.3516e-01
11.000  17.750  3.8495e-01
11.000  18.000  4.5892e-01
11.000  18.250  5.4488e-01
11.000  18.500  6.2795e-01
11.000  18.750  6.9660e-01
11.000  19.000  7.5153e-01
11.000  19.250  7.9832e-01
11.000  19.500  8.4093e-01
11.000  19.750  8.8451e-01
11.000  20.000  9.2778e-01
11.000  20.250  9.6409e-01
11.000  20.500  9.9742e-01
11.000  20.750  1.0317e+00
11.000  21.000  1.0818e+00
11.000  21.250  9.4088e-01
11.000  21.500  7.5548e-01
11.000  21.750  4.9125e-01
11.000  22.000  2.1381e-01
11.000  22.250  7.5410e-02
11.000  22.500  1.9090e-02
11.000  22.750  7.2500e-03
11.000  23.000  3.6400e-03
11.000  23.250  1.5500e-03
11.000  23.500  6.7000e-04
11.000  23.750  3.1000e-04
11.000  24.000  1.5000e-04
11.250  17.000  2.8936e-01
11.250  17.250  3.1257e-01
11.250  17.500  3.4372e-01
11.250  17.750  4.0525e-01
11.250  18.000  5.1889e-01
11.250  18.250  6.7034e-01
11.250  18.500  8.1558e-01
11.250  18.750  9.2868e-01
11.250  19.000  1.0023e+00
11.250  19.250  1.0524e+00
11.250  19.500  1.0873e+00
11.250  19.750  1.1188e+00
11.250  20.000  1.1534e+00
11.250  20.250  1.1924e+00
11.250  20.500  1.2288e+00
11.250  20.750  1.2660e+00
11.250  21.000  1.3019e+00
11.250  21.250  1.3436e+00
11.250  21.500  1.0755e+00
11.250  21.750  8.0590e-01
11.250  22.000  4.8918e-01
11.250  22.250  2.0622e-01
11.250  22.500  7.5400e-02
11.250  22.750  1.9220e-02
11.250  23.000  7.2700e-03
11.250  23.250  3.6500e-03
11.250  23.500  1.5400e-03
11.250  23.750  6.7000e-04
11.250  24.000  3.1000e-04
11.500  17.000  2.9205e-01
11.500  17.250  3.1734e-01
11.500  17.500  3.5408e-01
11.500  17.750  4.2697e-01
11.500  18.000  5.7196e-01
11.500  18.250  7.8994e-01
11.500  18.500  1.0099e+00
11.500  18.750  1.1804e+00
11.500  19.000  1.2922e+00
11.500  19.250  1.3497e+00
11.500  19.500  1.3797e+00
11.500  19.750  1.4009e+00
11.500  20.000  1.4207e+00
11.500  20.250  1.4432e+00
11.500  20.500  1.4767e+00
11.500  20.750  1.5153e+00
11.500  21.000  1.5543e+00
11.500  21.250  1.5926e+00
11.500  21.500  1.5942e+00
11.500  21.750  1.2123e+00
11.500  22.000  8.3167e-01
11.500  22.250  4.8356e-01
11.500  22.500  1.9961e-01
11.500  22.750  7.4300e-02
11.500  23.000  1.9350e-02
11.500  23.250  7.2800e-03
11.500  23.500  3.6600e-03
11.500  23.750  1.5400e-03
11.500  24.000  6.7000e-04
11.750  17.000  2.9375e-01
11.750  17.250  3.2216e-01
11.750  17.500  3.6518e-01
11.750  17.750  4.4773e-01
11.750  18.000  6.0785e-01
11.750  18.250  8.6659e-01
11.750  18.500  1.1629e+00
11.750  18.750  1.4052e+00
11.750  19.000  1.5654e+00
11.750  19.250  1.6512e+00
11.750  19.500  1.6828e+00
11.750  19.750  1.6905e+00
11.750  20.000  1.6985e+00
11.750  20.250  1.7116e+00
11.750  20.500  1.7287e+00
11.750  20.750  1.7594e+00
11.750  21.000  1.8017e+00
11.750  21.250  1.8442e+00
11.750  21.500  1.8791e+00
11.750  21.750  1.8206e+00
11.750  22.000  1.2888e+00
11.750  22.250  8.3861e-01
11.750  22.500  4.5762e-01
11.750  22.750  1.8869e-01
11.750  23.000  7.3080e-02
11.750  23.250  1.9530e-02
11.750  23.500  7.3000e-03
11.750  23.750  3.6600e-03
11.750  24.000  1.5400e-03
12.000  17.000  2.9544e-01
12.000  17.250  3.2815e-01
12.000  17.500  3.7502e-01
12.000  17.750  4.6427e-01
12.000  18.000  6.2585e-01
12.000  18.250  8.8496e-01
12.000  18.500  1.2202e+00
12.000  18.750  1.5405e+00
12.000  19.000  1.7665e+00
12.000  19.250  1.9015e+00
12.000  19.500  1.9580e+00
12.000  19.750  1.9605e+00
12.000  20.000  1.9507e+00
12.000  20.250  1.9508e+00
12.000  20.500  1.9620e+00
12.000  20.750  1.9809e+00
12.000  21.000  2.0153e+00
12.000  21.250  2.0639e+00
12.000  21.500  2.1013e+00
12.000  21.750  2.1250e+00
12.000  22.000  1.9810e+00
12.000  22.250  1.3388e+00
12.000  22.500  8.2677e-01
12.000  22.750  4.2314e-01
12.000  23.000  1.7964e-01
12.000  23.250  7.0800e-02
12.000  23.500  1.9690e-02
12.000  23.750  7.3300e-03
12.000  24.000  3.6800e-03
12.250  17.000  3.1507e-01
12.250  17.250  3.3841e-01
12.250  17.500  3.8280e-01
12.250  17.750  4.7471e-01
12.250  18.000  6.2981e-01
12.250  18.250  8.6347e-01
12.250  18.500  1.1805e+00
12.250  18.750  1.5331e+00
12.250  19.000  1.8296e+00
12.250  19.250  2.0328e+00
12.250  19.500  2.1435e+00
12.250  19.750  2.1765e+00
12.250  20.000  2.1579e+00
12.250  20.250  2.1391e+00
12.250  20.500  2.1395e+00
12.250  20.750  2.1557e+00
12.250  21.000  2.1879e+00
12.250  21.250  2.2308e+00
12.250  21.500  2.2696e+00
12.250  21.750  2.2988e+00
12.250  22.000  2.3895e+00
12.250  22.250  2.0851e+00
12.250  22.500  1.3748e+00
12.250  22.750  7.9330e-01
12.250  23.000  3.8446e-01
12.250  23.250  1.6833e-01
12.250  23.500  6.8000e-02
12.250  23.750  1.9810e-02
12.250  24.000  7.3500e-03
12.500  17.000  3.1270e-01
12.500  17.250  3.5795e-01
12.500  17.500  4.0245e-01
12.500  17.750  4.8180e-01
12.500  18.000  6.2552e-01
12.500  18.250  8.2520e-01
12.500  18.500  1.0914e+00
12.500  18.750  1.4140e+00
12.500  19.000  1.7428e+00
12.500  19.250  2.0009e+00
12.500  19.500  2.1758e+00
12.500  19.750  2.2687e+00
12.500  20.000  2.2924e+00
12.500  20.250  2.2690e+00
12.500  20.500  2.2560e+00
12.500  20.750  2.2671e+00
12.500  21.000  2.3001e+00
12.500  21.250  2.3428e+00
12.500  21.500  2.3762e+00
12.500  21.750  2.4090e+00
12.500  22.000  2.4348e+00
12.500  22.250  2.5229e+00
12.500  22.500  2.1669e+00
12.500  22.750  1.3374e+00
12.500  23.000  7.5862e-01
12.500  23.250  3.4926e-01
12.500  23.500  1.5750e-01
12.500  23.750  6.5350e-02
12.500  24.000  1.9830e-02
12.750  17.000  3.0762e-01
12.750  17.250  3.6159e-01
12.750  17.500  4.2118e-01
12.750  17.750  5.1193e-01
12.750  18.000  6.2928e-01
12.750  18.250  7.8647e-01
12.750  18.500  9.9714e-01
12.750  18.750  1.2516e+00
12.750  19.000  1.5389e+00
12.750  19.250  1.8210e+00
12.750  19.500  2.0430e+00
12.750  19.750  2.2027e+00
12.750  20.000  2.2956e+00
12.750  20.250  2.3297e+00
12.750  20.500  2.3197e+00
12.750  20.750  2.3151e+00
12.750  21.000  2.3533e+00
12.750  21.250  2.3909e+00
12.750  21.500  2.4235e+00
12.750  21.750  2.4515e+00
12.750  22.000  2.4891e+00
12.750  22.250  2.5239e+00
12.750  22.500  2.6492e+00
12.750  22.750  2.1177e+00
12.750  23.000  1.2911e+00
12.750  23.250  6.9201e-01
12.750  23.500  3.1949e-01
12.750  23.750  1.4639e-01
12.750  24.000  6.2490e-02
13.000  17.000  2.9618e-01
13.000  17.250  3.5268e-01
13.000  17.500  4.2712e-01
13.000  17.750  5.0728e-01
13.000  18.000  6.1934e-01
13.000  18.250  7.5417e-01
13.000  18.500  9.1632e-01
13.000  18.750  1.1093e+00
13.000  19.000  1.3261e+00
13.000  19.250  1.5606e+00
13.000  19.500  1.7898e+00
13.000  19.750  1.9813e+00
13.000  20.000  2.1454e+00
13.000  20.250  2.2560e+00
13.000  20.500  2.3148e+00
13.000  20.750  2.3287e+00
13.000  21.000  2.3449e+00
13.000  21.250  2.3848e+00
13.000  21.500  2.4204e+00
13.000  21.750  2.4368e+00
13.000  22.000  2.4694e+00
13.000  22.250  2.5088e+00
13.000  22.500  2.5477e+00
13.000  22.750  2.6826e+00
13.000  23.000  2.0041e+00
13.000  23.250  1.1958e+00
13.000  23.500  6.2773e-01
13.000  23.750  2.8960e-01
13.000  24.000  1.3539e-01
13.250  17.000  2.7986e-01
13.250  17.250  3.4599e-01
13.250  17.500  4.1412e-01
13.250  17.750  5.0131e-01
13.250  18.000  5.9823e-01
13.250  18.250  7.1534e-01
13.250  18.500  8.4961e-01
13.250  18.750  9.9477e-01
13.250  19.000  1.1548e+00
13.250  19.250  1.3249e+00
13.250  19.500  1.5064e+00
13.250  19.750  1.6939e+00
13.250  20.000  1.8688e+00
13.250  20.250  2.0425e+00
13.250  20.500  2.1719e+00
13.250  20.750  2.2506e+00
13.250  21.000  2.2902e+00
13.250  21.250  2.3270e+00
13.250  21.500  2.3415e+00
13.250  21.750  2.3488e+00
13.250  22.000  2.3897e+00
13.250  22.250  2.4189e+00
13.250  22.500  2.4195e+00
13.250  22.750  2.4860e+00
13.250  23.000  2.4827e+00
13.250  23.250  1.8152e+00
13.250  23.500  1.0717e+00
13.250  23.750  5.6199e-01
13.250  24.000  2.6291e-01
13.500  17.000  2.5992e-01
13.500  17.250  3.1810e-01
13.500  17.500  4.0253e-01
13.500  17.750  4.8386e-01
13.500  18.000  5.7442e-01
13.500  18.250  6.7703e-01
13.500  18.500  7.9231e-01
13.500  18.750  9.1334e-01
13.500  19.000  1.0341e+00
13.500  19.250  1.1586e+00
13.500  19.500  1.2913e+00
13.500  19.750  1.4378e+00
13.500  20.000  1.5980e+00
13.500  20.250  1.7738e+00
13.500  20.500  1.9366e+00
13.500  20.750  2.0684e+00
13.500  21.000  2.1190e+00
13.500  21.250  2.1896e+00
13.500  21.500  2.1977e+00
13.500  21.750  2.2088e+00
13.500  22.000  2.2340e+00
13.500  22.250  2.2437e+00
13.500  22.500  2.2637e+00
13.500  22.750  2.2653e+00
13.500  23.000  2.1806e+00
13.500  23.250  2.0396e+00
13.500  23.500  1.5901e+00
13.500  23.750  9.6193e-01
13.500  24.000  5.0160e-01
13.750  17.000  2.4592e-01
13.750  17.250  2.9340e-01
13.750  17.500  3.8340e-01
13.750  17.750  4.6047e-01
13.750  18.000  5.4539e-01
13.750  18.250  6.3983e-01
13.750  18.500  7.3936e-01
13.750  18.750  8.4453e-01
13.750  19.000  9.5048e-01
13.750  19.250  1.0520e+00
13.750  19.500  1.1524e+00
13.750  19.750  1.2608e+00
13.750  20.000  1.3876e+00
13.750  20.250  1.5354e+00
13.750  20.500  1.6991e+00
13.750  20.750  1.8575e+00
13.750  21.000  1.9735e+00
13.750  21.250  2.0164e+00
13.750  21.500  2.0331e+00
13.750  21.750  2.0368e+00
13.750  22.000  2.0522e+00
13.750  22.250  2.0733e+00
13.750  22.500  2.1000e+00
13.750  22.750  2.0905e+00
13.750  23.000  2.0307e+00
13.750  23.250  2.0025e+00
13.750  23.500  1.8300e+00
13.750  23.750  1.4171e+00
13.750  24.000  8.6775e-01
14.000  17.000  2.3520e-01
14.000  17.250  2.7869e-01
14.000  17.500  3.3546e-01
14.000  17.750  4.3540e-01
14.000  18.000  5.1525e-01
14.000  18.250  6.0157e-01
14.000  18.500  6.9330e-01
14.000  18.750  7.8777e-01
14.000  19.000  8.8325e-01
14.000  19.250  9.7678e-01
14.000  19.500  1.0647e+00
14.000  19.750  1.1514e+00
14.000  20.000  1.2452e+00
14.000  20.250  1.3586e+00
14.000  20.500  1.4978e+00
14.000  20.750  1.6548e+00
14.000  21.000  1.8052e+00
14.000  21.250  1.9106e+00
14.000  21.500  1.9280e+00
14.000  21.750  1.9136e+00
14.000  22.000  1.9000e+00
14.000  22.250  1.9155e+00
14.000  22.500  1.9423e+00
14.000  22.750  1.9597e+00
14.000  23.000  1.9325e+00
14.000  23.250  1.8702e+00
14.000  23.500  1.8016e+00
14.000  23.750  1.6917e+00
14.000  24.000  1.3129e+00
