nFnu 1143.64A  relative to Inci 1215.00A scaled to 1215A.
Hden   Phi(H)  Eq_Width (A)
7.000  17.000  7.2768e-01
7.000  17.250  6.1349e-01
7.000  17.500  4.6375e-01
7.000  17.750  3.3744e-01
7.000  18.000  2.7046e-01
7.000  18.250  2.6261e-01
7.000  18.500  2.4691e-01
7.000  18.750  2.3490e-01
7.000  19.000  2.2959e-01
7.000  19.250  2.2645e-01
7.000  19.500  2.2509e-01
7.000  19.750  2.2452e-01
7.000  20.000  2.2428e-01
7.000  20.250  2.2417e-01
7.000  20.500  2.2411e-01
7.000  20.750  2.2408e-01
7.000  21.000  2.2406e-01
7.000  21.250  2.2406e-01
7.000  21.500  2.2405e-01
7.000  21.750  2.2405e-01
7.000  22.000  2.2405e-01
7.000  22.250  2.2405e-01
7.000  22.500  2.2405e-01
7.000  22.750  2.2405e-01
7.000  23.000  2.2405e-01
7.000  23.250  2.2405e-01
7.000  23.500  2.2405e-01
7.000  23.750  2.2405e-01
7.000  24.000  2.2405e-01
7.250  17.000  7.9117e-01
7.250  17.250  7.2048e-01
7.250  17.500  5.9656e-01
7.250  17.750  4.4729e-01
7.250  18.000  2.6229e-01
7.250  18.250  2.7011e-01
7.250  18.500  2.6235e-01
7.250  18.750  2.4681e-01
7.250  19.000  2.3488e-01
7.250  19.250  2.2958e-01
7.250  19.500  2.2645e-01
7.250  19.750  2.2509e-01
7.250  20.000  2.2452e-01
7.250  20.250  2.2428e-01
7.250  20.500  2.2417e-01
7.250  20.750  2.2411e-01
7.250  21.000  2.2408e-01
7.250  21.250  2.2406e-01
7.250  21.500  2.2406e-01
7.250  21.750  2.2405e-01
7.250  22.000  2.2405e-01
7.250  22.250  2.2405e-01
7.250  22.500  2.2405e-01
7.250  22.750  2.2405e-01
7.250  23.000  2.2405e-01
7.250  23.250  2.2405e-01
7.250  23.500  2.2404e-01
7.250  23.750  2.2404e-01
7.250  24.000  2.2405e-01
7.500  17.000  8.2466e-01
7.500  17.250  7.8529e-01
7.500  17.500  7.0994e-01
7.500  17.750  5.7352e-01
7.500  18.000  4.2954e-01
7.500  18.250  3.2323e-01
7.500  18.500  2.6997e-01
7.500  18.750  2.6221e-01
7.500  19.000  2.4676e-01
7.500  19.250  2.3486e-01
7.500  19.500  2.2957e-01
7.500  19.750  2.2644e-01
7.500  20.000  2.2509e-01
7.500  20.250  2.2452e-01
7.500  20.500  2.2428e-01
7.500  20.750  2.2417e-01
7.500  21.000  2.2411e-01
7.500  21.250  2.2408e-01
7.500  21.500  2.2406e-01
7.500  21.750  2.2406e-01
7.500  22.000  2.2405e-01
7.500  22.250  2.2405e-01
7.500  22.500  2.2405e-01
7.500  22.750  2.2405e-01
7.500  23.000  2.2405e-01
7.500  23.250  2.2405e-01
7.500  23.500  2.2405e-01
7.500  23.750  2.2405e-01
7.500  24.000  2.2405e-01
7.750  17.000  8.4279e-01
7.750  17.250  8.1932e-01
7.750  17.500  7.7659e-01
7.750  17.750  6.9333e-01
7.750  18.000  5.4329e-01
7.750  18.250  4.0827e-01
7.750  18.500  3.1563e-01
7.750  18.750  2.7001e-01
7.750  19.000  2.6215e-01
7.750  19.250  2.4672e-01
7.750  19.500  2.3485e-01
7.750  19.750  2.2957e-01
7.750  20.000  2.2644e-01
7.750  20.250  2.2509e-01
7.750  20.500  2.2452e-01
7.750  20.750  2.2428e-01
7.750  21.000  2.2417e-01
7.750  21.250  2.2411e-01
7.750  21.500  2.2408e-01
7.750  21.750  2.2407e-01
7.750  22.000  2.2406e-01
7.750  22.250  2.2405e-01
7.750  22.500  2.2405e-01
7.750  22.750  2.2405e-01
7.750  23.000  2.2405e-01
7.750  23.250  2.2404e-01
7.750  23.500  2.2404e-01
7.750  23.750  2.2404e-01
7.750  24.000  2.2404e-01
8.000  17.000  8.5237e-01
8.000  17.250  8.3785e-01
8.000  17.500  8.1201e-01
8.000  17.750  7.6337e-01
8.000  18.000  6.6721e-01
8.000  18.250  5.0310e-01
8.000  18.500  3.8273e-01
8.000  18.750  2.6085e-01
8.000  19.000  2.7008e-01
8.000  19.250  2.6214e-01
8.000  19.500  2.4669e-01
8.000  19.750  2.3484e-01
8.000  20.000  2.2957e-01
8.000  20.250  2.2644e-01
8.000  20.500  2.2509e-01
8.000  20.750  2.2452e-01
8.000  21.000  2.2428e-01
8.000  21.250  2.2417e-01
8.000  21.500  2.2411e-01
8.000  21.750  2.2408e-01
8.000  22.000  2.2406e-01
8.000  22.250  2.2406e-01
8.000  22.500  2.2405e-01
8.000  22.750  2.2405e-01
8.000  23.000  2.2405e-01
8.000  23.250  2.2405e-01
8.000  23.500  2.2404e-01
8.000  23.750  2.2404e-01
8.000  24.000  2.2404e-01
8.250  17.000  8.5698e-01
8.250  17.250  8.4795e-01
8.250  17.500  8.3140e-01
8.250  17.750  8.0053e-01
8.250  18.000  7.4080e-01
8.250  18.250  6.2105e-01
8.250  18.500  4.5545e-01
8.250  18.750  3.4528e-01
8.250  19.000  2.6087e-01
8.250  19.250  2.7031e-01
8.250  19.500  2.6217e-01
8.250  19.750  2.4668e-01
8.250  20.000  2.3484e-01
8.250  20.250  2.2956e-01
8.250  20.500  2.2644e-01
8.250  20.750  2.2509e-01
8.250  21.000  2.2452e-01
8.250  21.250  2.2428e-01
8.250  21.500  2.2417e-01
8.250  21.750  2.2411e-01
8.250  22.000  2.2408e-01
8.250  22.250  2.2406e-01
8.250  22.500  2.2406e-01
8.250  22.750  2.2405e-01
8.250  23.000  2.2405e-01
8.250  23.250  2.2405e-01
8.250  23.500  2.2405e-01
8.250  23.750  2.2404e-01
8.250  24.000  2.2404e-01
8.500  17.000  8.5846e-01
8.500  17.250  8.5285e-01
8.500  17.500  8.4196e-01
8.500  17.750  8.2104e-01
8.500  18.000  7.8145e-01
8.500  18.250  7.0328e-01
8.500  18.500  5.5762e-01
8.500  18.750  3.9671e-01
8.500  19.000  3.1724e-01
8.500  19.250  2.6103e-01
8.500  19.500  2.7063e-01
8.500  19.750  2.6223e-01
8.500  20.000  2.4667e-01
8.500  20.250  2.3483e-01
8.500  20.500  2.2956e-01
8.500  20.750  2.2644e-01
8.500  21.000  2.2509e-01
8.500  21.250  2.2452e-01
8.500  21.500  2.2428e-01
8.500  21.750  2.2417e-01
8.500  22.000  2.2411e-01
8.500  22.250  2.2408e-01
8.500  22.500  2.2406e-01
8.500  22.750  2.2405e-01
8.500  23.000  2.2405e-01
8.500  23.250  2.2405e-01
8.500  23.500  2.2405e-01
8.500  23.750  2.2404e-01
8.500  24.000  2.2405e-01
8.750  17.000  8.5740e-01
8.750  17.250  8.5441e-01
8.750  17.500  8.4697e-01
8.750  17.750  8.3234e-01
8.750  18.000  8.0415e-01
8.750  18.250  7.5098e-01
8.750  18.500  6.5526e-01
8.750  18.750  4.8904e-01
8.750  19.000  3.6245e-01
8.750  19.250  2.8878e-01
8.750  19.500  2.6128e-01
8.750  19.750  2.7100e-01
8.750  20.000  2.6231e-01
8.750  20.250  2.4666e-01
8.750  20.500  2.3483e-01
8.750  20.750  2.2956e-01
8.750  21.000  2.2644e-01
8.750  21.250  2.2509e-01
8.750  21.500  2.2452e-01
8.750  21.750  2.2428e-01
8.750  22.000  2.2417e-01
8.750  22.250  2.2411e-01
8.750  22.500  2.2408e-01
8.750  22.750  2.2406e-01
8.750  23.000  2.2406e-01
8.750  23.250  2.2405e-01
8.750  23.500  2.2405e-01
8.750  23.750  2.2405e-01
8.750  24.000  2.2405e-01
9.000  17.000  8.5436e-01
9.000  17.250  8.5340e-01
9.000  17.500  8.4841e-01
9.000  17.750  8.3736e-01
9.000  18.000  8.1652e-01
9.000  18.250  7.7814e-01
9.000  18.500  7.1193e-01
9.000  18.750  5.9879e-01
9.000  19.000  4.2588e-01
9.000  19.250  3.1790e-01
9.000  19.500  2.6937e-01
9.000  19.750  2.6158e-01
9.000  20.000  2.7139e-01
9.000  20.250  2.6240e-01
9.000  20.500  2.4665e-01
9.000  20.750  2.3483e-01
9.000  21.000  2.2956e-01
9.000  21.250  2.2644e-01
9.000  21.500  2.2509e-01
9.000  21.750  2.2452e-01
9.000  22.000  2.2428e-01
9.000  22.250  2.2417e-01
9.000  22.500  2.2411e-01
9.000  22.750  2.2408e-01
9.000  23.000  2.2406e-01
9.000  23.250  2.2406e-01
9.000  23.500  2.2405e-01
9.000  23.750  2.2405e-01
9.000  24.000  2.2405e-01
9.250  17.000  8.4926e-01
9.250  17.250  8.5031e-01
9.250  17.500  8.4733e-01
9.250  17.750  8.3874e-01
9.250  18.000  8.2187e-01
9.250  18.250  7.9239e-01
9.250  18.500  7.4571e-01
9.250  18.750  6.6919e-01
9.250  19.000  5.4861e-01
9.250  19.250  3.6105e-01
9.250  19.500  2.8746e-01
9.250  19.750  2.5465e-01
9.250  20.000  2.6198e-01
9.250  20.250  2.7178e-01
9.250  20.500  2.6248e-01
9.250  20.750  2.4665e-01
9.250  21.000  2.3483e-01
9.250  21.250  2.2956e-01
9.250  21.500  2.2643e-01
9.250  21.750  2.2502e-01
9.250  22.000  2.2424e-01
9.250  22.250  2.2420e-01
9.250  22.500  2.2416e-01
9.250  22.750  2.2411e-01
9.250  23.000  2.2408e-01
9.250  23.250  2.2406e-01
9.250  23.500  2.2405e-01
9.250  23.750  2.2405e-01
9.250  24.000  2.2405e-01
9.500  17.000  8.4226e-01
9.500  17.250  8.4502e-01
9.500  17.500  8.4389e-01
9.500  17.750  8.3713e-01
9.500  18.000  8.2294e-01
9.500  18.250  7.9885e-01
9.500  18.500  7.6391e-01
9.500  18.750  7.1073e-01
9.500  19.000  6.2560e-01
9.500  19.250  4.9047e-01
9.500  19.500  3.2825e-01
9.500  19.750  2.6788e-01
9.500  20.000  2.4170e-01
9.500  20.250  2.2221e-01
9.500  20.500  2.0863e-01
9.500  20.750  2.0016e-01
9.500  21.000  1.9602e-01
9.500  21.250  1.9540e-01
9.500  21.500  1.9753e-01
9.500  21.750  2.0160e-01
9.500  22.000  2.0683e-01
9.500  22.250  2.1243e-01
9.500  22.500  2.1760e-01
9.500  22.750  2.2155e-01
9.500  23.000  2.2350e-01
9.500  23.250  2.2347e-01
9.500  23.500  2.2373e-01
9.500  23.750  2.2371e-01
9.500  24.000  2.2371e-01
9.750  17.000  8.3295e-01
9.750  17.250  8.3749e-01
9.750  17.500  8.3817e-01
9.750  17.750  8.3319e-01
9.750  18.000  8.2094e-01
9.750  18.250  8.0003e-01
9.750  18.500  7.7182e-01
9.750  18.750  7.3134e-01
9.750  19.000  6.7192e-01
9.750  19.250  5.8009e-01
9.750  19.500  4.2178e-01
9.750  19.750  3.0409e-01
9.750  20.000  2.5259e-01
9.750  20.250  2.5403e-01
9.750  20.500  2.6324e-01
9.750  20.750  2.7263e-01
9.750  21.000  2.6263e-01
9.750  21.250  2.4662e-01
9.750  21.500  2.3481e-01
9.750  21.750  2.2950e-01
9.750  22.000  2.2611e-01
9.750  22.250  2.2473e-01
9.750  22.500  2.2412e-01
9.750  22.750  2.2381e-01
9.750  23.000  2.2366e-01
9.750  23.250  2.2357e-01
9.750  23.500  2.2353e-01
9.750  23.750  2.2351e-01
9.750  24.000  2.2349e-01
10.000  17.000  8.2095e-01
10.000  17.250  8.2748e-01
10.000  17.500  8.2999e-01
10.000  17.750  8.2660e-01
10.000  18.000  8.1572e-01
10.000  18.250  7.9722e-01
10.000  18.500  7.7266e-01
10.000  18.750  7.4114e-01
10.000  19.000  6.9647e-01
10.000  19.250  6.3100e-01
10.000  19.500  5.1967e-01
10.000  19.750  3.7140e-01
10.000  20.000  2.7709e-01
10.000  20.250  2.4456e-01
10.000  20.500  2.5532e-01
10.000  20.750  2.6436e-01
10.000  21.000  2.7324e-01
10.000  21.250  2.6269e-01
10.000  21.500  2.4661e-01
10.000  21.750  2.3482e-01
10.000  22.000  2.2954e-01
10.000  22.250  2.2617e-01
10.000  22.500  2.2475e-01
10.000  22.750  2.2416e-01
10.000  23.000  2.2388e-01
10.000  23.250  2.2373e-01
10.000  23.500  2.2365e-01
10.000  23.750  2.2361e-01
10.000  24.000  2.2359e-01
10.250  17.000  8.0549e-01
10.250  17.250  8.1440e-01
10.250  17.500  8.1891e-01
10.250  17.750  8.1701e-01
10.250  18.000  8.0696e-01
10.250  18.250  7.9003e-01
10.250  18.500  7.6795e-01
10.250  18.750  7.4274e-01
10.250  19.000  7.0698e-01
10.250  19.250  6.5744e-01
10.250  19.500  5.8803e-01
10.250  19.750  4.7762e-01
10.250  20.000  3.6143e-01
10.250  20.250  2.6541e-01
10.250  20.500  2.4964e-01
10.250  20.750  2.5643e-01
10.250  21.000  2.6599e-01
10.250  21.250  2.7420e-01
10.250  21.500  2.6274e-01
10.250  21.750  2.4660e-01
10.250  22.000  2.3482e-01
10.250  22.250  2.2956e-01
10.250  22.500  2.2633e-01
10.250  22.750  2.2476e-01
10.250  23.000  2.2418e-01
10.250  23.250  2.2391e-01
10.250  23.500  2.2378e-01
10.250  23.750  2.2371e-01
10.250  24.000  2.2367e-01
10.500  17.000  7.8483e-01
10.500  17.250  7.9704e-01
10.500  17.500  8.0394e-01
10.500  17.750  8.0356e-01
10.500  18.000  7.9373e-01
10.500  18.250  7.7775e-01
10.500  18.500  7.5888e-01
10.500  18.750  7.3784e-01
10.500  19.000  7.1331e-01
10.500  19.250  6.8179e-01
10.500  19.500  6.3897e-01
10.500  19.750  5.7227e-01
10.500  20.000  4.6519e-01
10.500  20.250  3.4960e-01
10.500  20.500  2.7398e-01
10.500  20.750  2.4761e-01
10.500  21.000  2.5869e-01
10.500  21.250  2.6859e-01
10.500  21.500  2.7549e-01
10.500  21.750  2.6278e-01
10.500  22.000  2.4658e-01
10.500  22.250  2.3482e-01
10.500  22.500  2.2956e-01
10.500  22.750  2.2641e-01
10.500  23.000  2.2481e-01
10.500  23.250  2.2419e-01
10.500  23.500  2.2394e-01
10.500  23.750  2.2381e-01
10.500  24.000  2.2374e-01
10.750  17.000  7.5546e-01
10.750  17.250  7.7430e-01
10.750  17.500  7.8440e-01
10.750  17.750  7.8483e-01
10.750  18.000  7.7533e-01
10.750  18.250  7.5920e-01
10.750  18.500  7.4359e-01
10.750  18.750  7.2853e-01
10.750  19.000  7.1270e-01
10.750  19.250  6.9297e-01
10.750  19.500  6.6703e-01
10.750  19.750  6.2753e-01
10.750  20.000  5.6016e-01
10.750  20.250  4.5132e-01
10.750  20.500  3.3204e-01
10.750  20.750  2.6631e-01
10.750  21.000  2.5136e-01
10.750  21.250  2.6250e-01
10.750  21.500  2.7279e-01
10.750  21.750  2.7722e-01
10.750  22.000  2.6283e-01
10.750  22.250  2.4657e-01
10.750  22.500  2.3482e-01
10.750  22.750  2.2956e-01
10.750  23.000  2.2643e-01
10.750  23.250  2.2497e-01
10.750  23.500  2.2421e-01
10.750  23.750  2.2395e-01
10.750  24.000  2.2383e-01
11.000  17.000  7.1573e-01
11.000  17.250  7.4312e-01
11.000  17.500  7.5817e-01
11.000  17.750  7.6070e-01
11.000  18.000  7.5048e-01
11.000  18.250  7.3376e-01
11.000  18.500  7.2231e-01
11.000  18.750  7.1249e-01
11.000  19.000  7.0185e-01
11.000  19.250  6.9223e-01
11.000  19.500  6.7912e-01
11.000  19.750  6.5484e-01
11.000  20.000  6.1441e-01
11.000  20.250  5.4556e-01
11.000  20.500  4.3264e-01
11.000  20.750  3.0897e-01
11.000  21.000  2.5606e-01
11.000  21.250  2.5580e-01
11.000  21.500  2.6786e-01
11.000  21.750  2.7910e-01
11.000  22.000  2.7943e-01
11.000  22.250  2.6292e-01
11.000  22.500  2.4655e-01
11.000  22.750  2.3482e-01
11.000  23.000  2.2956e-01
11.000  23.250  2.2644e-01
11.000  23.500  2.2505e-01
11.000  23.750  2.2432e-01
11.000  24.000  2.2397e-01
11.250  17.000  6.6544e-01
11.250  17.250  7.0023e-01
11.250  17.500  7.2220e-01
11.250  17.750  7.2743e-01
11.250  18.000  7.1675e-01
11.250  18.250  6.9986e-01
11.250  18.500  6.9145e-01
11.250  18.750  6.8588e-01
11.250  19.000  6.8235e-01
11.250  19.250  6.8005e-01
11.250  19.500  6.7444e-01
11.250  19.750  6.6116e-01
11.250  20.000  6.3633e-01
11.250  20.250  5.9626e-01
11.250  20.500  5.2746e-01
11.250  20.750  4.0911e-01
11.250  21.000  2.8379e-01
11.250  21.250  2.3542e-01
11.250  21.500  2.6176e-01
11.250  21.750  2.7592e-01
11.250  22.000  2.8718e-01
11.250  22.250  2.8093e-01
11.250  22.500  2.6304e-01
11.250  22.750  2.4653e-01
11.250  23.000  2.3481e-01
11.250  23.250  2.2956e-01
11.250  23.500  2.2644e-01
11.250  23.750  2.2508e-01
11.250  24.000  2.2446e-01
11.500  17.000  6.0729e-01
11.500  17.250  6.4500e-01
11.500  17.500  6.7298e-01
11.500  17.750  6.8303e-01
11.500  18.000  6.7289e-01
11.500  18.250  6.5636e-01
11.500  18.500  6.4987e-01
11.500  18.750  6.4827e-01
11.500  19.000  6.5171e-01
11.500  19.250  6.5401e-01
11.500  19.500  6.5137e-01
11.500  19.750  6.4396e-01
11.500  20.000  6.2823e-01
11.500  20.250  6.0382e-01
11.500  20.500  5.6949e-01
11.500  20.750  5.0534e-01
11.500  21.000  3.8269e-01
11.500  21.250  2.6106e-01
11.500  21.500  2.4153e-01
11.500  21.750  2.7013e-01
11.500  22.000  2.8689e-01
11.500  22.250  2.9490e-01
11.500  22.500  2.8219e-01
11.500  22.750  2.6322e-01
11.500  23.000  2.4652e-01
11.500  23.250  2.3481e-01
11.500  23.500  2.2956e-01
11.500  23.750  2.2644e-01
11.500  24.000  2.2508e-01
11.750  17.000  5.4395e-01
11.750  17.250  5.8076e-01
11.750  17.500  6.1012e-01
11.750  17.750  6.2419e-01
11.750  18.000  6.1583e-01
11.750  18.250  6.0245e-01
11.750  18.500  5.9820e-01
11.750  18.750  5.9887e-01
11.750  19.000  6.0394e-01
11.750  19.250  6.0717e-01
11.750  19.500  6.0576e-01
11.750  19.750  5.9860e-01
11.750  20.000  5.8821e-01
11.750  20.250  5.7673e-01
11.750  20.500  5.6134e-01
11.750  20.750  5.3526e-01
11.750  21.000  4.7932e-01
11.750  21.250  3.5608e-01
11.750  21.500  2.8223e-01
11.750  21.750  2.6784e-01
11.750  22.000  2.8302e-01
11.750  22.250  3.0002e-01
11.750  22.500  3.0131e-01
11.750  22.750  2.8378e-01
11.750  23.000  2.6339e-01
11.750  23.250  2.4650e-01
11.750  23.500  2.3480e-01
11.750  23.750  2.2956e-01
11.750  24.000  2.2644e-01
12.000  17.000  4.7534e-01
12.000  17.250  5.1108e-01
12.000  17.500  5.3673e-01
12.000  17.750  5.4990e-01
12.000  18.000  5.4547e-01
12.000  18.250  5.3759e-01
12.000  18.500  5.3442e-01
12.000  18.750  5.3672e-01
12.000  19.000  5.3861e-01
12.000  19.250  5.4113e-01
12.000  19.500  5.4284e-01
12.000  19.750  5.4216e-01
12.000  20.000  5.4050e-01
12.000  20.250  5.4122e-01
12.000  20.500  5.3576e-01
12.000  20.750  5.2473e-01
12.000  21.000  5.0045e-01
12.000  21.250  4.4965e-01
12.000  21.500  3.3988e-01
12.000  21.750  2.8057e-01
12.000  22.000  2.7769e-01
12.000  22.250  2.9892e-01
12.000  22.500  3.1427e-01
12.000  22.750  3.0748e-01
12.000  23.000  2.8508e-01
12.000  23.250  2.6362e-01
12.000  23.500  2.4648e-01
12.000  23.750  2.3479e-01
12.000  24.000  2.2956e-01
12.250  17.000  3.5969e-01
12.250  17.250  4.4127e-01
12.250  17.500  4.5734e-01
12.250  17.750  4.6564e-01
12.250  18.000  4.6448e-01
12.250  18.250  4.5903e-01
12.250  18.500  4.5983e-01
12.250  18.750  4.6232e-01
12.250  19.000  4.6756e-01
12.250  19.250  4.7532e-01
12.250  19.500  4.8373e-01
12.250  19.750  4.9186e-01
12.250  20.000  4.9937e-01
12.250  20.250  5.0600e-01
12.250  20.500  5.0968e-01
12.250  20.750  5.0447e-01
12.250  21.000  4.9201e-01
12.250  21.250  4.6556e-01
12.250  21.500  4.2457e-01
12.250  21.750  3.1588e-01
12.250  22.000  2.6614e-01
12.250  22.250  2.8245e-01
12.250  22.500  3.2036e-01
12.250  22.750  3.2906e-01
12.250  23.000  3.1331e-01
12.250  23.250  2.8653e-01
12.250  23.500  2.6387e-01
12.250  23.750  2.4644e-01
12.250  24.000  2.3477e-01
12.500  17.000  2.3408e-01
12.500  17.250  3.4666e-01
12.500  17.500  3.8757e-01
12.500  17.750  3.8677e-01
12.500  18.000  3.8182e-01
12.500  18.250  3.7782e-01
12.500  18.500  3.8214e-01
12.500  18.750  3.9295e-01
12.500  19.000  4.0616e-01
12.500  19.250  4.2034e-01
12.500  19.500  4.3450e-01
12.500  19.750  4.4847e-01
12.500  20.000  4.6187e-01
12.500  20.250  4.7317e-01
12.500  20.500  4.8054e-01
12.500  20.750  4.8380e-01
12.500  21.000  4.7701e-01
12.500  21.250  4.5964e-01
12.500  21.500  4.3585e-01
12.500  21.750  3.9022e-01
12.500  22.000  2.9314e-01
12.500  22.250  2.7357e-01
12.500  22.500  3.1219e-01
12.500  22.750  3.4430e-01
12.500  23.000  3.4051e-01
12.500  23.250  3.1850e-01
12.500  23.500  2.8784e-01
12.500  23.750  2.6406e-01
12.500  24.000  2.4640e-01
12.750  17.000  1.5201e-01
12.750  17.250  2.3813e-01
12.750  17.500  3.1381e-01
12.750  17.750  3.2093e-01
12.750  18.000  3.0355e-01
12.750  18.250  3.0291e-01
12.750  18.500  3.1452e-01
12.750  18.750  3.3326e-01
12.750  19.000  3.5305e-01
12.750  19.250  3.7249e-01
12.750  19.500  3.9127e-01
12.750  19.750  4.0913e-01
12.750  20.000  4.2583e-01
12.750  20.250  4.4047e-01
12.750  20.500  4.5149e-01
12.750  20.750  4.5804e-01
12.750  21.000  4.5878e-01
12.750  21.250  4.4813e-01
12.750  21.500  4.3099e-01
12.750  21.750  3.9673e-01
12.750  22.000  3.5537e-01
12.750  22.250  3.3034e-01
12.750  22.500  3.2627e-01
12.750  22.750  3.4230e-01
12.750  23.000  3.6527e-01
12.750  23.250  3.5280e-01
12.750  23.500  3.2292e-01
12.750  23.750  2.8913e-01
12.750  24.000  2.6424e-01
13.000  17.000  4.3697e-02
13.000  17.250  7.8447e-02
13.000  17.500  1.7149e-01
13.000  17.750  2.4477e-01
13.000  18.000  2.5427e-01
13.000  18.250  2.5584e-01
13.000  18.500  2.6373e-01
13.000  18.750  2.8092e-01
13.000  19.000  3.0256e-01
13.000  19.250  3.2667e-01
13.000  19.500  3.4958e-01
13.000  19.750  3.7086e-01
13.000  20.000  3.9016e-01
13.000  20.250  4.0709e-01
13.000  20.500  4.2092e-01
13.000  20.750  4.3049e-01
13.000  21.000  4.3466e-01
13.000  21.250  4.3074e-01
13.000  21.500  4.2041e-01
13.000  21.750  3.9064e-01
13.000  22.000  3.5411e-01
13.000  22.250  3.2072e-01
13.000  22.500  2.7039e-01
13.000  22.750  3.1919e-01
13.000  23.000  3.7141e-01
13.000  23.250  3.8524e-01
13.000  23.500  3.6455e-01
13.000  23.750  3.2727e-01
13.000  24.000  2.9039e-01
13.250  17.000  3.5514e-02
13.250  17.250  4.9204e-02
13.250  17.500  8.5253e-02
13.250  17.750  1.4445e-01
13.250  18.000  2.0213e-01
13.250  18.250  2.1825e-01
13.250  18.500  2.2249e-01
13.250  18.750  2.3759e-01
13.250  19.000  2.5805e-01
13.250  19.250  2.8205e-01
13.250  19.500  3.0616e-01
13.250  19.750  3.3125e-01
13.250  20.000  3.5346e-01
13.250  20.250  3.7265e-01
13.250  20.500  3.8843e-01
13.250  20.750  4.0027e-01
13.250  21.000  4.0714e-01
13.250  21.250  4.0744e-01
13.250  21.500  4.0129e-01
13.250  21.750  3.7729e-01
13.250  22.000  3.4187e-01
13.250  22.250  3.0949e-01
13.250  22.500  2.9270e-01
13.250  22.750  2.8249e-01
13.250  23.000  3.4764e-01
13.250  23.250  3.9650e-01
13.250  23.500  4.0537e-01
13.250  23.750  3.7639e-01
13.250  24.000  3.3129e-01
13.500  17.000  3.0628e-02
13.500  17.250  4.1097e-02
13.500  17.500  6.2531e-02
13.500  17.750  9.4175e-02
13.500  18.000  1.4439e-01
13.500  18.250  1.7985e-01
13.500  18.500  1.9004e-01
13.500  18.750  1.9900e-01
13.500  19.000  2.1720e-01
13.500  19.250  2.4003e-01
13.500  19.500  2.6488e-01
13.500  19.750  2.8991e-01
13.500  20.000  3.1410e-01
13.500  20.250  3.3633e-01
13.500  20.500  3.5449e-01
13.500  20.750  3.6830e-01
13.500  21.000  3.7654e-01
13.500  21.250  3.7874e-01
13.500  21.500  3.7626e-01
13.500  21.750  3.5631e-01
13.500  22.000  3.2394e-01
13.500  22.250  2.8911e-01
13.500  22.500  2.7137e-01
13.500  22.750  2.7632e-01
13.500  23.000  3.0415e-01
13.500  23.250  3.7828e-01
13.500  23.500  4.2574e-01
13.500  23.750  4.3097e-01
13.500  24.000  3.8812e-01
13.750  17.000  2.7353e-02
13.750  17.250  3.4942e-02
13.750  17.500  4.9602e-02
13.750  17.750  6.8490e-02
13.750  18.000  1.0181e-01
13.750  18.250  1.3731e-01
13.750  18.500  1.5992e-01
13.750  18.750  1.6794e-01
13.750  19.000  1.8075e-01
13.750  19.250  2.0071e-01
13.750  19.500  2.2428e-01
13.750  19.750  2.4973e-01
13.750  20.000  2.7445e-01
13.750  20.250  2.9700e-01
13.750  20.500  3.1852e-01
13.750  20.750  3.3491e-01
13.750  21.000  3.4536e-01
13.750  21.250  3.4871e-01
13.750  21.500  3.4823e-01
13.750  21.750  3.3277e-01
13.750  22.000  3.0323e-01
13.750  22.250  2.6843e-01
13.750  22.500  2.4513e-01
13.750  22.750  2.5332e-01
13.750  23.000  2.9238e-01
13.750  23.250  3.5609e-01
13.750  23.500  4.3005e-01
13.750  23.750  4.7090e-01
13.750  24.000  4.5906e-01
14.000  17.000  2.5366e-02
14.000  17.250  3.1209e-02
14.000  17.500  4.3131e-02
14.000  17.750  5.6305e-02
14.000  18.000  7.4449e-02
14.000  18.250  1.0183e-01
14.000  18.500  1.2625e-01
14.000  18.750  1.4236e-01
14.000  19.000  1.4840e-01
14.000  19.250  1.6562e-01
14.000  19.500  1.8619e-01
14.000  19.750  2.0990e-01
14.000  20.000  2.3515e-01
14.000  20.250  2.5904e-01
14.000  20.500  2.8035e-01
14.000  20.750  2.9884e-01
14.000  21.000  3.1244e-01
14.000  21.250  3.1851e-01
14.000  21.500  3.1971e-01
14.000  21.750  3.0628e-01
14.000  22.000  2.8281e-01
14.000  22.250  2.5013e-01
14.000  22.500  2.2324e-01
14.000  22.750  2.1448e-01
14.000  23.000  2.3389e-01
14.000  23.250  2.9522e-01
14.000  23.500  4.3044e-01
14.000  23.750  5.0430e-01
14.000  24.000  5.3449e-01
