O  4 1405.00A  relative to Inci 1215.00A scaled to 1215A.
Hden   Phi(H)  Eq_Width (A)
7.000  17.000  3.1339e-03
7.000  17.250  2.3360e-03
7.000  17.500  2.0532e-03
7.000  17.750  1.9976e-03
7.000  18.000  8.8650e-04
7.000  18.250  1.0000e-07
7.000  18.500  1.0000e-07
7.000  18.750  1.0000e-07
7.000  19.000  1.0000e-07
7.000  19.250  1.0000e-07
7.000  19.500  1.0000e-07
7.000  19.750  1.0000e-07
7.000  20.000  1.0000e-07
7.000  20.250  1.0000e-07
7.000  20.500  1.0000e-07
7.000  20.750  1.0000e-07
7.000  21.000  1.0000e-07
7.000  21.250  1.0000e-07
7.000  21.500  1.0000e-07
7.000  21.750  1.0000e-07
7.000  22.000  1.0000e-07
7.000  22.250  1.0000e-07
7.000  22.500  1.0000e-07
7.000  22.750  1.0000e-07
7.000  23.000  1.0000e-07
7.000  23.250  1.0000e-07
7.000  23.500  1.0000e-07
7.000  23.750  1.0000e-07
7.000  24.000  1.0000e-07
7.250  17.000  4.7651e-03
7.250  17.250  3.3837e-03
7.250  17.500  2.5695e-03
7.250  17.750  2.3043e-03
7.250  18.000  2.2430e-03
7.250  18.250  9.1671e-04
7.250  18.500  1.0000e-07
7.250  18.750  1.0000e-07
7.250  19.000  1.0000e-07
7.250  19.250  1.0000e-07
7.250  19.500  1.0000e-07
7.250  19.750  1.0000e-07
7.250  20.000  1.0000e-07
7.250  20.250  1.0000e-07
7.250  20.500  1.0000e-07
7.250  20.750  1.0000e-07
7.250  21.000  1.0000e-07
7.250  21.250  1.0000e-07
7.250  21.500  1.0000e-07
7.250  21.750  1.0000e-07
7.250  22.000  1.0000e-07
7.250  22.250  1.0000e-07
7.250  22.500  1.0000e-07
7.250  22.750  1.0000e-07
7.250  23.000  1.0000e-07
7.250  23.250  1.0000e-07
7.250  23.500  1.0000e-07
7.250  23.750  1.0000e-07
7.250  24.000  1.0000e-07
7.500  17.000  6.3706e-03
7.500  17.250  5.0297e-03
7.500  17.500  3.6263e-03
7.500  17.750  2.8068e-03
7.500  18.000  2.5488e-03
7.500  18.250  2.5073e-03
7.500  18.500  9.4346e-04
7.500  18.750  1.0000e-07
7.500  19.000  1.0000e-07
7.500  19.250  1.0000e-07
7.500  19.500  1.0000e-07
7.500  19.750  1.0000e-07
7.500  20.000  1.0000e-07
7.500  20.250  1.0000e-07
7.500  20.500  1.0000e-07
7.500  20.750  1.0000e-07
7.500  21.000  1.0000e-07
7.500  21.250  1.0000e-07
7.500  21.500  1.0000e-07
7.500  21.750  1.0000e-07
7.500  22.000  1.0000e-07
7.500  22.250  1.0000e-07
7.500  22.500  1.0000e-07
7.500  22.750  1.0000e-07
7.500  23.000  1.0000e-07
7.500  23.250  1.0000e-07
7.500  23.500  1.0000e-07
7.500  23.750  1.0000e-07
7.500  24.000  1.0000e-07
7.750  17.000  7.4162e-03
7.750  17.250  6.6176e-03
7.750  17.500  5.2569e-03
7.750  17.750  3.8435e-03
7.750  18.000  3.0286e-03
7.750  18.250  2.7854e-03
7.750  18.500  2.7768e-03
7.750  18.750  9.6510e-04
7.750  19.000  1.0000e-07
7.750  19.250  1.0000e-07
7.750  19.500  1.0000e-07
7.750  19.750  1.0000e-07
7.750  20.000  1.0000e-07
7.750  20.250  1.0000e-07
7.750  20.500  1.0000e-07
7.750  20.750  1.0000e-07
7.750  21.000  1.0000e-07
7.750  21.250  1.0000e-07
7.750  21.500  1.0000e-07
7.750  21.750  1.0000e-07
7.750  22.000  1.0000e-07
7.750  22.250  1.0000e-07
7.750  22.500  1.0000e-07
7.750  22.750  1.0000e-07
7.750  23.000  1.0000e-07
7.750  23.250  1.0000e-07
7.750  23.500  1.0000e-07
7.750  23.750  1.0000e-07
7.750  24.000  1.0000e-07
8.000  17.000  7.5959e-03
8.000  17.250  7.5831e-03
8.000  17.500  6.7928e-03
8.000  17.750  5.4356e-03
8.000  18.000  4.0156e-03
8.000  18.250  3.2086e-03
8.000  18.500  2.9840e-03
8.000  18.750  3.0257e-03
8.000  19.000  9.8527e-04
8.000  19.250  1.0000e-07
8.000  19.500  1.0000e-07
8.000  19.750  1.0000e-07
8.000  20.000  1.0000e-07
8.000  20.250  1.0000e-07
8.000  20.500  1.0000e-07
8.000  20.750  1.0000e-07
8.000  21.000  1.0000e-07
8.000  21.250  1.0000e-07
8.000  21.500  1.0000e-07
8.000  21.750  1.0000e-07
8.000  22.000  1.0000e-07
8.000  22.250  1.0000e-07
8.000  22.500  1.0000e-07
8.000  22.750  1.0000e-07
8.000  23.000  1.0000e-07
8.000  23.250  1.0000e-07
8.000  23.500  1.0000e-07
8.000  23.750  1.0000e-07
8.000  24.000  1.0000e-07
8.250  17.000  6.8882e-03
8.250  17.250  7.7304e-03
8.250  17.500  7.6979e-03
8.250  17.750  6.9039e-03
8.250  18.000  5.5396e-03
8.250  18.250  4.1313e-03
8.250  18.500  3.3493e-03
8.250  18.750  3.1489e-03
8.250  19.000  3.2769e-03
8.250  19.250  9.9300e-04
8.250  19.500  1.0000e-07
8.250  19.750  1.0000e-07
8.250  20.000  1.0000e-07
8.250  20.250  1.0000e-07
8.250  20.500  1.0000e-07
8.250  20.750  1.0000e-07
8.250  21.000  1.0000e-07
8.250  21.250  1.0000e-07
8.250  21.500  1.0000e-07
8.250  21.750  1.0000e-07
8.250  22.000  1.0000e-07
8.250  22.250  1.0000e-07
8.250  22.500  1.0000e-07
8.250  22.750  1.0000e-07
8.250  23.000  1.0000e-07
8.250  23.250  1.0000e-07
8.250  23.500  1.0000e-07
8.250  23.750  1.0000e-07
8.250  24.000  1.0000e-07
8.500  17.000  5.5156e-03
8.500  17.250  6.9621e-03
8.500  17.500  7.7930e-03
8.500  17.750  7.7500e-03
8.500  18.000  6.9373e-03
8.500  18.250  5.5719e-03
8.500  18.500  4.1857e-03
8.500  18.750  3.4223e-03
8.500  19.000  3.2579e-03
8.500  19.250  3.5204e-03
8.500  19.500  9.9679e-04
8.500  19.750  1.0000e-07
8.500  20.000  1.0000e-07
8.500  20.250  1.0000e-07
8.500  20.500  1.0000e-07
8.500  20.750  1.0000e-07
8.500  21.000  1.0000e-07
8.500  21.250  1.0000e-07
8.500  21.500  1.0000e-07
8.500  21.750  1.0000e-07
8.500  22.000  1.0000e-07
8.500  22.250  1.0000e-07
8.500  22.500  1.0000e-07
8.500  22.750  1.0000e-07
8.500  23.000  1.0000e-07
8.500  23.250  1.0000e-07
8.500  23.500  1.0000e-07
8.500  23.750  1.0000e-07
8.500  24.000  1.0000e-07
8.750  17.000  3.9210e-03
8.750  17.250  5.5457e-03
8.750  17.500  6.9733e-03
8.750  17.750  7.7730e-03
8.750  18.000  7.7144e-03
8.750  18.250  6.8894e-03
8.750  18.500  5.5295e-03
8.750  18.750  4.1531e-03
8.750  19.000  3.4000e-03
8.750  19.250  3.2542e-03
8.750  19.500  3.7510e-03
8.750  19.750  9.9918e-04
8.750  20.000  1.0000e-07
8.750  20.250  1.0000e-07
8.750  20.500  1.0000e-07
8.750  20.750  1.0000e-07
8.750  21.000  1.0000e-07
8.750  21.250  1.0000e-07
8.750  21.500  1.0000e-07
8.750  21.750  1.0000e-07
8.750  22.000  1.0000e-07
8.750  22.250  1.0000e-07
8.750  22.500  1.0000e-07
8.750  22.750  1.0000e-07
8.750  23.000  1.0000e-07
8.750  23.250  1.0000e-07
8.750  23.500  1.0000e-07
8.750  23.750  1.0000e-07
8.750  24.000  1.0000e-07
9.000  17.000  2.4007e-03
9.000  17.250  3.9322e-03
9.000  17.500  5.5301e-03
9.000  17.750  6.9137e-03
9.000  18.000  7.6748e-03
9.000  18.250  7.5854e-03
9.000  18.500  6.7514e-03
9.000  18.750  5.3730e-03
9.000  19.000  5.0810e-03
9.000  19.250  5.4550e-03
9.000  19.500  5.4227e-03
9.000  19.750  3.9118e-03
9.000  20.000  1.0051e-03
9.000  20.250  1.0000e-07
9.000  20.500  1.0000e-07
9.000  20.750  1.0000e-07
9.000  21.000  1.0000e-07
9.000  21.250  1.0000e-07
9.000  21.500  1.0000e-07
9.000  21.750  1.0000e-07
9.000  22.000  1.0000e-07
9.000  22.250  1.0000e-07
9.000  22.500  1.0000e-07
9.000  22.750  1.0000e-07
9.000  23.000  1.0000e-07
9.000  23.250  1.0000e-07
9.000  23.500  1.0000e-07
9.000  23.750  1.0000e-07
9.000  24.000  1.0000e-07
9.250  17.000  1.1765e-03
9.250  17.250  2.4042e-03
9.250  17.500  3.9106e-03
9.250  17.750  5.4515e-03
9.250  18.000  6.7626e-03
9.250  18.250  7.4796e-03
9.250  18.500  7.3525e-03
9.250  18.750  6.4653e-03
9.250  19.000  5.0586e-03
9.250  19.250  4.9082e-03
9.250  19.500  5.5156e-03
9.250  19.750  5.6641e-03
9.250  20.000  4.1370e-03
9.250  20.250  1.0202e-03
9.250  20.500  1.0000e-07
9.250  20.750  1.0000e-07
9.250  21.000  1.0000e-07
9.250  21.250  1.0000e-07
9.250  21.500  1.0000e-07
9.250  21.750  1.0000e-07
9.250  22.000  1.0000e-07
9.250  22.250  1.0000e-07
9.250  22.500  1.0000e-07
9.250  22.750  1.0000e-07
9.250  23.000  1.0000e-07
9.250  23.250  1.0000e-07
9.250  23.500  1.0000e-07
9.250  23.750  1.0000e-07
9.250  24.000  1.0000e-07
9.500  17.000  4.1350e-04
9.500  17.250  1.1688e-03
9.500  17.500  2.3798e-03
9.500  17.750  3.8274e-03
9.500  18.000  5.2740e-03
9.500  18.250  6.4898e-03
9.500  18.500  7.1252e-03
9.500  18.750  6.9275e-03
9.500  19.000  5.9881e-03
9.500  19.250  4.6190e-03
9.500  19.500  4.6978e-03
9.500  19.750  5.6170e-03
9.500  20.000  5.9931e-03
9.500  20.250  4.4429e-03
9.500  20.500  1.0596e-03
9.500  20.750  1.0000e-07
9.500  21.000  1.0000e-07
9.500  21.250  1.0000e-07
9.500  21.500  1.0000e-07
9.500  21.750  1.0000e-07
9.500  22.000  1.0000e-07
9.500  22.250  1.0000e-07
9.500  22.500  1.0000e-07
9.500  22.750  1.0000e-07
9.500  23.000  1.0000e-07
9.500  23.250  1.0000e-07
9.500  23.500  1.0000e-07
9.500  23.750  1.0000e-07
9.500  24.000  1.0000e-07
9.750  17.000  9.2099e-05
9.750  17.250  4.0033e-04
9.750  17.500  1.1361e-03
9.750  17.750  2.2910e-03
9.750  18.000  3.6356e-03
9.750  18.250  4.9486e-03
9.750  18.500  6.0295e-03
9.750  18.750  6.5390e-03
9.750  19.000  6.2766e-03
9.750  19.250  5.3740e-03
9.750  19.500  4.1685e-03
9.750  19.750  4.6184e-03
9.750  20.000  5.9623e-03
9.750  20.250  6.5958e-03
9.750  20.500  4.9149e-03
9.750  20.750  1.0747e-03
9.750  21.000  1.0000e-07
9.750  21.250  1.0000e-07
9.750  21.500  1.0000e-07
9.750  21.750  1.0000e-07
9.750  22.000  1.0000e-07
9.750  22.250  1.0000e-07
9.750  22.500  1.0000e-07
9.750  22.750  1.0000e-07
9.750  23.000  1.0000e-07
9.750  23.250  1.0000e-07
9.750  23.500  1.0000e-07
9.750  23.750  1.0000e-07
9.750  24.000  1.0000e-07
10.000  17.000  1.0947e-05
10.000  17.250  8.5185e-05
10.000  17.500  3.7465e-04
10.000  17.750  1.0554e-03
10.000  18.000  2.0993e-03
10.000  18.250  3.2852e-03
10.000  18.500  4.4195e-03
10.000  18.750  5.3132e-03
10.000  19.000  5.7088e-03
10.000  19.250  5.4585e-03
10.000  19.500  4.7103e-03
10.000  19.750  5.2810e-03
10.000  20.000  6.7613e-03
10.000  20.250  8.0307e-03
10.000  20.500  7.9685e-03
10.000  20.750  5.4541e-03
10.000  21.000  1.1011e-03
10.000  21.250  1.0000e-07
10.000  21.500  1.0000e-07
10.000  21.750  1.0000e-07
10.000  22.000  1.0000e-07
10.000  22.250  1.0000e-07
10.000  22.500  1.0000e-07
10.000  22.750  1.0000e-07
10.000  23.000  1.0000e-07
10.000  23.250  1.0000e-07
10.000  23.500  1.0000e-07
10.000  23.750  1.0000e-07
10.000  24.000  1.0000e-07
10.250  17.000  1.0000e-07
10.250  17.250  9.1358e-06
10.250  17.500  7.5720e-05
10.250  17.750  3.2979e-04
10.250  18.000  9.1654e-04
10.250  18.250  1.7984e-03
10.250  18.500  2.7768e-03
10.250  18.750  3.6889e-03
10.250  19.000  4.4101e-03
10.250  19.250  4.7421e-03
10.250  19.500  4.6047e-03
10.250  19.750  4.0928e-03
10.250  20.000  4.9747e-03
10.250  20.250  6.7730e-03
10.250  20.500  8.2915e-03
10.250  20.750  8.3336e-03
10.250  21.000  5.7030e-03
10.250  21.250  1.0875e-03
10.250  21.500  1.0000e-07
10.250  21.750  1.0000e-07
10.250  22.000  1.0000e-07
10.250  22.250  1.0000e-07
10.250  22.500  1.0000e-07
10.250  22.750  1.0000e-07
10.250  23.000  1.0000e-07
10.250  23.250  1.0000e-07
10.250  23.500  1.0000e-07
10.250  23.750  1.0000e-07
10.250  24.000  1.0000e-07
10.500  17.000  1.0000e-07
10.500  17.250  1.0000e-07
10.500  17.500  7.7366e-06
10.500  17.750  6.3210e-05
10.500  18.000  2.7021e-04
10.500  18.250  7.3901e-04
10.500  18.500  1.4268e-03
10.500  18.750  2.1781e-03
10.500  19.000  2.8877e-03
10.500  19.250  3.4933e-03
10.500  19.500  3.8374e-03
10.500  19.750  3.8381e-03
10.500  20.000  3.5267e-03
10.500  20.250  4.6549e-03
10.500  20.500  6.6974e-03
10.500  20.750  8.3972e-03
10.500  21.000  8.4971e-03
10.500  21.250  5.7400e-03
10.500  21.500  9.2412e-04
10.500  21.750  1.0000e-07
10.500  22.000  1.0000e-07
10.500  22.250  1.0000e-07
10.500  22.500  1.0000e-07
10.500  22.750  1.0000e-07
10.500  23.000  1.0000e-07
10.500  23.250  1.0000e-07
10.500  23.500  1.0000e-07
10.500  23.750  1.0000e-07
10.500  24.000  1.0000e-07
10.750  17.000  1.0000e-07
10.750  17.250  1.0000e-07
10.750  17.500  1.0000e-07
10.750  17.750  6.5021e-06
10.750  18.000  4.9877e-05
10.750  18.250  2.0864e-04
10.750  18.500  5.5638e-04
10.750  18.750  1.0552e-03
10.750  19.000  1.6065e-03
10.750  19.250  2.1751e-03
10.750  19.500  2.6997e-03
10.750  19.750  3.0624e-03
10.750  20.000  3.1639e-03
10.750  20.250  3.0040e-03
10.750  20.500  4.2706e-03
10.750  20.750  6.4128e-03
10.750  21.000  8.1605e-03
10.750  21.250  8.2437e-03
10.750  21.500  5.3923e-03
10.750  21.750  5.4815e-04
10.750  22.000  1.0000e-07
10.750  22.250  1.0000e-07
10.750  22.500  1.0000e-07
10.750  22.750  1.0000e-07
10.750  23.000  1.0000e-07
10.750  23.250  1.0000e-07
10.750  23.500  1.0000e-07
10.750  23.750  1.0000e-07
10.750  24.000  1.0000e-07
11.000  17.000  1.0000e-07
11.000  17.250  1.0000e-07
11.000  17.500  1.0000e-07
11.000  17.750  1.0000e-07
11.000  18.000  5.3498e-06
11.000  18.250  3.7942e-05
11.000  18.500  1.5259e-04
11.000  18.750  3.9613e-04
11.000  19.000  7.4000e-04
11.000  19.250  1.1448e-03
11.000  19.500  1.6085e-03
11.000  19.750  2.0760e-03
11.000  20.000  2.4333e-03
11.000  20.250  2.5905e-03
11.000  20.500  2.5310e-03
11.000  20.750  2.3027e-03
11.000  21.000  3.6333e-03
11.000  21.250  5.5995e-03
11.000  21.500  6.4477e-03
11.000  21.750  4.4244e-03
11.000  22.000  1.4387e-04
11.000  22.250  1.0000e-07
11.000  22.500  1.0000e-07
11.000  22.750  1.0000e-07
11.000  23.000  1.0000e-07
11.000  23.250  1.0000e-07
11.000  23.500  1.0000e-07
11.000  23.750  1.0000e-07
11.000  24.000  1.0000e-07
11.250  17.000  1.0000e-07
11.250  17.250  1.0000e-07
11.250  17.500  1.0000e-07
11.250  17.750  1.0000e-07
11.250  18.000  1.0000e-07
11.250  18.250  4.1975e-06
11.250  18.500  2.7407e-05
11.250  18.750  1.0667e-04
11.250  19.000  2.6872e-04
11.250  19.250  5.0263e-04
11.250  19.500  8.0634e-04
11.250  19.750  1.1880e-03
11.250  20.000  1.5940e-03
11.250  20.250  1.9238e-03
11.250  20.500  2.0974e-03
11.250  20.750  2.0877e-03
11.250  21.000  1.9081e-03
11.250  21.250  2.8503e-03
11.250  21.500  4.2434e-03
11.250  21.750  4.7992e-03
11.250  22.000  3.2296e-03
11.250  22.250  2.9794e-05
11.250  22.500  1.0000e-07
11.250  22.750  1.0000e-07
11.250  23.000  1.0000e-07
11.250  23.250  1.0000e-07
11.250  23.500  1.0000e-07
11.250  23.750  1.0000e-07
11.250  24.000  1.0000e-07
11.500  17.000  1.0000e-07
11.500  17.250  1.0000e-07
11.500  17.500  1.0000e-07
11.500  17.750  1.0000e-07
11.500  18.000  1.0000e-07
11.500  18.250  1.0000e-07
11.500  18.500  2.9630e-06
11.500  18.750  1.8683e-05
11.500  19.000  7.1440e-05
11.500  19.250  1.7827e-04
11.500  19.500  3.3819e-04
11.500  19.750  5.6774e-04
11.500  20.000  8.7687e-04
11.500  20.250  1.2140e-03
11.500  20.500  1.4949e-03
11.500  20.750  1.6529e-03
11.500  21.000  1.6402e-03
11.500  21.250  1.4522e-03
11.500  21.500  1.9349e-03
11.500  21.750  2.7010e-03
11.500  22.000  2.9724e-03
11.500  22.250  1.9710e-03
11.500  22.500  6.2551e-06
11.500  22.750  1.0000e-07
11.500  23.000  1.0000e-07
11.500  23.250  1.0000e-07
11.500  23.500  1.0000e-07
11.500  23.750  1.0000e-07
11.500  24.000  1.0000e-07
11.750  17.000  1.0000e-07
11.750  17.250  1.0000e-07
11.750  17.500  1.0000e-07
11.750  17.750  1.0000e-07
11.750  18.000  1.0000e-07
11.750  18.250  1.0000e-07
11.750  18.500  1.0000e-07
11.750  18.750  1.8930e-06
11.750  19.000  1.2346e-05
11.750  19.250  4.7078e-05
11.750  19.500  1.1663e-04
11.750  19.750  2.2749e-04
11.750  20.000  4.0132e-04
11.750  20.250  6.4494e-04
11.750  20.500  9.1086e-04
11.750  20.750  1.1342e-03
11.750  21.000  1.2588e-03
11.750  21.250  1.2106e-03
11.750  21.500  1.4271e-03
11.750  21.750  1.8103e-03
11.750  22.000  2.0817e-03
11.750  22.250  1.9630e-03
11.750  22.500  1.1756e-03
11.750  22.750  1.6461e-06
11.750  23.000  1.0000e-07
11.750  23.250  1.0000e-07
11.750  23.500  1.0000e-07
11.750  23.750  1.0000e-07
11.750  24.000  1.0000e-07
12.000  17.000  1.0000e-07
12.000  17.250  1.0000e-07
12.000  17.500  1.0000e-07
12.000  17.750  1.0000e-07
12.000  18.000  1.0000e-07
12.000  18.250  1.0000e-07
12.000  18.500  1.0000e-07
12.000  18.750  1.0000e-07
12.000  19.000  1.2346e-06
12.000  19.250  8.0658e-06
12.000  19.500  3.0617e-05
12.000  19.750  7.6214e-05
12.000  20.000  1.5490e-04
12.000  20.250  2.8634e-04
12.000  20.500  4.7144e-04
12.000  20.750  6.7029e-04
12.000  21.000  8.3514e-04
12.000  21.250  9.1358e-04
12.000  21.500  8.2840e-04
12.000  21.750  8.0493e-04
12.000  22.000  8.5774e-04
12.000  22.250  9.2275e-04
12.000  22.500  9.3588e-04
12.000  22.750  6.9605e-04
12.000  23.000  1.0000e-07
12.000  23.250  1.0000e-07
12.000  23.500  1.0000e-07
12.000  23.750  1.0000e-07
12.000  24.000  1.0000e-07
12.250  17.000  1.0000e-07
12.250  17.250  1.0000e-07
12.250  17.500  1.0000e-07
12.250  17.750  1.0000e-07
12.250  18.000  1.0000e-07
12.250  18.250  1.0000e-07
12.250  18.500  1.0000e-07
12.250  18.750  1.0000e-07
12.250  19.000  1.0000e-07
12.250  19.250  1.0000e-07
12.250  19.500  5.2675e-06
12.250  19.750  1.9918e-05
12.250  20.000  5.0453e-05
12.250  20.250  1.0757e-04
12.250  20.500  2.0576e-04
12.250  20.750  3.4189e-04
12.250  21.000  4.8510e-04
12.250  21.250  6.1473e-04
12.250  21.500  6.4938e-04
12.250  21.750  5.5136e-04
12.250  22.000  5.9216e-04
12.250  22.250  7.3353e-04
12.250  22.500  8.3320e-04
12.250  22.750  7.4889e-04
12.250  23.000  3.9292e-04
12.250  23.250  1.0000e-07
12.250  23.500  1.0000e-07
12.250  23.750  1.0000e-07
12.250  24.000  1.0000e-07
12.500  17.000  1.0000e-07
12.500  17.250  1.0000e-07
12.500  17.500  1.0000e-07
12.500  17.750  1.0000e-07
12.500  18.000  1.0000e-07
12.500  18.250  1.0000e-07
12.500  18.500  1.0000e-07
12.500  18.750  1.0000e-07
12.500  19.000  1.0000e-07
12.500  19.250  1.0000e-07
12.500  19.500  1.0000e-07
12.500  19.750  3.4568e-06
12.500  20.000  1.3169e-05
12.500  20.250  3.4403e-05
12.500  20.500  7.6379e-05
12.500  20.750  1.4831e-04
12.500  21.000  2.4658e-04
12.500  21.250  3.5737e-04
12.500  21.500  4.4626e-04
12.500  21.750  4.5226e-04
12.500  22.000  3.6979e-04
12.500  22.250  4.7379e-04
12.500  22.500  6.8141e-04
12.500  22.750  7.9497e-04
12.500  23.000  6.1679e-04
12.500  23.250  1.5605e-04
12.500  23.500  1.0000e-07
12.500  23.750  1.0000e-07
12.500  24.000  1.0000e-07
12.750  17.000  1.0000e-07
12.750  17.250  1.0000e-07
12.750  17.500  1.0000e-07
12.750  17.750  1.0000e-07
12.750  18.000  1.0000e-07
12.750  18.250  1.0000e-07
12.750  18.500  1.0000e-07
12.750  18.750  1.0000e-07
12.750  19.000  1.0000e-07
12.750  19.250  1.0000e-07
12.750  19.500  1.0000e-07
12.750  19.750  1.0000e-07
12.750  20.000  2.3045e-06
12.750  20.250  8.8066e-06
12.750  20.500  2.3786e-05
12.750  20.750  5.4321e-05
12.750  21.000  1.0642e-04
12.750  21.250  1.8016e-04
12.750  21.500  2.5992e-04
12.750  21.750  3.2016e-04
12.750  22.000  3.1119e-04
12.750  22.250  2.4996e-04
12.750  22.500  3.8760e-04
12.750  22.750  6.2120e-04
12.750  23.000  7.3758e-04
12.750  23.250  5.2354e-04
12.750  23.500  3.4897e-05
12.750  23.750  1.0000e-07
12.750  24.000  1.0000e-07
13.000  17.000  1.0000e-07
13.000  17.250  1.0000e-07
13.000  17.500  1.0000e-07
13.000  17.750  1.0000e-07
13.000  18.000  1.0000e-07
13.000  18.250  1.0000e-07
13.000  18.500  1.0000e-07
13.000  18.750  1.0000e-07
13.000  19.000  1.0000e-07
13.000  19.250  1.0000e-07
13.000  19.500  1.0000e-07
13.000  19.750  1.0000e-07
13.000  20.000  1.0000e-07
13.000  20.250  1.4815e-06
13.000  20.500  5.8436e-06
13.000  20.750  1.6296e-05
13.000  21.000  3.7449e-05
13.000  21.250  7.4156e-05
13.000  21.500  1.2576e-04
13.000  21.750  1.8280e-04
13.000  22.000  2.2115e-04
13.000  22.250  2.1070e-04
13.000  22.500  3.1772e-04
13.000  22.750  5.0212e-04
13.000  23.000  6.5439e-04
13.000  23.250  6.6500e-04
13.000  23.500  4.2444e-04
13.000  23.750  1.5144e-05
13.000  24.000  1.0000e-07
13.250  17.000  1.0000e-07
13.250  17.250  1.0000e-07
13.250  17.500  1.0000e-07
13.250  17.750  1.0000e-07
13.250  18.000  1.0000e-07
13.250  18.250  1.0000e-07
13.250  18.500  1.0000e-07
13.250  18.750  1.0000e-07
13.250  19.000  1.0000e-07
13.250  19.250  1.0000e-07
13.250  19.500  1.0000e-07
13.250  19.750  1.0000e-07
13.250  20.000  1.0000e-07
13.250  20.250  1.0000e-07
13.250  20.500  8.2305e-07
13.250  20.750  3.5391e-06
13.250  21.000  1.0288e-05
13.250  21.250  2.3868e-05
13.250  21.500  4.7819e-05
13.250  21.750  8.3292e-05
13.250  22.000  1.2255e-04
13.250  22.250  1.4914e-04
13.250  22.500  1.4132e-04
13.250  22.750  2.1203e-04
13.250  23.000  3.3685e-04
13.250  23.250  4.4477e-04
13.250  23.500  4.6482e-04
13.250  23.750  3.2601e-04
13.250  24.000  7.4897e-06
13.500  17.000  1.0000e-07
13.500  17.250  1.0000e-07
13.500  17.500  1.0000e-07
13.500  17.750  1.0000e-07
13.500  18.000  1.0000e-07
13.500  18.250  1.0000e-07
13.500  18.500  1.0000e-07
13.500  18.750  1.0000e-07
13.500  19.000  1.0000e-07
13.500  19.250  1.0000e-07
13.500  19.500  1.0000e-07
13.500  19.750  1.0000e-07
13.500  20.000  1.0000e-07
13.500  20.250  1.0000e-07
13.500  20.500  1.0000e-07
13.500  20.750  1.0000e-07
13.500  21.000  1.9753e-06
13.500  21.250  6.0082e-06
13.500  21.500  1.4568e-05
13.500  21.750  3.0288e-05
13.500  22.000  5.3580e-05
13.500  22.250  8.1317e-05
13.500  22.500  1.0148e-04
13.500  22.750  9.5144e-05
13.500  23.000  7.6872e-05
13.500  23.250  7.1276e-05
13.500  23.500  9.4156e-05
13.500  23.750  1.5185e-04
13.500  24.000  2.4049e-04
13.750  17.000  1.0000e-07
13.750  17.250  1.0000e-07
13.750  17.500  1.0000e-07
13.750  17.750  1.0000e-07
13.750  18.000  1.0000e-07
13.750  18.250  1.0000e-07
13.750  18.500  1.0000e-07
13.750  18.750  1.0000e-07
13.750  19.000  1.0000e-07
13.750  19.250  1.0000e-07
13.750  19.500  1.0000e-07
13.750  19.750  1.0000e-07
13.750  20.000  1.0000e-07
13.750  20.250  1.0000e-07
13.750  20.500  1.0000e-07
13.750  20.750  1.0000e-07
13.750  21.000  1.0000e-07
13.750  21.250  1.1523e-06
13.750  21.500  3.7037e-06
13.750  21.750  9.2181e-06
13.750  22.000  1.8848e-05
13.750  22.250  3.3909e-05
13.750  22.500  5.3663e-05
13.750  22.750  6.8807e-05
13.750  23.000  6.5844e-05
13.750  23.250  5.3498e-05
13.750  23.500  5.2099e-05
13.750  23.750  7.1276e-05
13.750  24.000  1.1975e-04
14.000  17.000  1.0000e-07
14.000  17.250  1.0000e-07
14.000  17.500  1.0000e-07
14.000  17.750  1.0000e-07
14.000  18.000  1.0000e-07
14.000  18.250  1.0000e-07
14.000  18.500  1.0000e-07
14.000  18.750  1.0000e-07
14.000  19.000  1.0000e-07
14.000  19.250  1.0000e-07
14.000  19.500  1.0000e-07
14.000  19.750  1.0000e-07
14.000  20.000  1.0000e-07
14.000  20.250  1.0000e-07
14.000  20.500  1.0000e-07
14.000  20.750  1.0000e-07
14.000  21.000  1.0000e-07
14.000  21.250  1.0000e-07
14.000  21.500  1.0000e-07
14.000  21.750  2.3868e-06
14.000  22.000  5.8436e-06
14.000  22.250  1.1687e-05
14.000  22.500  2.1564e-05
14.000  22.750  3.5638e-05
14.000  23.000  4.6337e-05
14.000  23.250  4.4691e-05
14.000  23.500  3.8519e-05
14.000  23.750  4.0000e-05
14.000  24.000  6.0247e-05
