Inwd 1751.00A  relative to Inci 1215.00A scaled to 1215A.
Hden   Phi(H)  Eq_Width (A)
7.000  17.000  5.2033e-04
7.000  17.250  4.3778e-04
7.000  17.500  4.2395e-04
7.000  17.750  1.1342e-04
7.000  18.000  1.8107e-06
7.000  18.250  1.0000e-07
7.000  18.500  1.0000e-07
7.000  18.750  1.0000e-07
7.000  19.000  1.0000e-07
7.000  19.250  1.0000e-07
7.000  19.500  1.0000e-07
7.000  19.750  1.0000e-07
7.000  20.000  1.0000e-07
7.000  20.250  1.0000e-07
7.000  20.500  1.0000e-07
7.000  20.750  1.0000e-07
7.000  21.000  1.0000e-07
7.000  21.250  1.0000e-07
7.000  21.500  1.0000e-07
7.000  21.750  1.0000e-07
7.000  22.000  1.0000e-07
7.000  22.250  1.0000e-07
7.000  22.500  1.0000e-07
7.000  22.750  1.0000e-07
7.000  23.000  1.0000e-07
7.000  23.250  1.0000e-07
7.000  23.500  1.0000e-07
7.000  23.750  1.0000e-07
7.000  24.000  1.0000e-07
7.250  17.000  7.2123e-04
7.250  17.250  5.5235e-04
7.250  17.500  3.9311e-04
7.250  17.750  2.4466e-04
7.250  18.000  1.0601e-04
7.250  18.250  1.8107e-06
7.250  18.500  1.0000e-07
7.250  18.750  1.0000e-07
7.250  19.000  1.0000e-07
7.250  19.250  1.0000e-07
7.250  19.500  1.0000e-07
7.250  19.750  1.0000e-07
7.250  20.000  1.0000e-07
7.250  20.250  1.0000e-07
7.250  20.500  1.0000e-07
7.250  20.750  1.0000e-07
7.250  21.000  1.0000e-07
7.250  21.250  1.0000e-07
7.250  21.500  1.0000e-07
7.250  21.750  1.0000e-07
7.250  22.000  1.0000e-07
7.250  22.250  1.0000e-07
7.250  22.500  1.0000e-07
7.250  22.750  1.0000e-07
7.250  23.000  1.0000e-07
7.250  23.250  1.0000e-07
7.250  23.500  1.0000e-07
7.250  23.750  1.0000e-07
7.250  24.000  1.0000e-07
7.500  17.000  1.0445e-03
7.500  17.250  7.5588e-04
7.500  17.500  5.2906e-04
7.500  17.750  3.5893e-04
7.500  18.000  2.2365e-04
7.500  18.250  1.0140e-04
7.500  18.500  1.8930e-06
7.500  18.750  1.0000e-07
7.500  19.000  1.0000e-07
7.500  19.250  1.0000e-07
7.500  19.500  1.0000e-07
7.500  19.750  1.0000e-07
7.500  20.000  1.0000e-07
7.500  20.250  1.0000e-07
7.500  20.500  1.0000e-07
7.500  20.750  1.0000e-07
7.500  21.000  1.0000e-07
7.500  21.250  1.0000e-07
7.500  21.500  1.0000e-07
7.500  21.750  1.0000e-07
7.500  22.000  1.0000e-07
7.500  22.250  1.0000e-07
7.500  22.500  1.0000e-07
7.500  22.750  1.0000e-07
7.500  23.000  1.0000e-07
7.500  23.250  1.0000e-07
7.500  23.500  1.0000e-07
7.500  23.750  1.0000e-07
7.500  24.000  1.0000e-07
7.750  17.000  1.5465e-03
7.750  17.250  1.0826e-03
7.750  17.500  7.8412e-04
7.750  17.750  5.6334e-04
7.750  18.000  3.8135e-04
7.750  18.250  2.2911e-04
7.750  18.500  9.7613e-05
7.750  18.750  1.8930e-06
7.750  19.000  1.0000e-07
7.750  19.250  1.0000e-07
7.750  19.500  1.0000e-07
7.750  19.750  1.0000e-07
7.750  20.000  1.0000e-07
7.750  20.250  1.0000e-07
7.750  20.500  1.0000e-07
7.750  20.750  1.0000e-07
7.750  21.000  1.0000e-07
7.750  21.250  1.0000e-07
7.750  21.500  1.0000e-07
7.750  21.750  1.0000e-07
7.750  22.000  1.0000e-07
7.750  22.250  1.0000e-07
7.750  22.500  1.0000e-07
7.750  22.750  1.0000e-07
7.750  23.000  1.0000e-07
7.750  23.250  1.0000e-07
7.750  23.500  1.0000e-07
7.750  23.750  1.0000e-07
7.750  24.000  1.0000e-07
8.000  17.000  2.2434e-03
8.000  17.250  1.5736e-03
8.000  17.500  1.0954e-03
8.000  17.750  7.8634e-04
8.000  18.000  5.5696e-04
8.000  18.250  3.7592e-04
8.000  18.500  2.2840e-04
8.000  18.750  9.9588e-05
8.000  19.000  1.8930e-06
8.000  19.250  1.0000e-07
8.000  19.500  1.0000e-07
8.000  19.750  1.0000e-07
8.000  20.000  1.0000e-07
8.000  20.250  1.0000e-07
8.000  20.500  1.0000e-07
8.000  20.750  1.0000e-07
8.000  21.000  1.0000e-07
8.000  21.250  1.0000e-07
8.000  21.500  1.0000e-07
8.000  21.750  1.0000e-07
8.000  22.000  1.0000e-07
8.000  22.250  1.0000e-07
8.000  22.500  1.0000e-07
8.000  22.750  1.0000e-07
8.000  23.000  1.0000e-07
8.000  23.250  1.0000e-07
8.000  23.500  1.0000e-07
8.000  23.750  1.0000e-07
8.000  24.000  1.0000e-07
8.250  17.000  3.1253e-03
8.250  17.250  2.2993e-03
8.250  17.500  1.6136e-03
8.250  17.750  1.1240e-03
8.250  18.000  8.1185e-04
8.250  18.250  8.0980e-04
8.250  18.500  8.7444e-04
8.250  18.750  6.4971e-04
8.250  19.000  9.3416e-05
8.250  19.250  1.8930e-06
8.250  19.500  1.0000e-07
8.250  19.750  1.0000e-07
8.250  20.000  1.0000e-07
8.250  20.250  1.0000e-07
8.250  20.500  1.0000e-07
8.250  20.750  1.0000e-07
8.250  21.000  1.0000e-07
8.250  21.250  1.0000e-07
8.250  21.500  1.0000e-07
8.250  21.750  1.0000e-07
8.250  22.000  1.0000e-07
8.250  22.250  1.0000e-07
8.250  22.500  1.0000e-07
8.250  22.750  1.0000e-07
8.250  23.000  1.0000e-07
8.250  23.250  1.0000e-07
8.250  23.500  1.0000e-07
8.250  23.750  1.0000e-07
8.250  24.000  1.0000e-07
8.500  17.000  3.9913e-03
8.500  17.250  3.1916e-03
8.500  17.500  2.3472e-03
8.500  17.750  1.6495e-03
8.500  18.000  1.1574e-03
8.500  18.250  1.1151e-03
8.500  18.500  1.3033e-03
8.500  18.750  1.3617e-03
8.500  19.000  9.3004e-04
8.500  19.250  8.5679e-05
8.500  19.500  1.8930e-06
8.500  19.750  1.0000e-07
8.500  20.000  1.0000e-07
8.500  20.250  1.0000e-07
8.500  20.500  1.0000e-07
8.500  20.750  1.0000e-07
8.500  21.000  1.0000e-07
8.500  21.250  1.0000e-07
8.500  21.500  1.0000e-07
8.500  21.750  1.0000e-07
8.500  22.000  1.0000e-07
8.500  22.250  1.0000e-07
8.500  22.500  1.0000e-07
8.500  22.750  1.0000e-07
8.500  23.000  1.0000e-07
8.500  23.250  1.0000e-07
8.500  23.500  1.0000e-07
8.500  23.750  1.0000e-07
8.500  24.000  1.0000e-07
8.750  17.000  4.5232e-03
8.750  17.250  4.0434e-03
8.750  17.500  3.2307e-03
8.750  17.750  2.3811e-03
8.750  18.000  1.6838e-03
8.750  18.250  1.1965e-03
8.750  18.500  8.3277e-04
8.750  18.750  5.5470e-04
8.750  19.000  3.4657e-04
8.750  19.250  1.9265e-04
8.750  19.500  7.7202e-05
8.750  19.750  1.8930e-06
8.750  20.000  1.0000e-07
8.750  20.250  1.0000e-07
8.750  20.500  1.0000e-07
8.750  20.750  1.0000e-07
8.750  21.000  1.0000e-07
8.750  21.250  1.0000e-07
8.750  21.500  1.0000e-07
8.750  21.750  1.0000e-07
8.750  22.000  1.0000e-07
8.750  22.250  1.0000e-07
8.750  22.500  1.0000e-07
8.750  22.750  1.0000e-07
8.750  23.000  1.0000e-07
8.750  23.250  1.0000e-07
8.750  23.500  1.0000e-07
8.750  23.750  1.0000e-07
8.750  24.000  1.0000e-07
9.000  17.000  4.4057e-03
9.000  17.250  4.5059e-03
9.000  17.500  4.0269e-03
9.000  17.750  3.2251e-03
9.000  18.000  2.3905e-03
9.000  18.250  1.7106e-03
9.000  18.500  1.6504e-03
9.000  18.750  1.9687e-03
9.000  19.000  2.2138e-03
9.000  19.250  1.9342e-03
9.000  19.500  9.3747e-04
9.000  19.750  6.7819e-05
9.000  20.000  1.8107e-06
9.000  20.250  1.0000e-07
9.000  20.500  1.0000e-07
9.000  20.750  1.0000e-07
9.000  21.000  1.0000e-07
9.000  21.250  1.0000e-07
9.000  21.500  1.0000e-07
9.000  21.750  1.0000e-07
9.000  22.000  1.0000e-07
9.000  22.250  1.0000e-07
9.000  22.500  1.0000e-07
9.000  22.750  1.0000e-07
9.000  23.000  1.0000e-07
9.000  23.250  1.0000e-07
9.000  23.500  1.0000e-07
9.000  23.750  1.0000e-07
9.000  24.000  1.0000e-07
9.250  17.000  3.5623e-03
9.250  17.250  4.2671e-03
9.250  17.500  4.3711e-03
9.250  17.750  3.9140e-03
9.250  18.000  3.1468e-03
9.250  18.250  2.3602e-03
9.250  18.500  2.3701e-03
9.250  18.750  2.9749e-03
9.250  19.000  3.6628e-03
9.250  19.250  3.9223e-03
9.250  19.500  3.2416e-03
9.250  19.750  1.4900e-03
9.250  20.000  6.0082e-05
9.250  20.250  1.8107e-06
9.250  20.500  1.0000e-07
9.250  20.750  1.0000e-07
9.250  21.000  1.0000e-07
9.250  21.250  1.0000e-07
9.250  21.500  1.0000e-07
9.250  21.750  1.0000e-07
9.250  22.000  1.0000e-07
9.250  22.250  1.0000e-07
9.250  22.500  1.0000e-07
9.250  22.750  1.0000e-07
9.250  23.000  1.0000e-07
9.250  23.250  1.0000e-07
9.250  23.500  1.0000e-07
9.250  23.750  1.0000e-07
9.250  24.000  1.0000e-07
9.500  17.000  2.2734e-03
9.500  17.250  3.3115e-03
9.500  17.500  3.9926e-03
9.500  17.750  4.0979e-03
9.500  18.000  3.6809e-03
9.500  18.250  2.9919e-03
9.500  18.500  2.2964e-03
9.500  18.750  3.0101e-03
9.500  19.000  4.7859e-03
9.500  19.250  6.7213e-03
9.500  19.500  7.9138e-03
9.500  19.750  7.4610e-03
9.500  20.000  4.4603e-03
9.500  20.250  5.2675e-05
9.500  20.500  1.6461e-06
9.500  20.750  1.0000e-07
9.500  21.000  1.0000e-07
9.500  21.250  1.0000e-07
9.500  21.500  1.0000e-07
9.500  21.750  1.0000e-07
9.500  22.000  1.0000e-07
9.500  22.250  1.0000e-07
9.500  22.500  1.0000e-07
9.500  22.750  1.0000e-07
9.500  23.000  1.0000e-07
9.500  23.250  1.0000e-07
9.500  23.500  1.0000e-07
9.500  23.750  1.0000e-07
9.500  24.000  1.0000e-07
9.750  17.000  1.0432e-03
9.750  17.250  2.0002e-03
9.750  17.500  2.9515e-03
9.750  17.750  3.5777e-03
9.750  18.000  3.6867e-03
9.750  18.250  3.3365e-03
9.750  18.500  2.7377e-03
9.750  18.750  3.2022e-03
9.750  19.000  4.5894e-03
9.750  19.250  6.2922e-03
9.750  19.500  7.7036e-03
9.750  19.750  8.2167e-03
9.750  20.000  7.2243e-03
9.750  20.250  4.1196e-03
9.750  20.500  4.7160e-05
9.750  20.750  1.5638e-06
9.750  21.000  1.0000e-07
9.750  21.250  1.0000e-07
9.750  21.500  1.0000e-07
9.750  21.750  1.0000e-07
9.750  22.000  1.0000e-07
9.750  22.250  1.0000e-07
9.750  22.500  1.0000e-07
9.750  22.750  1.0000e-07
9.750  23.000  1.0000e-07
9.750  23.250  1.0000e-07
9.750  23.500  1.0000e-07
9.750  23.750  1.0000e-07
9.750  24.000  1.0000e-07
10.000  17.000  2.9399e-04
10.000  17.250  8.5819e-04
10.000  17.500  1.6786e-03
10.000  17.750  2.4988e-03
10.000  18.000  3.0474e-03
10.000  18.250  3.1469e-03
10.000  18.500  2.8318e-03
10.000  18.750  2.3552e-03
10.000  19.000  2.7684e-03
10.000  19.250  3.9382e-03
10.000  19.500  5.3597e-03
10.000  19.750  6.5280e-03
10.000  20.000  6.9383e-03
10.000  20.250  6.0859e-03
10.000  20.500  3.4658e-03
10.000  20.750  4.1564e-05
10.000  21.000  1.3169e-06
10.000  21.250  1.0000e-07
10.000  21.500  1.0000e-07
10.000  21.750  1.0000e-07
10.000  22.000  1.0000e-07
10.000  22.250  1.0000e-07
10.000  22.500  1.0000e-07
10.000  22.750  1.0000e-07
10.000  23.000  1.0000e-07
10.000  23.250  1.0000e-07
10.000  23.500  1.0000e-07
10.000  23.750  1.0000e-07
10.000  24.000  1.0000e-07
10.250  17.000  4.7243e-05
10.250  17.250  2.1951e-04
10.250  17.500  6.7449e-04
10.250  17.750  1.3309e-03
10.250  18.000  1.9974e-03
10.250  18.250  2.4212e-03
10.250  18.500  2.4580e-03
10.250  18.750  2.2125e-03
10.250  19.000  2.4377e-03
10.250  19.250  3.1224e-03
10.250  19.500  4.0082e-03
10.250  19.750  4.8369e-03
10.250  20.000  5.3500e-03
10.250  20.250  5.2893e-03
10.250  20.500  4.3963e-03
10.250  20.750  2.4128e-03
10.250  21.000  3.4486e-05
10.250  21.250  1.0700e-06
10.250  21.500  1.0000e-07
10.250  21.750  1.0000e-07
10.250  22.000  1.0000e-07
10.250  22.250  1.0000e-07
10.250  22.500  1.0000e-07
10.250  22.750  1.0000e-07
10.250  23.000  1.0000e-07
10.250  23.250  1.0000e-07
10.250  23.500  1.0000e-07
10.250  23.750  1.0000e-07
10.250  24.000  1.0000e-07
10.500  17.000  6.0082e-06
10.500  17.250  3.3992e-05
10.500  17.500  1.6296e-04
10.500  17.750  5.0453e-04
10.500  18.000  9.9885e-04
10.500  18.250  1.4712e-03
10.500  18.500  1.7390e-03
10.500  18.750  1.7495e-03
10.500  19.000  1.5854e-03
10.500  19.250  1.7655e-03
10.500  19.500  2.2750e-03
10.500  19.750  2.9266e-03
10.500  20.000  3.5329e-03
10.500  20.250  3.9068e-03
10.500  20.500  3.8610e-03
10.500  20.750  3.2081e-03
10.500  21.000  1.7610e-03
10.500  21.250  2.6667e-05
10.500  21.500  1.0000e-07
10.500  21.750  1.0000e-07
10.500  22.000  1.0000e-07
10.500  22.250  1.0000e-07
10.500  22.500  1.0000e-07
10.500  22.750  1.0000e-07
10.500  23.000  1.0000e-07
10.500  23.250  1.0000e-07
10.500  23.500  1.0000e-07
10.500  23.750  1.0000e-07
10.500  24.000  1.0000e-07
10.750  17.000  1.0000e-07
10.750  17.250  4.0329e-06
10.750  17.500  2.4198e-05
10.750  17.750  1.2066e-04
10.750  18.000  3.6222e-04
10.750  18.250  6.9128e-04
10.750  18.500  9.8412e-04
10.750  18.750  1.1441e-03
10.750  19.000  1.1497e-03
10.750  19.250  1.0524e-03
10.750  19.500  1.2260e-03
10.750  19.750  1.6521e-03
10.750  20.000  2.1851e-03
10.750  20.250  2.6796e-03
10.750  20.500  2.9899e-03
10.750  20.750  2.9707e-03
10.750  21.000  2.4763e-03
10.750  21.250  1.3612e-03
10.750  21.500  1.9177e-05
10.750  21.750  1.0000e-07
10.750  22.000  1.0000e-07
10.750  22.250  1.0000e-07
10.750  22.500  1.0000e-07
10.750  22.750  1.0000e-07
10.750  23.000  1.0000e-07
10.750  23.250  1.0000e-07
10.750  23.500  1.0000e-07
10.750  23.750  1.0000e-07
10.750  24.000  1.0000e-07
11.000  17.000  1.0000e-07
11.000  17.250  1.0000e-07
11.000  17.500  2.7984e-06
11.000  17.750  1.7942e-05
11.000  18.000  8.6914e-05
11.000  18.250  2.4016e-04
11.000  18.500  4.3909e-04
11.000  18.750  6.1383e-04
11.000  19.000  7.1004e-04
11.000  19.250  7.1942e-04
11.000  19.500  6.6601e-04
11.000  19.750  5.8560e-04
11.000  20.000  7.2642e-04
11.000  20.250  1.0510e-03
11.000  20.500  1.4304e-03
11.000  20.750  1.7352e-03
11.000  21.000  1.8366e-03
11.000  21.250  1.6053e-03
11.000  21.500  9.1218e-04
11.000  21.750  1.1852e-05
11.000  22.000  1.0000e-07
11.000  22.250  1.0000e-07
11.000  22.500  1.0000e-07
11.000  22.750  1.0000e-07
11.000  23.000  1.0000e-07
11.000  23.250  1.0000e-07
11.000  23.500  1.0000e-07
11.000  23.750  1.0000e-07
11.000  24.000  1.0000e-07
11.250  17.000  1.0000e-07
11.250  17.250  1.0000e-07
11.250  17.500  1.0000e-07
11.250  17.750  2.0576e-06
11.250  18.000  1.3251e-05
11.250  18.250  5.7119e-05
11.250  18.500  1.4807e-04
11.250  18.750  2.6593e-04
11.250  19.000  3.6840e-04
11.250  19.250  4.2815e-04
11.250  19.500  4.4165e-04
11.250  19.750  4.1638e-04
11.250  20.000  3.6823e-04
11.250  20.250  4.6262e-04
11.250  20.500  6.7649e-04
11.250  20.750  9.2569e-04
11.250  21.000  1.1260e-03
11.250  21.250  1.1934e-03
11.250  21.500  1.0436e-03
11.250  21.750  5.9243e-04
11.250  22.000  6.2551e-06
11.250  22.250  1.0000e-07
11.250  22.500  1.0000e-07
11.250  22.750  1.0000e-07
11.250  23.000  1.0000e-07
11.250  23.250  1.0000e-07
11.250  23.500  1.0000e-07
11.250  23.750  1.0000e-07
11.250  24.000  1.0000e-07
11.500  17.000  1.0000e-07
11.500  17.250  1.0000e-07
11.500  17.500  1.0000e-07
11.500  17.750  1.0000e-07
11.500  18.000  1.5638e-06
11.500  18.250  8.8889e-06
11.500  18.500  3.4733e-05
11.500  18.750  8.8066e-05
11.500  19.000  1.5761e-04
11.500  19.250  2.1844e-04
11.500  19.500  2.5827e-04
11.500  19.750  2.7407e-04
11.500  20.000  2.6370e-04
11.500  20.250  2.3416e-04
11.500  20.500  2.8634e-04
11.500  20.750  4.0810e-04
11.500  21.000  5.5044e-04
11.500  21.250  6.6438e-04
11.500  21.500  7.0090e-04
11.500  21.750  6.1103e-04
11.500  22.000  3.4576e-04
11.500  22.250  2.7160e-06
11.500  22.500  1.0000e-07
11.500  22.750  1.0000e-07
11.500  23.000  1.0000e-07
11.500  23.250  1.0000e-07
11.500  23.500  1.0000e-07
11.500  23.750  1.0000e-07
11.500  24.000  1.0000e-07
11.750  17.000  1.0000e-07
11.750  17.250  1.0000e-07
11.750  17.500  1.0000e-07
11.750  17.750  1.0000e-07
11.750  18.000  1.0000e-07
11.750  18.250  1.0700e-06
11.750  18.500  5.4321e-06
11.750  18.750  2.0494e-05
11.750  19.000  5.2016e-05
11.750  19.250  9.3498e-05
11.750  19.500  1.3086e-04
11.750  19.750  1.5918e-04
11.750  20.000  1.7383e-04
11.750  20.250  1.6988e-04
11.750  20.500  1.5160e-04
11.750  20.750  1.7388e-04
11.750  21.000  2.3144e-04
11.750  21.250  2.9943e-04
11.750  21.500  3.5298e-04
11.750  21.750  3.6724e-04
11.750  22.000  3.1734e-04
11.750  22.250  1.7844e-04
11.750  22.500  1.0700e-06
11.750  22.750  1.0000e-07
11.750  23.000  1.0000e-07
11.750  23.250  1.0000e-07
11.750  23.500  1.0000e-07
11.750  23.750  1.0000e-07
11.750  24.000  1.0000e-07
12.000  17.000  1.0000e-07
12.000  17.250  1.0000e-07
12.000  17.500  1.0000e-07
12.000  17.750  1.0000e-07
12.000  18.000  1.0000e-07
12.000  18.250  1.0000e-07
12.000  18.500  1.0000e-07
12.000  18.750  3.2922e-06
12.000  19.000  1.2181e-05
12.000  19.250  3.1111e-05
12.000  19.500  5.6461e-05
12.000  19.750  8.0494e-05
12.000  20.000  1.0099e-04
12.000  20.250  1.1300e-04
12.000  20.500  1.1160e-04
12.000  20.750  9.9259e-05
12.000  21.000  8.3128e-05
12.000  21.250  1.5048e-04
12.000  21.500  2.7245e-04
12.000  21.750  3.8334e-04
12.000  22.000  4.1747e-04
12.000  22.250  3.0914e-04
12.000  22.500  8.1152e-05
12.000  22.750  1.0000e-07
12.000  23.000  1.0000e-07
12.000  23.250  1.0000e-07
12.000  23.500  1.0000e-07
12.000  23.750  1.0000e-07
12.000  24.000  1.0000e-07
12.250  17.000  1.0000e-07
12.250  17.250  1.0000e-07
12.250  17.500  1.0000e-07
12.250  17.750  1.0000e-07
12.250  18.000  1.0000e-07
12.250  18.250  1.0000e-07
12.250  18.500  1.0000e-07
12.250  18.750  1.0000e-07
12.250  19.000  1.9753e-06
12.250  19.250  7.4074e-06
12.250  19.500  1.9259e-05
12.250  19.750  3.5144e-05
12.250  20.000  5.1193e-05
12.250  20.250  6.5926e-05
12.250  20.500  7.4733e-05
12.250  20.750  7.4321e-05
12.250  21.000  6.6667e-05
12.250  21.250  5.4979e-05
12.250  21.500  1.0822e-04
12.250  21.750  2.0301e-04
12.250  22.000  2.8654e-04
12.250  22.250  3.0597e-04
12.250  22.500  2.0848e-04
12.250  22.750  2.6008e-05
12.250  23.000  1.0000e-07
12.250  23.250  1.0000e-07
12.250  23.500  1.0000e-07
12.250  23.750  1.0000e-07
12.250  24.000  1.0000e-07
12.500  17.000  1.0000e-07
12.500  17.250  1.0000e-07
12.500  17.500  1.0000e-07
12.500  17.750  1.0000e-07
12.500  18.000  1.0000e-07
12.500  18.250  1.0000e-07
12.500  18.500  1.0000e-07
12.500  18.750  1.0000e-07
12.500  19.000  1.0000e-07
12.500  19.250  1.2346e-06
12.500  19.500  4.7737e-06
12.500  19.750  1.2346e-05
12.500  20.000  2.2551e-05
12.500  20.250  3.3580e-05
12.500  20.500  4.3951e-05
12.500  20.750  5.0288e-05
12.500  21.000  5.0700e-05
12.500  21.250  4.5679e-05
12.500  21.500  7.8794e-05
12.500  21.750  1.4058e-04
12.500  22.000  2.0433e-04
12.500  22.250  2.4329e-04
12.500  22.500  2.3076e-04
12.500  22.750  1.4000e-04
12.500  23.000  5.2675e-06
12.500  23.250  1.0000e-07
12.500  23.500  1.0000e-07
12.500  23.750  1.0000e-07
12.500  24.000  1.0000e-07
12.750  17.000  1.0000e-07
12.750  17.250  1.0000e-07
12.750  17.500  1.0000e-07
12.750  17.750  1.0000e-07
12.750  18.000  1.0000e-07
12.750  18.250  1.0000e-07
12.750  18.500  1.0000e-07
12.750  18.750  1.0000e-07
12.750  19.000  1.0000e-07
12.750  19.250  1.0000e-07
12.750  19.500  8.2305e-07
12.750  19.750  3.1276e-06
12.750  20.000  7.9835e-06
12.750  20.250  1.4815e-05
12.750  20.500  2.2387e-05
12.750  20.750  2.9547e-05
12.750  21.000  3.4733e-05
12.750  21.250  3.5391e-05
12.750  21.500  3.1852e-05
12.750  21.750  5.1591e-05
12.750  22.000  8.8922e-05
12.750  22.250  1.2738e-04
12.750  22.500  1.5051e-04
12.750  22.750  1.4185e-04
12.750  23.000  8.4938e-05
12.750  23.250  1.5638e-06
12.750  23.500  1.0000e-07
12.750  23.750  1.0000e-07
12.750  24.000  1.0000e-07
13.000  17.000  1.0000e-07
13.000  17.250  1.0000e-07
13.000  17.500  1.0000e-07
13.000  17.750  1.0000e-07
13.000  18.000  1.0000e-07
13.000  18.250  1.0000e-07
13.000  18.500  1.0000e-07
13.000  18.750  1.0000e-07
13.000  19.000  1.0000e-07
13.000  19.250  1.0000e-07
13.000  19.500  1.0000e-07
13.000  19.750  1.0000e-07
13.000  20.000  2.0576e-06
13.000  20.250  5.1852e-06
13.000  20.500  9.7942e-06
13.000  20.750  1.5144e-05
13.000  21.000  2.0412e-05
13.000  21.250  2.4280e-05
13.000  21.500  2.5432e-05
13.000  21.750  2.2881e-05
13.000  22.000  3.1040e-05
13.000  22.250  4.8200e-05
13.000  22.500  6.7231e-05
13.000  22.750  8.1004e-05
13.000  23.000  8.2387e-05
13.000  23.250  5.7037e-05
13.000  23.500  1.0000e-07
13.000  23.750  1.0000e-07
13.000  24.000  1.0000e-07
13.250  17.000  1.0000e-07
13.250  17.250  1.0000e-07
13.250  17.500  1.0000e-07
13.250  17.750  1.0000e-07
13.250  18.000  1.0000e-07
13.250  18.250  1.0000e-07
13.250  18.500  1.0000e-07
13.250  18.750  1.0000e-07
13.250  19.000  1.0000e-07
13.250  19.250  1.0000e-07
13.250  19.500  1.0000e-07
13.250  19.750  1.0000e-07
13.250  20.000  1.0000e-07
13.250  20.250  1.3169e-06
13.250  20.500  3.2922e-06
13.250  20.750  6.3374e-06
13.250  21.000  1.0123e-05
13.250  21.250  1.3992e-05
13.250  21.500  1.6708e-05
13.250  21.750  1.7531e-05
13.250  22.000  1.6296e-05
13.250  22.250  2.4600e-05
13.250  22.500  4.0353e-05
13.250  22.750  5.6957e-05
13.250  23.000  6.7817e-05
13.250  23.250  6.6337e-05
13.250  23.500  4.2963e-05
13.250  23.750  1.0000e-07
13.250  24.000  1.0000e-07
13.500  17.000  1.0000e-07
13.500  17.250  1.0000e-07
13.500  17.500  1.0000e-07
13.500  17.750  1.0000e-07
13.500  18.000  1.0000e-07
13.500  18.250  1.0000e-07
13.500  18.500  1.0000e-07
13.500  18.750  1.0000e-07
13.500  19.000  1.0000e-07
13.500  19.250  1.0000e-07
13.500  19.500  1.0000e-07
13.500  19.750  1.0000e-07
13.500  20.000  1.0000e-07
13.500  20.250  1.0000e-07
13.500  20.500  9.0535e-07
13.500  20.750  2.1399e-06
13.500  21.000  3.9506e-06
13.500  21.250  6.5844e-06
13.500  21.500  8.9712e-06
13.500  21.750  1.1029e-05
13.500  22.000  1.2428e-05
13.500  22.250  1.2099e-05
13.500  22.500  1.2099e-05
13.500  22.750  1.3909e-05
13.500  23.000  2.3210e-05
13.500  23.250  4.6091e-05
13.500  23.500  5.6543e-05
13.500  23.750  3.1029e-05
13.500  24.000  1.0000e-07
13.750  17.000  1.0000e-07
13.750  17.250  1.0000e-07
13.750  17.500  1.0000e-07
13.750  17.750  1.0000e-07
13.750  18.000  1.0000e-07
13.750  18.250  1.0000e-07
13.750  18.500  1.0000e-07
13.750  18.750  1.0000e-07
13.750  19.000  1.0000e-07
13.750  19.250  1.0000e-07
13.750  19.500  1.0000e-07
13.750  19.750  1.0000e-07
13.750  20.000  1.0000e-07
13.750  20.250  1.0000e-07
13.750  20.500  1.0000e-07
13.750  20.750  1.0000e-07
13.750  21.000  1.4815e-06
13.750  21.250  2.7160e-06
13.750  21.500  4.3621e-06
13.750  21.750  6.0082e-06
13.750  22.000  7.5720e-06
13.750  22.250  8.7243e-06
13.750  22.500  9.7119e-06
13.750  22.750  1.0782e-05
13.750  23.000  1.4650e-05
13.750  23.250  2.6337e-05
13.750  23.500  4.6749e-05
13.750  23.750  4.7078e-05
13.750  24.000  2.0658e-05
14.000  17.000  1.0000e-07
14.000  17.250  1.0000e-07
14.000  17.500  1.0000e-07
14.000  17.750  1.0000e-07
14.000  18.000  1.0000e-07
14.000  18.250  1.0000e-07
14.000  18.500  1.0000e-07
14.000  18.750  1.0000e-07
14.000  19.000  1.0000e-07
14.000  19.250  1.0000e-07
14.000  19.500  1.0000e-07
14.000  19.750  1.0000e-07
14.000  20.000  1.0000e-07
14.000  20.250  1.0000e-07
14.000  20.500  1.0000e-07
14.000  20.750  1.0000e-07
14.000  21.000  1.0000e-07
14.000  21.250  1.0700e-06
14.000  21.500  1.9753e-06
14.000  21.750  3.1276e-06
14.000  22.000  4.3621e-06
14.000  22.250  5.6790e-06
14.000  22.500  6.9959e-06
14.000  22.750  8.4774e-06
14.000  23.000  1.0782e-05
14.000  23.250  1.6296e-05
14.000  23.500  2.8395e-05
14.000  23.750  4.5021e-05
14.000  24.000  3.5062e-05
