Fe 3 1125.79A  relative to Inci 1215.00A scaled to 1215A.
Hden   Phi(H)  Eq_Width (A)
7.000  17.000  1.3778e-04
7.000  17.250  1.6082e-04
7.000  17.500  1.5547e-04
7.000  17.750  2.3704e-05
7.000  18.000  1.2510e-05
7.000  18.250  1.0000e-07
7.000  18.500  1.0000e-07
7.000  18.750  1.0000e-07
7.000  19.000  1.0000e-07
7.000  19.250  1.0000e-07
7.000  19.500  1.0000e-07
7.000  19.750  1.0000e-07
7.000  20.000  1.0000e-07
7.000  20.250  1.0000e-07
7.000  20.500  1.0000e-07
7.000  20.750  1.0000e-07
7.000  21.000  1.0000e-07
7.000  21.250  1.0000e-07
7.000  21.500  1.0000e-07
7.000  21.750  1.0000e-07
7.000  22.000  1.0000e-07
7.000  22.250  1.0000e-07
7.000  22.500  1.0000e-07
7.000  22.750  1.0000e-07
7.000  23.000  1.0000e-07
7.000  23.250  1.0000e-07
7.000  23.500  1.0000e-07
7.000  23.750  1.0000e-07
7.000  24.000  1.0000e-07
7.250  17.000  1.1918e-04
7.250  17.250  1.4765e-04
7.250  17.500  1.7490e-04
7.250  17.750  1.6782e-04
7.250  18.000  2.3539e-05
7.250  18.250  1.2181e-05
7.250  18.500  1.0000e-07
7.250  18.750  1.0000e-07
7.250  19.000  1.0000e-07
7.250  19.250  1.0000e-07
7.250  19.500  1.0000e-07
7.250  19.750  1.0000e-07
7.250  20.000  1.0000e-07
7.250  20.250  1.0000e-07
7.250  20.500  1.0000e-07
7.250  20.750  1.0000e-07
7.250  21.000  1.0000e-07
7.250  21.250  1.0000e-07
7.250  21.500  1.0000e-07
7.250  21.750  1.0000e-07
7.250  22.000  1.0000e-07
7.250  22.250  1.0000e-07
7.250  22.500  1.0000e-07
7.250  22.750  1.0000e-07
7.250  23.000  1.0000e-07
7.250  23.250  1.0000e-07
7.250  23.500  1.0000e-07
7.250  23.750  1.0000e-07
7.250  24.000  1.0000e-07
7.500  17.000  1.0280e-04
7.500  17.250  1.2675e-04
7.500  17.500  1.6107e-04
7.500  17.750  1.9514e-04
7.500  18.000  1.8296e-04
7.500  18.250  2.3374e-05
7.500  18.500  1.1934e-05
7.500  18.750  1.0000e-07
7.500  19.000  1.0000e-07
7.500  19.250  1.0000e-07
7.500  19.500  1.0000e-07
7.500  19.750  1.0000e-07
7.500  20.000  1.0000e-07
7.500  20.250  1.0000e-07
7.500  20.500  1.0000e-07
7.500  20.750  1.0000e-07
7.500  21.000  1.0000e-07
7.500  21.250  1.0000e-07
7.500  21.500  1.0000e-07
7.500  21.750  1.0000e-07
7.500  22.000  1.0000e-07
7.500  22.250  1.0000e-07
7.500  22.500  1.0000e-07
7.500  22.750  1.0000e-07
7.500  23.000  1.0000e-07
7.500  23.250  1.0000e-07
7.500  23.500  1.0000e-07
7.500  23.750  1.0000e-07
7.500  24.000  1.0000e-07
7.750  17.000  9.3251e-05
7.750  17.250  1.0823e-04
7.750  17.500  1.3720e-04
7.750  17.750  1.8123e-04
7.750  18.000  2.2477e-04
7.750  18.250  2.0362e-04
7.750  18.500  2.3292e-05
7.750  18.750  1.1687e-05
7.750  19.000  1.0000e-07
7.750  19.250  1.0000e-07
7.750  19.500  1.0000e-07
7.750  19.750  1.0000e-07
7.750  20.000  1.0000e-07
7.750  20.250  1.0000e-07
7.750  20.500  1.0000e-07
7.750  20.750  1.0000e-07
7.750  21.000  1.0000e-07
7.750  21.250  1.0000e-07
7.750  21.500  1.0000e-07
7.750  21.750  1.0000e-07
7.750  22.000  1.0000e-07
7.750  22.250  1.0000e-07
7.750  22.500  1.0000e-07
7.750  22.750  1.0000e-07
7.750  23.000  1.0000e-07
7.750  23.250  1.0000e-07
7.750  23.500  1.0000e-07
7.750  23.750  1.0000e-07
7.750  24.000  1.0000e-07
8.000  17.000  9.1605e-05
8.000  17.250  9.7119e-05
8.000  17.500  1.1556e-04
8.000  17.750  1.5333e-04
8.000  18.000  2.1350e-04
8.000  18.250  2.6897e-04
8.000  18.500  2.3663e-04
8.000  18.750  2.3292e-05
8.000  19.000  1.1523e-05
8.000  19.250  1.0000e-07
8.000  19.500  1.0000e-07
8.000  19.750  1.0000e-07
8.000  20.000  1.0000e-07
8.000  20.250  1.0000e-07
8.000  20.500  1.0000e-07
8.000  20.750  1.0000e-07
8.000  21.000  1.0000e-07
8.000  21.250  1.0000e-07
8.000  21.500  1.0000e-07
8.000  21.750  1.0000e-07
8.000  22.000  1.0000e-07
8.000  22.250  1.0000e-07
8.000  22.500  1.0000e-07
8.000  22.750  1.0000e-07
8.000  23.000  1.0000e-07
8.000  23.250  1.0000e-07
8.000  23.500  1.0000e-07
8.000  23.750  1.0000e-07
8.000  24.000  1.0000e-07
8.250  17.000  9.7778e-05
8.250  17.250  9.4486e-05
8.250  17.500  1.0198e-04
8.250  17.750  1.2642e-04
8.250  18.000  1.7926e-04
8.250  18.250  2.6354e-04
8.250  18.500  3.2337e-04
8.250  18.750  2.8058e-04
8.250  19.000  2.3128e-05
8.250  19.250  1.1193e-05
8.250  19.500  1.0000e-07
8.250  19.750  1.0000e-07
8.250  20.000  1.0000e-07
8.250  20.250  1.0000e-07
8.250  20.500  1.0000e-07
8.250  20.750  1.0000e-07
8.250  21.000  1.0000e-07
8.250  21.250  1.0000e-07
8.250  21.500  1.0000e-07
8.250  21.750  1.0000e-07
8.250  22.000  1.0000e-07
8.250  22.250  1.0000e-07
8.250  22.500  1.0000e-07
8.250  22.750  1.0000e-07
8.250  23.000  1.0000e-07
8.250  23.250  1.0000e-07
8.250  23.500  1.0000e-07
8.250  23.750  1.0000e-07
8.250  24.000  1.0000e-07
8.500  17.000  1.1235e-04
8.500  17.250  1.0016e-04
8.500  17.500  9.8025e-05
8.500  17.750  1.0930e-04
8.500  18.000  1.4420e-04
8.500  18.250  2.2000e-04
8.500  18.500  3.2947e-04
8.500  18.750  3.8922e-04
8.500  19.000  3.1095e-04
8.500  19.250  2.2963e-05
8.500  19.500  1.0947e-05
8.500  19.750  1.0000e-07
8.500  20.000  1.0000e-07
8.500  20.250  1.0000e-07
8.500  20.500  1.0000e-07
8.500  20.750  1.0000e-07
8.500  21.000  1.0000e-07
8.500  21.250  1.0000e-07
8.500  21.500  1.0000e-07
8.500  21.750  1.0000e-07
8.500  22.000  1.0000e-07
8.500  22.250  1.0000e-07
8.500  22.500  1.0000e-07
8.500  22.750  1.0000e-07
8.500  23.000  1.0000e-07
8.500  23.250  1.0000e-07
8.500  23.500  1.0000e-07
8.500  23.750  1.0000e-07
8.500  24.000  1.0000e-07
8.750  17.000  1.3712e-04
8.750  17.250  1.1457e-04
8.750  17.500  1.6287e-04
8.750  17.750  2.6994e-04
8.750  18.000  4.0295e-04
8.750  18.250  5.2909e-04
8.750  18.500  6.1552e-04
8.750  18.750  6.2943e-04
8.750  19.000  5.3800e-04
8.750  19.250  3.0840e-04
8.750  19.500  2.2798e-05
8.750  19.750  1.0700e-05
8.750  20.000  1.0000e-07
8.750  20.250  1.0000e-07
8.750  20.500  1.0000e-07
8.750  20.750  1.0000e-07
8.750  21.000  1.0000e-07
8.750  21.250  1.0000e-07
8.750  21.500  1.0000e-07
8.750  21.750  1.0000e-07
8.750  22.000  1.0000e-07
8.750  22.250  1.0000e-07
8.750  22.500  1.0000e-07
8.750  22.750  1.0000e-07
8.750  23.000  1.0000e-07
8.750  23.250  1.0000e-07
8.750  23.500  1.0000e-07
8.750  23.750  1.0000e-07
8.750  24.000  1.0000e-07
9.000  17.000  1.7481e-04
9.000  17.250  1.3984e-04
9.000  17.500  1.6381e-04
9.000  17.750  2.3987e-04
9.000  18.000  3.4471e-04
9.000  18.250  4.5502e-04
9.000  18.500  5.4748e-04
9.000  18.750  5.9880e-04
9.000  19.000  5.8565e-04
9.000  19.250  4.8474e-04
9.000  19.500  2.7276e-04
9.000  19.750  2.2551e-05
9.000  20.000  1.0453e-05
9.000  20.250  1.0000e-07
9.000  20.500  1.0000e-07
9.000  20.750  1.0000e-07
9.000  21.000  1.0000e-07
9.000  21.250  1.0000e-07
9.000  21.500  1.0000e-07
9.000  21.750  1.0000e-07
9.000  22.000  1.0000e-07
9.000  22.250  1.0000e-07
9.000  22.500  1.0000e-07
9.000  22.750  1.0000e-07
9.000  23.000  1.0000e-07
9.000  23.250  1.0000e-07
9.000  23.500  1.0000e-07
9.000  23.750  1.0000e-07
9.000  24.000  1.0000e-07
9.250  17.000  2.2626e-04
9.250  17.250  1.7918e-04
9.250  17.500  1.4288e-04
9.250  17.750  1.2000e-04
9.250  18.000  1.7233e-04
9.250  18.250  2.8596e-04
9.250  18.500  4.2235e-04
9.250  18.750  5.4294e-04
9.250  19.000  6.0919e-04
9.250  19.250  5.8254e-04
9.250  19.500  4.2444e-04
9.250  19.750  1.6230e-04
9.250  20.000  2.2469e-05
9.250  20.250  1.0206e-05
9.250  20.500  1.0000e-07
9.250  20.750  1.0000e-07
9.250  21.000  1.0000e-07
9.250  21.250  1.0000e-07
9.250  21.500  1.0000e-07
9.250  21.750  1.0000e-07
9.250  22.000  1.0000e-07
9.250  22.250  1.0000e-07
9.250  22.500  1.0000e-07
9.250  22.750  1.0000e-07
9.250  23.000  1.0000e-07
9.250  23.250  1.0000e-07
9.250  23.500  1.0000e-07
9.250  23.750  1.0000e-07
9.250  24.000  1.0000e-07
9.500  17.000  2.7778e-04
9.500  17.250  2.3342e-04
9.500  17.500  1.8362e-04
9.500  17.750  1.4568e-04
9.500  18.000  1.9292e-04
9.500  18.250  3.1276e-04
9.500  18.500  4.6601e-04
9.500  18.750  6.1350e-04
9.500  19.000  7.1603e-04
9.500  19.250  7.3442e-04
9.500  19.500  6.2949e-04
9.500  19.750  3.6206e-04
9.500  20.000  2.9630e-05
9.500  20.250  2.2469e-05
9.500  20.500  9.9588e-06
9.500  20.750  1.0000e-07
9.500  21.000  1.0000e-07
9.500  21.250  1.0000e-07
9.500  21.500  1.0000e-07
9.500  21.750  1.0000e-07
9.500  22.000  1.0000e-07
9.500  22.250  1.0000e-07
9.500  22.500  1.0000e-07
9.500  22.750  1.0000e-07
9.500  23.000  1.0000e-07
9.500  23.250  1.0000e-07
9.500  23.500  1.0000e-07
9.500  23.750  1.0000e-07
9.500  24.000  1.0000e-07
9.750  17.000  2.8321e-04
9.750  17.250  2.8765e-04
9.750  17.500  2.4000e-04
9.750  17.750  1.8700e-04
9.750  18.000  1.4700e-04
9.750  18.250  1.7558e-04
9.750  18.500  2.6298e-04
9.750  18.750  3.7826e-04
9.750  19.000  4.9047e-04
9.750  19.250  5.6867e-04
9.750  19.500  5.8190e-04
9.750  19.750  4.9923e-04
9.750  20.000  2.8971e-04
9.750  20.250  2.9300e-05
9.750  20.500  2.2551e-05
9.750  20.750  9.7942e-06
9.750  21.000  1.0000e-07
9.750  21.250  1.0000e-07
9.750  21.500  1.0000e-07
9.750  21.750  1.0000e-07
9.750  22.000  1.0000e-07
9.750  22.250  1.0000e-07
9.750  22.500  1.0000e-07
9.750  22.750  1.0000e-07
9.750  23.000  1.0000e-07
9.750  23.250  1.0000e-07
9.750  23.500  1.0000e-07
9.750  23.750  1.0000e-07
9.750  24.000  1.0000e-07
10.000  17.000  2.0025e-04
10.000  17.250  2.9218e-04
10.000  17.500  2.9588e-04
10.000  17.750  2.4395e-04
10.000  18.000  1.8477e-04
10.000  18.250  1.3646e-04
10.000  18.500  1.4215e-04
10.000  18.750  1.9471e-04
10.000  19.000  2.7129e-04
10.000  19.250  3.4899e-04
10.000  19.500  4.0494e-04
10.000  19.750  4.1626e-04
10.000  20.000  3.6007e-04
10.000  20.250  2.1350e-04
10.000  20.500  2.9465e-05
10.000  20.750  2.2881e-05
10.000  21.000  9.6296e-06
10.000  21.250  1.0000e-07
10.000  21.500  1.0000e-07
10.000  21.750  1.0000e-07
10.000  22.000  1.0000e-07
10.000  22.250  1.0000e-07
10.000  22.500  1.0000e-07
10.000  22.750  1.0000e-07
10.000  23.000  1.0000e-07
10.000  23.250  1.0000e-07
10.000  23.500  1.0000e-07
10.000  23.750  1.0000e-07
10.000  24.000  1.0000e-07
10.250  17.000  9.8436e-05
10.250  17.250  2.0362e-04
10.250  17.500  3.0033e-04
10.250  17.750  2.9975e-04
10.250  18.000  2.3564e-04
10.250  18.250  1.6272e-04
10.250  18.500  1.1753e-04
10.250  18.750  9.8107e-05
10.250  19.000  9.3992e-05
10.250  19.250  9.9012e-05
10.250  19.500  1.1243e-04
10.250  19.750  1.3893e-04
10.250  20.000  1.3294e-04
10.250  20.250  9.8674e-05
10.250  20.500  5.7366e-05
10.250  20.750  2.9877e-05
10.250  21.000  2.3210e-05
10.250  21.250  9.1358e-06
10.250  21.500  1.0000e-07
10.250  21.750  1.0000e-07
10.250  22.000  1.0000e-07
10.250  22.250  1.0000e-07
10.250  22.500  1.0000e-07
10.250  22.750  1.0000e-07
10.250  23.000  1.0000e-07
10.250  23.250  1.0000e-07
10.250  23.500  1.0000e-07
10.250  23.750  1.0000e-07
10.250  24.000  1.0000e-07
10.500  17.000  4.6914e-05
10.500  17.250  1.0025e-04
10.500  17.500  2.0947e-04
10.500  17.750  3.0387e-04
10.500  18.000  2.8543e-04
10.500  18.250  2.0296e-04
10.500  18.500  1.3860e-04
10.500  18.750  1.0650e-04
10.500  19.000  9.4156e-05
10.500  19.250  9.3498e-05
10.500  19.500  9.0745e-05
10.500  19.750  8.3632e-05
10.500  20.000  7.3518e-05
10.500  20.250  6.1762e-05
10.500  20.500  4.9724e-05
10.500  20.750  3.8765e-05
10.500  21.000  3.0535e-05
10.500  21.250  2.3539e-05
10.500  21.500  8.1481e-06
10.500  21.750  1.0000e-07
10.500  22.000  1.0000e-07
10.500  22.250  1.0000e-07
10.500  22.500  1.0000e-07
10.500  22.750  1.0000e-07
10.500  23.000  1.0000e-07
10.500  23.250  1.0000e-07
10.500  23.500  1.0000e-07
10.500  23.750  1.0000e-07
10.500  24.000  1.0000e-07
10.750  17.000  2.7572e-05
10.750  17.250  4.7654e-05
10.750  17.500  1.0329e-04
10.750  17.750  2.1424e-04
10.750  18.000  2.8840e-04
10.750  18.250  2.4675e-04
10.750  18.500  1.7333e-04
10.750  18.750  1.2535e-04
10.750  19.000  1.0247e-04
10.750  19.250  9.4486e-05
10.750  19.500  9.6461e-05
10.750  19.750  9.4883e-05
10.750  20.000  8.7744e-05
10.750  20.250  7.6832e-05
10.750  20.500  6.3936e-05
10.750  20.750  5.0843e-05
10.750  21.000  3.9342e-05
10.750  21.250  3.1276e-05
10.750  21.500  2.3621e-05
10.750  21.750  5.5967e-06
10.750  22.000  1.0000e-07
10.750  22.250  1.0000e-07
10.750  22.500  1.0000e-07
10.750  22.750  1.0000e-07
10.750  23.000  1.0000e-07
10.750  23.250  1.0000e-07
10.750  23.500  1.0000e-07
10.750  23.750  1.0000e-07
10.750  24.000  1.0000e-07
11.000  17.000  1.9671e-05
11.000  17.250  2.8230e-05
11.000  17.500  4.9218e-05
11.000  17.750  1.0650e-04
11.000  18.000  2.0527e-04
11.000  18.250  2.5350e-04
11.000  18.500  2.1358e-04
11.000  18.750  1.5580e-04
11.000  19.000  1.1868e-04
11.000  19.250  1.0099e-04
11.000  19.500  9.5885e-05
11.000  19.750  9.1483e-05
11.000  20.000  8.5263e-05
11.000  20.250  7.7598e-05
11.000  20.500  6.8859e-05
11.000  20.750  5.9419e-05
11.000  21.000  4.9648e-05
11.000  21.250  3.9918e-05
11.000  21.500  3.1852e-05
11.000  21.750  2.3374e-05
11.000  22.000  1.0000e-07
11.000  22.250  1.0000e-07
11.000  22.500  1.0000e-07
11.000  22.750  1.0000e-07
11.000  23.000  1.0000e-07
11.000  23.250  1.0000e-07
11.000  23.500  1.0000e-07
11.000  23.750  1.0000e-07
11.000  24.000  1.0000e-07
11.250  17.000  1.5391e-05
11.250  17.250  2.0329e-05
11.250  17.500  2.9300e-05
11.250  17.750  5.1029e-05
11.250  18.000  1.0379e-04
11.250  18.250  1.8403e-04
11.250  18.500  2.2296e-04
11.250  18.750  1.9317e-04
11.250  19.000  1.4667e-04
11.250  19.250  1.1630e-04
11.250  19.500  1.0189e-04
11.250  19.750  1.1519e-04
11.250  20.000  1.4881e-04
11.250  20.250  1.8889e-04
11.250  20.500  2.2159e-04
11.250  20.750  2.3308e-04
11.250  21.000  2.0951e-04
11.250  21.250  1.3704e-04
11.250  21.500  4.0658e-05
11.250  21.750  3.2181e-05
11.250  22.000  2.2634e-05
11.250  22.250  1.0000e-07
11.250  22.500  1.0000e-07
11.250  22.750  1.0000e-07
11.250  23.000  1.0000e-07
11.250  23.250  1.0000e-07
11.250  23.500  1.0000e-07
11.250  23.750  1.0000e-07
11.250  24.000  1.0000e-07
11.500  17.000  1.2181e-05
11.500  17.250  1.6049e-05
11.500  17.500  2.1235e-05
11.500  17.750  3.0288e-05
11.500  18.000  5.0782e-05
11.500  18.250  9.5473e-05
11.500  18.500  1.6395e-04
11.500  18.750  2.0313e-04
11.500  19.000  1.8313e-04
11.500  19.250  1.4469e-04
11.500  19.500  1.1860e-04
11.500  19.750  1.0535e-04
11.500  20.000  1.0058e-04
11.500  20.250  1.0173e-04
11.500  20.500  1.0691e-04
11.500  20.750  1.1276e-04
11.500  21.000  1.1745e-04
11.500  21.250  1.1704e-04
11.500  21.500  1.0848e-04
11.500  21.750  4.1399e-05
11.500  22.000  3.2346e-05
11.500  22.250  2.1070e-05
11.500  22.500  1.0000e-07
11.500  22.750  1.0000e-07
11.500  23.000  1.0000e-07
11.500  23.250  1.0000e-07
11.500  23.500  1.0000e-07
11.500  23.750  1.0000e-07
11.500  24.000  1.0000e-07
11.750  17.000  9.2181e-06
11.750  17.250  1.2840e-05
11.750  17.500  1.6790e-05
11.750  17.750  2.2058e-05
11.750  18.000  3.0782e-05
11.750  18.250  4.8560e-05
11.750  18.500  8.6749e-05
11.750  18.750  1.5021e-04
11.750  19.000  1.9407e-04
11.750  19.250  1.8263e-04
11.750  19.500  1.4988e-04
11.750  19.750  1.2584e-04
11.750  20.000  1.1136e-04
11.750  20.250  1.0313e-04
11.750  20.500  9.9753e-05
11.750  20.750  9.8848e-05
11.750  21.000  9.9424e-05
11.750  21.250  9.9177e-05
11.750  21.500  9.5720e-05
11.750  21.750  9.1605e-05
11.750  22.000  4.2469e-05
11.750  22.250  3.2263e-05
11.750  22.500  1.8189e-05
11.750  22.750  1.0000e-07
11.750  23.000  1.0000e-07
11.750  23.250  1.0000e-07
11.750  23.500  1.0000e-07
11.750  23.750  1.0000e-07
11.750  24.000  1.0000e-07
12.000  17.000  6.3374e-06
12.000  17.250  9.7942e-06
12.000  17.500  1.3416e-05
12.000  17.750  1.7284e-05
12.000  18.000  2.2469e-05
12.000  18.250  3.0617e-05
12.000  18.500  4.6008e-05
12.000  18.750  8.0576e-05
12.000  19.000  1.4403e-04
12.000  19.250  1.9572e-04
12.000  19.500  1.9226e-04
12.000  19.750  1.6370e-04
12.000  20.000  1.4000e-04
12.000  20.250  1.2222e-04
12.000  20.500  1.0872e-04
12.000  20.750  9.9095e-05
12.000  21.000  9.2099e-05
12.000  21.250  8.7654e-05
12.000  21.500  8.4280e-05
12.000  21.750  7.3303e-05
12.000  22.000  5.7600e-05
12.000  22.250  4.3621e-05
12.000  22.500  3.1934e-05
12.000  22.750  1.0782e-05
12.000  23.000  1.0000e-07
12.000  23.250  1.0000e-07
12.000  23.500  1.0000e-07
12.000  23.750  1.0000e-07
12.000  24.000  1.0000e-07
12.250  17.000  3.8683e-06
12.250  17.250  6.7490e-06
12.250  17.500  1.0123e-05
12.250  17.750  1.3580e-05
12.250  18.000  1.7531e-05
12.250  18.250  2.2716e-05
12.250  18.500  3.0453e-05
12.250  18.750  4.4691e-05
12.250  19.000  7.8601e-05
12.250  19.250  1.4798e-04
12.250  19.500  2.1078e-04
12.250  19.750  2.1506e-04
12.250  20.000  1.8996e-04
12.250  20.250  1.6428e-04
12.250  20.500  1.4000e-04
12.250  20.750  1.1909e-04
12.250  21.000  1.0263e-04
12.250  21.250  8.9053e-05
12.250  21.500  7.9095e-05
12.250  21.750  7.4897e-05
12.250  22.000  7.8683e-05
12.250  22.250  6.4115e-05
12.250  22.500  4.5021e-05
12.250  22.750  3.1358e-05
12.250  23.000  1.0000e-07
12.250  23.250  1.0000e-07
12.250  23.500  1.0000e-07
12.250  23.750  1.0000e-07
12.250  24.000  1.0000e-07
12.500  17.000  2.1399e-06
12.500  17.250  3.9506e-06
12.500  17.500  6.6667e-06
12.500  17.750  9.7942e-06
12.500  18.000  1.3498e-05
12.500  18.250  1.7942e-05
12.500  18.500  2.3457e-05
12.500  18.750  3.1276e-05
12.500  19.000  4.5597e-05
12.500  19.250  8.2881e-05
12.500  19.500  1.6519e-04
12.500  19.750  2.4387e-04
12.500  20.000  2.5638e-04
12.500  20.250  2.3350e-04
12.500  20.500  2.0214e-04
12.500  20.750  1.6790e-04
12.500  21.000  1.3687e-04
12.500  21.250  1.1111e-04
12.500  21.500  9.0041e-05
12.500  21.750  7.6379e-05
12.500  22.000  7.0206e-05
12.500  22.250  7.0617e-05
12.500  22.500  6.2716e-05
12.500  22.750  4.7160e-05
12.500  23.000  3.0206e-05
12.500  23.250  1.0000e-07
12.500  23.500  1.0000e-07
12.500  23.750  1.0000e-07
12.500  24.000  1.0000e-07
12.750  17.000  1.0700e-06
12.750  17.250  1.9753e-06
12.750  17.500  3.7860e-06
12.750  17.750  6.4198e-06
12.750  18.000  1.0041e-05
12.750  18.250  1.4156e-05
12.750  18.500  1.8930e-05
12.750  18.750  2.5021e-05
12.750  19.000  3.3498e-05
12.750  19.250  4.9712e-05
12.750  19.500  9.4815e-05
12.750  19.750  1.9745e-04
12.750  20.000  2.9778e-04
12.750  20.250  3.2230e-04
12.750  20.500  2.9819e-04
12.750  20.750  2.5621e-04
12.750  21.000  2.1037e-04
12.750  21.250  1.6453e-04
12.750  21.500  1.2667e-04
12.750  21.750  9.7778e-05
12.750  22.000  7.8519e-05
12.750  22.250  7.0123e-05
12.750  22.500  7.5309e-05
12.750  22.750  6.6173e-05
12.750  23.000  4.9136e-05
12.750  23.250  2.8971e-05
12.750  23.500  1.0000e-07
12.750  23.750  1.0000e-07
12.750  24.000  1.0000e-07
13.000  17.000  1.0000e-07
13.000  17.250  1.0700e-06
13.000  17.500  2.1399e-06
13.000  17.750  3.9506e-06
13.000  18.000  6.9959e-06
13.000  18.250  1.0700e-05
13.000  18.500  1.5144e-05
13.000  18.750  2.0576e-05
13.000  19.000  2.7901e-05
13.000  19.250  3.8436e-05
13.000  19.500  5.8025e-05
13.000  19.750  1.1309e-04
13.000  20.000  2.3942e-04
13.000  20.250  3.7053e-04
13.000  20.500  4.1169e-04
13.000  20.750  3.9004e-04
13.000  21.000  3.3794e-04
13.000  21.250  2.7243e-04
13.000  21.500  2.1086e-04
13.000  21.750  1.5292e-04
13.000  22.000  1.1317e-04
13.000  22.250  8.4115e-05
13.000  22.500  9.1354e-05
13.000  22.750  1.0016e-04
13.000  23.000  7.6708e-05
13.000  23.250  5.3169e-05
13.000  23.500  2.7490e-05
13.000  23.750  1.0000e-07
13.000  24.000  1.0000e-07
13.250  17.000  1.0000e-07
13.250  17.250  1.0000e-07
13.250  17.500  1.3169e-06
13.250  17.750  2.5514e-06
13.250  18.000  4.6091e-06
13.250  18.250  7.7366e-06
13.250  18.500  1.1687e-05
13.250  18.750  1.6708e-05
13.250  19.000  2.3539e-05
13.250  19.250  3.3333e-05
13.250  19.500  4.7325e-05
13.250  19.750  7.1440e-05
13.250  20.000  1.3136e-04
13.250  20.250  2.7539e-04
13.250  20.500  4.4000e-04
13.250  20.750  5.1770e-04
13.250  21.000  5.0403e-04
13.250  21.250  4.4280e-04
13.250  21.500  3.4963e-04
13.250  21.750  2.5794e-04
13.250  22.000  1.8074e-04
13.250  22.250  1.2914e-04
13.250  22.500  9.3004e-05
13.250  22.750  9.4534e-05
13.250  23.000  1.0337e-04
13.250  23.250  8.6667e-05
13.250  23.500  6.0329e-05
13.250  23.750  2.6749e-05
13.250  24.000  1.0000e-07
13.500  17.000  1.0000e-07
13.500  17.250  1.0000e-07
13.500  17.500  1.0000e-07
13.500  17.750  1.5638e-06
13.500  18.000  2.9630e-06
13.500  18.250  5.2675e-06
13.500  18.500  8.6420e-06
13.500  18.750  1.3086e-05
13.500  19.000  1.9259e-05
13.500  19.250  2.8724e-05
13.500  19.500  4.3128e-05
13.500  19.750  6.2387e-05
13.500  20.000  9.0700e-05
13.500  20.250  1.5350e-04
13.500  20.500  2.9259e-04
13.500  20.750  4.8346e-04
13.500  21.000  5.8008e-04
13.500  21.250  5.9745e-04
13.500  21.500  5.0815e-04
13.500  21.750  4.0469e-04
13.500  22.000  3.1539e-04
13.500  22.250  2.1786e-04
13.500  22.500  1.5597e-04
13.500  22.750  1.1169e-04
13.500  23.000  1.4800e-04
13.500  23.250  1.7218e-04
13.500  23.500  1.0650e-04
13.500  23.750  6.9383e-05
13.500  24.000  2.7160e-05
13.750  17.000  1.0000e-07
13.750  17.250  1.0000e-07
13.750  17.500  1.0000e-07
13.750  17.750  9.0535e-07
13.750  18.000  1.8930e-06
13.750  18.250  3.4568e-06
13.750  18.500  5.9259e-06
13.750  18.750  9.7119e-06
13.750  19.000  1.5226e-05
13.750  19.250  2.3786e-05
13.750  19.500  3.8272e-05
13.750  19.750  5.9671e-05
13.750  20.000  8.5350e-05
13.750  20.250  1.1819e-04
13.750  20.500  1.7794e-04
13.750  20.750  3.0527e-04
13.750  21.000  4.9885e-04
13.750  21.250  6.2938e-04
13.750  21.500  6.4535e-04
13.750  21.750  5.6082e-04
13.750  22.000  4.5292e-04
13.750  22.250  3.5325e-04
13.750  22.500  2.6206e-04
13.750  22.750  1.8667e-04
13.750  23.000  1.4239e-04
13.750  23.250  1.3605e-04
13.750  23.500  1.9399e-04
13.750  23.750  1.2823e-04
13.750  24.000  7.8025e-05
14.000  17.000  1.0000e-07
14.000  17.250  1.0000e-07
14.000  17.500  1.0000e-07
14.000  17.750  1.0000e-07
14.000  18.000  1.1523e-06
14.000  18.250  2.2222e-06
14.000  18.500  3.9506e-06
14.000  18.750  6.9136e-06
14.000  19.000  1.1358e-05
14.000  19.250  1.8930e-05
14.000  19.500  3.2346e-05
14.000  19.750  5.4979e-05
14.000  20.000  8.4444e-05
14.000  20.250  1.1531e-04
14.000  20.500  1.4979e-04
14.000  20.750  2.0543e-04
14.000  21.000  3.1909e-04
14.000  21.250  5.1144e-04
14.000  21.500  6.6798e-04
14.000  21.750  6.8988e-04
14.000  22.000  6.1210e-04
14.000  22.250  5.0840e-04
14.000  22.500  4.0848e-04
14.000  22.750  3.1350e-04
14.000  23.000  2.2807e-04
14.000  23.250  1.8152e-04
14.000  23.500  1.7835e-04
14.000  23.750  1.9300e-04
14.000  24.000  1.5103e-04
