nInu 9000.00A  relative to Inci 1215.00A scaled to 1215A.
Hden   Phi(H)  Eq_Width (A)
7.000  17.000  2.2133e-01
7.000  17.250  2.2133e-01
7.000  17.500  2.2133e-01
7.000  17.750  2.2134e-01
7.000  18.000  2.2134e-01
7.000  18.250  2.2134e-01
7.000  18.500  2.2134e-01
7.000  18.750  2.2134e-01
7.000  19.000  2.2134e-01
7.000  19.250  2.2134e-01
7.000  19.500  2.2134e-01
7.000  19.750  2.2134e-01
7.000  20.000  2.2134e-01
7.000  20.250  2.2134e-01
7.000  20.500  2.2134e-01
7.000  20.750  2.2134e-01
7.000  21.000  2.2134e-01
7.000  21.250  2.2134e-01
7.000  21.500  2.2134e-01
7.000  21.750  2.2134e-01
7.000  22.000  2.2134e-01
7.000  22.250  2.2134e-01
7.000  22.500  2.2134e-01
7.000  22.750  2.2134e-01
7.000  23.000  2.2134e-01
7.000  23.250  2.2134e-01
7.000  23.500  2.2134e-01
7.000  23.750  2.2134e-01
7.000  24.000  2.2134e-01
7.250  17.000  2.2132e-01
7.250  17.250  2.2132e-01
7.250  17.500  2.2133e-01
7.250  17.750  2.2133e-01
7.250  18.000  2.2134e-01
7.250  18.250  2.2134e-01
7.250  18.500  2.2134e-01
7.250  18.750  2.2133e-01
7.250  19.000  2.2134e-01
7.250  19.250  2.2134e-01
7.250  19.500  2.2134e-01
7.250  19.750  2.2134e-01
7.250  20.000  2.2134e-01
7.250  20.250  2.2134e-01
7.250  20.500  2.2134e-01
7.250  20.750  2.2134e-01
7.250  21.000  2.2134e-01
7.250  21.250  2.2134e-01
7.250  21.500  2.2134e-01
7.250  21.750  2.2134e-01
7.250  22.000  2.2134e-01
7.250  22.250  2.2134e-01
7.250  22.500  2.2134e-01
7.250  22.750  2.2134e-01
7.250  23.000  2.2134e-01
7.250  23.250  2.2134e-01
7.250  23.500  2.2134e-01
7.250  23.750  2.2134e-01
7.250  24.000  2.2134e-01
7.500  17.000  2.2132e-01
7.500  17.250  2.2132e-01
7.500  17.500  2.2132e-01
7.500  17.750  2.2132e-01
7.500  18.000  2.2133e-01
7.500  18.250  2.2133e-01
7.500  18.500  2.2134e-01
7.500  18.750  2.2134e-01
7.500  19.000  2.2134e-01
7.500  19.250  2.2134e-01
7.500  19.500  2.2134e-01
7.500  19.750  2.2134e-01
7.500  20.000  2.2134e-01
7.500  20.250  2.2134e-01
7.500  20.500  2.2134e-01
7.500  20.750  2.2134e-01
7.500  21.000  2.2134e-01
7.500  21.250  2.2134e-01
7.500  21.500  2.2134e-01
7.500  21.750  2.2134e-01
7.500  22.000  2.2134e-01
7.500  22.250  2.2134e-01
7.500  22.500  2.2134e-01
7.500  22.750  2.2134e-01
7.500  23.000  2.2134e-01
7.500  23.250  2.2134e-01
7.500  23.500  2.2134e-01
7.500  23.750  2.2134e-01
7.500  24.000  2.2134e-01
7.750  17.000  2.2131e-01
7.750  17.250  2.2131e-01
7.750  17.500  2.2131e-01
7.750  17.750  2.2131e-01
7.750  18.000  2.2131e-01
7.750  18.250  2.2132e-01
7.750  18.500  2.2133e-01
7.750  18.750  2.2134e-01
7.750  19.000  2.2134e-01
7.750  19.250  2.2134e-01
7.750  19.500  2.2134e-01
7.750  19.750  2.2134e-01
7.750  20.000  2.2134e-01
7.750  20.250  2.2134e-01
7.750  20.500  2.2134e-01
7.750  20.750  2.2134e-01
7.750  21.000  2.2134e-01
7.750  21.250  2.2134e-01
7.750  21.500  2.2134e-01
7.750  21.750  2.2134e-01
7.750  22.000  2.2134e-01
7.750  22.250  2.2134e-01
7.750  22.500  2.2134e-01
7.750  22.750  2.2134e-01
7.750  23.000  2.2134e-01
7.750  23.250  2.2134e-01
7.750  23.500  2.2134e-01
7.750  23.750  2.2134e-01
7.750  24.000  2.2134e-01
8.000  17.000  2.2130e-01
8.000  17.250  2.2129e-01
8.000  17.500  2.2129e-01
8.000  17.750  2.2129e-01
8.000  18.000  2.2129e-01
8.000  18.250  2.2129e-01
8.000  18.500  2.2131e-01
8.000  18.750  2.2133e-01
8.000  19.000  2.2133e-01
8.000  19.250  2.2134e-01
8.000  19.500  2.2133e-01
8.000  19.750  2.2134e-01
8.000  20.000  2.2134e-01
8.000  20.250  2.2134e-01
8.000  20.500  2.2134e-01
8.000  20.750  2.2134e-01
8.000  21.000  2.2134e-01
8.000  21.250  2.2134e-01
8.000  21.500  2.2134e-01
8.000  21.750  2.2134e-01
8.000  22.000  2.2134e-01
8.000  22.250  2.2134e-01
8.000  22.500  2.2134e-01
8.000  22.750  2.2134e-01
8.000  23.000  2.2134e-01
8.000  23.250  2.2134e-01
8.000  23.500  2.2134e-01
8.000  23.750  2.2134e-01
8.000  24.000  2.2134e-01
8.250  17.000  2.2128e-01
8.250  17.250  2.2128e-01
8.250  17.500  2.2127e-01
8.250  17.750  2.2127e-01
8.250  18.000  2.2126e-01
8.250  18.250  2.2123e-01
8.250  18.500  2.2123e-01
8.250  18.750  2.2128e-01
8.250  19.000  2.2133e-01
8.250  19.250  2.2133e-01
8.250  19.500  2.2133e-01
8.250  19.750  2.2134e-01
8.250  20.000  2.2134e-01
8.250  20.250  2.2134e-01
8.250  20.500  2.2134e-01
8.250  20.750  2.2134e-01
8.250  21.000  2.2134e-01
8.250  21.250  2.2134e-01
8.250  21.500  2.2134e-01
8.250  21.750  2.2134e-01
8.250  22.000  2.2134e-01
8.250  22.250  2.2134e-01
8.250  22.500  2.2134e-01
8.250  22.750  2.2134e-01
8.250  23.000  2.2134e-01
8.250  23.250  2.2134e-01
8.250  23.500  2.2134e-01
8.250  23.750  2.2134e-01
8.250  24.000  2.2134e-01
8.500  17.000  2.2126e-01
8.500  17.250  2.2125e-01
8.500  17.500  2.2124e-01
8.500  17.750  2.2123e-01
8.500  18.000  2.2121e-01
8.500  18.250  2.2116e-01
8.500  18.500  2.2109e-01
8.500  18.750  2.2111e-01
8.500  19.000  2.2120e-01
8.500  19.250  2.2132e-01
8.500  19.500  2.2133e-01
8.500  19.750  2.2133e-01
8.500  20.000  2.2133e-01
8.500  20.250  2.2134e-01
8.500  20.500  2.2134e-01
8.500  20.750  2.2134e-01
8.500  21.000  2.2134e-01
8.500  21.250  2.2134e-01
8.500  21.500  2.2134e-01
8.500  21.750  2.2134e-01
8.500  22.000  2.2134e-01
8.500  22.250  2.2134e-01
8.500  22.500  2.2134e-01
8.500  22.750  2.2134e-01
8.500  23.000  2.2134e-01
8.500  23.250  2.2134e-01
8.500  23.500  2.2134e-01
8.500  23.750  2.2134e-01
8.500  24.000  2.2134e-01
8.750  17.000  2.2122e-01
8.750  17.250  2.2121e-01
8.750  17.500  2.2120e-01
8.750  17.750  2.2119e-01
8.750  18.000  2.2115e-01
8.750  18.250  2.2107e-01
8.750  18.500  2.2095e-01
8.750  18.750  2.2082e-01
8.750  19.000  2.2090e-01
8.750  19.250  2.2104e-01
8.750  19.500  2.2129e-01
8.750  19.750  2.2133e-01
8.750  20.000  2.2133e-01
8.750  20.250  2.2133e-01
8.750  20.500  2.2134e-01
8.750  20.750  2.2134e-01
8.750  21.000  2.2134e-01
8.750  21.250  2.2134e-01
8.750  21.500  2.2134e-01
8.750  21.750  2.2134e-01
8.750  22.000  2.2134e-01
8.750  22.250  2.2134e-01
8.750  22.500  2.2134e-01
8.750  22.750  2.2134e-01
8.750  23.000  2.2134e-01
8.750  23.250  2.2134e-01
8.750  23.500  2.2134e-01
8.750  23.750  2.2134e-01
8.750  24.000  2.2134e-01
9.000  17.000  2.2116e-01
9.000  17.250  2.2116e-01
9.000  17.500  2.2114e-01
9.000  17.750  2.2112e-01
9.000  18.000  2.2108e-01
9.000  18.250  2.2097e-01
9.000  18.500  2.2079e-01
9.000  18.750  2.2064e-01
9.000  19.000  2.2049e-01
9.000  19.250  2.2063e-01
9.000  19.500  2.2098e-01
9.000  19.750  2.2122e-01
9.000  20.000  2.2132e-01
9.000  20.250  2.2133e-01
9.000  20.500  2.2133e-01
9.000  20.750  2.2134e-01
9.000  21.000  2.2134e-01
9.000  21.250  2.2134e-01
9.000  21.500  2.2134e-01
9.000  21.750  2.2134e-01
9.000  22.000  2.2134e-01
9.000  22.250  2.2134e-01
9.000  22.500  2.2134e-01
9.000  22.750  2.2134e-01
9.000  23.000  2.2134e-01
9.000  23.250  2.2134e-01
9.000  23.500  2.2134e-01
9.000  23.750  2.2134e-01
9.000  24.000  2.2134e-01
9.250  17.000  2.2108e-01
9.250  17.250  2.2108e-01
9.250  17.500  2.2106e-01
9.250  17.750  2.2104e-01
9.250  18.000  2.2097e-01
9.250  18.250  2.2084e-01
9.250  18.500  2.2065e-01
9.250  18.750  2.2042e-01
9.250  19.000  2.2016e-01
9.250  19.250  2.2005e-01
9.250  19.500  2.2032e-01
9.250  19.750  2.2084e-01
9.250  20.000  2.2113e-01
9.250  20.250  2.2131e-01
9.250  20.500  2.2133e-01
9.250  20.750  2.2133e-01
9.250  21.000  2.2133e-01
9.250  21.250  2.2134e-01
9.250  21.500  2.2134e-01
9.250  21.750  2.2134e-01
9.250  22.000  2.2134e-01
9.250  22.250  2.2134e-01
9.250  22.500  2.2134e-01
9.250  22.750  2.2134e-01
9.250  23.000  2.2134e-01
9.250  23.250  2.2134e-01
9.250  23.500  2.2134e-01
9.250  23.750  2.2134e-01
9.250  24.000  2.2134e-01
9.500  17.000  2.2094e-01
9.500  17.250  2.2095e-01
9.500  17.500  2.2095e-01
9.500  17.750  2.2091e-01
9.500  18.000  2.2083e-01
9.500  18.250  2.2065e-01
9.500  18.500  2.2044e-01
9.500  18.750  2.2020e-01
9.500  19.000  2.1986e-01
9.500  19.250  2.1970e-01
9.500  19.500  2.1960e-01
9.500  19.750  2.2005e-01
9.500  20.000  2.2061e-01
9.500  20.250  2.2101e-01
9.500  20.500  2.2128e-01
9.500  20.750  2.2132e-01
9.500  21.000  2.2133e-01
9.500  21.250  2.2133e-01
9.500  21.500  2.2133e-01
9.500  21.750  2.2134e-01
9.500  22.000  2.2134e-01
9.500  22.250  2.2134e-01
9.500  22.500  2.2134e-01
9.500  22.750  2.2134e-01
9.500  23.000  2.2134e-01
9.500  23.250  2.2134e-01
9.500  23.500  2.2134e-01
9.500  23.750  2.2134e-01
9.500  24.000  2.2134e-01
9.750  17.000  2.2067e-01
9.750  17.250  2.2075e-01
9.750  17.500  2.2077e-01
9.750  17.750  2.2074e-01
9.750  18.000  2.2063e-01
9.750  18.250  2.2040e-01
9.750  18.500  2.2008e-01
9.750  18.750  2.1983e-01
9.750  19.000  2.1956e-01
9.750  19.250  2.1918e-01
9.750  19.500  2.1891e-01
9.750  19.750  2.1919e-01
9.750  20.000  2.1980e-01
9.750  20.250  2.2049e-01
9.750  20.500  2.2089e-01
9.750  20.750  2.2123e-01
9.750  21.000  2.2132e-01
9.750  21.250  2.2133e-01
9.750  21.500  2.2133e-01
9.750  21.750  2.2133e-01
9.750  22.000  2.2134e-01
9.750  22.250  2.2134e-01
9.750  22.500  2.2134e-01
9.750  22.750  2.2134e-01
9.750  23.000  2.2134e-01
9.750  23.250  2.2134e-01
9.750  23.500  2.2134e-01
9.750  23.750  2.2134e-01
9.750  24.000  2.2134e-01
10.000  17.000  2.2018e-01
10.000  17.250  2.2041e-01
10.000  17.500  2.2049e-01
10.000  17.750  2.2047e-01
10.000  18.000  2.2032e-01
10.000  18.250  2.2002e-01
10.000  18.500  2.1964e-01
10.000  18.750  2.1929e-01
10.000  19.000  2.1898e-01
10.000  19.250  2.1866e-01
10.000  19.500  2.1815e-01
10.000  19.750  2.1773e-01
10.000  20.000  2.1848e-01
10.000  20.250  2.1966e-01
10.000  20.500  2.2034e-01
10.000  20.750  2.2079e-01
10.000  21.000  2.2115e-01
10.000  21.250  2.2130e-01
10.000  21.500  2.2133e-01
10.000  21.750  2.2133e-01
10.000  22.000  2.2133e-01
10.000  22.250  2.2133e-01
10.000  22.500  2.2134e-01
10.000  22.750  2.2134e-01
10.000  23.000  2.2134e-01
10.000  23.250  2.2134e-01
10.000  23.500  2.2134e-01
10.000  23.750  2.2134e-01
10.000  24.000  2.2134e-01
10.250  17.000  2.1932e-01
10.250  17.250  2.1982e-01
10.250  17.500  2.2004e-01
10.250  17.750  2.2005e-01
10.250  18.000  2.1985e-01
10.250  18.250  2.1940e-01
10.250  18.500  2.1884e-01
10.250  18.750  2.1838e-01
10.250  19.000  2.1803e-01
10.250  19.250  2.1780e-01
10.250  19.500  2.1763e-01
10.250  19.750  2.1718e-01
10.250  20.000  2.1716e-01
10.250  20.250  2.1819e-01
10.250  20.500  2.1964e-01
10.250  20.750  2.2007e-01
10.250  21.000  2.2059e-01
10.250  21.250  2.2103e-01
10.250  21.500  2.2128e-01
10.250  21.750  2.2132e-01
10.250  22.000  2.2133e-01
10.250  22.250  2.2133e-01
10.250  22.500  2.2133e-01
10.250  22.750  2.2134e-01
10.250  23.000  2.2134e-01
10.250  23.250  2.2134e-01
10.250  23.500  2.2134e-01
10.250  23.750  2.2134e-01
10.250  24.000  2.2134e-01
10.500  17.000  2.1807e-01
10.500  17.250  2.1890e-01
10.500  17.500  2.1931e-01
10.500  17.750  2.1939e-01
10.500  18.000  2.1909e-01
10.500  18.250  2.1837e-01
10.500  18.500  2.1758e-01
10.500  18.750  2.1699e-01
10.500  19.000  2.1673e-01
10.500  19.250  2.1679e-01
10.500  19.500  2.1701e-01
10.500  19.750  2.1702e-01
10.500  20.000  2.1659e-01
10.500  20.250  2.1668e-01
10.500  20.500  2.1787e-01
10.500  20.750  2.1933e-01
10.500  21.000  2.1987e-01
10.500  21.250  2.2042e-01
10.500  21.500  2.2095e-01
10.500  21.750  2.2124e-01
10.500  22.000  2.2132e-01
10.500  22.250  2.2133e-01
10.500  22.500  2.2133e-01
10.500  22.750  2.2133e-01
10.500  23.000  2.2133e-01
10.500  23.250  2.2134e-01
10.500  23.500  2.2134e-01
10.500  23.750  2.2134e-01
10.500  24.000  2.2134e-01
10.750  17.000  2.1636e-01
10.750  17.250  2.1752e-01
10.750  17.500  2.1819e-01
10.750  17.750  2.1836e-01
10.750  18.000  2.1789e-01
10.750  18.250  2.1678e-01
10.750  18.500  2.1568e-01
10.750  18.750  2.1498e-01
10.750  19.000  2.1504e-01
10.750  19.250  2.1545e-01
10.750  19.500  2.1608e-01
10.750  19.750  2.1657e-01
10.750  20.000  2.1647e-01
10.750  20.250  2.1576e-01
10.750  20.500  2.1577e-01
10.750  20.750  2.1707e-01
10.750  21.000  2.1899e-01
10.750  21.250  2.1962e-01
10.750  21.500  2.2029e-01
10.750  21.750  2.2082e-01
10.750  22.000  2.2117e-01
10.750  22.250  2.2130e-01
10.750  22.500  2.2132e-01
10.750  22.750  2.2133e-01
10.750  23.000  2.2133e-01
10.750  23.250  2.2133e-01
10.750  23.500  2.2134e-01
10.750  23.750  2.2134e-01
10.750  24.000  2.2134e-01
11.000  17.000  2.1454e-01
11.000  17.250  2.1569e-01
11.000  17.500  2.1656e-01
11.000  17.750  2.1679e-01
11.000  18.000  2.1612e-01
11.000  18.250  2.1447e-01
11.000  18.500  2.1315e-01
11.000  18.750  2.1247e-01
11.000  19.000  2.1280e-01
11.000  19.250  2.1377e-01
11.000  19.500  2.1486e-01
11.000  19.750  2.1568e-01
11.000  20.000  2.1603e-01
11.000  20.250  2.1561e-01
11.000  20.500  2.1436e-01
11.000  20.750  2.1424e-01
11.000  21.000  2.1651e-01
11.000  21.250  2.1842e-01
11.000  21.500  2.1942e-01
11.000  21.750  2.1998e-01
11.000  22.000  2.2068e-01
11.000  22.250  2.2106e-01
11.000  22.500  2.2127e-01
11.000  22.750  2.2131e-01
11.000  23.000  2.2132e-01
11.000  23.250  2.2133e-01
11.000  23.500  2.2133e-01
11.000  23.750  2.2133e-01
11.000  24.000  2.2134e-01
11.250  17.000  2.1358e-01
11.250  17.250  2.1341e-01
11.250  17.500  2.1428e-01
11.250  17.750  2.1456e-01
11.250  18.000  2.1347e-01
11.250  18.250  2.1116e-01
11.250  18.500  2.0956e-01
11.250  18.750  2.0935e-01
11.250  19.000  2.1024e-01
11.250  19.250  2.1177e-01
11.250  19.500  2.1322e-01
11.250  19.750  2.1440e-01
11.250  20.000  2.1516e-01
11.250  20.250  2.1525e-01
11.250  20.500  2.1417e-01
11.250  20.750  2.1196e-01
11.250  21.000  2.1153e-01
11.250  21.250  2.1462e-01
11.250  21.500  2.1802e-01
11.250  21.750  2.1891e-01
11.250  22.000  2.1951e-01
11.250  22.250  2.2043e-01
11.250  22.500  2.2092e-01
11.250  22.750  2.2123e-01
11.250  23.000  2.2130e-01
11.250  23.250  2.2131e-01
11.250  23.500  2.2133e-01
11.250  23.750  2.2133e-01
11.250  24.000  2.2133e-01
11.500  17.000  2.1386e-01
11.500  17.250  2.1200e-01
11.500  17.500  2.1138e-01
11.500  17.750  2.1131e-01
11.500  18.000  2.0977e-01
11.500  18.250  2.0680e-01
11.500  18.500  2.0529e-01
11.500  18.750  2.0571e-01
11.500  19.000  2.0752e-01
11.500  19.250  2.0935e-01
11.500  19.500  2.1115e-01
11.500  19.750  2.1269e-01
11.500  20.000  2.1383e-01
11.500  20.250  2.1439e-01
11.500  20.500  2.1387e-01
11.500  20.750  2.1164e-01
11.500  21.000  2.0787e-01
11.500  21.250  2.0731e-01
11.500  21.500  2.1304e-01
11.500  21.750  2.1680e-01
11.500  22.000  2.1797e-01
11.500  22.250  2.1885e-01
11.500  22.500  2.2006e-01
11.500  22.750  2.2071e-01
11.500  23.000  2.2117e-01
11.500  23.250  2.2128e-01
11.500  23.500  2.2130e-01
11.500  23.750  2.2133e-01
11.500  24.000  2.2133e-01
11.750  17.000  2.1511e-01
11.750  17.250  2.1213e-01
11.750  17.500  2.0940e-01
11.750  17.750  2.0748e-01
11.750  18.000  2.0495e-01
11.750  18.250  2.0168e-01
11.750  18.500  2.0073e-01
11.750  18.750  2.0213e-01
11.750  19.000  2.0408e-01
11.750  19.250  2.0636e-01
11.750  19.500  2.0845e-01
11.750  19.750  2.1047e-01
11.750  20.000  2.1207e-01
11.750  20.250  2.1308e-01
11.750  20.500  2.1306e-01
11.750  20.750  2.1145e-01
11.750  21.000  2.0735e-01
11.750  21.250  2.0119e-01
11.750  21.500  2.0243e-01
11.750  21.750  2.0969e-01
11.750  22.000  2.1500e-01
11.750  22.250  2.1657e-01
11.750  22.500  2.1796e-01
11.750  22.750  2.1952e-01
11.750  23.000  2.2038e-01
11.750  23.250  2.2106e-01
11.750  23.500  2.2124e-01
11.750  23.750  2.2128e-01
11.750  24.000  2.2132e-01
12.000  17.000  2.1714e-01
12.000  17.250  2.1361e-01
12.000  17.500  2.0938e-01
12.000  17.750  2.0486e-01
12.000  18.000  2.0046e-01
12.000  18.250  1.9695e-01
12.000  18.500  1.9712e-01
12.000  18.750  1.9874e-01
12.000  19.000  2.0051e-01
12.000  19.250  2.0255e-01
12.000  19.500  2.0507e-01
12.000  19.750  2.0758e-01
12.000  20.000  2.0971e-01
12.000  20.250  2.1125e-01
12.000  20.500  2.1179e-01
12.000  20.750  2.1075e-01
12.000  21.000  2.0721e-01
12.000  21.250  2.0018e-01
12.000  21.500  1.9333e-01
12.000  21.750  1.9420e-01
12.000  22.000  2.0475e-01
12.000  22.250  2.1211e-01
12.000  22.500  2.1432e-01
12.000  22.750  2.1667e-01
12.000  23.000  2.1865e-01
12.000  23.250  2.1986e-01
12.000  23.500  2.2090e-01
12.000  23.750  2.2118e-01
12.000  24.000  2.2125e-01
12.250  17.000  2.1897e-01
12.250  17.250  2.1608e-01
12.250  17.500  2.1154e-01
12.250  17.750  2.0557e-01
12.250  18.000  1.9898e-01
12.250  18.250  1.9467e-01
12.250  18.500  1.9476e-01
12.250  18.750  1.9513e-01
12.250  19.000  1.9612e-01
12.250  19.250  1.9812e-01
12.250  19.500  2.0094e-01
12.250  19.750  2.0395e-01
12.250  20.000  2.0669e-01
12.250  20.250  2.0879e-01
12.250  20.500  2.0995e-01
12.250  20.750  2.0951e-01
12.250  21.000  2.0661e-01
12.250  21.250  1.9992e-01
12.250  21.500  1.9163e-01
12.250  21.750  1.7943e-01
12.250  22.000  1.8349e-01
12.250  22.250  1.9825e-01
12.250  22.500  2.0726e-01
12.250  22.750  2.1084e-01
12.250  23.000  2.1473e-01
12.250  23.250  2.1733e-01
12.250  23.500  2.1903e-01
12.250  23.750  2.2063e-01
12.250  24.000  2.2109e-01
12.500  17.000  2.2007e-01
12.500  17.250  2.1862e-01
12.500  17.500  2.1539e-01
12.500  17.750  2.1036e-01
12.500  18.000  2.0380e-01
12.500  18.250  1.9780e-01
12.500  18.500  1.9360e-01
12.500  18.750  1.9151e-01
12.500  19.000  1.9156e-01
12.500  19.250  1.9340e-01
12.500  19.500  1.9627e-01
12.500  19.750  1.9964e-01
12.500  20.000  2.0297e-01
12.500  20.250  2.0576e-01
12.500  20.500  2.0752e-01
12.500  20.750  2.0771e-01
12.500  21.000  2.0548e-01
12.500  21.250  1.9940e-01
12.500  21.500  1.9106e-01
12.500  21.750  1.7522e-01
12.500  22.000  1.5935e-01
12.500  22.250  1.7006e-01
12.500  22.500  1.8955e-01
12.500  22.750  1.9984e-01
12.500  23.000  2.0555e-01
12.500  23.250  2.1173e-01
12.500  23.500  2.1526e-01
12.500  23.750  2.1773e-01
12.500  24.000  2.2019e-01
12.750  17.000  2.2078e-01
12.750  17.250  2.2018e-01
12.750  17.500  2.1885e-01
12.750  17.750  2.1589e-01
12.750  18.000  2.1103e-01
12.750  18.250  2.0397e-01
12.750  18.500  1.9515e-01
12.750  18.750  1.8947e-01
12.750  19.000  1.8766e-01
12.750  19.250  1.8853e-01
12.750  19.500  1.9115e-01
12.750  19.750  1.9473e-01
12.750  20.000  1.9853e-01
12.750  20.250  2.0188e-01
12.750  20.500  2.0438e-01
12.750  20.750  2.0526e-01
12.750  21.000  2.0377e-01
12.750  21.250  1.9837e-01
12.750  21.500  1.9042e-01
12.750  21.750  1.7325e-01
12.750  22.000  1.5030e-01
12.750  22.250  1.3350e-01
12.750  22.500  1.5427e-01
12.750  22.750  1.7611e-01
12.750  23.000  1.8844e-01
12.750  23.250  1.9835e-01
12.750  23.500  2.0708e-01
12.750  23.750  2.1207e-01
12.750  24.000  2.1566e-01
13.000  17.000  2.2113e-01
13.000  17.250  2.2090e-01
13.000  17.500  2.2033e-01
13.000  17.750  2.1893e-01
13.000  18.000  2.1595e-01
13.000  18.250  2.1079e-01
13.000  18.500  2.0218e-01
13.000  18.750  1.9175e-01
13.000  19.000  1.8595e-01
13.000  19.250  1.8426e-01
13.000  19.500  1.8591e-01
13.000  19.750  1.8935e-01
13.000  20.000  1.9343e-01
13.000  20.250  1.9734e-01
13.000  20.500  2.0050e-01
13.000  20.750  2.0210e-01
13.000  21.000  2.0139e-01
13.000  21.250  1.9674e-01
13.000  21.500  1.8934e-01
13.000  21.750  1.7165e-01
13.000  22.000  1.4493e-01
13.000  22.250  1.1574e-01
13.000  22.500  1.0431e-01
13.000  22.750  1.3429e-01
13.000  23.000  1.5679e-01
13.000  23.250  1.7359e-01
13.000  23.500  1.8798e-01
13.000  23.750  2.0022e-01
13.000  24.000  2.0717e-01
13.250  17.000  2.2121e-01
13.250  17.250  2.2110e-01
13.250  17.500  2.2083e-01
13.250  17.750  2.2019e-01
13.250  18.000  2.1864e-01
13.250  18.250  2.1537e-01
13.250  18.500  2.0959e-01
13.250  18.750  2.0041e-01
13.250  19.000  1.8863e-01
13.250  19.250  1.8325e-01
13.250  19.500  1.8151e-01
13.250  19.750  1.8398e-01
13.250  20.000  1.8788e-01
13.250  20.250  1.9211e-01
13.250  20.500  1.9579e-01
13.250  20.750  1.9826e-01
13.250  21.000  1.9824e-01
13.250  21.250  1.9443e-01
13.250  21.500  1.8777e-01
13.250  21.750  1.7003e-01
13.250  22.000  1.4118e-01
13.250  22.250  1.0621e-01
13.250  22.500  7.6563e-02
13.250  22.750  7.5183e-02
13.250  23.000  1.0834e-01
13.250  23.250  1.3399e-01
13.250  23.500  1.5536e-01
13.250  23.750  1.7378e-01
13.250  24.000  1.9017e-01
13.500  17.000  2.2126e-01
13.500  17.250  2.2119e-01
13.500  17.500  2.2104e-01
13.500  17.750  2.2070e-01
13.500  18.000  2.1988e-01
13.500  18.250  2.1817e-01
13.500  18.500  2.1473e-01
13.500  18.750  2.0854e-01
13.500  19.000  1.9852e-01
13.500  19.250  1.8632e-01
13.500  19.500  1.7988e-01
13.500  19.750  1.7953e-01
13.500  20.000  1.8247e-01
13.500  20.250  1.8647e-01
13.500  20.500  1.9045e-01
13.500  20.750  1.9353e-01
13.500  21.000  1.9430e-01
13.500  21.250  1.9134e-01
13.500  21.500  1.8543e-01
13.500  21.750  1.6823e-01
13.500  22.000  1.3846e-01
13.500  22.250  1.0032e-01
13.500  22.500  6.4605e-02
13.500  22.750  4.1530e-02
13.500  23.000  4.8734e-02
13.500  23.250  8.2670e-02
13.500  23.500  1.0943e-01
13.500  23.750  1.3105e-01
13.500  24.000  1.5491e-01
13.750  17.000  2.2129e-01
13.750  17.250  2.2125e-01
13.750  17.500  2.2116e-01
13.750  17.750  2.2097e-01
13.750  18.000  2.2052e-01
13.750  18.250  2.1958e-01
13.750  18.500  2.1779e-01
13.750  18.750  2.1429e-01
13.750  19.000  2.0760e-01
13.750  19.250  1.9698e-01
13.750  19.500  1.8528e-01
13.750  19.750  1.7807e-01
13.750  20.000  1.7793e-01
13.750  20.250  1.8089e-01
13.750  20.500  1.8464e-01
13.750  20.750  1.8807e-01
13.750  21.000  1.8961e-01
13.750  21.250  1.8739e-01
13.750  21.500  1.8223e-01
13.750  21.750  1.6565e-01
13.750  22.000  1.3618e-01
13.750  22.250  9.6497e-02
13.750  22.500  5.7749e-02
13.750  22.750  3.0676e-02
13.750  23.000  1.8725e-02
13.750  23.250  2.8981e-02
13.750  23.500  5.6754e-02
13.750  23.750  8.0419e-02
13.750  24.000  1.0110e-01
14.000  17.000  2.2131e-01
14.000  17.250  2.2129e-01
14.000  17.500  2.2123e-01
14.000  17.750  2.2112e-01
14.000  18.000  2.2087e-01
14.000  18.250  2.2034e-01
14.000  18.500  2.1934e-01
14.000  18.750  2.1749e-01
14.000  19.000  2.1390e-01
14.000  19.250  2.0691e-01
14.000  19.500  1.9605e-01
14.000  19.750  1.8288e-01
14.000  20.000  1.7634e-01
14.000  20.250  1.7628e-01
14.000  20.500  1.7908e-01
14.000  20.750  1.8235e-01
14.000  21.000  1.8418e-01
14.000  21.250  1.8260e-01
14.000  21.500  1.7817e-01
14.000  21.750  1.6225e-01
14.000  22.000  1.3320e-01
14.000  22.250  9.3234e-02
14.000  22.500  5.3169e-02
14.000  22.750  2.4775e-02
14.000  23.000  1.1550e-02
14.000  23.250  8.1555e-03
14.000  23.500  1.5733e-02
14.000  23.750  3.4294e-02
14.000  24.000  4.9080e-02
