nInu 1356.96A  relative to Inci 1215.00A scaled to 1215A.
Hden   Phi(H)  Eq_Width (A)
7.000  17.000  9.7722e-01
7.000  17.250  9.7755e-01
7.000  17.500  9.8040e-01
7.000  17.750  9.8513e-01
7.000  18.000  9.9322e-01
7.000  18.250  9.9532e-01
7.000  18.500  9.9532e-01
7.000  18.750  9.9532e-01
7.000  19.000  9.9532e-01
7.000  19.250  9.9533e-01
7.000  19.500  9.9533e-01
7.000  19.750  9.9533e-01
7.000  20.000  9.9533e-01
7.000  20.250  9.9533e-01
7.000  20.500  9.9533e-01
7.000  20.750  9.9533e-01
7.000  21.000  9.9533e-01
7.000  21.250  9.9533e-01
7.000  21.500  9.9533e-01
7.000  21.750  9.9533e-01
7.000  22.000  9.9533e-01
7.000  22.250  9.9533e-01
7.000  22.500  9.9533e-01
7.000  22.750  9.9533e-01
7.000  23.000  9.9533e-01
7.000  23.250  9.9533e-01
7.000  23.500  9.9533e-01
7.000  23.750  9.9533e-01
7.000  24.000  9.9533e-01
7.250  17.000  9.7852e-01
7.250  17.250  9.7712e-01
7.250  17.500  9.7762e-01
7.250  17.750  9.8058e-01
7.250  18.000  9.8536e-01
7.250  18.250  9.9329e-01
7.250  18.500  9.9532e-01
7.250  18.750  9.9532e-01
7.250  19.000  9.9532e-01
7.250  19.250  9.9532e-01
7.250  19.500  9.9533e-01
7.250  19.750  9.9533e-01
7.250  20.000  9.9533e-01
7.250  20.250  9.9533e-01
7.250  20.500  9.9533e-01
7.250  20.750  9.9533e-01
7.250  21.000  9.9533e-01
7.250  21.250  9.9533e-01
7.250  21.500  9.9533e-01
7.250  21.750  9.9533e-01
7.250  22.000  9.9533e-01
7.250  22.250  9.9533e-01
7.250  22.500  9.9533e-01
7.250  22.750  9.9533e-01
7.250  23.000  9.9533e-01
7.250  23.250  9.9533e-01
7.250  23.500  9.9533e-01
7.250  23.750  9.9533e-01
7.250  24.000  9.9533e-01
7.500  17.000  9.8081e-01
7.500  17.250  9.7815e-01
7.500  17.500  9.7677e-01
7.500  17.750  9.7755e-01
7.500  18.000  9.8055e-01
7.500  18.250  9.8555e-01
7.500  18.500  9.9340e-01
7.500  18.750  9.9532e-01
7.500  19.000  9.9532e-01
7.500  19.250  9.9532e-01
7.500  19.500  9.9532e-01
7.500  19.750  9.9533e-01
7.500  20.000  9.9533e-01
7.500  20.250  9.9533e-01
7.500  20.500  9.9533e-01
7.500  20.750  9.9533e-01
7.500  21.000  9.9533e-01
7.500  21.250  9.9533e-01
7.500  21.500  9.9533e-01
7.500  21.750  9.9533e-01
7.500  22.000  9.9533e-01
7.500  22.250  9.9533e-01
7.500  22.500  9.9533e-01
7.500  22.750  9.9533e-01
7.500  23.000  9.9533e-01
7.500  23.250  9.9533e-01
7.500  23.500  9.9533e-01
7.500  23.750  9.9533e-01
7.500  24.000  9.9533e-01
7.750  17.000  9.8334e-01
7.750  17.250  9.8014e-01
7.750  17.500  9.7738e-01
7.750  17.750  9.7594e-01
7.750  18.000  9.7704e-01
7.750  18.250  9.7998e-01
7.750  18.500  9.8570e-01
7.750  18.750  9.9346e-01
7.750  19.000  9.9532e-01
7.750  19.250  9.9532e-01
7.750  19.500  9.9532e-01
7.750  19.750  9.9532e-01
7.750  20.000  9.9533e-01
7.750  20.250  9.9533e-01
7.750  20.500  9.9533e-01
7.750  20.750  9.9533e-01
7.750  21.000  9.9533e-01
7.750  21.250  9.9533e-01
7.750  21.500  9.9533e-01
7.750  21.750  9.9533e-01
7.750  22.000  9.9533e-01
7.750  22.250  9.9533e-01
7.750  22.500  9.9533e-01
7.750  22.750  9.9533e-01
7.750  23.000  9.9533e-01
7.750  23.250  9.9533e-01
7.750  23.500  9.9533e-01
7.750  23.750  9.9533e-01
7.750  24.000  9.9533e-01
8.000  17.000  9.8594e-01
8.000  17.250  9.8273e-01
8.000  17.500  9.7917e-01
8.000  17.750  9.7598e-01
8.000  18.000  9.7438e-01
8.000  18.250  9.7601e-01
8.000  18.500  9.7914e-01
8.000  18.750  9.8575e-01
8.000  19.000  9.9344e-01
8.000  19.250  9.9532e-01
8.000  19.500  9.9532e-01
8.000  19.750  9.9532e-01
8.000  20.000  9.9533e-01
8.000  20.250  9.9533e-01
8.000  20.500  9.9533e-01
8.000  20.750  9.9532e-01
8.000  21.000  9.9533e-01
8.000  21.250  9.9533e-01
8.000  21.500  9.9533e-01
8.000  21.750  9.9533e-01
8.000  22.000  9.9533e-01
8.000  22.250  9.9533e-01
8.000  22.500  9.9533e-01
8.000  22.750  9.9533e-01
8.000  23.000  9.9533e-01
8.000  23.250  9.9533e-01
8.000  23.500  9.9533e-01
8.000  23.750  9.9533e-01
8.000  24.000  9.9533e-01
8.250  17.000  9.8794e-01
8.250  17.250  9.8501e-01
8.250  17.500  9.8130e-01
8.250  17.750  9.7700e-01
8.250  18.000  9.7279e-01
8.250  18.250  9.7147e-01
8.250  18.500  9.7387e-01
8.250  18.750  9.7784e-01
8.250  19.000  9.8579e-01
8.250  19.250  9.9357e-01
8.250  19.500  9.9531e-01
8.250  19.750  9.9532e-01
8.250  20.000  9.9532e-01
8.250  20.250  9.9533e-01
8.250  20.500  9.9533e-01
8.250  20.750  9.9532e-01
8.250  21.000  9.9533e-01
8.250  21.250  9.9533e-01
8.250  21.500  9.9533e-01
8.250  21.750  9.9533e-01
8.250  22.000  9.9533e-01
8.250  22.250  9.9533e-01
8.250  22.500  9.9533e-01
8.250  22.750  9.9533e-01
8.250  23.000  9.9533e-01
8.250  23.250  9.9533e-01
8.250  23.500  9.9533e-01
8.250  23.750  9.9533e-01
8.250  24.000  9.9533e-01
8.500  17.000  9.8933e-01
8.500  17.250  9.8679e-01
8.500  17.500  9.8324e-01
8.500  17.750  9.7845e-01
8.500  18.000  9.7249e-01
8.500  18.250  9.6765e-01
8.500  18.500  9.6747e-01
8.500  18.750  9.7133e-01
8.500  19.000  9.7614e-01
8.500  19.250  9.8569e-01
8.500  19.500  9.9364e-01
8.500  19.750  9.9531e-01
8.500  20.000  9.9532e-01
8.500  20.250  9.9532e-01
8.500  20.500  9.9532e-01
8.500  20.750  9.9533e-01
8.500  21.000  9.9533e-01
8.500  21.250  9.9533e-01
8.500  21.500  9.9533e-01
8.500  21.750  9.9533e-01
8.500  22.000  9.9533e-01
8.500  22.250  9.9533e-01
8.500  22.500  9.9533e-01
8.500  22.750  9.9533e-01
8.500  23.000  9.9533e-01
8.500  23.250  9.9533e-01
8.500  23.500  9.9533e-01
8.500  23.750  9.9533e-01
8.500  24.000  9.9533e-01
8.750  17.000  9.9013e-01
8.750  17.250  9.8792e-01
8.750  17.500  9.8462e-01
8.750  17.750  9.7974e-01
8.750  18.000  9.7277e-01
8.750  18.250  9.6506e-01
8.750  18.500  9.6054e-01
8.750  18.750  9.6263e-01
8.750  19.000  9.6751e-01
8.750  19.250  9.7305e-01
8.750  19.500  9.8554e-01
8.750  19.750  9.9365e-01
8.750  20.000  9.9530e-01
8.750  20.250  9.9532e-01
8.750  20.500  9.9532e-01
8.750  20.750  9.9532e-01
8.750  21.000  9.9533e-01
8.750  21.250  9.9533e-01
8.750  21.500  9.9533e-01
8.750  21.750  9.9533e-01
8.750  22.000  9.9533e-01
8.750  22.250  9.9533e-01
8.750  22.500  9.9533e-01
8.750  22.750  9.9533e-01
8.750  23.000  9.9533e-01
8.750  23.250  9.9533e-01
8.750  23.500  9.9533e-01
8.750  23.750  9.9533e-01
8.750  24.000  9.9533e-01
9.000  17.000  9.9045e-01
9.000  17.250  9.8843e-01
9.000  17.500  9.8531e-01
9.000  17.750  9.8044e-01
9.000  18.000  9.7305e-01
9.000  18.250  9.6374e-01
9.000  18.500  9.5574e-01
9.000  18.750  9.5223e-01
9.000  19.000  9.5708e-01
9.000  19.250  9.6244e-01
9.000  19.500  9.6967e-01
9.000  19.750  9.8564e-01
9.000  20.000  9.9370e-01
9.000  20.250  9.9529e-01
9.000  20.500  9.9532e-01
9.000  20.750  9.9532e-01
9.000  21.000  9.9532e-01
9.000  21.250  9.9533e-01
9.000  21.500  9.9533e-01
9.000  21.750  9.9533e-01
9.000  22.000  9.9533e-01
9.000  22.250  9.9532e-01
9.000  22.500  9.9533e-01
9.000  22.750  9.9533e-01
9.000  23.000  9.9533e-01
9.000  23.250  9.9533e-01
9.000  23.500  9.9533e-01
9.000  23.750  9.9533e-01
9.000  24.000  9.9533e-01
9.250  17.000  9.9042e-01
9.250  17.250  9.8846e-01
9.250  17.500  9.8539e-01
9.250  17.750  9.8049e-01
9.250  18.000  9.7285e-01
9.250  18.250  9.6269e-01
9.250  18.500  9.5167e-01
9.250  18.750  9.4265e-01
9.250  19.000  9.4165e-01
9.250  19.250  9.4982e-01
9.250  19.500  9.5843e-01
9.250  19.750  9.6842e-01
9.250  20.000  9.8581e-01
9.250  20.250  9.9371e-01
9.250  20.500  9.9527e-01
9.250  20.750  9.9532e-01
9.250  21.000  9.9532e-01
9.250  21.250  9.9532e-01
9.250  21.500  9.9533e-01
9.250  21.750  9.9533e-01
9.250  22.000  9.9533e-01
9.250  22.250  9.9533e-01
9.250  22.500  9.9533e-01
9.250  22.750  9.9533e-01
9.250  23.000  9.9533e-01
9.250  23.250  9.9533e-01
9.250  23.500  9.9533e-01
9.250  23.750  9.9533e-01
9.250  24.000  9.9533e-01
9.500  17.000  9.9017e-01
9.500  17.250  9.8818e-01
9.500  17.500  9.8504e-01
9.500  17.750  9.7997e-01
9.500  18.000  9.7208e-01
9.500  18.250  9.6117e-01
9.500  18.500  9.4762e-01
9.500  18.750  9.3331e-01
9.500  19.000  9.2378e-01
9.500  19.250  9.2505e-01
9.500  19.500  9.4151e-01
9.500  19.750  9.5500e-01
9.500  20.000  9.7185e-01
9.500  20.250  9.8609e-01
9.500  20.500  9.9368e-01
9.500  20.750  9.9524e-01
9.500  21.000  9.9532e-01
9.500  21.250  9.9532e-01
9.500  21.500  9.9532e-01
9.500  21.750  9.9533e-01
9.500  22.000  9.9533e-01
9.500  22.250  9.9533e-01
9.500  22.500  9.9533e-01
9.500  22.750  9.9533e-01
9.500  23.000  9.9533e-01
9.500  23.250  9.9533e-01
9.500  23.500  9.9533e-01
9.500  23.750  9.9533e-01
9.500  24.000  9.9533e-01
9.750  17.000  9.8967e-01
9.750  17.250  9.8767e-01
9.750  17.500  9.8443e-01
9.750  17.750  9.7911e-01
9.750  18.000  9.7074e-01
9.750  18.250  9.5835e-01
9.750  18.500  9.4248e-01
9.750  18.750  9.2439e-01
9.750  19.000  9.0622e-01
9.750  19.250  8.9640e-01
9.750  19.500  9.0125e-01
9.750  19.750  9.2949e-01
9.750  20.000  9.5440e-01
9.750  20.250  9.7408e-01
9.750  20.500  9.8651e-01
9.750  20.750  9.9358e-01
9.750  21.000  9.9519e-01
9.750  21.250  9.9531e-01
9.750  21.500  9.9532e-01
9.750  21.750  9.9532e-01
9.750  22.000  9.9533e-01
9.750  22.250  9.9533e-01
9.750  22.500  9.9533e-01
9.750  22.750  9.9533e-01
9.750  23.000  9.9533e-01
9.750  23.250  9.9533e-01
9.750  23.500  9.9533e-01
9.750  23.750  9.9533e-01
9.750  24.000  9.9533e-01
10.000  17.000  9.8890e-01
10.000  17.250  9.8699e-01
10.000  17.500  9.8366e-01
10.000  17.750  9.7803e-01
10.000  18.000  9.6874e-01
10.000  18.250  9.5445e-01
10.000  18.500  9.3585e-01
10.000  18.750  9.1400e-01
10.000  19.000  8.9077e-01
10.000  19.250  8.6725e-01
10.000  19.500  8.4439e-01
10.000  19.750  8.4994e-01
10.000  20.000  9.0733e-01
10.000  20.250  9.4902e-01
10.000  20.500  9.7561e-01
10.000  20.750  9.8671e-01
10.000  21.000  9.9349e-01
10.000  21.250  9.9513e-01
10.000  21.500  9.9531e-01
10.000  21.750  9.9532e-01
10.000  22.000  9.9532e-01
10.000  22.250  9.9533e-01
10.000  22.500  9.9533e-01
10.000  22.750  9.9533e-01
10.000  23.000  9.9533e-01
10.000  23.250  9.9533e-01
10.000  23.500  9.9533e-01
10.000  23.750  9.9533e-01
10.000  24.000  9.9533e-01
10.250  17.000  9.8766e-01
10.250  17.250  9.8602e-01
10.250  17.500  9.8266e-01
10.250  17.750  9.7663e-01
10.250  18.000  9.6601e-01
10.250  18.250  9.4976e-01
10.250  18.500  9.2859e-01
10.250  18.750  9.0320e-01
10.250  19.000  8.7436e-01
10.250  19.250  8.4508e-01
10.250  19.500  8.2076e-01
10.250  19.750  8.1362e-01
10.250  20.000  8.5077e-01
10.250  20.250  9.1296e-01
10.250  20.500  9.5663e-01
10.250  20.750  9.7583e-01
10.250  21.000  9.8668e-01
10.250  21.250  9.9339e-01
10.250  21.500  9.9503e-01
10.250  21.750  9.9530e-01
10.250  22.000  9.9532e-01
10.250  22.250  9.9532e-01
10.250  22.500  9.9533e-01
10.250  22.750  9.9533e-01
10.250  23.000  9.9533e-01
10.250  23.250  9.9533e-01
10.250  23.500  9.9533e-01
10.250  23.750  9.9533e-01
10.250  24.000  9.9533e-01
10.500  17.000  9.8579e-01
10.500  17.250  9.8457e-01
10.500  17.500  9.8126e-01
10.500  17.750  9.7468e-01
10.500  18.000  9.6264e-01
10.500  18.250  9.4412e-01
10.500  18.500  9.2087e-01
10.500  18.750  8.9368e-01
10.500  19.000  8.6667e-01
10.500  19.250  8.4356e-01
10.500  19.500  8.2493e-01
10.500  19.750  8.1165e-01
10.500  20.000  8.1450e-01
10.500  20.250  8.5723e-01
10.500  20.500  9.1937e-01
10.500  20.750  9.6102e-01
10.500  21.000  9.7725e-01
10.500  21.250  9.8673e-01
10.500  21.500  9.9302e-01
10.500  21.750  9.9492e-01
10.500  22.000  9.9528e-01
10.500  22.250  9.9532e-01
10.500  22.500  9.9532e-01
10.500  22.750  9.9533e-01
10.500  23.000  9.9533e-01
10.500  23.250  9.9533e-01
10.500  23.500  9.9533e-01
10.500  23.750  9.9533e-01
10.500  24.000  9.9533e-01
10.750  17.000  9.8292e-01
10.750  17.250  9.8235e-01
10.750  17.500  9.7912e-01
10.750  17.750  9.7167e-01
10.750  18.000  9.5816e-01
10.750  18.250  9.3805e-01
10.750  18.500  9.1327e-01
10.750  18.750  8.8686e-01
10.750  19.000  8.6252e-01
10.750  19.250  8.4246e-01
10.750  19.500  8.2857e-01
10.750  19.750  8.1838e-01
10.750  20.000  8.0929e-01
10.750  20.250  8.1483e-01
10.750  20.500  8.6027e-01
10.750  20.750  9.2036e-01
10.750  21.000  9.6204e-01
10.750  21.250  9.7712e-01
10.750  21.500  9.8601e-01
10.750  21.750  9.9253e-01
10.750  22.000  9.9476e-01
10.750  22.250  9.9526e-01
10.750  22.500  9.9532e-01
10.750  22.750  9.9532e-01
10.750  23.000  9.9533e-01
10.750  23.250  9.9533e-01
10.750  23.500  9.9533e-01
10.750  23.750  9.9533e-01
10.750  24.000  9.9533e-01
11.000  17.000  9.7883e-01
11.000  17.250  9.7899e-01
11.000  17.500  9.7569e-01
11.000  17.750  9.6733e-01
11.000  18.000  9.5224e-01
11.000  18.250  9.3004e-01
11.000  18.500  9.0410e-01
11.000  18.750  8.7817e-01
11.000  19.000  8.5438e-01
11.000  19.250  8.3847e-01
11.000  19.500  8.3171e-01
11.000  19.750  8.2450e-01
11.000  20.000  8.1446e-01
11.000  20.250  8.0449e-01
11.000  20.500  8.1082e-01
11.000  20.750  8.5952e-01
11.000  21.000  9.1305e-01
11.000  21.250  9.6262e-01
11.000  21.500  9.7637e-01
11.000  21.750  9.8481e-01
11.000  22.000  9.9193e-01
11.000  22.250  9.9459e-01
11.000  22.500  9.9525e-01
11.000  22.750  9.9531e-01
11.000  23.000  9.9532e-01
11.000  23.250  9.9532e-01
11.000  23.500  9.9533e-01
11.000  23.750  9.9533e-01
11.000  24.000  9.9533e-01
11.250  17.000  9.7503e-01
11.250  17.250  9.7382e-01
11.250  17.500  9.7050e-01
11.250  17.750  9.6096e-01
11.250  18.000  9.4331e-01
11.250  18.250  9.1784e-01
11.250  18.500  8.9025e-01
11.250  18.750  8.6287e-01
11.250  19.000  8.3987e-01
11.250  19.250  8.3313e-01
11.250  19.500  8.3097e-01
11.250  19.750  8.2702e-01
11.250  20.000  8.1958e-01
11.250  20.250  8.0807e-01
11.250  20.500  7.9661e-01
11.250  20.750  8.0427e-01
11.250  21.000  8.5722e-01
11.250  21.250  9.1421e-01
11.250  21.500  9.6108e-01
11.250  21.750  9.7455e-01
11.250  22.000  9.8332e-01
11.250  22.250  9.9155e-01
11.250  22.500  9.9437e-01
11.250  22.750  9.9522e-01
11.250  23.000  9.9531e-01
11.250  23.250  9.9532e-01
11.250  23.500  9.9532e-01
11.250  23.750  9.9533e-01
11.250  24.000  9.9533e-01
11.500  17.000  9.7303e-01
11.500  17.250  9.6841e-01
11.500  17.500  9.6261e-01
11.500  17.750  9.5114e-01
11.500  18.000  9.2945e-01
11.500  18.250  8.9918e-01
11.500  18.500  8.6855e-01
11.500  18.750  8.3796e-01
11.500  19.000  8.2359e-01
11.500  19.250  8.2341e-01
11.500  19.500  8.2501e-01
11.500  19.750  8.2538e-01
11.500  20.000  8.2161e-01
11.500  20.250  8.1280e-01
11.500  20.500  7.9913e-01
11.500  20.750  7.8634e-01
11.500  21.000  7.9635e-01
11.500  21.250  8.5643e-01
11.500  21.500  9.1387e-01
11.500  21.750  9.5909e-01
11.500  22.000  9.7314e-01
11.500  22.250  9.8187e-01
11.500  22.500  9.9088e-01
11.500  22.750  9.9416e-01
11.500  23.000  9.9519e-01
11.500  23.250  9.9530e-01
11.500  23.500  9.9531e-01
11.500  23.750  9.9532e-01
11.500  24.000  9.9533e-01
11.750  17.000  9.7245e-01
11.750  17.250  9.6417e-01
11.750  17.500  9.5331e-01
11.750  17.750  9.3639e-01
11.750  18.000  9.0778e-01
11.750  18.250  8.7225e-01
11.750  18.500  8.3603e-01
11.750  18.750  8.0528e-01
11.750  19.000  8.0140e-01
11.750  19.250  8.0706e-01
11.750  19.500  8.1391e-01
11.750  19.750  8.1857e-01
11.750  20.000  8.1965e-01
11.750  20.250  8.1522e-01
11.750  20.500  8.0427e-01
11.750  20.750  7.8798e-01
11.750  21.000  7.7521e-01
11.750  21.250  7.8913e-01
11.750  21.500  8.5319e-01
11.750  21.750  9.1765e-01
11.750  22.000  9.5856e-01
11.750  22.250  9.7103e-01
11.750  22.500  9.8095e-01
11.750  22.750  9.9018e-01
11.750  23.000  9.9369e-01
11.750  23.250  9.9515e-01
11.750  23.500  9.9529e-01
11.750  23.750  9.9531e-01
11.750  24.000  9.9532e-01
12.000  17.000  9.7650e-01
12.000  17.250  9.6025e-01
12.000  17.500  9.4259e-01
12.000  17.750  9.1560e-01
12.000  18.000  8.7788e-01
12.000  18.250  8.3544e-01
12.000  18.500  7.8922e-01
12.000  18.750  7.7200e-01
12.000  19.000  7.7502e-01
12.000  19.250  7.8510e-01
12.000  19.500  7.9685e-01
12.000  19.750  8.0643e-01
12.000  20.000  8.1206e-01
12.000  20.250  8.1287e-01
12.000  20.500  8.0716e-01
12.000  20.750  7.9398e-01
12.000  21.000  7.7556e-01
12.000  21.250  7.6320e-01
12.000  21.500  7.7933e-01
12.000  21.750  8.5478e-01
12.000  22.000  9.2079e-01
12.000  22.250  9.5677e-01
12.000  22.500  9.6803e-01
12.000  22.750  9.8045e-01
12.000  23.000  9.8944e-01
12.000  23.250  9.9333e-01
12.000  23.500  9.9509e-01
12.000  23.750  9.9528e-01
12.000  24.000  9.9530e-01
12.250  17.000  9.8116e-01
12.250  17.250  9.5728e-01
12.250  17.500  9.2581e-01
12.250  17.750  8.8635e-01
12.250  18.000  8.3812e-01
12.250  18.250  7.7685e-01
12.250  18.500  7.3646e-01
12.250  18.750  7.3213e-01
12.250  19.000  7.4234e-01
12.250  19.250  7.5732e-01
12.250  19.500  7.7339e-01
12.250  19.750  7.8786e-01
12.250  20.000  7.9881e-01
12.250  20.250  8.0460e-01
12.250  20.500  8.0477e-01
12.250  20.750  7.9685e-01
12.250  21.000  7.8067e-01
12.250  21.250  7.6014e-01
12.250  21.500  7.4822e-01
12.250  21.750  7.7371e-01
12.250  22.000  8.5781e-01
12.250  22.250  9.2340e-01
12.250  22.500  9.5157e-01
12.250  22.750  9.6471e-01
12.250  23.000  9.7977e-01
12.250  23.250  9.8863e-01
12.250  23.500  9.9294e-01
12.250  23.750  9.9501e-01
12.250  24.000  9.9526e-01
12.500  17.000  9.7750e-01
12.500  17.250  9.5738e-01
12.500  17.500  9.0367e-01
12.500  17.750  8.4455e-01
12.500  18.000  7.7622e-01
12.500  18.250  7.0193e-01
12.500  18.500  6.7584e-01
12.500  18.750  6.8587e-01
12.500  19.000  7.0285e-01
12.500  19.250  7.2322e-01
12.500  19.500  7.4375e-01
12.500  19.750  7.6283e-01
12.500  20.000  7.7912e-01
12.500  20.250  7.9053e-01
12.500  20.500  7.9585e-01
12.500  20.750  7.9410e-01
12.500  21.000  7.8336e-01
12.500  21.250  7.6336e-01
12.500  21.500  7.4103e-01
12.500  21.750  7.2913e-01
12.500  22.000  7.6795e-01
12.500  22.250  8.6643e-01
12.500  22.500  9.2449e-01
12.500  22.750  9.4758e-01
12.500  23.000  9.6253e-01
12.500  23.250  9.8019e-01
12.500  23.500  9.8799e-01
12.500  23.750  9.9258e-01
12.500  24.000  9.9492e-01
12.750  17.000  9.6102e-01
12.750  17.250  9.4129e-01
12.750  17.500  8.9618e-01
12.750  17.750  7.8397e-01
12.750  18.000  6.7286e-01
12.750  18.250  6.1301e-01
12.750  18.500  6.1059e-01
12.750  18.750  6.3064e-01
12.750  19.000  6.5566e-01
12.750  19.250  6.8109e-01
12.750  19.500  7.0682e-01
12.750  19.750  7.3100e-01
12.750  20.000  7.5228e-01
12.750  20.250  7.6915e-01
12.750  20.500  7.8052e-01
12.750  20.750  7.8438e-01
12.750  21.000  7.7964e-01
12.750  21.250  7.6391e-01
12.750  21.500  7.4087e-01
12.750  21.750  7.1086e-01
12.750  22.000  7.0237e-01
12.750  22.250  7.6501e-01
12.750  22.500  8.7715e-01
12.750  22.750  9.2164e-01
12.750  23.000  9.4340e-01
12.750  23.250  9.6318e-01
12.750  23.500  9.7984e-01
12.750  23.750  9.8738e-01
12.750  24.000  9.9227e-01
13.000  17.000  9.6252e-01
13.000  17.250  9.4608e-01
13.000  17.500  8.9864e-01
13.000  17.750  8.0109e-01
13.000  18.000  6.7581e-01
13.000  18.250  6.1634e-01
13.000  18.500  5.8093e-01
13.000  18.750  5.6876e-01
13.000  19.000  5.9874e-01
13.000  19.250  6.3001e-01
13.000  19.500  6.6133e-01
13.000  19.750  6.9139e-01
13.000  20.000  7.1817e-01
13.000  20.250  7.4045e-01
13.000  20.500  7.5753e-01
13.000  20.750  7.6693e-01
13.000  21.000  7.6811e-01
13.000  21.250  7.5770e-01
13.000  21.500  7.3759e-01
13.000  21.750  7.0042e-01
13.000  22.000  6.6313e-01
13.000  22.250  6.6493e-01
13.000  22.500  7.6668e-01
13.000  22.750  8.8311e-01
13.000  23.000  9.1863e-01
13.000  23.250  9.4273e-01
13.000  23.500  9.6332e-01
13.000  23.750  9.7911e-01
13.000  24.000  9.8723e-01
13.250  17.000  9.6501e-01
13.250  17.250  9.5531e-01
13.250  17.500  9.3226e-01
13.250  17.750  8.8337e-01
13.250  18.000  7.8279e-01
13.250  18.250  6.5295e-01
13.250  18.500  5.7432e-01
13.250  18.750  5.5215e-01
13.250  19.000  5.3259e-01
13.250  19.250  5.7245e-01
13.250  19.500  6.0731e-01
13.250  19.750  6.4346e-01
13.250  20.000  6.7608e-01
13.250  20.250  7.0394e-01
13.250  20.500  7.2627e-01
13.250  20.750  7.4196e-01
13.250  21.000  7.4818e-01
13.250  21.250  7.4300e-01
13.250  21.500  7.2713e-01
13.250  21.750  6.8802e-01
13.250  22.000  6.3485e-01
13.250  22.250  5.9647e-01
13.250  22.500  6.1774e-01
13.250  22.750  7.7098e-01
13.250  23.000  8.8442e-01
13.250  23.250  9.2021e-01
13.250  23.500  9.4401e-01
13.250  23.750  9.6331e-01
13.250  24.000  9.7868e-01
13.500  17.000  9.6902e-01
13.500  17.250  9.5771e-01
13.500  17.500  9.3928e-01
13.500  17.750  9.0788e-01
13.500  18.000  8.3951e-01
13.500  18.250  7.3857e-01
13.500  18.500  6.1017e-01
13.500  18.750  5.2337e-01
13.500  19.000  4.9951e-01
13.500  19.250  5.0270e-01
13.500  19.500  5.4343e-01
13.500  19.750  5.8663e-01
13.500  20.000  6.2583e-01
13.500  20.250  6.5936e-01
13.500  20.500  6.8727e-01
13.500  20.750  7.0858e-01
13.500  21.000  7.1999e-01
13.500  21.250  7.1943e-01
13.500  21.500  7.0779e-01
13.500  21.750  6.6967e-01
13.500  22.000  6.0900e-01
13.500  22.250  5.4645e-01
13.500  22.500  5.1828e-01
13.500  22.750  5.6421e-01
13.500  23.000  7.7067e-01
13.500  23.250  8.8956e-01
13.500  23.500  9.2253e-01
13.500  23.750  9.4173e-01
13.500  24.000  9.6259e-01
13.750  17.000  9.7424e-01
13.750  17.250  9.6290e-01
13.750  17.500  9.4572e-01
13.750  17.750  9.2110e-01
13.750  18.000  8.7007e-01
13.750  18.250  7.9275e-01
13.750  18.500  6.9823e-01
13.750  18.750  5.7905e-01
13.750  19.000  4.5713e-01
13.750  19.250  4.4511e-01
13.750  19.500  4.9277e-01
13.750  19.750  5.2238e-01
13.750  20.000  5.6584e-01
13.750  20.250  6.0613e-01
13.750  20.500  6.3979e-01
13.750  20.750  6.6680e-01
13.750  21.000  6.8409e-01
13.750  21.250  6.8781e-01
13.750  21.500  6.8001e-01
13.750  21.750  6.4367e-01
13.750  22.000  5.8169e-01
13.750  22.250  5.0790e-01
13.750  22.500  4.5066e-01
13.750  22.750  4.3587e-01
13.750  23.000  5.0554e-01
13.750  23.250  7.7569e-01
13.750  23.500  8.8765e-01
13.750  23.750  9.1837e-01
13.750  24.000  9.3707e-01
14.000  17.000  9.7947e-01
14.000  17.250  9.6887e-01
14.000  17.500  9.5078e-01
14.000  17.750  9.2771e-01
14.000  18.000  8.9160e-01
14.000  18.250  8.2835e-01
14.000  18.500  7.5149e-01
14.000  18.750  6.5807e-01
14.000  19.000  5.3839e-01
14.000  19.250  4.0421e-01
14.000  19.500  4.1011e-01
14.000  19.750  4.4847e-01
14.000  20.000  4.9662e-01
14.000  20.250  5.4331e-01
14.000  20.500  5.8384e-01
14.000  20.750  6.1701e-01
14.000  21.000  6.3942e-01
14.000  21.250  6.4799e-01
14.000  21.500  6.4450e-01
14.000  21.750  6.1045e-01
14.000  22.000  5.5022e-01
14.000  22.250  4.7350e-01
14.000  22.500  4.0214e-01
14.000  22.750  3.5627e-01
14.000  23.000  3.5733e-01
14.000  23.250  4.4243e-01
14.000  23.500  7.7443e-01
14.000  23.750  8.8008e-01
14.000  24.000  9.0297e-01
