InwC 2392.03A  relative to Inci 1215.00A scaled to 1215A.
Hden   Phi(H)  Eq_Width (A)
7.000  17.000  8.3896e-02
7.000  17.250  1.1588e-01
7.000  17.500  1.4958e-01
7.000  17.750  1.8610e-01
7.000  18.000  1.9690e-01
7.000  18.250  1.9990e-01
7.000  18.500  2.0001e-01
7.000  18.750  1.9978e-01
7.000  19.000  1.9981e-01
7.000  19.250  1.9983e-01
7.000  19.500  1.9984e-01
7.000  19.750  1.9984e-01
7.000  20.000  1.9984e-01
7.000  20.250  1.9984e-01
7.000  20.500  1.9984e-01
7.000  20.750  1.9984e-01
7.000  21.000  1.9984e-01
7.000  21.250  1.9984e-01
7.000  21.500  1.9984e-01
7.000  21.750  1.9984e-01
7.000  22.000  1.9984e-01
7.000  22.250  1.9984e-01
7.000  22.500  1.9984e-01
7.000  22.750  1.9985e-01
7.000  23.000  1.9985e-01
7.000  23.250  1.9985e-01
7.000  23.500  1.9985e-01
7.000  23.750  1.9985e-01
7.000  24.000  1.9985e-01
7.250  17.000  5.9602e-02
7.250  17.250  8.5517e-02
7.250  17.500  1.1874e-01
7.250  17.750  1.5160e-01
7.250  18.000  1.8621e-01
7.250  18.250  1.9696e-01
7.250  18.500  1.9990e-01
7.250  18.750  2.0001e-01
7.250  19.000  1.9979e-01
7.250  19.250  1.9981e-01
7.250  19.500  1.9983e-01
7.250  19.750  1.9984e-01
7.250  20.000  1.9984e-01
7.250  20.250  1.9984e-01
7.250  20.500  1.9984e-01
7.250  20.750  1.9984e-01
7.250  21.000  1.9984e-01
7.250  21.250  1.9984e-01
7.250  21.500  1.9984e-01
7.250  21.750  1.9984e-01
7.250  22.000  1.9984e-01
7.250  22.250  1.9984e-01
7.250  22.500  1.9984e-01
7.250  22.750  1.9984e-01
7.250  23.000  1.9984e-01
7.250  23.250  1.9984e-01
7.250  23.500  1.9984e-01
7.250  23.750  1.9984e-01
7.250  24.000  1.9984e-01
7.500  17.000  4.2831e-02
7.500  17.250  6.0850e-02
7.500  17.500  8.7689e-02
7.500  17.750  1.2237e-01
7.500  18.000  1.5357e-01
7.500  18.250  1.8628e-01
7.500  18.500  1.9702e-01
7.500  18.750  1.9990e-01
7.500  19.000  2.0002e-01
7.500  19.250  1.9978e-01
7.500  19.500  1.9981e-01
7.500  19.750  1.9983e-01
7.500  20.000  1.9984e-01
7.500  20.250  1.9984e-01
7.500  20.500  1.9984e-01
7.500  20.750  1.9984e-01
7.500  21.000  1.9984e-01
7.500  21.250  1.9984e-01
7.500  21.500  1.9984e-01
7.500  21.750  1.9984e-01
7.500  22.000  1.9984e-01
7.500  22.250  1.9984e-01
7.500  22.500  1.9984e-01
7.500  22.750  1.9984e-01
7.500  23.000  1.9984e-01
7.500  23.250  1.9984e-01
7.500  23.500  1.9984e-01
7.500  23.750  1.9984e-01
7.500  24.000  1.9984e-01
7.750  17.000  3.1803e-02
7.750  17.250  4.3799e-02
7.750  17.500  6.2758e-02
7.750  17.750  9.1001e-02
7.750  18.000  1.2653e-01
7.750  18.250  1.5561e-01
7.750  18.500  1.8631e-01
7.750  18.750  1.9708e-01
7.750  19.000  1.9990e-01
7.750  19.250  2.0002e-01
7.750  19.500  1.9979e-01
7.750  19.750  1.9981e-01
7.750  20.000  1.9983e-01
7.750  20.250  1.9984e-01
7.750  20.500  1.9984e-01
7.750  20.750  1.9984e-01
7.750  21.000  1.9984e-01
7.750  21.250  1.9984e-01
7.750  21.500  1.9984e-01
7.750  21.750  1.9985e-01
7.750  22.000  1.9984e-01
7.750  22.250  1.9984e-01
7.750  22.500  1.9984e-01
7.750  22.750  1.9984e-01
7.750  23.000  1.9984e-01
7.750  23.250  1.9984e-01
7.750  23.500  1.9984e-01
7.750  23.750  1.9984e-01
7.750  24.000  1.9984e-01
8.000  17.000  2.4593e-02
8.000  17.250  3.2431e-02
8.000  17.500  4.5188e-02
8.000  17.750  6.5616e-02
8.000  18.000  9.5692e-02
8.000  18.250  1.3117e-01
8.000  18.500  1.5759e-01
8.000  18.750  1.8624e-01
8.000  19.000  1.9710e-01
8.000  19.250  1.9989e-01
8.000  19.500  2.0001e-01
8.000  19.750  1.9979e-01
8.000  20.000  1.9981e-01
8.000  20.250  1.9983e-01
8.000  20.500  1.9984e-01
8.000  20.750  1.9984e-01
8.000  21.000  1.9984e-01
8.000  21.250  1.9984e-01
8.000  21.500  1.9984e-01
8.000  21.750  1.9984e-01
8.000  22.000  1.9984e-01
8.000  22.250  1.9984e-01
8.000  22.500  1.9984e-01
8.000  22.750  1.9984e-01
8.000  23.000  1.9984e-01
8.000  23.250  1.9984e-01
8.000  23.500  1.9984e-01
8.000  23.750  1.9984e-01
8.000  24.000  1.9984e-01
8.250  17.000  1.9825e-02
8.250  17.250  2.5079e-02
8.250  17.500  3.3542e-02
8.250  17.750  4.7673e-02
8.250  18.000  7.0391e-02
8.250  18.250  1.0304e-01
8.250  18.500  1.3548e-01
8.250  18.750  1.6042e-01
8.250  19.000  1.8614e-01
8.250  19.250  1.9716e-01
8.250  19.500  1.9989e-01
8.250  19.750  2.0001e-01
8.250  20.000  1.9979e-01
8.250  20.250  1.9981e-01
8.250  20.500  1.9983e-01
8.250  20.750  1.9984e-01
8.250  21.000  1.9984e-01
8.250  21.250  1.9984e-01
8.250  21.500  1.9984e-01
8.250  21.750  1.9984e-01
8.250  22.000  1.9984e-01
8.250  22.250  1.9984e-01
8.250  22.500  1.9984e-01
8.250  22.750  1.9984e-01
8.250  23.000  1.9984e-01
8.250  23.250  1.9984e-01
8.250  23.500  1.9984e-01
8.250  23.750  1.9984e-01
8.250  24.000  1.9984e-01
8.500  17.000  1.6509e-02
8.500  17.250  2.0151e-02
8.500  17.500  2.5844e-02
8.500  17.750  3.5430e-02
8.500  18.000  5.1730e-02
8.500  18.250  7.7625e-02
8.500  18.500  1.1093e-01
8.500  18.750  1.3975e-01
8.500  19.000  1.6212e-01
8.500  19.250  1.8593e-01
8.500  19.500  1.9721e-01
8.500  19.750  1.9988e-01
8.500  20.000  2.0001e-01
8.500  20.250  1.9978e-01
8.500  20.500  1.9981e-01
8.500  20.750  1.9983e-01
8.500  21.000  1.9984e-01
8.500  21.250  1.9984e-01
8.500  21.500  1.9984e-01
8.500  21.750  1.9984e-01
8.500  22.000  1.9984e-01
8.500  22.250  1.9984e-01
8.500  22.500  1.9984e-01
8.500  22.750  1.9984e-01
8.500  23.000  1.9984e-01
8.500  23.250  1.9984e-01
8.500  23.500  1.9984e-01
8.500  23.750  1.9984e-01
8.500  24.000  1.9984e-01
8.750  17.000  1.4123e-02
8.750  17.250  1.6709e-02
8.750  17.500  2.0646e-02
8.750  17.750  2.7120e-02
8.750  18.000  3.8508e-02
8.750  18.250  5.7715e-02
8.750  18.500  8.4772e-02
8.750  18.750  1.1699e-01
8.750  19.000  1.4064e-01
8.750  19.250  1.6388e-01
8.750  19.500  1.8559e-01
8.750  19.750  1.9724e-01
8.750  20.000  1.9987e-01
8.750  20.250  2.0001e-01
8.750  20.500  1.9978e-01
8.750  20.750  1.9981e-01
8.750  21.000  1.9983e-01
8.750  21.250  1.9984e-01
8.750  21.500  1.9984e-01
8.750  21.750  1.9984e-01
8.750  22.000  1.9984e-01
8.750  22.250  1.9984e-01
8.750  22.500  1.9984e-01
8.750  22.750  1.9984e-01
8.750  23.000  1.9984e-01
8.750  23.250  1.9984e-01
8.750  23.500  1.9984e-01
8.750  23.750  1.9984e-01
8.750  24.000  1.9984e-01
9.000  17.000  1.2383e-02
9.000  17.250  1.4227e-02
9.000  17.500  1.7007e-02
9.000  17.750  2.1500e-02
9.000  18.000  2.9361e-02
9.000  18.250  4.3137e-02
9.000  18.500  6.3964e-02
9.000  18.750  9.0964e-02
9.000  19.000  1.2039e-01
9.000  19.250  1.4193e-01
9.000  19.500  1.6539e-01
9.000  19.750  1.8530e-01
9.000  20.000  1.9723e-01
9.000  20.250  1.9985e-01
9.000  20.500  2.0001e-01
9.000  20.750  1.9978e-01
9.000  21.000  1.9981e-01
9.000  21.250  1.9983e-01
9.000  21.500  1.9984e-01
9.000  21.750  1.9984e-01
9.000  22.000  1.9984e-01
9.000  22.250  1.9984e-01
9.000  22.500  1.9984e-01
9.000  22.750  1.9984e-01
9.000  23.000  1.9984e-01
9.000  23.250  1.9984e-01
9.000  23.500  1.9984e-01
9.000  23.750  1.9984e-01
9.000  24.000  1.9984e-01
9.250  17.000  1.1107e-02
9.250  17.250  1.2419e-02
9.250  17.500  1.4390e-02
9.250  17.750  1.7549e-02
9.250  18.000  2.3119e-02
9.250  18.250  3.2950e-02
9.250  18.500  4.7699e-02
9.250  18.750  6.8246e-02
9.250  19.000  9.3112e-02
9.250  19.250  1.2179e-01
9.250  19.500  1.4304e-01
9.250  19.750  1.6862e-01
9.250  20.000  1.8504e-01
9.250  20.250  1.9717e-01
9.250  20.500  1.9981e-01
9.250  20.750  2.0001e-01
9.250  21.000  1.9978e-01
9.250  21.250  1.9981e-01
9.250  21.500  1.9982e-01
9.250  21.750  1.9977e-01
9.250  22.000  1.9959e-01
9.250  22.250  1.9977e-01
9.250  22.500  1.9984e-01
9.250  22.750  1.9984e-01
9.250  23.000  1.9984e-01
9.250  23.250  1.9984e-01
9.250  23.500  1.9984e-01
9.250  23.750  1.9984e-01
9.250  24.000  1.9984e-01
9.500  17.000  1.0174e-02
9.500  17.250  1.1094e-02
9.500  17.500  1.2482e-02
9.500  17.750  1.4727e-02
9.500  18.000  1.8744e-02
9.500  18.250  2.5874e-02
9.500  18.500  3.6301e-02
9.500  18.750  4.9960e-02
9.500  19.000  6.8241e-02
9.500  19.250  9.2159e-02
9.500  19.500  1.1986e-01
9.500  19.750  1.4463e-01
9.500  20.000  1.6961e-01
9.500  20.250  1.8485e-01
9.500  20.500  1.9705e-01
9.500  20.750  1.9976e-01
9.500  21.000  1.9999e-01
9.500  21.250  1.9975e-01
9.500  21.500  1.9964e-01
9.500  21.750  1.9953e-01
9.500  22.000  1.9949e-01
9.500  22.250  1.9942e-01
9.500  22.500  1.9935e-01
9.500  22.750  1.9932e-01
9.500  23.000  1.9930e-01
9.500  23.250  1.9930e-01
9.500  23.500  1.9954e-01
9.500  23.750  1.9954e-01
9.500  24.000  1.9954e-01
9.750  17.000  9.4967e-03
9.750  17.250  1.0129e-02
9.750  17.500  1.1089e-02
9.750  17.750  1.2673e-02
9.750  18.000  1.5565e-02
9.750  18.250  2.0703e-02
9.750  18.500  2.8013e-02
9.750  18.750  3.7060e-02
9.750  19.000  4.8432e-02
9.750  19.250  6.4680e-02
9.750  19.500  8.9134e-02
9.750  19.750  1.1798e-01
9.750  20.000  1.4829e-01
9.750  20.250  1.6993e-01
9.750  20.500  1.8469e-01
9.750  20.750  1.9693e-01
9.750  21.000  1.9968e-01
9.750  21.250  1.9999e-01
9.750  21.500  1.9977e-01
9.750  21.750  1.9975e-01
9.750  22.000  1.9954e-01
9.750  22.250  1.9952e-01
9.750  22.500  1.9948e-01
9.750  22.750  1.9943e-01
9.750  23.000  1.9939e-01
9.750  23.250  1.9936e-01
9.750  23.500  1.9935e-01
9.750  23.750  1.9935e-01
9.750  24.000  1.9934e-01
10.000  17.000  9.0060e-03
10.000  17.250  9.4305e-03
10.000  17.500  1.0079e-02
10.000  17.750  1.1174e-02
10.000  18.000  1.3215e-02
10.000  18.250  1.6736e-02
10.000  18.500  2.1700e-02
10.000  18.750  2.7562e-02
10.000  19.000  3.4687e-02
10.000  19.250  4.3747e-02
10.000  19.500  5.6624e-02
10.000  19.750  7.9506e-02
10.000  20.000  1.1585e-01
10.000  20.250  1.5098e-01
10.000  20.500  1.7007e-01
10.000  20.750  1.8464e-01
10.000  21.000  1.9685e-01
10.000  21.250  1.9957e-01
10.000  21.500  1.9998e-01
10.000  21.750  1.9978e-01
10.000  22.000  1.9979e-01
10.000  22.250  1.9959e-01
10.000  22.500  1.9954e-01
10.000  22.750  1.9951e-01
10.000  23.000  1.9948e-01
10.000  23.250  1.9946e-01
10.000  23.500  1.9943e-01
10.000  23.750  1.9943e-01
10.000  24.000  1.9942e-01
10.250  17.000  8.6442e-03
10.250  17.250  8.9221e-03
10.250  17.500  9.3420e-03
10.250  17.750  1.0069e-02
10.250  18.000  1.1437e-02
10.250  18.250  1.3794e-02
10.250  18.500  1.7055e-02
10.250  18.750  2.0717e-02
10.250  19.000  2.5023e-02
10.250  19.250  3.0920e-02
10.250  19.500  4.0414e-02
10.250  19.750  5.6768e-02
10.250  20.000  8.3656e-02
10.250  20.250  1.2141e-01
10.250  20.500  1.5174e-01
10.250  20.750  1.6986e-01
10.250  21.000  1.8456e-01
10.250  21.250  1.9682e-01
10.250  21.500  1.9941e-01
10.250  21.750  1.9996e-01
10.250  22.000  1.9978e-01
10.250  22.250  1.9980e-01
10.250  22.500  1.9973e-01
10.250  22.750  1.9954e-01
10.250  23.000  1.9953e-01
10.250  23.250  1.9952e-01
10.250  23.500  1.9950e-01
10.250  23.750  1.9949e-01
10.250  24.000  1.9948e-01
10.500  17.000  8.3677e-03
10.500  17.250  8.5458e-03
10.500  17.500  8.8027e-03
10.500  17.750  9.2442e-03
10.500  18.000  1.0101e-02
10.500  18.250  1.1590e-02
10.500  18.500  1.3679e-02
10.500  18.750  1.6086e-02
10.500  19.000  1.9406e-02
10.500  19.250  2.4235e-02
10.500  19.500  3.1365e-02
10.500  19.750  4.2193e-02
10.500  20.000  5.9777e-02
10.500  20.250  8.8001e-02
10.500  20.500  1.2598e-01
10.500  20.750  1.5281e-01
10.500  21.000  1.6990e-01
10.500  21.250  1.8465e-01
10.500  21.500  1.9672e-01
10.500  21.750  1.9923e-01
10.500  22.000  1.9994e-01
10.500  22.250  1.9977e-01
10.500  22.500  1.9980e-01
10.500  22.750  1.9980e-01
10.500  23.000  1.9959e-01
10.500  23.250  1.9954e-01
10.500  23.500  1.9953e-01
10.500  23.750  1.9953e-01
10.500  24.000  1.9952e-01
10.750  17.000  8.1430e-03
10.750  17.250  8.2546e-03
10.750  17.500  8.3909e-03
10.750  17.750  8.6175e-03
10.750  18.000  9.0942e-03
10.750  18.250  1.0033e-02
10.750  18.500  1.1365e-02
10.750  18.750  1.3171e-02
10.750  19.000  1.5735e-02
10.750  19.250  1.9576e-02
10.750  19.500  2.4947e-02
10.750  19.750  3.2529e-02
10.750  20.000  4.3751e-02
10.750  20.250  6.1960e-02
10.750  20.500  9.0980e-02
10.750  20.750  1.2829e-01
10.750  21.000  1.5226e-01
10.750  21.250  1.6971e-01
10.750  21.500  1.8518e-01
10.750  21.750  1.9657e-01
10.750  22.000  1.9901e-01
10.750  22.250  1.9990e-01
10.750  22.500  1.9977e-01
10.750  22.750  1.9980e-01
10.750  23.000  1.9982e-01
10.750  23.250  1.9973e-01
10.750  23.500  1.9956e-01
10.750  23.750  1.9954e-01
10.750  24.000  1.9954e-01
11.000  17.000  7.9444e-03
11.000  17.250  8.0149e-03
11.000  17.500  8.0645e-03
11.000  17.750  8.1380e-03
11.000  18.000  8.3539e-03
11.000  18.250  8.8860e-03
11.000  18.500  9.7529e-03
11.000  18.750  1.1119e-02
11.000  19.000  1.3119e-02
11.000  19.250  1.6097e-02
11.000  19.500  2.0172e-02
11.000  19.750  2.5622e-02
11.000  20.000  3.3160e-02
11.000  20.250  4.4464e-02
11.000  20.500  6.3008e-02
11.000  20.750  9.2636e-02
11.000  21.000  1.2720e-01
11.000  21.250  1.5192e-01
11.000  21.500  1.6988e-01
11.000  21.750  1.8616e-01
11.000  22.000  1.9630e-01
11.000  22.250  1.9880e-01
11.000  22.500  1.9986e-01
11.000  22.750  1.9975e-01
11.000  23.000  1.9979e-01
11.000  23.250  1.9982e-01
11.000  23.500  1.9980e-01
11.000  23.750  1.9966e-01
11.000  24.000  1.9957e-01
11.250  17.000  7.7928e-03
11.250  17.250  7.7942e-03
11.250  17.500  7.7951e-03
11.250  17.750  7.7677e-03
11.250  18.000  7.8030e-03
11.250  18.250  8.0617e-03
11.250  18.500  8.6314e-03
11.250  18.750  9.6752e-03
11.250  19.000  1.1277e-02
11.250  19.250  1.3522e-02
11.250  19.500  1.6541e-02
11.250  19.750  2.0560e-02
11.250  20.000  2.5911e-02
11.250  20.250  3.3294e-02
11.250  20.500  4.4544e-02
11.250  20.750  6.3304e-02
11.250  21.000  9.3614e-02
11.250  21.250  1.2625e-01
11.250  21.500  1.5187e-01
11.250  21.750  1.7037e-01
11.250  22.000  1.8737e-01
11.250  22.250  1.9578e-01
11.250  22.500  1.9859e-01
11.250  22.750  1.9981e-01
11.250  23.000  1.9974e-01
11.250  23.250  1.9979e-01
11.250  23.500  1.9983e-01
11.250  23.750  1.9982e-01
11.250  24.000  1.9978e-01
11.500  17.000  7.7087e-03
11.500  17.250  7.6228e-03
11.500  17.500  7.5526e-03
11.500  17.750  7.4647e-03
11.500  18.000  7.3892e-03
11.500  18.250  7.4756e-03
11.500  18.500  7.8525e-03
11.500  18.750  8.6450e-03
11.500  19.000  9.8819e-03
11.500  19.250  1.1566e-02
11.500  19.500  1.3807e-02
11.500  19.750  1.6789e-02
11.500  20.000  2.0714e-02
11.500  20.250  2.5896e-02
11.500  20.500  3.3078e-02
11.500  20.750  4.4229e-02
11.500  21.000  6.3319e-02
11.500  21.250  9.4573e-02
11.500  21.500  1.2575e-01
11.500  21.750  1.5230e-01
11.500  22.000  1.7174e-01
11.500  22.250  1.8810e-01
11.500  22.500  1.9523e-01
11.500  22.750  1.9841e-01
11.500  23.000  1.9977e-01
11.500  23.250  1.9972e-01
11.500  23.500  1.9978e-01
11.500  23.750  1.9982e-01
11.500  24.000  1.9983e-01
11.750  17.000  7.6846e-03
11.750  17.250  7.5266e-03
11.750  17.500  7.3688e-03
11.750  17.750  7.2129e-03
11.750  18.000  7.0693e-03
11.750  18.250  7.0657e-03
11.750  18.500  7.3281e-03
11.750  18.750  7.9470e-03
11.750  19.000  8.8602e-03
11.750  19.250  1.0113e-02
11.750  19.500  1.1781e-02
11.750  19.750  1.4004e-02
11.750  20.000  1.6927e-02
11.750  20.250  2.0715e-02
11.750  20.500  2.5701e-02
11.750  20.750  3.2692e-02
11.750  21.000  4.3845e-02
11.750  21.250  6.3573e-02
11.750  21.500  9.4296e-02
11.750  21.750  1.2678e-01
11.750  22.000  1.5390e-01
11.750  22.250  1.7346e-01
11.750  22.500  1.8825e-01
11.750  22.750  1.9485e-01
11.750  23.000  1.9813e-01
11.750  23.250  1.9972e-01
11.750  23.500  1.9970e-01
11.750  23.750  1.9977e-01
11.750  24.000  1.9982e-01
12.000  17.000  5.5002e-03
12.000  17.250  7.5058e-03
12.000  17.500  7.2770e-03
12.000  17.750  7.0428e-03
12.000  18.000  6.8463e-03
12.000  18.250  6.7991e-03
12.000  18.500  7.0093e-03
12.000  18.750  7.4578e-03
12.000  19.000  8.1086e-03
12.000  19.250  9.0281e-03
12.000  19.500  1.0265e-02
12.000  19.750  1.1937e-02
12.000  20.000  1.4127e-02
12.000  20.250  1.6968e-02
12.000  20.500  2.0613e-02
12.000  20.750  2.5424e-02
12.000  21.000  3.2275e-02
12.000  21.250  4.3645e-02
12.000  21.500  6.2970e-02
12.000  21.750  9.5834e-02
12.000  22.000  1.2867e-01
12.000  22.250  1.5600e-01
12.000  22.500  1.7508e-01
12.000  22.750  1.8825e-01
12.000  23.000  1.9445e-01
12.000  23.250  1.9792e-01
12.000  23.500  1.9967e-01
12.000  23.750  1.9967e-01
12.000  24.000  1.9976e-01
12.250  17.000  2.4652e-03
12.250  17.250  5.9728e-03
12.250  17.500  7.2853e-03
12.250  17.750  6.9997e-03
12.250  18.000  6.7525e-03
12.250  18.250  6.6774e-03
12.250  18.500  6.8226e-03
12.250  18.750  7.1052e-03
12.250  19.000  7.5541e-03
12.250  19.250  8.2171e-03
12.250  19.500  9.1376e-03
12.250  19.750  1.0385e-02
12.250  20.000  1.2027e-02
12.250  20.250  1.4169e-02
12.250  20.500  1.6932e-02
12.250  20.750  2.0462e-02
12.250  21.000  2.5098e-02
12.250  21.250  3.1928e-02
12.250  21.500  4.2832e-02
12.250  21.750  6.4069e-02
12.250  22.000  9.6703e-02
12.250  22.250  1.3180e-01
12.250  22.500  1.5874e-01
12.250  22.750  1.7677e-01
12.250  23.000  1.8818e-01
12.250  23.250  1.9417e-01
12.250  23.500  1.9771e-01
12.250  23.750  1.9961e-01
12.250  24.000  1.9965e-01
12.500  17.000  1.1566e-03
12.500  17.250  2.7371e-03
12.500  17.500  6.0190e-03
12.500  17.750  7.1074e-03
12.500  18.000  6.8444e-03
12.500  18.250  6.7051e-03
12.500  18.500  6.7056e-03
12.500  18.750  6.8558e-03
12.500  19.000  7.1588e-03
12.500  19.250  7.6223e-03
12.500  19.500  8.2893e-03
12.500  19.750  9.2088e-03
12.500  20.000  1.0439e-02
12.500  20.250  1.2048e-02
12.500  20.500  1.4138e-02
12.500  20.750  1.6831e-02
12.500  21.000  2.0232e-02
12.500  21.250  2.4719e-02
12.500  21.500  3.1057e-02
12.500  21.750  4.3015e-02
12.500  22.000  6.5944e-02
12.500  22.250  1.0091e-01
12.500  22.500  1.3754e-01
12.500  22.750  1.6117e-01
12.500  23.000  1.7768e-01
12.500  23.250  1.8811e-01
12.500  23.500  1.9391e-01
12.500  23.750  1.9749e-01
12.500  24.000  1.9953e-01
12.750  17.000  6.1218e-04
12.750  17.250  1.3613e-03
12.750  17.500  2.8912e-03
12.750  17.750  5.8912e-03
12.750  18.000  7.0306e-03
12.750  18.250  6.8205e-03
12.750  18.500  6.6841e-03
12.750  18.750  6.6965e-03
12.750  19.000  6.8638e-03
12.750  19.250  7.1802e-03
12.750  19.500  7.6588e-03
12.750  19.750  8.3263e-03
12.750  20.000  9.2293e-03
12.750  20.250  1.0434e-02
12.750  20.500  1.2001e-02
12.750  20.750  1.4027e-02
12.750  21.000  1.6609e-02
12.750  21.250  1.9826e-02
12.750  21.500  2.3815e-02
12.750  21.750  3.0531e-02
12.750  22.000  4.3593e-02
12.750  22.250  6.9204e-02
12.750  22.500  1.0713e-01
12.750  22.750  1.4031e-01
12.750  23.000  1.6257e-01
12.750  23.250  1.7829e-01
12.750  23.500  1.8797e-01
12.750  23.750  1.9367e-01
12.750  24.000  1.9723e-01
13.000  17.000  9.9177e-05
13.000  17.250  2.4765e-04
13.000  17.500  8.8881e-04
13.000  17.750  2.3291e-03
13.000  18.000  4.2620e-03
13.000  18.250  5.2779e-03
13.000  18.500  6.0548e-03
13.000  18.750  6.6642e-03
13.000  19.000  6.6809e-03
13.000  19.250  6.8653e-03
13.000  19.500  7.1937e-03
13.000  19.750  7.6705e-03
13.000  20.000  8.3220e-03
13.000  20.250  9.2018e-03
13.000  20.500  1.0359e-02
13.000  20.750  1.1860e-02
13.000  21.000  1.3771e-02
13.000  21.250  1.6135e-02
13.000  21.500  1.8858e-02
13.000  21.750  2.2677e-02
13.000  22.000  2.9827e-02
13.000  22.250  4.4547e-02
13.000  22.500  7.2866e-02
13.000  22.750  1.1119e-01
13.000  23.000  1.4114e-01
13.000  23.250  1.6308e-01
13.000  23.500  1.7850e-01
13.000  23.750  1.8769e-01
13.000  24.000  1.9330e-01
13.250  17.000  6.0247e-05
13.250  17.250  1.1564e-04
13.250  17.500  2.8551e-04
13.250  17.750  7.3695e-04
13.250  18.000  1.8537e-03
13.250  18.250  3.7311e-03
13.250  18.500  5.1909e-03
13.250  18.750  5.8352e-03
13.250  19.000  6.6486e-03
13.250  19.250  6.6588e-03
13.250  19.500  6.8550e-03
13.250  19.750  7.1782e-03
13.250  20.000  7.6393e-03
13.250  20.250  8.2686e-03
13.250  20.500  9.0984e-03
13.250  20.750  1.0177e-02
13.250  21.000  1.1540e-02
13.250  21.250  1.3211e-02
13.250  21.500  1.5029e-02
13.250  21.750  1.7204e-02
13.250  22.000  2.0816e-02
13.250  22.250  2.8959e-02
13.250  22.500  4.5316e-02
13.250  22.750  7.5935e-02
13.250  23.000  1.1154e-01
13.250  23.250  1.4045e-01
13.250  23.500  1.6270e-01
13.250  23.750  1.7812e-01
13.250  24.000  1.8707e-01
13.500  17.000  3.6790e-05
13.500  17.250  7.3333e-05
13.500  17.500  1.6263e-04
13.500  17.750  3.5374e-04
13.500  18.000  9.0033e-04
13.500  18.250  1.9794e-03
13.500  18.500  3.7812e-03
13.500  18.750  5.4332e-03
13.500  19.000  6.1858e-03
13.500  19.250  6.6300e-03
13.500  19.500  6.6451e-03
13.500  19.750  6.8240e-03
13.500  20.000  7.1276e-03
13.500  20.250  7.5649e-03
13.500  20.500  8.1377e-03
13.500  20.750  8.8803e-03
13.500  21.000  9.7979e-03
13.500  21.250  1.0901e-02
13.500  21.500  1.2026e-02
13.500  21.750  1.3117e-02
13.500  22.000  1.4651e-02
13.500  22.250  1.8640e-02
13.500  22.500  2.8137e-02
13.500  22.750  4.6242e-02
13.500  23.000  7.6195e-02
13.500  23.250  1.1038e-01
13.500  23.500  1.3917e-01
13.500  23.750  1.6172e-01
13.500  24.000  1.7703e-01
13.750  17.000  2.2058e-05
13.750  17.250  4.4198e-05
13.750  17.500  9.5391e-05
13.750  17.750  1.9251e-04
13.750  18.000  4.6272e-04
13.750  18.250  1.0598e-03
13.750  18.500  2.0775e-03
13.750  18.750  3.7416e-03
13.750  19.000  6.0556e-03
13.750  19.250  6.6543e-03
13.750  19.500  6.2637e-03
13.750  19.750  6.5679e-03
13.750  20.000  6.7686e-03
13.750  20.250  7.0419e-03
13.750  20.500  7.4176e-03
13.750  20.750  7.8988e-03
13.750  21.000  8.4814e-03
13.750  21.250  9.1224e-03
13.750  21.500  9.7119e-03
13.750  21.750  1.0088e-02
13.750  22.000  1.0431e-02
13.750  22.250  1.2125e-02
13.750  22.500  1.7221e-02
13.750  22.750  2.8026e-02
13.750  23.000  4.6919e-02
13.750  23.250  7.7573e-02
13.750  23.500  1.0984e-01
13.750  23.750  1.3688e-01
13.750  24.000  1.5936e-01
14.000  17.000  1.3333e-05
14.000  17.250  2.6749e-05
14.000  17.500  5.9835e-05
14.000  17.750  1.1844e-04
14.000  18.000  2.4066e-04
14.000  18.250  5.6165e-04
14.000  18.500  1.1672e-03
14.000  18.750  2.1820e-03
14.000  19.000  3.8825e-03
14.000  19.250  6.4877e-03
14.000  19.500  6.7650e-03
14.000  19.750  6.5637e-03
14.000  20.000  6.5511e-03
14.000  20.250  6.6754e-03
14.000  20.500  6.8889e-03
14.000  20.750  7.1680e-03
14.000  21.000  7.4878e-03
14.000  21.250  7.7937e-03
14.000  21.500  7.9788e-03
14.000  21.750  7.8425e-03
14.000  22.000  7.5520e-03
14.000  22.250  8.0165e-03
14.000  22.500  1.0550e-02
14.000  22.750  1.6776e-02
14.000  23.000  2.8505e-02
14.000  23.250  4.7651e-02
14.000  23.500  7.7285e-02
14.000  23.750  1.0741e-01
14.000  24.000  1.3234e-01
