nFnu 3704.34A  relative to Inci 1215.00A scaled to 1215A.
Hden   Phi(H)  Eq_Width (A)
7.000  17.000  1.3676e-01
7.000  17.250  1.6455e-01
7.000  17.500  1.8873e-01
7.000  17.750  2.0967e-01
7.000  18.000  1.9556e-01
7.000  18.250  1.8112e-01
7.000  18.500  1.6937e-01
7.000  18.750  1.6369e-01
7.000  19.000  1.6147e-01
7.000  19.250  1.6016e-01
7.000  19.500  1.5963e-01
7.000  19.750  1.5942e-01
7.000  20.000  1.5933e-01
7.000  20.250  1.5929e-01
7.000  20.500  1.5927e-01
7.000  20.750  1.5926e-01
7.000  21.000  1.5925e-01
7.000  21.250  1.5925e-01
7.000  21.500  1.5924e-01
7.000  21.750  1.5924e-01
7.000  22.000  1.5924e-01
7.000  22.250  1.5924e-01
7.000  22.500  1.5924e-01
7.000  22.750  1.5925e-01
7.000  23.000  1.5925e-01
7.000  23.250  1.5925e-01
7.000  23.500  1.5925e-01
7.000  23.750  1.5925e-01
7.000  24.000  1.5925e-01
7.250  17.000  1.1541e-01
7.250  17.250  1.4031e-01
7.250  17.500  1.6926e-01
7.250  17.750  1.9175e-01
7.250  18.000  2.0979e-01
7.250  18.250  1.9562e-01
7.250  18.500  1.8110e-01
7.250  18.750  1.6936e-01
7.250  19.000  1.6369e-01
7.250  19.250  1.6147e-01
7.250  19.500  1.6017e-01
7.250  19.750  1.5963e-01
7.250  20.000  1.5942e-01
7.250  20.250  1.5933e-01
7.250  20.500  1.5929e-01
7.250  20.750  1.5927e-01
7.250  21.000  1.5926e-01
7.250  21.250  1.5925e-01
7.250  21.500  1.5925e-01
7.250  21.750  1.5925e-01
7.250  22.000  1.5924e-01
7.250  22.250  1.5924e-01
7.250  22.500  1.5924e-01
7.250  22.750  1.5924e-01
7.250  23.000  1.5924e-01
7.250  23.250  1.5924e-01
7.250  23.500  1.5924e-01
7.250  23.750  1.5924e-01
7.250  24.000  1.5924e-01
7.500  17.000  9.9883e-02
7.500  17.250  1.1877e-01
7.500  17.500  1.4508e-01
7.500  17.750  1.7550e-01
7.500  18.000  1.9494e-01
7.500  18.250  2.0992e-01
7.500  18.500  1.9570e-01
7.500  18.750  1.8107e-01
7.500  19.000  1.6936e-01
7.500  19.250  1.6369e-01
7.500  19.500  1.6146e-01
7.500  19.750  1.6017e-01
7.500  20.000  1.5963e-01
7.500  20.250  1.5942e-01
7.500  20.500  1.5933e-01
7.500  20.750  1.5929e-01
7.500  21.000  1.5927e-01
7.500  21.250  1.5925e-01
7.500  21.500  1.5925e-01
7.500  21.750  1.5925e-01
7.500  22.000  1.5924e-01
7.500  22.250  1.5924e-01
7.500  22.500  1.5924e-01
7.500  22.750  1.5924e-01
7.500  23.000  1.5924e-01
7.500  23.250  1.5924e-01
7.500  23.500  1.5924e-01
7.500  23.750  1.5924e-01
7.500  24.000  1.5924e-01
7.750  17.000  8.9164e-02
7.750  17.250  1.0295e-01
7.750  17.500  1.2366e-01
7.750  17.750  1.5242e-01
7.750  18.000  1.8350e-01
7.750  18.250  1.9868e-01
7.750  18.500  2.1004e-01
7.750  18.750  1.9579e-01
7.750  19.000  1.8105e-01
7.750  19.250  1.6935e-01
7.750  19.500  1.6369e-01
7.750  19.750  1.6146e-01
7.750  20.000  1.6016e-01
7.750  20.250  1.5963e-01
7.750  20.500  1.5942e-01
7.750  20.750  1.5933e-01
7.750  21.000  1.5929e-01
7.750  21.250  1.5927e-01
7.750  21.500  1.5926e-01
7.750  21.750  1.5926e-01
7.750  22.000  1.5925e-01
7.750  22.250  1.5924e-01
7.750  22.500  1.5924e-01
7.750  22.750  1.5924e-01
7.750  23.000  1.5924e-01
7.750  23.250  1.5924e-01
7.750  23.500  1.5924e-01
7.750  23.750  1.5924e-01
7.750  24.000  1.5924e-01
8.000  17.000  8.1211e-02
8.000  17.250  9.1013e-02
8.000  17.500  1.0664e-01
8.000  17.750  1.3078e-01
8.000  18.000  1.6325e-01
8.000  18.250  1.9344e-01
8.000  18.500  2.0279e-01
8.000  18.750  2.1013e-01
8.000  19.000  1.9583e-01
8.000  19.250  1.8103e-01
8.000  19.500  1.6934e-01
8.000  19.750  1.6369e-01
8.000  20.000  1.6146e-01
8.000  20.250  1.6016e-01
8.000  20.500  1.5963e-01
8.000  20.750  1.5942e-01
8.000  21.000  1.5933e-01
8.000  21.250  1.5929e-01
8.000  21.500  1.5927e-01
8.000  21.750  1.5926e-01
8.000  22.000  1.5925e-01
8.000  22.250  1.5925e-01
8.000  22.500  1.5925e-01
8.000  22.750  1.5924e-01
8.000  23.000  1.5924e-01
8.000  23.250  1.5924e-01
8.000  23.500  1.5924e-01
8.000  23.750  1.5924e-01
8.000  24.000  1.5924e-01
8.250  17.000  7.6595e-02
8.250  17.250  8.3650e-02
8.250  17.500  9.5082e-02
8.250  17.750  1.1428e-01
8.250  18.000  1.4438e-01
8.250  18.250  1.8184e-01
8.250  18.500  2.0514e-01
8.250  18.750  2.0939e-01
8.250  19.000  2.1026e-01
8.250  19.250  1.9594e-01
8.250  19.500  1.8100e-01
8.250  19.750  1.6934e-01
8.250  20.000  1.6368e-01
8.250  20.250  1.6146e-01
8.250  20.500  1.6017e-01
8.250  20.750  1.5963e-01
8.250  21.000  1.5942e-01
8.250  21.250  1.5933e-01
8.250  21.500  1.5929e-01
8.250  21.750  1.5927e-01
8.250  22.000  1.5926e-01
8.250  22.250  1.5925e-01
8.250  22.500  1.5925e-01
8.250  22.750  1.5925e-01
8.250  23.000  1.5924e-01
8.250  23.250  1.5924e-01
8.250  23.500  1.5924e-01
8.250  23.750  1.5924e-01
8.250  24.000  1.5924e-01
8.500  17.000  7.3622e-02
8.500  17.250  7.9007e-02
8.500  17.500  8.7477e-02
8.500  17.750  1.0228e-01
8.500  18.000  1.2824e-01
8.500  18.250  1.6682e-01
8.500  18.500  2.0538e-01
8.500  18.750  2.1898e-01
8.500  19.000  2.1507e-01
8.500  19.250  2.1038e-01
8.500  19.500  1.9607e-01
8.500  19.750  1.8097e-01
8.500  20.000  1.6933e-01
8.500  20.250  1.6368e-01
8.500  20.500  1.6146e-01
8.500  20.750  1.6017e-01
8.500  21.000  1.5963e-01
8.500  21.250  1.5942e-01
8.500  21.500  1.5933e-01
8.500  21.750  1.5929e-01
8.500  22.000  1.5927e-01
8.500  22.250  1.5926e-01
8.500  22.500  1.5925e-01
8.500  22.750  1.5925e-01
8.500  23.000  1.5924e-01
8.500  23.250  1.5924e-01
8.500  23.500  1.5924e-01
8.500  23.750  1.5924e-01
8.500  24.000  1.5924e-01
8.750  17.000  7.1606e-02
8.750  17.250  7.6144e-02
8.750  17.500  8.2840e-02
8.750  17.750  9.4296e-02
8.750  18.000  1.1572e-01
8.750  18.250  1.5147e-01
8.750  18.500  1.9394e-01
8.750  18.750  2.2796e-01
8.750  19.000  2.2760e-01
8.750  19.250  2.2195e-01
8.750  19.500  2.1047e-01
8.750  19.750  1.9623e-01
8.750  20.000  1.8094e-01
8.750  20.250  1.6932e-01
8.750  20.500  1.6368e-01
8.750  20.750  1.6146e-01
8.750  21.000  1.6017e-01
8.750  21.250  1.5963e-01
8.750  21.500  1.5942e-01
8.750  21.750  1.5933e-01
8.750  22.000  1.5929e-01
8.750  22.250  1.5927e-01
8.750  22.500  1.5926e-01
8.750  22.750  1.5925e-01
8.750  23.000  1.5925e-01
8.750  23.250  1.5925e-01
8.750  23.500  1.5924e-01
8.750  23.750  1.5924e-01
8.750  24.000  1.5924e-01
9.000  17.000  7.0124e-02
9.000  17.250  7.4370e-02
9.000  17.500  8.0255e-02
9.000  17.750  8.9890e-02
9.000  18.000  1.0762e-01
9.000  18.250  1.3851e-01
9.000  18.500  1.8016e-01
9.000  18.750  2.2274e-01
9.000  19.000  2.4701e-01
9.000  19.250  2.3926e-01
9.000  19.500  2.2884e-01
9.000  19.750  2.1054e-01
9.000  20.000  1.9640e-01
9.000  20.250  1.8090e-01
9.000  20.500  1.6931e-01
9.000  20.750  1.6368e-01
9.000  21.000  1.6146e-01
9.000  21.250  1.6017e-01
9.000  21.500  1.5963e-01
9.000  21.750  1.5942e-01
9.000  22.000  1.5933e-01
9.000  22.250  1.5929e-01
9.000  22.500  1.5927e-01
9.000  22.750  1.5925e-01
9.000  23.000  1.5925e-01
9.000  23.250  1.5925e-01
9.000  23.500  1.5925e-01
9.000  23.750  1.5924e-01
9.000  24.000  1.5924e-01
9.250  17.000  6.8871e-02
9.250  17.250  7.3228e-02
9.250  17.500  7.9038e-02
9.250  17.750  8.8025e-02
9.250  18.000  1.0406e-01
9.250  18.250  1.3097e-01
9.250  18.500  1.6696e-01
9.250  18.750  2.0988e-01
9.250  19.000  2.4595e-01
9.250  19.250  2.6657e-01
9.250  19.500  2.4968e-01
9.250  19.750  2.3700e-01
9.250  20.000  2.1065e-01
9.250  20.250  1.9658e-01
9.250  20.500  1.8087e-01
9.250  20.750  1.6931e-01
9.250  21.000  1.6368e-01
9.250  21.250  1.6146e-01
9.250  21.500  1.6016e-01
9.250  21.750  1.5958e-01
9.250  22.000  1.5922e-01
9.250  22.250  1.5927e-01
9.250  22.500  1.5929e-01
9.250  22.750  1.5927e-01
9.250  23.000  1.5925e-01
9.250  23.250  1.5925e-01
9.250  23.500  1.5925e-01
9.250  23.750  1.5925e-01
9.250  24.000  1.5924e-01
9.500  17.000  6.7779e-02
9.500  17.250  7.2491e-02
9.500  17.500  7.8710e-02
9.500  17.750  8.8028e-02
9.500  18.000  1.0398e-01
9.500  18.250  1.2917e-01
9.500  18.500  1.6079e-01
9.500  18.750  1.9609e-01
9.500  19.000  2.3378e-01
9.500  19.250  2.6761e-01
9.500  19.500  2.7651e-01
9.500  19.750  2.5918e-01
9.500  20.000  2.4028e-01
9.500  20.250  2.1084e-01
9.500  20.500  1.9680e-01
9.500  20.750  1.8083e-01
9.500  21.000  1.6929e-01
9.500  21.250  1.6366e-01
9.500  21.500  1.6133e-01
9.500  21.750  1.5992e-01
9.500  22.000  1.5936e-01
9.500  22.250  1.5908e-01
9.500  22.500  1.5894e-01
9.500  22.750  1.5887e-01
9.500  23.000  1.5883e-01
9.500  23.250  1.5882e-01
9.500  23.500  1.5901e-01
9.500  23.750  1.5900e-01
9.500  24.000  1.5900e-01
9.750  17.000  6.6739e-02
9.750  17.250  7.1961e-02
9.750  17.500  7.8879e-02
9.750  17.750  8.9263e-02
9.750  18.000  1.0644e-01
9.750  18.250  1.3174e-01
9.750  18.500  1.6041e-01
9.750  18.750  1.8900e-01
9.750  19.000  2.1885e-01
9.750  19.250  2.5132e-01
9.750  19.500  2.8578e-01
9.750  19.750  2.8400e-01
9.750  20.000  2.7044e-01
9.750  20.250  2.4071e-01
9.750  20.500  2.1122e-01
9.750  20.750  1.9707e-01
9.750  21.000  1.8079e-01
9.750  21.250  1.6928e-01
9.750  21.500  1.6367e-01
9.750  21.750  1.6142e-01
9.750  22.000  1.5993e-01
9.750  22.250  1.5938e-01
9.750  22.500  1.5913e-01
9.750  22.750  1.5900e-01
9.750  23.000  1.5893e-01
9.750  23.250  1.5888e-01
9.750  23.500  1.5887e-01
9.750  23.750  1.5885e-01
9.750  24.000  1.5885e-01
10.000  17.000  6.5867e-02
10.000  17.250  7.1627e-02
10.000  17.500  7.9478e-02
10.000  17.750  9.1489e-02
10.000  18.000  1.1085e-01
10.000  18.250  1.3649e-01
10.000  18.500  1.6288e-01
10.000  18.750  1.8631e-01
10.000  19.000  2.0877e-01
10.000  19.250  2.3189e-01
10.000  19.500  2.5710e-01
10.000  19.750  2.7576e-01
10.000  20.000  2.8493e-01
10.000  20.250  2.8433e-01
10.000  20.500  2.4133e-01
10.000  20.750  2.1188e-01
10.000  21.000  1.9746e-01
10.000  21.250  1.8075e-01
10.000  21.500  1.6927e-01
10.000  21.750  1.6368e-01
10.000  22.000  1.6145e-01
10.000  22.250  1.5997e-01
10.000  22.500  1.5939e-01
10.000  22.750  1.5916e-01
10.000  23.000  1.5904e-01
10.000  23.250  1.5898e-01
10.000  23.500  1.5894e-01
10.000  23.750  1.5892e-01
10.000  24.000  1.5891e-01
10.250  17.000  6.5556e-02
10.250  17.250  7.1536e-02
10.250  17.500  8.0696e-02
10.250  17.750  9.4812e-02
10.250  18.000  1.1640e-01
10.250  18.250  1.4270e-01
10.250  18.500  1.6682e-01
10.250  18.750  1.8563e-01
10.250  19.000  2.0183e-01
10.250  19.250  2.1881e-01
10.250  19.500  2.3964e-01
10.250  19.750  2.6642e-01
10.250  20.000  2.8620e-01
10.250  20.250  2.9984e-01
10.250  20.500  2.9197e-01
10.250  20.750  2.4180e-01
10.250  21.000  2.1291e-01
10.250  21.250  1.9803e-01
10.250  21.500  1.8070e-01
10.250  21.750  1.6926e-01
10.250  22.000  1.6368e-01
10.250  22.250  1.6146e-01
10.250  22.500  1.6009e-01
10.250  22.750  1.5940e-01
10.250  23.000  1.5917e-01
10.250  23.250  1.5907e-01
10.250  23.500  1.5901e-01
10.250  23.750  1.5898e-01
10.250  24.000  1.5897e-01
10.500  17.000  6.6768e-02
10.500  17.250  7.2751e-02
10.500  17.500  8.2856e-02
10.500  17.750  9.9484e-02
10.500  18.000  1.2279e-01
10.500  18.250  1.4874e-01
10.500  18.500  1.7042e-01
10.500  18.750  1.8583e-01
10.500  19.000  1.9888e-01
10.500  19.250  2.1254e-01
10.500  19.500  2.2924e-01
10.500  19.750  2.5220e-01
10.500  20.000  2.7961e-01
10.500  20.250  3.0131e-01
10.500  20.500  3.1738e-01
10.500  20.750  2.9414e-01
10.500  21.000  2.4298e-01
10.500  21.250  2.1448e-01
10.500  21.500  1.9859e-01
10.500  21.750  1.8065e-01
10.500  22.000  1.6924e-01
10.500  22.250  1.6368e-01
10.500  22.500  1.6146e-01
10.500  22.750  1.6014e-01
10.500  23.000  1.5943e-01
10.500  23.250  1.5918e-01
10.500  23.500  1.5908e-01
10.500  23.750  1.5904e-01
10.500  24.000  1.5901e-01
10.750  17.000  6.9728e-02
10.750  17.250  7.5662e-02
10.750  17.500  8.6822e-02
10.750  17.750  1.0515e-01
10.750  18.000  1.2954e-01
10.750  18.250  1.5469e-01
10.750  18.500  1.7373e-01
10.750  18.750  1.8678e-01
10.750  19.000  1.9774e-01
10.750  19.250  2.0939e-01
10.750  19.500  2.2320e-01
10.750  19.750  2.4113e-01
10.750  20.000  2.6466e-01
10.750  20.250  2.9306e-01
10.750  20.500  3.1640e-01
10.750  20.750  3.3274e-01
10.750  21.000  2.9703e-01
10.750  21.250  2.4522e-01
10.750  21.500  2.1709e-01
10.750  21.750  1.9910e-01
10.750  22.000  1.8058e-01
10.750  22.250  1.6923e-01
10.750  22.500  1.6367e-01
10.750  22.750  1.6146e-01
10.750  23.000  1.6016e-01
10.750  23.250  1.5955e-01
10.750  23.500  1.5920e-01
10.750  23.750  1.5909e-01
10.750  24.000  1.5905e-01
11.000  17.000  7.4200e-02
11.000  17.250  8.0500e-02
11.000  17.500  9.2530e-02
11.000  17.750  1.1172e-01
11.000  18.000  1.3595e-01
11.000  18.250  1.5954e-01
11.000  18.500  1.7562e-01
11.000  18.750  1.8719e-01
11.000  19.000  1.9691e-01
11.000  19.250  2.0715e-01
11.000  19.500  2.1906e-01
11.000  19.750  2.3292e-01
11.000  20.000  2.5092e-01
11.000  20.250  2.7567e-01
11.000  20.500  3.0644e-01
11.000  20.750  3.3179e-01
11.000  21.000  3.4792e-01
11.000  21.250  2.9958e-01
11.000  21.500  2.4826e-01
11.000  21.750  2.2110e-01
11.000  22.000  1.9941e-01
11.000  22.250  1.8050e-01
11.000  22.500  1.6921e-01
11.000  22.750  1.6367e-01
11.000  23.000  1.6146e-01
11.000  23.250  1.6016e-01
11.000  23.500  1.5960e-01
11.000  23.750  1.5927e-01
11.000  24.000  1.5911e-01
11.250  17.000  7.9723e-02
11.250  17.250  8.6938e-02
11.250  17.500  9.9732e-02
11.250  17.750  1.1906e-01
11.250  18.000  1.4243e-01
11.250  18.250  1.6375e-01
11.250  18.500  1.7732e-01
11.250  18.750  1.8786e-01
11.250  19.000  1.9656e-01
11.250  19.250  2.0599e-01
11.250  19.500  2.1583e-01
11.250  19.750  2.2713e-01
11.250  20.000  2.4126e-01
11.250  20.250  2.6033e-01
11.250  20.500  2.8772e-01
11.250  20.750  3.2224e-01
11.250  21.000  3.4921e-01
11.250  21.250  3.5197e-01
11.250  21.500  3.0273e-01
11.250  21.750  2.5301e-01
11.250  22.000  2.2566e-01
11.250  22.250  1.9926e-01
11.250  22.500  1.8039e-01
11.250  22.750  1.6918e-01
11.250  23.000  1.6366e-01
11.250  23.250  1.6146e-01
11.250  23.500  1.6016e-01
11.250  23.750  1.5962e-01
11.250  24.000  1.5937e-01
11.500  17.000  8.5606e-02
11.500  17.250  9.4500e-02
11.500  17.500  1.0820e-01
11.500  17.750  1.2730e-01
11.500  18.000  1.4922e-01
11.500  18.250  1.6770e-01
11.500  18.500  1.7894e-01
11.500  18.750  1.8745e-01
11.500  19.000  1.9639e-01
11.500  19.250  2.0500e-01
11.500  19.500  2.1388e-01
11.500  19.750  2.2334e-01
11.500  20.000  2.3472e-01
11.500  20.250  2.4998e-01
11.500  20.500  2.7164e-01
11.500  20.750  3.0317e-01
11.500  21.000  3.4311e-01
11.500  21.250  3.7173e-01
11.500  21.500  3.5691e-01
11.500  21.750  3.0697e-01
11.500  22.000  2.5924e-01
11.500  22.250  2.2909e-01
11.500  22.500  1.9896e-01
11.500  22.750  1.8025e-01
11.500  23.000  1.6915e-01
11.500  23.250  1.6365e-01
11.500  23.500  1.6145e-01
11.500  23.750  1.6016e-01
11.500  24.000  1.5963e-01
11.750  17.000  9.0288e-02
11.750  17.250  1.0204e-01
11.750  17.500  1.1714e-01
11.750  17.750  1.3602e-01
11.750  18.000  1.5601e-01
11.750  18.250  1.7100e-01
11.750  18.500  1.7990e-01
11.750  18.750  1.8827e-01
11.750  19.000  1.9843e-01
11.750  19.250  2.0681e-01
11.750  19.500  2.1351e-01
11.750  19.750  2.2167e-01
11.750  20.000  2.3129e-01
11.750  20.250  2.4368e-01
11.750  20.500  2.6106e-01
11.750  20.750  2.8704e-01
11.750  21.000  3.2389e-01
11.750  21.250  3.7139e-01
11.750  21.500  3.8923e-01
11.750  21.750  3.6572e-01
11.750  22.000  3.1435e-01
11.750  22.250  2.6636e-01
11.750  22.500  2.3017e-01
11.750  22.750  1.9858e-01
11.750  23.000  1.8007e-01
11.750  23.250  1.6911e-01
11.750  23.500  1.6363e-01
11.750  23.750  1.6144e-01
11.750  24.000  1.6016e-01
12.000  17.000  8.5731e-02
12.000  17.250  1.0723e-01
12.000  17.500  1.2453e-01
12.000  17.750  1.4323e-01
12.000  18.000  1.6081e-01
12.000  18.250  1.7283e-01
12.000  18.500  1.8115e-01
12.000  18.750  1.9075e-01
12.000  19.000  2.0202e-01
12.000  19.250  2.1010e-01
12.000  19.500  2.1639e-01
12.000  19.750  2.2289e-01
12.000  20.000  2.3083e-01
12.000  20.250  2.4102e-01
12.000  20.500  2.5518e-01
12.000  20.750  2.7665e-01
12.000  21.000  3.0843e-01
12.000  21.250  3.5301e-01
12.000  21.500  3.9364e-01
12.000  21.750  4.1931e-01
12.000  22.000  3.7792e-01
12.000  22.250  3.2352e-01
12.000  22.500  2.7325e-01
12.000  22.750  2.3023e-01
12.000  23.000  1.9809e-01
12.000  23.250  1.7983e-01
12.000  23.500  1.6905e-01
12.000  23.750  1.6360e-01
12.000  24.000  1.6143e-01
12.250  17.000  7.2975e-02
12.250  17.250  1.0107e-01
12.250  17.500  1.2616e-01
12.250  17.750  1.4461e-01
12.250  18.000  1.6035e-01
12.250  18.250  1.7211e-01
12.250  18.500  1.8277e-01
12.250  18.750  1.9477e-01
12.250  19.000  2.0691e-01
12.250  19.250  2.1545e-01
12.250  19.500  2.2168e-01
12.250  19.750  2.2723e-01
12.250  20.000  2.3335e-01
12.250  20.250  2.4156e-01
12.250  20.500  2.5353e-01
12.250  20.750  2.7172e-01
12.250  21.000  2.9942e-01
12.250  21.250  3.3949e-01
12.250  21.500  3.7782e-01
12.250  21.750  4.3587e-01
12.250  22.000  4.5444e-01
12.250  22.250  3.9516e-01
12.250  22.500  3.3682e-01
12.250  22.750  2.7890e-01
12.250  23.000  2.2962e-01
12.250  23.250  1.9746e-01
12.250  23.500  1.7949e-01
12.250  23.750  1.6897e-01
12.250  24.000  1.6357e-01
12.500  17.000  6.2307e-02
12.500  17.250  8.1408e-02
12.500  17.500  1.1081e-01
12.500  17.750  1.3347e-01
12.500  18.000  1.5047e-01
12.500  18.250  1.6746e-01
12.500  18.500  1.8588e-01
12.500  18.750  2.0360e-01
12.500  19.000  2.1498e-01
12.500  19.250  2.2278e-01
12.500  19.500  2.2923e-01
12.500  19.750  2.3420e-01
12.500  20.000  2.3906e-01
12.500  20.250  2.4540e-01
12.500  20.500  2.5530e-01
12.500  20.750  2.7111e-01
12.500  21.000  2.9575e-01
12.500  21.250  3.3226e-01
12.500  21.500  3.6774e-01
12.500  21.750  4.2424e-01
12.500  22.000  4.8604e-01
12.500  22.250  4.8860e-01
12.500  22.500  4.2445e-01
12.500  22.750  3.4949e-01
12.500  23.000  2.8050e-01
12.500  23.250  2.2840e-01
12.500  23.500  1.9663e-01
12.500  23.750  1.7903e-01
12.500  24.000  1.6884e-01
12.750  17.000  4.9895e-02
12.750  17.250  6.2898e-02
12.750  17.500  8.2981e-02
12.750  17.750  1.1039e-01
12.750  18.000  1.3631e-01
12.750  18.250  1.5963e-01
12.750  18.500  1.8783e-01
12.750  18.750  2.0977e-01
12.750  19.000  2.2447e-01
12.750  19.250  2.3296e-01
12.750  19.500  2.3901e-01
12.750  19.750  2.4314e-01
12.750  20.000  2.4744e-01
12.750  20.250  2.5298e-01
12.750  20.500  2.6088e-01
12.750  20.750  2.7405e-01
12.750  21.000  2.9717e-01
12.750  21.250  3.3056e-01
12.750  21.500  3.6482e-01
12.750  21.750  4.1967e-01
12.750  22.000  4.8300e-01
12.750  22.250  5.4314e-01
12.750  22.500  5.2827e-01
12.750  22.750  4.4638e-01
12.750  23.000  3.5532e-01
12.750  23.250  2.7958e-01
12.750  23.500  2.2663e-01
12.750  23.750  1.9549e-01
12.750  24.000  1.7837e-01
13.000  17.000  3.5303e-02
13.000  17.250  4.4782e-02
13.000  17.500  6.1403e-02
13.000  17.750  8.6470e-02
13.000  18.000  1.1700e-01
13.000  18.250  1.4706e-01
13.000  18.500  1.7944e-01
13.000  18.750  2.1025e-01
13.000  19.000  2.3052e-01
13.000  19.250  2.4323e-01
13.000  19.500  2.4989e-01
13.000  19.750  2.5452e-01
13.000  20.000  2.5820e-01
13.000  20.250  2.6313e-01
13.000  20.500  2.7064e-01
13.000  20.750  2.8222e-01
13.000  21.000  3.0173e-01
13.000  21.250  3.3336e-01
13.000  21.500  3.6752e-01
13.000  21.750  4.2130e-01
13.000  22.000  4.8546e-01
13.000  22.250  5.4850e-01
13.000  22.500  5.9664e-01
13.000  22.750  5.5831e-01
13.000  23.000  4.5312e-01
13.000  23.250  3.5367e-01
13.000  23.500  2.7674e-01
13.000  23.750  2.2413e-01
13.000  24.000  1.9389e-01
13.250  17.000  3.4631e-02
13.250  17.250  4.1468e-02
13.250  17.500  5.3701e-02
13.250  17.750  7.3524e-02
13.250  18.000  1.0189e-01
13.250  18.250  1.3586e-01
13.250  18.500  1.6858e-01
13.250  18.750  2.0037e-01
13.250  19.000  2.3134e-01
13.250  19.250  2.4783e-01
13.250  19.500  2.6032e-01
13.250  19.750  2.6642e-01
13.250  20.000  2.7011e-01
13.250  20.250  2.7513e-01
13.250  20.500  2.8168e-01
13.250  20.750  2.9274e-01
13.250  21.000  3.1022e-01
13.250  21.250  3.3916e-01
13.250  21.500  3.6840e-01
13.250  21.750  4.2147e-01
13.250  22.000  4.8629e-01
13.250  22.250  5.4889e-01
13.250  22.500  5.9816e-01
13.250  22.750  6.3692e-01
13.250  23.000  5.5947e-01
13.250  23.250  4.4346e-01
13.250  23.500  3.4586e-01
13.250  23.750  2.7188e-01
13.250  24.000  2.2064e-01
13.500  17.000  3.4538e-02
13.500  17.250  4.1008e-02
13.500  17.500  5.1964e-02
13.500  17.750  6.8560e-02
13.500  18.000  9.3690e-02
13.500  18.250  1.2407e-01
13.500  18.500  1.5761e-01
13.500  18.750  1.9025e-01
13.500  19.000  2.2171e-01
13.500  19.250  2.5003e-01
13.500  19.500  2.6724e-01
13.500  19.750  2.7674e-01
13.500  20.000  2.8254e-01
13.500  20.250  2.8898e-01
13.500  20.500  2.9490e-01
13.500  20.750  3.0436e-01
13.500  21.000  3.1789e-01
13.500  21.250  3.4477e-01
13.500  21.500  3.6917e-01
13.500  21.750  4.1772e-01
13.500  22.000  4.8138e-01
13.500  22.250  5.3816e-01
13.500  22.500  5.8810e-01
13.500  22.750  6.2644e-01
13.500  23.000  6.4184e-01
13.500  23.250  5.4397e-01
13.500  23.500  4.2752e-01
13.500  23.750  3.3831e-01
13.500  24.000  2.6501e-01
13.750  17.000  3.4920e-02
13.750  17.250  4.0839e-02
13.750  17.500  5.1191e-02
13.750  17.750  6.6200e-02
13.750  18.000  8.8853e-02
13.750  18.250  1.1658e-01
13.750  18.500  1.4679e-01
13.750  18.750  1.7851e-01
13.750  19.000  2.1166e-01
13.750  19.250  2.4229e-01
13.750  19.500  2.6694e-01
13.750  19.750  2.8554e-01
13.750  20.000  2.9535e-01
13.750  20.250  3.0281e-01
13.750  20.500  3.1033e-01
13.750  20.750  3.1955e-01
13.750  21.000  3.3283e-01
13.750  21.250  3.5299e-01
13.750  21.500  3.7535e-01
13.750  21.750  4.2008e-01
13.750  22.000  4.7618e-01
13.750  22.250  5.3045e-01
13.750  22.500  5.7356e-01
13.750  22.750  6.0219e-01
13.750  23.000  6.2095e-01
13.750  23.250  6.4919e-01
13.750  23.500  5.2965e-01
13.750  23.750  4.1426e-01
13.750  24.000  3.2746e-01
14.000  17.000  3.5860e-02
14.000  17.250  4.1341e-02
14.000  17.500  5.1298e-02
14.000  17.750  6.5720e-02
14.000  18.000  8.5882e-02
14.000  18.250  1.1193e-01
14.000  18.500  1.4023e-01
14.000  18.750  1.6930e-01
14.000  19.000  1.9992e-01
14.000  19.250  2.3284e-01
14.000  19.500  2.6241e-01
14.000  19.750  2.8965e-01
14.000  20.000  3.0708e-01
14.000  20.250  3.1763e-01
14.000  20.500  3.2678e-01
14.000  20.750  3.3700e-01
14.000  21.000  3.5063e-01
14.000  21.250  3.7073e-01
14.000  21.500  3.8983e-01
14.000  21.750  4.3234e-01
14.000  22.000  4.8417e-01
14.000  22.250  5.3192e-01
14.000  22.500  5.6529e-01
14.000  22.750  5.8484e-01
14.000  23.000  5.9080e-01
14.000  23.250  5.9181e-01
14.000  23.500  6.3267e-01
14.000  23.750  5.0954e-01
14.000  24.000  4.0094e-01
