InwD 913.000A  relative to Inci 1215.00A scaled to 1215A.
Hden   Phi(H)  Eq_Width (A)
7.000  17.000  1.5680e-02
7.000  17.250  1.7590e-02
7.000  17.500  2.0060e-02
7.000  17.750  2.2170e-02
7.000  18.000  2.1470e-02
7.000  18.250  1.8520e-02
7.000  18.500  1.3150e-02
7.000  18.750  6.7300e-03
7.000  19.000  3.4700e-03
7.000  19.250  1.5200e-03
7.000  19.500  6.7000e-04
7.000  19.750  3.1000e-04
7.000  20.000  1.5000e-04
7.000  20.250  8.0000e-05
7.000  20.500  4.0000e-05
7.000  20.750  3.0000e-05
7.000  21.000  2.0000e-05
7.000  21.250  1.3180e-05
7.000  21.500  1.0705e-05
7.000  21.750  1.0000e-05
7.000  22.000  1.0000e-05
7.000  22.250  1.0000e-05
7.000  22.500  1.0000e-10
7.000  22.750  1.0000e-10
7.000  23.000  1.0000e-10
7.000  23.250  1.0000e-10
7.000  23.500  1.0000e-10
7.000  23.750  1.0000e-10
7.000  24.000  1.0000e-10
7.250  17.000  1.3249e-02
7.250  17.250  1.3951e-02
7.250  17.500  1.6130e-02
7.250  17.750  1.8810e-02
7.250  18.000  2.1150e-02
7.250  18.250  2.1020e-02
7.250  18.500  1.8300e-02
7.250  18.750  1.3070e-02
7.250  19.000  6.7100e-03
7.250  19.250  3.4600e-03
7.250  19.500  1.5200e-03
7.250  19.750  6.6000e-04
7.250  20.000  3.1000e-04
7.250  20.250  1.5000e-04
7.250  20.500  8.0000e-05
7.250  20.750  4.0000e-05
7.250  21.000  3.0000e-05
7.250  21.250  2.0000e-05
7.250  21.500  1.0000e-05
7.250  21.750  1.0000e-05
7.250  22.000  1.0000e-05
7.250  22.250  1.0000e-10
7.250  22.500  1.0000e-10
7.250  22.750  1.0000e-10
7.250  23.000  1.0000e-10
7.250  23.250  1.0000e-10
7.250  23.500  1.0000e-10
7.250  23.750  1.0000e-10
7.250  24.000  1.0000e-10
7.500  17.000  1.1292e-02
7.500  17.250  1.1269e-02
7.500  17.500  1.2355e-02
7.500  17.750  1.4810e-02
7.500  18.000  1.7800e-02
7.500  18.250  2.0340e-02
7.500  18.500  2.0760e-02
7.500  18.750  1.8180e-02
7.500  19.000  1.3020e-02
7.500  19.250  6.6900e-03
7.500  19.500  3.4600e-03
7.500  19.750  1.5200e-03
7.500  20.000  6.6000e-04
7.500  20.250  3.1000e-04
7.500  20.500  1.5000e-04
7.500  20.750  8.0000e-05
7.500  21.000  4.0000e-05
7.500  21.250  2.0000e-05
7.500  21.500  2.0000e-05
7.500  21.750  1.0000e-05
7.500  22.000  1.0000e-05
7.500  22.250  1.0000e-05
7.500  22.500  1.0000e-10
7.500  22.750  1.0000e-10
7.500  23.000  1.0000e-10
7.500  23.250  1.0000e-10
7.500  23.500  1.0000e-10
7.500  23.750  1.0000e-10
7.500  24.000  1.0000e-10
7.750  17.000  9.4550e-03
7.750  17.250  9.1730e-03
7.750  17.500  9.5430e-03
7.750  17.750  1.1016e-02
7.750  18.000  1.3690e-02
7.750  18.250  1.7090e-02
7.750  18.500  1.9820e-02
7.750  18.750  2.0650e-02
7.750  19.000  1.8140e-02
7.750  19.250  1.2990e-02
7.750  19.500  6.6800e-03
7.750  19.750  3.4500e-03
7.750  20.000  1.5200e-03
7.750  20.250  6.7000e-04
7.750  20.500  3.1000e-04
7.750  20.750  1.5000e-04
7.750  21.000  8.0000e-05
7.750  21.250  5.0000e-05
7.750  21.500  3.0000e-05
7.750  21.750  1.0000e-05
7.750  22.000  1.0000e-05
7.750  22.250  1.0000e-05
7.750  22.500  1.0000e-10
7.750  22.750  1.0000e-10
7.750  23.000  1.0000e-10
7.750  23.250  1.0000e-10
7.750  23.500  1.0000e-10
7.750  23.750  1.0000e-10
7.750  24.000  1.0000e-10
8.000  17.000  7.3366e-03
8.000  17.250  7.1340e-03
8.000  17.500  7.3340e-03
8.000  17.750  8.1480e-03
8.000  18.000  9.9650e-03
8.000  18.250  1.2930e-02
8.000  18.500  1.6540e-02
8.000  18.750  1.9510e-02
8.000  19.000  2.0620e-02
8.000  19.250  1.8150e-02
8.000  19.500  1.2970e-02
8.000  19.750  6.6700e-03
8.000  20.000  3.4500e-03
8.000  20.250  1.5200e-03
8.000  20.500  6.6000e-04
8.000  20.750  3.1000e-04
8.000  21.000  1.5000e-04
8.000  21.250  8.0000e-05
8.000  21.500  5.0000e-05
8.000  21.750  3.0000e-05
8.000  22.000  2.0000e-05
8.000  22.250  1.0000e-05
8.000  22.500  1.0000e-05
8.000  22.750  1.0000e-05
8.000  23.000  1.0000e-10
8.000  23.250  1.0000e-10
8.000  23.500  1.0000e-10
8.000  23.750  1.0000e-10
8.000  24.000  1.0000e-10
8.250  17.000  5.5053e-03
8.250  17.250  5.4022e-03
8.250  17.500  5.5610e-03
8.250  17.750  6.1040e-03
8.250  18.000  7.2670e-03
8.250  18.250  9.3260e-03
8.250  18.500  1.2480e-02
8.250  18.750  1.6280e-02
8.250  19.000  1.9370e-02
8.250  19.250  2.0650e-02
8.250  19.500  1.8190e-02
8.250  19.750  1.2970e-02
8.250  20.000  6.6800e-03
8.250  20.250  3.4500e-03
8.250  20.500  1.5200e-03
8.250  20.750  6.6000e-04
8.250  21.000  3.1000e-04
8.250  21.250  1.5000e-04
8.250  21.500  8.0000e-05
8.250  21.750  4.0000e-05
8.250  22.000  3.0000e-05
8.250  22.250  2.0000e-05
8.250  22.500  1.0000e-05
8.250  22.750  1.0000e-05
8.250  23.000  1.0000e-05
8.250  23.250  1.0000e-10
8.250  23.500  1.0000e-10
8.250  23.750  1.0000e-10
8.250  24.000  1.0000e-10
8.500  17.000  4.0411e-03
8.500  17.250  3.9837e-03
8.500  17.500  4.1409e-03
8.500  17.750  4.5560e-03
8.500  18.000  5.3410e-03
8.500  18.250  6.6730e-03
8.500  18.500  8.9010e-03
8.500  18.750  1.2220e-02
8.500  19.000  1.6180e-02
8.500  19.250  1.9340e-02
8.500  19.500  2.0740e-02
8.500  19.750  1.8260e-02
8.500  20.000  1.2960e-02
8.500  20.250  6.6700e-03
8.500  20.500  3.4500e-03
8.500  20.750  1.5200e-03
8.500  21.000  6.6000e-04
8.500  21.250  3.1000e-04
8.500  21.500  1.5000e-04
8.500  21.750  8.0000e-05
8.500  22.000  4.0000e-05
8.500  22.250  3.0000e-05
8.500  22.500  1.0000e-05
8.500  22.750  1.0000e-05
8.500  23.000  1.0000e-05
8.500  23.250  1.0000e-10
8.500  23.500  1.0000e-10
8.500  23.750  1.0000e-10
8.500  24.000  1.0000e-10
8.750  17.000  2.9808e-03
8.750  17.250  2.9302e-03
8.750  17.500  3.0522e-03
8.750  17.750  3.3772e-03
8.750  18.000  3.9560e-03
8.750  18.250  4.8850e-03
8.750  18.500  6.3400e-03
8.750  18.750  8.6790e-03
8.750  19.000  1.2140e-02
8.750  19.250  1.6220e-02
8.750  19.500  1.9400e-02
8.750  19.750  2.0860e-02
8.750  20.000  1.8340e-02
8.750  20.250  1.2970e-02
8.750  20.500  6.6700e-03
8.750  20.750  3.4400e-03
8.750  21.000  1.5200e-03
8.750  21.250  6.6000e-04
8.750  21.500  3.1000e-04
8.750  21.750  1.5000e-04
8.750  22.000  8.0000e-05
8.750  22.250  4.0000e-05
8.750  22.500  3.0000e-05
8.750  22.750  2.0000e-05
8.750  23.000  1.0000e-05
8.750  23.250  1.0000e-05
8.750  23.500  1.0000e-05
8.750  23.750  1.0000e-10
8.750  24.000  1.0000e-10
9.000  17.000  2.2448e-03
9.000  17.250  2.1979e-03
9.000  17.500  2.2820e-03
9.000  17.750  2.5164e-03
9.000  18.000  2.9426e-03
9.000  18.250  3.6170e-03
9.000  18.500  4.6300e-03
9.000  18.750  6.1650e-03
9.000  19.000  8.6000e-03
9.000  19.250  1.2150e-02
9.000  19.500  1.6330e-02
9.000  19.750  1.9490e-02
9.000  20.000  2.0980e-02
9.000  20.250  1.8440e-02
9.000  20.500  1.2960e-02
9.000  20.750  6.6700e-03
9.000  21.000  3.4400e-03
9.000  21.250  1.5200e-03
9.000  21.500  6.6000e-04
9.000  21.750  3.1000e-04
9.000  22.000  1.5000e-04
9.000  22.250  8.0000e-05
9.000  22.500  4.0000e-05
9.000  22.750  2.0000e-05
9.000  23.000  1.1311e-05
9.000  23.250  1.0000e-05
9.000  23.500  1.0000e-05
9.000  23.750  1.0000e-10
9.000  24.000  1.0000e-10
9.250  17.000  1.7378e-03
9.250  17.250  1.6925e-03
9.250  17.500  1.7609e-03
9.250  17.750  1.9301e-03
9.250  18.000  2.2316e-03
9.250  18.250  2.7162e-03
9.250  18.500  3.4460e-03
9.250  18.750  4.5150e-03
9.250  19.000  6.1110e-03
9.250  19.250  8.6030e-03
9.250  19.500  1.2220e-02
9.250  19.750  1.6490e-02
9.250  20.000  1.9580e-02
9.250  20.250  2.1100e-02
9.250  20.500  1.8540e-02
9.250  20.750  1.2970e-02
9.250  21.000  6.6700e-03
9.250  21.250  3.4400e-03
9.250  21.500  1.5200e-03
9.250  21.750  6.7000e-04
9.250  22.000  3.1000e-04
9.250  22.250  1.5000e-04
9.250  22.500  8.0000e-05
9.250  22.750  4.0000e-05
9.250  23.000  2.0000e-05
9.250  23.250  1.0000e-05
9.250  23.500  1.0000e-05
9.250  23.750  1.0000e-05
9.250  24.000  1.0000e-10
9.500  17.000  1.3738e-03
9.500  17.250  1.3308e-03
9.500  17.500  1.3967e-03
9.500  17.750  1.5408e-03
9.500  18.000  1.7630e-03
9.500  18.250  2.1029e-03
9.500  18.500  2.6210e-03
9.500  18.750  3.3820e-03
9.500  19.000  4.4850e-03
9.500  19.250  6.1190e-03
9.500  19.500  8.6400e-03
9.500  19.750  1.2300e-02
9.500  20.000  1.6550e-02
9.500  20.250  1.9660e-02
9.500  20.500  2.1210e-02
9.500  20.750  1.8630e-02
9.500  21.000  1.2970e-02
9.500  21.250  6.6600e-03
9.500  21.500  3.4500e-03
9.500  21.750  1.5100e-03
9.500  22.000  6.7000e-04
9.500  22.250  3.1000e-04
9.500  22.500  1.5000e-04
9.500  22.750  8.0000e-05
9.500  23.000  5.0000e-05
9.500  23.250  2.0000e-05
9.500  23.500  1.0000e-05
9.500  23.750  1.0000e-05
9.500  24.000  1.0000e-05
9.750  17.000  1.1221e-03
9.750  17.250  1.0617e-03
9.750  17.500  1.1204e-03
9.750  17.750  1.2620e-03
9.750  18.000  1.4575e-03
9.750  18.250  1.7125e-03
9.750  18.500  2.0693e-03
9.750  18.750  2.5990e-03
9.750  19.000  3.3790e-03
9.750  19.250  4.5030e-03
9.750  19.500  6.1610e-03
9.750  19.750  8.7100e-03
9.750  20.000  1.2380e-02
9.750  20.250  1.6600e-02
9.750  20.500  1.9740e-02
9.750  20.750  2.1290e-02
9.750  21.000  1.8730e-02
9.750  21.250  1.2980e-02
9.750  21.500  6.6700e-03
9.750  21.750  3.4500e-03
9.750  22.000  1.5200e-03
9.750  22.250  6.6000e-04
9.750  22.500  3.0000e-04
9.750  22.750  1.5000e-04
9.750  23.000  8.0000e-05
9.750  23.250  4.0000e-05
9.750  23.500  2.0000e-05
9.750  23.750  1.0000e-05
9.750  24.000  1.0000e-05
10.000  17.000  9.6020e-04
10.000  17.250  8.6530e-04
10.000  17.500  8.9860e-04
10.000  17.750  1.0337e-03
10.000  18.000  1.2304e-03
10.000  18.250  1.4548e-03
10.000  18.500  1.7135e-03
10.000  18.750  2.0706e-03
10.000  19.000  2.6080e-03
10.000  19.250  3.4050e-03
10.000  19.500  4.5490e-03
10.000  19.750  6.2200e-03
10.000  20.000  8.7700e-03
10.000  20.250  1.2510e-02
10.000  20.500  1.6670e-02
10.000  20.750  1.9840e-02
10.000  21.000  2.1350e-02
10.000  21.250  1.8820e-02
10.000  21.500  1.2980e-02
10.000  21.750  6.6600e-03
10.000  22.000  3.4500e-03
10.000  22.250  1.5200e-03
10.000  22.500  6.7000e-04
10.000  22.750  3.0000e-04
10.000  23.000  1.5000e-04
10.000  23.250  8.0000e-05
10.000  23.500  4.0000e-05
10.000  23.750  2.0000e-05
10.000  24.000  1.0000e-05
10.250  17.000  8.7530e-04
10.250  17.250  7.4200e-04
10.250  17.500  7.3470e-04
10.250  17.750  8.4120e-04
10.250  18.000  1.0290e-03
10.250  18.250  1.2446e-03
10.250  18.500  1.4668e-03
10.250  18.750  1.7257e-03
10.250  19.000  2.0910e-03
10.250  19.250  2.6500e-03
10.250  19.500  3.4660e-03
10.250  19.750  4.6240e-03
10.250  20.000  6.3100e-03
10.250  20.250  8.8800e-03
10.250  20.500  1.2680e-02
10.250  20.750  1.6730e-02
10.250  21.000  2.0030e-02
10.250  21.250  2.1490e-02
10.250  21.500  1.8890e-02
10.250  21.750  1.2980e-02
10.250  22.000  6.6700e-03
10.250  22.250  3.4500e-03
10.250  22.500  1.5200e-03
10.250  22.750  6.7000e-04
10.250  23.000  3.1000e-04
10.250  23.250  1.5000e-04
10.250  23.500  8.0000e-05
10.250  23.750  4.0000e-05
10.250  24.000  2.0000e-05
10.500  17.000  8.4890e-04
10.500  17.250  6.9470e-04
10.500  17.500  6.4140e-04
10.500  17.750  7.0360e-04
10.500  18.000  8.4910e-04
10.500  18.250  1.0441e-03
10.500  18.500  1.2573e-03
10.500  18.750  1.4809e-03
10.500  19.000  1.7498e-03
10.500  19.250  2.5335e-03
10.500  19.500  3.8754e-03
10.500  19.750  5.6744e-03
10.500  20.000  7.8293e-03
10.500  20.250  1.0239e-02
10.500  20.500  1.2802e-02
10.500  20.750  1.5417e-02
10.500  21.000  1.7984e-02
10.500  21.250  2.0400e-02
10.500  21.500  2.1740e-02
10.500  21.750  1.8960e-02
10.500  22.000  1.2980e-02
10.500  22.250  6.6700e-03
10.500  22.500  3.4500e-03
10.500  22.750  1.5100e-03
10.500  23.000  6.7000e-04
10.500  23.250  3.1000e-04
10.500  23.500  1.5000e-04
10.500  23.750  8.0000e-05
10.500  24.000  4.0000e-05
10.750  17.000  8.6140e-04
10.750  17.250  7.0450e-04
10.750  17.500  6.2830e-04
10.750  17.750  6.3970e-04
10.750  18.000  7.2330e-04
10.750  18.250  8.6670e-04
10.750  18.500  1.0584e-03
10.750  18.750  1.2707e-03
10.750  19.000  1.5017e-03
10.750  19.250  2.1891e-03
10.750  19.500  3.3836e-03
10.750  19.750  5.0013e-03
10.750  20.000  6.9584e-03
10.750  20.250  9.1710e-03
10.750  20.500  1.1555e-02
10.750  20.750  1.4027e-02
10.750  21.000  1.6503e-02
10.750  21.250  1.8898e-02
10.750  21.500  2.1130e-02
10.750  21.750  2.2220e-02
10.750  22.000  1.9030e-02
10.750  22.250  1.2970e-02
10.750  22.500  6.6600e-03
10.750  22.750  3.4500e-03
10.750  23.000  1.5200e-03
10.750  23.250  6.7000e-04
10.750  23.500  3.1000e-04
10.750  23.750  1.5000e-04
10.750  24.000  8.0000e-05
11.000  17.000  9.0210e-04
11.000  17.250  7.5150e-04
11.000  17.500  6.7220e-04
11.000  17.750  6.5440e-04
11.000  18.000  6.7590e-04
11.000  18.250  7.4530e-04
11.000  18.500  8.8340e-04
11.000  18.750  1.0726e-03
11.000  19.000  1.6218e-03
11.000  19.250  2.5729e-03
11.000  19.500  3.8720e-03
11.000  19.750  5.4652e-03
11.000  20.000  7.2985e-03
11.000  20.250  9.3182e-03
11.000  20.500  1.1470e-02
11.000  20.750  1.3701e-02
11.000  21.000  1.5956e-02
11.000  21.250  1.8182e-02
11.000  21.500  2.0324e-02
11.000  21.750  2.2330e-02
11.000  22.000  2.3080e-02
11.000  22.250  1.9140e-02
11.000  22.500  1.2970e-02
11.000  22.750  6.6600e-03
11.000  23.000  3.4600e-03
11.000  23.250  1.5100e-03
11.000  23.500  6.7000e-04
11.000  23.750  3.1000e-04
11.000  24.000  1.5000e-04
11.250  17.000  9.6410e-04
11.250  17.250  8.2330e-04
11.250  17.500  9.2652e-04
11.250  17.750  1.3018e-03
11.250  18.000  1.9232e-03
11.250  18.250  2.7647e-03
11.250  18.500  3.8004e-03
11.250  18.750  5.0043e-03
11.250  19.000  6.3504e-03
11.250  19.250  7.8128e-03
11.250  19.500  9.3656e-03
11.250  19.750  1.0983e-02
11.250  20.000  1.2638e-02
11.250  20.250  1.4306e-02
11.250  20.500  1.5961e-02
11.250  20.750  1.7576e-02
11.250  21.000  1.9125e-02
11.250  21.250  2.0583e-02
11.250  21.500  2.1924e-02
11.250  21.750  2.3122e-02
11.250  22.000  2.4150e-02
11.250  22.250  2.3940e-02
11.250  22.500  1.9280e-02
11.250  22.750  1.2970e-02
11.250  23.000  6.6600e-03
11.250  23.250  3.4600e-03
11.250  23.500  1.5200e-03
11.250  23.750  6.7000e-04
11.250  24.000  3.0000e-04
11.500  17.000  1.0398e-03
11.500  17.250  9.1060e-04
11.500  17.500  8.3930e-04
11.500  17.750  8.1070e-04
11.500  18.000  7.7780e-04
11.500  18.250  7.3740e-04
11.500  18.500  8.0990e-04
11.500  18.750  1.0367e-03
11.500  19.000  1.4300e-03
11.500  19.250  2.0021e-03
11.500  19.500  2.7653e-03
11.500  19.750  3.7317e-03
11.500  20.000  4.9138e-03
11.500  20.250  6.3236e-03
11.500  20.500  7.9734e-03
11.500  20.750  9.8756e-03
11.500  21.000  1.2042e-02
11.500  21.250  1.4486e-02
11.500  21.500  1.7219e-02
11.500  21.750  2.0252e-02
11.500  22.000  2.3600e-02
11.500  22.250  2.6330e-02
11.500  22.500  2.4840e-02
11.500  22.750  1.9480e-02
11.500  23.000  1.2960e-02
11.500  23.250  6.6600e-03
11.500  23.500  3.4500e-03
11.500  23.750  1.5200e-03
11.500  24.000  6.7000e-04
11.750  17.000  1.1084e-03
11.750  17.250  1.0009e-03
11.750  17.500  9.3840e-04
11.750  17.750  9.0610e-04
11.750  18.000  8.6500e-04
11.750  18.250  8.1360e-04
11.750  18.500  7.6080e-04
11.750  18.750  7.3560e-04
11.750  19.000  1.0155e-03
11.750  19.250  1.6516e-03
11.750  19.500  2.6165e-03
11.750  19.750  3.8830e-03
11.750  20.000  5.4240e-03
11.750  20.250  7.2122e-03
11.750  20.500  9.2203e-03
11.750  20.750  1.1421e-02
11.750  21.000  1.3788e-02
11.750  21.250  1.6292e-02
11.750  21.500  1.8908e-02
11.750  21.750  2.1608e-02
11.750  22.000  2.4364e-02
11.750  22.250  2.7150e-02
11.750  22.500  2.8920e-02
11.750  22.750  2.6000e-02
11.750  23.000  1.9710e-02
11.750  23.250  1.2960e-02
11.750  23.500  6.6500e-03
11.750  23.750  3.4500e-03
11.750  24.000  1.5200e-03
12.000  17.000  1.1455e-03
12.000  17.250  1.0706e-03
12.000  17.500  1.0221e-03
12.000  17.750  9.8680e-04
12.000  18.000  9.4750e-04
12.000  18.250  9.0510e-04
12.000  18.500  8.4950e-04
12.000  18.750  7.8550e-04
12.000  19.000  7.5080e-04
12.000  19.250  1.1929e-03
12.000  19.500  2.1754e-03
12.000  19.750  3.6303e-03
12.000  20.000  5.4894e-03
12.000  20.250  7.6846e-03
12.000  20.500  1.0148e-02
12.000  20.750  1.2811e-02
12.000  21.000  1.5606e-02
12.000  21.250  1.8465e-02
12.000  21.500  2.1319e-02
12.000  21.750  2.4101e-02
12.000  22.000  2.6742e-02
12.000  22.250  2.9174e-02
12.000  22.500  3.1330e-02
12.000  22.750  3.1930e-02
12.000  23.000  2.7090e-02
12.000  23.250  2.0000e-02
12.000  23.500  1.2960e-02
12.000  23.750  6.6600e-03
12.000  24.000  3.4500e-03
12.250  17.000  1.1223e-03
12.250  17.250  1.0867e-03
12.250  17.500  1.0559e-03
12.250  17.750  1.0326e-03
12.250  18.000  1.0196e-03
12.250  18.250  1.0021e-03
12.250  18.500  9.5800e-04
12.250  18.750  8.8680e-04
12.250  19.000  8.0940e-04
12.250  19.250  7.6960e-04
12.250  19.500  9.5807e-04
12.250  19.750  1.4390e-03
12.250  20.000  2.2327e-03
12.250  20.250  3.3593e-03
12.250  20.500  4.8390e-03
12.250  20.750  6.6919e-03
12.250  21.000  8.9383e-03
12.250  21.250  1.1598e-02
12.250  21.500  1.4692e-02
12.250  21.750  1.8240e-02
12.250  22.000  2.2262e-02
12.250  22.250  2.6779e-02
12.250  22.500  3.1810e-02
12.250  22.750  3.6200e-02
12.250  23.000  3.5180e-02
12.250  23.250  2.8370e-02
12.250  23.500  2.0330e-02
12.250  23.750  1.2950e-02
12.250  24.000  6.6500e-03
12.500  17.000  1.0360e-03
12.500  17.250  1.0326e-03
12.500  17.500  1.0307e-03
12.500  17.750  1.0483e-03
12.500  18.000  1.0785e-03
12.500  18.250  1.0912e-03
12.500  18.500  1.0675e-03
12.500  18.750  1.0074e-03
12.500  19.000  9.2140e-04
12.500  19.250  8.3400e-04
12.500  19.500  7.9350e-04
12.500  19.750  1.3188e-03
12.500  20.000  2.4913e-03
12.500  20.250  4.2414e-03
12.500  20.500  6.4999e-03
12.500  20.750  9.1972e-03
12.500  21.000  1.2264e-02
12.500  21.250  1.5631e-02
12.500  21.500  1.9229e-02
12.500  21.750  2.2988e-02
12.500  22.000  2.6839e-02
12.500  22.250  3.0713e-02
12.500  22.500  3.4539e-02
12.500  22.750  3.8250e-02
12.500  23.000  4.0910e-02
12.500  23.250  3.8460e-02
12.500  23.500  2.9590e-02
12.500  23.750  2.0650e-02
12.500  24.000  1.2950e-02
12.750  17.000  9.2290e-04
12.750  17.250  9.5530e-04
12.750  17.500  9.9730e-04
12.750  17.750  1.0541e-03
12.750  18.000  1.1154e-03
12.750  18.250  1.1580e-03
12.750  18.500  1.1629e-03
12.750  18.750  1.1240e-03
12.750  19.000  1.0488e-03
12.750  19.250  9.5210e-04
12.750  19.500  8.6050e-04
12.750  19.750  8.2440e-04
12.750  20.000  8.9522e-04
12.750  20.250  1.1440e-03
12.750  20.500  1.6472e-03
12.750  20.750  2.4816e-03
12.750  21.000  3.7236e-03
12.750  21.250  5.4681e-03
12.750  21.500  7.8827e-03
12.750  21.750  1.1153e-02
12.750  22.000  1.5465e-02
12.750  22.250  2.1005e-02
12.750  22.500  2.7958e-02
12.750  22.750  3.6510e-02
12.750  23.000  4.4970e-02
12.750  23.250  4.6590e-02
12.750  23.500  4.1570e-02
12.750  23.750  3.0870e-02
12.750  24.000  2.0980e-02
13.000  17.000  8.5142e-04
13.000  17.250  9.1323e-04
13.000  17.500  9.7320e-04
13.000  17.750  1.0444e-03
13.000  18.000  1.1243e-03
13.000  18.250  1.1945e-03
13.000  18.500  1.2310e-03
13.000  18.750  1.2211e-03
13.000  19.000  1.1691e-03
13.000  19.250  1.0844e-03
13.000  19.500  9.8230e-04
13.000  19.750  8.9080e-04
13.000  20.000  8.6220e-04
13.000  20.250  9.8520e-04
13.000  20.500  1.3144e-03
13.000  20.750  1.9211e-03
13.000  21.000  2.9797e-03
13.000  21.250  4.6865e-03
13.000  21.500  7.1340e-03
13.000  21.750  1.0012e-02
13.000  22.000  1.3908e-02
13.000  22.250  1.8148e-02
13.000  22.500  2.3867e-02
13.000  22.750  3.2680e-02
13.000  23.000  4.4450e-02
13.000  23.250  5.2710e-02
13.000  23.500  5.2670e-02
13.000  23.750  4.4830e-02
13.000  24.000  3.2170e-02
13.250  17.000  8.1239e-04
13.250  17.250  8.7149e-04
13.250  17.500  9.4066e-04
13.250  17.750  1.0196e-03
13.250  18.000  1.1115e-03
13.250  18.250  1.2025e-03
13.250  18.500  1.2670e-03
13.250  18.750  1.2881e-03
13.250  19.000  1.2649e-03
13.250  19.250  1.2044e-03
13.250  19.500  1.1170e-03
13.250  19.750  1.0189e-03
13.250  20.000  1.0267e-03
13.250  20.250  1.2428e-03
13.250  20.500  1.7589e-03
13.250  20.750  2.6666e-03
13.250  21.000  4.0576e-03
13.250  21.250  6.0234e-03
13.250  21.500  8.6557e-03
13.250  21.750  1.2046e-02
13.250  22.000  1.6286e-02
13.250  22.250  2.1468e-02
13.250  22.500  2.7682e-02
13.250  22.750  3.5021e-02
13.250  23.000  4.3577e-02
13.250  23.250  5.3440e-02
13.250  23.500  6.2020e-02
13.250  23.750  5.9490e-02
13.250  24.000  4.8100e-02
13.500  17.000  7.7592e-04
13.500  17.250  8.3801e-04
13.500  17.500  9.0810e-04
13.500  17.750  9.8799e-04
13.500  18.000  1.0842e-03
13.500  18.250  1.1866e-03
13.500  18.500  1.2714e-03
13.500  18.750  1.3202e-03
13.500  19.000  1.3279e-03
13.500  19.250  1.2975e-03
13.500  19.500  1.2361e-03
13.500  19.750  1.1545e-03
13.500  20.000  1.0655e-03
13.500  20.250  1.2131e-03
13.500  20.500  1.7250e-03
13.500  20.750  2.6808e-03
13.500  21.000  4.1604e-03
13.500  21.250  6.2436e-03
13.500  21.500  9.0102e-03
13.500  21.750  1.2540e-02
13.500  22.000  1.6913e-02
13.500  22.250  2.2208e-02
13.500  22.500  2.8506e-02
13.500  22.750  3.5887e-02
13.500  23.000  4.4429e-02
13.500  23.250  5.4214e-02
13.500  23.500  6.5320e-02
13.500  23.750  7.3720e-02
13.500  24.000  6.6910e-02
13.750  17.000  7.4198e-04
13.750  17.250  8.0499e-04
13.750  17.500  8.7593e-04
13.750  17.750  9.5433e-04
13.750  18.000  1.0500e-03
13.750  18.250  1.1558e-03
13.750  18.500  1.2527e-03
13.750  18.750  1.3212e-03
13.750  19.000  1.3569e-03
13.750  19.250  1.3586e-03
13.750  19.500  1.3297e-03
13.750  19.750  1.2761e-03
13.750  20.000  1.2087e-03
13.750  20.250  1.1407e-03
13.750  20.500  1.0902e-03
13.750  20.750  1.0997e-03
13.750  21.000  1.2570e-03
13.750  21.250  1.6729e-03
13.750  21.500  2.5712e-03
13.750  21.750  4.0638e-03
13.750  22.000  6.4954e-03
13.750  22.250  1.0311e-02
13.750  22.500  1.6132e-02
13.750  22.750  2.3613e-02
13.750  23.000  3.2707e-02
13.750  23.250  4.7210e-02
13.750  23.500  6.4560e-02
13.750  23.750  8.2900e-02
13.750  24.000  8.7520e-02
14.000  17.000  7.1284e-04
14.000  17.250  7.7581e-04
14.000  17.500  8.4714e-04
14.000  17.750  9.2252e-04
14.000  18.000  1.0137e-03
14.000  18.250  1.1186e-03
14.000  18.500  1.2200e-03
14.000  18.750  1.3013e-03
14.000  19.000  1.3569e-03
14.000  19.250  1.3868e-03
14.000  19.500  1.3914e-03
14.000  19.750  1.3720e-03
14.000  20.000  1.3344e-03
14.000  20.250  1.2897e-03
14.000  20.500  1.2540e-03
14.000  20.750  1.2470e-03
14.000  21.000  1.3116e-03
14.000  21.250  1.5348e-03
14.000  21.500  2.0130e-03
14.000  21.750  3.0100e-03
14.000  22.000  4.7661e-03
14.000  22.250  7.6906e-03
14.000  22.500  1.2546e-02
14.000  22.750  2.0233e-02
14.000  23.000  3.0605e-02
14.000  23.250  4.4640e-02
14.000  23.500  6.6530e-02
14.000  23.750  8.9290e-02
14.000  24.000  1.0787e-01
