InwT 1900.00A  relative to Inci 1215.00A scaled to 1215A.
Hden   Phi(H)  Eq_Width (A)
7.000  17.000  1.6271e-01
7.000  17.250  1.9415e-01
7.000  17.500  2.2557e-01
7.000  17.750  2.5649e-01
7.000  18.000  2.5173e-01
7.000  18.250  2.3532e-01
7.000  18.500  2.2238e-01
7.000  18.750  2.1704e-01
7.000  19.000  2.1505e-01
7.000  19.250  2.1390e-01
7.000  19.500  2.1342e-01
7.000  19.750  2.1322e-01
7.000  20.000  2.1314e-01
7.000  20.250  2.1310e-01
7.000  20.500  2.1308e-01
7.000  20.750  2.1307e-01
7.000  21.000  2.1307e-01
7.000  21.250  2.1306e-01
7.000  21.500  2.1306e-01
7.000  21.750  2.1306e-01
7.000  22.000  2.1306e-01
7.000  22.250  2.1306e-01
7.000  22.500  2.1306e-01
7.000  22.750  2.1306e-01
7.000  23.000  2.1306e-01
7.000  23.250  2.1306e-01
7.000  23.500  2.1306e-01
7.000  23.750  2.1306e-01
7.000  24.000  2.1306e-01
7.250  17.000  1.3911e-01
7.250  17.250  1.6523e-01
7.250  17.500  1.9796e-01
7.250  17.750  2.2821e-01
7.250  18.000  2.5659e-01
7.250  18.250  2.5176e-01
7.250  18.500  2.3525e-01
7.250  18.750  2.2237e-01
7.250  19.000  2.1703e-01
7.250  19.250  2.1505e-01
7.250  19.500  2.1390e-01
7.250  19.750  2.1342e-01
7.250  20.000  2.1322e-01
7.250  20.250  2.1314e-01
7.250  20.500  2.1310e-01
7.250  20.750  2.1308e-01
7.250  21.000  2.1307e-01
7.250  21.250  2.1307e-01
7.250  21.500  2.1306e-01
7.250  21.750  2.1306e-01
7.250  22.000  2.1306e-01
7.250  22.250  2.1306e-01
7.250  22.500  2.1306e-01
7.250  22.750  2.1306e-01
7.250  23.000  2.1306e-01
7.250  23.250  2.1306e-01
7.250  23.500  2.1306e-01
7.250  23.750  2.1306e-01
7.250  24.000  2.1306e-01
7.500  17.000  1.2250e-01
7.500  17.250  1.4121e-01
7.500  17.500  1.6860e-01
7.500  17.750  2.0294e-01
7.500  18.000  2.3090e-01
7.500  18.250  2.5670e-01
7.500  18.500  2.5182e-01
7.500  18.750  2.3519e-01
7.500  19.000  2.2236e-01
7.500  19.250  2.1703e-01
7.500  19.500  2.1505e-01
7.500  19.750  2.1390e-01
7.500  20.000  2.1342e-01
7.500  20.250  2.1322e-01
7.500  20.500  2.1314e-01
7.500  20.750  2.1310e-01
7.500  21.000  2.1308e-01
7.500  21.250  2.1307e-01
7.500  21.500  2.1307e-01
7.500  21.750  2.1306e-01
7.500  22.000  2.1306e-01
7.500  22.250  2.1306e-01
7.500  22.500  2.1306e-01
7.500  22.750  2.1306e-01
7.500  23.000  2.1306e-01
7.500  23.250  2.1306e-01
7.500  23.500  2.1306e-01
7.500  23.750  2.1306e-01
7.500  24.000  2.1306e-01
7.750  17.000  1.1112e-01
7.750  17.250  1.2420e-01
7.750  17.500  1.4436e-01
7.750  17.750  1.7384e-01
7.750  18.000  2.0907e-01
7.750  18.250  2.3392e-01
7.750  18.500  2.5683e-01
7.750  18.750  2.5192e-01
7.750  19.000  2.3515e-01
7.750  19.250  2.2235e-01
7.750  19.500  2.1703e-01
7.750  19.750  2.1505e-01
7.750  20.000  2.1390e-01
7.750  20.250  2.1342e-01
7.750  20.500  2.1322e-01
7.750  20.750  2.1314e-01
7.750  21.000  2.1310e-01
7.750  21.250  2.1308e-01
7.750  21.500  2.1307e-01
7.750  21.750  2.1307e-01
7.750  22.000  2.1306e-01
7.750  22.250  2.1306e-01
7.750  22.500  2.1306e-01
7.750  22.750  2.1306e-01
7.750  23.000  2.1306e-01
7.750  23.250  2.1306e-01
7.750  23.500  2.1306e-01
7.750  23.750  2.1306e-01
7.750  24.000  2.1306e-01
8.000  17.000  1.0234e-01
8.000  17.250  1.1154e-01
8.000  17.500  1.2602e-01
8.000  17.750  1.4879e-01
8.000  18.000  1.8126e-01
8.000  18.250  2.1626e-01
8.000  18.500  2.3692e-01
8.000  18.750  2.5687e-01
8.000  19.000  2.5192e-01
8.000  19.250  2.3509e-01
8.000  19.500  2.2234e-01
8.000  19.750  2.1703e-01
8.000  20.000  2.1505e-01
8.000  20.250  2.1390e-01
8.000  20.500  2.1342e-01
8.000  20.750  2.1322e-01
8.000  21.000  2.1314e-01
8.000  21.250  2.1310e-01
8.000  21.500  2.1308e-01
8.000  21.750  2.1307e-01
8.000  22.000  2.1307e-01
8.000  22.250  2.1306e-01
8.000  22.500  2.1306e-01
8.000  22.750  2.1306e-01
8.000  23.000  2.1306e-01
8.000  23.250  2.1306e-01
8.000  23.500  2.1306e-01
8.000  23.750  2.1306e-01
8.000  24.000  2.1306e-01
8.250  17.000  9.6574e-02
8.250  17.250  1.0330e-01
8.250  17.500  1.1364e-01
8.250  17.750  1.3060e-01
8.250  18.000  1.5757e-01
8.250  18.250  1.9402e-01
8.250  18.500  2.2436e-01
8.250  18.750  2.4195e-01
8.250  19.000  2.5701e-01
8.250  19.250  2.5207e-01
8.250  19.500  2.3504e-01
8.250  19.750  2.2233e-01
8.250  20.000  2.1703e-01
8.250  20.250  2.1505e-01
8.250  20.500  2.1390e-01
8.250  20.750  2.1342e-01
8.250  21.000  2.1322e-01
8.250  21.250  2.1314e-01
8.250  21.500  2.1310e-01
8.250  21.750  2.1308e-01
8.250  22.000  2.1307e-01
8.250  22.250  2.1307e-01
8.250  22.500  2.1306e-01
8.250  22.750  2.1306e-01
8.250  23.000  2.1306e-01
8.250  23.250  2.1306e-01
8.250  23.500  2.1306e-01
8.250  23.750  2.1306e-01
8.250  24.000  2.1306e-01
8.500  17.000  9.2155e-02
8.500  17.250  9.7399e-02
8.500  17.500  1.0506e-01
8.500  17.750  1.1755e-01
8.500  18.000  1.3880e-01
8.500  18.250  1.7152e-01
8.500  18.500  2.0932e-01
8.500  18.750  2.3350e-01
8.500  19.000  2.4616e-01
8.500  19.250  2.5710e-01
8.500  19.500  2.5225e-01
8.500  19.750  2.3497e-01
8.500  20.000  2.2232e-01
8.500  20.250  2.1702e-01
8.500  20.500  2.1505e-01
8.500  20.750  2.1390e-01
8.500  21.000  2.1342e-01
8.500  21.250  2.1322e-01
8.500  21.500  2.1314e-01
8.500  21.750  2.1310e-01
8.500  22.000  2.1308e-01
8.500  22.250  2.1307e-01
8.500  22.500  2.1307e-01
8.500  22.750  2.1306e-01
8.500  23.000  2.1306e-01
8.500  23.250  2.1306e-01
8.500  23.500  2.1306e-01
8.500  23.750  2.1306e-01
8.500  24.000  2.1306e-01
8.750  17.000  8.8479e-02
8.750  17.250  9.2919e-02
8.750  17.500  9.8944e-02
8.750  17.750  1.0832e-01
8.750  18.000  1.2463e-01
8.750  18.250  1.5167e-01
8.750  18.500  1.8712e-01
8.750  18.750  2.2281e-01
8.750  19.000  2.3832e-01
8.750  19.250  2.5137e-01
8.750  19.500  2.5714e-01
8.750  19.750  2.5245e-01
8.750  20.000  2.3490e-01
8.750  20.250  2.2231e-01
8.750  20.500  2.1702e-01
8.750  20.750  2.1505e-01
8.750  21.000  2.1390e-01
8.750  21.250  2.1342e-01
8.750  21.500  2.1322e-01
8.750  21.750  2.1314e-01
8.750  22.000  2.1310e-01
8.750  22.250  2.1308e-01
8.750  22.500  2.1307e-01
8.750  22.750  2.1307e-01
8.750  23.000  2.1306e-01
8.750  23.250  2.1306e-01
8.750  23.500  2.1306e-01
8.750  23.750  2.1306e-01
8.750  24.000  2.1306e-01
9.000  17.000  8.5138e-02
9.000  17.250  8.9227e-02
9.000  17.500  9.4394e-02
9.000  17.750  1.0195e-01
9.000  18.000  1.1458e-01
9.000  18.250  1.3589e-01
9.000  18.500  1.6644e-01
9.000  18.750  2.0254e-01
9.000  19.000  2.3313e-01
9.000  19.250  2.4527e-01
9.000  19.500  2.5712e-01
9.000  19.750  2.5724e-01
9.000  20.000  2.5266e-01
9.000  20.250  2.3482e-01
9.000  20.500  2.2229e-01
9.000  20.750  2.1702e-01
9.000  21.000  2.1505e-01
9.000  21.250  2.1390e-01
9.000  21.500  2.1342e-01
9.000  21.750  2.1322e-01
9.000  22.000  2.1314e-01
9.000  22.250  2.1310e-01
9.000  22.500  2.1308e-01
9.000  22.750  2.1307e-01
9.000  23.000  2.1307e-01
9.000  23.250  2.1306e-01
9.000  23.500  2.1306e-01
9.000  23.750  2.1306e-01
9.000  24.000  2.1306e-01
9.250  17.000  8.1788e-02
9.250  17.250  8.5867e-02
9.250  17.500  9.0757e-02
9.250  17.750  9.7386e-02
9.250  18.000  1.0788e-01
9.250  18.250  1.2493e-01
9.250  18.500  1.4885e-01
9.250  18.750  1.8016e-01
9.250  19.000  2.1294e-01
9.250  19.250  2.4274e-01
9.250  19.500  2.5254e-01
9.250  19.750  2.6555e-01
9.250  20.000  2.5752e-01
9.250  20.250  2.5290e-01
9.250  20.500  2.3473e-01
9.250  20.750  2.2229e-01
9.250  21.000  2.1702e-01
9.250  21.250  2.1505e-01
9.250  21.500  2.1389e-01
9.250  21.750  2.1335e-01
9.250  22.000  2.1296e-01
9.250  22.250  2.1307e-01
9.250  22.500  2.1310e-01
9.250  22.750  2.1308e-01
9.250  23.000  2.1307e-01
9.250  23.250  2.1306e-01
9.250  23.500  2.1306e-01
9.250  23.750  2.1306e-01
9.250  24.000  2.1306e-01
9.500  17.000  7.8182e-02
9.500  17.250  8.2531e-02
9.500  17.500  8.7536e-02
9.500  17.750  9.3941e-02
9.500  18.000  1.0346e-01
9.500  18.250  1.1800e-01
9.500  18.500  1.3715e-01
9.500  18.750  1.6017e-01
9.500  19.000  1.8795e-01
9.500  19.250  2.1987e-01
9.500  19.500  2.4663e-01
9.500  19.750  2.6064e-01
9.500  20.000  2.6930e-01
9.500  20.250  2.5806e-01
9.500  20.500  2.5319e-01
9.500  20.750  2.3463e-01
9.500  21.000  2.2226e-01
9.500  21.250  2.1699e-01
9.500  21.500  2.1487e-01
9.500  21.750  2.1358e-01
9.500  22.000  2.1305e-01
9.500  22.250  2.1278e-01
9.500  22.500  2.1262e-01
9.500  22.750  2.1254e-01
9.500  23.000  2.1250e-01
9.500  23.250  2.1249e-01
9.500  23.500  2.1274e-01
9.500  23.750  2.1274e-01
9.500  24.000  2.1274e-01
9.750  17.000  7.3954e-02
9.750  17.250  7.8876e-02
9.750  17.500  8.4294e-02
9.750  17.750  9.0987e-02
9.750  18.000  1.0041e-01
9.750  18.250  1.1371e-01
9.750  18.500  1.2952e-01
9.750  18.750  1.4644e-01
9.750  19.000  1.6550e-01
9.750  19.250  1.8981e-01
9.750  19.500  2.2298e-01
9.750  19.750  2.5022e-01
9.750  20.000  2.7261e-01
9.750  20.250  2.7107e-01
9.750  20.500  2.5902e-01
9.750  20.750  2.5361e-01
9.750  21.000  2.3451e-01
9.750  21.250  2.2225e-01
9.750  21.500  2.1701e-01
9.750  21.750  2.1499e-01
9.750  22.000  2.1359e-01
9.750  22.250  2.1308e-01
9.750  22.500  2.1284e-01
9.750  22.750  2.1270e-01
9.750  23.000  2.1262e-01
9.750  23.250  2.1257e-01
9.750  23.500  2.1255e-01
9.750  23.750  2.1254e-01
9.750  24.000  2.1253e-01
10.000  17.000  6.8906e-02
10.000  17.250  7.4565e-02
10.000  17.500  8.0708e-02
10.000  17.750  8.8110e-02
10.000  18.000  9.8125e-02
10.000  18.250  1.1069e-01
10.000  18.500  1.2398e-01
10.000  18.750  1.3668e-01
10.000  19.000  1.4963e-01
10.000  19.250  1.6389e-01
10.000  19.500  1.8154e-01
10.000  19.750  2.1009e-01
10.000  20.000  2.5162e-01
10.000  20.250  2.8602e-01
10.000  20.500  2.7294e-01
10.000  20.750  2.6047e-01
10.000  21.000  2.5419e-01
10.000  21.250  2.3439e-01
10.000  21.500  2.2223e-01
10.000  21.750  2.1702e-01
10.000  22.000  2.1503e-01
10.000  22.250  2.1365e-01
10.000  22.500  2.1310e-01
10.000  22.750  2.1287e-01
10.000  23.000  2.1276e-01
10.000  23.250  2.1269e-01
10.000  23.500  2.1265e-01
10.000  23.750  2.1263e-01
10.000  24.000  2.1261e-01
10.250  17.000  6.3278e-02
10.250  17.250  6.9280e-02
10.250  17.500  7.6565e-02
10.250  17.750  8.5062e-02
10.250  18.000  9.5843e-02
10.250  18.250  1.0816e-01
10.250  18.500  1.1968e-01
10.250  18.750  1.2942e-01
10.250  19.000  1.3812e-01
10.250  19.250  1.4798e-01
10.250  19.500  1.6260e-01
10.250  19.750  1.8677e-01
10.250  20.000  2.2310e-01
10.250  20.250  2.6818e-01
10.250  20.500  2.9419e-01
10.250  20.750  2.7438e-01
10.250  21.000  2.6229e-01
10.250  21.250  2.5492e-01
10.250  21.500  2.3423e-01
10.250  21.750  2.2221e-01
10.250  22.000  2.1702e-01
10.250  22.250  2.1504e-01
10.250  22.500  2.1380e-01
10.250  22.750  2.1311e-01
10.250  23.000  2.1290e-01
10.250  23.250  2.1279e-01
10.250  23.500  2.1274e-01
10.250  23.750  2.1270e-01
10.250  24.000  2.1269e-01
10.500  17.000  5.8209e-02
10.500  17.250  6.3907e-02
10.500  17.500  7.1611e-02
10.500  17.750  8.1615e-02
10.500  18.000  9.3057e-02
10.500  18.250  1.0499e-01
10.500  18.500  1.1551e-01
10.500  18.750  1.2388e-01
10.500  19.000  1.3175e-01
10.500  19.250  1.4091e-01
10.500  19.500  1.5298e-01
10.500  19.750  1.7065e-01
10.500  20.000  1.9774e-01
10.500  20.250  2.3704e-01
10.500  20.500  2.8383e-01
10.500  20.750  2.9828e-01
10.500  21.000  2.7677e-01
10.500  21.250  2.6480e-01
10.500  21.500  2.5542e-01
10.500  21.750  2.3406e-01
10.500  22.000  2.2218e-01
10.500  22.250  2.1701e-01
10.500  22.500  2.1505e-01
10.500  22.750  2.1387e-01
10.500  23.000  2.1316e-01
10.500  23.250  2.1291e-01
10.500  23.500  2.1281e-01
10.500  23.750  2.1276e-01
10.500  24.000  2.1273e-01
10.750  17.000  5.4058e-02
10.750  17.250  5.8958e-02
10.750  17.500  6.6660e-02
10.750  17.750  7.7249e-02
10.750  18.000  8.9261e-02
10.750  18.250  1.0091e-01
10.750  18.500  1.1076e-01
10.750  18.750  1.1898e-01
10.750  19.000  1.2675e-01
10.750  19.250  1.3531e-01
10.750  19.500  1.4561e-01
10.750  19.750  1.5885e-01
10.750  20.000  1.7744e-01
10.750  20.250  2.0615e-01
10.750  20.500  2.4751e-01
10.750  20.750  2.9506e-01
10.750  21.000  3.0187e-01
10.750  21.250  2.7993e-01
10.750  21.500  2.6873e-01
10.750  21.750  2.5542e-01
10.750  22.000  2.3386e-01
10.750  22.250  2.2215e-01
10.750  22.500  2.1701e-01
10.750  22.750  2.1504e-01
10.750  23.000  2.1389e-01
10.750  23.250  2.1331e-01
10.750  23.500  2.1293e-01
10.750  23.750  2.1282e-01
10.750  24.000  2.1278e-01
11.000  17.000  5.0866e-02
11.000  17.250  5.4929e-02
11.000  17.500  6.1890e-02
11.000  17.750  7.2115e-02
11.000  18.000  8.3842e-02
11.000  18.250  9.5105e-02
11.000  18.500  1.0477e-01
11.000  18.750  1.1328e-01
11.000  19.000  1.2128e-01
11.000  19.250  1.2958e-01
11.000  19.500  1.3868e-01
11.000  19.750  1.4906e-01
11.000  20.000  1.6221e-01
11.000  20.250  1.8124e-01
11.000  20.500  2.1137e-01
11.000  20.750  2.5510e-01
11.000  21.000  3.0135e-01
11.000  21.250  3.0535e-01
11.000  21.500  2.8431e-01
11.000  21.750  2.7465e-01
11.000  22.000  2.5459e-01
11.000  22.250  2.3363e-01
11.000  22.500  2.2212e-01
11.000  22.750  2.1700e-01
11.000  23.000  2.1504e-01
11.000  23.250  2.1390e-01
11.000  23.500  2.1338e-01
11.000  23.750  2.1303e-01
11.000  24.000  2.1285e-01
11.250  17.000  4.8539e-02
11.250  17.250  5.1847e-02
11.250  17.500  5.7715e-02
11.250  17.750  6.6473e-02
11.250  18.000  7.7134e-02
11.250  18.250  8.7864e-02
11.250  18.500  9.7595e-02
11.250  18.750  1.0665e-01
11.250  19.000  1.1509e-01
11.250  19.250  1.2336e-01
11.250  19.500  1.3167e-01
11.250  19.750  1.4058e-01
11.250  20.000  1.5087e-01
11.250  20.250  1.6410e-01
11.250  20.500  1.8389e-01
11.250  20.750  2.1581e-01
11.250  21.000  2.6278e-01
11.250  21.250  3.0405e-01
11.250  21.500  3.0990e-01
11.250  21.750  2.9119e-01
11.250  22.000  2.8083e-01
11.250  22.250  2.5333e-01
11.250  22.500  2.3332e-01
11.250  22.750  2.2208e-01
11.250  23.000  2.1699e-01
11.250  23.250  2.1504e-01
11.250  23.500  2.1390e-01
11.250  23.750  2.1341e-01
11.250  24.000  2.1316e-01
11.500  17.000  4.7029e-02
11.500  17.250  4.9597e-02
11.500  17.500  5.4313e-02
11.500  17.750  6.1273e-02
11.500  18.000  7.0085e-02
11.500  18.250  7.9819e-02
11.500  18.500  8.9453e-02
11.500  18.750  9.8989e-02
11.500  19.000  1.0820e-01
11.500  19.250  1.1661e-01
11.500  19.500  1.2471e-01
11.500  19.750  1.3295e-01
11.500  20.000  1.4188e-01
11.500  20.250  1.5234e-01
11.500  20.500  1.6613e-01
11.500  20.750  1.8728e-01
11.500  21.000  2.2233e-01
11.500  21.250  2.7436e-01
11.500  21.500  3.0938e-01
11.500  21.750  3.1689e-01
11.500  22.000  3.0050e-01
11.500  22.250  2.8470e-01
11.500  22.500  2.5196e-01
11.500  22.750  2.3294e-01
11.500  23.000  2.2204e-01
11.500  23.250  2.1698e-01
11.500  23.500  2.1503e-01
11.500  23.750  2.1390e-01
11.500  24.000  2.1342e-01
11.750  17.000  4.6188e-02
11.750  17.250  4.8024e-02
11.750  17.500  5.1638e-02
11.750  17.750  5.7046e-02
11.750  18.000  6.3869e-02
11.750  18.250  7.2001e-02
11.750  18.500  8.1176e-02
11.750  18.750  9.1041e-02
11.750  19.000  1.0105e-01
11.750  19.250  1.1015e-01
11.750  19.500  1.1815e-01
11.750  19.750  1.2610e-01
11.750  20.000  1.3447e-01
11.750  20.250  1.4375e-01
11.750  20.500  1.5489e-01
11.750  20.750  1.7000e-01
11.750  21.000  1.9389e-01
11.750  21.250  2.3431e-01
11.750  21.500  2.8434e-01
11.750  21.750  3.2190e-01
11.750  22.000  3.2864e-01
11.750  22.250  3.1050e-01
11.750  22.500  2.8396e-01
11.750  22.750  2.5042e-01
11.750  23.000  2.3241e-01
11.750  23.250  2.2200e-01
11.750  23.500  2.1696e-01
11.750  23.750  2.1503e-01
11.750  24.000  2.1390e-01
12.000  17.000  3.6764e-02
12.000  17.250  4.6984e-02
12.000  17.500  4.9525e-02
12.000  17.750  5.3670e-02
12.000  18.000  5.9032e-02
12.000  18.250  6.5626e-02
12.000  18.500  7.3905e-02
12.000  18.750  8.3562e-02
12.000  19.000  9.3855e-02
12.000  19.250  1.0377e-01
12.000  19.500  1.1249e-01
12.000  19.750  1.2042e-01
12.000  20.000  1.2846e-01
12.000  20.250  1.3719e-01
12.000  20.500  1.4718e-01
12.000  20.750  1.5976e-01
12.000  21.000  1.7798e-01
12.000  21.250  2.0672e-01
12.000  21.500  2.4616e-01
12.000  21.750  3.0713e-01
12.000  22.000  3.3982e-01
12.000  22.250  3.4333e-01
12.000  22.500  3.1972e-01
12.000  22.750  2.8168e-01
12.000  23.000  2.4897e-01
12.000  23.250  2.3185e-01
12.000  23.500  2.2194e-01
12.000  23.750  2.1694e-01
12.000  24.000  2.1502e-01
12.250  17.000  2.3376e-02
12.250  17.250  3.9870e-02
12.250  17.500  4.8000e-02
12.250  17.750  5.1007e-02
12.250  18.000  5.5364e-02
12.250  18.250  6.1127e-02
12.250  18.500  6.8561e-02
12.250  18.750  7.7363e-02
12.250  19.000  8.7257e-02
12.250  19.250  9.7641e-02
12.250  19.500  1.0743e-01
12.250  19.750  1.1604e-01
12.250  20.000  1.2395e-01
12.250  20.250  1.3230e-01
12.250  20.500  1.4185e-01
12.250  20.750  1.5366e-01
12.250  21.000  1.6997e-01
12.250  21.250  1.9311e-01
12.250  21.500  2.2104e-01
12.250  21.750  2.7182e-01
12.250  22.000  3.3459e-01
12.250  22.250  3.6653e-01
12.250  22.500  3.6529e-01
12.250  22.750  3.2669e-01
12.250  23.000  2.7890e-01
12.250  23.250  2.4750e-01
12.250  23.500  2.3128e-01
12.250  23.750  2.2186e-01
12.250  24.000  2.1692e-01
12.500  17.000  1.6468e-02
12.500  17.250  2.5052e-02
12.500  17.500  4.1228e-02
12.500  17.750  4.9169e-02
12.500  18.000  5.2756e-02
12.500  18.250  5.7919e-02
12.500  18.500  6.4772e-02
12.500  18.750  7.3272e-02
12.500  19.000  8.2535e-02
12.500  19.250  9.2413e-02
12.500  19.500  1.0264e-01
12.500  19.750  1.1233e-01
12.500  20.000  1.2098e-01
12.500  20.250  1.2921e-01
12.500  20.500  1.3847e-01
12.500  20.750  1.5008e-01
12.500  21.000  1.6616e-01
12.500  21.250  1.8751e-01
12.500  21.500  2.1040e-01
12.500  21.750  2.4779e-01
12.500  22.000  3.0814e-01
12.500  22.250  3.7829e-01
12.500  22.500  4.1963e-01
12.500  22.750  3.8676e-01
12.500  23.000  3.2831e-01
12.500  23.250  2.7631e-01
12.500  23.500  2.4621e-01
12.500  23.750  2.3073e-01
12.500  24.000  2.2175e-01
12.750  17.000  1.2166e-02
12.750  17.250  1.7109e-02
12.750  17.500  2.5915e-02
12.750  17.750  4.1654e-02
12.750  18.000  5.0625e-02
12.750  18.250  5.5199e-02
12.750  18.500  6.1639e-02
12.750  18.750  6.9973e-02
12.750  19.000  7.9238e-02
12.750  19.250  8.8824e-02
12.750  19.500  9.8918e-02
12.750  19.750  1.0898e-01
12.750  20.000  1.1865e-01
12.750  20.250  1.2790e-01
12.750  20.500  1.3714e-01
12.750  20.750  1.4808e-01
12.750  21.000  1.6512e-01
12.750  21.250  1.8564e-01
12.750  21.500  2.0844e-01
12.750  21.750  2.4043e-01
12.750  22.000  2.8760e-01
12.750  22.250  3.6093e-01
12.750  22.500  4.4274e-01
12.750  22.750  4.6082e-01
12.750  23.000  3.9824e-01
12.750  23.250  3.2687e-01
12.750  23.500  2.7401e-01
12.750  23.750  2.4501e-01
12.750  24.000  2.3018e-01
13.000  17.000  6.5430e-03
13.000  17.250  8.9300e-03
13.000  17.500  1.4441e-02
13.000  17.750  2.3872e-02
13.000  18.000  3.6046e-02
13.000  18.250  4.5583e-02
13.000  18.500  5.5868e-02
13.000  18.750  6.7036e-02
13.000  19.000  7.6515e-02
13.000  19.250  8.6396e-02
13.000  19.500  9.6098e-02
13.000  19.750  1.0641e-01
13.000  20.000  1.1668e-01
13.000  20.250  1.2704e-01
13.000  20.500  1.3801e-01
13.000  20.750  1.4942e-01
13.000  21.000  1.6443e-01
13.000  21.250  1.8598e-01
13.000  21.500  2.1043e-01
13.000  21.750  2.4024e-01
13.000  22.000  2.8266e-01
13.000  22.250  3.3888e-01
13.000  22.500  4.2242e-01
13.000  22.750  4.9966e-01
13.000  23.000  4.7889e-01
13.000  23.250  3.9909e-01
13.000  23.500  3.2441e-01
13.000  23.750  2.7176e-01
13.000  24.000  2.4391e-01
13.250  17.000  5.0425e-03
13.250  17.250  6.6193e-03
13.250  17.500  9.4830e-03
13.250  17.750  1.4529e-02
13.250  18.000  2.3422e-02
13.250  18.250  3.6578e-02
13.250  18.500  4.9408e-02
13.250  18.750  6.0567e-02
13.250  19.000  7.3597e-02
13.250  19.250  8.3504e-02
13.250  19.500  9.3685e-02
13.250  19.750  1.0430e-01
13.250  20.000  1.1451e-01
13.250  20.250  1.2585e-01
13.250  20.500  1.3724e-01
13.250  20.750  1.5038e-01
13.250  21.000  1.6547e-01
13.250  21.250  1.8623e-01
13.250  21.500  2.0642e-01
13.250  21.750  2.3515e-01
13.250  22.000  2.7523e-01
13.250  22.250  3.2599e-01
13.250  22.500  3.8678e-01
13.250  22.750  4.8510e-01
13.250  23.000  5.1745e-01
13.250  23.250  4.7264e-01
13.250  23.500  3.9269e-01
13.250  23.750  3.2090e-01
13.250  24.000  2.6949e-01
13.500  17.000  3.9845e-03
13.500  17.250  5.3115e-03
13.500  17.500  7.5523e-03
13.500  17.750  1.1098e-02
13.500  18.000  1.7390e-02
13.500  18.250  2.7135e-02
13.500  18.500  4.1163e-02
13.500  18.750  5.6022e-02
13.500  19.000  6.8702e-02
13.500  19.250  8.0853e-02
13.500  19.500  9.1155e-02
13.500  19.750  1.0179e-01
13.500  20.000  1.1282e-01
13.500  20.250  1.2503e-01
13.500  20.500  1.3653e-01
13.500  20.750  1.4921e-01
13.500  21.000  1.6178e-01
13.500  21.250  1.8203e-01
13.500  21.500  1.9795e-01
13.500  21.750  2.2146e-01
13.500  22.000  2.5707e-01
13.500  22.250  2.9946e-01
13.500  22.500  3.6171e-01
13.500  22.750  4.3799e-01
13.500  23.000  5.1313e-01
13.500  23.250  5.1062e-01
13.500  23.500  4.6168e-01
13.500  23.750  3.9115e-01
13.500  24.000  3.1689e-01
13.750  17.000  3.2281e-03
13.750  17.250  4.3122e-03
13.750  17.500  6.1699e-03
13.750  17.750  9.0102e-03
13.750  18.000  1.3826e-02
13.750  18.250  2.1367e-02
13.750  18.500  3.2053e-02
13.750  18.750  4.6721e-02
13.750  19.000  6.5261e-02
13.750  19.250  7.8274e-02
13.750  19.500  8.7719e-02
13.750  19.750  9.9761e-02
13.750  20.000  1.1139e-01
13.750  20.250  1.2366e-01
13.750  20.500  1.3651e-01
13.750  20.750  1.4951e-01
13.750  21.000  1.6303e-01
13.750  21.250  1.7718e-01
13.750  21.500  1.9220e-01
13.750  21.750  2.1264e-01
13.750  22.000  2.4023e-01
13.750  22.250  2.7853e-01
13.750  22.500  3.3471e-01
13.750  22.750  4.0469e-01
13.750  23.000  4.8295e-01
13.750  23.250  5.6825e-01
13.750  23.500  5.2568e-01
13.750  23.750  4.6333e-01
13.750  24.000  3.8889e-01
14.000  17.000  2.6822e-03
14.000  17.250  3.5867e-03
14.000  17.500  5.1267e-03
14.000  17.750  7.5790e-03
14.000  18.000  1.1407e-02
14.000  18.250  1.7530e-02
14.000  18.500  2.6325e-02
14.000  18.750  3.8242e-02
14.000  19.000  5.4245e-02
14.000  19.250  7.4973e-02
14.000  19.500  8.7723e-02
14.000  19.750  9.8863e-02
14.000  20.000  1.1056e-01
14.000  20.250  1.2298e-01
14.000  20.500  1.3636e-01
14.000  20.750  1.5040e-01
14.000  21.000  1.6488e-01
14.000  21.250  1.8016e-01
14.000  21.500  1.9284e-01
14.000  21.750  2.1202e-01
14.000  22.000  2.3655e-01
14.000  22.250  2.6942e-01
14.000  22.500  3.1623e-01
14.000  22.750  3.8224e-01
14.000  23.000  4.6213e-01
14.000  23.250  5.4353e-01
14.000  23.500  6.0837e-01
14.000  23.750  5.4153e-01
14.000  24.000  4.7344e-01
