C  3 1176.00A  relative to Inci 1215.00A scaled to 1215A.
Hden   Phi(H)  Eq_Width (A)
7.000  17.000  1.1771e-03
7.000  17.250  1.2275e-03
7.000  17.500  1.2635e-03
7.000  17.750  1.1116e-03
7.000  18.000  2.5021e-04
7.000  18.250  9.1358e-06
7.000  18.500  1.0000e-07
7.000  18.750  1.0000e-07
7.000  19.000  1.0000e-07
7.000  19.250  1.0000e-07
7.000  19.500  1.0000e-07
7.000  19.750  1.0000e-07
7.000  20.000  1.0000e-07
7.000  20.250  1.0000e-07
7.000  20.500  1.0000e-07
7.000  20.750  1.0000e-07
7.000  21.000  1.0000e-07
7.000  21.250  1.0000e-07
7.000  21.500  1.0000e-07
7.000  21.750  1.0000e-07
7.000  22.000  1.0000e-07
7.000  22.250  1.0000e-07
7.000  22.500  1.0000e-07
7.000  22.750  1.0000e-07
7.000  23.000  1.0000e-07
7.000  23.250  1.0000e-07
7.000  23.500  1.0000e-07
7.000  23.750  1.0000e-07
7.000  24.000  1.0000e-07
7.250  17.000  1.1488e-03
7.250  17.250  1.1888e-03
7.250  17.500  1.2398e-03
7.250  17.750  1.2815e-03
7.250  18.000  1.1010e-03
7.250  18.250  2.4601e-04
7.250  18.500  8.8066e-06
7.250  18.750  1.0000e-07
7.250  19.000  1.0000e-07
7.250  19.250  1.0000e-07
7.250  19.500  1.0000e-07
7.250  19.750  1.0000e-07
7.250  20.000  1.0000e-07
7.250  20.250  1.0000e-07
7.250  20.500  1.0000e-07
7.250  20.750  1.0000e-07
7.250  21.000  1.0000e-07
7.250  21.250  1.0000e-07
7.250  21.500  1.0000e-07
7.250  21.750  1.0000e-07
7.250  22.000  1.0000e-07
7.250  22.250  1.0000e-07
7.250  22.500  1.0000e-07
7.250  22.750  1.0000e-07
7.250  23.000  1.0000e-07
7.250  23.250  1.0000e-07
7.250  23.500  1.0000e-07
7.250  23.750  1.0000e-07
7.250  24.000  1.0000e-07
7.500  17.000  1.1467e-03
7.500  17.250  1.1633e-03
7.500  17.500  1.2000e-03
7.500  17.750  1.2523e-03
7.500  18.000  1.3025e-03
7.500  18.250  1.0919e-03
7.500  18.500  2.4189e-04
7.500  18.750  8.5597e-06
7.500  19.000  1.0000e-07
7.500  19.250  1.0000e-07
7.500  19.500  1.0000e-07
7.500  19.750  1.0000e-07
7.500  20.000  1.0000e-07
7.500  20.250  1.0000e-07
7.500  20.500  1.0000e-07
7.500  20.750  1.0000e-07
7.500  21.000  1.0000e-07
7.500  21.250  1.0000e-07
7.500  21.500  1.0000e-07
7.500  21.750  1.0000e-07
7.500  22.000  1.0000e-07
7.500  22.250  1.0000e-07
7.500  22.500  1.0000e-07
7.500  22.750  1.0000e-07
7.500  23.000  1.0000e-07
7.500  23.250  1.0000e-07
7.500  23.500  1.0000e-07
7.500  23.750  1.0000e-07
7.500  24.000  1.0000e-07
7.750  17.000  1.1742e-03
7.750  17.250  1.1681e-03
7.750  17.500  1.1782e-03
7.750  17.750  1.2127e-03
7.750  18.000  1.2665e-03
7.750  18.250  1.3265e-03
7.750  18.500  1.0842e-03
7.750  18.750  2.3794e-04
7.750  19.000  8.3128e-06
7.750  19.250  1.0000e-07
7.750  19.500  1.0000e-07
7.750  19.750  1.0000e-07
7.750  20.000  1.0000e-07
7.750  20.250  1.0000e-07
7.750  20.500  1.0000e-07
7.750  20.750  1.0000e-07
7.750  21.000  1.0000e-07
7.750  21.250  1.0000e-07
7.750  21.500  1.0000e-07
7.750  21.750  1.0000e-07
7.750  22.000  1.0000e-07
7.750  22.250  1.0000e-07
7.750  22.500  1.0000e-07
7.750  22.750  1.0000e-07
7.750  23.000  1.0000e-07
7.750  23.250  1.0000e-07
7.750  23.500  1.0000e-07
7.750  23.750  1.0000e-07
7.750  24.000  1.0000e-07
8.000  17.000  1.2146e-03
8.000  17.250  1.1985e-03
8.000  17.500  1.1788e-03
8.000  17.750  1.1793e-03
8.000  18.000  1.2106e-03
8.000  18.250  1.2656e-03
8.000  18.500  1.3321e-03
8.000  18.750  1.0807e-03
8.000  19.000  2.3638e-04
8.000  19.250  8.1481e-06
8.000  19.500  1.0000e-07
8.000  19.750  1.0000e-07
8.000  20.000  1.0000e-07
8.000  20.250  1.0000e-07
8.000  20.500  1.0000e-07
8.000  20.750  1.0000e-07
8.000  21.000  1.0000e-07
8.000  21.250  1.0000e-07
8.000  21.500  1.0000e-07
8.000  21.750  1.0000e-07
8.000  22.000  1.0000e-07
8.000  22.250  1.0000e-07
8.000  22.500  1.0000e-07
8.000  22.750  1.0000e-07
8.000  23.000  1.0000e-07
8.000  23.250  1.0000e-07
8.000  23.500  1.0000e-07
8.000  23.750  1.0000e-07
8.000  24.000  1.0000e-07
8.250  17.000  1.2835e-03
8.250  17.250  1.2862e-03
8.250  17.500  1.2514e-03
8.250  17.750  1.2159e-03
8.250  18.000  1.2086e-03
8.250  18.250  1.2386e-03
8.250  18.500  1.3032e-03
8.250  18.750  1.4040e-03
8.250  19.000  1.0748e-03
8.250  19.250  2.3276e-04
8.250  19.500  8.2305e-06
8.250  19.750  1.0000e-07
8.250  20.000  1.0000e-07
8.250  20.250  1.0000e-07
8.250  20.500  1.0000e-07
8.250  20.750  1.0000e-07
8.250  21.000  1.0000e-07
8.250  21.250  1.0000e-07
8.250  21.500  1.0000e-07
8.250  21.750  1.0000e-07
8.250  22.000  1.0000e-07
8.250  22.250  1.0000e-07
8.250  22.500  1.0000e-07
8.250  22.750  1.0000e-07
8.250  23.000  1.0000e-07
8.250  23.250  1.0000e-07
8.250  23.500  1.0000e-07
8.250  23.750  1.0000e-07
8.250  24.000  1.0000e-07
8.500  17.000  1.3454e-03
8.500  17.250  1.4166e-03
8.500  17.500  1.3948e-03
8.500  17.750  1.3334e-03
8.500  18.000  1.2781e-03
8.500  18.250  1.4021e-03
8.500  18.500  1.6148e-03
8.500  18.750  1.7448e-03
8.500  19.000  1.6205e-03
8.500  19.250  1.0706e-03
8.500  19.500  2.2947e-04
8.500  19.750  8.4774e-06
8.500  20.000  1.0000e-07
8.500  20.250  1.0000e-07
8.500  20.500  1.0000e-07
8.500  20.750  1.0000e-07
8.500  21.000  1.0000e-07
8.500  21.250  1.0000e-07
8.500  21.500  1.0000e-07
8.500  21.750  1.0000e-07
8.500  22.000  1.0000e-07
8.500  22.250  1.0000e-07
8.500  22.500  1.0000e-07
8.500  22.750  1.0000e-07
8.500  23.000  1.0000e-07
8.500  23.250  1.0000e-07
8.500  23.500  1.0000e-07
8.500  23.750  1.0000e-07
8.500  24.000  1.0000e-07
8.750  17.000  1.3598e-03
8.750  17.250  1.5730e-03
8.750  17.500  1.6252e-03
8.750  17.750  1.5667e-03
8.750  18.000  1.7081e-03
8.750  18.250  2.0130e-03
8.750  18.500  2.3375e-03
8.750  18.750  2.5373e-03
8.750  19.000  2.4686e-03
8.750  19.250  1.9871e-03
8.750  19.500  1.0696e-03
8.750  19.750  2.2667e-04
8.750  20.000  9.0535e-06
8.750  20.250  1.0000e-07
8.750  20.500  1.0000e-07
8.750  20.750  1.0000e-07
8.750  21.000  1.0000e-07
8.750  21.250  1.0000e-07
8.750  21.500  1.0000e-07
8.750  21.750  1.0000e-07
8.750  22.000  1.0000e-07
8.750  22.250  1.0000e-07
8.750  22.500  1.0000e-07
8.750  22.750  1.0000e-07
8.750  23.000  1.0000e-07
8.750  23.250  1.0000e-07
8.750  23.500  1.0000e-07
8.750  23.750  1.0000e-07
8.750  24.000  1.0000e-07
9.000  17.000  1.2731e-03
9.000  17.250  1.6967e-03
9.000  17.500  1.9288e-03
9.000  17.750  1.9481e-03
9.000  18.000  1.8336e-03
9.000  18.250  2.1483e-03
9.000  18.500  2.8004e-03
9.000  18.750  3.4891e-03
9.000  19.000  3.9134e-03
9.000  19.250  3.7726e-03
9.000  19.500  2.7658e-03
9.000  19.750  1.0733e-03
9.000  20.000  2.2461e-04
9.000  20.250  9.9588e-06
9.000  20.500  1.0000e-07
9.000  20.750  1.0000e-07
9.000  21.000  1.0000e-07
9.000  21.250  1.0000e-07
9.000  21.500  1.0000e-07
9.000  21.750  1.0000e-07
9.000  22.000  1.0000e-07
9.000  22.250  1.0000e-07
9.000  22.500  1.0000e-07
9.000  22.750  1.0000e-07
9.000  23.000  1.0000e-07
9.000  23.250  1.0000e-07
9.000  23.500  1.0000e-07
9.000  23.750  1.0000e-07
9.000  24.000  1.0000e-07
9.250  17.000  1.0528e-03
9.250  17.250  1.6749e-03
9.250  17.500  2.2039e-03
9.250  17.750  2.4514e-03
9.250  18.000  2.4154e-03
9.250  18.250  2.2191e-03
9.250  18.500  2.1454e-03
9.250  18.750  2.1913e-03
9.250  19.000  2.2673e-03
9.250  19.250  2.2837e-03
9.250  19.500  2.1510e-03
9.250  19.750  1.7796e-03
9.250  20.000  1.0798e-03
9.250  20.250  2.2362e-04
9.250  20.500  1.1276e-05
9.250  20.750  1.0000e-07
9.250  21.000  1.0000e-07
9.250  21.250  1.0000e-07
9.250  21.500  1.0000e-07
9.250  21.750  1.0000e-07
9.250  22.000  1.0000e-07
9.250  22.250  1.0000e-07
9.250  22.500  1.0000e-07
9.250  22.750  1.0000e-07
9.250  23.000  1.0000e-07
9.250  23.250  1.0000e-07
9.250  23.500  1.0000e-07
9.250  23.750  1.0000e-07
9.250  24.000  1.0000e-07
9.500  17.000  7.1580e-04
9.500  17.250  1.4080e-03
9.500  17.500  2.2384e-03
9.500  17.750  2.8965e-03
9.500  18.000  3.1480e-03
9.500  18.250  3.0269e-03
9.500  18.500  2.7218e-03
9.500  18.750  2.4133e-03
9.500  19.000  2.8200e-03
9.500  19.250  3.6373e-03
9.500  19.500  4.2473e-03
9.500  19.750  4.0323e-03
9.500  20.000  2.6783e-03
9.500  20.250  1.0881e-03
9.500  20.500  2.2337e-04
9.500  20.750  1.2675e-05
9.500  21.000  1.0000e-07
9.500  21.250  1.0000e-07
9.500  21.500  1.0000e-07
9.500  21.750  1.0000e-07
9.500  22.000  1.0000e-07
9.500  22.250  1.0000e-07
9.500  22.500  1.0000e-07
9.500  22.750  1.0000e-07
9.500  23.000  1.0000e-07
9.500  23.250  1.0000e-07
9.500  23.500  1.0000e-07
9.500  23.750  1.0000e-07
9.500  24.000  1.0000e-07
9.750  17.000  3.7267e-04
9.750  17.250  9.2675e-04
9.750  17.500  1.8542e-03
9.750  17.750  2.9334e-03
9.750  18.000  3.7291e-03
9.750  18.250  3.9594e-03
9.750  18.500  3.7219e-03
9.750  18.750  3.3008e-03
9.750  19.000  2.9048e-03
9.750  19.250  3.5675e-03
9.750  19.500  4.8205e-03
9.750  19.750  5.7320e-03
9.750  20.000  5.3700e-03
9.750  20.250  3.3021e-03
9.750  20.500  1.0942e-03
9.750  20.750  2.2379e-04
9.750  21.000  1.3992e-05
9.750  21.250  1.0000e-07
9.750  21.500  1.0000e-07
9.750  21.750  1.0000e-07
9.750  22.000  1.0000e-07
9.750  22.250  1.0000e-07
9.750  22.500  1.0000e-07
9.750  22.750  1.0000e-07
9.750  23.000  1.0000e-07
9.750  23.250  1.0000e-07
9.750  23.500  1.0000e-07
9.750  23.750  1.0000e-07
9.750  24.000  1.0000e-07
10.000  17.000  1.4979e-04
10.000  17.250  4.4749e-04
10.000  17.500  1.1557e-03
10.000  17.750  2.3370e-03
10.000  18.000  3.6655e-03
10.000  18.250  4.5675e-03
10.000  18.500  4.7451e-03
10.000  18.750  4.4079e-03
10.000  19.000  3.8804e-03
10.000  19.250  3.3534e-03
10.000  19.500  3.5916e-03
10.000  19.750  4.1994e-03
10.000  20.000  4.4260e-03
10.000  20.250  3.7356e-03
10.000  20.500  2.4506e-03
10.000  20.750  1.1080e-03
10.000  21.000  2.2222e-04
10.000  21.250  1.4897e-05
10.000  21.500  1.0000e-07
10.000  21.750  1.0000e-07
10.000  22.000  1.0000e-07
10.000  22.250  1.0000e-07
10.000  22.500  1.0000e-07
10.000  22.750  1.0000e-07
10.000  23.000  1.0000e-07
10.000  23.250  1.0000e-07
10.000  23.500  1.0000e-07
10.000  23.750  1.0000e-07
10.000  24.000  1.0000e-07
10.250  17.000  5.5885e-05
10.250  17.250  1.6189e-04
10.250  17.500  5.1613e-04
10.250  17.750  1.3668e-03
10.250  18.000  2.7760e-03
10.250  18.250  4.2998e-03
10.250  18.500  5.2653e-03
10.250  18.750  5.4313e-03
10.250  19.000  5.0497e-03
10.250  19.250  4.4091e-03
10.250  19.500  5.4306e-03
10.250  19.750  7.7231e-03
10.250  20.000  1.0157e-02
10.250  20.250  1.1604e-02
10.250  20.500  1.0934e-02
10.250  20.750  7.0179e-03
10.250  21.000  1.1268e-03
10.250  21.250  2.1663e-04
10.250  21.500  1.5473e-05
10.250  21.750  1.0000e-07
10.250  22.000  1.0000e-07
10.250  22.250  1.0000e-07
10.250  22.500  1.0000e-07
10.250  22.750  1.0000e-07
10.250  23.000  1.0000e-07
10.250  23.250  1.0000e-07
10.250  23.500  1.0000e-07
10.250  23.750  1.0000e-07
10.250  24.000  1.0000e-07
10.500  17.000  2.1152e-05
10.500  17.250  5.7613e-05
10.500  17.500  1.7210e-04
10.500  17.750  5.6724e-04
10.500  18.000  1.5288e-03
10.500  18.250  3.1028e-03
10.500  18.500  4.7645e-03
10.500  18.750  5.8287e-03
10.500  19.000  6.0859e-03
10.500  19.250  5.7425e-03
10.500  19.500  5.0254e-03
10.500  19.750  5.8902e-03
10.500  20.000  7.9891e-03
10.500  20.250  1.0232e-02
10.500  20.500  1.1529e-02
10.500  20.750  1.0791e-02
10.500  21.000  6.9260e-03
10.500  21.250  1.1565e-03
10.500  21.500  2.0255e-04
10.500  21.750  1.5638e-05
10.500  22.000  1.0000e-07
10.500  22.250  1.0000e-07
10.500  22.500  1.0000e-07
10.500  22.750  1.0000e-07
10.500  23.000  1.0000e-07
10.500  23.250  1.0000e-07
10.500  23.500  1.0000e-07
10.500  23.750  1.0000e-07
10.500  24.000  1.0000e-07
10.750  17.000  7.3251e-06
10.750  17.250  2.0988e-05
10.750  17.500  5.7860e-05
10.750  17.750  1.7844e-04
10.750  18.000  5.9572e-04
10.750  18.250  1.6316e-03
10.750  18.500  3.3340e-03
10.750  18.750  5.1300e-03
10.750  19.000  6.3874e-03
10.750  19.250  6.9131e-03
10.750  19.500  6.7313e-03
10.750  19.750  5.9586e-03
10.750  20.000  4.8531e-03
10.750  20.250  5.5504e-03
10.750  20.500  7.3664e-03
10.750  20.750  8.7290e-03
10.750  21.000  8.0661e-03
10.750  21.250  4.6599e-03
10.750  21.500  1.2095e-03
10.750  21.750  1.6502e-04
10.750  22.000  1.5556e-05
10.750  22.250  1.0000e-07
10.750  22.500  1.0000e-07
10.750  22.750  1.0000e-07
10.750  23.000  1.0000e-07
10.750  23.250  1.0000e-07
10.750  23.500  1.0000e-07
10.750  23.750  1.0000e-07
10.750  24.000  1.0000e-07
11.000  17.000  2.6337e-06
11.000  17.250  6.7490e-06
11.000  17.500  2.0000e-05
11.000  17.750  5.7366e-05
11.000  18.000  1.7901e-04
11.000  18.250  6.0535e-04
11.000  18.500  1.7085e-03
11.000  18.750  3.5434e-03
11.000  19.000  5.5313e-03
11.000  19.250  7.1749e-03
11.000  19.500  8.2095e-03
11.000  19.750  8.3354e-03
11.000  20.000  7.4826e-03
11.000  20.250  5.9832e-03
11.000  20.500  6.7187e-03
11.000  20.750  9.0317e-03
11.000  21.000  1.1140e-02
11.000  21.250  1.1261e-02
11.000  21.500  7.6117e-03
11.000  21.750  1.2216e-03
11.000  22.000  1.0436e-04
11.000  22.250  1.4979e-05
11.000  22.500  1.0000e-07
11.000  22.750  1.0000e-07
11.000  23.000  1.0000e-07
11.000  23.250  1.0000e-07
11.000  23.500  1.0000e-07
11.000  23.750  1.0000e-07
11.000  24.000  1.0000e-07
11.250  17.000  9.8765e-07
11.250  17.250  2.2222e-06
11.250  17.500  5.8436e-06
11.250  17.750  1.8765e-05
11.250  18.000  5.6461e-05
11.250  18.250  1.7440e-04
11.250  18.500  6.1037e-04
11.250  18.750  1.7994e-03
11.250  19.000  3.8027e-03
11.250  19.250  6.1130e-03
11.250  19.500  8.4275e-03
11.250  19.750  1.0268e-02
11.250  20.000  1.0829e-02
11.250  20.250  9.8197e-03
11.250  20.500  7.7295e-03
11.250  20.750  7.6738e-03
11.250  21.000  9.1805e-03
11.250  21.250  1.0640e-02
11.250  21.500  1.0442e-02
11.250  21.750  6.9776e-03
11.250  22.000  1.1430e-03
11.250  22.250  7.9835e-05
11.250  22.500  1.3909e-05
11.250  22.750  1.0000e-07
11.250  23.000  1.0000e-07
11.250  23.250  1.0000e-07
11.250  23.500  1.0000e-07
11.250  23.750  1.0000e-07
11.250  24.000  1.0000e-07
11.500  17.000  1.0000e-07
11.500  17.250  1.0000e-07
11.500  17.500  1.8107e-06
11.500  17.750  5.0206e-06
11.500  18.000  1.7860e-05
11.500  18.250  5.5144e-05
11.500  18.500  1.6856e-04
11.500  18.750  6.2510e-04
11.500  19.000  1.9323e-03
11.500  19.250  4.1876e-03
11.500  19.500  7.0216e-03
11.500  19.750  1.0338e-02
11.500  20.000  1.3260e-02
11.500  20.250  1.4260e-02
11.500  20.500  1.2896e-02
11.500  20.750  9.9812e-03
11.500  21.000  6.8406e-03
11.500  21.250  6.4977e-03
11.500  21.500  7.8240e-03
11.500  21.750  8.4614e-03
11.500  22.000  6.0521e-03
11.500  22.250  8.8502e-04
11.500  22.500  6.8395e-05
11.500  22.750  1.2428e-05
11.500  23.000  1.0000e-07
11.500  23.250  1.0000e-07
11.500  23.500  1.0000e-07
11.500  23.750  1.0000e-07
11.500  24.000  1.0000e-07
11.750  17.000  1.0000e-07
11.750  17.250  1.0000e-07
11.750  17.500  1.0000e-07
11.750  17.750  1.4815e-06
11.750  18.000  4.5267e-06
11.750  18.250  1.7202e-05
11.750  18.500  5.3827e-05
11.750  18.750  1.6354e-04
11.750  19.000  6.5613e-04
11.750  19.250  2.1337e-03
11.750  19.500  4.7387e-03
11.750  19.750  8.3684e-03
11.750  20.000  1.3029e-02
11.750  20.250  1.7176e-02
11.750  20.500  1.8412e-02
11.750  20.750  1.6292e-02
11.750  21.000  1.2223e-02
11.750  21.250  7.7916e-03
11.750  21.500  5.8267e-03
11.750  21.750  5.4908e-03
11.750  22.000  4.8716e-03
11.750  22.250  2.7446e-03
11.750  22.500  6.3654e-04
11.750  22.750  5.9835e-05
11.750  23.000  1.0864e-05
11.750  23.250  1.0000e-07
11.750  23.500  1.0000e-07
11.750  23.750  1.0000e-07
11.750  24.000  1.0000e-07
12.000  17.000  1.0000e-07
12.000  17.250  1.0000e-07
12.000  17.500  1.0000e-07
12.000  17.750  1.0000e-07
12.000  18.000  1.2346e-06
12.000  18.250  4.2798e-06
12.000  18.500  1.6955e-05
12.000  18.750  5.3086e-05
12.000  19.000  1.6305e-04
12.000  19.250  7.0741e-04
12.000  19.500  2.4264e-03
12.000  19.750  5.5863e-03
12.000  20.000  1.0393e-02
12.000  20.250  1.6684e-02
12.000  20.500  2.1720e-02
12.000  20.750  2.2356e-02
12.000  21.000  1.8970e-02
12.000  21.250  1.3502e-02
12.000  21.500  7.6955e-03
12.000  21.750  4.1234e-03
12.000  22.000  3.4345e-03
12.000  22.250  2.6067e-03
12.000  22.500  1.3578e-03
12.000  22.750  3.6173e-04
12.000  23.000  5.2840e-05
12.000  23.250  9.0535e-06
12.000  23.500  1.0000e-07
12.000  23.750  1.0000e-07
12.000  24.000  1.0000e-07
12.250  17.000  1.0000e-07
12.250  17.250  1.0000e-07
12.250  17.500  1.0000e-07
12.250  17.750  1.0000e-07
12.250  18.000  1.0000e-07
12.250  18.250  1.2346e-06
12.250  18.500  4.3621e-06
12.250  18.750  1.7366e-05
12.250  19.000  5.3498e-05
12.250  19.250  1.7333e-04
12.250  19.500  8.1556e-04
12.250  19.750  2.9029e-03
12.250  20.000  6.8853e-03
12.250  20.250  1.3145e-02
12.250  20.500  2.0684e-02
12.250  20.750  2.5433e-02
12.250  21.000  2.4480e-02
12.250  21.250  1.9754e-02
12.250  21.500  1.3019e-02
12.250  21.750  6.8110e-03
12.250  22.000  3.5481e-03
12.250  22.250  1.7755e-03
12.250  22.500  7.7958e-04
12.250  22.750  3.1564e-04
12.250  23.000  1.3877e-04
12.250  23.250  4.7490e-05
12.250  23.500  7.3251e-06
12.250  23.750  1.0000e-07
12.250  24.000  1.0000e-07
12.500  17.000  1.0000e-07
12.500  17.250  1.0000e-07
12.500  17.500  1.0000e-07
12.500  17.750  1.0000e-07
12.500  18.000  1.0000e-07
12.500  18.250  1.0000e-07
12.500  18.500  1.3169e-06
12.500  18.750  4.7737e-06
12.500  19.000  1.8683e-05
12.500  19.250  5.6049e-05
12.500  19.500  1.9490e-04
12.500  19.750  1.0118e-03
12.500  20.000  3.6324e-03
12.500  20.250  8.6862e-03
12.500  20.500  1.6161e-02
12.500  20.750  2.3583e-02
12.500  21.000  2.6219e-02
12.500  21.250  2.3849e-02
12.500  21.500  1.8377e-02
12.500  21.750  1.1471e-02
12.500  22.000  5.6795e-03
12.500  22.250  3.0640e-03
12.500  22.500  1.6840e-03
12.500  22.750  8.1620e-04
12.500  23.000  3.3627e-04
12.500  23.250  1.1984e-04
12.500  23.500  4.2716e-05
12.500  23.750  6.1728e-06
12.500  24.000  1.0000e-07
12.750  17.000  1.0000e-07
12.750  17.250  1.0000e-07
12.750  17.500  1.0000e-07
12.750  17.750  1.0000e-07
12.750  18.000  1.0000e-07
12.750  18.250  1.0000e-07
12.750  18.500  1.0000e-07
12.750  18.750  1.4815e-06
12.750  19.000  5.5967e-06
12.750  19.250  2.0988e-05
12.750  19.500  6.0988e-05
12.750  19.750  2.3877e-04
12.750  20.000  1.3090e-03
12.750  20.250  4.6200e-03
12.750  20.500  1.0510e-02
12.750  20.750  1.7972e-02
12.750  21.000  2.3127e-02
12.750  21.250  2.4031e-02
12.750  21.500  2.0987e-02
12.750  21.750  1.5862e-02
12.750  22.000  9.5068e-03
12.750  22.250  4.6751e-03
12.750  22.500  2.5319e-03
12.750  22.750  1.3884e-03
12.750  23.000  6.7461e-04
12.750  23.250  2.8270e-04
12.750  23.500  1.0502e-04
12.750  23.750  3.8107e-05
12.750  24.000  5.1029e-06
13.000  17.000  1.0000e-07
13.000  17.250  1.0000e-07
13.000  17.500  1.0000e-07
13.000  17.750  1.0000e-07
13.000  18.000  1.0000e-07
13.000  18.250  1.0000e-07
13.000  18.500  1.0000e-07
13.000  18.750  1.0000e-07
13.000  19.000  1.8107e-06
13.000  19.250  6.9136e-06
13.000  19.500  2.4362e-05
13.000  19.750  6.7737e-05
13.000  20.000  2.9374e-04
13.000  20.250  1.6310e-03
13.000  20.500  5.5206e-03
13.000  20.750  1.1303e-02
13.000  21.000  1.6971e-02
13.000  21.250  1.9864e-02
13.000  21.500  1.9643e-02
13.000  21.750  1.7198e-02
13.000  22.000  1.2893e-02
13.000  22.250  7.8695e-03
13.000  22.500  3.9771e-03
13.000  22.750  2.2467e-03
13.000  23.000  1.2955e-03
13.000  23.250  6.6081e-04
13.000  23.500  2.8173e-04
13.000  23.750  9.7366e-05
13.000  24.000  3.4650e-05
13.250  17.000  1.0000e-07
13.250  17.250  1.0000e-07
13.250  17.500  1.0000e-07
13.250  17.750  1.0000e-07
13.250  18.000  1.0000e-07
13.250  18.250  1.0000e-07
13.250  18.500  1.0000e-07
13.250  18.750  1.0000e-07
13.250  19.000  1.0000e-07
13.250  19.250  2.3868e-06
13.250  19.500  8.9712e-06
13.250  19.750  2.8889e-05
13.250  20.000  7.5309e-05
13.250  20.250  3.3909e-04
13.250  20.500  1.7727e-03
13.250  20.750  5.5673e-03
13.250  21.000  1.0343e-02
13.250  21.250  1.3980e-02
13.250  21.500  1.5949e-02
13.250  21.750  1.5970e-02
13.250  22.000  1.3781e-02
13.250  22.250  1.0724e-02
13.250  22.500  6.9229e-03
13.250  22.750  3.7329e-03
13.250  23.000  2.0211e-03
13.250  23.250  1.4150e-03
13.250  23.500  1.2767e-03
13.250  23.750  9.6856e-04
13.250  24.000  9.3827e-05
13.500  17.000  1.0000e-07
13.500  17.250  1.0000e-07
13.500  17.500  1.0000e-07
13.500  17.750  1.0000e-07
13.500  18.000  1.0000e-07
13.500  18.250  1.0000e-07
13.500  18.500  1.0000e-07
13.500  18.750  1.0000e-07
13.500  19.000  1.0000e-07
13.500  19.250  9.0535e-07
13.500  19.500  3.3745e-06
13.500  19.750  1.2510e-05
13.500  20.000  3.5720e-05
13.500  20.250  8.9218e-05
13.500  20.500  3.6082e-04
13.500  20.750  1.7371e-03
13.500  21.000  5.0411e-03
13.500  21.250  8.9133e-03
13.500  21.500  1.1894e-02
13.500  21.750  1.3788e-02
13.500  22.000  1.3533e-02
13.500  22.250  1.1765e-02
13.500  22.500  9.4291e-03
13.500  22.750  6.3457e-03
13.500  23.000  3.6733e-03
13.500  23.250  2.2993e-03
13.500  23.500  1.9785e-03
13.500  23.750  1.9847e-03
13.500  24.000  8.9350e-04
13.750  17.000  1.0000e-07
13.750  17.250  1.0000e-07
13.750  17.500  1.0000e-07
13.750  17.750  1.0000e-07
13.750  18.000  1.0000e-07
13.750  18.250  1.0000e-07
13.750  18.500  1.0000e-07
13.750  18.750  1.0000e-07
13.750  19.000  1.0000e-07
13.750  19.250  1.0000e-07
13.750  19.500  1.3992e-06
13.750  19.750  5.1852e-06
13.750  20.000  1.8519e-05
13.750  20.250  4.8889e-05
13.750  20.500  1.1934e-04
13.750  20.750  4.1852e-04
13.750  21.000  1.6723e-03
13.750  21.250  4.7351e-03
13.750  21.500  8.5009e-03
13.750  21.750  1.1344e-02
13.750  22.000  1.2393e-02
13.750  22.250  1.1696e-02
13.750  22.500  1.0167e-02
13.750  22.750  8.0854e-03
13.750  23.000  5.6376e-03
13.750  23.250  3.5537e-03
13.750  23.500  2.4202e-03
13.750  23.750  2.1688e-03
13.750  24.000  1.9152e-03
14.000  17.000  1.0000e-07
14.000  17.250  1.0000e-07
14.000  17.500  1.0000e-07
14.000  17.750  1.0000e-07
14.000  18.000  1.0000e-07
14.000  18.250  1.0000e-07
14.000  18.500  1.0000e-07
14.000  18.750  1.0000e-07
14.000  19.000  1.0000e-07
14.000  19.250  1.0000e-07
14.000  19.500  1.0000e-07
14.000  19.750  2.2222e-06
14.000  20.000  8.4774e-06
14.000  20.250  2.9136e-05
14.000  20.500  7.4074e-05
14.000  20.750  1.7868e-04
14.000  21.000  5.1012e-04
14.000  21.250  1.6604e-03
14.000  21.500  4.6448e-03
14.000  21.750  8.6342e-03
14.000  22.000  1.0965e-02
14.000  22.250  1.1199e-02
14.000  22.500  1.0063e-02
14.000  22.750  8.5224e-03
14.000  23.000  6.6370e-03
14.000  23.250  4.6681e-03
14.000  23.500  3.1661e-03
14.000  23.750  2.3371e-03
14.000  24.000  2.0440e-03
