InwD 4885.36A  relative to Inci 1215.00A scaled to 1215A.
Hden   Phi(H)  Eq_Width (A)
7.000  17.000  4.8090e-02
7.000  17.250  4.6666e-02
7.000  17.500  4.1430e-02
7.000  17.750  3.3760e-02
7.000  18.000  1.9830e-02
7.000  18.250  1.0090e-02
7.000  18.500  4.3500e-03
7.000  18.750  1.9300e-03
7.000  19.000  9.6000e-04
7.000  19.250  3.9000e-04
7.000  19.500  1.7000e-04
7.000  19.750  8.0000e-05
7.000  20.000  4.0000e-05
7.000  20.250  2.0000e-05
7.000  20.500  1.1605e-05
7.000  20.750  1.0000e-05
7.000  21.000  1.0000e-05
7.000  21.250  1.0000e-05
7.000  21.500  1.0000e-05
7.000  21.750  1.0000e-10
7.000  22.000  1.0000e-10
7.000  22.250  1.0000e-10
7.000  22.500  1.0000e-10
7.000  22.750  1.0000e-10
7.000  23.000  1.0000e-10
7.000  23.250  1.0000e-10
7.000  23.500  1.0000e-10
7.000  23.750  1.0000e-10
7.000  24.000  1.0000e-10
7.250  17.000  4.8840e-02
7.250  17.250  4.9759e-02
7.250  17.500  4.8380e-02
7.250  17.750  4.2269e-02
7.250  18.000  3.3730e-02
7.250  18.250  1.9820e-02
7.250  18.500  1.0080e-02
7.250  18.750  4.3400e-03
7.250  19.000  1.9300e-03
7.250  19.250  9.6000e-04
7.250  19.500  3.9000e-04
7.250  19.750  1.7000e-04
7.250  20.000  8.0000e-05
7.250  20.250  4.0000e-05
7.250  20.500  2.0000e-05
7.250  20.750  1.1894e-05
7.250  21.000  1.0000e-05
7.250  21.250  1.0000e-05
7.250  21.500  1.0000e-05
7.250  21.750  1.0000e-10
7.250  22.000  1.0000e-05
7.250  22.250  1.0000e-10
7.250  22.500  1.0000e-05
7.250  22.750  1.0000e-10
7.250  23.000  1.0000e-05
7.250  23.250  1.0000e-10
7.250  23.500  1.0000e-10
7.250  23.750  1.0000e-10
7.250  24.000  1.0000e-10
7.500  17.000  4.8717e-02
7.500  17.250  5.0645e-02
7.500  17.500  5.2030e-02
7.500  17.750  5.0741e-02
7.500  18.000  4.3190e-02
7.500  18.250  3.3710e-02
7.500  18.500  1.9810e-02
7.500  18.750  1.0060e-02
7.500  19.000  4.3400e-03
7.500  19.250  1.9300e-03
7.500  19.500  9.6000e-04
7.500  19.750  3.9000e-04
7.500  20.000  1.7000e-04
7.500  20.250  8.0000e-05
7.500  20.500  4.0000e-05
7.500  20.750  2.0000e-05
7.500  21.000  1.1665e-05
7.500  21.250  1.0000e-05
7.500  21.500  1.0000e-05
7.500  21.750  1.0000e-05
7.500  22.000  1.0000e-05
7.500  22.250  1.0000e-05
7.500  22.500  1.0000e-10
7.500  22.750  1.0000e-10
7.500  23.000  1.0000e-10
7.500  23.250  1.0000e-10
7.500  23.500  1.0000e-10
7.500  23.750  1.0000e-10
7.500  24.000  1.0000e-10
7.750  17.000  4.8432e-02
7.750  17.250  5.0525e-02
7.750  17.500  5.3286e-02
7.750  17.750  5.5570e-02
7.750  18.000  5.3957e-02
7.750  18.250  4.4320e-02
7.750  18.500  3.3690e-02
7.750  18.750  1.9800e-02
7.750  19.000  1.0050e-02
7.750  19.250  4.3400e-03
7.750  19.500  1.9300e-03
7.750  19.750  9.6000e-04
7.750  20.000  3.9000e-04
7.750  20.250  1.7000e-04
7.750  20.500  8.0000e-05
7.750  20.750  4.0000e-05
7.750  21.000  2.0000e-05
7.750  21.250  1.1861e-05
7.750  21.500  1.0000e-05
7.750  21.750  9.1793e-06
7.750  22.000  1.0000e-05
7.750  22.250  1.0000e-05
7.750  22.500  1.0000e-10
7.750  22.750  1.0000e-10
7.750  23.000  1.0000e-10
7.750  23.250  1.0000e-10
7.750  23.500  1.0000e-10
7.750  23.750  1.0000e-10
7.750  24.000  1.0000e-10
8.000  17.000  4.8046e-02
8.000  17.250  4.9660e-02
8.000  17.500  5.2754e-02
8.000  17.750  5.7245e-02
8.000  18.000  6.0951e-02
8.000  18.250  5.8150e-02
8.000  18.500  4.5630e-02
8.000  18.750  3.3660e-02
8.000  19.000  1.9780e-02
8.000  19.250  1.0040e-02
8.000  19.500  4.3400e-03
8.000  19.750  1.9300e-03
8.000  20.000  9.6000e-04
8.000  20.250  3.9000e-04
8.000  20.500  1.7000e-04
8.000  20.750  8.0000e-05
8.000  21.000  4.0000e-05
8.000  21.250  2.0000e-05
8.000  21.500  1.1668e-05
8.000  21.750  1.0000e-05
8.000  22.000  1.0000e-05
8.000  22.250  1.0000e-05
8.000  22.500  1.0000e-05
8.000  22.750  1.0000e-05
8.000  23.000  1.0000e-10
8.000  23.250  1.0000e-05
8.000  23.500  1.0000e-10
8.000  23.750  1.0000e-10
8.000  24.000  1.0000e-10
8.250  17.000  4.8711e-02
8.250  17.250  4.9731e-02
8.250  17.500  5.2303e-02
8.250  17.750  5.7424e-02
8.250  18.000  6.5017e-02
8.250  18.250  7.0414e-02
8.250  18.500  6.3251e-02
8.250  18.750  4.7780e-02
8.250  19.000  3.3660e-02
8.250  19.250  1.9780e-02
8.250  19.500  1.0020e-02
8.250  19.750  4.3300e-03
8.250  20.000  1.9300e-03
8.250  20.250  9.6000e-04
8.250  20.500  3.9000e-04
8.250  20.750  1.7000e-04
8.250  21.000  8.0000e-05
8.250  21.250  4.0000e-05
8.250  21.500  2.0000e-05
8.250  21.750  1.1648e-05
8.250  22.000  1.0000e-05
8.250  22.250  1.0000e-05
8.250  22.500  1.0000e-05
8.250  22.750  1.0000e-05
8.250  23.000  1.0000e-05
8.250  23.250  1.0000e-05
8.250  23.500  1.0000e-10
8.250  23.750  1.0000e-10
8.250  24.000  1.0000e-10
8.500  17.000  4.9773e-02
8.500  17.250  5.0478e-02
8.500  17.500  5.2421e-02
8.500  17.750  5.7126e-02
8.500  18.000  6.6376e-02
8.500  18.250  7.8437e-02
8.500  18.500  8.2945e-02
8.500  18.750  6.9451e-02
8.500  19.000  4.9680e-02
8.500  19.250  3.3640e-02
8.500  19.500  1.9780e-02
8.500  19.750  1.0000e-02
8.500  20.000  4.3300e-03
8.500  20.250  1.9300e-03
8.500  20.500  9.6000e-04
8.500  20.750  3.9000e-04
8.500  21.000  1.7000e-04
8.500  21.250  8.0000e-05
8.500  21.500  4.0000e-05
8.500  21.750  2.0000e-05
8.500  22.000  1.1603e-05
8.500  22.250  1.0000e-05
8.500  22.500  1.0000e-05
8.500  22.750  1.0000e-05
8.500  23.000  1.0000e-05
8.500  23.250  1.0000e-10
8.500  23.500  1.0000e-10
8.500  23.750  1.0000e-10
8.500  24.000  1.0000e-10
8.750  17.000  5.0990e-02
8.750  17.250  5.1690e-02
8.750  17.500  5.3356e-02
8.750  17.750  5.7394e-02
8.750  18.000  6.6632e-02
8.750  18.250  8.2259e-02
8.750  18.500  9.5715e-02
8.750  18.750  9.5488e-02
8.750  19.000  7.3410e-02
8.750  19.250  5.1960e-02
8.750  19.500  3.3620e-02
8.750  19.750  1.9790e-02
8.750  20.000  9.9700e-03
8.750  20.250  4.3300e-03
8.750  20.500  1.9300e-03
8.750  20.750  9.6000e-04
8.750  21.000  3.9000e-04
8.750  21.250  1.7000e-04
8.750  21.500  8.0000e-05
8.750  21.750  4.0000e-05
8.750  22.000  2.0000e-05
8.750  22.250  1.1645e-05
8.750  22.500  1.0000e-05
8.750  22.750  1.0000e-05
8.750  23.000  1.0000e-05
8.750  23.250  1.0000e-05
8.750  23.500  1.0000e-05
8.750  23.750  1.0000e-05
8.750  24.000  1.0000e-10
9.000  17.000  5.2259e-02
9.000  17.250  5.3128e-02
9.000  17.500  5.4909e-02
9.000  17.750  5.8850e-02
9.000  18.000  6.7671e-02
9.000  18.250  8.3935e-02
9.000  18.500  1.0303e-01
9.000  18.750  1.1475e-01
9.000  19.000  1.0637e-01
9.000  19.250  7.8590e-02
9.000  19.500  5.4100e-02
9.000  19.750  3.3610e-02
9.000  20.000  1.9800e-02
9.000  20.250  9.9500e-03
9.000  20.500  4.3300e-03
9.000  20.750  1.9300e-03
9.000  21.000  9.6000e-04
9.000  21.250  3.9000e-04
9.000  21.500  1.7000e-04
9.000  21.750  8.0000e-05
9.000  22.000  4.0000e-05
9.000  22.250  2.0000e-05
9.000  22.500  1.1600e-05
9.000  22.750  1.0000e-05
9.000  23.000  1.0000e-05
9.000  23.250  1.0000e-05
9.000  23.500  1.0000e-05
9.000  23.750  1.0000e-10
9.000  24.000  1.0000e-10
9.250  17.000  5.3533e-02
9.250  17.250  5.4680e-02
9.250  17.500  5.6870e-02
9.250  17.750  6.1283e-02
9.250  18.000  7.0660e-02
9.250  18.250  8.7054e-02
9.250  18.500  1.0676e-01
9.250  18.750  1.2519e-01
9.250  19.000  1.3076e-01
9.250  19.250  1.1744e-01
9.250  19.500  8.3050e-02
9.250  19.750  5.6540e-02
9.250  20.000  3.3590e-02
9.250  20.250  1.9810e-02
9.250  20.500  9.9200e-03
9.250  20.750  4.3200e-03
9.250  21.000  1.9300e-03
9.250  21.250  9.6000e-04
9.250  21.500  4.0000e-04
9.250  21.750  1.7000e-04
9.250  22.000  7.0000e-05
9.250  22.250  4.0000e-05
9.250  22.500  2.0000e-05
9.250  22.750  9.8241e-06
9.250  23.000  8.6449e-06
9.250  23.250  1.0000e-05
9.250  23.500  1.0000e-05
9.250  23.750  1.0000e-05
9.250  24.000  1.0000e-10
9.500  17.000  5.4938e-02
9.500  17.250  5.6402e-02
9.500  17.500  5.9153e-02
9.500  17.750  6.4519e-02
9.500  18.000  7.5389e-02
9.500  18.250  9.2975e-02
9.500  18.500  1.1287e-01
9.500  18.750  1.3084e-01
9.500  19.000  1.4411e-01
9.500  19.250  1.4609e-01
9.500  19.500  1.2326e-01
9.500  19.750  8.6880e-02
9.500  20.000  5.7290e-02
9.500  20.250  3.3570e-02
9.500  20.500  1.9840e-02
9.500  20.750  9.9000e-03
9.500  21.000  4.3100e-03
9.500  21.250  1.9300e-03
9.500  21.500  9.6000e-04
9.500  21.750  3.9000e-04
9.500  22.000  1.7000e-04
9.500  22.250  7.0000e-05
9.500  22.500  3.0000e-05
9.500  22.750  2.0000e-05
9.500  23.000  1.0000e-05
9.500  23.250  1.0000e-05
9.500  23.500  1.0000e-05
9.500  23.750  1.0000e-10
9.500  24.000  1.0000e-10
9.750  17.000  5.6499e-02
9.750  17.250  5.8316e-02
9.750  17.500  6.1706e-02
9.750  17.750  6.8410e-02
9.750  18.000  8.1532e-02
9.750  18.250  1.0131e-01
9.750  18.500  1.2178e-01
9.750  18.750  1.3837e-01
9.750  19.000  1.5116e-01
9.750  19.250  1.5972e-01
9.750  19.500  1.6011e-01
9.750  19.750  1.2772e-01
9.750  20.000  9.1020e-02
9.750  20.250  5.7100e-02
9.750  20.500  3.3580e-02
9.750  20.750  1.9890e-02
9.750  21.000  9.8800e-03
9.750  21.250  4.3100e-03
9.750  21.500  1.9300e-03
9.750  21.750  9.6000e-04
9.750  22.000  4.0000e-04
9.750  22.250  1.7000e-04
9.750  22.500  8.0000e-05
9.750  22.750  4.0000e-05
9.750  23.000  2.0000e-05
9.750  23.250  1.0000e-05
9.750  23.500  1.0000e-10
9.750  23.750  1.0000e-10
9.750  24.000  1.0000e-10
10.000  17.000  5.8392e-02
10.000  17.250  6.0572e-02
10.000  17.500  6.4733e-02
10.000  17.750  7.3126e-02
10.000  18.000  8.8995e-02
10.000  18.250  1.1064e-01
10.000  18.500  1.3161e-01
10.000  18.750  1.4712e-01
10.000  19.000  1.5830e-01
10.000  19.250  1.6620e-01
10.000  19.500  1.7084e-01
10.000  19.750  1.5892e-01
10.000  20.000  1.2951e-01
10.000  20.250  9.5320e-02
10.000  20.500  5.6950e-02
10.000  20.750  3.3620e-02
10.000  21.000  1.9960e-02
10.000  21.250  9.8500e-03
10.000  21.500  4.3000e-03
10.000  21.750  1.9200e-03
10.000  22.000  9.6000e-04
10.000  22.250  3.9000e-04
10.000  22.500  1.7000e-04
10.000  22.750  7.0000e-05
10.000  23.000  3.0000e-05
10.000  23.250  2.0000e-05
10.000  23.500  1.0000e-05
10.000  23.750  1.0000e-05
10.000  24.000  1.0000e-10
10.250  17.000  6.0905e-02
10.250  17.250  6.3291e-02
10.250  17.500  6.8560e-02
10.250  17.750  7.9048e-02
10.250  18.000  9.7480e-02
10.250  18.250  1.2085e-01
10.250  18.500  1.4174e-01
10.250  18.750  1.5578e-01
10.250  19.000  1.6515e-01
10.250  19.250  1.7230e-01
10.250  19.500  1.7814e-01
10.250  19.750  1.8102e-01
10.250  20.000  1.6455e-01
10.250  20.250  1.3582e-01
10.250  20.500  9.6890e-02
10.250  20.750  5.6850e-02
10.250  21.000  3.3760e-02
10.250  21.250  2.0060e-02
10.250  21.500  9.8300e-03
10.250  21.750  4.3100e-03
10.250  22.000  1.9200e-03
10.250  22.250  9.6000e-04
10.250  22.500  4.0000e-04
10.250  22.750  1.6000e-04
10.250  23.000  7.0000e-05
10.250  23.250  3.0000e-05
10.250  23.500  2.0000e-05
10.250  23.750  1.0000e-05
10.250  24.000  1.0000e-10
10.500  17.000  6.4782e-02
10.500  17.250  6.7265e-02
10.500  17.500  7.3624e-02
10.500  17.750  8.6614e-02
10.500  18.000  1.0711e-01
10.500  18.250  1.3095e-01
10.500  18.500  1.5086e-01
10.500  18.750  1.6362e-01
10.500  19.000  1.7257e-01
10.500  19.250  1.7922e-01
10.500  19.500  1.8484e-01
10.500  19.750  1.9044e-01
10.500  20.000  1.9103e-01
10.500  20.250  1.7336e-01
10.500  20.500  1.4398e-01
10.500  20.750  9.7010e-02
10.500  21.000  5.6810e-02
10.500  21.250  3.4040e-02
10.500  21.500  2.0110e-02
10.500  21.750  9.8100e-03
10.500  22.000  4.2900e-03
10.500  22.250  1.9200e-03
10.500  22.500  9.6000e-04
10.500  22.750  3.9000e-04
10.500  23.000  1.6000e-04
10.500  23.250  7.0000e-05
10.500  23.500  4.0000e-05
10.500  23.750  1.0000e-05
10.500  24.000  1.0000e-05
10.750  17.000  7.0355e-02
10.750  17.250  7.2805e-02
10.750  17.500  8.0535e-02
10.750  17.750  9.5643e-02
10.750  18.000  1.1754e-01
10.750  18.250  1.4133e-01
10.750  18.500  1.5959e-01
10.750  18.750  1.7170e-01
10.750  19.000  1.8011e-01
10.750  19.250  1.8711e-01
10.750  19.500  1.9244e-01
10.750  19.750  1.9764e-01
10.750  20.000  2.0255e-01
10.750  20.250  2.0225e-01
10.750  20.500  1.8367e-01
10.750  20.750  1.5166e-01
10.750  21.000  9.6790e-02
10.750  21.250  5.6920e-02
10.750  21.500  3.4650e-02
10.750  21.750  2.0060e-02
10.750  22.000  9.7900e-03
10.750  22.250  4.2900e-03
10.750  22.500  1.9300e-03
10.750  22.750  9.6000e-04
10.750  23.000  3.9000e-04
10.750  23.250  1.7000e-04
10.750  23.500  7.0000e-05
10.750  23.750  3.0000e-05
10.750  24.000  1.0000e-05
11.000  17.000  7.7556e-02
11.000  17.250  8.0211e-02
11.000  17.500  8.9163e-02
11.000  17.750  1.0585e-01
11.000  18.000  1.2818e-01
11.000  18.250  1.5104e-01
11.000  18.500  1.6720e-01
11.000  18.750  1.7889e-01
11.000  19.000  1.8739e-01
11.000  19.250  1.9430e-01
11.000  19.500  1.9983e-01
11.000  19.750  2.0444e-01
11.000  20.000  2.0926e-01
11.000  20.250  2.1451e-01
11.000  20.500  2.1466e-01
11.000  20.750  1.9514e-01
11.000  21.000  1.5861e-01
11.000  21.250  9.6740e-02
11.000  21.500  5.7450e-02
11.000  21.750  3.5750e-02
11.000  22.000  1.9870e-02
11.000  22.250  9.7600e-03
11.000  22.500  4.2800e-03
11.000  22.750  1.9300e-03
11.000  23.000  9.7000e-04
11.000  23.250  4.0000e-04
11.000  23.500  1.6000e-04
11.000  23.750  7.0000e-05
11.000  24.000  4.0000e-05
11.250  17.000  8.6380e-02
11.250  17.250  8.9257e-02
11.250  17.500  9.9197e-02
11.250  17.750  1.1679e-01
11.250  18.000  1.3911e-01
11.250  18.250  1.6054e-01
11.250  18.500  1.7502e-01
11.250  18.750  1.8634e-01
11.250  19.000  1.9468e-01
11.250  19.250  2.0142e-01
11.250  19.500  2.0666e-01
11.250  19.750  2.1107e-01
11.250  20.000  2.1552e-01
11.250  20.250  2.2081e-01
11.250  20.500  2.2741e-01
11.250  20.750  2.2899e-01
11.250  21.000  2.0758e-01
11.250  21.250  1.5996e-01
11.250  21.500  9.7160e-02
11.250  21.750  5.8620e-02
11.250  22.000  3.6900e-02
11.250  22.250  1.9640e-02
11.250  22.500  9.7200e-03
11.250  22.750  4.2900e-03
11.250  23.000  1.9300e-03
11.250  23.250  9.6000e-04
11.250  23.500  4.0000e-04
11.250  23.750  1.7000e-04
11.250  24.000  7.0000e-05
11.500  17.000  9.6822e-02
11.500  17.250  1.0010e-01
11.500  17.500  1.1045e-01
11.500  17.750  1.2827e-01
11.500  18.000  1.5015e-01
11.500  18.250  1.6989e-01
11.500  18.500  1.8290e-01
11.500  18.750  1.9279e-01
11.500  19.000  2.0114e-01
11.500  19.250  2.0778e-01
11.500  19.500  2.1324e-01
11.500  19.750  2.1757e-01
11.500  20.000  2.2159e-01
11.500  20.250  2.2654e-01
11.500  20.500  2.3341e-01
11.500  20.750  2.4217e-01
11.500  21.000  2.4575e-01
11.500  21.250  2.2121e-01
11.500  21.500  1.6073e-01
11.500  21.750  9.8140e-02
11.500  22.000  6.0360e-02
11.500  22.250  3.7600e-02
11.500  22.500  1.9400e-02
11.500  22.750  9.6800e-03
11.500  23.000  4.2800e-03
11.500  23.250  1.9200e-03
11.500  23.500  9.6000e-04
11.500  23.750  4.0000e-04
11.500  24.000  1.6000e-04
11.750  17.000  1.0781e-01
11.750  17.250  1.1251e-01
11.750  17.500  1.2292e-01
11.750  17.750  1.4018e-01
11.750  18.000  1.6091e-01
11.750  18.250  1.7853e-01
11.750  18.500  1.9025e-01
11.750  18.750  2.0014e-01
11.750  19.000  2.0916e-01
11.750  19.250  2.1567e-01
11.750  19.500  2.2001e-01
11.750  19.750  2.2420e-01
11.750  20.000  2.2807e-01
11.750  20.250  2.3235e-01
11.750  20.500  2.3842e-01
11.750  20.750  2.4793e-01
11.750  21.000  2.5890e-01
11.750  21.250  2.6478e-01
11.750  21.500  2.3013e-01
11.750  21.750  1.6195e-01
11.750  22.000  9.9690e-02
11.750  22.250  6.2410e-02
11.750  22.500  3.7270e-02
11.750  22.750  1.9100e-02
11.750  23.000  9.6100e-03
11.750  23.250  4.2800e-03
11.750  23.500  1.9200e-03
11.750  23.750  9.6000e-04
11.750  24.000  3.9000e-04
12.000  17.000  1.0662e-01
12.000  17.250  1.2502e-01
12.000  17.500  1.3593e-01
12.000  17.750  1.5176e-01
12.000  18.000  1.7020e-01
12.000  18.250  1.8585e-01
12.000  18.500  1.9781e-01
12.000  18.750  2.0844e-01
12.000  19.000  2.1805e-01
12.000  19.250  2.2430e-01
12.000  19.500  2.2821e-01
12.000  19.750  2.3161e-01
12.000  20.000  2.3494e-01
12.000  20.250  2.3861e-01
12.000  20.500  2.4372e-01
12.000  20.750  2.5244e-01
12.000  21.000  2.6484e-01
12.000  21.250  2.7853e-01
12.000  21.500  2.7622e-01
12.000  21.750  2.4163e-01
12.000  22.000  1.6353e-01
12.000  22.250  1.0198e-01
12.000  22.500  6.4270e-02
12.000  22.750  3.6550e-02
12.000  23.000  1.8820e-02
12.000  23.250  9.5400e-03
12.000  23.500  4.2700e-03
12.000  23.750  1.9200e-03
12.000  24.000  9.6000e-04
12.250  17.000  9.1773e-02
12.250  17.250  1.2499e-01
12.250  17.500  1.4690e-01
12.250  17.750  1.6101e-01
12.250  18.000  1.7674e-01
12.250  18.250  1.9204e-01
12.250  18.500  2.0515e-01
12.250  18.750  2.1727e-01
12.250  19.000  2.2755e-01
12.250  19.250  2.3392e-01
12.250  19.500  2.3761e-01
12.250  19.750  2.4015e-01
12.250  20.000  2.4234e-01
12.250  20.250  2.4519e-01
12.250  20.500  2.4966e-01
12.250  20.750  2.5729e-01
12.250  21.000  2.6957e-01
12.250  21.250  2.8573e-01
12.250  21.500  2.9087e-01
12.250  21.750  2.9570e-01
12.250  22.000  2.5099e-01
12.250  22.250  1.6594e-01
12.250  22.500  1.0619e-01
12.250  22.750  6.5450e-02
12.250  23.000  3.5660e-02
12.250  23.250  1.8490e-02
12.250  23.500  9.4500e-03
12.250  23.750  4.2700e-03
12.250  24.000  1.9200e-03
12.500  17.000  7.9993e-02
12.500  17.250  1.0403e-01
12.500  17.500  1.4051e-01
12.500  17.750  1.6275e-01
12.500  18.000  1.7821e-01
12.500  18.250  1.9506e-01
12.500  18.500  2.1282e-01
12.500  18.750  2.2882e-01
12.500  19.000  2.3887e-01
12.500  19.250  2.4441e-01
12.500  19.500  2.4780e-01
12.500  19.750  2.4951e-01
12.500  20.000  2.5070e-01
12.500  20.250  2.5239e-01
12.500  20.500  2.5592e-01
12.500  20.750  2.6278e-01
12.500  21.000  2.7427e-01
12.500  21.250  2.9122e-01
12.500  21.500  3.0000e-01
12.500  21.750  3.1365e-01
12.500  22.000  3.1379e-01
12.500  22.250  2.5509e-01
12.500  22.500  1.7269e-01
12.500  22.750  1.0952e-01
12.500  23.000  6.5030e-02
12.500  23.250  3.4700e-02
12.500  23.500  1.8150e-02
12.500  23.750  9.3400e-03
12.500  24.000  4.2600e-03
12.750  17.000  6.6970e-02
12.750  17.250  8.4153e-02
12.750  17.500  1.1051e-01
12.750  17.750  1.4641e-01
12.750  18.000  1.7395e-01
12.750  18.250  1.9472e-01
12.750  18.500  2.1927e-01
12.750  18.750  2.3777e-01
12.750  19.000  2.4988e-01
12.750  19.250  2.5602e-01
12.750  19.500  2.5893e-01
12.750  19.750  2.5952e-01
12.750  20.000  2.5985e-01
12.750  20.250  2.6090e-01
12.750  20.500  2.6321e-01
12.750  20.750  2.6869e-01
12.750  21.000  2.8008e-01
12.750  21.250  2.9668e-01
12.750  21.500  3.0813e-01
12.750  21.750  3.2688e-01
12.750  22.000  3.3773e-01
12.750  22.250  3.2844e-01
12.750  22.500  2.5857e-01
12.750  22.750  1.7522e-01
12.750  23.000  1.0974e-01
12.750  23.250  6.3270e-02
12.750  23.500  3.3710e-02
12.750  23.750  1.7760e-02
12.750  24.000  9.2100e-03
13.000  17.000  4.4059e-02
13.000  17.250  5.6797e-02
13.000  17.500  8.0134e-02
13.000  17.750  1.1433e-01
13.000  18.000  1.5249e-01
13.000  18.250  1.8430e-01
13.000  18.500  2.1535e-01
13.000  18.750  2.4238e-01
13.000  19.000  2.5799e-01
13.000  19.250  2.6711e-01
13.000  19.500  2.7018e-01
13.000  19.750  2.7068e-01
13.000  20.000  2.6994e-01
13.000  20.250  2.7013e-01
13.000  20.500  2.7208e-01
13.000  20.750  2.7663e-01
13.000  21.000  2.8611e-01
13.000  21.250  3.0256e-01
13.000  21.500  3.1619e-01
13.000  21.750  3.3859e-01
13.000  22.000  3.5595e-01
13.000  22.250  3.5779e-01
13.000  22.500  3.3343e-01
13.000  22.750  2.5447e-01
13.000  23.000  1.7059e-01
13.000  23.250  1.0587e-01
13.000  23.500  6.0890e-02
13.000  23.750  3.2550e-02
13.000  24.000  1.7300e-02
13.250  17.000  4.3505e-02
13.250  17.250  5.1998e-02
13.250  17.500  6.8020e-02
13.250  17.750  9.4037e-02
13.250  18.000  1.3118e-01
13.250  18.250  1.7267e-01
13.250  18.500  2.0729e-01
13.250  18.750  2.3619e-01
13.250  19.000  2.6272e-01
13.250  19.250  2.7314e-01
13.250  19.500  2.8057e-01
13.250  19.750  2.8175e-01
13.250  20.000  2.8042e-01
13.250  20.250  2.8002e-01
13.250  20.500  2.8082e-01
13.250  20.750  2.8489e-01
13.250  21.000  2.9317e-01
13.250  21.250  3.0857e-01
13.250  21.500  3.2051e-01
13.250  21.750  3.4551e-01
13.250  22.000  3.6781e-01
13.250  22.250  3.7460e-01
13.250  22.500  3.6002e-01
13.250  22.750  3.2450e-01
13.250  23.000  2.3741e-01
13.250  23.250  1.5815e-01
13.250  23.500  9.9100e-02
13.250  23.750  5.7880e-02
13.250  24.000  3.1230e-02
13.500  17.000  4.3381e-02
13.500  17.250  5.1590e-02
13.500  17.500  6.5621e-02
13.500  17.750  8.6446e-02
13.500  18.000  1.1870e-01
13.500  18.250  1.5629e-01
13.500  18.500  1.9567e-01
13.500  18.750  2.2944e-01
13.500  19.000  2.5721e-01
13.500  19.250  2.7908e-01
13.500  19.500  2.8889e-01
13.500  19.750  2.9171e-01
13.500  20.000  2.9128e-01
13.500  20.250  2.9129e-01
13.500  20.500  2.9072e-01
13.500  20.750  2.9301e-01
13.500  21.000  2.9831e-01
13.500  21.250  3.1285e-01
13.500  21.500  3.2283e-01
13.500  21.750  3.4687e-01
13.500  22.000  3.7144e-01
13.500  22.250  3.7840e-01
13.500  22.500  3.6984e-01
13.500  22.750  3.4599e-01
13.500  23.000  2.9633e-01
13.500  23.250  2.1218e-01
13.500  23.500  1.4321e-01
13.500  23.750  9.2793e-02
13.500  24.000  5.4370e-02
13.750  17.000  4.3543e-02
13.750  17.250  5.1066e-02
13.750  17.500  6.4258e-02
13.750  17.750  8.2536e-02
13.750  18.000  1.1079e-01
13.750  18.250  1.4484e-01
13.750  18.500  1.8013e-01
13.750  18.750  2.1571e-01
13.750  19.000  2.5042e-01
13.750  19.250  2.7605e-01
13.750  19.500  2.9148e-01
13.750  19.750  3.0160e-01
13.750  20.000  3.0338e-01
13.750  20.250  3.0312e-01
13.750  20.500  3.0279e-01
13.750  20.750  3.0384e-01
13.750  21.000  3.0818e-01
13.750  21.250  3.1766e-01
13.750  21.500  3.2689e-01
13.750  21.750  3.4970e-01
13.750  22.000  3.7145e-01
13.750  22.250  3.7961e-01
13.750  22.500  3.7110e-01
13.750  22.750  3.4926e-01
13.750  23.000  3.1610e-01
13.750  23.250  2.6871e-01
13.750  23.500  1.9029e-01
13.750  23.750  1.2987e-01
13.750  24.000  8.5586e-02
14.000  17.000  4.4240e-02
14.000  17.250  5.1166e-02
14.000  17.500  6.3972e-02
14.000  17.750  8.1274e-02
14.000  18.000  1.0524e-01
14.000  18.250  1.3668e-01
14.000  18.500  1.6961e-01
14.000  18.750  2.0209e-01
14.000  19.000  2.3520e-01
14.000  19.250  2.6897e-01
14.000  19.500  2.9179e-01
14.000  19.750  3.0888e-01
14.000  20.000  3.1582e-01
14.000  20.250  3.1677e-01
14.000  20.500  3.1668e-01
14.000  20.750  3.1739e-01
14.000  21.000  3.2078e-01
14.000  21.250  3.2915e-01
14.000  21.500  3.3575e-01
14.000  21.750  3.5734e-01
14.000  22.000  3.7732e-01
14.000  22.250  3.8305e-01
14.000  22.500  3.7166e-01
14.000  22.750  3.4978e-01
14.000  23.000  3.2026e-01
14.000  23.250  2.8222e-01
14.000  23.500  2.3388e-01
14.000  23.750  1.6722e-01
14.000  24.000  1.1690e-01
