InwC 1218.08A  relative to Inci 1215.00A scaled to 1215A.
Hden   Phi(H)  Eq_Width (A)
7.000  17.000  9.6993e-01
7.000  17.250  9.6552e-01
7.000  17.500  9.6316e-01
7.000  17.750  2.4606e-01
7.000  18.000  -3.9725e-01
7.000  18.250  -7.4949e-01
7.000  18.500  -8.6674e-01
7.000  18.750  -8.0509e-01
7.000  19.000  -6.2061e-01
7.000  19.250  -3.6939e-01
7.000  19.500  -1.0751e-01
7.000  19.750  1.0894e-01
7.000  20.000  2.2388e-01
7.000  20.250  2.2388e-01
7.000  20.500  2.2388e-01
7.000  20.750  2.2388e-01
7.000  21.000  2.2388e-01
7.000  21.250  2.2388e-01
7.000  21.500  2.2388e-01
7.000  21.750  2.2388e-01
7.000  22.000  2.2388e-01
7.000  22.250  2.2388e-01
7.000  22.500  2.2388e-01
7.000  22.750  2.2388e-01
7.000  23.000  2.2388e-01
7.000  23.250  2.2388e-01
7.000  23.500  2.2388e-01
7.000  23.750  2.2388e-01
7.000  24.000  2.2388e-01
7.250  17.000  9.7472e-01
7.250  17.250  9.7004e-01
7.250  17.500  9.6559e-01
7.250  17.750  9.6333e-01
7.250  18.000  2.4266e-01
7.250  18.250  -4.0438e-01
7.250  18.500  -7.5841e-01
7.250  18.750  -8.7591e-01
7.250  19.000  -8.1336e-01
7.250  19.250  -6.2720e-01
7.250  19.500  -3.7394e-01
7.250  19.750  -1.1002e-01
7.250  20.000  1.0808e-01
7.250  20.250  2.2388e-01
7.250  20.500  2.2388e-01
7.250  20.750  2.2388e-01
7.250  21.000  2.2388e-01
7.250  21.250  2.2388e-01
7.250  21.500  2.2388e-01
7.250  21.750  2.2388e-01
7.250  22.000  2.2388e-01
7.250  22.250  2.2388e-01
7.250  22.500  2.2388e-01
7.250  22.750  2.2388e-01
7.250  23.000  2.2388e-01
7.250  23.250  2.2388e-01
7.250  23.500  2.2388e-01
7.250  23.750  2.2388e-01
7.250  24.000  2.2388e-01
7.500  17.000  9.7951e-01
7.500  17.250  9.7468e-01
7.500  17.500  9.7004e-01
7.500  17.750  9.6563e-01
7.500  18.000  9.6321e-01
7.500  18.250  2.4020e-01
7.500  18.500  -4.0883e-01
7.500  18.750  -7.6378e-01
7.500  19.000  -8.8134e-01
7.500  19.250  -8.1820e-01
7.500  19.500  -6.3104e-01
7.500  19.750  -3.7657e-01
7.500  20.000  -1.1146e-01
7.500  20.250  1.0758e-01
7.500  20.500  2.2388e-01
7.500  20.750  2.2388e-01
7.500  21.000  2.2388e-01
7.500  21.250  2.2388e-01
7.500  21.500  2.2388e-01
7.500  21.750  2.2388e-01
7.500  22.000  2.2388e-01
7.500  22.250  2.2388e-01
7.500  22.500  2.2388e-01
7.500  22.750  2.2388e-01
7.500  23.000  2.2388e-01
7.500  23.250  2.2388e-01
7.500  23.500  2.2388e-01
7.500  23.750  2.2388e-01
7.500  24.000  2.2388e-01
7.750  17.000  9.8392e-01
7.750  17.250  9.7928e-01
7.750  17.500  9.7458e-01
7.750  17.750  9.6989e-01
7.750  18.000  9.6540e-01
7.750  18.250  9.6217e-01
7.750  18.500  2.3824e-01
7.750  18.750  -4.3392e-01
7.750  19.000  -8.3234e-01
7.750  19.250  -1.0038e+00
7.750  19.500  -9.9501e-01
7.750  19.750  -8.5277e-01
7.750  20.000  -6.2383e-01
7.750  20.250  -3.5493e-01
7.750  20.500  -9.2847e-02
7.750  20.750  1.1568e-01
7.750  21.000  2.2388e-01
7.750  21.250  2.2388e-01
7.750  21.500  2.2388e-01
7.750  21.750  2.2388e-01
7.750  22.000  2.2388e-01
7.750  22.250  2.2388e-01
7.750  22.500  2.2388e-01
7.750  22.750  2.2388e-01
7.750  23.000  2.2388e-01
7.750  23.250  2.2388e-01
7.750  23.500  2.2388e-01
7.750  23.750  2.2388e-01
7.750  24.000  2.2388e-01
8.000  17.000  9.8811e-01
8.000  17.250  9.8398e-01
8.000  17.500  9.7934e-01
8.000  17.750  9.7463e-01
8.000  18.000  9.6984e-01
8.000  18.250  9.6512e-01
8.000  18.500  9.6106e-01
8.000  18.750  2.3839e-01
8.000  19.000  -4.3241e-01
8.000  19.250  -8.3004e-01
8.000  19.500  -1.0012e+00
8.000  19.750  -9.9242e-01
8.000  20.000  -8.5050e-01
8.000  20.250  -6.2205e-01
8.000  20.500  -3.5372e-01
8.000  20.750  -9.2184e-02
8.000  21.000  1.1590e-01
8.000  21.250  2.2388e-01
8.000  21.500  2.2388e-01
8.000  21.750  2.2388e-01
8.000  22.000  2.2388e-01
8.000  22.250  2.2388e-01
8.000  22.500  2.2388e-01
8.000  22.750  2.2388e-01
8.000  23.000  2.2388e-01
8.000  23.250  2.2388e-01
8.000  23.500  2.2388e-01
8.000  23.750  2.2388e-01
8.000  24.000  2.2388e-01
8.250  17.000  9.9140e-01
8.250  17.250  9.8798e-01
8.250  17.500  9.8379e-01
8.250  17.750  9.7917e-01
8.250  18.000  9.7409e-01
8.250  18.250  9.6895e-01
8.250  18.500  9.6357e-01
8.250  18.750  9.5882e-01
8.250  19.000  2.3552e-01
8.250  19.250  -4.1305e-01
8.250  19.500  -7.6742e-01
8.250  19.750  -8.8433e-01
8.250  20.000  -8.2051e-01
8.250  20.250  -6.3269e-01
8.250  20.500  -3.7761e-01
8.250  20.750  -1.1200e-01
8.250  21.000  1.0741e-01
8.250  21.250  2.2388e-01
8.250  21.500  2.2388e-01
8.250  21.750  2.2388e-01
8.250  22.000  2.2388e-01
8.250  22.250  2.2388e-01
8.250  22.500  2.2388e-01
8.250  22.750  2.2388e-01
8.250  23.000  2.2388e-01
8.250  23.250  2.2388e-01
8.250  23.500  2.2388e-01
8.250  23.750  2.2388e-01
8.250  24.000  2.2388e-01
8.500  17.000  9.9387e-01
8.500  17.250  9.9124e-01
8.500  17.500  9.8776e-01
8.500  17.750  9.8349e-01
8.500  18.000  9.7854e-01
8.500  18.250  9.7308e-01
8.500  18.500  9.6728e-01
8.500  18.750  9.6066e-01
8.500  19.000  9.5477e-01
8.500  19.250  2.3160e-01
8.500  19.500  -4.1647e-01
8.500  19.750  -7.7029e-01
8.500  20.000  -8.8664e-01
8.500  20.250  -8.2226e-01
8.500  20.500  -6.3392e-01
8.500  20.750  -3.7838e-01
8.500  21.000  -1.1239e-01
8.500  21.250  1.0728e-01
8.500  21.500  2.2388e-01
8.500  21.750  2.2388e-01
8.500  22.000  2.2388e-01
8.500  22.250  2.2388e-01
8.500  22.500  2.2388e-01
8.500  22.750  2.2388e-01
8.500  23.000  2.2388e-01
8.500  23.250  2.2388e-01
8.500  23.500  2.2388e-01
8.500  23.750  2.2388e-01
8.500  24.000  2.2388e-01
8.750  17.000  9.9555e-01
8.750  17.250  9.9366e-01
8.750  17.500  9.9096e-01
8.750  17.750  9.8732e-01
8.750  18.000  9.8275e-01
8.750  18.250  9.7707e-01
8.750  18.500  9.7057e-01
8.750  18.750  9.6314e-01
8.750  19.000  9.5464e-01
8.750  19.250  9.4602e-01
8.750  19.500  8.9863e-01
8.750  19.750  8.1248e-01
8.750  20.000  7.0083e-01
8.750  20.250  5.7694e-01
8.750  20.500  4.5404e-01
8.750  20.750  3.4540e-01
8.750  21.000  2.6426e-01
8.750  21.250  2.2387e-01
8.750  21.500  2.2387e-01
8.750  21.750  2.2388e-01
8.750  22.000  2.2388e-01
8.750  22.250  2.2388e-01
8.750  22.500  2.2388e-01
8.750  22.750  2.2388e-01
8.750  23.000  2.2388e-01
8.750  23.250  2.2388e-01
8.750  23.500  2.2388e-01
8.750  23.750  2.2388e-01
8.750  24.000  2.2388e-01
9.000  17.000  9.9662e-01
9.000  17.250  9.9529e-01
9.000  17.500  9.9330e-01
9.000  17.750  9.9041e-01
9.000  18.000  9.8647e-01
9.000  18.250  9.8123e-01
9.000  18.500  9.7465e-01
9.000  18.750  9.6641e-01
9.000  19.000  9.5650e-01
9.000  19.250  9.4491e-01
9.000  19.500  9.3517e-01
9.000  19.750  8.8802e-01
9.000  20.000  8.0294e-01
9.000  20.250  6.9293e-01
9.000  20.500  5.7099e-01
9.000  20.750  4.5011e-01
9.000  21.000  3.4330e-01
9.000  21.250  2.6355e-01
9.000  21.500  2.2387e-01
9.000  21.750  2.2387e-01
9.000  22.000  2.2387e-01
9.000  22.250  2.2388e-01
9.000  22.500  2.2388e-01
9.000  22.750  2.2388e-01
9.000  23.000  2.2388e-01
9.000  23.250  2.2388e-01
9.000  23.500  2.2388e-01
9.000  23.750  2.2388e-01
9.000  24.000  2.2388e-01
9.250  17.000  9.9722e-01
9.250  17.250  9.9628e-01
9.250  17.500  9.9482e-01
9.250  17.750  9.9262e-01
9.250  18.000  9.8941e-01
9.250  18.250  9.8488e-01
9.250  18.500  9.7860e-01
9.250  18.750  9.7004e-01
9.250  19.000  9.5943e-01
9.250  19.250  9.4644e-01
9.250  19.500  9.3386e-01
9.250  19.750  9.2211e-01
9.250  20.000  8.8126e-01
9.250  20.250  8.1037e-01
9.250  20.500  7.1836e-01
9.250  20.750  6.1419e-01
9.250  21.000  5.0679e-01
9.250  21.250  4.0509e-01
9.250  21.500  3.1803e-01
9.250  21.750  2.5455e-01
9.250  22.000  2.2359e-01
9.250  22.250  2.2380e-01
9.250  22.500  2.2387e-01
9.250  22.750  2.2388e-01
9.250  23.000  2.2388e-01
9.250  23.250  2.2388e-01
9.250  23.500  2.2388e-01
9.250  23.750  2.2388e-01
9.250  24.000  2.2388e-01
9.500  17.000  9.9754e-01
9.500  17.250  9.9681e-01
9.500  17.500  9.9571e-01
9.500  17.750  9.9404e-01
9.500  18.000  9.9153e-01
9.500  18.250  9.8774e-01
9.500  18.500  9.8210e-01
9.500  18.750  9.7398e-01
9.500  19.000  9.6290e-01
9.500  19.250  9.5003e-01
9.500  19.500  9.3695e-01
9.500  19.750  9.2142e-01
9.500  20.000  2.3116e-01
9.500  20.250  -4.6577e-01
9.500  20.500  -9.6081e-01
9.500  20.750  -1.2777e+00
9.500  21.000  -1.4400e+00
9.500  21.250  -1.4715e+00
9.500  21.500  -1.3959e+00
9.500  21.750  -1.2369e+00
9.500  22.000  -1.0180e+00
9.500  22.250  -7.6313e-01
9.500  22.500  -4.9584e-01
9.500  22.750  -2.3984e-01
9.500  23.000  -1.8816e-02
9.500  23.250  1.4354e-01
9.500  23.500  2.2354e-01
9.500  23.750  2.2354e-01
9.500  24.000  2.2353e-01
9.750  17.000  9.9766e-01
9.750  17.250  9.9705e-01
9.750  17.500  9.9616e-01
9.750  17.750  9.9483e-01
9.750  18.000  9.9290e-01
9.750  18.250  9.8985e-01
9.750  18.500  9.8505e-01
9.750  18.750  9.7780e-01
9.750  19.000  9.6763e-01
9.750  19.250  9.5551e-01
9.750  19.500  9.4147e-01
9.750  19.750  9.2444e-01
9.750  20.000  9.1180e-01
9.750  20.250  7.7977e-01
9.750  20.500  5.6323e-01
9.750  20.750  3.4912e-01
9.750  21.000  2.2441e-01
9.750  21.250  2.2421e-01
9.750  21.500  2.2383e-01
9.750  21.750  2.2379e-01
9.750  22.000  2.2354e-01
9.750  22.250  2.2352e-01
9.750  22.500  2.2347e-01
9.750  22.750  2.2341e-01
9.750  23.000  2.2337e-01
9.750  23.250  2.2334e-01
9.750  23.500  2.2333e-01
9.750  23.750  2.2332e-01
9.750  24.000  2.2331e-01
10.000  17.000  9.9769e-01
10.000  17.250  9.9712e-01
10.000  17.500  9.9635e-01
10.000  17.750  9.9526e-01
10.000  18.000  9.9377e-01
10.000  18.250  9.9135e-01
10.000  18.500  9.8744e-01
10.000  18.750  9.8147e-01
10.000  19.000  9.7308e-01
10.000  19.250  9.6185e-01
10.000  19.500  9.4803e-01
10.000  19.750  9.3204e-01
10.000  20.000  9.1218e-01
10.000  20.250  8.9379e-01
10.000  20.500  7.6211e-01
10.000  20.750  5.5136e-01
10.000  21.000  3.4448e-01
10.000  21.250  2.2437e-01
10.000  21.500  2.2420e-01
10.000  21.750  2.2384e-01
10.000  22.000  2.2383e-01
10.000  22.250  2.2360e-01
10.000  22.500  2.2354e-01
10.000  22.750  2.2351e-01
10.000  23.000  2.2347e-01
10.000  23.250  2.2344e-01
10.000  23.500  2.2342e-01
10.000  23.750  2.2341e-01
10.000  24.000  2.2340e-01
10.250  17.000  9.9767e-01
10.250  17.250  9.9711e-01
10.250  17.500  9.9642e-01
10.250  17.750  9.9553e-01
10.250  18.000  9.9429e-01
10.250  18.250  9.9241e-01
10.250  18.500  9.8931e-01
10.250  18.750  9.8463e-01
10.250  19.000  9.7804e-01
10.250  19.250  9.6890e-01
10.250  19.500  9.5667e-01
10.250  19.750  9.4114e-01
10.250  20.000  9.2103e-01
10.250  20.250  8.9751e-01
10.250  20.500  8.9125e-01
10.250  20.750  7.6749e-01
10.250  21.000  5.5716e-01
10.250  21.250  3.4715e-01
10.250  21.500  2.2432e-01
10.250  21.750  2.2419e-01
10.250  22.000  2.2384e-01
10.250  22.250  2.2384e-01
10.250  22.500  2.2375e-01
10.250  22.750  2.2354e-01
10.250  23.000  2.2353e-01
10.250  23.250  2.2351e-01
10.250  23.500  2.2349e-01
10.250  23.750  2.2348e-01
10.250  24.000  2.2347e-01
10.500  17.000  9.9768e-01
10.500  17.250  9.9711e-01
10.500  17.500  9.9648e-01
10.500  17.750  9.9574e-01
10.500  18.000  9.9471e-01
10.500  18.250  9.9324e-01
10.500  18.500  9.9091e-01
10.500  18.750  9.8738e-01
10.500  19.000  9.8222e-01
10.500  19.250  9.7480e-01
10.500  19.500  9.6400e-01
10.500  19.750  9.4884e-01
10.500  20.000  9.2804e-01
10.500  20.250  9.0249e-01
10.500  20.500  8.7477e-01
10.500  20.750  8.0943e-01
10.500  21.000  7.0904e-01
10.500  21.250  5.8909e-01
10.500  21.500  4.6510e-01
10.500  21.750  3.5256e-01
10.500  22.000  2.6697e-01
10.500  22.250  2.2384e-01
10.500  22.500  2.2385e-01
10.500  22.750  2.2383e-01
10.500  23.000  2.2359e-01
10.500  23.250  2.2354e-01
10.500  23.500  2.2353e-01
10.500  23.750  2.2352e-01
10.500  24.000  2.2351e-01
10.750  17.000  9.9768e-01
10.750  17.250  9.9712e-01
10.750  17.500  9.9649e-01
10.750  17.750  9.9578e-01
10.750  18.000  9.9499e-01
10.750  18.250  9.9387e-01
10.750  18.500  9.9207e-01
10.750  18.750  9.8930e-01
10.750  19.000  9.8519e-01
10.750  19.250  9.7900e-01
10.750  19.500  9.6969e-01
10.750  19.750  9.5574e-01
10.750  20.000  9.3561e-01
10.750  20.250  9.0892e-01
10.750  20.500  8.7715e-01
10.750  20.750  8.4447e-01
10.750  21.000  7.7838e-01
10.750  21.250  6.8109e-01
10.750  21.500  5.6682e-01
10.750  21.750  4.4976e-01
10.750  22.000  3.4410e-01
10.750  22.250  2.6407e-01
10.750  22.500  2.2384e-01
10.750  22.750  2.2385e-01
10.750  23.000  2.2385e-01
10.750  23.250  2.2375e-01
10.750  23.500  2.2356e-01
10.750  23.750  2.2354e-01
10.750  24.000  2.2354e-01
11.000  17.000  9.9766e-01
11.000  17.250  9.9710e-01
11.000  17.500  9.9636e-01
11.000  17.750  9.9559e-01
11.000  18.000  9.9492e-01
11.000  18.250  9.9406e-01
11.000  18.500  9.9266e-01
11.000  18.750  9.9049e-01
11.000  19.000  9.8716e-01
11.000  19.250  9.8198e-01
11.000  19.500  9.7396e-01
11.000  19.750  9.6168e-01
11.000  20.000  9.4336e-01
11.000  20.250  9.1772e-01
11.000  20.500  8.8481e-01
11.000  20.750  8.4694e-01
11.000  21.000  6.9297e-01
11.000  21.250  5.4031e-01
11.000  21.500  4.2450e-01
11.000  21.750  3.4057e-01
11.000  22.000  2.8352e-01
11.000  22.250  2.4837e-01
11.000  22.500  2.3014e-01
11.000  22.750  2.2384e-01
11.000  23.000  2.2385e-01
11.000  23.250  2.2386e-01
11.000  23.500  2.2383e-01
11.000  23.750  2.2367e-01
11.000  24.000  2.2357e-01
11.250  17.000  9.9758e-01
11.250  17.250  9.9699e-01
11.250  17.500  9.9610e-01
11.250  17.750  9.9523e-01
11.250  18.000  9.9454e-01
11.250  18.250  9.9382e-01
11.250  18.500  9.9277e-01
11.250  18.750  9.9108e-01
11.250  19.000  9.8840e-01
11.250  19.250  9.8412e-01
11.250  19.500  9.7740e-01
11.250  19.750  9.6686e-01
11.250  20.000  9.5102e-01
11.250  20.250  9.2786e-01
11.250  20.500  8.9646e-01
11.250  20.750  8.5725e-01
11.250  21.000  8.1481e-01
11.250  21.250  7.5173e-01
11.250  21.500  6.6940e-01
11.250  21.750  5.7591e-01
11.250  22.000  4.7933e-01
11.250  22.250  3.8775e-01
11.250  22.500  3.0925e-01
11.250  22.750  2.5192e-01
11.250  23.000  2.2383e-01
11.250  23.250  2.2384e-01
11.250  23.500  2.2386e-01
11.250  23.750  2.2386e-01
11.250  24.000  2.2381e-01
11.500  17.000  9.9743e-01
11.500  17.250  9.9676e-01
11.500  17.500  9.9578e-01
11.500  17.750  9.9483e-01
11.500  18.000  9.9404e-01
11.500  18.250  9.9335e-01
11.500  18.500  9.9253e-01
11.500  18.750  9.9126e-01
11.500  19.000  9.8915e-01
11.500  19.250  9.8572e-01
11.500  19.500  9.8028e-01
11.500  19.750  9.7167e-01
11.500  20.000  9.5844e-01
11.500  20.250  9.3876e-01
11.500  20.500  9.1058e-01
11.500  20.750  8.7330e-01
11.500  21.000  8.2851e-01
11.500  21.250  7.8331e-01
11.500  21.500  1.9605e-01
11.500  21.750  2.0305e-01
11.500  22.000  2.1068e-01
11.500  22.250  2.2020e-01
11.500  22.500  2.2308e-01
11.500  22.750  2.2388e-01
11.500  23.000  2.2413e-01
11.500  23.250  2.2383e-01
11.500  23.500  2.2384e-01
11.500  23.750  2.2386e-01
11.500  24.000  2.2387e-01
11.750  17.000  9.9709e-01
11.750  17.250  9.9641e-01
11.750  17.500  9.9547e-01
11.750  17.750  9.9448e-01
11.750  18.000  9.9360e-01
11.750  18.250  9.9283e-01
11.750  18.500  9.9211e-01
11.750  18.750  9.9117e-01
11.750  19.000  9.8960e-01
11.750  19.250  9.8697e-01
11.750  19.500  9.8271e-01
11.750  19.750  9.7598e-01
11.750  20.000  9.6547e-01
11.750  20.250  9.4945e-01
11.750  20.500  9.2593e-01
11.750  20.750  8.9271e-01
11.750  21.000  8.4982e-01
11.750  21.250  8.0049e-01
11.750  21.500  7.5374e-01
11.750  21.750  1.9515e-01
11.750  22.000  2.0334e-01
11.750  22.250  2.1178e-01
11.750  22.500  2.2039e-01
11.750  22.750  2.2280e-01
11.750  23.000  2.2372e-01
11.750  23.250  2.2410e-01
11.750  23.500  2.2382e-01
11.750  23.750  2.2384e-01
11.750  24.000  2.2386e-01
12.000  17.000  9.9658e-01
12.000  17.250  9.9604e-01
12.000  17.500  9.9517e-01
12.000  17.750  9.9416e-01
12.000  18.000  9.9324e-01
12.000  18.250  9.9242e-01
12.000  18.500  9.9169e-01
12.000  18.750  9.9093e-01
12.000  19.000  9.8982e-01
12.000  19.250  9.8790e-01
12.000  19.500  9.8472e-01
12.000  19.750  9.7966e-01
12.000  20.000  9.7171e-01
12.000  20.250  9.5938e-01
12.000  20.500  9.4067e-01
12.000  20.750  9.1330e-01
12.000  21.000  8.7517e-01
12.000  21.250  8.2730e-01
12.000  21.500  7.7442e-01
12.000  21.750  7.2954e-01
12.000  22.000  1.9482e-01
12.000  22.250  2.0375e-01
12.000  22.500  2.1290e-01
12.000  22.750  2.2024e-01
12.000  23.000  2.2250e-01
12.000  23.250  2.2358e-01
12.000  23.500  2.2407e-01
12.000  23.750  2.2381e-01
12.000  24.000  2.2383e-01
12.250  17.000  9.9599e-01
12.250  17.250  9.9563e-01
12.250  17.500  9.9483e-01
12.250  17.750  9.9381e-01
12.250  18.000  9.9286e-01
12.250  18.250  9.9208e-01
12.250  18.500  9.9140e-01
12.250  18.750  9.9073e-01
12.250  19.000  9.8990e-01
12.250  19.250  9.8857e-01
12.250  19.500  9.8631e-01
12.250  19.750  9.8265e-01
12.250  20.000  9.7688e-01
12.250  20.250  9.6787e-01
12.250  20.500  9.5386e-01
12.250  20.750  9.3261e-01
12.250  21.000  9.0149e-01
12.250  21.250  8.5859e-01
12.250  21.500  8.0640e-01
12.250  21.750  7.5224e-01
12.250  22.000  6.6948e-01
12.250  22.250  5.6315e-01
12.250  22.500  4.4925e-01
12.250  22.750  3.4379e-01
12.250  23.000  2.6278e-01
12.250  23.250  2.2223e-01
12.250  23.500  2.2345e-01
12.250  23.750  2.2404e-01
12.250  24.000  2.2380e-01
12.500  17.000  9.9537e-01
12.500  17.250  9.9515e-01
12.500  17.500  9.9441e-01
12.500  17.750  9.9339e-01
12.500  18.000  9.9240e-01
12.500  18.250  9.9164e-01
12.500  18.500  9.9109e-01
12.500  18.750  9.9062e-01
12.500  19.000  9.9001e-01
12.500  19.250  9.8909e-01
12.500  19.500  9.8755e-01
12.500  19.750  9.8499e-01
12.500  20.000  9.8091e-01
12.500  20.250  9.7453e-01
12.500  20.500  9.6461e-01
12.500  20.750  9.4909e-01
12.500  21.000  9.2543e-01
12.500  21.250  8.9084e-01
12.500  21.500  8.4390e-01
12.500  21.750  7.8873e-01
12.500  22.000  7.3415e-01
12.500  22.250  1.8507e-01
12.500  22.500  1.9578e-01
12.500  22.750  2.0567e-01
12.500  23.000  2.1463e-01
12.500  23.250  2.1975e-01
12.500  23.500  2.2199e-01
12.500  23.750  2.2332e-01
12.500  24.000  2.2401e-01
12.750  17.000  9.9461e-01
12.750  17.250  9.9455e-01
12.750  17.500  9.9390e-01
12.750  17.750  9.9286e-01
12.750  18.000  9.9182e-01
12.750  18.250  9.9102e-01
12.750  18.500  9.9057e-01
12.750  18.750  9.9033e-01
12.750  19.000  9.9003e-01
12.750  19.250  9.8949e-01
12.750  19.500  9.8849e-01
12.750  19.750  9.8676e-01
12.750  20.000  9.8393e-01
12.750  20.250  9.7949e-01
12.750  20.500  9.7262e-01
12.750  20.750  9.6189e-01
12.750  21.000  9.4494e-01
12.750  21.250  9.1908e-01
12.750  21.500  8.8164e-01
12.750  21.750  8.3168e-01
12.750  22.000  7.7439e-01
12.750  22.250  7.1989e-01
12.750  22.500  1.8640e-01
12.750  22.750  1.9599e-01
12.750  23.000  2.0643e-01
12.750  23.250  2.1503e-01
12.750  23.500  2.1954e-01
12.750  23.750  2.2181e-01
12.750  24.000  2.2320e-01
13.000  17.000  9.9368e-01
13.000  17.250  9.9378e-01
13.000  17.500  9.9324e-01
13.000  17.750  9.9223e-01
13.000  18.000  9.9111e-01
13.000  18.250  9.9024e-01
13.000  18.500  9.8980e-01
13.000  18.750  9.8972e-01
13.000  19.000  9.8973e-01
13.000  19.250  9.8956e-01
13.000  19.500  9.8905e-01
13.000  19.750  9.8798e-01
13.000  20.000  9.8609e-01
13.000  20.250  9.8304e-01
13.000  20.500  9.7829e-01
13.000  20.750  9.7096e-01
13.000  21.000  9.5948e-01
13.000  21.250  9.4138e-01
13.000  21.500  9.1363e-01
13.000  21.750  8.7416e-01
13.000  22.000  8.2139e-01
13.000  22.250  7.6220e-01
13.000  22.500  7.0656e-01
13.000  22.750  1.8726e-01
13.000  23.000  1.9623e-01
13.000  23.250  2.0686e-01
13.000  23.500  2.1517e-01
13.000  23.750  2.1937e-01
13.000  24.000  2.2167e-01
13.250  17.000  9.9255e-01
13.250  17.250  9.9279e-01
13.250  17.500  9.9240e-01
13.250  17.750  9.9143e-01
13.250  18.000  9.9026e-01
13.250  18.250  9.8930e-01
13.250  18.500  9.8883e-01
13.250  18.750  9.8884e-01
13.250  19.000  9.8907e-01
13.250  19.250  9.8924e-01
13.250  19.500  9.8913e-01
13.250  19.750  9.8857e-01
13.250  20.000  9.8740e-01
13.250  20.250  9.8537e-01
13.250  20.500  9.8215e-01
13.250  20.750  9.7716e-01
13.250  21.000  9.6944e-01
13.250  21.250  9.5732e-01
13.250  21.500  9.3854e-01
13.250  21.750  9.1008e-01
13.250  22.000  8.6804e-01
13.250  22.250  8.1268e-01
13.250  22.500  7.5101e-01
13.250  22.750  6.8999e-01
13.250  23.000  1.8524e-01
13.250  23.250  1.9614e-01
13.250  23.500  2.0683e-01
13.250  23.750  2.1513e-01
13.250  24.000  2.1914e-01
13.500  17.000  9.9124e-01
13.500  17.250  9.9151e-01
13.500  17.500  9.9123e-01
13.500  17.750  9.9037e-01
13.500  18.000  9.8921e-01
13.500  18.250  9.8817e-01
13.500  18.500  9.8763e-01
13.500  18.750  9.8768e-01
13.500  19.000  9.8809e-01
13.500  19.250  9.8854e-01
13.500  19.500  9.8879e-01
13.500  19.750  9.8863e-01
13.500  20.000  9.8796e-01
13.500  20.250  9.8663e-01
13.500  20.500  9.8443e-01
13.500  20.750  9.8104e-01
13.500  21.000  9.7590e-01
13.500  21.250  9.6788e-01
13.500  21.500  9.5554e-01
13.500  21.750  9.3634e-01
13.500  22.000  9.0646e-01
13.500  22.250  8.6252e-01
13.500  22.500  8.0324e-01
13.500  22.750  7.3447e-01
13.500  23.000  6.7341e-01
13.500  23.250  1.8789e-01
13.500  23.500  1.9591e-01
13.500  23.750  2.0701e-01
13.500  24.000  2.1494e-01
13.750  17.000  9.8987e-01
13.750  17.250  9.9007e-01
13.750  17.500  9.8978e-01
13.750  17.750  9.8898e-01
13.750  18.000  9.8787e-01
13.750  18.250  9.8682e-01
13.750  18.500  9.8621e-01
13.750  18.750  9.8629e-01
13.750  19.000  9.8685e-01
13.750  19.250  9.8755e-01
13.750  19.500  9.8808e-01
13.750  19.750  9.8828e-01
13.750  20.000  9.8799e-01
13.750  20.250  9.8713e-01
13.750  20.500  9.8555e-01
13.750  20.750  9.8308e-01
13.750  21.000  9.7942e-01
13.750  21.250  9.7399e-01
13.750  21.500  9.6584e-01
13.750  21.750  9.5300e-01
13.750  22.000  9.3280e-01
13.750  22.250  9.0085e-01
13.750  22.500  8.5177e-01
13.750  22.750  7.8314e-01
13.750  23.000  7.0681e-01
13.750  23.250  6.3515e-01
13.750  23.500  1.8562e-01
13.750  23.750  1.9537e-01
13.750  24.000  2.0676e-01
14.000  17.000  9.8766e-01
14.000  17.250  9.8855e-01
14.000  17.500  9.8810e-01
14.000  17.750  9.8724e-01
14.000  18.000  9.8619e-01
14.000  18.250  9.8515e-01
14.000  18.500  9.8453e-01
14.000  18.750  9.8464e-01
14.000  19.000  9.8535e-01
14.000  19.250  9.8629e-01
14.000  19.500  9.8710e-01
14.000  19.750  9.8758e-01
14.000  20.000  9.8759e-01
14.000  20.250  9.8707e-01
14.000  20.500  9.8594e-01
14.000  20.750  9.8403e-01
14.000  21.000  9.8114e-01
14.000  21.250  9.7700e-01
14.000  21.500  9.7117e-01
14.000  21.750  9.6224e-01
14.000  22.000  9.4820e-01
14.000  22.250  9.2554e-01
14.000  22.500  8.8817e-01
14.000  22.750  8.2734e-01
14.000  23.000  7.4232e-01
14.000  23.250  6.5380e-01
14.000  23.500  5.1573e-01
14.000  23.750  1.8358e-01
14.000  24.000  1.9387e-01
