Inwd 2853.00A  relative to Inci 1215.00A scaled to 1215A.
Hden   Phi(H)  Eq_Width (A)
 7.000	17.000	2.2798e-05
 7.000	17.250	1.0288e-05
 7.000	17.500	1.0000e-07
 7.000	17.750	1.0000e-07
 7.000	18.000	1.0000e-07
 7.000	18.250	1.0000e-07
 7.000	18.500	1.0000e-07
 7.000	18.750	1.0000e-07
 7.000	19.000	1.0000e-07
 7.000	19.250	1.0000e-07
 7.000	19.500	1.0000e-07
 7.000	19.750	1.0000e-07
 7.000	20.000	1.0000e-07
 7.000	20.250	1.0000e-07
 7.000	20.500	1.0000e-07
 7.000	20.750	1.0000e-07
 7.000	21.000	1.0000e-07
 7.000	21.250	1.0000e-07
 7.000	21.500	1.0000e-07
 7.000	21.750	1.0000e-07
 7.000	22.000	1.0000e-07
 7.000	22.250	1.0000e-07
 7.000	22.500	1.0000e-07
 7.000	22.750	1.0000e-07
 7.000	23.000	1.0000e-07
 7.000	23.250	1.0000e-07
 7.000	23.500	1.0000e-07
 7.000	23.750	1.0000e-07
 7.000	24.000	1.0000e-07
 7.250	17.000	2.4691e-05
 7.250	17.250	2.3210e-05
 7.250	17.500	8.6420e-06
 7.250	17.750	1.0000e-07
 7.250	18.000	1.0000e-07
 7.250	18.250	1.0000e-07
 7.250	18.500	1.0000e-07
 7.250	18.750	1.0000e-07
 7.250	19.000	1.0000e-07
 7.250	19.250	1.0000e-07
 7.250	19.500	1.0000e-07
 7.250	19.750	1.0000e-07
 7.250	20.000	1.0000e-07
 7.250	20.250	1.0000e-07
 7.250	20.500	1.0000e-07
 7.250	20.750	1.0000e-07
 7.250	21.000	1.0000e-07
 7.250	21.250	1.0000e-07
 7.250	21.500	1.0000e-07
 7.250	21.750	1.0000e-07
 7.250	22.000	1.0000e-07
 7.250	22.250	1.0000e-07
 7.250	22.500	1.0000e-07
 7.250	22.750	1.0000e-07
 7.250	23.000	1.0000e-07
 7.250	23.250	1.0000e-07
 7.250	23.500	1.0000e-07
 7.250	23.750	1.0000e-07
 7.250	24.000	1.0000e-07
 7.500	17.000	2.9547e-05
 7.500	17.250	2.5514e-05
 7.500	17.500	2.3786e-05
 7.500	17.750	7.6543e-06
 7.500	18.000	1.0000e-07
 7.500	18.250	1.0000e-07
 7.500	18.500	1.0000e-07
 7.500	18.750	1.0000e-07
 7.500	19.000	1.0000e-07
 7.500	19.250	1.0000e-07
 7.500	19.500	1.0000e-07
 7.500	19.750	1.0000e-07
 7.500	20.000	1.0000e-07
 7.500	20.250	1.0000e-07
 7.500	20.500	1.0000e-07
 7.500	20.750	1.0000e-07
 7.500	21.000	1.0000e-07
 7.500	21.250	1.0000e-07
 7.500	21.500	1.0000e-07
 7.500	21.750	1.0000e-07
 7.500	22.000	1.0000e-07
 7.500	22.250	1.0000e-07
 7.500	22.500	1.0000e-07
 7.500	22.750	1.0000e-07
 7.500	23.000	1.0000e-07
 7.500	23.250	1.0000e-07
 7.500	23.500	1.0000e-07
 7.500	23.750	1.0000e-07
 7.500	24.000	1.0000e-07
 7.750	17.000	3.6379e-05
 7.750	17.250	3.0535e-05
 7.750	17.500	2.6667e-05
 7.750	17.750	2.4774e-05
 7.750	18.000	7.0782e-06
 7.750	18.250	1.0000e-07
 7.750	18.500	1.0000e-07
 7.750	18.750	1.0000e-07
 7.750	19.000	1.0000e-07
 7.750	19.250	1.0000e-07
 7.750	19.500	1.0000e-07
 7.750	19.750	1.0000e-07
 7.750	20.000	1.0000e-07
 7.750	20.250	1.0000e-07
 7.750	20.500	1.0000e-07
 7.750	20.750	1.0000e-07
 7.750	21.000	1.0000e-07
 7.750	21.250	1.0000e-07
 7.750	21.500	1.0000e-07
 7.750	21.750	1.0000e-07
 7.750	22.000	1.0000e-07
 7.750	22.250	1.0000e-07
 7.750	22.500	1.0000e-07
 7.750	22.750	1.0000e-07
 7.750	23.000	1.0000e-07
 7.750	23.250	1.0000e-07
 7.750	23.500	1.0000e-07
 7.750	23.750	1.0000e-07
 7.750	24.000	1.0000e-07
 8.000	17.000	4.7243e-05
 8.000	17.250	3.7284e-05
 8.000	17.500	3.3416e-05
 8.000	17.750	2.9547e-05
 8.000	18.000	2.5844e-05
 8.000	18.250	7.5720e-06
 8.000	18.500	1.0000e-07
 8.000	18.750	1.0000e-07
 8.000	19.000	1.0000e-07
 8.000	19.250	1.0000e-07
 8.000	19.500	1.0000e-07
 8.000	19.750	1.0000e-07
 8.000	20.000	1.0000e-07
 8.000	20.250	1.0000e-07
 8.000	20.500	1.0000e-07
 8.000	20.750	1.0000e-07
 8.000	21.000	1.0000e-07
 8.000	21.250	1.0000e-07
 8.000	21.500	1.0000e-07
 8.000	21.750	1.0000e-07
 8.000	22.000	1.0000e-07
 8.000	22.250	1.0000e-07
 8.000	22.500	1.0000e-07
 8.000	22.750	1.0000e-07
 8.000	23.000	1.0000e-07
 8.000	23.250	1.0000e-07
 8.000	23.500	1.0000e-07
 8.000	23.750	1.0000e-07
 8.000	24.000	1.0000e-07
 8.250	17.000	6.7901e-05
 8.250	17.250	4.8889e-05
 8.250	17.500	3.9012e-05
 8.250	17.750	3.4897e-05
 8.250	18.000	3.1029e-05
 8.250	18.250	2.7325e-05
 8.250	18.500	7.1605e-06
 8.250	18.750	1.0000e-07
 8.250	19.000	1.0000e-07
 8.250	19.250	1.0000e-07
 8.250	19.500	1.0000e-07
 8.250	19.750	1.0000e-07
 8.250	20.000	1.0000e-07
 8.250	20.250	1.0000e-07
 8.250	20.500	1.0000e-07
 8.250	20.750	1.0000e-07
 8.250	21.000	1.0000e-07
 8.250	21.250	1.0000e-07
 8.250	21.500	1.0000e-07
 8.250	21.750	1.0000e-07
 8.250	22.000	1.0000e-07
 8.250	22.250	1.0000e-07
 8.250	22.500	1.0000e-07
 8.250	22.750	1.0000e-07
 8.250	23.000	1.0000e-07
 8.250	23.250	1.0000e-07
 8.250	23.500	1.0000e-07
 8.250	23.750	1.0000e-07
 8.250	24.000	1.0000e-07
 8.500	17.000	1.0798e-04
 8.500	17.250	7.0700e-05
 8.500	17.500	5.1276e-05
 8.500	17.750	4.2551e-05
 8.500	18.000	3.6790e-05
 8.500	18.250	3.2675e-05
 8.500	18.500	2.8560e-05
 8.500	18.750	6.3374e-06
 8.500	19.000	1.0000e-07
 8.500	19.250	1.0000e-07
 8.500	19.500	1.0000e-07
 8.500	19.750	1.0000e-07
 8.500	20.000	1.0000e-07
 8.500	20.250	1.0000e-07
 8.500	20.500	1.0000e-07
 8.500	20.750	1.0000e-07
 8.500	21.000	1.0000e-07
 8.500	21.250	1.0000e-07
 8.500	21.500	1.0000e-07
 8.500	21.750	1.0000e-07
 8.500	22.000	1.0000e-07
 8.500	22.250	1.0000e-07
 8.500	22.500	1.0000e-07
 8.500	22.750	1.0000e-07
 8.500	23.000	1.0000e-07
 8.500	23.250	1.0000e-07
 8.500	23.500	1.0000e-07
 8.500	23.750	1.0000e-07
 8.500	24.000	1.0000e-07
 8.750	17.000	1.7893e-04
 8.750	17.250	1.1317e-04
 8.750	17.500	7.4979e-05
 8.750	17.750	5.5967e-05
 8.750	18.000	4.5185e-05
 8.750	18.250	3.9259e-05
 8.750	18.500	3.3663e-05
 8.750	18.750	3.0947e-05
 8.750	19.000	5.6790e-06
 8.750	19.250	1.0000e-07
 8.750	19.500	1.0000e-07
 8.750	19.750	1.0000e-07
 8.750	20.000	1.0000e-07
 8.750	20.250	1.0000e-07
 8.750	20.500	1.0000e-07
 8.750	20.750	1.0000e-07
 8.750	21.000	1.0000e-07
 8.750	21.250	1.0000e-07
 8.750	21.500	1.0000e-07
 8.750	21.750	1.0000e-07
 8.750	22.000	1.0000e-07
 8.750	22.250	1.0000e-07
 8.750	22.500	1.0000e-07
 8.750	22.750	1.0000e-07
 8.750	23.000	1.0000e-07
 8.750	23.250	1.0000e-07
 8.750	23.500	1.0000e-07
 8.750	23.750	1.0000e-07
 8.750	24.000	1.0000e-07
 9.000	17.000	2.8551e-04
 9.000	17.250	1.8897e-04
 9.000	17.500	1.2132e-04
 9.000	17.750	8.1399e-05
 9.000	18.000	6.0658e-05
 9.000	18.250	4.9136e-05
 9.000	18.500	4.2551e-05
 9.000	18.750	3.7284e-05
 9.000	19.000	3.4321e-05
 9.000	19.250	4.9383e-06
 9.000	19.500	1.0000e-07
 9.000	19.750	1.0000e-07
 9.000	20.000	1.0000e-07
 9.000	20.250	1.0000e-07
 9.000	20.500	1.0000e-07
 9.000	20.750	1.0000e-07
 9.000	21.000	1.0000e-07
 9.000	21.250	1.0000e-07
 9.000	21.500	1.0000e-07
 9.000	21.750	1.0000e-07
 9.000	22.000	1.0000e-07
 9.000	22.250	1.0000e-07
 9.000	22.500	1.0000e-07
 9.000	22.750	1.0000e-07
 9.000	23.000	1.0000e-07
 9.000	23.250	1.0000e-07
 9.000	23.500	1.0000e-07
 9.000	23.750	1.0000e-07
 9.000	24.000	1.0000e-07
 9.250	17.000	4.1835e-04
 9.250	17.250	3.0502e-04
 9.250	17.500	2.0560e-04
 9.250	17.750	1.3473e-04
 9.250	18.000	9.2510e-05
 9.250	18.250	6.8395e-05
 9.250	18.500	5.5226e-05
 9.250	18.750	4.6749e-05
 9.250	19.000	4.0247e-05
 9.250	19.250	3.6296e-05
 9.250	19.500	4.5267e-06
 9.250	19.750	1.0000e-07
 9.250	20.000	1.0000e-07
 9.250	20.250	1.0000e-07
 9.250	20.500	1.0000e-07
 9.250	20.750	1.0000e-07
 9.250	21.000	1.0000e-07
 9.250	21.250	1.0000e-07
 9.250	21.500	1.0000e-07
 9.250	21.750	1.0000e-07
 9.250	22.000	1.0000e-07
 9.250	22.250	1.0000e-07
 9.250	22.500	1.0000e-07
 9.250	22.750	1.0000e-07
 9.250	23.000	1.0000e-07
 9.250	23.250	1.0000e-07
 9.250	23.500	1.0000e-07
 9.250	23.750	1.0000e-07
 9.250	24.000	1.0000e-07
 9.500	17.000	5.5704e-04
 9.500	17.250	4.5267e-04
 9.500	17.500	3.3835e-04
 9.500	17.750	2.3440e-04
 9.500	18.000	1.5860e-04
 9.500	18.250	1.1078e-04
 9.500	18.500	8.1317e-05
 9.500	18.750	6.2881e-05
 9.500	19.000	5.1358e-05
 9.500	19.250	4.3292e-05
 9.500	19.500	3.7531e-05
 9.500	19.750	4.3621e-06
 9.500	20.000	1.0000e-07
 9.500	20.250	1.0000e-07
 9.500	20.500	1.0000e-07
 9.500	20.750	1.0000e-07
 9.500	21.000	1.0000e-07
 9.500	21.250	1.0000e-07
 9.500	21.500	1.0000e-07
 9.500	21.750	1.0000e-07
 9.500	22.000	1.0000e-07
 9.500	22.250	1.0000e-07
 9.500	22.500	1.0000e-07
 9.500	22.750	1.0000e-07
 9.500	23.000	1.0000e-07
 9.500	23.250	1.0000e-07
 9.500	23.500	1.0000e-07
 9.500	23.750	1.0000e-07
 9.500	24.000	1.0000e-07
 9.750	17.000	6.9811e-04
 9.750	17.250	6.1473e-04
 9.750	17.500	5.1588e-04
 9.750	17.750	4.0008e-04
 9.750	18.000	2.8963e-04
 9.750	18.250	2.0206e-04
 9.750	18.500	1.3695e-04
 9.750	18.750	9.3580e-05
 9.750	19.000	6.9136e-05
 9.750	19.250	5.5391e-05
 9.750	19.500	4.5350e-05
 9.750	19.750	2.3868e-05
 9.750	20.000	4.2798e-06
 9.750	20.250	1.0000e-07
 9.750	20.500	1.0000e-07
 9.750	20.750	1.0000e-07
 9.750	21.000	1.0000e-07
 9.750	21.250	1.0000e-07
 9.750	21.500	1.0000e-07
 9.750	21.750	1.0000e-07
 9.750	22.000	1.0000e-07
 9.750	22.250	1.0000e-07
 9.750	22.500	1.0000e-07
 9.750	22.750	1.0000e-07
 9.750	23.000	1.0000e-07
 9.750	23.250	1.0000e-07
 9.750	23.500	1.0000e-07
 9.750	23.750	1.0000e-07
 9.750	24.000	1.0000e-07
10.000	17.000	8.3778e-04
10.000	17.250	7.8156e-04
10.000	17.500	7.1967e-04
10.000	17.750	6.3473e-04
10.000	18.000	5.1819e-04
10.000	18.250	3.8140e-04
10.000	18.500	2.4576e-04
10.000	18.750	1.5202e-04
10.000	19.000	9.8272e-05
10.000	19.250	7.2428e-05
10.000	19.500	5.8436e-05
10.000	19.750	4.7819e-05
10.000	20.000	1.9835e-05
10.000	20.250	4.3621e-06
10.000	20.500	1.0000e-07
10.000	20.750	1.0000e-07
10.000	21.000	1.0000e-07
10.000	21.250	1.0000e-07
10.000	21.500	1.0000e-07
10.000	21.750	1.0000e-07
10.000	22.000	1.0000e-07
10.000	22.250	1.0000e-07
10.000	22.500	1.0000e-07
10.000	22.750	1.0000e-07
10.000	23.000	1.0000e-07
10.000	23.250	1.0000e-07
10.000	23.500	1.0000e-07
10.000	23.750	1.0000e-07
10.000	24.000	1.0000e-07
10.250	17.000	9.8255e-04
10.250	17.250	9.4840e-04
10.250	17.500	9.3770e-04
10.250	17.750	9.1893e-04
10.250	18.000	8.4601e-04
10.250	18.250	6.7045e-04
10.250	18.500	4.3926e-04
10.250	18.750	2.6222e-04
10.250	19.000	1.5597e-04
10.250	19.250	1.0280e-04
10.250	19.500	7.6626e-05
10.250	19.750	5.9835e-05
10.250	20.000	4.6091e-05
10.250	20.250	1.7449e-05
10.250	20.500	4.4444e-06
10.250	20.750	1.0000e-07
10.250	21.000	1.0000e-07
10.250	21.250	1.0000e-07
10.250	21.500	1.0000e-07
10.250	21.750	1.0000e-07
10.250	22.000	1.0000e-07
10.250	22.250	1.0000e-07
10.250	22.500	1.0000e-07
10.250	22.750	1.0000e-07
10.250	23.000	1.0000e-07
10.250	23.250	1.0000e-07
10.250	23.500	1.0000e-07
10.250	23.750	1.0000e-07
10.250	24.000	1.0000e-07
10.500	17.000	1.1208e-03
10.500	17.250	1.1147e-03
10.500	17.500	1.1553e-03
10.500	17.750	1.2252e-03
10.500	18.000	1.2506e-03
10.500	18.250	1.1046e-03
10.500	18.500	7.7547e-04
10.500	18.750	4.5704e-04
10.500	19.000	2.5621e-04
10.500	19.250	1.5160e-04
10.500	19.500	1.0247e-04
10.500	19.750	7.5720e-05
10.500	20.000	5.9177e-05
10.500	20.250	3.5720e-05
10.500	20.500	1.6379e-05
10.500	20.750	4.5267e-06
10.500	21.000	1.0000e-07
10.500	21.250	1.0000e-07
10.500	21.500	1.0000e-07
10.500	21.750	1.0000e-07
10.500	22.000	1.0000e-07
10.500	22.250	1.0000e-07
10.500	22.500	1.0000e-07
10.500	22.750	1.0000e-07
10.500	23.000	1.0000e-07
10.500	23.250	1.0000e-07
10.500	23.500	1.0000e-07
10.500	23.750	1.0000e-07
10.500	24.000	1.0000e-07
10.750	17.000	1.2523e-03
10.750	17.250	1.2638e-03
10.750	17.500	1.3621e-03
10.750	17.750	1.5669e-03
10.750	18.000	1.7137e-03
10.750	18.250	1.6247e-03
10.750	18.500	1.2437e-03
10.750	18.750	7.8593e-04
10.750	19.000	4.4395e-04
10.750	19.250	2.4626e-04
10.750	19.500	1.4782e-04
10.750	19.750	9.9918e-05
10.750	20.000	7.5885e-05
10.750	20.250	5.8601e-05
10.750	20.500	2.7984e-05
10.750	20.750	1.6379e-05
10.750	21.000	4.6914e-06
10.750	21.250	1.0000e-07
10.750	21.500	1.0000e-07
10.750	21.750	1.0000e-07
10.750	22.000	1.0000e-07
10.750	22.250	1.0000e-07
10.750	22.500	1.0000e-07
10.750	22.750	1.0000e-07
10.750	23.000	1.0000e-07
10.750	23.250	1.0000e-07
10.750	23.500	1.0000e-07
10.750	23.750	1.0000e-07
10.750	24.000	1.0000e-07
11.000	17.000	1.3899e-03
11.000	17.250	1.4006e-03
11.000	17.500	1.5693e-03
11.000	17.750	1.8677e-03
11.000	18.000	2.1342e-03
11.000	18.250	2.1641e-03
11.000	18.500	1.8483e-03
11.000	18.750	1.3105e-03
11.000	19.000	7.8889e-04
11.000	19.250	4.3235e-04
11.000	19.500	2.4025e-04
11.000	19.750	1.4691e-04
11.000	20.000	1.0362e-04
11.000	20.250	7.6708e-05
11.000	20.500	5.6214e-05
11.000	20.750	2.7737e-05
11.000	21.000	1.6708e-05
11.000	21.250	4.6914e-06
11.000	21.500	1.0000e-07
11.000	21.750	1.0000e-07
11.000	22.000	1.0000e-07
11.000	22.250	1.0000e-07
11.000	22.500	1.0000e-07
11.000	22.750	1.0000e-07
11.000	23.000	1.0000e-07
11.000	23.250	1.0000e-07
11.000	23.500	1.0000e-07
11.000	23.750	1.0000e-07
11.000	24.000	1.0000e-07
11.250	17.000	1.5226e-03
11.250	17.250	1.5567e-03
11.250	17.500	1.7640e-03
11.250	17.750	2.0872e-03
11.250	18.000	2.4644e-03
11.250	18.250	2.6743e-03
11.250	18.500	2.5256e-03
11.250	18.750	2.0173e-03
11.250	19.000	1.3506e-03
11.250	19.250	7.8337e-04
11.250	19.500	4.2815e-04
11.250	19.750	2.4066e-04
11.250	20.000	1.4988e-04
11.250	20.250	1.0675e-04
11.250	20.500	7.8601e-05
11.250	20.750	5.4321e-05
11.250	21.000	3.1852e-05
11.250	21.250	1.6708e-05
11.250	21.500	4.5267e-06
11.250	21.750	1.0000e-07
11.250	22.000	1.0000e-07
11.250	22.250	1.0000e-07
11.250	22.500	1.0000e-07
11.250	22.750	1.0000e-07
11.250	23.000	1.0000e-07
11.250	23.250	1.0000e-07
11.250	23.500	1.0000e-07
11.250	23.750	1.0000e-07
11.250	24.000	1.0000e-07
11.500	17.000	1.6511e-03
11.500	17.250	1.7565e-03
11.500	17.500	1.9662e-03
11.500	17.750	2.2873e-03
11.500	18.000	2.7101e-03
11.500	18.250	3.0753e-03
11.500	18.500	3.1441e-03
11.500	18.750	2.7896e-03
11.500	19.000	2.1176e-03
11.500	19.250	1.3708e-03
11.500	19.500	7.9210e-04
11.500	19.750	4.3918e-04
11.500	20.000	2.5210e-04
11.500	20.250	1.5877e-04
11.500	20.500	1.1251e-04
11.500	20.750	8.1317e-05
11.500	21.000	4.9465e-05
11.500	21.250	3.1852e-05
11.500	21.500	1.6626e-05
11.500	21.750	4.1975e-06
11.500	22.000	1.0000e-07
11.500	22.250	1.0000e-07
11.500	22.500	1.0000e-07
11.500	22.750	1.0000e-07
11.500	23.000	1.0000e-07
11.500	23.250	1.0000e-07
11.500	23.500	1.0000e-07
11.500	23.750	1.0000e-07
11.500	24.000	1.0000e-07
11.750	17.000	1.8309e-03
11.750	17.250	1.9639e-03
11.750	17.500	2.1959e-03
11.750	17.750	2.5350e-03
11.750	18.000	2.9570e-03
11.750	18.250	3.3524e-03
11.750	18.500	3.5837e-03
11.750	18.750	3.4725e-03
11.750	19.000	2.9592e-03
11.750	19.250	2.1872e-03
11.750	19.500	1.4081e-03
11.750	19.750	8.2346e-04
11.750	20.000	4.7613e-04
11.750	20.250	2.6947e-04
11.750	20.500	1.7070e-04
11.750	20.750	1.1975e-04
11.750	21.000	8.4938e-05
11.750	21.250	4.9547e-05
11.750	21.500	3.2840e-05
11.750	21.750	1.6214e-05
11.750	22.000	3.5391e-06
11.750	22.250	1.0000e-07
11.750	22.500	1.0000e-07
11.750	22.750	1.0000e-07
11.750	23.000	1.0000e-07
11.750	23.250	1.0000e-07
11.750	23.500	1.0000e-07
11.750	23.750	1.0000e-07
11.750	24.000	1.0000e-07
12.000	17.000	2.0093e-03
12.000	17.250	2.1844e-03
12.000	17.500	2.4517e-03
12.000	17.750	2.8170e-03
12.000	18.000	3.2277e-03
12.000	18.250	3.6106e-03
12.000	18.500	3.8815e-03
12.000	18.750	3.9536e-03
12.000	19.000	3.7092e-03
12.000	19.250	3.0966e-03
12.000	19.500	2.2602e-03
12.000	19.750	1.4737e-03
12.000	20.000	8.8206e-04
12.000	20.250	4.9728e-04
12.000	20.500	2.9078e-04
12.000	20.750	1.8362e-04
12.000	21.000	1.2733e-04
12.000	21.250	9.0370e-05
12.000	21.500	4.8807e-05
12.000	21.750	3.3745e-05
12.000	22.000	1.5473e-05
12.000	22.250	2.7160e-06
12.000	22.500	1.0000e-07
12.000	22.750	1.0000e-07
12.000	23.000	1.0000e-07
12.000	23.250	1.0000e-07
12.000	23.500	1.0000e-07
12.000	23.750	1.0000e-07
12.000	24.000	1.0000e-07
12.250	17.000	2.1782e-03
12.250	17.250	2.3984e-03
12.250	17.500	2.6949e-03
12.250	17.750	3.0704e-03
12.250	18.000	3.5012e-03
12.250	18.250	3.9537e-03
12.250	18.500	4.2829e-03
12.250	18.750	4.3625e-03
12.250	19.000	4.2609e-03
12.250	19.250	3.9030e-03
12.250	19.500	3.1975e-03
12.250	19.750	2.3211e-03
12.250	20.000	1.5209e-03
12.250	20.250	9.2436e-04
12.250	20.500	5.2963e-04
12.250	20.750	3.0930e-04
12.250	21.000	1.9514e-04
12.250	21.250	1.3391e-04
12.250	21.500	9.1358e-05
12.250	21.750	4.9300e-05
12.250	22.000	3.4321e-05
12.250	22.250	1.4239e-05
12.250	22.500	1.8107e-06
12.250	22.750	1.0000e-07
12.250	23.000	1.0000e-07
12.250	23.250	1.0000e-07
12.250	23.500	1.0000e-07
12.250	23.750	1.0000e-07
12.250	24.000	1.0000e-07
12.500	17.000	2.2802e-03
12.500	17.250	2.5541e-03
12.500	17.500	2.8631e-03
12.500	17.750	3.2737e-03
12.500	18.000	3.8328e-03
12.500	18.250	4.4315e-03
12.500	18.500	4.8288e-03
12.500	18.750	4.9221e-03
12.500	19.000	4.7644e-03
12.500	19.250	4.4901e-03
12.500	19.500	4.0212e-03
12.500	19.750	3.2354e-03
12.500	20.000	2.3368e-03
12.500	20.250	1.5437e-03
12.500	20.500	9.4436e-04
12.500	20.750	5.5292e-04
12.500	21.000	3.2683e-04
12.500	21.250	2.0181e-04
12.500	21.500	1.3490e-04
12.500	21.750	9.3827e-05
12.500	22.000	5.2428e-05
12.500	22.250	3.4733e-05
12.500	22.500	1.2840e-05
12.500	22.750	1.0000e-07
12.500	23.000	1.0000e-07
12.500	23.250	1.0000e-07
12.500	23.500	1.0000e-07
12.500	23.750	1.0000e-07
12.500	24.000	1.0000e-07
12.750	17.000	2.3770e-03
12.750	17.250	2.6847e-03
12.750	17.500	3.0812e-03
12.750	17.750	3.6127e-03
12.750	18.000	4.2903e-03
12.750	18.250	4.9742e-03
12.750	18.500	5.4769e-03
12.750	18.750	5.6377e-03
12.750	19.000	5.4159e-03
12.750	19.250	5.0114e-03
12.750	19.500	4.5846e-03
12.750	19.750	4.0325e-03
12.750	20.000	3.1993e-03
12.750	20.250	2.3025e-03
12.750	20.500	1.5258e-03
12.750	20.750	9.5169e-04
12.750	21.000	5.7045e-04
12.750	21.250	3.3432e-04
12.750	21.500	2.0156e-04
12.750	21.750	1.3934e-04
12.750	22.000	9.7119e-05
12.750	22.250	5.3992e-05
12.750	22.500	3.3498e-05
12.750	22.750	1.1523e-05
12.750	23.000	1.0000e-07
12.750	23.250	1.0000e-07
12.750	23.500	1.0000e-07
12.750	23.750	1.0000e-07
12.750	24.000	1.0000e-07
13.000	17.000	2.3942e-03
13.000	17.250	2.7574e-03
13.000	17.500	3.3114e-03
13.000	17.750	3.9751e-03
13.000	18.000	4.7053e-03
13.000	18.250	5.5142e-03
13.000	18.500	6.1514e-03
13.000	18.750	6.4080e-03
13.000	19.000	6.2050e-03
13.000	19.250	5.6720e-03
13.000	19.500	5.0384e-03
13.000	19.750	4.5174e-03
13.000	20.000	3.9196e-03
13.000	20.250	3.0981e-03
13.000	20.500	2.2299e-03
13.000	20.750	1.4894e-03
13.000	21.000	9.4198e-04
13.000	21.250	5.7136e-04
13.000	21.500	3.3284e-04
13.000	21.750	2.0807e-04
13.000	22.000	1.4667e-04
13.000	22.250	1.0041e-04
13.000	22.500	5.6872e-05
13.000	22.750	3.1193e-05
13.000	23.000	9.8765e-06
13.000	23.250	1.0000e-07
13.000	23.500	1.0000e-07
13.000	23.750	1.0000e-07
13.000	24.000	1.0000e-07
13.250	17.000	2.5235e-03
13.250	17.250	2.8371e-03
13.250	17.500	3.3626e-03
13.250	17.750	4.1331e-03
13.250	18.000	5.0710e-03
13.250	18.250	6.0068e-03
13.250	18.500	6.8183e-03
13.250	18.750	7.1670e-03
13.250	19.000	7.0127e-03
13.250	19.250	6.4348e-03
13.250	19.500	5.6244e-03
13.250	19.750	4.8686e-03
13.250	20.000	4.2738e-03
13.250	20.250	3.6928e-03
13.250	20.500	2.9369e-03
13.250	20.750	2.1338e-03
13.250	21.000	1.4398e-03
13.250	21.250	9.2510e-04
13.250	21.500	5.6000e-04
13.250	21.750	3.3984e-04
13.250	22.000	2.1975e-04
13.250	22.250	1.5366e-04
13.250	22.500	1.0049e-04
13.250	22.750	5.7942e-05
13.250	23.000	3.0370e-05
13.250	23.250	7.9835e-06
13.250	23.500	1.0000e-07
13.250	23.750	1.0000e-07
13.250	24.000	1.0000e-07
13.500	17.000	2.6988e-03
13.500	17.250	3.0314e-03
13.500	17.500	3.5779e-03
13.500	17.750	4.4051e-03
13.500	18.000	5.4722e-03
13.500	18.250	6.6016e-03
13.500	18.500	7.4426e-03
13.500	18.750	7.8956e-03
13.500	19.000	7.7812e-03
13.500	19.250	7.2063e-03
13.500	19.500	6.3239e-03
13.500	19.750	5.3616e-03
13.500	20.000	4.5283e-03
13.500	20.250	3.9178e-03
13.500	20.500	3.3774e-03
13.500	20.750	2.7044e-03
13.500	21.000	1.9855e-03
13.500	21.250	1.3582e-03
13.500	21.500	8.6815e-04
13.500	21.750	5.4749e-04
13.500	22.000	3.4181e-04
13.500	22.250	2.2601e-04
13.500	22.500	1.6099e-04
13.500	22.750	9.8519e-05
13.500	23.000	5.6955e-05
13.500	23.250	2.6337e-05
13.500	23.500	5.7613e-06
13.500	23.750	1.0000e-07
13.500	24.000	1.0000e-07
13.750	17.000	2.9355e-03
13.750	17.250	3.2991e-03
13.750	17.500	3.8865e-03
13.750	17.750	4.7526e-03
13.750	18.000	5.9385e-03
13.750	18.250	7.2065e-03
13.750	18.500	8.2037e-03
13.750	18.750	8.6305e-03
13.750	19.000	8.5362e-03
13.750	19.250	7.9622e-03
13.750	19.500	7.0582e-03
13.750	19.750	5.9864e-03
13.750	20.000	4.9573e-03
13.750	20.250	4.1086e-03
13.750	20.500	3.4839e-03
13.750	20.750	2.9711e-03
13.750	21.000	2.3892e-03
13.750	21.250	1.7609e-03
13.750	21.500	1.2073e-03
13.750	21.750	7.9514e-04
13.750	22.000	5.1259e-04
13.750	22.250	3.2938e-04
13.750	22.500	2.2099e-04
13.750	22.750	1.5770e-04
13.750	23.000	9.5556e-05
13.750	23.250	5.3086e-05
13.750	23.500	2.1564e-05
13.750	23.750	3.6214e-06
13.750	24.000	1.0000e-07
14.000	17.000	3.2450e-03
14.000	17.250	3.6372e-03
14.000	17.500	4.2589e-03
14.000	17.750	5.2481e-03
14.000	18.000	6.5102e-03
14.000	18.250	7.8900e-03
14.000	18.500	8.9819e-03
14.000	18.750	9.4927e-03
14.000	19.000	9.3530e-03
14.000	19.250	8.7360e-03
14.000	19.500	7.7938e-03
14.000	19.750	6.6624e-03
14.000	20.000	5.4951e-03
14.000	20.250	4.4566e-03
14.000	20.500	3.6247e-03
14.000	20.750	3.0061e-03
14.000	21.000	2.5275e-03
14.000	21.250	2.0347e-03
14.000	21.500	1.4862e-03
14.000	21.750	1.0354e-03
14.000	22.000	6.9967e-04
14.000	22.250	4.6198e-04
14.000	22.500	3.0469e-04
14.000	22.750	2.0938e-04
14.000	23.000	1.4914e-04
14.000	23.250	8.8807e-05
14.000	23.500	4.5185e-05
14.000	23.750	1.4321e-05
14.000	24.000	2.0576e-06
