Inwd 1406.00A  relative to Inci 1215.00A scaled to 1215A.
Hden   Phi(H)  Eq_Width (A)
 7.000	17.000	5.6379e-04
 7.000	17.250	4.5267e-04
 7.000	17.500	3.5802e-05
 7.000	17.750	1.0000e-07
 7.000	18.000	1.0000e-07
 7.000	18.250	1.0000e-07
 7.000	18.500	1.0000e-07
 7.000	18.750	1.0000e-07
 7.000	19.000	1.0000e-07
 7.000	19.250	1.0000e-07
 7.000	19.500	1.0000e-07
 7.000	19.750	1.0000e-07
 7.000	20.000	1.0000e-07
 7.000	20.250	1.0000e-07
 7.000	20.500	1.0000e-07
 7.000	20.750	1.0000e-07
 7.000	21.000	1.0000e-07
 7.000	21.250	1.0000e-07
 7.000	21.500	1.0000e-07
 7.000	21.750	1.0000e-07
 7.000	22.000	1.0000e-07
 7.000	22.250	1.0000e-07
 7.000	22.500	1.0000e-07
 7.000	22.750	1.0000e-07
 7.000	23.000	1.0000e-07
 7.000	23.250	1.0000e-07
 7.000	23.500	1.0000e-07
 7.000	23.750	1.0000e-07
 7.000	24.000	1.0000e-07
 7.250	17.000	7.2741e-04
 7.250	17.250	6.0683e-04
 7.250	17.500	4.6963e-04
 7.250	17.750	3.6379e-05
 7.250	18.000	1.0000e-07
 7.250	18.250	1.0000e-07
 7.250	18.500	1.0000e-07
 7.250	18.750	1.0000e-07
 7.250	19.000	1.0000e-07
 7.250	19.250	1.0000e-07
 7.250	19.500	1.0000e-07
 7.250	19.750	1.0000e-07
 7.250	20.000	1.0000e-07
 7.250	20.250	1.0000e-07
 7.250	20.500	1.0000e-07
 7.250	20.750	1.0000e-07
 7.250	21.000	1.0000e-07
 7.250	21.250	1.0000e-07
 7.250	21.500	1.0000e-07
 7.250	21.750	1.0000e-07
 7.250	22.000	1.0000e-07
 7.250	22.250	1.0000e-07
 7.250	22.500	1.0000e-07
 7.250	22.750	1.0000e-07
 7.250	23.000	1.0000e-07
 7.250	23.250	1.0000e-07
 7.250	23.500	1.0000e-07
 7.250	23.750	1.0000e-07
 7.250	24.000	1.0000e-07
 7.500	17.000	8.9860e-04
 7.500	17.250	7.7391e-04
 7.500	17.500	6.4370e-04
 7.500	17.750	4.7588e-04
 7.500	18.000	3.6790e-05
 7.500	18.250	1.0000e-07
 7.500	18.500	1.0000e-07
 7.500	18.750	1.0000e-07
 7.500	19.000	1.0000e-07
 7.500	19.250	1.0000e-07
 7.500	19.500	1.0000e-07
 7.500	19.750	1.0000e-07
 7.500	20.000	1.0000e-07
 7.500	20.250	1.0000e-07
 7.500	20.500	1.0000e-07
 7.500	20.750	1.0000e-07
 7.500	21.000	1.0000e-07
 7.500	21.250	1.0000e-07
 7.500	21.500	1.0000e-07
 7.500	21.750	1.0000e-07
 7.500	22.000	1.0000e-07
 7.500	22.250	1.0000e-07
 7.500	22.500	1.0000e-07
 7.500	22.750	1.0000e-07
 7.500	23.000	1.0000e-07
 7.500	23.250	1.0000e-07
 7.500	23.500	1.0000e-07
 7.500	23.750	1.0000e-07
 7.500	24.000	1.0000e-07
 7.750	17.000	1.0495e-03
 7.750	17.250	9.4305e-04
 7.750	17.500	8.1152e-04
 7.750	17.750	6.7539e-04
 7.750	18.000	4.8765e-04
 7.750	18.250	3.7037e-05
 7.750	18.500	1.0000e-07
 7.750	18.750	1.0000e-07
 7.750	19.000	1.0000e-07
 7.750	19.250	1.0000e-07
 7.750	19.500	1.0000e-07
 7.750	19.750	1.0000e-07
 7.750	20.000	1.0000e-07
 7.750	20.250	1.0000e-07
 7.750	20.500	1.0000e-07
 7.750	20.750	1.0000e-07
 7.750	21.000	1.0000e-07
 7.750	21.250	1.0000e-07
 7.750	21.500	1.0000e-07
 7.750	21.750	1.0000e-07
 7.750	22.000	1.0000e-07
 7.750	22.250	1.0000e-07
 7.750	22.500	1.0000e-07
 7.750	22.750	1.0000e-07
 7.750	23.000	1.0000e-07
 7.750	23.250	1.0000e-07
 7.750	23.500	1.0000e-07
 7.750	23.750	1.0000e-07
 7.750	24.000	1.0000e-07
 8.000	17.000	1.1658e-03
 8.000	17.250	1.0703e-03
 8.000	17.500	9.6041e-04
 8.000	17.750	8.2321e-04
 8.000	18.000	6.8453e-04
 8.000	18.250	5.0774e-04
 8.000	18.500	3.7449e-05
 8.000	18.750	1.0000e-07
 8.000	19.000	1.0000e-07
 8.000	19.250	1.0000e-07
 8.000	19.500	1.0000e-07
 8.000	19.750	1.0000e-07
 8.000	20.000	1.0000e-07
 8.000	20.250	1.0000e-07
 8.000	20.500	1.0000e-07
 8.000	20.750	1.0000e-07
 8.000	21.000	1.0000e-07
 8.000	21.250	1.0000e-07
 8.000	21.500	1.0000e-07
 8.000	21.750	1.0000e-07
 8.000	22.000	1.0000e-07
 8.000	22.250	1.0000e-07
 8.000	22.500	1.0000e-07
 8.000	22.750	1.0000e-07
 8.000	23.000	1.0000e-07
 8.000	23.250	1.0000e-07
 8.000	23.500	1.0000e-07
 8.000	23.750	1.0000e-07
 8.000	24.000	1.0000e-07
 8.250	17.000	1.3209e-03
 8.250	17.250	1.1991e-03
 8.250	17.500	1.1002e-03
 8.250	17.750	9.8617e-04
 8.250	18.000	8.4609e-04
 8.250	18.250	7.0840e-04
 8.250	18.500	5.1292e-04
 8.250	18.750	3.7449e-05
 8.250	19.000	1.0000e-07
 8.250	19.250	1.0000e-07
 8.250	19.500	1.0000e-07
 8.250	19.750	1.0000e-07
 8.250	20.000	1.0000e-07
 8.250	20.250	1.0000e-07
 8.250	20.500	1.0000e-07
 8.250	20.750	1.0000e-07
 8.250	21.000	1.0000e-07
 8.250	21.250	1.0000e-07
 8.250	21.500	1.0000e-07
 8.250	21.750	1.0000e-07
 8.250	22.000	1.0000e-07
 8.250	22.250	1.0000e-07
 8.250	22.500	1.0000e-07
 8.250	22.750	1.0000e-07
 8.250	23.000	1.0000e-07
 8.250	23.250	1.0000e-07
 8.250	23.500	1.0000e-07
 8.250	23.750	1.0000e-07
 8.250	24.000	1.0000e-07
 8.500	17.000	1.4087e-03
 8.500	17.250	1.3512e-03
 8.500	17.500	1.2266e-03
 8.500	17.750	1.1242e-03
 8.500	18.000	1.0102e-03
 8.500	18.250	8.7177e-04
 8.500	18.500	7.4049e-04
 8.500	18.750	5.1103e-04
 8.500	19.000	3.7366e-05
 8.500	19.250	1.0000e-07
 8.500	19.500	1.0000e-07
 8.500	19.750	1.0000e-07
 8.500	20.000	1.0000e-07
 8.500	20.250	1.0000e-07
 8.500	20.500	1.0000e-07
 8.500	20.750	1.0000e-07
 8.500	21.000	1.0000e-07
 8.500	21.250	1.0000e-07
 8.500	21.500	1.0000e-07
 8.500	21.750	1.0000e-07
 8.500	22.000	1.0000e-07
 8.500	22.250	1.0000e-07
 8.500	22.500	1.0000e-07
 8.500	22.750	1.0000e-07
 8.500	23.000	1.0000e-07
 8.500	23.250	1.0000e-07
 8.500	23.500	1.0000e-07
 8.500	23.750	1.0000e-07
 8.500	24.000	1.0000e-07
 8.750	17.000	1.2848e-03
 8.750	17.250	1.4407e-03
 8.750	17.500	1.3802e-03
 8.750	17.750	1.2540e-03
 8.750	18.000	1.1510e-03
 8.750	18.250	1.0378e-03
 8.750	18.500	9.1185e-04
 8.750	18.750	8.0634e-04
 8.750	19.000	4.9934e-04
 8.750	19.250	3.7284e-05
 8.750	19.500	1.0000e-07
 8.750	19.750	1.0000e-07
 8.750	20.000	1.0000e-07
 8.750	20.250	1.0000e-07
 8.750	20.500	1.0000e-07
 8.750	20.750	1.0000e-07
 8.750	21.000	1.0000e-07
 8.750	21.250	1.0000e-07
 8.750	21.500	1.0000e-07
 8.750	21.750	1.0000e-07
 8.750	22.000	1.0000e-07
 8.750	22.250	1.0000e-07
 8.750	22.500	1.0000e-07
 8.750	22.750	1.0000e-07
 8.750	23.000	1.0000e-07
 8.750	23.250	1.0000e-07
 8.750	23.500	1.0000e-07
 8.750	23.750	1.0000e-07
 8.750	24.000	1.0000e-07
 9.000	17.000	9.4165e-04
 9.000	17.250	1.3230e-03
 9.000	17.500	1.4791e-03
 9.000	17.750	1.4180e-03
 9.000	18.000	1.2914e-03
 9.000	18.250	1.1905e-03
 9.000	18.500	1.0905e-03
 9.000	18.750	9.9671e-04
 9.000	19.000	9.4033e-04
 9.000	19.250	4.7284e-04
 9.000	19.500	3.7613e-05
 9.000	19.750	1.0000e-07
 9.000	20.000	1.0000e-07
 9.000	20.250	1.0000e-07
 9.000	20.500	1.0000e-07
 9.000	20.750	1.0000e-07
 9.000	21.000	1.0000e-07
 9.000	21.250	1.0000e-07
 9.000	21.500	1.0000e-07
 9.000	21.750	1.0000e-07
 9.000	22.000	1.0000e-07
 9.000	22.250	1.0000e-07
 9.000	22.500	1.0000e-07
 9.000	22.750	1.0000e-07
 9.000	23.000	1.0000e-07
 9.000	23.250	1.0000e-07
 9.000	23.500	1.0000e-07
 9.000	23.750	1.0000e-07
 9.000	24.000	1.0000e-07
 9.250	17.000	5.2782e-04
 9.250	17.250	9.8321e-04
 9.250	17.500	1.3745e-03
 9.250	17.750	1.5333e-03
 9.250	18.000	1.4728e-03
 9.250	18.250	1.3517e-03
 9.250	18.500	1.2672e-03
 9.250	18.750	1.1955e-03
 9.250	19.000	1.1478e-03
 9.250	19.250	1.1798e-03
 9.250	19.500	4.3959e-04
 9.250	19.750	3.8107e-05
 9.250	20.000	1.0000e-07
 9.250	20.250	1.0000e-07
 9.250	20.500	1.0000e-07
 9.250	20.750	1.0000e-07
 9.250	21.000	1.0000e-07
 9.250	21.250	1.0000e-07
 9.250	21.500	1.0000e-07
 9.250	21.750	1.0000e-07
 9.250	22.000	1.0000e-07
 9.250	22.250	1.0000e-07
 9.250	22.500	1.0000e-07
 9.250	22.750	1.0000e-07
 9.250	23.000	1.0000e-07
 9.250	23.250	1.0000e-07
 9.250	23.500	1.0000e-07
 9.250	23.750	1.0000e-07
 9.250	24.000	1.0000e-07
 9.500	17.000	2.1037e-04
 9.500	17.250	5.5984e-04
 9.500	17.500	1.0420e-03
 9.500	17.750	1.4484e-03
 9.500	18.000	1.6203e-03
 9.500	18.250	1.5621e-03
 9.500	18.500	1.4616e-03
 9.500	18.750	1.3957e-03
 9.500	19.000	1.3559e-03
 9.500	19.250	1.3874e-03
 9.500	19.500	1.2732e-03
 9.500	19.750	4.3185e-04
 9.500	20.000	3.9753e-05
 9.500	20.250	1.0000e-07
 9.500	20.500	1.0000e-07
 9.500	20.750	1.0000e-07
 9.500	21.000	1.0000e-07
 9.500	21.250	1.0000e-07
 9.500	21.500	1.0000e-07
 9.500	21.750	1.0000e-07
 9.500	22.000	1.0000e-07
 9.500	22.250	1.0000e-07
 9.500	22.500	1.0000e-07
 9.500	22.750	1.0000e-07
 9.500	23.000	1.0000e-07
 9.500	23.250	1.0000e-07
 9.500	23.500	1.0000e-07
 9.500	23.750	1.0000e-07
 9.500	24.000	1.0000e-07
 9.750	17.000	5.5638e-05
 9.750	17.250	2.2502e-04
 9.750	17.500	6.0494e-04
 9.750	17.750	1.1209e-03
 9.750	18.000	1.5476e-03
 9.750	18.250	1.7381e-03
 9.750	18.500	1.7226e-03
 9.750	18.750	1.6135e-03
 9.750	19.000	1.5644e-03
 9.750	19.250	1.5835e-03
 9.750	19.500	1.7223e-03
 9.750	19.750	1.6671e-03
 9.750	20.000	4.5333e-04
 9.750	20.250	4.1481e-05
 9.750	20.500	1.0000e-07
 9.750	20.750	1.0000e-07
 9.750	21.000	1.0000e-07
 9.750	21.250	1.0000e-07
 9.750	21.500	1.0000e-07
 9.750	21.750	1.0000e-07
 9.750	22.000	1.0000e-07
 9.750	22.250	1.0000e-07
 9.750	22.500	1.0000e-07
 9.750	22.750	1.0000e-07
 9.750	23.000	1.0000e-07
 9.750	23.250	1.0000e-07
 9.750	23.500	1.0000e-07
 9.750	23.750	1.0000e-07
 9.750	24.000	1.0000e-07
10.000	17.000	9.3827e-06
10.000	17.250	5.9424e-05
10.000	17.500	2.4634e-04
10.000	17.750	6.6239e-04
10.000	18.000	1.2186e-03
10.000	18.250	1.6827e-03
10.000	18.500	1.8951e-03
10.000	18.750	1.8661e-03
10.000	19.000	1.7905e-03
10.000	19.250	1.7764e-03
10.000	19.500	1.8658e-03
10.000	19.750	2.1021e-03
10.000	20.000	1.8235e-03
10.000	20.250	5.0387e-04
10.000	20.500	4.5844e-05
10.000	20.750	1.0000e-07
10.000	21.000	1.0000e-07
10.000	21.250	1.0000e-07
10.000	21.500	1.0000e-07
10.000	21.750	1.0000e-07
10.000	22.000	1.0000e-07
10.000	22.250	1.0000e-07
10.000	22.500	1.0000e-07
10.000	22.750	1.0000e-07
10.000	23.000	1.0000e-07
10.000	23.250	1.0000e-07
10.000	23.500	1.0000e-07
10.000	23.750	1.0000e-07
10.000	24.000	1.0000e-07
10.250	17.000	1.2346e-06
10.250	17.250	1.0041e-05
10.250	17.500	6.5432e-05
10.250	17.750	2.7267e-04
10.250	18.000	7.3021e-04
10.250	18.250	1.3347e-03
10.250	18.500	1.8243e-03
10.250	18.750	2.0275e-03
10.250	19.000	2.0295e-03
10.250	19.250	1.9759e-03
10.250	19.500	2.0019e-03
10.250	19.750	2.1444e-03
10.250	20.000	2.4324e-03
10.250	20.250	1.8365e-03
10.250	20.500	5.8930e-04
10.250	20.750	5.2757e-05
10.250	21.000	1.0000e-07
10.250	21.250	1.0000e-07
10.250	21.500	1.0000e-07
10.250	21.750	1.0000e-07
10.250	22.000	1.0000e-07
10.250	22.250	1.0000e-07
10.250	22.500	1.0000e-07
10.250	22.750	1.0000e-07
10.250	23.000	1.0000e-07
10.250	23.250	1.0000e-07
10.250	23.500	1.0000e-07
10.250	23.750	1.0000e-07
10.250	24.000	1.0000e-07
10.500	17.000	1.0000e-07
10.500	17.250	1.3169e-06
10.500	17.500	1.1029e-05
10.500	17.750	7.3086e-05
10.500	18.000	3.0477e-04
10.500	18.250	8.0609e-04
10.500	18.500	1.4382e-03
10.500	18.750	1.9379e-03
10.500	19.000	2.1497e-03
10.500	19.250	2.1890e-03
10.500	19.500	2.1764e-03
10.500	19.750	2.2351e-03
10.500	20.000	2.3943e-03
10.500	20.250	2.5621e-03
10.500	20.500	1.9556e-03
10.500	20.750	7.1193e-04
10.500	21.000	6.3374e-05
10.500	21.250	1.0000e-07
10.500	21.500	1.0000e-07
10.500	21.750	1.0000e-07
10.500	22.000	1.0000e-07
10.500	22.250	1.0000e-07
10.500	22.500	1.0000e-07
10.500	22.750	1.0000e-07
10.500	23.000	1.0000e-07
10.500	23.250	1.0000e-07
10.500	23.500	1.0000e-07
10.500	23.750	1.0000e-07
10.500	24.000	1.0000e-07
10.750	17.000	1.0000e-07
10.750	17.250	1.0000e-07
10.750	17.500	1.3992e-06
10.750	17.750	1.2675e-05
10.750	18.000	8.2798e-05
10.750	18.250	3.3992e-04
10.750	18.500	8.6584e-04
10.750	18.750	1.4950e-03
10.750	19.000	1.9895e-03
10.750	19.250	2.2655e-03
10.750	19.500	2.3630e-03
10.750	19.750	2.3872e-03
10.750	20.000	2.4588e-03
10.750	20.250	2.5852e-03
10.750	20.500	2.7319e-03
10.750	20.750	2.0837e-03
10.750	21.000	7.9399e-04
10.750	21.250	6.9877e-05
10.750	21.500	1.0000e-07
10.750	21.750	1.0000e-07
10.750	22.000	1.0000e-07
10.750	22.250	1.0000e-07
10.750	22.500	1.0000e-07
10.750	22.750	1.0000e-07
10.750	23.000	1.0000e-07
10.750	23.250	1.0000e-07
10.750	23.500	1.0000e-07
10.750	23.750	1.0000e-07
10.750	24.000	1.0000e-07
11.000	17.000	1.0000e-07
11.000	17.250	1.0000e-07
11.000	17.500	1.0000e-07
11.000	17.750	1.6461e-06
11.000	18.000	1.4650e-05
11.000	18.250	9.2016e-05
11.000	18.500	3.6362e-04
11.000	18.750	8.9235e-04
11.000	19.000	1.5123e-03
11.000	19.250	2.0347e-03
11.000	19.500	2.3833e-03
11.000	19.750	2.5482e-03
11.000	20.000	2.6029e-03
11.000	20.250	2.6588e-03
11.000	20.500	2.7425e-03
11.000	20.750	2.7407e-03
11.000	21.000	2.2709e-03
11.000	21.250	8.6872e-04
11.000	21.500	7.0864e-05
11.000	21.750	1.0000e-07
11.000	22.000	1.0000e-07
11.000	22.250	1.0000e-07
11.000	22.500	1.0000e-07
11.000	22.750	1.0000e-07
11.000	23.000	1.0000e-07
11.000	23.250	1.0000e-07
11.000	23.500	1.0000e-07
11.000	23.750	1.0000e-07
11.000	24.000	1.0000e-07
11.250	17.000	1.0000e-07
11.250	17.250	1.0000e-07
11.250	17.500	1.0000e-07
11.250	17.750	1.0000e-07
11.250	18.000	1.8107e-06
11.250	18.250	1.5638e-05
11.250	18.500	9.5638e-05
11.250	18.750	3.6774e-04
11.250	19.000	8.7580e-04
11.250	19.250	1.4849e-03
11.250	19.500	2.0538e-03
11.250	19.750	2.4845e-03
11.250	20.000	2.7105e-03
11.250	20.250	2.7817e-03
11.250	20.500	2.8084e-03
11.250	20.750	2.7840e-03
11.250	21.000	2.7110e-03
11.250	21.250	2.2728e-03
11.250	21.500	8.3605e-04
11.250	21.750	4.2140e-05
11.250	22.000	1.0000e-07
11.250	22.250	1.0000e-07
11.250	22.500	1.0000e-07
11.250	22.750	1.0000e-07
11.250	23.000	1.0000e-07
11.250	23.250	1.0000e-07
11.250	23.500	1.0000e-07
11.250	23.750	1.0000e-07
11.250	24.000	1.0000e-07
11.500	17.000	1.0000e-07
11.500	17.250	1.0000e-07
11.500	17.500	1.0000e-07
11.500	17.750	1.0000e-07
11.500	18.000	1.0000e-07
11.500	18.250	1.8107e-06
11.500	18.500	1.4979e-05
11.500	18.750	9.2016e-05
11.500	19.000	3.4856e-04
11.500	19.250	8.2082e-04
11.500	19.500	1.4142e-03
11.500	19.750	2.0332e-03
11.500	20.000	2.5337e-03
11.500	20.250	2.7971e-03
11.500	20.500	2.8621e-03
11.500	20.750	2.8405e-03
11.500	21.000	2.6640e-03
11.500	21.250	2.5260e-03
11.500	21.500	2.0934e-03
11.500	21.750	7.1967e-04
11.500	22.000	8.7243e-06
11.500	22.250	1.0000e-07
11.500	22.500	1.0000e-07
11.500	22.750	1.0000e-07
11.500	23.000	1.0000e-07
11.500	23.250	1.0000e-07
11.500	23.500	1.0000e-07
11.500	23.750	1.0000e-07
11.500	24.000	1.0000e-07
11.750	17.000	1.0000e-07
11.750	17.250	1.0000e-07
11.750	17.500	1.0000e-07
11.750	17.750	1.0000e-07
11.750	18.000	1.0000e-07
11.750	18.250	1.0000e-07
11.750	18.500	1.5638e-06
11.750	18.750	1.3004e-05
11.750	19.000	8.1811e-05
11.750	19.250	3.0971e-04
11.750	19.500	7.3053e-04
11.750	19.750	1.3018e-03
11.750	20.000	1.9450e-03
11.750	20.250	2.4810e-03
11.750	20.500	2.7488e-03
11.750	20.750	2.7950e-03
11.750	21.000	2.7151e-03
11.750	21.250	2.4407e-03
11.750	21.500	2.1449e-03
11.750	21.750	1.7861e-03
11.750	22.000	5.2436e-04
11.750	22.250	2.8807e-06
11.750	22.500	1.0000e-07
11.750	22.750	1.0000e-07
11.750	23.000	1.0000e-07
11.750	23.250	1.0000e-07
11.750	23.500	1.0000e-07
11.750	23.750	1.0000e-07
11.750	24.000	1.0000e-07
12.000	17.000	1.0000e-07
12.000	17.250	1.0000e-07
12.000	17.500	1.0000e-07
12.000	17.750	1.0000e-07
12.000	18.000	1.0000e-07
12.000	18.250	1.0000e-07
12.000	18.500	1.0000e-07
12.000	18.750	1.1523e-06
12.000	19.000	1.0453e-05
12.000	19.250	6.7901e-05
12.000	19.500	2.5819e-04
12.000	19.750	6.2025e-04
12.000	20.000	1.1537e-03
12.000	20.250	1.7876e-03
12.000	20.500	2.3084e-03
12.000	20.750	2.5515e-03
12.000	21.000	2.5797e-03
12.000	21.250	2.4209e-03
12.000	21.500	2.0354e-03
12.000	21.750	1.7212e-03
12.000	22.000	1.4044e-03
12.000	22.250	3.1342e-04
12.000	22.500	1.0700e-06
12.000	22.750	1.0000e-07
12.000	23.000	1.0000e-07
12.000	23.250	1.0000e-07
12.000	23.500	1.0000e-07
12.000	23.750	1.0000e-07
12.000	24.000	1.0000e-07
12.250	17.000	1.0000e-07
12.250	17.250	1.0000e-07
12.250	17.500	1.0000e-07
12.250	17.750	1.0000e-07
12.250	18.000	1.0000e-07
12.250	18.250	1.0000e-07
12.250	18.500	1.0000e-07
12.250	18.750	1.0000e-07
12.250	19.000	9.0535e-07
12.250	19.250	8.0658e-06
12.250	19.500	5.3416e-05
12.250	19.750	2.0362e-04
12.250	20.000	5.0444e-04
12.250	20.250	9.8239e-04
12.250	20.500	1.5583e-03
12.250	20.750	2.0214e-03
12.250	21.000	2.2733e-03
12.250	21.250	2.2449e-03
12.250	21.500	1.9806e-03
12.250	21.750	1.5938e-03
12.250	22.000	1.3110e-03
12.250	22.250	1.0263e-03
12.250	22.500	1.5547e-04
12.250	22.750	1.0000e-07
12.250	23.000	1.0000e-07
12.250	23.250	1.0000e-07
12.250	23.500	1.0000e-07
12.250	23.750	1.0000e-07
12.250	24.000	1.0000e-07
12.500	17.000	1.0000e-07
12.500	17.250	1.0000e-07
12.500	17.500	1.0000e-07
12.500	17.750	1.0000e-07
12.500	18.000	1.0000e-07
12.500	18.250	1.0000e-07
12.500	18.500	1.0000e-07
12.500	18.750	1.0000e-07
12.500	19.000	1.0000e-07
12.500	19.250	1.0000e-07
12.500	19.500	6.0905e-06
12.500	19.750	4.0082e-05
12.500	20.000	1.5416e-04
12.500	20.250	3.9580e-04
12.500	20.500	7.9679e-04
12.500	20.750	1.2929e-03
12.500	21.000	1.6960e-03
12.500	21.250	1.8893e-03
12.500	21.500	1.8202e-03
12.500	21.750	1.5341e-03
12.500	22.000	1.1928e-03
12.500	22.250	9.5556e-04
12.500	22.500	6.8346e-04
12.500	22.750	5.9177e-05
12.500	23.000	1.0000e-07
12.500	23.250	1.0000e-07
12.500	23.500	1.0000e-07
12.500	23.750	1.0000e-07
12.500	24.000	1.0000e-07
12.750	17.000	1.0000e-07
12.750	17.250	1.0000e-07
12.750	17.500	1.0000e-07
12.750	17.750	1.0000e-07
12.750	18.000	1.0000e-07
12.750	18.250	1.0000e-07
12.750	18.500	1.0000e-07
12.750	18.750	1.0000e-07
12.750	19.000	1.0000e-07
12.750	19.250	1.0000e-07
12.750	19.500	1.0000e-07
12.750	19.750	4.4444e-06
12.750	20.000	2.8477e-05
12.750	20.250	1.1128e-04
12.750	20.500	2.9827e-04
12.750	20.750	6.1975e-04
12.750	21.000	1.0130e-03
12.750	21.250	1.3437e-03
12.750	21.500	1.4881e-03
12.750	21.750	1.4148e-03
12.750	22.000	1.1583e-03
12.750	22.250	8.5399e-04
12.750	22.500	6.7572e-04
12.750	22.750	4.4313e-04
12.750	23.000	2.5267e-05
12.750	23.250	1.0000e-07
12.750	23.500	1.0000e-07
12.750	23.750	1.0000e-07
12.750	24.000	1.0000e-07
13.000	17.000	1.0000e-07
13.000	17.250	1.0000e-07
13.000	17.500	1.0000e-07
13.000	17.750	1.0000e-07
13.000	18.000	1.0000e-07
13.000	18.250	1.0000e-07
13.000	18.500	1.0000e-07
13.000	18.750	1.0000e-07
13.000	19.000	1.0000e-07
13.000	19.250	1.0000e-07
13.000	19.500	1.0000e-07
13.000	19.750	1.0000e-07
13.000	20.000	2.8807e-06
13.000	20.250	1.8683e-05
13.000	20.500	7.6543e-05
13.000	20.750	2.1119e-04
13.000	21.000	4.4823e-04
13.000	21.250	7.5663e-04
13.000	21.500	9.9852e-04
13.000	21.750	1.1355e-03
13.000	22.000	1.0743e-03
13.000	22.250	8.0979e-04
13.000	22.500	5.7383e-04
13.000	22.750	4.7407e-04
13.000	23.000	2.9547e-04
13.000	23.250	1.3004e-05
13.000	23.500	1.0000e-07
13.000	23.750	1.0000e-07
13.000	24.000	1.0000e-07
13.250	17.000	1.0000e-07
13.250	17.250	1.0000e-07
13.250	17.500	1.0000e-07
13.250	17.750	1.0000e-07
13.250	18.000	1.0000e-07
13.250	18.250	1.0000e-07
13.250	18.500	1.0000e-07
13.250	18.750	1.0000e-07
13.250	19.000	1.0000e-07
13.250	19.250	1.0000e-07
13.250	19.500	1.0000e-07
13.250	19.750	1.0000e-07
13.250	20.000	1.0000e-07
13.250	20.250	1.8107e-06
13.250	20.500	1.1029e-05
13.250	20.750	4.5926e-05
13.250	21.000	1.3761e-04
13.250	21.250	3.0387e-04
13.250	21.500	5.1909e-04
13.250	21.750	7.1119e-04
13.250	22.000	7.9547e-04
13.250	22.250	7.3844e-04
13.250	22.500	5.7218e-04
13.250	22.750	4.2148e-04
13.250	23.000	3.4938e-04
13.250	23.250	2.1745e-04
13.250	23.500	5.7613e-06
13.250	23.750	1.0000e-07
13.250	24.000	1.0000e-07
13.500	17.000	1.0000e-07
13.500	17.250	1.0000e-07
13.500	17.500	1.0000e-07
13.500	17.750	1.0000e-07
13.500	18.000	1.0000e-07
13.500	18.250	1.0000e-07
13.500	18.500	1.0000e-07
13.500	18.750	1.0000e-07
13.500	19.000	1.0000e-07
13.500	19.250	1.0000e-07
13.500	19.500	1.0000e-07
13.500	19.750	1.0000e-07
13.500	20.000	1.0000e-07
13.500	20.250	1.0000e-07
13.500	20.500	1.0700e-06
13.500	20.750	6.1728e-06
13.500	21.000	2.6337e-05
13.500	21.250	8.2387e-05
13.500	21.500	1.9399e-04
13.500	21.750	3.3975e-04
13.500	22.000	4.7654e-04
13.500	22.250	5.7786e-04
13.500	22.500	5.4510e-04
13.500	22.750	4.3588e-04
13.500	23.000	3.4362e-04
13.500	23.250	3.0346e-04
13.500	23.500	1.8387e-04
13.500	23.750	3.1276e-06
13.500	24.000	1.0000e-07
13.750	17.000	1.0000e-07
13.750	17.250	1.0000e-07
13.750	17.500	1.0000e-07
13.750	17.750	1.0000e-07
13.750	18.000	1.0000e-07
13.750	18.250	1.0000e-07
13.750	18.500	1.0000e-07
13.750	18.750	1.0000e-07
13.750	19.000	1.0000e-07
13.750	19.250	1.0000e-07
13.750	19.500	1.0000e-07
13.750	19.750	1.0000e-07
13.750	20.000	1.0000e-07
13.750	20.250	1.0000e-07
13.750	20.500	1.0000e-07
13.750	20.750	1.0000e-07
13.750	21.000	3.7037e-06
13.750	21.250	1.5885e-05
13.750	21.500	5.0864e-05
13.750	21.750	1.2280e-04
13.750	22.000	2.2280e-04
13.750	22.250	3.2708e-04
13.750	22.500	3.9992e-04
13.750	22.750	4.0313e-04
13.750	23.000	3.4255e-04
13.750	23.250	2.9934e-04
13.750	23.500	2.7177e-04
13.750	23.750	1.5029e-04
13.750	24.000	1.7284e-06
14.000	17.000	1.0000e-07
14.000	17.250	1.0000e-07
14.000	17.500	1.0000e-07
14.000	17.750	1.0000e-07
14.000	18.000	1.0000e-07
14.000	18.250	1.0000e-07
14.000	18.500	1.0000e-07
14.000	18.750	1.0000e-07
14.000	19.000	1.0000e-07
14.000	19.250	1.0000e-07
14.000	19.500	1.0000e-07
14.000	19.750	1.0000e-07
14.000	20.000	1.0000e-07
14.000	20.250	1.0000e-07
14.000	20.500	1.0000e-07
14.000	20.750	1.0000e-07
14.000	21.000	1.0000e-07
14.000	21.250	2.5514e-06
14.000	21.500	1.0453e-05
14.000	21.750	3.3992e-05
14.000	22.000	8.1152e-05
14.000	22.250	1.4881e-04
14.000	22.500	2.2700e-04
14.000	22.750	2.8996e-04
14.000	23.000	3.0206e-04
14.000	23.250	2.7720e-04
14.000	23.500	2.6379e-04
14.000	23.750	2.2872e-04
14.000	24.000	1.0807e-04
