TOTL 1549.00A  relative to Inci 1215.00A scaled to 1215A.
Hden   Phi(H)  Eq_Width (A)
 7.000	17.000	3.7788e-01
 7.000	17.250	3.4924e-01
 7.000	17.500	9.4641e-02
 7.000	17.750	6.5220e-03
 7.000	18.000	7.4412e-04
 7.000	18.250	1.0206e-05
 7.000	18.500	1.0000e-07
 7.000	18.750	1.0000e-07
 7.000	19.000	1.0000e-07
 7.000	19.250	1.0000e-07
 7.000	19.500	1.0000e-07
 7.000	19.750	1.0000e-07
 7.000	20.000	1.0000e-07
 7.000	20.250	1.0000e-07
 7.000	20.500	1.0000e-07
 7.000	20.750	1.0000e-07
 7.000	21.000	1.0000e-07
 7.000	21.250	1.0000e-07
 7.000	21.500	1.0000e-07
 7.000	21.750	1.0000e-07
 7.000	22.000	1.0000e-07
 7.000	22.250	1.0000e-07
 7.000	22.500	1.0000e-07
 7.000	22.750	1.0000e-07
 7.000	23.000	1.0000e-07
 7.000	23.250	1.0000e-07
 7.000	23.500	1.0000e-07
 7.000	23.750	1.0000e-07
 7.000	24.000	1.0000e-07
 7.250	17.000	4.3525e-01
 7.250	17.250	4.0307e-01
 7.250	17.500	3.7173e-01
 7.250	17.750	9.7881e-02
 7.250	18.000	6.5382e-03
 7.250	18.250	7.3893e-04
 7.250	18.500	1.0123e-05
 7.250	18.750	1.0000e-07
 7.250	19.000	1.0000e-07
 7.250	19.250	1.0000e-07
 7.250	19.500	1.0000e-07
 7.250	19.750	1.0000e-07
 7.250	20.000	1.0000e-07
 7.250	20.250	1.0000e-07
 7.250	20.500	1.0000e-07
 7.250	20.750	1.0000e-07
 7.250	21.000	1.0000e-07
 7.250	21.250	1.0000e-07
 7.250	21.500	1.0000e-07
 7.250	21.750	1.0000e-07
 7.250	22.000	1.0000e-07
 7.250	22.250	1.0000e-07
 7.250	22.500	1.0000e-07
 7.250	22.750	1.0000e-07
 7.250	23.000	1.0000e-07
 7.250	23.250	1.0000e-07
 7.250	23.500	1.0000e-07
 7.250	23.750	1.0000e-07
 7.250	24.000	1.0000e-07
 7.500	17.000	4.8219e-01
 7.500	17.250	4.5831e-01
 7.500	17.500	4.2526e-01
 7.500	17.750	3.9075e-01
 7.500	18.000	1.0084e-01
 7.500	18.250	6.5520e-03
 7.500	18.500	7.3202e-04
 7.500	18.750	1.0123e-05
 7.500	19.000	1.0000e-07
 7.500	19.250	1.0000e-07
 7.500	19.500	1.0000e-07
 7.500	19.750	1.0000e-07
 7.500	20.000	1.0000e-07
 7.500	20.250	1.0000e-07
 7.500	20.500	1.0000e-07
 7.500	20.750	1.0000e-07
 7.500	21.000	1.0000e-07
 7.500	21.250	1.0000e-07
 7.500	21.500	1.0000e-07
 7.500	21.750	1.0000e-07
 7.500	22.000	1.0000e-07
 7.500	22.250	1.0000e-07
 7.500	22.500	1.0000e-07
 7.500	22.750	1.0000e-07
 7.500	23.000	1.0000e-07
 7.500	23.250	1.0000e-07
 7.500	23.500	1.0000e-07
 7.500	23.750	1.0000e-07
 7.500	24.000	1.0000e-07
 7.750	17.000	5.0031e-01
 7.750	17.250	5.0241e-01
 7.750	17.500	4.7762e-01
 7.750	17.750	4.4395e-01
 7.750	18.000	4.0628e-01
 7.750	18.250	1.0333e-01
 7.750	18.500	6.5616e-03
 7.750	18.750	7.2288e-04
 7.750	19.000	1.0041e-05
 7.750	19.250	1.0000e-07
 7.750	19.500	1.0000e-07
 7.750	19.750	1.0000e-07
 7.750	20.000	1.0000e-07
 7.750	20.250	1.0000e-07
 7.750	20.500	1.0000e-07
 7.750	20.750	1.0000e-07
 7.750	21.000	1.0000e-07
 7.750	21.250	1.0000e-07
 7.750	21.500	1.0000e-07
 7.750	21.750	1.0000e-07
 7.750	22.000	1.0000e-07
 7.750	22.250	1.0000e-07
 7.750	22.500	1.0000e-07
 7.750	22.750	1.0000e-07
 7.750	23.000	1.0000e-07
 7.750	23.250	1.0000e-07
 7.750	23.500	1.0000e-07
 7.750	23.750	1.0000e-07
 7.750	24.000	1.0000e-07
 8.000	17.000	4.7107e-01
 8.000	17.250	5.1052e-01
 8.000	17.500	5.1241e-01
 8.000	17.750	4.8726e-01
 8.000	18.000	4.5289e-01
 8.000	18.250	4.1765e-01
 8.000	18.500	1.0585e-01
 8.000	18.750	6.5695e-03
 8.000	19.000	7.1152e-04
 8.000	19.250	9.7942e-06
 8.000	19.500	1.0000e-07
 8.000	19.750	1.0000e-07
 8.000	20.000	1.0000e-07
 8.000	20.250	1.0000e-07
 8.000	20.500	1.0000e-07
 8.000	20.750	1.0000e-07
 8.000	21.000	1.0000e-07
 8.000	21.250	1.0000e-07
 8.000	21.500	1.0000e-07
 8.000	21.750	1.0000e-07
 8.000	22.000	1.0000e-07
 8.000	22.250	1.0000e-07
 8.000	22.500	1.0000e-07
 8.000	22.750	1.0000e-07
 8.000	23.000	1.0000e-07
 8.000	23.250	1.0000e-07
 8.000	23.500	1.0000e-07
 8.000	23.750	1.0000e-07
 8.000	24.000	1.0000e-07
 8.250	17.000	4.0709e-01
 8.250	17.250	4.8388e-01
 8.250	17.500	5.2339e-01
 8.250	17.750	5.2460e-01
 8.250	18.000	4.9852e-01
 8.250	18.250	4.6305e-01
 8.250	18.500	4.2443e-01
 8.250	18.750	1.0721e-01
 8.250	19.000	6.5766e-03
 8.250	19.250	6.9819e-04
 8.250	19.500	9.5473e-06
 8.250	19.750	1.0000e-07
 8.250	20.000	1.0000e-07
 8.250	20.250	1.0000e-07
 8.250	20.500	1.0000e-07
 8.250	20.750	1.0000e-07
 8.250	21.000	1.0000e-07
 8.250	21.250	1.0000e-07
 8.250	21.500	1.0000e-07
 8.250	21.750	1.0000e-07
 8.250	22.000	1.0000e-07
 8.250	22.250	1.0000e-07
 8.250	22.500	1.0000e-07
 8.250	22.750	1.0000e-07
 8.250	23.000	1.0000e-07
 8.250	23.250	1.0000e-07
 8.250	23.500	1.0000e-07
 8.250	23.750	1.0000e-07
 8.250	24.000	1.0000e-07
 8.500	17.000	3.1242e-01
 8.500	17.250	4.1642e-01
 8.500	17.500	4.9419e-01
 8.500	17.750	5.3330e-01
 8.500	18.000	5.3371e-01
 8.500	18.250	5.0597e-01
 8.500	18.500	4.6844e-01
 8.500	18.750	4.2347e-01
 8.500	19.000	1.0801e-01
 8.500	19.250	6.5838e-03
 8.500	19.500	6.8230e-04
 8.500	19.750	9.3827e-06
 8.500	20.000	1.0000e-07
 8.500	20.250	1.0000e-07
 8.500	20.500	1.0000e-07
 8.500	20.750	1.0000e-07
 8.500	21.000	1.0000e-07
 8.500	21.250	1.0000e-07
 8.500	21.500	1.0000e-07
 8.500	21.750	1.0000e-07
 8.500	22.000	1.0000e-07
 8.500	22.250	1.0000e-07
 8.500	22.500	1.0000e-07
 8.500	22.750	1.0000e-07
 8.500	23.000	1.0000e-07
 8.500	23.250	1.0000e-07
 8.500	23.500	1.0000e-07
 8.500	23.750	1.0000e-07
 8.500	24.000	1.0000e-07
 8.750	17.000	2.0776e-01
 8.750	17.250	3.1912e-01
 8.750	17.500	4.2463e-01
 8.750	17.750	5.0296e-01
 8.750	18.000	5.4149e-01
 8.750	18.250	5.4027e-01
 8.750	18.500	5.0991e-01
 8.750	18.750	4.6649e-01
 8.750	19.000	4.1103e-01
 8.750	19.250	1.0834e-01
 8.750	19.500	6.5947e-03
 8.750	19.750	6.6428e-04
 8.750	20.000	9.0535e-06
 8.750	20.250	1.0000e-07
 8.750	20.500	1.0000e-07
 8.750	20.750	1.0000e-07
 8.750	21.000	1.0000e-07
 8.750	21.250	1.0000e-07
 8.750	21.500	1.0000e-07
 8.750	21.750	1.0000e-07
 8.750	22.000	1.0000e-07
 8.750	22.250	1.0000e-07
 8.750	22.500	1.0000e-07
 8.750	22.750	1.0000e-07
 8.750	23.000	1.0000e-07
 8.750	23.250	1.0000e-07
 8.750	23.500	1.0000e-07
 8.750	23.750	1.0000e-07
 8.750	24.000	1.0000e-07
 9.000	17.000	1.1634e-01
 9.000	17.250	2.1305e-01
 9.000	17.500	3.2644e-01
 9.000	17.750	4.3315e-01
 9.000	18.000	5.1142e-01
 9.000	18.250	5.4885e-01
 9.000	18.500	5.4444e-01
 9.000	18.750	5.0618e-01
 9.000	19.000	4.4493e-01
 9.000	19.250	3.7927e-01
 9.000	19.500	1.0811e-01
 9.000	19.750	6.6159e-03
 9.000	20.000	6.4642e-04
 9.000	20.250	8.8066e-06
 9.000	20.500	1.0000e-07
 9.000	20.750	1.0000e-07
 9.000	21.000	1.0000e-07
 9.000	21.250	1.0000e-07
 9.000	21.500	1.0000e-07
 9.000	21.750	1.0000e-07
 9.000	22.000	1.0000e-07
 9.000	22.250	1.0000e-07
 9.000	22.500	1.0000e-07
 9.000	22.750	1.0000e-07
 9.000	23.000	1.0000e-07
 9.000	23.250	1.0000e-07
 9.000	23.500	1.0000e-07
 9.000	23.750	1.0000e-07
 9.000	24.000	1.0000e-07
 9.250	17.000	5.3202e-02
 9.250	17.250	1.2041e-01
 9.250	17.500	2.1986e-01
 9.250	17.750	3.3548e-01
 9.250	18.000	4.4295e-01
 9.250	18.250	5.2082e-01
 9.250	18.500	5.5511e-01
 9.250	18.750	5.4009e-01
 9.250	19.000	4.8165e-01
 9.250	19.250	3.9735e-01
 9.250	19.500	3.2952e-01
 9.250	19.750	1.0696e-01
 9.250	20.000	6.6537e-03
 9.250	20.250	6.2864e-04
 9.250	20.500	8.7243e-06
 9.250	20.750	1.0000e-07
 9.250	21.000	1.0000e-07
 9.250	21.250	1.0000e-07
 9.250	21.500	1.0000e-07
 9.250	21.750	1.0000e-07
 9.250	22.000	1.0000e-07
 9.250	22.250	1.0000e-07
 9.250	22.500	1.0000e-07
 9.250	22.750	1.0000e-07
 9.250	23.000	1.0000e-07
 9.250	23.250	1.0000e-07
 9.250	23.500	1.0000e-07
 9.250	23.750	1.0000e-07
 9.250	24.000	1.0000e-07
 9.500	17.000	1.9111e-02
 9.500	17.250	5.5709e-02
 9.500	17.500	1.2618e-01
 9.500	17.750	2.2915e-01
 9.500	18.000	3.4692e-01
 9.500	18.250	4.5503e-01
 9.500	18.500	5.2987e-01
 9.500	18.750	5.5162e-01
 9.500	19.000	5.1505e-01
 9.500	19.250	4.3578e-01
 9.500	19.500	3.4846e-01
 9.500	19.750	2.8468e-01
 9.500	20.000	1.0494e-01
 9.500	20.250	6.7169e-03
 9.500	20.500	6.1284e-04
 9.500	20.750	8.3951e-06
 9.500	21.000	1.0000e-07
 9.500	21.250	1.0000e-07
 9.500	21.500	1.0000e-07
 9.500	21.750	1.0000e-07
 9.500	22.000	1.0000e-07
 9.500	22.250	1.0000e-07
 9.500	22.500	1.0000e-07
 9.500	22.750	1.0000e-07
 9.500	23.000	1.0000e-07
 9.500	23.250	1.0000e-07
 9.500	23.500	1.0000e-07
 9.500	23.750	1.0000e-07
 9.500	24.000	1.0000e-07
 9.750	17.000	5.1459e-03
 9.750	17.250	2.0132e-02
 9.750	17.500	5.9272e-02
 9.750	17.750	1.3386e-01
 9.750	18.000	2.4062e-01
 9.750	18.250	3.6070e-01
 9.750	18.500	4.6620e-01
 9.750	18.750	5.2756e-01
 9.750	19.000	5.2837e-01
 9.750	19.250	4.7376e-01
 9.750	19.500	3.9029e-01
 9.750	19.750	3.0733e-01
 9.750	20.000	2.4859e-01
 9.750	20.250	9.9198e-02
 9.750	20.500	6.8109e-03
 9.750	20.750	6.0016e-04
 9.750	21.000	8.1481e-06
 9.750	21.250	1.0000e-07
 9.750	21.500	1.0000e-07
 9.750	21.750	1.0000e-07
 9.750	22.000	1.0000e-07
 9.750	22.250	1.0000e-07
 9.750	22.500	1.0000e-07
 9.750	22.750	1.0000e-07
 9.750	23.000	1.0000e-07
 9.750	23.250	1.0000e-07
 9.750	23.500	1.0000e-07
 9.750	23.750	1.0000e-07
 9.750	24.000	1.0000e-07
10.000	17.000	9.7761e-04
10.000	17.250	5.4052e-03
10.000	17.500	2.1620e-02
10.000	17.750	6.3770e-02
10.000	18.000	1.4281e-01
10.000	18.250	2.5359e-01
10.000	18.500	3.7148e-01
10.000	18.750	4.6415e-01
10.000	19.000	5.0720e-01
10.000	19.250	4.9237e-01
10.000	19.500	4.3254e-01
10.000	19.750	3.5290e-01
10.000	20.000	2.7853e-01
10.000	20.250	2.1790e-01
10.000	20.500	9.4543e-02
10.000	20.750	6.9312e-03
10.000	21.000	5.8716e-04
10.000	21.250	7.9012e-06
10.000	21.500	1.0000e-07
10.000	21.750	1.0000e-07
10.000	22.000	1.0000e-07
10.000	22.250	1.0000e-07
10.000	22.500	1.0000e-07
10.000	22.750	1.0000e-07
10.000	23.000	1.0000e-07
10.000	23.250	1.0000e-07
10.000	23.500	1.0000e-07
10.000	23.750	1.0000e-07
10.000	24.000	1.0000e-07
10.250	17.000	1.5276e-04
10.250	17.250	1.0240e-03
10.250	17.500	5.8291e-03
10.250	17.750	2.3440e-02
10.250	18.000	6.8929e-02
10.250	18.250	1.5251e-01
10.250	18.500	2.6226e-01
10.250	18.750	3.6989e-01
10.250	19.000	4.4683e-01
10.250	19.250	4.7569e-01
10.250	19.500	4.5427e-01
10.250	19.750	3.9576e-01
10.250	20.000	3.2109e-01
10.250	20.250	2.4830e-01
10.250	20.500	1.9273e-01
10.250	20.750	8.7232e-02
10.250	21.000	7.0779e-03
10.250	21.250	5.7638e-04
10.250	21.500	7.7366e-06
10.250	21.750	1.0000e-07
10.250	22.000	1.0000e-07
10.250	22.250	1.0000e-07
10.250	22.500	1.0000e-07
10.250	22.750	1.0000e-07
10.250	23.000	1.0000e-07
10.250	23.250	1.0000e-07
10.250	23.500	1.0000e-07
10.250	23.750	1.0000e-07
10.250	24.000	1.0000e-07
10.500	17.000	2.1564e-05
10.500	17.250	1.5926e-04
10.500	17.500	1.1052e-03
10.500	17.750	6.3749e-03
10.500	18.000	2.5694e-02
10.500	18.250	7.4648e-02
10.500	18.500	1.5899e-01
10.500	18.750	2.6167e-01
10.500	19.000	3.5625e-01
10.500	19.250	4.1992e-01
10.500	19.500	4.3992e-01
10.500	19.750	4.1570e-01
10.500	20.000	3.5978e-01
10.500	20.250	2.8743e-01
10.500	20.500	2.1985e-01
10.500	20.750	1.6743e-01
10.500	21.000	8.1990e-02
10.500	21.250	7.2412e-03
10.500	21.500	5.6708e-04
10.500	21.750	7.5720e-06
10.500	22.000	1.0000e-07
10.500	22.250	1.0000e-07
10.500	22.500	1.0000e-07
10.500	22.750	1.0000e-07
10.500	23.000	1.0000e-07
10.500	23.250	1.0000e-07
10.500	23.500	1.0000e-07
10.500	23.750	1.0000e-07
10.500	24.000	1.0000e-07
10.750	17.000	3.7037e-06
10.750	17.250	2.2469e-05
10.750	17.500	1.7317e-04
10.750	17.750	1.2540e-03
10.750	18.000	7.1272e-03
10.750	18.250	2.8397e-02
10.750	18.500	7.9308e-02
10.750	18.750	1.6066e-01
10.750	19.000	2.5312e-01
10.750	19.250	3.3443e-01
10.750	19.500	3.8649e-01
10.750	19.750	3.9965e-01
10.750	20.000	3.7408e-01
10.750	20.250	3.2137e-01
10.750	20.500	2.5643e-01
10.750	20.750	1.9464e-01
10.750	21.000	1.4261e-01
10.750	21.250	7.1295e-02
10.750	21.500	7.3957e-03
10.750	21.750	5.5909e-04
10.750	22.000	7.4074e-06
10.750	22.250	1.0000e-07
10.750	22.500	1.0000e-07
10.750	22.750	1.0000e-07
10.750	23.000	1.0000e-07
10.750	23.250	1.0000e-07
10.750	23.500	1.0000e-07
10.750	23.750	1.0000e-07
10.750	24.000	1.0000e-07
11.000	17.000	1.0000e-07
11.000	17.250	3.7860e-06
11.000	17.500	2.4609e-05
11.000	17.750	2.0272e-04
11.000	18.000	1.4610e-03
11.000	18.250	8.0184e-03
11.000	18.500	3.0826e-02
11.000	18.750	8.2224e-02
11.000	19.000	1.5799e-01
11.000	19.250	2.3842e-01
11.000	19.500	3.0610e-01
11.000	19.750	3.4731e-01
11.000	20.000	3.5410e-01
11.000	20.250	3.2748e-01
11.000	20.500	2.7856e-01
11.000	20.750	2.2088e-01
11.000	21.000	1.6710e-01
11.000	21.250	1.1708e-01
11.000	21.500	6.1180e-02
11.000	21.750	7.5105e-03
11.000	22.000	5.5243e-04
11.000	22.250	7.2428e-06
11.000	22.500	1.0000e-07
11.000	22.750	1.0000e-07
11.000	23.000	1.0000e-07
11.000	23.250	1.0000e-07
11.000	23.500	1.0000e-07
11.000	23.750	1.0000e-07
11.000	24.000	1.0000e-07
11.250	17.000	1.0000e-07
11.250	17.250	1.0000e-07
11.250	17.500	4.1975e-06
11.250	17.750	2.9877e-05
11.250	18.000	2.4469e-04
11.250	18.250	1.6575e-03
11.250	18.500	8.8181e-03
11.250	18.750	3.2850e-02
11.250	19.000	8.3394e-02
11.250	19.250	1.5151e-01
11.250	19.500	2.1891e-01
11.250	19.750	2.7282e-01
11.250	20.000	3.0298e-01
11.250	20.250	3.0342e-01
11.250	20.500	2.7652e-01
11.250	20.750	2.3345e-01
11.250	21.000	1.8336e-01
11.250	21.250	1.3626e-01
11.250	21.500	9.2213e-02
11.250	21.750	4.3620e-02
11.250	22.000	7.4435e-03
11.250	22.250	5.4593e-04
11.250	22.500	7.3251e-06
11.250	22.750	1.0000e-07
11.250	23.000	1.0000e-07
11.250	23.250	1.0000e-07
11.250	23.500	1.0000e-07
11.250	23.750	1.0000e-07
11.250	24.000	1.0000e-07
11.500	17.000	1.0000e-07
11.500	17.250	1.0000e-07
11.500	17.500	1.0000e-07
11.500	17.750	4.8560e-06
11.500	18.000	3.7695e-05
11.500	18.250	2.7720e-04
11.500	18.500	1.7937e-03
11.500	18.750	9.4971e-03
11.500	19.000	3.4452e-02
11.500	19.250	8.3060e-02
11.500	19.500	1.4241e-01
11.500	19.750	1.9633e-01
11.500	20.000	2.3626e-01
11.500	20.250	2.5519e-01
11.500	20.500	2.4979e-01
11.500	20.750	2.2408e-01
11.500	21.000	1.8576e-01
11.500	21.250	1.4407e-01
11.500	21.500	1.0317e-01
11.500	21.750	7.1740e-02
11.500	22.000	2.9597e-02
11.500	22.250	7.1398e-03
11.500	22.500	5.3737e-04
11.500	22.750	7.3251e-06
11.500	23.000	1.0000e-07
11.500	23.250	1.0000e-07
11.500	23.500	1.0000e-07
11.500	23.750	1.0000e-07
11.500	24.000	1.0000e-07
11.750	17.000	1.0000e-07
11.750	17.250	1.0000e-07
11.750	17.500	1.0000e-07
11.750	17.750	9.0535e-07
11.750	18.000	6.0082e-06
11.750	18.250	4.4198e-05
11.750	18.500	2.9358e-04
11.750	18.750	1.8902e-03
11.750	19.000	1.0108e-02
11.750	19.250	3.5775e-02
11.750	19.500	8.1490e-02
11.750	19.750	1.3135e-01
11.750	20.000	1.7187e-01
11.750	20.250	1.9826e-01
11.750	20.500	2.0700e-01
11.750	20.750	1.9726e-01
11.750	21.000	1.7361e-01
11.750	21.250	1.4108e-01
11.750	21.500	1.0636e-01
11.750	21.750	7.6974e-02
11.750	22.000	5.2378e-02
11.750	22.250	2.1777e-02
11.750	22.500	6.5786e-03
11.750	22.750	5.2823e-04
11.750	23.000	7.4897e-06
11.750	23.250	1.0000e-07
11.750	23.500	1.0000e-07
11.750	23.750	1.0000e-07
11.750	24.000	1.0000e-07
12.000	17.000	1.0000e-07
12.000	17.250	1.0000e-07
12.000	17.500	1.0000e-07
12.000	17.750	1.0000e-07
12.000	18.000	9.8765e-07
12.000	18.250	6.9959e-06
12.000	18.500	4.8148e-05
12.000	18.750	3.0140e-04
12.000	19.000	1.9856e-03
12.000	19.250	1.0776e-02
12.000	19.500	3.6847e-02
12.000	19.750	7.8774e-02
12.000	20.000	1.1896e-01
12.000	20.250	1.4626e-01
12.000	20.500	1.6057e-01
12.000	20.750	1.6120e-01
12.000	21.000	1.5032e-01
12.000	21.250	1.2977e-01
12.000	21.500	1.0248e-01
12.000	21.750	7.6889e-02
12.000	22.000	5.7059e-02
12.000	22.250	3.6969e-02
12.000	22.500	1.7374e-02
12.000	22.750	5.8844e-03
12.000	23.000	5.1547e-04
12.000	23.250	7.5720e-06
12.000	23.500	1.0000e-07
12.000	23.750	1.0000e-07
12.000	24.000	1.0000e-07
12.250	17.000	1.0000e-07
12.250	17.250	1.0000e-07
12.250	17.500	1.0000e-07
12.250	17.750	1.0000e-07
12.250	18.000	1.0000e-07
12.250	18.250	1.1523e-06
12.250	18.500	7.9835e-06
12.250	18.750	5.1440e-05
12.250	19.000	3.1457e-04
12.250	19.250	2.1416e-03
12.250	19.500	1.1615e-02
12.250	19.750	3.7719e-02
12.250	20.000	7.5071e-02
12.250	20.250	1.0517e-01
12.250	20.500	1.2194e-01
12.250	20.750	1.2644e-01
12.250	21.000	1.2180e-01
12.250	21.250	1.1087e-01
12.250	21.500	9.3398e-02
12.250	21.750	7.3285e-02
12.250	22.000	5.6052e-02
12.250	22.250	4.2217e-02
12.250	22.500	2.6644e-02
12.250	22.750	1.3573e-02
12.250	23.000	5.0128e-03
12.250	23.250	4.9457e-04
12.250	23.500	7.8189e-06
12.250	23.750	1.0000e-07
12.250	24.000	1.0000e-07
12.500	17.000	1.0000e-07
12.500	17.250	1.0000e-07
12.500	17.500	1.0000e-07
12.500	17.750	1.0000e-07
12.500	18.000	1.0000e-07
12.500	18.250	1.0000e-07
12.500	18.500	1.3992e-06
12.500	18.750	9.0535e-06
12.500	19.000	5.6214e-05
12.500	19.250	3.4354e-04
12.500	19.500	2.3988e-03
12.500	19.750	1.2635e-02
12.500	20.000	3.8294e-02
12.500	20.250	6.9978e-02
12.500	20.500	9.1240e-02
12.500	20.750	9.8339e-02
12.500	21.000	9.6034e-02
12.500	21.250	8.9687e-02
12.500	21.500	7.9819e-02
12.500	21.750	6.6419e-02
12.500	22.000	5.2588e-02
12.500	22.250	4.1973e-02
12.500	22.500	3.1105e-02
12.500	22.750	1.9858e-02
12.500	23.000	1.1864e-02
12.500	23.250	4.6301e-03
12.500	23.500	4.7152e-04
12.500	23.750	7.9012e-06
12.500	24.000	1.0000e-07
12.750	17.000	1.0000e-07
12.750	17.250	1.0000e-07
12.750	17.500	1.0000e-07
12.750	17.750	1.0000e-07
12.750	18.000	1.0000e-07
12.750	18.250	1.0000e-07
12.750	18.500	1.0000e-07
12.750	18.750	1.6461e-06
12.750	19.000	1.0535e-05
12.750	19.250	6.4033e-05
12.750	19.500	3.9490e-04
12.750	19.750	2.7380e-03
12.750	20.000	1.3604e-02
12.750	20.250	3.7938e-02
12.750	20.500	6.3602e-02
12.750	20.750	7.6170e-02
12.750	21.000	7.6094e-02
12.750	21.250	7.0931e-02
12.750	21.500	6.4612e-02
12.750	21.750	5.6990e-02
12.750	22.000	4.7457e-02
12.750	22.250	3.8051e-02
12.750	22.500	3.0764e-02
12.750	22.750	2.3635e-02
12.750	23.000	1.4385e-02
12.750	23.250	9.8025e-03
12.750	23.500	3.9869e-03
12.750	23.750	4.4971e-04
12.750	24.000	7.7366e-06
13.000	17.000	1.0000e-07
13.000	17.250	1.0000e-07
13.000	17.500	1.0000e-07
13.000	17.750	1.0000e-07
13.000	18.000	1.0000e-07
13.000	18.250	1.0000e-07
13.000	18.500	1.0000e-07
13.000	18.750	1.0000e-07
13.000	19.000	1.9753e-06
13.000	19.250	1.2675e-05
13.000	19.500	7.4897e-05
13.000	19.750	4.5745e-04
13.000	20.000	2.9796e-03
13.000	20.250	1.3980e-02
13.000	20.500	3.6133e-02
13.000	20.750	5.4738e-02
13.000	21.000	5.9691e-02
13.000	21.250	5.6009e-02
13.000	21.500	5.0727e-02
13.000	21.750	4.6328e-02
13.000	22.000	4.0880e-02
13.000	22.250	3.3587e-02
13.000	22.500	2.7045e-02
13.000	22.750	2.2010e-02
13.000	23.000	1.7739e-02
13.000	23.250	1.1184e-02
13.000	23.500	8.2902e-03
13.000	23.750	3.3760e-03
13.000	24.000	4.1457e-04
13.250	17.000	1.0000e-07
13.250	17.250	1.0000e-07
13.250	17.500	1.0000e-07
13.250	17.750	1.0000e-07
13.250	18.000	1.0000e-07
13.250	18.250	1.0000e-07
13.250	18.500	1.0000e-07
13.250	18.750	1.0000e-07
13.250	19.000	1.0000e-07
13.250	19.250	2.5514e-06
13.250	19.500	1.5720e-05
13.250	19.750	9.0700e-05
13.250	20.000	5.1506e-04
13.250	20.250	3.0402e-03
13.250	20.500	1.3021e-02
13.250	20.750	3.0664e-02
13.250	21.000	4.3672e-02
13.250	21.250	4.5272e-02
13.250	21.500	4.1105e-02
13.250	21.750	3.6816e-02
13.250	22.000	3.3117e-02
13.250	22.250	2.8925e-02
13.250	22.500	2.4104e-02
13.250	22.750	1.9701e-02
13.250	23.000	1.6301e-02
13.250	23.250	1.3457e-02
13.250	23.500	1.2586e-02
13.250	23.750	6.8868e-03
13.250	24.000	2.6707e-03
13.500	17.000	1.0000e-07
13.500	17.250	1.0000e-07
13.500	17.500	1.0000e-07
13.500	17.750	1.0000e-07
13.500	18.000	1.0000e-07
13.500	18.250	1.0000e-07
13.500	18.500	1.0000e-07
13.500	18.750	1.0000e-07
13.500	19.000	1.0000e-07
13.500	19.250	1.0000e-07
13.500	19.500	3.4568e-06
13.500	19.750	2.0905e-05
13.500	20.000	1.1621e-04
13.500	20.250	5.9992e-04
13.500	20.500	3.0125e-03
13.500	20.750	1.1236e-02
13.500	21.000	2.4635e-02
13.500	21.250	3.4191e-02
13.500	21.500	3.5521e-02
13.500	21.750	3.1839e-02
13.500	22.000	2.7576e-02
13.500	22.250	2.4913e-02
13.500	22.500	2.1762e-02
13.500	22.750	1.7869e-02
13.500	23.000	1.4685e-02
13.500	23.250	1.2344e-02
13.500	23.500	1.0259e-02
13.500	23.750	6.4562e-03
13.500	24.000	4.1054e-03
13.750	17.000	1.0000e-07
13.750	17.250	1.0000e-07
13.750	17.500	1.0000e-07
13.750	17.750	1.0000e-07
13.750	18.000	1.0000e-07
13.750	18.250	1.0000e-07
13.750	18.500	1.0000e-07
13.750	18.750	1.0000e-07
13.750	19.000	1.0000e-07
13.750	19.250	1.0000e-07
13.750	19.500	1.0000e-07
13.750	19.750	4.9383e-06
13.750	20.000	2.9794e-05
13.750	20.250	1.6099e-04
13.750	20.500	7.5481e-04
13.750	20.750	3.0736e-03
13.750	21.000	9.5676e-03
13.750	21.250	2.0267e-02
13.750	21.500	2.8172e-02
13.750	21.750	2.9674e-02
13.750	22.000	2.6812e-02
13.750	22.250	2.2647e-02
13.750	22.500	1.9535e-02
13.750	22.750	1.7211e-02
13.750	23.000	1.3568e-02
13.750	23.250	1.0983e-02
13.750	23.500	9.6779e-03
13.750	23.750	7.8297e-03
13.750	24.000	4.9988e-03
14.000	17.000	1.0000e-07
14.000	17.250	1.0000e-07
14.000	17.500	1.0000e-07
14.000	17.750	1.0000e-07
14.000	18.000	1.0000e-07
14.000	18.250	1.0000e-07
14.000	18.500	1.0000e-07
14.000	18.750	1.0000e-07
14.000	19.000	1.0000e-07
14.000	19.250	1.0000e-07
14.000	19.500	1.0000e-07
14.000	19.750	1.1523e-06
14.000	20.000	7.4074e-06
14.000	20.250	4.4115e-05
14.000	20.500	2.3095e-04
14.000	20.750	9.8634e-04
14.000	21.000	3.2900e-03
14.000	21.250	8.4859e-03
14.000	21.500	1.7107e-02
14.000	21.750	2.4557e-02
14.000	22.000	2.6196e-02
14.000	22.250	2.3316e-02
14.000	22.500	1.9419e-02
14.000	22.750	1.5996e-02
14.000	23.000	1.3433e-02
14.000	23.250	1.2061e-02
14.000	23.500	8.9003e-03
14.000	23.750	7.1106e-03
14.000	24.000	5.9185e-03
