nInu 2700.00A  relative to Inci 1215.00A scaled to 1215A.
Hden   Phi(H)  Eq_Width (A)
 7.000	17.000	8.5112e-01
 7.000	17.250	8.5141e-01
 7.000	17.500	8.5175e-01
 7.000	17.750	8.5182e-01
 7.000	18.000	8.5182e-01
 7.000	18.250	8.5183e-01
 7.000	18.500	8.5183e-01
 7.000	18.750	8.5183e-01
 7.000	19.000	8.5183e-01
 7.000	19.250	8.5183e-01
 7.000	19.500	8.5183e-01
 7.000	19.750	8.5183e-01
 7.000	20.000	8.5183e-01
 7.000	20.250	8.5183e-01
 7.000	20.500	8.5183e-01
 7.000	20.750	8.5183e-01
 7.000	21.000	8.5183e-01
 7.000	21.250	8.5183e-01
 7.000	21.500	8.5183e-01
 7.000	21.750	8.5183e-01
 7.000	22.000	8.5183e-01
 7.000	22.250	8.5183e-01
 7.000	22.500	8.5183e-01
 7.000	22.750	8.5183e-01
 7.000	23.000	8.5183e-01
 7.000	23.250	8.5183e-01
 7.000	23.500	8.5183e-01
 7.000	23.750	8.5183e-01
 7.000	24.000	8.5183e-01
 7.250	17.000	8.5073e-01
 7.250	17.250	8.5062e-01
 7.250	17.500	8.5120e-01
 7.250	17.750	8.5172e-01
 7.250	18.000	8.5182e-01
 7.250	18.250	8.5182e-01
 7.250	18.500	8.5183e-01
 7.250	18.750	8.5183e-01
 7.250	19.000	8.5183e-01
 7.250	19.250	8.5183e-01
 7.250	19.500	8.5183e-01
 7.250	19.750	8.5183e-01
 7.250	20.000	8.5183e-01
 7.250	20.250	8.5183e-01
 7.250	20.500	8.5183e-01
 7.250	20.750	8.5183e-01
 7.250	21.000	8.5183e-01
 7.250	21.250	8.5183e-01
 7.250	21.500	8.5183e-01
 7.250	21.750	8.5183e-01
 7.250	22.000	8.5183e-01
 7.250	22.250	8.5183e-01
 7.250	22.500	8.5183e-01
 7.250	22.750	8.5183e-01
 7.250	23.000	8.5183e-01
 7.250	23.250	8.5183e-01
 7.250	23.500	8.5183e-01
 7.250	23.750	8.5183e-01
 7.250	24.000	8.5183e-01
 7.500	17.000	8.5044e-01
 7.500	17.250	8.4988e-01
 7.500	17.500	8.4977e-01
 7.500	17.750	8.5089e-01
 7.500	18.000	8.5168e-01
 7.500	18.250	8.5182e-01
 7.500	18.500	8.5182e-01
 7.500	18.750	8.5182e-01
 7.500	19.000	8.5183e-01
 7.500	19.250	8.5183e-01
 7.500	19.500	8.5183e-01
 7.500	19.750	8.5183e-01
 7.500	20.000	8.5183e-01
 7.500	20.250	8.5183e-01
 7.500	20.500	8.5183e-01
 7.500	20.750	8.5183e-01
 7.500	21.000	8.5183e-01
 7.500	21.250	8.5183e-01
 7.500	21.500	8.5183e-01
 7.500	21.750	8.5183e-01
 7.500	22.000	8.5183e-01
 7.500	22.250	8.5183e-01
 7.500	22.500	8.5183e-01
 7.500	22.750	8.5183e-01
 7.500	23.000	8.5183e-01
 7.500	23.250	8.5183e-01
 7.500	23.500	8.5183e-01
 7.500	23.750	8.5183e-01
 7.500	24.000	8.5183e-01
 7.750	17.000	8.5026e-01
 7.750	17.250	8.4933e-01
 7.750	17.500	8.4835e-01
 7.750	17.750	8.4828e-01
 7.750	18.000	8.5042e-01
 7.750	18.250	8.5162e-01
 7.750	18.500	8.5182e-01
 7.750	18.750	8.5182e-01
 7.750	19.000	8.5182e-01
 7.750	19.250	8.5183e-01
 7.750	19.500	8.5183e-01
 7.750	19.750	8.5183e-01
 7.750	20.000	8.5183e-01
 7.750	20.250	8.5183e-01
 7.750	20.500	8.5183e-01
 7.750	20.750	8.5183e-01
 7.750	21.000	8.5183e-01
 7.750	21.250	8.5183e-01
 7.750	21.500	8.5183e-01
 7.750	21.750	8.5183e-01
 7.750	22.000	8.5183e-01
 7.750	22.250	8.5183e-01
 7.750	22.500	8.5183e-01
 7.750	22.750	8.5183e-01
 7.750	23.000	8.5183e-01
 7.750	23.250	8.5183e-01
 7.750	23.500	8.5183e-01
 7.750	23.750	8.5183e-01
 7.750	24.000	8.5183e-01
 8.000	17.000	8.5008e-01
 8.000	17.250	8.4901e-01
 8.000	17.500	8.4732e-01
 8.000	17.750	8.4568e-01
 8.000	18.000	8.4568e-01
 8.000	18.250	8.4956e-01
 8.000	18.500	8.5153e-01
 8.000	18.750	8.5181e-01
 8.000	19.000	8.5182e-01
 8.000	19.250	8.5183e-01
 8.000	19.500	8.5183e-01
 8.000	19.750	8.5183e-01
 8.000	20.000	8.5183e-01
 8.000	20.250	8.5183e-01
 8.000	20.500	8.5183e-01
 8.000	20.750	8.5183e-01
 8.000	21.000	8.5183e-01
 8.000	21.250	8.5183e-01
 8.000	21.500	8.5183e-01
 8.000	21.750	8.5183e-01
 8.000	22.000	8.5183e-01
 8.000	22.250	8.5183e-01
 8.000	22.500	8.5183e-01
 8.000	22.750	8.5183e-01
 8.000	23.000	8.5183e-01
 8.000	23.250	8.5183e-01
 8.000	23.500	8.5183e-01
 8.000	23.750	8.5183e-01
 8.000	24.000	8.5183e-01
 8.250	17.000	8.4983e-01
 8.250	17.250	8.4866e-01
 8.250	17.500	8.4664e-01
 8.250	17.750	8.4346e-01
 8.250	18.000	8.4062e-01
 8.250	18.250	8.4116e-01
 8.250	18.500	8.4829e-01
 8.250	18.750	8.5139e-01
 8.250	19.000	8.5181e-01
 8.250	19.250	8.5182e-01
 8.250	19.500	8.5183e-01
 8.250	19.750	8.5183e-01
 8.250	20.000	8.5183e-01
 8.250	20.250	8.5183e-01
 8.250	20.500	8.5183e-01
 8.250	20.750	8.5183e-01
 8.250	21.000	8.5183e-01
 8.250	21.250	8.5183e-01
 8.250	21.500	8.5183e-01
 8.250	21.750	8.5183e-01
 8.250	22.000	8.5183e-01
 8.250	22.250	8.5183e-01
 8.250	22.500	8.5183e-01
 8.250	22.750	8.5183e-01
 8.250	23.000	8.5183e-01
 8.250	23.250	8.5183e-01
 8.250	23.500	8.5183e-01
 8.250	23.750	8.5183e-01
 8.250	24.000	8.5183e-01
 8.500	17.000	8.4950e-01
 8.500	17.250	8.4819e-01
 8.500	17.500	8.4594e-01
 8.500	17.750	8.4202e-01
 8.500	18.000	8.3611e-01
 8.500	18.250	8.3178e-01
 8.500	18.500	8.3354e-01
 8.500	18.750	8.4657e-01
 8.500	19.000	8.5117e-01
 8.500	19.250	8.5179e-01
 8.500	19.500	8.5182e-01
 8.500	19.750	8.5183e-01
 8.500	20.000	8.5183e-01
 8.500	20.250	8.5183e-01
 8.500	20.500	8.5183e-01
 8.500	20.750	8.5183e-01
 8.500	21.000	8.5183e-01
 8.500	21.250	8.5183e-01
 8.500	21.500	8.5183e-01
 8.500	21.750	8.5183e-01
 8.500	22.000	8.5183e-01
 8.500	22.250	8.5183e-01
 8.500	22.500	8.5183e-01
 8.500	22.750	8.5183e-01
 8.500	23.000	8.5183e-01
 8.500	23.250	8.5183e-01
 8.500	23.500	8.5183e-01
 8.500	23.750	8.5183e-01
 8.500	24.000	8.5183e-01
 8.750	17.000	8.4912e-01
 8.750	17.250	8.4759e-01
 8.750	17.500	8.4505e-01
 8.750	17.750	8.4063e-01
 8.750	18.000	8.3312e-01
 8.750	18.250	8.2390e-01
 8.750	18.500	8.1985e-01
 8.750	18.750	8.2371e-01
 8.750	19.000	8.4420e-01
 8.750	19.250	8.5082e-01
 8.750	19.500	8.5177e-01
 8.750	19.750	8.5182e-01
 8.750	20.000	8.5182e-01
 8.750	20.250	8.5183e-01
 8.750	20.500	8.5183e-01
 8.750	20.750	8.5183e-01
 8.750	21.000	8.5183e-01
 8.750	21.250	8.5183e-01
 8.750	21.500	8.5183e-01
 8.750	21.750	8.5183e-01
 8.750	22.000	8.5183e-01
 8.750	22.250	8.5183e-01
 8.750	22.500	8.5183e-01
 8.750	22.750	8.5183e-01
 8.750	23.000	8.5183e-01
 8.750	23.250	8.5183e-01
 8.750	23.500	8.5183e-01
 8.750	23.750	8.5183e-01
 8.750	24.000	8.5183e-01
 9.000	17.000	8.4870e-01
 9.000	17.250	8.4692e-01
 9.000	17.500	8.4398e-01
 9.000	17.750	8.3897e-01
 9.000	18.000	8.3050e-01
 9.000	18.250	8.1836e-01
 9.000	18.500	8.0729e-01
 9.000	18.750	8.0397e-01
 9.000	19.000	8.1254e-01
 9.000	19.250	8.4088e-01
 9.000	19.500	8.5036e-01
 9.000	19.750	8.5174e-01
 9.000	20.000	8.5181e-01
 9.000	20.250	8.5182e-01
 9.000	20.500	8.5183e-01
 9.000	20.750	8.5183e-01
 9.000	21.000	8.5183e-01
 9.000	21.250	8.5183e-01
 9.000	21.500	8.5183e-01
 9.000	21.750	8.5183e-01
 9.000	22.000	8.5183e-01
 9.000	22.250	8.5183e-01
 9.000	22.500	8.5183e-01
 9.000	22.750	8.5183e-01
 9.000	23.000	8.5183e-01
 9.000	23.250	8.5183e-01
 9.000	23.500	8.5183e-01
 9.000	23.750	8.5183e-01
 9.000	24.000	8.5183e-01
 9.250	17.000	8.4825e-01
 9.250	17.250	8.4620e-01
 9.250	17.500	8.4284e-01
 9.250	17.750	8.3715e-01
 9.250	18.000	8.2760e-01
 9.250	18.250	8.1401e-01
 9.250	18.500	7.9756e-01
 9.250	18.750	7.8600e-01
 9.250	19.000	7.8771e-01
 9.250	19.250	8.0429e-01
 9.250	19.500	8.3833e-01
 9.250	19.750	8.4950e-01
 9.250	20.000	8.5167e-01
 9.250	20.250	8.5179e-01
 9.250	20.500	8.5182e-01
 9.250	20.750	8.5183e-01
 9.250	21.000	8.5183e-01
 9.250	21.250	8.5183e-01
 9.250	21.500	8.5183e-01
 9.250	21.750	8.5183e-01
 9.250	22.000	8.5183e-01
 9.250	22.250	8.5183e-01
 9.250	22.500	8.5183e-01
 9.250	22.750	8.5183e-01
 9.250	23.000	8.5183e-01
 9.250	23.250	8.5183e-01
 9.250	23.500	8.5183e-01
 9.250	23.750	8.5183e-01
 9.250	24.000	8.5183e-01
 9.500	17.000	8.4780e-01
 9.500	17.250	8.4548e-01
 9.500	17.500	8.4170e-01
 9.500	17.750	8.3529e-01
 9.500	18.000	8.2478e-01
 9.500	18.250	8.0963e-01
 9.500	18.500	7.8905e-01
 9.500	18.750	7.6441e-01
 9.500	19.000	7.5233e-01
 9.500	19.250	7.6922e-01
 9.500	19.500	7.9146e-01
 9.500	19.750	8.3585e-01
 9.500	20.000	8.4848e-01
 9.500	20.250	8.5157e-01
 9.500	20.500	8.5177e-01
 9.500	20.750	8.5182e-01
 9.500	21.000	8.5183e-01
 9.500	21.250	8.5183e-01
 9.500	21.500	8.5183e-01
 9.500	21.750	8.5183e-01
 9.500	22.000	8.5183e-01
 9.500	22.250	8.5183e-01
 9.500	22.500	8.5183e-01
 9.500	22.750	8.5183e-01
 9.500	23.000	8.5183e-01
 9.500	23.250	8.5183e-01
 9.500	23.500	8.5183e-01
 9.500	23.750	8.5183e-01
 9.500	24.000	8.5183e-01
 9.750	17.000	8.4737e-01
 9.750	17.250	8.4483e-01
 9.750	17.500	8.4064e-01
 9.750	17.750	8.3356e-01
 9.750	18.000	8.2204e-01
 9.750	18.250	8.0423e-01
 9.750	18.500	7.7911e-01
 9.750	18.750	7.4778e-01
 9.750	19.000	7.1483e-01
 9.750	19.250	7.0187e-01
 9.750	19.500	7.4586e-01
 9.750	19.750	8.0856e-01
 9.750	20.000	8.3457e-01
 9.750	20.250	8.4765e-01
 9.750	20.500	8.5139e-01
 9.750	20.750	8.5174e-01
 9.750	21.000	8.5181e-01
 9.750	21.250	8.5183e-01
 9.750	21.500	8.5183e-01
 9.750	21.750	8.5183e-01
 9.750	22.000	8.5183e-01
 9.750	22.250	8.5183e-01
 9.750	22.500	8.5183e-01
 9.750	22.750	8.5183e-01
 9.750	23.000	8.5183e-01
 9.750	23.250	8.5183e-01
 9.750	23.500	8.5183e-01
 9.750	23.750	8.5183e-01
 9.750	24.000	8.5183e-01
10.000	17.000	8.4693e-01
10.000	17.250	8.4424e-01
10.000	17.500	8.3976e-01
10.000	17.750	8.3203e-01
10.000	18.000	8.1902e-01
10.000	18.250	7.9801e-01
10.000	18.500	7.6747e-01
10.000	18.750	7.2767e-01
10.000	19.000	6.8443e-01
10.000	19.250	6.4250e-01
10.000	19.500	6.3801e-01
10.000	19.750	7.1074e-01
10.000	20.000	8.1526e-01
10.000	20.250	8.3180e-01
10.000	20.500	8.4621e-01
10.000	20.750	8.5113e-01
10.000	21.000	8.5168e-01
10.000	21.250	8.5179e-01
10.000	21.500	8.5182e-01
10.000	21.750	8.5183e-01
10.000	22.000	8.5183e-01
10.000	22.250	8.5183e-01
10.000	22.500	8.5183e-01
10.000	22.750	8.5183e-01
10.000	23.000	8.5183e-01
10.000	23.250	8.5183e-01
10.000	23.500	8.5183e-01
10.000	23.750	8.5183e-01
10.000	24.000	8.5183e-01
10.250	17.000	8.4639e-01
10.250	17.250	8.4368e-01
10.250	17.500	8.3893e-01
10.250	17.750	8.3055e-01
10.250	18.000	8.1561e-01
10.250	18.250	7.9136e-01
10.250	18.500	7.5629e-01
10.250	18.750	7.1106e-01
10.250	19.000	6.5700e-01
10.250	19.250	6.0437e-01
10.250	19.500	5.8489e-01
10.250	19.750	6.3148e-01
10.250	20.000	7.0179e-01
10.250	20.250	8.0752e-01
10.250	20.500	8.3044e-01
10.250	20.750	8.4516e-01
10.250	21.000	8.5077e-01
10.250	21.250	8.5159e-01
10.250	21.500	8.5177e-01
10.250	21.750	8.5182e-01
10.250	22.000	8.5183e-01
10.250	22.250	8.5183e-01
10.250	22.500	8.5183e-01
10.250	22.750	8.5183e-01
10.250	23.000	8.5183e-01
10.250	23.250	8.5183e-01
10.250	23.500	8.5183e-01
10.250	23.750	8.5183e-01
10.250	24.000	8.5183e-01
10.500	17.000	8.4561e-01
10.500	17.250	8.4302e-01
10.500	17.500	8.3807e-01
10.500	17.750	8.2891e-01
10.500	18.000	8.1223e-01
10.500	18.250	7.8565e-01
10.500	18.500	7.4853e-01
10.500	18.750	7.0343e-01
10.500	19.000	6.5640e-01
10.500	19.250	6.1869e-01
10.500	19.500	5.9109e-01
10.500	19.750	5.9071e-01
10.500	20.000	6.4147e-01
10.500	20.250	7.5013e-01
10.500	20.500	8.0326e-01
10.500	20.750	8.2839e-01
10.500	21.000	8.4398e-01
10.500	21.250	8.5027e-01
10.500	21.500	8.5145e-01
10.500	21.750	8.5174e-01
10.500	22.000	8.5182e-01
10.500	22.250	8.5182e-01
10.500	22.500	8.5183e-01
10.500	22.750	8.5183e-01
10.500	23.000	8.5183e-01
10.500	23.250	8.5183e-01
10.500	23.500	8.5183e-01
10.500	23.750	8.5183e-01
10.500	24.000	8.5183e-01
10.750	17.000	8.4440e-01
10.750	17.250	8.4206e-01
10.750	17.500	8.3695e-01
10.750	17.750	8.2701e-01
10.750	18.000	8.0943e-01
10.750	18.250	7.8275e-01
10.750	18.500	7.4741e-01
10.750	18.750	7.0795e-01
10.750	19.000	6.7133e-01
10.750	19.250	6.4214e-01
10.750	19.500	6.1731e-01
10.750	19.750	5.9478e-01
10.750	20.000	5.9291e-01
10.750	20.250	6.4949e-01
10.750	20.500	7.6579e-01
10.750	20.750	8.0492e-01
10.750	21.000	8.2714e-01
10.750	21.250	8.4287e-01
10.750	21.500	8.4981e-01
10.750	21.750	8.5126e-01
10.750	22.000	8.5168e-01
10.750	22.250	8.5181e-01
10.750	22.500	8.5182e-01
10.750	22.750	8.5183e-01
10.750	23.000	8.5183e-01
10.750	23.250	8.5183e-01
10.750	23.500	8.5183e-01
10.750	23.750	8.5183e-01
10.750	24.000	8.5183e-01
11.000	17.000	8.4280e-01
11.000	17.250	8.4056e-01
11.000	17.500	8.3536e-01
11.000	17.750	8.2510e-01
11.000	18.000	8.0752e-01
11.000	18.250	7.8208e-01
11.000	18.500	7.5139e-01
11.000	18.750	7.1985e-01
11.000	19.000	6.9252e-01
11.000	19.250	6.6939e-01
11.000	19.500	6.4418e-01
11.000	19.750	6.1685e-01
11.000	20.000	5.9069e-01
11.000	20.250	5.8924e-01
11.000	20.500	6.4644e-01
11.000	20.750	7.5648e-01
11.000	21.000	8.0148e-01
11.000	21.250	8.2746e-01
11.000	21.500	8.4133e-01
11.000	21.750	8.4905e-01
11.000	22.000	8.5103e-01
11.000	22.250	8.5161e-01
11.000	22.500	8.5180e-01
11.000	22.750	8.5182e-01
11.000	23.000	8.5182e-01
11.000	23.250	8.5183e-01
11.000	23.500	8.5183e-01
11.000	23.750	8.5183e-01
11.000	24.000	8.5183e-01
11.250	17.000	8.4142e-01
11.250	17.250	8.3849e-01
11.250	17.500	8.3324e-01
11.250	17.750	8.2311e-01
11.250	18.000	8.0615e-01
11.250	18.250	7.8311e-01
11.250	18.500	7.5760e-01
11.250	18.750	7.3323e-01
11.250	19.000	7.1280e-01
11.250	19.250	6.9169e-01
11.250	19.500	6.6997e-01
11.250	19.750	6.4389e-01
11.250	20.000	6.1269e-01
11.250	20.250	5.8215e-01
11.250	20.500	5.7618e-01
11.250	20.750	6.3073e-01
11.250	21.000	7.5352e-01
11.250	21.250	7.9910e-01
11.250	21.500	8.2540e-01
11.250	21.750	8.4256e-01
11.250	22.000	8.4829e-01
11.250	22.250	8.5083e-01
11.250	22.500	8.5152e-01
11.250	22.750	8.5179e-01
11.250	23.000	8.5181e-01
11.250	23.250	8.5182e-01
11.250	23.500	8.5183e-01
11.250	23.750	8.5183e-01
11.250	24.000	8.5183e-01
11.500	17.000	8.4099e-01
11.500	17.250	8.3669e-01
11.500	17.500	8.3076e-01
11.500	17.750	8.2081e-01
11.500	18.000	8.0520e-01
11.500	18.250	7.8549e-01
11.500	18.500	7.6502e-01
11.500	18.750	7.4791e-01
11.500	19.000	7.3277e-01
11.500	19.250	7.1514e-01
11.500	19.500	6.9422e-01
11.500	19.750	6.7016e-01
11.500	20.000	6.4080e-01
11.500	20.250	6.0440e-01
11.500	20.500	5.6812e-01
11.500	20.750	5.6147e-01
11.500	21.000	6.1700e-01
11.500	21.250	7.4980e-01
11.500	21.500	7.9897e-01
11.500	21.750	8.2552e-01
11.500	22.000	8.4176e-01
11.500	22.250	8.4789e-01
11.500	22.500	8.5060e-01
11.500	22.750	8.5145e-01
11.500	23.000	8.5177e-01
11.500	23.250	8.5180e-01
11.500	23.500	8.5182e-01
11.500	23.750	8.5183e-01
11.500	24.000	8.5183e-01
11.750	17.000	8.4136e-01
11.750	17.250	8.3591e-01
11.750	17.500	8.2877e-01
11.750	17.750	8.1867e-01
11.750	18.000	8.0474e-01
11.750	18.250	7.8876e-01
11.750	18.500	7.7315e-01
11.750	18.750	7.5998e-01
11.750	19.000	7.4954e-01
11.750	19.250	7.3461e-01
11.750	19.500	7.1646e-01
11.750	19.750	6.9446e-01
11.750	20.000	6.6776e-01
11.750	20.250	6.3473e-01
11.750	20.500	5.9263e-01
11.750	20.750	5.5038e-01
11.750	21.000	5.4416e-01
11.750	21.250	5.9976e-01
11.750	21.500	7.4481e-01
11.750	21.750	7.9976e-01
11.750	22.000	8.2528e-01
11.750	22.250	8.4086e-01
11.750	22.500	8.4717e-01
11.750	22.750	8.5033e-01
11.750	23.000	8.5134e-01
11.750	23.250	8.5174e-01
11.750	23.500	8.5179e-01
11.750	23.750	8.5182e-01
11.750	24.000	8.5183e-01
12.000	17.000	8.4224e-01
12.000	17.250	8.3632e-01
12.000	17.500	8.2821e-01
12.000	17.750	8.1775e-01
12.000	18.000	8.0545e-01
12.000	18.250	7.9295e-01
12.000	18.500	7.8175e-01
12.000	18.750	7.7262e-01
12.000	19.000	7.6405e-01
12.000	19.250	7.5133e-01
12.000	19.500	7.3502e-01
12.000	19.750	7.1597e-01
12.000	20.000	6.9216e-01
12.000	20.250	6.6301e-01
12.000	20.500	6.2594e-01
12.000	20.750	5.7819e-01
12.000	21.000	5.3148e-01
12.000	21.250	5.2618e-01
12.000	21.500	6.0329e-01
12.000	21.750	7.4174e-01
12.000	22.000	8.0046e-01
12.000	22.250	8.2521e-01
12.000	22.500	8.4005e-01
12.000	22.750	8.4719e-01
12.000	23.000	8.5003e-01
12.000	23.250	8.5124e-01
12.000	23.500	8.5172e-01
12.000	23.750	8.5178e-01
12.000	24.000	8.5181e-01
12.250	17.000	8.4346e-01
12.250	17.250	8.3768e-01
12.250	17.500	8.2958e-01
12.250	17.750	8.1919e-01
12.250	18.000	8.0777e-01
12.250	18.250	7.9754e-01
12.250	18.500	7.9006e-01
12.250	18.750	7.8315e-01
12.250	19.000	7.7506e-01
12.250	19.250	7.6438e-01
12.250	19.500	7.5103e-01
12.250	19.750	7.3447e-01
12.250	20.000	7.1389e-01
12.250	20.250	6.8851e-01
12.250	20.500	6.5593e-01
12.250	20.750	6.1400e-01
12.250	21.000	5.6032e-01
12.250	21.250	5.0977e-01
12.250	21.500	5.0841e-01
12.250	21.750	6.1255e-01
12.250	22.000	7.4146e-01
12.250	22.250	8.0253e-01
12.250	22.500	8.2475e-01
12.250	22.750	8.3987e-01
12.250	23.000	8.4659e-01
12.250	23.250	8.4980e-01
12.250	23.500	8.5113e-01
12.250	23.750	8.5169e-01
12.250	24.000	8.5177e-01
12.500	17.000	8.4545e-01
12.500	17.250	8.3989e-01
12.500	17.500	8.3280e-01
12.500	17.750	8.2369e-01
12.500	18.000	8.1323e-01
12.500	18.250	8.0432e-01
12.500	18.500	7.9769e-01
12.500	18.750	7.9094e-01
12.500	19.000	7.8352e-01
12.500	19.250	7.7464e-01
12.500	19.500	7.6398e-01
12.500	19.750	7.5001e-01
12.500	20.000	7.3260e-01
12.500	20.250	7.1011e-01
12.500	20.500	6.8236e-01
12.500	20.750	6.4602e-01
12.500	21.000	5.9813e-01
12.500	21.250	5.3763e-01
12.500	21.500	4.8399e-01
12.500	21.750	4.9624e-01
12.500	22.000	6.1828e-01
12.500	22.250	7.4929e-01
12.500	22.500	8.0372e-01
12.500	22.750	8.2596e-01
12.500	23.000	8.3926e-01
12.500	23.250	8.4593e-01
12.500	23.500	8.4948e-01
12.500	23.750	8.5100e-01
12.500	24.000	8.5165e-01
12.750	17.000	8.4747e-01
12.750	17.250	8.4351e-01
12.750	17.500	8.3699e-01
12.750	17.750	8.2979e-01
12.750	18.000	8.2121e-01
12.750	18.250	8.1286e-01
12.750	18.500	8.0473e-01
12.750	18.750	7.9743e-01
12.750	19.000	7.9054e-01
12.750	19.250	7.8286e-01
12.750	19.500	7.7403e-01
12.750	19.750	7.6249e-01
12.750	20.000	7.4802e-01
12.750	20.250	7.2919e-01
12.750	20.500	7.0439e-01
12.750	20.750	6.7263e-01
12.750	21.000	6.2968e-01
12.750	21.250	5.7285e-01
12.750	21.500	5.0700e-01
12.750	21.750	4.4940e-01
12.750	22.000	4.9303e-01
12.750	22.250	6.3131e-01
12.750	22.500	7.6329e-01
12.750	22.750	8.0339e-01
12.750	23.000	8.2655e-01
12.750	23.250	8.3922e-01
12.750	23.500	8.4556e-01
12.750	23.750	8.4912e-01
12.750	24.000	8.5084e-01
13.000	17.000	8.4997e-01
13.000	17.250	8.4826e-01
13.000	17.500	8.4359e-01
13.000	17.750	8.3676e-01
13.000	18.000	8.2986e-01
13.000	18.250	8.2136e-01
13.000	18.500	8.1263e-01
13.000	18.750	8.0380e-01
13.000	19.000	7.9670e-01
13.000	19.250	7.8944e-01
13.000	19.500	7.8221e-01
13.000	19.750	7.7238e-01
13.000	20.000	7.6017e-01
13.000	20.250	7.4418e-01
13.000	20.500	7.2228e-01
13.000	20.750	6.9432e-01
13.000	21.000	6.5614e-01
13.000	21.250	6.0328e-01
13.000	21.500	5.3702e-01
13.000	21.750	4.5311e-01
13.000	22.000	4.0040e-01
13.000	22.250	5.0261e-01
13.000	22.500	6.5740e-01
13.000	22.750	7.6701e-01
13.000	23.000	8.0314e-01
13.000	23.250	8.2700e-01
13.000	23.500	8.3883e-01
13.000	23.750	8.4514e-01
13.000	24.000	8.4873e-01
13.250	17.000	8.5070e-01
13.250	17.250	8.4982e-01
13.250	17.500	8.4796e-01
13.250	17.750	8.4446e-01
13.250	18.000	8.3857e-01
13.250	18.250	8.3201e-01
13.250	18.500	8.2165e-01
13.250	18.750	8.1219e-01
13.250	19.000	8.0334e-01
13.250	19.250	7.9566e-01
13.250	19.500	7.8854e-01
13.250	19.750	7.8042e-01
13.250	20.000	7.6999e-01
13.250	20.250	7.5613e-01
13.250	20.500	7.3786e-01
13.250	20.750	7.1172e-01
13.250	21.000	6.7684e-01
13.250	21.250	6.2629e-01
13.250	21.500	5.6163e-01
13.250	21.750	4.6877e-01
13.250	22.000	3.6797e-01
13.250	22.250	3.4046e-01
13.250	22.500	5.2320e-01
13.250	22.750	6.6315e-01
13.250	23.000	7.6036e-01
13.250	23.250	8.0205e-01
13.250	23.500	8.2643e-01
13.250	23.750	8.3810e-01
13.250	24.000	8.4460e-01
13.500	17.000	8.5114e-01
13.500	17.250	8.5061e-01
13.500	17.500	8.4959e-01
13.500	17.750	8.4764e-01
13.500	18.000	8.4407e-01
13.500	18.250	8.3830e-01
13.500	18.500	8.3156e-01
13.500	18.750	8.2193e-01
13.500	19.000	8.1167e-01
13.500	19.250	8.0190e-01
13.500	19.500	7.9422e-01
13.500	19.750	7.8662e-01
13.500	20.000	7.7757e-01
13.500	20.250	7.6563e-01
13.500	20.500	7.4934e-01
13.500	20.750	7.2643e-01
13.500	21.000	6.9333e-01
13.500	21.250	6.4474e-01
13.500	21.500	5.7957e-01
13.500	21.750	4.8035e-01
13.500	22.000	3.5610e-01
13.500	22.250	2.5611e-01
13.500	22.500	2.8207e-01
13.500	22.750	5.2662e-01
13.500	23.000	6.7167e-01
13.500	23.250	7.6034e-01
13.500	23.500	8.0083e-01
13.500	23.750	8.2513e-01
13.500	24.000	8.3683e-01
13.750	17.000	8.5141e-01
13.750	17.250	8.5107e-01
13.750	17.500	8.5045e-01
13.750	17.750	8.4944e-01
13.750	18.000	8.4733e-01
13.750	18.250	8.4370e-01
13.750	18.500	8.3847e-01
13.750	18.750	8.3168e-01
13.750	19.000	8.2173e-01
13.750	19.250	8.1077e-01
13.750	19.500	8.0047e-01
13.750	19.750	7.9212e-01
13.750	20.000	7.8368e-01
13.750	20.250	7.7310e-01
13.750	20.500	7.5848e-01
13.750	20.750	7.3752e-01
13.750	21.000	7.0622e-01
13.750	21.250	6.5987e-01
13.750	21.500	5.9363e-01
13.750	21.750	4.8917e-01
13.750	22.000	3.4858e-01
13.750	22.250	2.1760e-01
13.750	22.500	1.5235e-01
13.750	22.750	2.4012e-01
13.750	23.000	5.3762e-01
13.750	23.250	6.7393e-01
13.750	23.500	7.5737e-01
13.750	23.750	7.9648e-01
13.750	24.000	8.2239e-01
14.000	17.000	8.5157e-01
14.000	17.250	8.5137e-01
14.000	17.500	8.5098e-01
14.000	17.750	8.5036e-01
14.000	18.000	8.4930e-01
14.000	18.250	8.4727e-01
14.000	18.500	8.4384e-01
14.000	18.750	8.3851e-01
14.000	19.000	8.3068e-01
14.000	19.250	8.2131e-01
14.000	19.500	8.0992e-01
14.000	19.750	7.9858e-01
14.000	20.000	7.8929e-01
14.000	20.250	7.7918e-01
14.000	20.500	7.6566e-01
14.000	20.750	7.4614e-01
14.000	21.000	7.1678e-01
14.000	21.250	6.7092e-01
14.000	21.500	6.0440e-01
14.000	21.750	4.9432e-01
14.000	22.000	3.4191e-01
14.000	22.250	1.9559e-01
14.000	22.500	1.0787e-01
14.000	22.750	8.1893e-02
14.000	23.000	2.2246e-01
14.000	23.250	5.4162e-01
14.000	23.500	6.7293e-01
14.000	23.750	7.4843e-01
14.000	24.000	7.8790e-01
