nFnu 1410.00A  relative to Inci 1215.00A scaled to 1215A.
Hden   Phi(H)  Eq_Width (A)
 7.000	17.000	1.4464e-01
 7.000	17.250	1.3529e-01
 7.000	17.500	1.3261e-01
 7.000	17.750	1.1924e-01
 7.000	18.000	1.0093e-01
 7.000	18.250	8.9569e-02
 7.000	18.500	8.2703e-02
 7.000	18.750	7.9682e-02
 7.000	19.000	7.8159e-02
 7.000	19.250	7.7283e-02
 7.000	19.500	7.6920e-02
 7.000	19.750	7.6768e-02
 7.000	20.000	7.6702e-02
 7.000	20.250	7.6672e-02
 7.000	20.500	7.6656e-02
 7.000	20.750	7.6648e-02
 7.000	21.000	7.6644e-02
 7.000	21.250	7.6642e-02
 7.000	21.500	7.6641e-02
 7.000	21.750	7.6640e-02
 7.000	22.000	7.6640e-02
 7.000	22.250	7.6640e-02
 7.000	22.500	7.6640e-02
 7.000	22.750	7.6649e-02
 7.000	23.000	7.6642e-02
 7.000	23.250	7.6643e-02
 7.000	23.500	7.6643e-02
 7.000	23.750	7.6643e-02
 7.000	24.000	7.6644e-02
 7.250	17.000	1.5262e-01
 7.250	17.250	1.4300e-01
 7.250	17.500	1.3442e-01
 7.250	17.750	1.3237e-01
 7.250	18.000	1.1904e-01
 7.250	18.250	1.0083e-01
 7.250	18.500	8.9524e-02
 7.250	18.750	8.2687e-02
 7.250	19.000	7.9676e-02
 7.250	19.250	7.8157e-02
 7.250	19.500	7.7283e-02
 7.250	19.750	7.6920e-02
 7.250	20.000	7.6768e-02
 7.250	20.250	7.6702e-02
 7.250	20.500	7.6672e-02
 7.250	20.750	7.6656e-02
 7.250	21.000	7.6648e-02
 7.250	21.250	7.6644e-02
 7.250	21.500	7.6641e-02
 7.250	21.750	7.6640e-02
 7.250	22.000	7.6640e-02
 7.250	22.250	7.6639e-02
 7.250	22.500	7.6639e-02
 7.250	22.750	7.6639e-02
 7.250	23.000	7.6639e-02
 7.250	23.250	7.6640e-02
 7.250	23.500	7.6640e-02
 7.250	23.750	7.6640e-02
 7.250	24.000	7.6640e-02
 7.500	17.000	1.6128e-01
 7.500	17.250	1.5033e-01
 7.500	17.500	1.4139e-01
 7.500	17.750	1.3358e-01
 7.500	18.000	1.3225e-01
 7.500	18.250	1.1892e-01
 7.500	18.500	1.0076e-01
 7.500	18.750	8.9495e-02
 7.500	19.000	8.2677e-02
 7.500	19.250	7.9672e-02
 7.500	19.500	7.8155e-02
 7.500	19.750	7.7283e-02
 7.500	20.000	7.6920e-02
 7.500	20.250	7.6768e-02
 7.500	20.500	7.6702e-02
 7.500	20.750	7.6672e-02
 7.500	21.000	7.6656e-02
 7.500	21.250	7.6648e-02
 7.500	21.500	7.6644e-02
 7.500	21.750	7.6641e-02
 7.500	22.000	7.6640e-02
 7.500	22.250	7.6639e-02
 7.500	22.500	7.6639e-02
 7.500	22.750	7.6639e-02
 7.500	23.000	7.6639e-02
 7.500	23.250	7.6639e-02
 7.500	23.500	7.6639e-02
 7.500	23.750	7.6639e-02
 7.500	24.000	7.6639e-02
 7.750	17.000	1.6826e-01
 7.750	17.250	1.5906e-01
 7.750	17.500	1.4800e-01
 7.750	17.750	1.3981e-01
 7.750	18.000	1.3297e-01
 7.750	18.250	1.3223e-01
 7.750	18.500	1.1885e-01
 7.750	18.750	1.0072e-01
 7.750	19.000	8.9475e-02
 7.750	19.250	8.2671e-02
 7.750	19.500	7.9669e-02
 7.750	19.750	7.8154e-02
 7.750	20.000	7.7282e-02
 7.750	20.250	7.6920e-02
 7.750	20.500	7.6768e-02
 7.750	20.750	7.6702e-02
 7.750	21.000	7.6671e-02
 7.750	21.250	7.6656e-02
 7.750	21.500	7.6648e-02
 7.750	21.750	7.6644e-02
 7.750	22.000	7.6641e-02
 7.750	22.250	7.6640e-02
 7.750	22.500	7.6639e-02
 7.750	22.750	7.6639e-02
 7.750	23.000	7.6639e-02
 7.750	23.250	7.6639e-02
 7.750	23.500	7.6638e-02
 7.750	23.750	7.6639e-02
 7.750	24.000	7.6638e-02
 8.000	17.000	1.7150e-01
 8.000	17.250	1.6589e-01
 8.000	17.500	1.5658e-01
 8.000	17.750	1.4541e-01
 8.000	18.000	1.3803e-01
 8.000	18.250	1.3253e-01
 8.000	18.500	1.3219e-01
 8.000	18.750	1.1882e-01
 8.000	19.000	1.0070e-01
 8.000	19.250	8.9461e-02
 8.000	19.500	8.2666e-02
 8.000	19.750	7.9668e-02
 8.000	20.000	7.8154e-02
 8.000	20.250	7.7282e-02
 8.000	20.500	7.6919e-02
 8.000	20.750	7.6768e-02
 8.000	21.000	7.6702e-02
 8.000	21.250	7.6671e-02
 8.000	21.500	7.6656e-02
 8.000	21.750	7.6648e-02
 8.000	22.000	7.6644e-02
 8.000	22.250	7.6641e-02
 8.000	22.500	7.6640e-02
 8.000	22.750	7.6639e-02
 8.000	23.000	7.6639e-02
 8.000	23.250	7.6639e-02
 8.000	23.500	7.6638e-02
 8.000	23.750	7.6638e-02
 8.000	24.000	7.6639e-02
 8.250	17.000	1.7310e-01
 8.250	17.250	1.6986e-01
 8.250	17.500	1.6417e-01
 8.250	17.750	1.5441e-01
 8.250	18.000	1.4270e-01
 8.250	18.250	1.3616e-01
 8.250	18.500	1.3231e-01
 8.250	18.750	1.3229e-01
 8.250	19.000	1.1881e-01
 8.250	19.250	1.0068e-01
 8.250	19.500	8.9450e-02
 8.250	19.750	8.2663e-02
 8.250	20.000	7.9667e-02
 8.250	20.250	7.8153e-02
 8.250	20.500	7.7282e-02
 8.250	20.750	7.6919e-02
 8.250	21.000	7.6768e-02
 8.250	21.250	7.6702e-02
 8.250	21.500	7.6672e-02
 8.250	21.750	7.6656e-02
 8.250	22.000	7.6648e-02
 8.250	22.250	7.6644e-02
 8.250	22.500	7.6641e-02
 8.250	22.750	7.6640e-02
 8.250	23.000	7.6640e-02
 8.250	23.250	7.6639e-02
 8.250	23.500	7.6638e-02
 8.250	23.750	7.6638e-02
 8.250	24.000	7.6639e-02
 8.500	17.000	1.7373e-01
 8.500	17.250	1.7180e-01
 8.500	17.500	1.6850e-01
 8.500	17.750	1.6226e-01
 8.500	18.000	1.5163e-01
 8.500	18.250	1.3919e-01
 8.500	18.500	1.3405e-01
 8.500	18.750	1.3219e-01
 8.500	19.000	1.3245e-01
 8.500	19.250	1.1880e-01
 8.500	19.500	1.0066e-01
 8.500	19.750	8.9439e-02
 8.500	20.000	8.2661e-02
 8.500	20.250	7.9666e-02
 8.500	20.500	7.8153e-02
 8.500	20.750	7.7282e-02
 8.500	21.000	7.6919e-02
 8.500	21.250	7.6768e-02
 8.500	21.500	7.6702e-02
 8.500	21.750	7.6672e-02
 8.500	22.000	7.6656e-02
 8.500	22.250	7.6648e-02
 8.500	22.500	7.6644e-02
 8.500	22.750	7.6641e-02
 8.500	23.000	7.6640e-02
 8.500	23.250	7.6639e-02
 8.500	23.500	7.6639e-02
 8.500	23.750	7.6638e-02
 8.500	24.000	7.6638e-02
 8.750	17.000	1.7393e-01
 8.750	17.250	1.7279e-01
 8.750	17.500	1.7078e-01
 8.750	17.750	1.6703e-01
 8.750	18.000	1.5967e-01
 8.750	18.250	1.4714e-01
 8.750	18.500	1.3547e-01
 8.750	18.750	1.3220e-01
 8.750	19.000	1.3207e-01
 8.750	19.250	1.3261e-01
 8.750	19.500	1.1880e-01
 8.750	19.750	1.0065e-01
 8.750	20.000	8.9430e-02
 8.750	20.250	8.2658e-02
 8.750	20.500	7.9666e-02
 8.750	20.750	7.8153e-02
 8.750	21.000	7.7282e-02
 8.750	21.250	7.6919e-02
 8.750	21.500	7.6768e-02
 8.750	21.750	7.6702e-02
 8.750	22.000	7.6672e-02
 8.750	22.250	7.6656e-02
 8.750	22.500	7.6648e-02
 8.750	22.750	7.6644e-02
 8.750	23.000	7.6641e-02
 8.750	23.250	7.6640e-02
 8.750	23.500	7.6639e-02
 8.750	23.750	7.6639e-02
 8.750	24.000	7.6639e-02
 9.000	17.000	1.7375e-01
 9.000	17.250	1.7327e-01
 9.000	17.500	1.7207e-01
 9.000	17.750	1.6967e-01
 9.000	18.000	1.6474e-01
 9.000	18.250	1.5531e-01
 9.000	18.500	1.4154e-01
 9.000	18.750	1.3134e-01
 9.000	19.000	1.3041e-01
 9.000	19.250	1.3183e-01
 9.000	19.500	1.3276e-01
 9.000	19.750	1.1880e-01
 9.000	20.000	1.0063e-01
 9.000	20.250	8.9420e-02
 9.000	20.500	8.2656e-02
 9.000	20.750	7.9666e-02
 9.000	21.000	7.8153e-02
 9.000	21.250	7.7282e-02
 9.000	21.500	7.6919e-02
 9.000	21.750	7.6768e-02
 9.000	22.000	7.6702e-02
 9.000	22.250	7.6671e-02
 9.000	22.500	7.6656e-02
 9.000	22.750	7.6648e-02
 9.000	23.000	7.6644e-02
 9.000	23.250	7.6641e-02
 9.000	23.500	7.6640e-02
 9.000	23.750	7.6639e-02
 9.000	24.000	7.6639e-02
 9.250	17.000	1.7314e-01
 9.250	17.250	1.7326e-01
 9.250	17.500	1.7277e-01
 9.250	17.750	1.7124e-01
 9.250	18.000	1.6780e-01
 9.250	18.250	1.6088e-01
 9.250	18.500	1.4977e-01
 9.250	18.750	1.3649e-01
 9.250	19.000	1.2918e-01
 9.250	19.250	1.3036e-01
 9.250	19.500	1.3142e-01
 9.250	19.750	1.3286e-01
 9.250	20.000	1.1880e-01
 9.250	20.250	1.0061e-01
 9.250	20.500	8.9412e-02
 9.250	20.750	8.2655e-02
 9.250	21.000	7.9666e-02
 9.250	21.250	7.8153e-02
 9.250	21.500	7.7274e-02
 9.250	21.750	7.6882e-02
 9.250	22.000	7.6728e-02
 9.250	22.250	7.6665e-02
 9.250	22.500	7.6671e-02
 9.250	22.750	7.6656e-02
 9.250	23.000	7.6648e-02
 9.250	23.250	7.6643e-02
 9.250	23.500	7.6641e-02
 9.250	23.750	7.6640e-02
 9.250	24.000	7.6639e-02
 9.500	17.000	1.7200e-01
 9.500	17.250	1.7268e-01
 9.500	17.500	1.7288e-01
 9.500	17.750	1.7218e-01
 9.500	18.000	1.6970e-01
 9.500	18.250	1.6443e-01
 9.500	18.500	1.5606e-01
 9.500	18.750	1.4434e-01
 9.500	19.000	1.3169e-01
 9.500	19.250	1.2858e-01
 9.500	19.500	1.3222e-01
 9.500	19.750	1.3123e-01
 9.500	20.000	1.3292e-01
 9.500	20.250	1.1879e-01
 9.500	20.500	1.0060e-01
 9.500	20.750	8.9403e-02
 9.500	21.000	8.2642e-02
 9.500	21.250	7.9632e-02
 9.500	21.500	7.8112e-02
 9.500	21.750	7.7236e-02
 9.500	22.000	7.6858e-02
 9.500	22.250	7.6695e-02
 9.500	22.500	7.6632e-02
 9.500	22.750	7.6602e-02
 9.500	23.000	7.6586e-02
 9.500	23.250	7.6577e-02
 9.500	23.500	7.6596e-02
 9.500	23.750	7.6594e-02
 9.500	24.000	7.6592e-02
 9.750	17.000	1.7032e-01
 9.750	17.250	1.7136e-01
 9.750	17.500	1.7223e-01
 9.750	17.750	1.7238e-01
 9.750	18.000	1.7091e-01
 9.750	18.250	1.6699e-01
 9.750	18.500	1.6034e-01
 9.750	18.750	1.5078e-01
 9.750	19.000	1.3883e-01
 9.750	19.250	1.2902e-01
 9.750	19.500	1.2882e-01
 9.750	19.750	1.3418e-01
 9.750	20.000	1.3140e-01
 9.750	20.250	1.3288e-01
 9.750	20.500	1.1877e-01
 9.750	20.750	1.0059e-01
 9.750	21.000	8.9395e-02
 9.750	21.250	8.2647e-02
 9.750	21.500	7.9652e-02
 9.750	21.750	7.8116e-02
 9.750	22.000	7.7240e-02
 9.750	22.250	7.6867e-02
 9.750	22.500	7.6702e-02
 9.750	22.750	7.6629e-02
 9.750	23.000	7.6600e-02
 9.750	23.250	7.6586e-02
 9.750	23.500	7.6578e-02
 9.750	23.750	7.6574e-02
 9.750	24.000	7.6572e-02
10.000	17.000	1.6822e-01
10.000	17.250	1.6940e-01
10.000	17.500	1.7069e-01
10.000	17.750	1.7168e-01
10.000	18.000	1.7140e-01
10.000	18.250	1.6878e-01
10.000	18.500	1.6339e-01
10.000	18.750	1.5532e-01
10.000	19.000	1.4494e-01
10.000	19.250	1.3324e-01
10.000	19.500	1.2692e-01
10.000	19.750	1.3107e-01
10.000	20.000	1.3600e-01
10.000	20.250	1.3200e-01
10.000	20.500	1.3300e-01
10.000	20.750	1.1875e-01
10.000	21.000	1.0057e-01
10.000	21.250	8.9389e-02
10.000	21.500	8.2647e-02
10.000	21.750	7.9661e-02
10.000	22.000	7.8130e-02
10.000	22.250	7.7242e-02
10.000	22.500	7.6873e-02
10.000	22.750	7.6712e-02
10.000	23.000	7.6637e-02
10.000	23.250	7.6601e-02
10.000	23.500	7.6583e-02
10.000	23.750	7.6575e-02
10.000	24.000	7.6571e-02
10.250	17.000	1.6644e-01
10.250	17.250	1.6703e-01
10.250	17.500	1.6851e-01
10.250	17.750	1.7009e-01
10.250	18.000	1.7091e-01
10.250	18.250	1.6953e-01
10.250	18.500	1.6517e-01
10.250	18.750	1.5803e-01
10.250	19.000	1.4871e-01
10.250	19.250	1.3818e-01
10.250	19.500	1.3009e-01
10.250	19.750	1.2822e-01
10.250	20.000	1.3557e-01
10.250	20.250	1.3595e-01
10.250	20.500	1.3322e-01
10.250	20.750	1.3344e-01
10.250	21.000	1.1872e-01
10.250	21.250	1.0056e-01
10.250	21.500	8.9383e-02
10.250	21.750	8.2646e-02
10.250	22.000	7.9664e-02
10.250	22.250	7.8146e-02
10.250	22.500	7.7243e-02
10.250	22.750	7.6877e-02
10.250	23.000	7.6720e-02
10.250	23.250	7.6647e-02
10.250	23.500	7.6611e-02
10.250	23.750	7.6592e-02
10.250	24.000	7.6583e-02
10.500	17.000	1.6525e-01
10.500	17.250	1.6510e-01
10.500	17.500	1.6604e-01
10.500	17.750	1.6793e-01
10.500	18.000	1.6930e-01
10.500	18.250	1.6857e-01
10.500	18.500	1.6522e-01
10.500	18.750	1.5924e-01
10.500	19.000	1.5186e-01
10.500	19.250	1.4414e-01
10.500	19.500	1.3648e-01
10.500	19.750	1.3047e-01
10.500	20.000	1.3022e-01
10.500	20.250	1.3948e-01
10.500	20.500	1.3749e-01
10.500	20.750	1.3523e-01
10.500	21.000	1.3451e-01
10.500	21.250	1.1870e-01
10.500	21.500	1.0055e-01
10.500	21.750	8.9378e-02
10.500	22.000	8.2643e-02
10.500	22.250	7.9664e-02
10.500	22.500	7.8151e-02
10.500	22.750	7.7250e-02
10.500	23.000	7.6879e-02
10.500	23.250	7.6724e-02
10.500	23.500	7.6654e-02
10.500	23.750	7.6620e-02
10.500	24.000	7.6602e-02
10.750	17.000	1.6474e-01
10.750	17.250	1.6396e-01
10.750	17.500	1.6416e-01
10.750	17.750	1.6546e-01
10.750	18.000	1.6656e-01
10.750	18.250	1.6593e-01
10.750	18.500	1.6320e-01
10.750	18.750	1.5865e-01
10.750	19.000	1.5347e-01
10.750	19.250	1.4811e-01
10.750	19.500	1.4210e-01
10.750	19.750	1.3544e-01
10.750	20.000	1.3028e-01
10.750	20.250	1.3092e-01
10.750	20.500	1.4223e-01
10.750	20.750	1.4006e-01
10.750	21.000	1.3784e-01
10.750	21.250	1.3634e-01
10.750	21.500	1.1870e-01
10.750	21.750	1.0054e-01
10.750	22.000	8.9373e-02
10.750	22.250	8.2640e-02
10.750	22.500	7.9665e-02
10.750	22.750	7.8153e-02
10.750	23.000	7.7269e-02
10.750	23.250	7.6880e-02
10.750	23.500	7.6727e-02
10.750	23.750	7.6659e-02
10.750	24.000	7.6626e-02
11.000	17.000	1.6476e-01
11.000	17.250	1.6365e-01
11.000	17.500	1.6309e-01
11.000	17.750	1.6310e-01
11.000	18.000	1.6298e-01
11.000	18.250	1.6166e-01
11.000	18.500	1.5902e-01
11.000	18.750	1.5579e-01
11.000	19.000	1.5278e-01
11.000	19.250	1.4972e-01
11.000	19.500	1.4589e-01
11.000	19.750	1.4061e-01
11.000	20.000	1.3418e-01
11.000	20.250	1.2930e-01
11.000	20.500	1.3099e-01
11.000	20.750	1.4352e-01
11.000	21.000	1.4528e-01
11.000	21.250	1.4228e-01
11.000	21.500	1.3963e-01
11.000	21.750	1.1873e-01
11.000	22.000	1.0053e-01
11.000	22.250	8.9371e-02
11.000	22.500	8.2637e-02
11.000	22.750	7.9664e-02
11.000	23.000	7.8154e-02
11.000	23.250	7.7278e-02
11.000	23.500	7.6886e-02
11.000	23.750	7.6729e-02
11.000	24.000	7.6661e-02
11.250	17.000	1.6543e-01
11.250	17.250	1.6393e-01
11.250	17.500	1.6254e-01
11.250	17.750	1.6105e-01
11.250	18.000	1.5905e-01
11.250	18.250	1.5619e-01
11.250	18.500	1.5326e-01
11.250	18.750	1.5117e-01
11.250	19.000	1.5016e-01
11.250	19.250	1.4921e-01
11.250	19.500	1.4738e-01
11.250	19.750	1.4421e-01
11.250	20.000	1.3924e-01
11.250	20.250	1.3288e-01
11.250	20.500	1.2836e-01
11.250	20.750	1.3160e-01
11.250	21.000	1.4801e-01
11.250	21.250	1.5131e-01
11.250	21.500	1.4924e-01
11.250	21.750	1.4370e-01
11.250	22.000	1.1878e-01
11.250	22.250	1.0052e-01
11.250	22.500	8.9371e-02
11.250	22.750	8.2633e-02
11.250	23.000	7.9664e-02
11.250	23.250	7.8154e-02
11.250	23.500	7.7281e-02
11.250	23.750	7.6905e-02
11.250	24.000	7.6731e-02
11.500	17.000	1.6693e-01
11.500	17.250	1.6462e-01
11.500	17.500	1.6218e-01
11.500	17.750	1.5913e-01
11.500	18.000	1.5493e-01
11.500	18.250	1.5008e-01
11.500	18.500	1.4647e-01
11.500	18.750	1.4525e-01
11.500	19.000	1.4598e-01
11.500	19.250	1.4677e-01
11.500	19.500	1.4685e-01
11.500	19.750	1.4577e-01
11.500	20.000	1.4313e-01
11.500	20.250	1.3836e-01
11.500	20.500	1.3208e-01
11.500	20.750	1.2821e-01
11.500	21.000	1.3230e-01
11.500	21.250	1.5359e-01
11.500	21.500	1.6058e-01
11.500	21.750	1.5978e-01
11.500	22.000	1.4676e-01
11.500	22.250	1.1885e-01
11.500	22.500	1.0051e-01
11.500	22.750	8.9374e-02
11.500	23.000	8.2629e-02
11.500	23.250	7.9663e-02
11.500	23.500	7.8154e-02
11.500	23.750	7.7282e-02
11.500	24.000	7.6915e-02
11.750	17.000	1.6938e-01
11.750	17.250	1.6570e-01
11.750	17.500	1.6179e-01
11.750	17.750	1.5688e-01
11.750	18.000	1.5033e-01
11.750	18.250	1.4389e-01
11.750	18.500	1.3985e-01
11.750	18.750	1.3921e-01
11.750	19.000	1.4071e-01
11.750	19.250	1.4300e-01
11.750	19.500	1.4465e-01
11.750	19.750	1.4541e-01
11.750	20.000	1.4498e-01
11.750	20.250	1.4278e-01
11.750	20.500	1.3817e-01
11.750	20.750	1.3217e-01
11.750	21.000	1.3025e-01
11.750	21.250	1.3897e-01
11.750	21.500	1.6219e-01
11.750	21.750	1.7419e-01
11.750	22.000	1.7195e-01
11.750	22.250	1.4789e-01
11.750	22.500	1.1892e-01
11.750	22.750	1.0049e-01
11.750	23.000	8.9378e-02
11.750	23.250	8.2625e-02
11.750	23.500	7.9661e-02
11.750	23.750	7.8154e-02
11.750	24.000	7.7282e-02
12.000	17.000	1.7244e-01
12.000	17.250	1.6703e-01
12.000	17.500	1.6097e-01
12.000	17.750	1.5358e-01
12.000	18.000	1.4505e-01
12.000	18.250	1.3795e-01
12.000	18.500	1.3424e-01
12.000	18.750	1.3351e-01
12.000	19.000	1.3508e-01
12.000	19.250	1.3812e-01
12.000	19.500	1.4123e-01
12.000	19.750	1.4350e-01
12.000	20.000	1.4494e-01
12.000	20.250	1.4513e-01
12.000	20.500	1.4337e-01
12.000	20.750	1.3921e-01
12.000	21.000	1.3485e-01
12.000	21.250	1.3661e-01
12.000	21.500	1.4961e-01
12.000	21.750	1.7611e-01
12.000	22.000	1.9120e-01
12.000	22.250	1.8241e-01
12.000	22.500	1.4869e-01
12.000	22.750	1.1902e-01
12.000	23.000	1.0045e-01
12.000	23.250	8.9378e-02
12.000	23.500	8.2623e-02
12.000	23.750	7.9659e-02
12.000	24.000	7.8154e-02
12.250	17.000	1.5885e-01
12.250	17.250	1.6773e-01
12.250	17.500	1.5891e-01
12.250	17.750	1.4865e-01
12.250	18.000	1.3903e-01
12.250	18.250	1.3243e-01
12.250	18.500	1.2924e-01
12.250	18.750	1.2879e-01
12.250	19.000	1.3004e-01
12.250	19.250	1.3292e-01
12.250	19.500	1.3683e-01
12.250	19.750	1.4053e-01
12.250	20.000	1.4335e-01
12.250	20.250	1.4545e-01
12.250	20.500	1.4623e-01
12.250	20.750	1.4532e-01
12.250	21.000	1.4339e-01
12.250	21.250	1.4188e-01
12.250	21.500	1.4690e-01
12.250	21.750	1.6623e-01
12.250	22.000	1.9523e-01
12.250	22.250	2.1225e-01
12.250	22.500	1.8958e-01
12.250	22.750	1.4939e-01
12.250	23.000	1.1902e-01
12.250	23.250	1.0041e-01
12.250	23.500	8.9376e-02
12.250	23.750	8.2611e-02
12.250	24.000	7.9656e-02
12.500	17.000	9.6365e-02
12.500	17.250	1.5554e-01
12.500	17.500	1.5396e-01
12.500	17.750	1.4209e-01
12.500	18.000	1.3240e-01
12.500	18.250	1.2587e-01
12.500	18.500	1.2428e-01
12.500	18.750	1.2454e-01
12.500	19.000	1.2587e-01
12.500	19.250	1.2830e-01
12.500	19.500	1.3206e-01
12.500	19.750	1.3654e-01
12.500	20.000	1.4075e-01
12.500	20.250	1.4417e-01
12.500	20.500	1.4693e-01
12.500	20.750	1.4909e-01
12.500	21.000	1.5060e-01
12.500	21.250	1.5090e-01
12.500	21.500	1.5303e-01
12.500	21.750	1.6288e-01
12.500	22.000	1.8847e-01
12.500	22.250	2.2074e-01
12.500	22.500	2.3168e-01
12.500	22.750	1.9487e-01
12.500	23.000	1.4996e-01
12.500	23.250	1.1909e-01
12.500	23.500	1.0035e-01
12.500	23.750	8.9364e-02
12.500	24.000	8.2604e-02
12.750	17.000	5.7963e-02
12.750	17.250	9.6852e-02
12.750	17.500	1.4247e-01
12.750	17.750	1.3256e-01
12.750	18.000	1.2261e-01
12.750	18.250	1.1896e-01
12.750	18.500	1.1876e-01
12.750	18.750	1.1993e-01
12.750	19.000	1.2192e-01
12.750	19.250	1.2441e-01
12.750	19.500	1.2774e-01
12.750	19.750	1.3217e-01
12.750	20.000	1.3712e-01
12.750	20.250	1.4186e-01
12.750	20.500	1.4613e-01
12.750	20.750	1.5010e-01
12.750	21.000	1.5436e-01
12.750	21.250	1.5924e-01
12.750	21.500	1.6304e-01
12.750	21.750	1.6867e-01
12.750	22.000	1.8837e-01
12.750	22.250	2.1689e-01
12.750	22.500	2.5593e-01
12.750	22.750	2.4652e-01
12.750	23.000	1.9855e-01
12.750	23.250	1.5059e-01
12.750	23.500	1.1907e-01
12.750	23.750	1.0028e-01
12.750	24.000	8.9336e-02
13.000	17.000	1.8516e-02
13.000	17.250	2.7575e-02
13.000	17.500	6.3938e-02
13.000	17.750	9.8695e-02
13.000	18.000	1.0626e-01
13.000	18.250	1.1179e-01
13.000	18.500	1.1227e-01
13.000	18.750	1.1443e-01
13.000	19.000	1.1733e-01
13.000	19.250	1.2052e-01
13.000	19.500	1.2393e-01
13.000	19.750	1.2804e-01
13.000	20.000	1.3291e-01
13.000	20.250	1.3847e-01
13.000	20.500	1.4420e-01
13.000	20.750	1.4949e-01
13.000	21.000	1.5547e-01
13.000	21.250	1.6323e-01
13.000	21.500	1.7120e-01
13.000	21.750	1.7902e-01
13.000	22.000	1.9058e-01
13.000	22.250	2.2085e-01
13.000	22.500	2.5003e-01
13.000	22.750	2.8520e-01
13.000	23.000	2.5609e-01
13.000	23.250	2.0149e-01
13.000	23.500	1.5101e-01
13.000	23.750	1.1903e-01
13.000	24.000	1.0019e-01
13.250	17.000	1.4562e-02
13.250	17.250	1.8091e-02
13.250	17.500	2.8585e-02
13.250	17.750	4.9095e-02
13.250	18.000	7.7523e-02
13.250	18.250	9.0552e-02
13.250	18.500	1.0532e-01
13.250	18.750	1.0786e-01
13.250	19.000	1.1161e-01
13.250	19.250	1.1579e-01
13.250	19.500	1.1996e-01
13.250	19.750	1.2434e-01
13.250	20.000	1.2898e-01
13.250	20.250	1.3435e-01
13.250	20.500	1.4045e-01
13.250	20.750	1.4681e-01
13.250	21.000	1.5473e-01
13.250	21.250	1.6252e-01
13.250	21.500	1.7193e-01
13.250	21.750	1.7694e-01
13.250	22.000	1.9157e-01
13.250	22.250	2.0783e-01
13.250	22.500	2.5612e-01
13.250	22.750	2.7148e-01
13.250	23.000	2.9684e-01
13.250	23.250	2.6348e-01
13.250	23.500	2.0360e-01
13.250	23.750	1.5133e-01
13.250	24.000	1.1890e-01
13.500	17.000	1.2275e-02
13.500	17.250	1.4527e-02
13.500	17.500	2.0617e-02
13.500	17.750	3.2151e-02
13.500	18.000	5.3246e-02
13.500	18.250	7.8155e-02
13.500	18.500	8.8854e-02
13.500	18.750	1.0085e-01
13.500	19.000	1.0488e-01
13.500	19.250	1.0983e-01
13.500	19.500	1.1503e-01
13.500	19.750	1.2012e-01
13.500	20.000	1.2532e-01
13.500	20.250	1.3090e-01
13.500	20.500	1.3679e-01
13.500	20.750	1.4311e-01
13.500	21.000	1.4971e-01
13.500	21.250	1.5729e-01
13.500	21.500	1.6528e-01
13.500	21.750	1.7083e-01
13.500	22.000	1.7802e-01
13.500	22.250	2.0199e-01
13.500	22.500	2.4092e-01
13.500	22.750	2.9275e-01
13.500	23.000	3.0513e-01
13.500	23.250	3.0765e-01
13.500	23.500	2.6937e-01
13.500	23.750	2.0568e-01
13.500	24.000	1.5151e-01
13.750	17.000	1.0807e-02
13.750	17.250	1.3013e-02
13.750	17.500	1.7200e-02
13.750	17.750	2.2994e-02
13.750	18.000	3.6987e-02
13.750	18.250	5.8103e-02
13.750	18.500	7.6645e-02
13.750	18.750	8.7616e-02
13.750	19.000	9.7787e-02
13.750	19.250	1.0293e-01
13.750	19.500	1.0888e-01
13.750	19.750	1.1496e-01
13.750	20.000	1.2102e-01
13.750	20.250	1.2720e-01
13.750	20.500	1.3372e-01
13.750	20.750	1.4035e-01
13.750	21.000	1.4681e-01
13.750	21.250	1.5278e-01
13.750	21.500	1.5836e-01
13.750	21.750	1.6274e-01
13.750	22.000	1.6773e-01
13.750	22.250	1.8066e-01
13.750	22.500	2.1234e-01
13.750	22.750	2.7999e-01
13.750	23.000	3.4730e-01
13.750	23.250	3.4255e-01
13.750	23.500	3.2236e-01
13.750	23.750	2.7803e-01
13.750	24.000	2.0708e-01
14.000	17.000	1.0011e-02
14.000	17.250	1.1692e-02
14.000	17.500	1.5227e-02
14.000	17.750	1.9516e-02
14.000	18.000	2.6382e-02
14.000	18.250	3.9875e-02
14.000	18.500	5.7186e-02
14.000	18.750	7.5229e-02
14.000	19.000	8.9843e-02
14.000	19.250	9.5597e-02
14.000	19.500	1.0170e-01
14.000	19.750	1.0864e-01
14.000	20.000	1.1568e-01
14.000	20.250	1.2275e-01
14.000	20.500	1.3006e-01
14.000	20.750	1.3757e-01
14.000	21.000	1.4504e-01
14.000	21.250	1.5195e-01
14.000	21.500	1.5704e-01
14.000	21.750	1.6102e-01
14.000	22.000	1.6419e-01
14.000	22.250	1.7166e-01
14.000	22.500	1.9469e-01
14.000	22.750	2.4794e-01
14.000	23.000	3.5186e-01
14.000	23.250	4.1943e-01
14.000	23.500	3.8969e-01
14.000	23.750	3.5044e-01
14.000	24.000	2.8865e-01
