O  3 1666.00A  relative to Inci 1215.00A scaled to 1215A.
Hden   Phi(H)  Eq_Width (A)
 7.000	17.000	1.2943e-02
 7.000	17.250	1.1924e-02
 7.000	17.500	5.5893e-04
 7.000	17.750	1.0000e-07
 7.000	18.000	1.0000e-07
 7.000	18.250	1.0000e-07
 7.000	18.500	1.0000e-07
 7.000	18.750	1.0000e-07
 7.000	19.000	1.0000e-07
 7.000	19.250	1.0000e-07
 7.000	19.500	1.0000e-07
 7.000	19.750	1.0000e-07
 7.000	20.000	1.0000e-07
 7.000	20.250	1.0000e-07
 7.000	20.500	1.0000e-07
 7.000	20.750	1.0000e-07
 7.000	21.000	1.0000e-07
 7.000	21.250	1.0000e-07
 7.000	21.500	1.0000e-07
 7.000	21.750	1.0000e-07
 7.000	22.000	1.0000e-07
 7.000	22.250	1.0000e-07
 7.000	22.500	1.0000e-07
 7.000	22.750	1.0000e-07
 7.000	23.000	1.0000e-07
 7.000	23.250	1.0000e-07
 7.000	23.500	1.0000e-07
 7.000	23.750	1.0000e-07
 7.000	24.000	1.0000e-07
 7.250	17.000	1.5035e-02
 7.250	17.250	1.3626e-02
 7.250	17.500	1.2205e-02
 7.250	17.750	5.3613e-04
 7.250	18.000	1.0000e-07
 7.250	18.250	1.0000e-07
 7.250	18.500	1.0000e-07
 7.250	18.750	1.0000e-07
 7.250	19.000	1.0000e-07
 7.250	19.250	1.0000e-07
 7.250	19.500	1.0000e-07
 7.250	19.750	1.0000e-07
 7.250	20.000	1.0000e-07
 7.250	20.250	1.0000e-07
 7.250	20.500	1.0000e-07
 7.250	20.750	1.0000e-07
 7.250	21.000	1.0000e-07
 7.250	21.250	1.0000e-07
 7.250	21.500	1.0000e-07
 7.250	21.750	1.0000e-07
 7.250	22.000	1.0000e-07
 7.250	22.250	1.0000e-07
 7.250	22.500	1.0000e-07
 7.250	22.750	1.0000e-07
 7.250	23.000	1.0000e-07
 7.250	23.250	1.0000e-07
 7.250	23.500	1.0000e-07
 7.250	23.750	1.0000e-07
 7.250	24.000	1.0000e-07
 7.500	17.000	1.7852e-02
 7.500	17.250	1.5595e-02
 7.500	17.500	1.4142e-02
 7.500	17.750	1.2356e-02
 7.500	18.000	5.1646e-04
 7.500	18.250	1.0000e-07
 7.500	18.500	1.0000e-07
 7.500	18.750	1.0000e-07
 7.500	19.000	1.0000e-07
 7.500	19.250	1.0000e-07
 7.500	19.500	1.0000e-07
 7.500	19.750	1.0000e-07
 7.500	20.000	1.0000e-07
 7.500	20.250	1.0000e-07
 7.500	20.500	1.0000e-07
 7.500	20.750	1.0000e-07
 7.500	21.000	1.0000e-07
 7.500	21.250	1.0000e-07
 7.500	21.500	1.0000e-07
 7.500	21.750	1.0000e-07
 7.500	22.000	1.0000e-07
 7.500	22.250	1.0000e-07
 7.500	22.500	1.0000e-07
 7.500	22.750	1.0000e-07
 7.500	23.000	1.0000e-07
 7.500	23.250	1.0000e-07
 7.500	23.500	1.0000e-07
 7.500	23.750	1.0000e-07
 7.500	24.000	1.0000e-07
 7.750	17.000	2.0949e-02
 7.750	17.250	1.8303e-02
 7.750	17.500	1.5988e-02
 7.750	17.750	1.4515e-02
 7.750	18.000	1.2429e-02
 7.750	18.250	4.9893e-04
 7.750	18.500	1.0000e-07
 7.750	18.750	1.0000e-07
 7.750	19.000	1.0000e-07
 7.750	19.250	1.0000e-07
 7.750	19.500	1.0000e-07
 7.750	19.750	1.0000e-07
 7.750	20.000	1.0000e-07
 7.750	20.250	1.0000e-07
 7.750	20.500	1.0000e-07
 7.750	20.750	1.0000e-07
 7.750	21.000	1.0000e-07
 7.750	21.250	1.0000e-07
 7.750	21.500	1.0000e-07
 7.750	21.750	1.0000e-07
 7.750	22.000	1.0000e-07
 7.750	22.250	1.0000e-07
 7.750	22.500	1.0000e-07
 7.750	22.750	1.0000e-07
 7.750	23.000	1.0000e-07
 7.750	23.250	1.0000e-07
 7.750	23.500	1.0000e-07
 7.750	23.750	1.0000e-07
 7.750	24.000	1.0000e-07
 8.000	17.000	2.3141e-02
 8.000	17.250	2.0962e-02
 8.000	17.500	1.8216e-02
 8.000	17.750	1.5834e-02
 8.000	18.000	1.4362e-02
 8.000	18.250	1.2627e-02
 8.000	18.500	4.8905e-04
 8.000	18.750	1.0000e-07
 8.000	19.000	1.0000e-07
 8.000	19.250	1.0000e-07
 8.000	19.500	1.0000e-07
 8.000	19.750	1.0000e-07
 8.000	20.000	1.0000e-07
 8.000	20.250	1.0000e-07
 8.000	20.500	1.0000e-07
 8.000	20.750	1.0000e-07
 8.000	21.000	1.0000e-07
 8.000	21.250	1.0000e-07
 8.000	21.500	1.0000e-07
 8.000	21.750	1.0000e-07
 8.000	22.000	1.0000e-07
 8.000	22.250	1.0000e-07
 8.000	22.500	1.0000e-07
 8.000	22.750	1.0000e-07
 8.000	23.000	1.0000e-07
 8.000	23.250	1.0000e-07
 8.000	23.500	1.0000e-07
 8.000	23.750	1.0000e-07
 8.000	24.000	1.0000e-07
 8.250	17.000	2.4516e-02
 8.250	17.250	2.3403e-02
 8.250	17.500	2.1140e-02
 8.250	17.750	1.8344e-02
 8.250	18.000	1.5967e-02
 8.250	18.250	1.4546e-02
 8.250	18.500	1.2550e-02
 8.250	18.750	4.7556e-04
 8.250	19.000	1.0000e-07
 8.250	19.250	1.0000e-07
 8.250	19.500	1.0000e-07
 8.250	19.750	1.0000e-07
 8.250	20.000	1.0000e-07
 8.250	20.250	1.0000e-07
 8.250	20.500	1.0000e-07
 8.250	20.750	1.0000e-07
 8.250	21.000	1.0000e-07
 8.250	21.250	1.0000e-07
 8.250	21.500	1.0000e-07
 8.250	21.750	1.0000e-07
 8.250	22.000	1.0000e-07
 8.250	22.250	1.0000e-07
 8.250	22.500	1.0000e-07
 8.250	22.750	1.0000e-07
 8.250	23.000	1.0000e-07
 8.250	23.250	1.0000e-07
 8.250	23.500	1.0000e-07
 8.250	23.750	1.0000e-07
 8.250	24.000	1.0000e-07
 8.500	17.000	2.4512e-02
 8.500	17.250	2.4697e-02
 8.500	17.500	2.3520e-02
 8.500	17.750	2.1190e-02
 8.500	18.000	1.8411e-02
 8.500	18.250	1.6094e-02
 8.500	18.500	1.4832e-02
 8.500	18.750	1.2303e-02
 8.500	19.000	4.6428e-04
 8.500	19.250	1.0000e-07
 8.500	19.500	1.0000e-07
 8.500	19.750	1.0000e-07
 8.500	20.000	1.0000e-07
 8.500	20.250	1.0000e-07
 8.500	20.500	1.0000e-07
 8.500	20.750	1.0000e-07
 8.500	21.000	1.0000e-07
 8.500	21.250	1.0000e-07
 8.500	21.500	1.0000e-07
 8.500	21.750	1.0000e-07
 8.500	22.000	1.0000e-07
 8.500	22.250	1.0000e-07
 8.500	22.500	1.0000e-07
 8.500	22.750	1.0000e-07
 8.500	23.000	1.0000e-07
 8.500	23.250	1.0000e-07
 8.500	23.500	1.0000e-07
 8.500	23.750	1.0000e-07
 8.500	24.000	1.0000e-07
 8.750	17.000	2.3142e-02
 8.750	17.250	2.4663e-02
 8.750	17.500	2.4785e-02
 8.750	17.750	2.3578e-02
 8.750	18.000	2.1217e-02
 8.750	18.250	1.8494e-02
 8.750	18.500	1.6397e-02
 8.750	18.750	1.5512e-02
 8.750	19.000	1.1853e-02
 8.750	19.250	4.5514e-04
 8.750	19.500	1.0000e-07
 8.750	19.750	1.0000e-07
 8.750	20.000	1.0000e-07
 8.750	20.250	1.0000e-07
 8.750	20.500	1.0000e-07
 8.750	20.750	1.0000e-07
 8.750	21.000	1.0000e-07
 8.750	21.250	1.0000e-07
 8.750	21.500	1.0000e-07
 8.750	21.750	1.0000e-07
 8.750	22.000	1.0000e-07
 8.750	22.250	1.0000e-07
 8.750	22.500	1.0000e-07
 8.750	22.750	1.0000e-07
 8.750	23.000	1.0000e-07
 8.750	23.250	1.0000e-07
 8.750	23.500	1.0000e-07
 8.750	23.750	1.0000e-07
 8.750	24.000	1.0000e-07
 9.000	17.000	2.0465e-02
 9.000	17.250	2.3332e-02
 9.000	17.500	2.4811e-02
 9.000	17.750	2.4889e-02
 9.000	18.000	2.3606e-02
 9.000	18.250	2.1307e-02
 9.000	18.500	1.8795e-02
 9.000	18.750	1.7121e-02
 9.000	19.000	1.7104e-02
 9.000	19.250	1.0911e-02
 9.000	19.500	4.4955e-04
 9.000	19.750	1.0000e-07
 9.000	20.000	1.0000e-07
 9.000	20.250	1.0000e-07
 9.000	20.500	1.0000e-07
 9.000	20.750	1.0000e-07
 9.000	21.000	1.0000e-07
 9.000	21.250	1.0000e-07
 9.000	21.500	1.0000e-07
 9.000	21.750	1.0000e-07
 9.000	22.000	1.0000e-07
 9.000	22.250	1.0000e-07
 9.000	22.500	1.0000e-07
 9.000	22.750	1.0000e-07
 9.000	23.000	1.0000e-07
 9.000	23.250	1.0000e-07
 9.000	23.500	1.0000e-07
 9.000	23.750	1.0000e-07
 9.000	24.000	1.0000e-07
 9.250	17.000	1.6474e-02
 9.250	17.250	2.0688e-02
 9.250	17.500	2.3581e-02
 9.250	17.750	2.5040e-02
 9.250	18.000	2.5048e-02
 9.250	18.250	2.3777e-02
 9.250	18.500	2.1634e-02
 9.250	18.750	1.9490e-02
 9.250	19.000	1.8690e-02
 9.250	19.250	2.0056e-02
 9.250	19.500	9.6714e-03
 9.250	19.750	4.4626e-04
 9.250	20.000	1.0000e-07
 9.250	20.250	1.0000e-07
 9.250	20.500	1.0000e-07
 9.250	20.750	1.0000e-07
 9.250	21.000	1.0000e-07
 9.250	21.250	1.0000e-07
 9.250	21.500	1.0000e-07
 9.250	21.750	1.0000e-07
 9.250	22.000	1.0000e-07
 9.250	22.250	1.0000e-07
 9.250	22.500	1.0000e-07
 9.250	22.750	1.0000e-07
 9.250	23.000	1.0000e-07
 9.250	23.250	1.0000e-07
 9.250	23.500	1.0000e-07
 9.250	23.750	1.0000e-07
 9.250	24.000	1.0000e-07
 9.500	17.000	1.1315e-02
 9.500	17.250	1.6618e-02
 9.500	17.500	2.0964e-02
 9.500	17.750	2.3914e-02
 9.500	18.000	2.5325e-02
 9.500	18.250	2.5341e-02
 9.500	18.500	2.4094e-02
 9.500	18.750	2.2019e-02
 9.500	19.000	2.0493e-02
 9.500	19.250	2.0996e-02
 9.500	19.500	2.3951e-02
 9.500	19.750	8.8960e-03
 9.500	20.000	4.4733e-04
 9.500	20.250	1.0000e-07
 9.500	20.500	1.0000e-07
 9.500	20.750	1.0000e-07
 9.500	21.000	1.0000e-07
 9.500	21.250	1.0000e-07
 9.500	21.500	1.0000e-07
 9.500	21.750	1.0000e-07
 9.500	22.000	1.0000e-07
 9.500	22.250	1.0000e-07
 9.500	22.500	1.0000e-07
 9.500	22.750	1.0000e-07
 9.500	23.000	1.0000e-07
 9.500	23.250	1.0000e-07
 9.500	23.500	1.0000e-07
 9.500	23.750	1.0000e-07
 9.500	24.000	1.0000e-07
 9.750	17.000	5.8930e-03
 9.750	17.250	1.1240e-02
 9.750	17.500	1.6703e-02
 9.750	17.750	2.1167e-02
 9.750	18.000	2.4163e-02
 9.750	18.250	2.5567e-02
 9.750	18.500	2.5354e-02
 9.750	18.750	2.3880e-02
 9.750	19.000	2.2084e-02
 9.750	19.250	2.1439e-02
 9.750	19.500	2.2996e-02
 9.750	19.750	2.5653e-02
 9.750	20.000	8.5192e-03
 9.750	20.250	4.4272e-04
 9.750	20.500	1.0000e-07
 9.750	20.750	1.0000e-07
 9.750	21.000	1.0000e-07
 9.750	21.250	1.0000e-07
 9.750	21.500	1.0000e-07
 9.750	21.750	1.0000e-07
 9.750	22.000	1.0000e-07
 9.750	22.250	1.0000e-07
 9.750	22.500	1.0000e-07
 9.750	22.750	1.0000e-07
 9.750	23.000	1.0000e-07
 9.750	23.250	1.0000e-07
 9.750	23.500	1.0000e-07
 9.750	23.750	1.0000e-07
 9.750	24.000	1.0000e-07
10.000	17.000	1.8875e-03
10.000	17.250	5.6591e-03
10.000	17.500	1.1002e-02
10.000	17.750	1.6482e-02
10.000	18.000	2.0980e-02
10.000	18.250	2.3852e-02
10.000	18.500	2.4719e-02
10.000	18.750	2.4059e-02
10.000	19.000	2.2665e-02
10.000	19.250	2.1371e-02
10.000	19.500	2.1244e-02
10.000	19.750	2.2920e-02
10.000	20.000	2.6201e-02
10.000	20.250	8.2348e-03
10.000	20.500	4.4173e-04
10.000	20.750	1.0000e-07
10.000	21.000	1.0000e-07
10.000	21.250	1.0000e-07
10.000	21.500	1.0000e-07
10.000	21.750	1.0000e-07
10.000	22.000	1.0000e-07
10.000	22.250	1.0000e-07
10.000	22.500	1.0000e-07
10.000	22.750	1.0000e-07
10.000	23.000	1.0000e-07
10.000	23.250	1.0000e-07
10.000	23.500	1.0000e-07
10.000	23.750	1.0000e-07
10.000	24.000	1.0000e-07
10.250	17.000	3.6700e-04
10.250	17.250	1.7324e-03
10.250	17.500	5.3007e-03
10.250	17.750	1.0379e-02
10.250	18.000	1.5642e-02
10.250	18.250	1.9690e-02
10.250	18.500	2.1766e-02
10.250	18.750	2.2102e-02
10.250	19.000	2.1352e-02
10.250	19.250	2.0179e-02
10.250	19.500	1.9338e-02
10.250	19.750	1.9431e-02
10.250	20.000	2.0843e-02
10.250	20.250	2.0161e-02
10.250	20.500	7.9335e-03
10.250	20.750	4.2881e-04
10.250	21.000	1.0000e-07
10.250	21.250	1.0000e-07
10.250	21.500	1.0000e-07
10.250	21.750	1.0000e-07
10.250	22.000	1.0000e-07
10.250	22.250	1.0000e-07
10.250	22.500	1.0000e-07
10.250	22.750	1.0000e-07
10.250	23.000	1.0000e-07
10.250	23.250	1.0000e-07
10.250	23.500	1.0000e-07
10.250	23.750	1.0000e-07
10.250	24.000	1.0000e-07
10.500	17.000	5.2922e-05
10.500	17.250	3.1687e-04
10.500	17.500	1.5391e-03
10.500	17.750	4.7237e-03
10.500	18.000	9.2461e-03
10.500	18.250	1.3616e-02
10.500	18.500	1.6599e-02
10.500	18.750	1.7989e-02
10.500	19.000	1.8185e-02
10.500	19.250	1.7747e-02
10.500	19.500	1.6998e-02
10.500	19.750	1.6147e-02
10.500	20.000	1.5826e-02
10.500	20.250	1.7114e-02
10.500	20.500	1.6143e-02
10.500	20.750	7.2414e-03
10.500	21.000	3.9852e-04
10.500	21.250	1.0000e-07
10.500	21.500	1.0000e-07
10.500	21.750	1.0000e-07
10.500	22.000	1.0000e-07
10.500	22.250	1.0000e-07
10.500	22.500	1.0000e-07
10.500	22.750	1.0000e-07
10.500	23.000	1.0000e-07
10.500	23.250	1.0000e-07
10.500	23.500	1.0000e-07
10.500	23.750	1.0000e-07
10.500	24.000	1.0000e-07
10.750	17.000	7.6543e-06
10.750	17.250	4.2716e-05
10.750	17.500	2.6642e-04
10.750	17.750	1.3305e-03
10.750	18.000	3.9324e-03
10.750	18.250	7.3947e-03
10.750	18.500	1.0486e-02
10.750	18.750	1.2555e-02
10.750	19.000	1.3645e-02
10.750	19.250	1.3978e-02
10.750	19.500	1.3794e-02
10.750	19.750	1.3116e-02
10.750	20.000	1.2185e-02
10.750	20.250	1.1548e-02
10.750	20.500	1.3206e-02
10.750	20.750	1.2264e-02
10.750	21.000	5.8188e-03
10.750	21.250	3.1235e-04
10.750	21.500	1.0000e-07
10.750	21.750	1.0000e-07
10.750	22.000	1.0000e-07
10.750	22.250	1.0000e-07
10.750	22.500	1.0000e-07
10.750	22.750	1.0000e-07
10.750	23.000	1.0000e-07
10.750	23.250	1.0000e-07
10.750	23.500	1.0000e-07
10.750	23.750	1.0000e-07
10.750	24.000	1.0000e-07
11.000	17.000	1.3169e-06
11.000	17.250	5.8436e-06
11.000	17.500	3.3909e-05
11.000	17.750	2.2428e-04
11.000	18.000	1.0681e-03
11.000	18.250	2.8962e-03
11.000	18.500	5.2343e-03
11.000	18.750	7.3251e-03
11.000	19.000	8.7980e-03
11.000	19.250	9.6937e-03
11.000	19.500	1.0096e-02
11.000	19.750	1.0042e-02
11.000	20.000	9.4985e-03
11.000	20.250	8.6656e-03
11.000	20.500	8.0009e-03
11.000	20.750	8.9165e-03
11.000	21.000	1.0208e-02
11.000	21.250	4.3160e-03
11.000	21.500	1.9819e-04
11.000	21.750	1.0000e-07
11.000	22.000	1.0000e-07
11.000	22.250	1.0000e-07
11.000	22.500	1.0000e-07
11.000	22.750	1.0000e-07
11.000	23.000	1.0000e-07
11.000	23.250	1.0000e-07
11.000	23.500	1.0000e-07
11.000	23.750	1.0000e-07
11.000	24.000	1.0000e-07
11.250	17.000	1.0000e-07
11.250	17.250	9.0535e-07
11.250	17.500	4.3621e-06
11.250	17.750	2.7737e-05
11.250	18.000	1.7745e-04
11.250	18.250	7.4691e-04
11.250	18.500	1.9164e-03
11.250	18.750	3.4291e-03
11.250	19.000	4.7860e-03
11.250	19.250	5.8241e-03
11.250	19.500	6.5762e-03
11.250	19.750	7.0115e-03
11.250	20.000	7.0607e-03
11.250	20.250	6.6836e-03
11.250	20.500	6.0246e-03
11.250	20.750	5.4741e-03
11.250	21.000	6.2114e-03
11.250	21.250	6.9799e-03
11.250	21.500	2.8249e-03
11.250	21.750	6.3210e-05
11.250	22.000	1.0000e-07
11.250	22.250	1.0000e-07
11.250	22.500	1.0000e-07
11.250	22.750	1.0000e-07
11.250	23.000	1.0000e-07
11.250	23.250	1.0000e-07
11.250	23.500	1.0000e-07
11.250	23.750	1.0000e-07
11.250	24.000	1.0000e-07
11.500	17.000	1.0000e-07
11.500	17.250	1.0000e-07
11.500	17.500	1.0000e-07
11.500	17.750	3.3745e-06
11.500	18.000	2.1481e-05
11.500	18.250	1.2165e-04
11.500	18.500	4.7210e-04
11.500	18.750	1.1979e-03
11.500	19.000	2.1485e-03
11.500	19.250	3.0219e-03
11.500	19.500	3.7622e-03
11.500	19.750	4.3975e-03
11.500	20.000	4.8106e-03
11.500	20.250	4.8967e-03
11.500	20.500	4.6320e-03
11.500	20.750	4.1310e-03
11.500	21.000	3.5542e-03
11.500	21.250	3.9945e-03
11.500	21.500	4.5493e-03
11.500	21.750	1.6228e-03
11.500	22.000	1.3169e-06
11.500	22.250	1.0000e-07
11.500	22.500	1.0000e-07
11.500	22.750	1.0000e-07
11.500	23.000	1.0000e-07
11.500	23.250	1.0000e-07
11.500	23.500	1.0000e-07
11.500	23.750	1.0000e-07
11.500	24.000	1.0000e-07
11.750	17.000	1.0000e-07
11.750	17.250	1.0000e-07
11.750	17.500	1.0000e-07
11.750	17.750	1.0000e-07
11.750	18.000	2.4691e-06
11.750	18.250	1.4650e-05
11.750	18.500	7.6132e-05
11.750	18.750	2.8724e-04
11.750	19.000	7.3300e-04
11.750	19.250	1.3245e-03
11.750	19.500	1.8863e-03
11.750	19.750	2.4350e-03
11.750	20.000	2.9473e-03
11.750	20.250	3.2928e-03
11.750	20.500	3.3758e-03
11.750	20.750	3.1852e-03
11.750	21.000	2.7933e-03
11.750	21.250	2.3230e-03
11.750	21.500	2.4470e-03
11.750	21.750	3.0034e-03
11.750	22.000	7.5086e-04
11.750	22.250	1.0000e-07
11.750	22.500	1.0000e-07
11.750	22.750	1.0000e-07
11.750	23.000	1.0000e-07
11.750	23.250	1.0000e-07
11.750	23.500	1.0000e-07
11.750	23.750	1.0000e-07
11.750	24.000	1.0000e-07
12.000	17.000	1.0000e-07
12.000	17.250	1.0000e-07
12.000	17.500	1.0000e-07
12.000	17.750	1.0000e-07
12.000	18.000	1.0000e-07
12.000	18.250	1.7284e-06
12.000	18.500	9.3004e-06
12.000	18.750	4.6008e-05
12.000	19.000	1.7383e-04
12.000	19.250	4.5004e-04
12.000	19.500	8.2148e-04
12.000	19.750	1.1986e-03
12.000	20.000	1.6041e-03
12.000	20.250	2.0046e-03
12.000	20.500	2.2687e-03
12.000	20.750	2.3288e-03
12.000	21.000	2.1440e-03
12.000	21.250	1.8372e-03
12.000	21.500	1.4458e-03
12.000	21.750	1.5402e-03
12.000	22.000	1.9842e-03
12.000	22.250	2.7860e-04
12.000	22.500	1.0000e-07
12.000	22.750	1.0000e-07
12.000	23.000	1.0000e-07
12.000	23.250	1.0000e-07
12.000	23.500	1.0000e-07
12.000	23.750	1.0000e-07
12.000	24.000	1.0000e-07
12.250	17.000	1.0000e-07
12.250	17.250	1.0000e-07
12.250	17.500	1.0000e-07
12.250	17.750	1.0000e-07
12.250	18.000	1.0000e-07
12.250	18.250	1.0000e-07
12.250	18.500	1.1523e-06
12.250	18.750	5.8436e-06
12.250	19.000	2.8313e-05
12.250	19.250	1.0815e-04
12.250	19.500	2.8296e-04
12.250	19.750	5.1975e-04
12.250	20.000	7.8123e-04
12.250	20.250	1.0822e-03
12.250	20.500	1.3739e-03
12.250	20.750	1.5649e-03
12.250	21.000	1.5778e-03
12.250	21.250	1.4491e-03
12.250	21.500	1.1613e-03
12.250	21.750	9.0444e-04
12.250	22.000	1.0220e-03
12.250	22.250	1.3180e-03
12.250	22.500	8.2634e-05
12.250	22.750	1.0000e-07
12.250	23.000	1.0000e-07
12.250	23.250	1.0000e-07
12.250	23.500	1.0000e-07
12.250	23.750	1.0000e-07
12.250	24.000	1.0000e-07
12.500	17.000	1.0000e-07
12.500	17.250	1.0000e-07
12.500	17.500	1.0000e-07
12.500	17.750	1.0000e-07
12.500	18.000	1.0000e-07
12.500	18.250	1.0000e-07
12.500	18.500	1.0000e-07
12.500	18.750	1.0000e-07
12.500	19.000	3.8683e-06
12.500	19.250	1.8272e-05
12.500	19.500	7.0123e-05
12.500	19.750	1.8296e-04
12.500	20.000	3.3967e-04
12.500	20.250	5.2148e-04
12.500	20.500	7.3481e-04
12.500	20.750	9.4156e-04
12.500	21.000	1.0756e-03
12.500	21.250	1.0877e-03
12.500	21.500	9.6033e-04
12.500	21.750	7.3728e-04
12.500	22.000	5.9654e-04
12.500	22.250	7.4132e-04
12.500	22.500	8.0444e-04
12.500	22.750	1.2593e-05
12.500	23.000	1.0000e-07
12.500	23.250	1.0000e-07
12.500	23.500	1.0000e-07
12.500	23.750	1.0000e-07
12.500	24.000	1.0000e-07
12.750	17.000	1.0000e-07
12.750	17.250	1.0000e-07
12.750	17.500	1.0000e-07
12.750	17.750	1.0000e-07
12.750	18.000	1.0000e-07
12.750	18.250	1.0000e-07
12.750	18.500	1.0000e-07
12.750	18.750	1.0000e-07
12.750	19.000	1.0000e-07
12.750	19.250	2.7160e-06
12.750	19.500	1.2346e-05
12.750	19.750	4.6584e-05
12.750	20.000	1.2008e-04
12.750	20.250	2.2453e-04
12.750	20.500	3.5399e-04
12.750	20.750	5.0979e-04
12.750	21.000	6.6041e-04
12.750	21.250	7.6403e-04
12.750	21.500	7.4724e-04
12.750	21.750	6.4642e-04
12.750	22.000	5.0074e-04
12.750	22.250	4.2189e-04
12.750	22.500	5.9457e-04
12.750	22.750	4.8173e-04
12.750	23.000	1.8930e-06
12.750	23.250	1.0000e-07
12.750	23.500	1.0000e-07
12.750	23.750	1.0000e-07
12.750	24.000	1.0000e-07
13.000	17.000	1.0000e-07
13.000	17.250	1.0000e-07
13.000	17.500	1.0000e-07
13.000	17.750	1.0000e-07
13.000	18.000	1.0000e-07
13.000	18.250	1.0000e-07
13.000	18.500	1.0000e-07
13.000	18.750	1.0000e-07
13.000	19.000	1.0000e-07
13.000	19.250	1.0000e-07
13.000	19.500	1.9753e-06
13.000	19.750	8.3128e-06
13.000	20.000	2.9959e-05
13.000	20.250	7.7860e-05
13.000	20.500	1.4979e-04
13.000	20.750	2.4107e-04
13.000	21.000	3.4971e-04
13.000	21.250	4.6198e-04
13.000	21.500	5.2469e-04
13.000	21.750	5.2708e-04
13.000	22.000	4.6230e-04
13.000	22.250	3.3506e-04
13.000	22.500	2.9235e-04
13.000	22.750	4.5383e-04
13.000	23.000	2.8477e-04
13.000	23.250	1.0000e-07
13.000	23.500	1.0000e-07
13.000	23.750	1.0000e-07
13.000	24.000	1.0000e-07
13.250	17.000	1.0000e-07
13.250	17.250	1.0000e-07
13.250	17.500	1.0000e-07
13.250	17.750	1.0000e-07
13.250	18.000	1.0000e-07
13.250	18.250	1.0000e-07
13.250	18.500	1.0000e-07
13.250	18.750	1.0000e-07
13.250	19.000	1.0000e-07
13.250	19.250	1.0000e-07
13.250	19.500	1.0000e-07
13.250	19.750	1.3992e-06
13.250	20.000	5.5144e-06
13.250	20.250	1.8765e-05
13.250	20.500	4.8971e-05
13.250	20.750	9.6214e-05
13.250	21.000	1.6132e-04
13.250	21.250	2.3802e-04
13.250	21.500	3.1193e-04
13.250	21.750	3.5481e-04
13.250	22.000	3.5556e-04
13.250	22.250	2.9613e-04
13.250	22.500	2.3794e-04
13.250	22.750	2.2412e-04
13.250	23.000	3.0535e-04
13.250	23.250	1.8502e-04
13.250	23.500	1.0000e-07
13.250	23.750	1.0000e-07
13.250	24.000	1.0000e-07
13.500	17.000	1.0000e-07
13.500	17.250	1.0000e-07
13.500	17.500	1.0000e-07
13.500	17.750	1.0000e-07
13.500	18.000	1.0000e-07
13.500	18.250	1.0000e-07
13.500	18.500	1.0000e-07
13.500	18.750	1.0000e-07
13.500	19.000	1.0000e-07
13.500	19.250	1.0000e-07
13.500	19.500	1.0000e-07
13.500	19.750	1.0000e-07
13.500	20.000	1.0700e-06
13.500	20.250	3.8683e-06
13.500	20.500	1.2181e-05
13.500	20.750	3.0782e-05
13.500	21.000	6.0741e-05
13.500	21.250	1.0280e-04
13.500	21.500	1.5416e-04
13.500	21.750	1.9893e-04
13.500	22.000	2.2947e-04
13.500	22.250	2.5407e-04
13.500	22.500	2.2453e-04
13.500	22.750	1.8955e-04
13.500	23.000	2.0914e-04
13.500	23.250	2.7070e-04
13.500	23.500	1.4115e-04
13.500	23.750	1.0000e-07
13.500	24.000	1.0000e-07
13.750	17.000	1.0000e-07
13.750	17.250	1.0000e-07
13.750	17.500	1.0000e-07
13.750	17.750	1.0000e-07
13.750	18.000	1.0000e-07
13.750	18.250	1.0000e-07
13.750	18.500	1.0000e-07
13.750	18.750	1.0000e-07
13.750	19.000	1.0000e-07
13.750	19.250	1.0000e-07
13.750	19.500	1.0000e-07
13.750	19.750	1.0000e-07
13.750	20.000	1.0000e-07
13.750	20.250	9.0535e-07
13.750	20.500	3.0453e-06
13.750	20.750	8.6420e-06
13.750	21.000	2.0658e-05
13.750	21.250	4.0000e-05
13.750	21.500	6.5844e-05
13.750	21.750	9.6790e-05
13.750	22.000	1.2831e-04
13.750	22.250	1.5704e-04
13.750	22.500	1.7342e-04
13.750	22.750	1.7029e-04
13.750	23.000	1.6831e-04
13.750	23.250	2.0658e-04
13.750	23.500	2.3564e-04
13.750	23.750	1.0370e-04
13.750	24.000	1.0000e-07
14.000	17.000	1.0000e-07
14.000	17.250	1.0000e-07
14.000	17.500	1.0000e-07
14.000	17.750	1.0000e-07
14.000	18.000	1.0000e-07
14.000	18.250	1.0000e-07
14.000	18.500	1.0000e-07
14.000	18.750	1.0000e-07
14.000	19.000	1.0000e-07
14.000	19.250	1.0000e-07
14.000	19.500	1.0000e-07
14.000	19.750	1.0000e-07
14.000	20.000	1.0000e-07
14.000	20.250	1.0000e-07
14.000	20.500	1.0000e-07
14.000	20.750	2.4691e-06
14.000	21.000	6.6667e-06
14.000	21.250	1.5144e-05
14.000	21.500	2.8066e-05
14.000	21.750	4.5350e-05
14.000	22.000	6.5432e-05
14.000	22.250	8.7490e-05
14.000	22.500	1.1144e-04
14.000	22.750	1.2979e-04
14.000	23.000	1.3786e-04
14.000	23.250	1.5654e-04
14.000	23.500	2.0123e-04
14.000	23.750	1.9638e-04
14.000	24.000	6.1893e-05
