InwC 960.000A  relative to Inci 1215.00A scaled to 1215A.
Hden   Phi(H)  Eq_Width (A)
 7.000	17.000	5.8312e-02
 7.000	17.250	7.2261e-02
 7.000	17.500	7.5196e-02
 7.000	17.750	7.6754e-02
 7.000	18.000	7.6791e-02
 7.000	18.250	7.6842e-02
 7.000	18.500	7.6851e-02
 7.000	18.750	7.6861e-02
 7.000	19.000	7.6870e-02
 7.000	19.250	7.6877e-02
 7.000	19.500	7.6879e-02
 7.000	19.750	7.6880e-02
 7.000	20.000	7.6881e-02
 7.000	20.250	7.6881e-02
 7.000	20.500	7.6881e-02
 7.000	20.750	7.6881e-02
 7.000	21.000	7.6881e-02
 7.000	21.250	7.6882e-02
 7.000	21.500	7.6882e-02
 7.000	21.750	7.6882e-02
 7.000	22.000	7.6883e-02
 7.000	22.250	7.6883e-02
 7.000	22.500	7.6883e-02
 7.000	22.750	7.6892e-02
 7.000	23.000	7.6885e-02
 7.000	23.250	7.6886e-02
 7.000	23.500	7.6886e-02
 7.000	23.750	7.6886e-02
 7.000	24.000	7.6887e-02
 7.250	17.000	3.7171e-02
 7.250	17.250	5.8099e-02
 7.250	17.500	7.2280e-02
 7.250	17.750	7.5217e-02
 7.250	18.000	7.6754e-02
 7.250	18.250	7.6790e-02
 7.250	18.500	7.6842e-02
 7.250	18.750	7.6850e-02
 7.250	19.000	7.6861e-02
 7.250	19.250	7.6870e-02
 7.250	19.500	7.6877e-02
 7.250	19.750	7.6879e-02
 7.250	20.000	7.6880e-02
 7.250	20.250	7.6881e-02
 7.250	20.500	7.6881e-02
 7.250	20.750	7.6881e-02
 7.250	21.000	7.6881e-02
 7.250	21.250	7.6881e-02
 7.250	21.500	7.6881e-02
 7.250	21.750	7.6882e-02
 7.250	22.000	7.6882e-02
 7.250	22.250	7.6882e-02
 7.250	22.500	7.6882e-02
 7.250	22.750	7.6882e-02
 7.250	23.000	7.6882e-02
 7.250	23.250	7.6883e-02
 7.250	23.500	7.6883e-02
 7.250	23.750	7.6883e-02
 7.250	24.000	7.6883e-02
 7.500	17.000	2.2223e-02
 7.500	17.250	3.6502e-02
 7.500	17.500	5.7938e-02
 7.500	17.750	7.2298e-02
 7.500	18.000	7.5236e-02
 7.500	18.250	7.6754e-02
 7.500	18.500	7.6791e-02
 7.500	18.750	7.6842e-02
 7.500	19.000	7.6851e-02
 7.500	19.250	7.6861e-02
 7.500	19.500	7.6870e-02
 7.500	19.750	7.6877e-02
 7.500	20.000	7.6879e-02
 7.500	20.250	7.6880e-02
 7.500	20.500	7.6881e-02
 7.500	20.750	7.6881e-02
 7.500	21.000	7.6881e-02
 7.500	21.250	7.6881e-02
 7.500	21.500	7.6881e-02
 7.500	21.750	7.6881e-02
 7.500	22.000	7.6881e-02
 7.500	22.250	7.6881e-02
 7.500	22.500	7.6881e-02
 7.500	22.750	7.6881e-02
 7.500	23.000	7.6882e-02
 7.500	23.250	7.6882e-02
 7.500	23.500	7.6882e-02
 7.500	23.750	7.6882e-02
 7.500	24.000	7.6882e-02
 7.750	17.000	1.3813e-02
 7.750	17.250	2.1699e-02
 7.750	17.500	3.6025e-02
 7.750	17.750	5.7798e-02
 7.750	18.000	7.2313e-02
 7.750	18.250	7.5254e-02
 7.750	18.500	7.6754e-02
 7.750	18.750	7.6791e-02
 7.750	19.000	7.6841e-02
 7.750	19.250	7.6851e-02
 7.750	19.500	7.6861e-02
 7.750	19.750	7.6870e-02
 7.750	20.000	7.6877e-02
 7.750	20.250	7.6879e-02
 7.750	20.500	7.6880e-02
 7.750	20.750	7.6881e-02
 7.750	21.000	7.6881e-02
 7.750	21.250	7.6881e-02
 7.750	21.500	7.6881e-02
 7.750	21.750	7.6881e-02
 7.750	22.000	7.6881e-02
 7.750	22.250	7.6881e-02
 7.750	22.500	7.6881e-02
 7.750	22.750	7.6881e-02
 7.750	23.000	7.6881e-02
 7.750	23.250	7.6881e-02
 7.750	23.500	7.6881e-02
 7.750	23.750	7.6881e-02
 7.750	24.000	7.6881e-02
 8.000	17.000	9.1831e-03
 8.000	17.250	1.3351e-02
 8.000	17.500	2.1057e-02
 8.000	17.750	3.5299e-02
 8.000	18.000	5.7326e-02
 8.000	18.250	7.2318e-02
 8.000	18.500	7.5259e-02
 8.000	18.750	7.6754e-02
 8.000	19.000	7.6791e-02
 8.000	19.250	7.6843e-02
 8.000	19.500	7.6851e-02
 8.000	19.750	7.6861e-02
 8.000	20.000	7.6870e-02
 8.000	20.250	7.6877e-02
 8.000	20.500	7.6879e-02
 8.000	20.750	7.6880e-02
 8.000	21.000	7.6881e-02
 8.000	21.250	7.6881e-02
 8.000	21.500	7.6881e-02
 8.000	21.750	7.6881e-02
 8.000	22.000	7.6881e-02
 8.000	22.250	7.6881e-02
 8.000	22.500	7.6881e-02
 8.000	22.750	7.6881e-02
 8.000	23.000	7.6881e-02
 8.000	23.250	7.6881e-02
 8.000	23.500	7.6881e-02
 8.000	23.750	7.6881e-02
 8.000	24.000	7.6881e-02
 8.250	17.000	6.7706e-03
 8.250	17.250	8.9511e-03
 8.250	17.500	1.3068e-02
 8.250	17.750	2.0763e-02
 8.250	18.000	3.5137e-02
 8.250	18.250	5.7414e-02
 8.250	18.500	7.2333e-02
 8.250	18.750	7.5278e-02
 8.250	19.000	7.6755e-02
 8.250	19.250	7.6791e-02
 8.250	19.500	7.6842e-02
 8.250	19.750	7.6851e-02
 8.250	20.000	7.6861e-02
 8.250	20.250	7.6870e-02
 8.250	20.500	7.6877e-02
 8.250	20.750	7.6879e-02
 8.250	21.000	7.6880e-02
 8.250	21.250	7.6881e-02
 8.250	21.500	7.6881e-02
 8.250	21.750	7.6881e-02
 8.250	22.000	7.6881e-02
 8.250	22.250	7.6881e-02
 8.250	22.500	7.6881e-02
 8.250	22.750	7.6881e-02
 8.250	23.000	7.6882e-02
 8.250	23.250	7.6881e-02
 8.250	23.500	7.6881e-02
 8.250	23.750	7.6881e-02
 8.250	24.000	7.6881e-02
 8.500	17.000	5.4584e-03
 8.500	17.250	6.5938e-03
 8.500	17.500	8.7608e-03
 8.500	17.750	1.2847e-02
 8.500	18.000	2.0656e-02
 8.500	18.250	3.5570e-02
 8.500	18.500	5.8114e-02
 8.500	18.750	7.2343e-02
 8.500	19.000	7.5299e-02
 8.500	19.250	7.6755e-02
 8.500	19.500	7.6792e-02
 8.500	19.750	7.6842e-02
 8.500	20.000	7.6851e-02
 8.500	20.250	7.6861e-02
 8.500	20.500	7.6870e-02
 8.500	20.750	7.6877e-02
 8.500	21.000	7.6879e-02
 8.500	21.250	7.6880e-02
 8.500	21.500	7.6881e-02
 8.500	21.750	7.6881e-02
 8.500	22.000	7.6881e-02
 8.500	22.250	7.6881e-02
 8.500	22.500	7.6881e-02
 8.500	22.750	7.6881e-02
 8.500	23.000	7.6881e-02
 8.500	23.250	7.6881e-02
 8.500	23.500	7.6881e-02
 8.500	23.750	7.6881e-02
 8.500	24.000	7.6881e-02
 8.750	17.000	4.7179e-03
 8.750	17.250	5.3126e-03
 8.750	17.500	6.4501e-03
 8.750	17.750	8.6191e-03
 8.750	18.000	1.2840e-02
 8.750	18.250	2.1126e-02
 8.750	18.500	3.7331e-02
 8.750	18.750	6.0119e-02
 8.750	19.000	7.2354e-02
 8.750	19.250	7.5319e-02
 8.750	19.500	7.6755e-02
 8.750	19.750	7.6792e-02
 8.750	20.000	7.6842e-02
 8.750	20.250	7.6851e-02
 8.750	20.500	7.6861e-02
 8.750	20.750	7.6870e-02
 8.750	21.000	7.6877e-02
 8.750	21.250	7.6879e-02
 8.750	21.500	7.6880e-02
 8.750	21.750	7.6881e-02
 8.750	22.000	7.6881e-02
 8.750	22.250	7.6881e-02
 8.750	22.500	7.6881e-02
 8.750	22.750	7.6881e-02
 8.750	23.000	7.6881e-02
 8.750	23.250	7.6881e-02
 8.750	23.500	7.6881e-02
 8.750	23.750	7.6881e-02
 8.750	24.000	7.6881e-02
 9.000	17.000	4.2687e-03
 9.000	17.250	4.5863e-03
 9.000	17.500	5.1937e-03
 9.000	17.750	6.3668e-03
 9.000	18.000	8.6598e-03
 9.000	18.250	1.3274e-02
 9.000	18.500	2.2750e-02
 9.000	18.750	4.1001e-02
 9.000	19.000	6.3607e-02
 9.000	19.250	7.2364e-02
 9.000	19.500	7.5335e-02
 9.000	19.750	7.6755e-02
 9.000	20.000	7.6792e-02
 9.000	20.250	7.6842e-02
 9.000	20.500	7.6851e-02
 9.000	20.750	7.6861e-02
 9.000	21.000	7.6870e-02
 9.000	21.250	7.6877e-02
 9.000	21.500	7.6879e-02
 9.000	21.750	7.6880e-02
 9.000	22.000	7.6881e-02
 9.000	22.250	7.6881e-02
 9.000	22.500	7.6881e-02
 9.000	22.750	7.6881e-02
 9.000	23.000	7.6881e-02
 9.000	23.250	7.6881e-02
 9.000	23.500	7.6881e-02
 9.000	23.750	7.6881e-02
 9.000	24.000	7.6881e-02
 9.250	17.000	3.9641e-03
 9.250	17.250	4.1437e-03
 9.250	17.500	4.4853e-03
 9.250	17.750	5.1595e-03
 9.250	18.000	6.5548e-03
 9.250	18.250	9.1836e-03
 9.250	18.500	1.4571e-02
 9.250	18.750	2.5742e-02
 9.250	19.000	4.6508e-02
 9.250	19.250	6.7665e-02
 9.250	19.500	7.2371e-02
 9.250	19.750	7.5346e-02
 9.250	20.000	7.6754e-02
 9.250	20.250	7.6792e-02
 9.250	20.500	7.6842e-02
 9.250	20.750	7.6851e-02
 9.250	21.000	7.6861e-02
 9.250	21.250	7.6870e-02
 9.250	21.500	7.6869e-02
 9.250	21.750	7.6842e-02
 9.250	22.000	7.6840e-02
 9.250	22.250	7.6843e-02
 9.250	22.500	7.6880e-02
 9.250	22.750	7.6880e-02
 9.250	23.000	7.6881e-02
 9.250	23.250	7.6881e-02
 9.250	23.500	7.6881e-02
 9.250	23.750	7.6881e-02
 9.250	24.000	7.6881e-02
 9.500	17.000	3.7537e-03
 9.500	17.250	3.8467e-03
 9.500	17.500	4.0645e-03
 9.500	17.750	4.5184e-03
 9.500	18.000	5.4077e-03
 9.500	18.250	7.0434e-03
 9.500	18.500	1.0234e-02
 9.500	18.750	1.6777e-02
 9.500	19.000	3.0312e-02
 9.500	19.250	5.3218e-02
 9.500	19.500	6.9909e-02
 9.500	19.750	7.2380e-02
 9.500	20.000	7.5349e-02
 9.500	20.250	7.6753e-02
 9.500	20.500	7.6792e-02
 9.500	20.750	7.6841e-02
 9.500	21.000	7.6840e-02
 9.500	21.250	7.6828e-02
 9.500	21.500	7.6830e-02
 9.500	21.750	7.6831e-02
 9.500	22.000	7.6818e-02
 9.500	22.250	7.6807e-02
 9.500	22.500	7.6811e-02
 9.500	22.750	7.6811e-02
 9.500	23.000	7.6811e-02
 9.500	23.250	7.6810e-02
 9.500	23.500	7.6833e-02
 9.500	23.750	7.6833e-02
 9.500	24.000	7.6833e-02
 9.750	17.000	3.6260e-03
 9.750	17.250	3.6326e-03
 9.750	17.500	3.7770e-03
 9.750	17.750	4.1224e-03
 9.750	18.000	4.7728e-03
 9.750	18.250	5.9165e-03
 9.750	18.500	7.9883e-03
 9.750	18.750	1.1986e-02
 9.750	19.000	2.0175e-02
 9.750	19.250	3.6706e-02
 9.750	19.500	6.0305e-02
 9.750	19.750	7.0489e-02
 9.750	20.000	7.2406e-02
 9.750	20.250	7.5344e-02
 9.750	20.500	7.6750e-02
 9.750	20.750	7.6792e-02
 9.750	21.000	7.6842e-02
 9.750	21.250	7.6847e-02
 9.750	21.500	7.6847e-02
 9.750	21.750	7.6833e-02
 9.750	22.000	7.6835e-02
 9.750	22.250	7.6827e-02
 9.750	22.500	7.6814e-02
 9.750	22.750	7.6807e-02
 9.750	23.000	7.6809e-02
 9.750	23.250	7.6811e-02
 9.750	23.500	7.6811e-02
 9.750	23.750	7.6811e-02
 9.750	24.000	7.6811e-02
10.000	17.000	3.5904e-03
10.000	17.250	3.4877e-03
10.000	17.500	3.5407e-03
10.000	17.750	3.8149e-03
10.000	18.000	4.3922e-03
10.000	18.250	5.2924e-03
10.000	18.500	6.7771e-03
10.000	18.750	9.4891e-03
10.000	19.000	1.4745e-02
10.000	19.250	2.5777e-02
10.000	19.500	4.7025e-02
10.000	19.750	6.6184e-02
10.000	20.000	7.0570e-02
10.000	20.250	7.2436e-02
10.000	20.500	7.5350e-02
10.000	20.750	7.6746e-02
10.000	21.000	7.6791e-02
10.000	21.250	7.6843e-02
10.000	21.500	7.6850e-02
10.000	21.750	7.6857e-02
10.000	22.000	7.6847e-02
10.000	22.250	7.6837e-02
10.000	22.500	7.6833e-02
10.000	22.750	7.6824e-02
10.000	23.000	7.6815e-02
10.000	23.250	7.6810e-02
10.000	23.500	7.6808e-02
10.000	23.750	7.6808e-02
10.000	24.000	7.6808e-02
10.250	17.000	3.6453e-03
10.250	17.250	3.4315e-03
10.250	17.500	3.3912e-03
10.250	17.750	3.6019e-03
10.250	18.000	4.1264e-03
10.250	18.250	4.9102e-03
10.250	18.500	6.0986e-03
10.250	18.750	8.1412e-03
10.250	19.000	1.1937e-02
10.250	19.250	1.9100e-02
10.250	19.500	3.2879e-02
10.250	19.750	5.4247e-02
10.250	20.000	6.8293e-02
10.250	20.250	7.0637e-02
10.250	20.500	7.2481e-02
10.250	20.750	7.5386e-02
10.250	21.000	7.6741e-02
10.250	21.250	7.6790e-02
10.250	21.500	7.6843e-02
10.250	21.750	7.6850e-02
10.250	22.000	7.6859e-02
10.250	22.250	7.6863e-02
10.250	22.500	7.6838e-02
10.250	22.750	7.6837e-02
10.250	23.000	7.6832e-02
10.250	23.250	7.6825e-02
10.250	23.500	7.6820e-02
10.250	23.750	7.6817e-02
10.250	24.000	7.6815e-02
10.500	17.000	3.7601e-03
10.500	17.250	3.4592e-03
10.500	17.500	3.3295e-03
10.500	17.750	3.4701e-03
10.500	18.000	3.9142e-03
10.500	18.250	4.6328e-03
10.500	18.500	5.6359e-03
10.500	18.750	7.1372e-03
10.500	19.000	9.5249e-03
10.500	19.250	1.3732e-02
10.500	19.500	2.1844e-02
10.500	19.750	3.7503e-02
10.500	20.000	5.9155e-02
10.500	20.250	6.9304e-02
10.500	20.500	7.0684e-02
10.500	20.750	7.2539e-02
10.500	21.000	7.5470e-02
10.500	21.250	7.6734e-02
10.500	21.500	7.6787e-02
10.500	21.750	7.6842e-02
10.500	22.000	7.6851e-02
10.500	22.250	7.6860e-02
10.500	22.500	7.6867e-02
10.500	22.750	7.6845e-02
10.500	23.000	7.6839e-02
10.500	23.250	7.6836e-02
10.500	23.500	7.6833e-02
10.500	23.750	7.6829e-02
10.500	24.000	7.6826e-02
10.750	17.000	3.8997e-03
10.750	17.250	3.5426e-03
10.750	17.500	3.3476e-03
10.750	17.750	3.4282e-03
10.750	18.000	3.7677e-03
10.750	18.250	4.3340e-03
10.750	18.500	5.1344e-03
10.750	18.750	6.1748e-03
10.750	19.000	7.7286e-03
10.750	19.250	1.0348e-02
10.750	19.500	1.5144e-02
10.750	19.750	2.4388e-02
10.750	20.000	4.1640e-02
10.750	20.250	6.2851e-02
10.750	20.500	6.9428e-02
10.750	20.750	7.0762e-02
10.750	21.000	7.2643e-02
10.750	21.250	7.5642e-02
10.750	21.500	7.6726e-02
10.750	21.750	7.6784e-02
10.750	22.000	7.6838e-02
10.750	22.250	7.6850e-02
10.750	22.500	7.6860e-02
10.750	22.750	7.6869e-02
10.750	23.000	7.6864e-02
10.750	23.250	7.6840e-02
10.750	23.500	7.6839e-02
10.750	23.750	7.6837e-02
10.750	24.000	7.6835e-02
11.000	17.000	4.0092e-03
11.000	17.250	3.6436e-03
11.000	17.500	3.4137e-03
11.000	17.750	3.4429e-03
11.000	18.000	3.6816e-03
11.000	18.250	4.0617e-03
11.000	18.500	4.5978e-03
11.000	18.750	5.3558e-03
11.000	19.000	6.4382e-03
11.000	19.250	8.1464e-03
11.000	19.500	1.1072e-02
11.000	19.750	1.6415e-02
11.000	20.000	2.6635e-02
11.000	20.250	4.5100e-02
11.000	20.500	6.5311e-02
11.000	20.750	6.9401e-02
11.000	21.000	7.0829e-02
11.000	21.250	7.2846e-02
11.000	21.500	7.5950e-02
11.000	21.750	7.6715e-02
11.000	22.000	7.6780e-02
11.000	22.250	7.6838e-02
11.000	22.500	7.6850e-02
11.000	22.750	7.6860e-02
11.000	23.000	7.6869e-02
11.000	23.250	7.6873e-02
11.000	23.500	7.6846e-02
11.000	23.750	7.6841e-02
11.000	24.000	7.6840e-02
11.250	17.000	4.0283e-03
11.250	17.250	3.7091e-03
11.250	17.500	3.4746e-03
11.250	17.750	3.4698e-03
11.250	18.000	3.6272e-03
11.250	18.250	3.8465e-03
11.250	18.500	4.1609e-03
11.250	18.750	4.6817e-03
11.250	19.000	5.4724e-03
11.250	19.250	6.6354e-03
11.250	19.500	8.4919e-03
11.250	19.750	1.1673e-02
11.250	20.000	1.7477e-02
11.250	20.250	2.8521e-02
11.250	20.500	4.7930e-02
11.250	20.750	6.6521e-02
11.250	21.000	6.9442e-02
11.250	21.250	7.0963e-02
11.250	21.500	7.3252e-02
11.250	21.750	7.6323e-02
11.250	22.000	7.6700e-02
11.250	22.250	7.6776e-02
11.250	22.500	7.6831e-02
11.250	22.750	7.6850e-02
11.250	23.000	7.6860e-02
11.250	23.250	7.6869e-02
11.250	23.500	7.6875e-02
11.250	23.750	7.6865e-02
11.250	24.000	7.6843e-02
11.500	17.000	3.8935e-03
11.500	17.250	3.6872e-03
11.500	17.500	3.4812e-03
11.500	17.750	3.4608e-03
11.500	18.000	3.5566e-03
11.500	18.250	3.6718e-03
11.500	18.500	3.8529e-03
11.500	18.750	4.1750e-03
11.500	19.000	4.7148e-03
11.500	19.250	5.5419e-03
11.500	19.500	6.7700e-03
11.500	19.750	8.7443e-03
11.500	20.000	1.2129e-02
11.500	20.250	1.8307e-02
11.500	20.500	3.0014e-02
11.500	20.750	5.0323e-02
11.500	21.000	6.6699e-02
11.500	21.250	6.9499e-02
11.500	21.500	7.1245e-02
11.500	21.750	7.3953e-02
11.500	22.000	7.6506e-02
11.500	22.250	7.6683e-02
11.500	22.500	7.6771e-02
11.500	22.750	7.6833e-02
11.500	23.000	7.6849e-02
11.500	23.250	7.6860e-02
11.500	23.500	7.6869e-02
11.500	23.750	7.6876e-02
11.500	24.000	7.6875e-02
11.750	17.000	3.5153e-03
11.750	17.250	3.4960e-03
11.750	17.500	3.3808e-03
11.750	17.750	3.3824e-03
11.750	18.000	3.4663e-03
11.750	18.250	3.5405e-03
11.750	18.500	3.6325e-03
11.750	18.750	3.8066e-03
11.750	19.000	4.1362e-03
11.750	19.250	4.6994e-03
11.750	19.500	5.5568e-03
11.750	19.750	6.8335e-03
11.750	20.000	8.8940e-03
11.750	20.250	1.2450e-02
11.750	20.500	1.8915e-02
11.750	20.750	3.1162e-02
11.750	21.000	5.2445e-02
11.750	21.250	6.6791e-02
11.750	21.500	6.9634e-02
11.750	21.750	7.1700e-02
11.750	22.000	7.4802e-02
11.750	22.250	7.6474e-02
11.750	22.500	7.6661e-02
11.750	22.750	7.6761e-02
11.750	23.000	7.6830e-02
11.750	23.250	7.6849e-02
11.750	23.500	7.6860e-02
11.750	23.750	7.6869e-02
11.750	24.000	7.6877e-02
12.000	17.000	2.8537e-03
12.000	17.250	3.0650e-03
12.000	17.500	3.1161e-03
12.000	17.750	3.2163e-03
12.000	18.000	3.3411e-03
12.000	18.250	3.3908e-03
12.000	18.500	3.4147e-03
12.000	18.750	3.4984e-03
12.000	19.000	3.6960e-03
12.000	19.250	4.0566e-03
12.000	19.500	4.6449e-03
12.000	19.750	5.5244e-03
12.000	20.000	6.8370e-03
12.000	20.250	8.9550e-03
12.000	20.500	1.2610e-02
12.000	20.750	1.9307e-02
12.000	21.000	3.2034e-02
12.000	21.250	5.4578e-02
12.000	21.500	6.7165e-02
12.000	21.750	6.9885e-02
12.000	22.000	7.2314e-02
12.000	22.250	7.5490e-02
12.000	22.500	7.6437e-02
12.000	22.750	7.6640e-02
12.000	23.000	7.6749e-02
12.000	23.250	7.6826e-02
12.000	23.500	7.6848e-02
12.000	23.750	7.6859e-02
12.000	24.000	7.6869e-02
12.250	17.000	2.0462e-03
12.250	17.250	2.4191e-03
12.250	17.500	2.6793e-03
12.250	17.750	2.9322e-03
12.250	18.000	3.0902e-03
12.250	18.250	3.1108e-03
12.250	18.500	3.1169e-03
12.250	18.750	3.1841e-03
12.250	19.000	3.3265e-03
12.250	19.250	3.5702e-03
12.250	19.500	3.9596e-03
12.250	19.750	4.5649e-03
12.250	20.000	5.4524e-03
12.250	20.250	6.7793e-03
12.250	20.500	8.9242e-03
12.250	20.750	1.2651e-02
12.250	21.000	1.9581e-02
12.250	21.250	3.2925e-02
12.250	21.500	5.6210e-02
12.250	21.750	6.7453e-02
12.250	22.000	7.0240e-02
12.250	22.250	7.3134e-02
12.250	22.500	7.5820e-02
12.250	22.750	7.6407e-02
12.250	23.000	7.6618e-02
12.250	23.250	7.6736e-02
12.250	23.500	7.6822e-02
12.250	23.750	7.6847e-02
12.250	24.000	7.6859e-02
12.500	17.000	1.3934e-03
12.500	17.250	1.8036e-03
12.500	17.500	2.1807e-03
12.500	17.750	2.4579e-03
12.500	18.000	2.5919e-03
12.500	18.250	2.6503e-03
12.500	18.500	2.7169e-03
12.500	18.750	2.8229e-03
12.500	19.000	2.9691e-03
12.500	19.250	3.1649e-03
12.500	19.500	3.4416e-03
12.500	19.750	3.8481e-03
12.500	20.000	4.4589e-03
12.500	20.250	5.3437e-03
12.500	20.500	6.6594e-03
12.500	20.750	8.8164e-03
12.500	21.000	1.2618e-02
12.500	21.250	1.9761e-02
12.500	21.500	3.3554e-02
12.500	21.750	5.8789e-02
12.500	22.000	6.7856e-02
12.500	22.250	7.0734e-02
12.500	22.500	7.3930e-02
12.500	22.750	7.5958e-02
12.500	23.000	7.6382e-02
12.500	23.250	7.6595e-02
12.500	23.500	7.6722e-02
12.500	23.750	7.6815e-02
12.500	24.000	7.6846e-02
12.750	17.000	9.7605e-04
12.750	17.250	1.3075e-03
12.750	17.500	1.5736e-03
12.750	17.750	1.7661e-03
12.750	18.000	1.9263e-03
12.750	18.250	2.0797e-03
12.750	18.500	2.2305e-03
12.750	18.750	2.3946e-03
12.750	19.000	2.5796e-03
12.750	19.250	2.7819e-03
12.750	19.500	3.0128e-03
12.750	19.750	3.3075e-03
12.750	20.000	3.7213e-03
12.750	20.250	4.3252e-03
12.750	20.500	5.1937e-03
12.750	20.750	6.5012e-03
12.750	21.000	8.6635e-03
12.750	21.250	1.2572e-02
12.750	21.500	1.9891e-02
12.750	21.750	3.4922e-02
12.750	22.000	6.1609e-02
12.750	22.250	6.8248e-02
12.750	22.500	7.1408e-02
12.750	22.750	7.4430e-02
12.750	23.000	7.5987e-02
12.750	23.250	7.6362e-02
12.750	23.500	7.6578e-02
12.750	23.750	7.6710e-02
12.750	24.000	7.6806e-02
13.000	17.000	6.2008e-04
13.000	17.250	8.4700e-04
13.000	17.500	1.0130e-03
13.000	17.750	1.1509e-03
13.000	18.000	1.3169e-03
13.000	18.250	1.5029e-03
13.000	18.500	1.7012e-03
13.000	18.750	1.9127e-03
13.000	19.000	2.1398e-03
13.000	19.250	2.3730e-03
13.000	19.500	2.6068e-03
13.000	19.750	2.8580e-03
13.000	20.000	3.1598e-03
13.000	20.250	3.5706e-03
13.000	20.500	4.1673e-03
13.000	20.750	5.0114e-03
13.000	21.000	6.3040e-03
13.000	21.250	8.5071e-03
13.000	21.500	1.2467e-02
13.000	21.750	2.0391e-02
13.000	22.000	3.7039e-02
13.000	22.250	6.3881e-02
13.000	22.500	6.8712e-02
13.000	22.750	7.1918e-02
13.000	23.000	7.4629e-02
13.000	23.250	7.5985e-02
13.000	23.500	7.6346e-02
13.000	23.750	7.6563e-02
13.000	24.000	7.6695e-02
13.250	17.000	3.9918e-04
13.250	17.250	5.4675e-04
13.250	17.500	6.6510e-04
13.250	17.750	7.4420e-04
13.250	18.000	8.5638e-04
13.250	18.250	1.0136e-03
13.250	18.500	1.2045e-03
13.250	18.750	1.4239e-03
13.250	19.000	1.6687e-03
13.250	19.250	1.9289e-03
13.250	19.500	2.1881e-03
13.250	19.750	2.4432e-03
13.250	20.000	2.7030e-03
13.250	20.250	3.0056e-03
13.250	20.500	3.4063e-03
13.250	20.750	3.9752e-03
13.250	21.000	4.8032e-03
13.250	21.250	6.0881e-03
13.250	21.500	8.2928e-03
13.250	21.750	1.2363e-02
13.250	22.000	2.1056e-02
13.250	22.250	3.9620e-02
13.250	22.500	6.4875e-02
13.250	22.750	6.8728e-02
13.250	23.000	7.1941e-02
13.250	23.250	7.4659e-02
13.250	23.500	7.5973e-02
13.250	23.750	7.6330e-02
13.250	24.000	7.6540e-02
13.500	17.000	2.6716e-04
13.500	17.250	3.5770e-04
13.500	17.500	4.3358e-04
13.500	17.750	4.8453e-04
13.500	18.000	5.5251e-04
13.500	18.250	6.5975e-04
13.500	18.500	8.0691e-04
13.500	18.750	9.9169e-04
13.500	19.000	1.2162e-03
13.500	19.250	1.4708e-03
13.500	19.500	1.7393e-03
13.500	19.750	2.0043e-03
13.500	20.000	2.2606e-03
13.500	20.250	2.5216e-03
13.500	20.500	2.8174e-03
13.500	20.750	3.2056e-03
13.500	21.000	3.7528e-03
13.500	21.250	4.5469e-03
13.500	21.500	5.8165e-03
13.500	21.750	7.9915e-03
13.500	22.000	1.2275e-02
13.500	22.250	2.2094e-02
13.500	22.500	4.3857e-02
13.500	22.750	6.5335e-02
13.500	23.000	6.8820e-02
13.500	23.250	7.1685e-02
13.500	23.500	7.4527e-02
13.500	23.750	7.5939e-02
13.500	24.000	7.6297e-02
13.750	17.000	1.8658e-04
13.750	17.250	2.4494e-04
13.750	17.500	2.9259e-04
13.750	17.750	3.2683e-04
13.750	18.000	3.6642e-04
13.750	18.250	4.3144e-04
13.750	18.500	5.2815e-04
13.750	18.750	6.6115e-04
13.750	19.000	8.3523e-04
13.750	19.250	1.0517e-03
13.750	19.500	1.2999e-03
13.750	19.750	1.5628e-03
13.750	20.000	1.8227e-03
13.750	20.250	2.0728e-03
13.750	20.500	2.3277e-03
13.750	20.750	2.6154e-03
13.750	21.000	2.9859e-03
13.750	21.250	3.5075e-03
13.750	21.500	4.2737e-03
13.750	21.750	5.4896e-03
13.750	22.000	7.7259e-03
13.750	22.250	1.2504e-02
13.750	22.500	2.3549e-02
13.750	22.750	4.8089e-02
13.750	23.000	6.5736e-02
13.750	23.250	6.8843e-02
13.750	23.500	7.1502e-02
13.750	23.750	7.4579e-02
13.750	24.000	7.5879e-02
14.000	17.000	1.3564e-04
14.000	17.250	1.7654e-04
14.000	17.500	2.0872e-04
14.000	17.750	2.2971e-04
14.000	18.000	2.5440e-04
14.000	18.250	2.9259e-04
14.000	18.500	3.5193e-04
14.000	18.750	4.3695e-04
14.000	19.000	5.5539e-04
14.000	19.250	7.1506e-04
14.000	19.500	9.1580e-04
14.000	19.750	1.1491e-03
14.000	20.000	1.3980e-03
14.000	20.250	1.6463e-03
14.000	20.500	1.8856e-03
14.000	20.750	2.1287e-03
14.000	21.000	2.4046e-03
14.000	21.250	2.7627e-03
14.000	21.500	3.2711e-03
14.000	21.750	3.9951e-03
14.000	22.000	5.2214e-03
14.000	22.250	7.6709e-03
14.000	22.500	1.3272e-02
14.000	22.750	2.6626e-02
14.000	23.000	5.2420e-02
14.000	23.250	6.5984e-02
14.000	23.500	6.8833e-02
14.000	23.750	7.1670e-02
14.000	24.000	7.4749e-02
