InwC 1324.00A  relative to Inci 1215.00A scaled to 1215A.
Hden   Phi(H)  Eq_Width (A)
 7.000	17.000	1.3808e-01
 7.000	17.250	7.1930e-02
 7.000	17.500	7.5189e-02
 7.000	17.750	7.6807e-02
 7.000	18.000	7.6844e-02
 7.000	18.250	7.6895e-02
 7.000	18.500	7.6904e-02
 7.000	18.750	7.6914e-02
 7.000	19.000	7.6923e-02
 7.000	19.250	7.6930e-02
 7.000	19.500	7.6933e-02
 7.000	19.750	7.6934e-02
 7.000	20.000	7.6934e-02
 7.000	20.250	7.6934e-02
 7.000	20.500	7.6935e-02
 7.000	20.750	7.6935e-02
 7.000	21.000	7.6935e-02
 7.000	21.250	7.6935e-02
 7.000	21.500	7.6936e-02
 7.000	21.750	7.6936e-02
 7.000	22.000	7.6936e-02
 7.000	22.250	7.6936e-02
 7.000	22.500	7.6937e-02
 7.000	22.750	7.6945e-02
 7.000	23.000	7.6939e-02
 7.000	23.250	7.6939e-02
 7.000	23.500	7.6940e-02
 7.000	23.750	7.6940e-02
 7.000	24.000	7.6940e-02
 7.250	17.000	1.8878e-01
 7.250	17.250	1.3476e-01
 7.250	17.500	7.1950e-02
 7.250	17.750	7.5211e-02
 7.250	18.000	7.6807e-02
 7.250	18.250	7.6844e-02
 7.250	18.500	7.6896e-02
 7.250	18.750	7.6904e-02
 7.250	19.000	7.6914e-02
 7.250	19.250	7.6923e-02
 7.250	19.500	7.6930e-02
 7.250	19.750	7.6933e-02
 7.250	20.000	7.6934e-02
 7.250	20.250	7.6934e-02
 7.250	20.500	7.6935e-02
 7.250	20.750	7.6935e-02
 7.250	21.000	7.6935e-02
 7.250	21.250	7.6935e-02
 7.250	21.500	7.6935e-02
 7.250	21.750	7.6935e-02
 7.250	22.000	7.6935e-02
 7.250	22.250	7.6935e-02
 7.250	22.500	7.6935e-02
 7.250	22.750	7.6936e-02
 7.250	23.000	7.6936e-02
 7.250	23.250	7.6936e-02
 7.250	23.500	7.6936e-02
 7.250	23.750	7.6936e-02
 7.250	24.000	7.6936e-02
 7.500	17.000	2.3468e-01
 7.500	17.250	1.8407e-01
 7.500	17.500	1.3165e-01
 7.500	17.750	7.1970e-02
 7.500	18.000	7.5232e-02
 7.500	18.250	7.6807e-02
 7.500	18.500	7.6844e-02
 7.500	18.750	7.6895e-02
 7.500	19.000	7.6904e-02
 7.500	19.250	7.6914e-02
 7.500	19.500	7.6923e-02
 7.500	19.750	7.6930e-02
 7.500	20.000	7.6933e-02
 7.500	20.250	7.6934e-02
 7.500	20.500	7.6934e-02
 7.500	20.750	7.6934e-02
 7.500	21.000	7.6935e-02
 7.500	21.250	7.6935e-02
 7.500	21.500	7.6935e-02
 7.500	21.750	7.6935e-02
 7.500	22.000	7.6935e-02
 7.500	22.250	7.6935e-02
 7.500	22.500	7.6935e-02
 7.500	22.750	7.6935e-02
 7.500	23.000	7.6935e-02
 7.500	23.250	7.6935e-02
 7.500	23.500	7.6935e-02
 7.500	23.750	7.6935e-02
 7.500	24.000	7.6935e-02
 7.750	17.000	2.7162e-01
 7.750	17.250	2.3115e-01
 7.750	17.500	1.7880e-01
 7.750	17.750	1.2809e-01
 7.750	18.000	7.1987e-02
 7.750	18.250	7.5252e-02
 7.750	18.500	7.6807e-02
 7.750	18.750	7.6844e-02
 7.750	19.000	7.6895e-02
 7.750	19.250	7.6904e-02
 7.750	19.500	7.6914e-02
 7.750	19.750	7.6923e-02
 7.750	20.000	7.6930e-02
 7.750	20.250	7.6933e-02
 7.750	20.500	7.6934e-02
 7.750	20.750	7.6934e-02
 7.750	21.000	7.6934e-02
 7.750	21.250	7.6935e-02
 7.750	21.500	7.6935e-02
 7.750	21.750	7.6935e-02
 7.750	22.000	7.6935e-02
 7.750	22.250	7.6935e-02
 7.750	22.500	7.6935e-02
 7.750	22.750	7.6935e-02
 7.750	23.000	7.6935e-02
 7.750	23.250	7.6935e-02
 7.750	23.500	7.6935e-02
 7.750	23.750	7.6935e-02
 7.750	24.000	7.6935e-02
 8.000	17.000	2.9607e-01
 8.000	17.250	2.6980e-01
 8.000	17.500	2.2769e-01
 8.000	17.750	1.7363e-01
 8.000	18.000	1.2456e-01
 8.000	18.250	7.1993e-02
 8.000	18.500	7.5256e-02
 8.000	18.750	7.6807e-02
 8.000	19.000	7.6844e-02
 8.000	19.250	7.6896e-02
 8.000	19.500	7.6904e-02
 8.000	19.750	7.6914e-02
 8.000	20.000	7.6923e-02
 8.000	20.250	7.6930e-02
 8.000	20.500	7.6933e-02
 8.000	20.750	7.6934e-02
 8.000	21.000	7.6934e-02
 8.000	21.250	7.6934e-02
 8.000	21.500	7.6935e-02
 8.000	21.750	7.6935e-02
 8.000	22.000	7.6935e-02
 8.000	22.250	7.6935e-02
 8.000	22.500	7.6935e-02
 8.000	22.750	7.6935e-02
 8.000	23.000	7.6935e-02
 8.000	23.250	7.6935e-02
 8.000	23.500	7.6935e-02
 8.000	23.750	7.6935e-02
 8.000	24.000	7.6935e-02
 8.250	17.000	3.1141e-01
 8.250	17.250	2.9440e-01
 8.250	17.500	2.6662e-01
 8.250	17.750	2.2152e-01
 8.250	18.000	1.6437e-01
 8.250	18.250	1.1796e-01
 8.250	18.500	7.2005e-02
 8.250	18.750	7.5276e-02
 8.250	19.000	7.6807e-02
 8.250	19.250	7.6844e-02
 8.250	19.500	7.6896e-02
 8.250	19.750	7.6904e-02
 8.250	20.000	7.6914e-02
 8.250	20.250	7.6923e-02
 8.250	20.500	7.6930e-02
 8.250	20.750	7.6933e-02
 8.250	21.000	7.6934e-02
 8.250	21.250	7.6934e-02
 8.250	21.500	7.6934e-02
 8.250	21.750	7.6934e-02
 8.250	22.000	7.6935e-02
 8.250	22.250	7.6934e-02
 8.250	22.500	7.6935e-02
 8.250	22.750	7.6935e-02
 8.250	23.000	7.6935e-02
 8.250	23.250	7.6935e-02
 8.250	23.500	7.6935e-02
 8.250	23.750	7.6935e-02
 8.250	24.000	7.6935e-02
 8.500	17.000	3.2151e-01
 8.500	17.250	3.0999e-01
 8.500	17.500	2.9177e-01
 8.500	17.750	2.6115e-01
 8.500	18.000	2.1151e-01
 8.500	18.250	1.5066e-01
 8.500	18.500	1.0924e-01
 8.500	18.750	7.2007e-02
 8.500	19.000	7.5297e-02
 8.500	19.250	7.6807e-02
 8.500	19.500	7.6845e-02
 8.500	19.750	7.6895e-02
 8.500	20.000	7.6904e-02
 8.500	20.250	7.6914e-02
 8.500	20.500	7.6923e-02
 8.500	20.750	7.6930e-02
 8.500	21.000	7.6933e-02
 8.500	21.250	7.6934e-02
 8.500	21.500	7.6934e-02
 8.500	21.750	7.6934e-02
 8.500	22.000	7.6935e-02
 8.500	22.250	7.6934e-02
 8.500	22.500	7.6935e-02
 8.500	22.750	7.6935e-02
 8.500	23.000	7.6935e-02
 8.500	23.250	7.6935e-02
 8.500	23.500	7.6935e-02
 8.500	23.750	7.6935e-02
 8.500	24.000	7.6935e-02
 8.750	17.000	3.2840e-01
 8.750	17.250	3.2025e-01
 8.750	17.500	3.0766e-01
 8.750	17.750	2.8716e-01
 8.750	18.000	2.5166e-01
 8.750	18.250	1.9487e-01
 8.750	18.500	1.3649e-01
 8.750	18.750	1.0048e-01
 8.750	19.000	7.2005e-02
 8.750	19.250	7.5316e-02
 8.750	19.500	7.6807e-02
 8.750	19.750	7.6845e-02
 8.750	20.000	7.6895e-02
 8.750	20.250	7.6904e-02
 8.750	20.500	7.6914e-02
 8.750	20.750	7.6923e-02
 8.750	21.000	7.6930e-02
 8.750	21.250	7.6933e-02
 8.750	21.500	7.6934e-02
 8.750	21.750	7.6934e-02
 8.750	22.000	7.6935e-02
 8.750	22.250	7.6934e-02
 8.750	22.500	7.6935e-02
 8.750	22.750	7.6935e-02
 8.750	23.000	7.6935e-02
 8.750	23.250	7.6935e-02
 8.750	23.500	7.6935e-02
 8.750	23.750	7.6935e-02
 8.750	24.000	7.6935e-02
 9.000	17.000	3.3312e-01
 9.000	17.250	3.2718e-01
 9.000	17.500	3.1809e-01
 9.000	17.750	3.0351e-01
 9.000	18.000	2.7852e-01
 9.000	18.250	2.3594e-01
 9.000	18.500	1.7404e-01
 9.000	18.750	1.1871e-01
 9.000	19.000	8.8269e-02
 9.000	19.250	7.1997e-02
 9.000	19.500	7.5330e-02
 9.000	19.750	7.6806e-02
 9.000	20.000	7.6845e-02
 9.000	20.250	7.6895e-02
 9.000	20.500	7.6904e-02
 9.000	20.750	7.6914e-02
 9.000	21.000	7.6923e-02
 9.000	21.250	7.6930e-02
 9.000	21.500	7.6933e-02
 9.000	21.750	7.6934e-02
 9.000	22.000	7.6934e-02
 9.000	22.250	7.6934e-02
 9.000	22.500	7.6934e-02
 9.000	22.750	7.6934e-02
 9.000	23.000	7.6935e-02
 9.000	23.250	7.6935e-02
 9.000	23.500	7.6935e-02
 9.000	23.750	7.6934e-02
 9.000	24.000	7.6934e-02
 9.250	17.000	3.3637e-01
 9.250	17.250	3.3191e-01
 9.250	17.500	3.2508e-01
 9.250	17.750	3.1417e-01
 9.250	18.000	2.9580e-01
 9.250	18.250	2.6468e-01
 9.250	18.500	2.1604e-01
 9.250	18.750	1.5397e-01
 9.250	19.000	1.0684e-01
 9.250	19.250	7.8100e-02
 9.250	19.500	7.1987e-02
 9.250	19.750	7.5335e-02
 9.250	20.000	7.6804e-02
 9.250	20.250	7.6845e-02
 9.250	20.500	7.6895e-02
 9.250	20.750	7.6904e-02
 9.250	21.000	7.6914e-02
 9.250	21.250	7.6923e-02
 9.250	21.500	7.6922e-02
 9.250	21.750	7.6895e-02
 9.250	22.000	7.6894e-02
 9.250	22.250	7.6897e-02
 9.250	22.500	7.6934e-02
 9.250	22.750	7.6934e-02
 9.250	23.000	7.6934e-02
 9.250	23.250	7.6934e-02
 9.250	23.500	7.6934e-02
 9.250	23.750	7.6934e-02
 9.250	24.000	7.6935e-02
 9.500	17.000	3.3860e-01
 9.500	17.250	3.3515e-01
 9.500	17.500	3.2981e-01
 9.500	17.750	3.2130e-01
 9.500	18.000	3.0703e-01
 9.500	18.250	2.8329e-01
 9.500	18.500	2.4706e-01
 9.500	18.750	1.9486e-01
 9.500	19.000	1.3228e-01
 9.500	19.250	9.6677e-02
 9.500	19.500	7.2194e-02
 9.500	19.750	7.1983e-02
 9.500	20.000	7.5328e-02
 9.500	20.250	7.6800e-02
 9.500	20.500	7.6844e-02
 9.500	20.750	7.6894e-02
 9.500	21.000	7.6893e-02
 9.500	21.250	7.6882e-02
 9.500	21.500	7.6883e-02
 9.500	21.750	7.6884e-02
 9.500	22.000	7.6871e-02
 9.500	22.250	7.6861e-02
 9.500	22.500	7.6864e-02
 9.500	22.750	7.6865e-02
 9.500	23.000	7.6864e-02
 9.500	23.250	7.6863e-02
 9.500	23.500	7.6887e-02
 9.500	23.750	7.6887e-02
 9.500	24.000	7.6887e-02
 9.750	17.000	3.4013e-01
 9.750	17.250	3.3735e-01
 9.750	17.500	3.3308e-01
 9.750	17.750	3.2615e-01
 9.750	18.000	3.1457e-01
 9.750	18.250	2.9548e-01
 9.750	18.500	2.6726e-01
 9.750	18.750	2.2737e-01
 9.750	19.000	1.7374e-01
 9.750	19.250	1.1756e-01
 9.750	19.500	8.3808e-02
 9.750	19.750	6.9565e-02
 9.750	20.000	7.2011e-02
 9.750	20.250	7.5311e-02
 9.750	20.500	7.6793e-02
 9.750	20.750	7.6843e-02
 9.750	21.000	7.6895e-02
 9.750	21.250	7.6901e-02
 9.750	21.500	7.6901e-02
 9.750	21.750	7.6887e-02
 9.750	22.000	7.6888e-02
 9.750	22.250	7.6880e-02
 9.750	22.500	7.6868e-02
 9.750	22.750	7.6861e-02
 9.750	23.000	7.6863e-02
 9.750	23.250	7.6864e-02
 9.750	23.500	7.6865e-02
 9.750	23.750	7.6865e-02
 9.750	24.000	7.6865e-02
10.000	17.000	3.4113e-01
10.000	17.250	3.3884e-01
10.000	17.500	3.3530e-01
10.000	17.750	3.2943e-01
10.000	18.000	3.1956e-01
10.000	18.250	3.0350e-01
10.000	18.500	2.8069e-01
10.000	18.750	2.4921e-01
10.000	19.000	2.0734e-01
10.000	19.250	1.5310e-01
10.000	19.500	1.0501e-01
10.000	19.750	7.4819e-02
10.000	20.000	6.9690e-02
10.000	20.250	7.2040e-02
10.000	20.500	7.5302e-02
10.000	20.750	7.6784e-02
10.000	21.000	7.6840e-02
10.000	21.250	7.6895e-02
10.000	21.500	7.6903e-02
10.000	21.750	7.6910e-02
10.000	22.000	7.6901e-02
10.000	22.250	7.6890e-02
10.000	22.500	7.6887e-02
10.000	22.750	7.6878e-02
10.000	23.000	7.6869e-02
10.000	23.250	7.6864e-02
10.000	23.500	7.6861e-02
10.000	23.750	7.6861e-02
10.000	24.000	7.6862e-02
10.250	17.000	3.4173e-01
10.250	17.250	3.3981e-01
10.250	17.500	3.3674e-01
10.250	17.750	3.3158e-01
10.250	18.000	3.2273e-01
10.250	18.250	3.0887e-01
10.250	18.500	2.8940e-01
10.250	18.750	2.6355e-01
10.250	19.000	2.2991e-01
10.250	19.250	1.8700e-01
10.250	19.500	1.4040e-01
10.250	19.750	9.8148e-02
10.250	20.000	7.0113e-02
10.250	20.250	6.9758e-02
10.250	20.500	7.2085e-02
10.250	20.750	7.5324e-02
10.250	21.000	7.6771e-02
10.250	21.250	7.6837e-02
10.250	21.500	7.6895e-02
10.250	21.750	7.6904e-02
10.250	22.000	7.6913e-02
10.250	22.250	7.6916e-02
10.250	22.500	7.6891e-02
10.250	22.750	7.6890e-02
10.250	23.000	7.6885e-02
10.250	23.250	7.6879e-02
10.250	23.500	7.6874e-02
10.250	23.750	7.6870e-02
10.250	24.000	7.6869e-02
10.500	17.000	3.4199e-01
10.500	17.250	3.4036e-01
10.500	17.500	3.3762e-01
10.500	17.750	3.3284e-01
10.500	18.000	3.2459e-01
10.500	18.250	3.1191e-01
10.500	18.500	2.9524e-01
10.500	18.750	2.7411e-01
10.500	19.000	2.4893e-01
10.500	19.250	2.1857e-01
10.500	19.500	1.8013e-01
10.500	19.750	1.3508e-01
10.500	20.000	9.1572e-02
10.500	20.250	6.7759e-02
10.500	20.500	6.9797e-02
10.500	20.750	7.2129e-02
10.500	21.000	7.5388e-02
10.500	21.250	7.6754e-02
10.500	21.500	7.6831e-02
10.500	21.750	7.6893e-02
10.500	22.000	7.6904e-02
10.500	22.250	7.6914e-02
10.500	22.500	7.6921e-02
10.500	22.750	7.6898e-02
10.500	23.000	7.6892e-02
10.500	23.250	7.6890e-02
10.500	23.500	7.6886e-02
10.500	23.750	7.6883e-02
10.500	24.000	7.6880e-02
10.750	17.000	3.4179e-01
10.750	17.250	3.4048e-01
10.750	17.500	3.3792e-01
10.750	17.750	3.3319e-01
10.750	18.000	3.2527e-01
10.750	18.250	3.1381e-01
10.750	18.500	2.9935e-01
10.750	18.750	2.8252e-01
10.750	19.000	2.6421e-01
10.750	19.250	2.4254e-01
10.750	19.500	2.1351e-01
10.750	19.750	1.7481e-01
10.750	20.000	1.2878e-01
10.750	20.250	8.4160e-02
10.750	20.500	6.7925e-02
10.750	20.750	6.9884e-02
10.750	21.000	7.2219e-02
10.750	21.250	7.5533e-02
10.750	21.500	7.6735e-02
10.750	21.750	7.6823e-02
10.750	22.000	7.6887e-02
10.750	22.250	7.6903e-02
10.750	22.500	7.6914e-02
10.750	22.750	7.6922e-02
10.750	23.000	7.6917e-02
10.750	23.250	7.6893e-02
10.750	23.500	7.6893e-02
10.750	23.750	7.6891e-02
10.750	24.000	7.6889e-02
11.000	17.000	3.4090e-01
11.000	17.250	3.4008e-01
11.000	17.500	3.3756e-01
11.000	17.750	3.3272e-01
11.000	18.000	3.2490e-01
11.000	18.250	3.1418e-01
11.000	18.500	3.0125e-01
11.000	18.750	2.8793e-01
11.000	19.000	2.7484e-01
11.000	19.250	2.5964e-01
11.000	19.500	2.3890e-01
11.000	19.750	2.0926e-01
11.000	20.000	1.6899e-01
11.000	20.250	1.2151e-01
11.000	20.500	7.6214e-02
11.000	20.750	6.7822e-02
11.000	21.000	6.9924e-02
11.000	21.250	7.2394e-02
11.000	21.500	7.5801e-02
11.000	21.750	7.6708e-02
11.000	22.000	7.6814e-02
11.000	22.250	7.6885e-02
11.000	22.500	7.6903e-02
11.000	22.750	7.6913e-02
11.000	23.000	7.6923e-02
11.000	23.250	7.6926e-02
11.000	23.500	7.6900e-02
11.000	23.750	7.6894e-02
11.000	24.000	7.6893e-02
11.250	17.000	3.3974e-01
11.250	17.250	3.3887e-01
11.250	17.500	3.3635e-01
11.250	17.750	3.3122e-01
11.250	18.000	3.2304e-01
11.250	18.250	3.1247e-01
11.250	18.500	3.0127e-01
11.250	18.750	2.9081e-01
11.250	19.000	2.8186e-01
11.250	19.250	2.7155e-01
11.250	19.500	2.5686e-01
11.250	19.750	2.3548e-01
11.250	20.000	2.0447e-01
11.250	20.250	1.6222e-01
11.250	20.500	1.1312e-01
11.250	20.750	6.9460e-02
11.250	21.000	6.7823e-02
11.250	21.250	7.0021e-02
11.250	21.500	7.2741e-02
11.250	21.750	7.6141e-02
11.250	22.000	7.6674e-02
11.250	22.250	7.6803e-02
11.250	22.500	7.6875e-02
11.250	22.750	7.6902e-02
11.250	23.000	7.6913e-02
11.250	23.250	7.6923e-02
11.250	23.500	7.6929e-02
11.250	23.750	7.6919e-02
11.250	24.000	7.6896e-02
11.500	17.000	3.3900e-01
11.500	17.250	3.3720e-01
11.500	17.500	3.3411e-01
11.500	17.750	3.2825e-01
11.500	18.000	3.1913e-01
11.500	18.250	3.0821e-01
11.500	18.500	2.9846e-01
11.500	18.750	2.9116e-01
11.500	19.000	2.8557e-01
11.500	19.250	2.7874e-01
11.500	19.500	2.6897e-01
11.500	19.750	2.5396e-01
11.500	20.000	2.3173e-01
11.500	20.250	1.9905e-01
11.500	20.500	1.5462e-01
11.500	20.750	1.0382e-01
11.500	21.000	6.3752e-02
11.500	21.250	6.7822e-02
11.500	21.500	7.0265e-02
11.500	21.750	7.3378e-02
11.500	22.000	7.6278e-02
11.500	22.250	7.6634e-02
11.500	22.500	7.6790e-02
11.500	22.750	7.6874e-02
11.500	23.000	7.6900e-02
11.500	23.250	7.6912e-02
11.500	23.500	7.6922e-02
11.500	23.750	7.6930e-02
11.500	24.000	7.6928e-02
11.750	17.000	3.3833e-01
11.750	17.250	3.3550e-01
11.750	17.500	3.3103e-01
11.750	17.750	3.2340e-01
11.750	18.000	3.1235e-01
11.750	18.250	3.0136e-01
11.750	18.500	2.9361e-01
11.750	18.750	2.8960e-01
11.750	19.000	2.8644e-01
11.750	19.250	2.8243e-01
11.750	19.500	2.7622e-01
11.750	19.750	2.6644e-01
11.750	20.000	2.5112e-01
11.750	20.250	2.2778e-01
11.750	20.500	1.9304e-01
11.750	20.750	1.4606e-01
11.750	21.000	9.4069e-02
11.750	21.250	6.3567e-02
11.750	21.500	6.7893e-02
11.750	21.750	7.0668e-02
11.750	22.000	7.4149e-02
11.750	22.250	7.6201e-02
11.750	22.500	7.6582e-02
11.750	22.750	7.6770e-02
11.750	23.000	7.6869e-02
11.750	23.250	7.6899e-02
11.750	23.500	7.6912e-02
11.750	23.750	7.6922e-02
11.750	24.000	7.6930e-02
12.000	17.000	3.3723e-01
12.000	17.250	3.3307e-01
12.000	17.500	3.2638e-01
12.000	17.750	3.1586e-01
12.000	18.000	3.0289e-01
12.000	18.250	2.9253e-01
12.000	18.500	2.8751e-01
12.000	18.750	2.8568e-01
12.000	19.000	2.8464e-01
12.000	19.250	2.8297e-01
12.000	19.500	2.7967e-01
12.000	19.750	2.7382e-01
12.000	20.000	2.6402e-01
12.000	20.250	2.4803e-01
12.000	20.500	2.2334e-01
12.000	20.750	1.8646e-01
12.000	21.000	1.3685e-01
12.000	21.250	8.4475e-02
12.000	21.500	6.3828e-02
12.000	21.750	6.8112e-02
12.000	22.000	7.1201e-02
12.000	22.250	7.4767e-02
12.000	22.500	7.6115e-02
12.000	22.750	7.6533e-02
12.000	23.000	7.6742e-02
12.000	23.250	7.6860e-02
12.000	23.500	7.6897e-02
12.000	23.750	7.6911e-02
12.000	24.000	7.6922e-02
12.250	17.000	3.0223e-01
12.250	17.250	3.2819e-01
12.250	17.500	3.1835e-01
12.250	17.750	3.0431e-01
12.250	18.000	2.9061e-01
12.250	18.250	2.8225e-01
12.250	18.500	2.7958e-01
12.250	18.750	2.7993e-01
12.250	19.000	2.8067e-01
12.250	19.250	2.8086e-01
12.250	19.500	2.8005e-01
12.250	19.750	2.7733e-01
12.250	20.000	2.7146e-01
12.250	20.250	2.6145e-01
12.250	20.500	2.4445e-01
12.250	20.750	2.1822e-01
12.250	21.000	1.7913e-01
12.250	21.250	1.2679e-01
12.250	21.500	7.7596e-02
12.250	21.750	6.4129e-02
12.250	22.000	6.8440e-02
12.250	22.250	7.1895e-02
12.250	22.500	7.5051e-02
12.250	22.750	7.6045e-02
12.250	23.000	7.6483e-02
12.250	23.250	7.6712e-02
12.250	23.500	7.6850e-02
12.250	23.750	7.6895e-02
12.250	24.000	7.6910e-02
12.500	17.000	1.6706e-01
12.500	17.250	2.9815e-01
12.500	17.500	3.0412e-01
12.500	17.750	2.8870e-01
12.500	18.000	2.7614e-01
12.500	18.250	2.6886e-01
12.500	18.500	2.6933e-01
12.500	18.750	2.7156e-01
12.500	19.000	2.7424e-01
12.500	19.250	2.7653e-01
12.500	19.500	2.7784e-01
12.500	19.750	2.7752e-01
12.500	20.000	2.7496e-01
12.500	20.250	2.6901e-01
12.500	20.500	2.5843e-01
12.500	20.750	2.4049e-01
12.500	21.000	2.1237e-01
12.500	21.250	1.7063e-01
12.500	21.500	1.1863e-01
12.500	21.750	6.9884e-02
12.500	22.000	6.4599e-02
12.500	22.250	6.8907e-02
12.500	22.500	7.2584e-02
12.500	22.750	7.5157e-02
12.500	23.000	7.5986e-02
12.500	23.250	7.6431e-02
12.500	23.500	7.6680e-02
12.500	23.750	7.6836e-02
12.500	24.000	7.6892e-02
12.750	17.000	8.5365e-02
12.750	17.250	1.7633e-01
12.750	17.500	2.7892e-01
12.750	17.750	2.6768e-01
12.750	18.000	2.5549e-01
12.750	18.250	2.5357e-01
12.750	18.500	2.5634e-01
12.750	18.750	2.6036e-01
12.750	19.000	2.6514e-01
12.750	19.250	2.6944e-01
12.750	19.500	2.7302e-01
12.750	19.750	2.7511e-01
12.750	20.000	2.7507e-01
12.750	20.250	2.7251e-01
12.750	20.500	2.6622e-01
12.750	20.750	2.5478e-01
12.750	21.000	2.3545e-01
12.750	21.250	2.0477e-01
12.750	21.500	1.6243e-01
12.750	21.750	1.0652e-01
12.750	22.000	6.4035e-02
12.750	22.250	6.5101e-02
12.750	22.500	6.9479e-02
12.750	22.750	7.3008e-02
12.750	23.000	7.5170e-02
12.750	23.250	7.5943e-02
12.750	23.500	7.6393e-02
12.750	23.750	7.6653e-02
12.750	24.000	7.6819e-02
13.000	17.000	1.4804e-02
13.000	17.250	3.3891e-02
13.000	17.500	1.1646e-01
13.000	17.750	1.9854e-01
13.000	18.000	2.2040e-01
13.000	18.250	2.3642e-01
13.000	18.500	2.4024e-01
13.000	18.750	2.4633e-01
13.000	19.000	2.5307e-01
13.000	19.250	2.5949e-01
13.000	19.500	2.6517e-01
13.000	19.750	2.6968e-01
13.000	20.000	2.7230e-01
13.000	20.250	2.7246e-01
13.000	20.500	2.6959e-01
13.000	20.750	2.6263e-01
13.000	21.000	2.4992e-01
13.000	21.250	2.2818e-01
13.000	21.500	1.9638e-01
13.000	21.750	1.4823e-01
13.000	22.000	9.2241e-02
13.000	22.250	6.1091e-02
13.000	22.500	6.5693e-02
13.000	22.750	6.9861e-02
13.000	23.000	7.3183e-02
13.000	23.250	7.5166e-02
13.000	23.500	7.5909e-02
13.000	23.750	7.6361e-02
13.000	24.000	7.6621e-02
13.250	17.000	9.0626e-03
13.250	17.250	1.6715e-02
13.250	17.500	3.9406e-02
13.250	17.750	8.7110e-02
13.250	18.000	1.5482e-01
13.250	18.250	1.8729e-01
13.250	18.500	2.2241e-01
13.250	18.750	2.2934e-01
13.250	19.000	2.3795e-01
13.250	19.250	2.4655e-01
13.250	19.500	2.5452e-01
13.250	19.750	2.6119e-01
13.250	20.000	2.6623e-01
13.250	20.250	2.6914e-01
13.250	20.500	2.6929e-01
13.250	20.750	2.6572e-01
13.250	21.000	2.5751e-01
13.250	21.250	2.4256e-01
13.250	21.500	2.1922e-01
13.250	21.750	1.8111e-01
13.250	22.000	1.2889e-01
13.250	22.250	7.8109e-02
13.250	22.500	6.0507e-02
13.250	22.750	6.5779e-02
13.250	23.000	6.9856e-02
13.250	23.250	7.3219e-02
13.250	23.500	7.5142e-02
13.250	23.750	7.5878e-02
13.250	24.000	7.6314e-02
13.500	17.000	5.6121e-03
13.500	17.250	1.0085e-02
13.500	17.500	2.1815e-02
13.500	17.750	4.7109e-02
13.500	18.000	9.6056e-02
13.500	18.250	1.5555e-01
13.500	18.500	1.8254e-01
13.500	18.750	2.1079e-01
13.500	19.000	2.2025e-01
13.500	19.250	2.3082e-01
13.500	19.500	2.4093e-01
13.500	19.750	2.4977e-01
13.500	20.000	2.5703e-01
13.500	20.250	2.6239e-01
13.500	20.500	2.6526e-01
13.500	20.750	2.6502e-01
13.500	21.000	2.6034e-01
13.500	21.250	2.4992e-01
13.500	21.500	2.3287e-01
13.500	21.750	2.0263e-01
13.500	22.000	1.5829e-01
13.500	22.250	1.0528e-01
13.500	22.500	6.5432e-02
13.500	22.750	6.1035e-02
13.500	23.000	6.5917e-02
13.500	23.250	6.9663e-02
13.500	23.500	7.3097e-02
13.500	23.750	7.5080e-02
13.500	24.000	7.5814e-02
13.750	17.000	3.3952e-03
13.750	17.250	6.6347e-03
13.750	17.500	1.3637e-02
13.750	17.750	2.5434e-02
13.750	18.000	5.5618e-02
13.750	18.250	1.0513e-01
13.750	18.500	1.5042e-01
13.750	18.750	1.7750e-01
13.750	19.000	2.0137e-01
13.750	19.250	2.1255e-01
13.750	19.500	2.2444e-01
13.750	19.750	2.3550e-01
13.750	20.000	2.4495e-01
13.750	20.250	2.5248e-01
13.750	20.500	2.5782e-01
13.750	20.750	2.6029e-01
13.750	21.000	2.5887e-01
13.750	21.250	2.5212e-01
13.750	21.500	2.3957e-01
13.750	21.750	2.1499e-01
13.750	22.000	1.7658e-01
13.750	22.250	1.2884e-01
13.750	22.500	8.3681e-02
13.750	22.750	5.8227e-02
13.750	23.000	6.1509e-02
13.750	23.250	6.5975e-02
13.750	23.500	6.9483e-02
13.750	23.750	7.3090e-02
13.750	24.000	7.4967e-02
14.000	17.000	2.0659e-03
14.000	17.250	4.0133e-03
14.000	17.500	8.5917e-03
14.000	17.750	1.6030e-02
14.000	18.000	2.9425e-02
14.000	18.250	5.8948e-02
14.000	18.500	1.0064e-01
14.000	18.750	1.4504e-01
14.000	19.000	1.8022e-01
14.000	19.250	1.9317e-01
14.000	19.500	2.0557e-01
14.000	19.750	2.1844e-01
14.000	20.000	2.3006e-01
14.000	20.250	2.3975e-01
14.000	20.500	2.4719e-01
14.000	20.750	2.5203e-01
14.000	21.000	2.5333e-01
14.000	21.250	2.4966e-01
14.000	21.500	2.4060e-01
14.000	21.750	2.2025e-01
14.000	22.000	1.8640e-01
14.000	22.250	1.4254e-01
14.000	22.500	9.9517e-02
14.000	22.750	6.6458e-02
14.000	23.000	5.4956e-02
14.000	23.250	6.1723e-02
14.000	23.500	6.5864e-02
14.000	23.750	6.9427e-02
14.000	24.000	7.3114e-02
