Inwd 1240.00A  relative to Inci 1215.00A scaled to 1215A.
Hden   Phi(H)  Eq_Width (A)
 7.000	17.000	2.3787e-02
 7.000	17.250	1.7708e-02
 7.000	17.500	1.1877e-02
 7.000	17.750	3.3379e-03
 7.000	18.000	7.9193e-04
 7.000	18.250	6.6008e-05
 7.000	18.500	1.0000e-07
 7.000	18.750	1.0000e-07
 7.000	19.000	1.0000e-07
 7.000	19.250	1.0000e-07
 7.000	19.500	1.0000e-07
 7.000	19.750	1.0000e-07
 7.000	20.000	1.0000e-07
 7.000	20.250	1.0000e-07
 7.000	20.500	1.0000e-07
 7.000	20.750	1.0000e-07
 7.000	21.000	1.0000e-07
 7.000	21.250	1.0000e-07
 7.000	21.500	1.0000e-07
 7.000	21.750	1.0000e-07
 7.000	22.000	1.0000e-07
 7.000	22.250	1.0000e-07
 7.000	22.500	1.0000e-07
 7.000	22.750	1.0000e-07
 7.000	23.000	1.0000e-07
 7.000	23.250	1.0000e-07
 7.000	23.500	1.0000e-07
 7.000	23.750	1.0000e-07
 7.000	24.000	1.0000e-07
 7.250	17.000	2.8258e-02
 7.250	17.250	2.4229e-02
 7.250	17.500	1.8008e-02
 7.250	17.750	1.2069e-02
 7.250	18.000	3.3508e-03
 7.250	18.250	7.9152e-04
 7.250	18.500	6.6008e-05
 7.250	18.750	1.0000e-07
 7.250	19.000	1.0000e-07
 7.250	19.250	1.0000e-07
 7.250	19.500	1.0000e-07
 7.250	19.750	1.0000e-07
 7.250	20.000	1.0000e-07
 7.250	20.250	1.0000e-07
 7.250	20.500	1.0000e-07
 7.250	20.750	1.0000e-07
 7.250	21.000	1.0000e-07
 7.250	21.250	1.0000e-07
 7.250	21.500	1.0000e-07
 7.250	21.750	1.0000e-07
 7.250	22.000	1.0000e-07
 7.250	22.250	1.0000e-07
 7.250	22.500	1.0000e-07
 7.250	22.750	1.0000e-07
 7.250	23.000	1.0000e-07
 7.250	23.250	1.0000e-07
 7.250	23.500	1.0000e-07
 7.250	23.750	1.0000e-07
 7.250	24.000	1.0000e-07
 7.500	17.000	2.9429e-02
 7.500	17.250	2.8862e-02
 7.500	17.500	2.4651e-02
 7.500	17.750	1.8295e-02
 7.500	18.000	1.2259e-02
 7.500	18.250	3.3693e-03
 7.500	18.500	7.8872e-04
 7.500	18.750	6.5514e-05
 7.500	19.000	1.0000e-07
 7.500	19.250	1.0000e-07
 7.500	19.500	1.0000e-07
 7.500	19.750	1.0000e-07
 7.500	20.000	1.0000e-07
 7.500	20.250	1.0000e-07
 7.500	20.500	1.0000e-07
 7.500	20.750	1.0000e-07
 7.500	21.000	1.0000e-07
 7.500	21.250	1.0000e-07
 7.500	21.500	1.0000e-07
 7.500	21.750	1.0000e-07
 7.500	22.000	1.0000e-07
 7.500	22.250	1.0000e-07
 7.500	22.500	1.0000e-07
 7.500	22.750	1.0000e-07
 7.500	23.000	1.0000e-07
 7.500	23.250	1.0000e-07
 7.500	23.500	1.0000e-07
 7.500	23.750	1.0000e-07
 7.500	24.000	1.0000e-07
 7.750	17.000	2.6279e-02
 7.750	17.250	3.0153e-02
 7.750	17.500	2.9395e-02
 7.750	17.750	2.5031e-02
 7.750	18.000	1.8563e-02
 7.750	18.250	1.2442e-02
 7.750	18.500	3.3872e-03
 7.750	18.750	7.8551e-04
 7.750	19.000	6.5103e-05
 7.750	19.250	1.0000e-07
 7.750	19.500	1.0000e-07
 7.750	19.750	1.0000e-07
 7.750	20.000	1.0000e-07
 7.750	20.250	1.0000e-07
 7.750	20.500	1.0000e-07
 7.750	20.750	1.0000e-07
 7.750	21.000	1.0000e-07
 7.750	21.250	1.0000e-07
 7.750	21.500	1.0000e-07
 7.750	21.750	1.0000e-07
 7.750	22.000	1.0000e-07
 7.750	22.250	1.0000e-07
 7.750	22.500	1.0000e-07
 7.750	22.750	1.0000e-07
 7.750	23.000	1.0000e-07
 7.750	23.250	1.0000e-07
 7.750	23.500	1.0000e-07
 7.750	23.750	1.0000e-07
 7.750	24.000	1.0000e-07
 8.000	17.000	1.9084e-02
 8.000	17.250	2.6746e-02
 8.000	17.500	3.0686e-02
 8.000	17.750	2.9858e-02
 8.000	18.000	2.5304e-02
 8.000	18.250	1.8776e-02
 8.000	18.500	1.2577e-02
 8.000	18.750	3.4105e-03
 8.000	19.000	7.8428e-04
 8.000	19.250	6.4362e-05
 8.000	19.500	1.0000e-07
 8.000	19.750	1.0000e-07
 8.000	20.000	1.0000e-07
 8.000	20.250	1.0000e-07
 8.000	20.500	1.0000e-07
 8.000	20.750	1.0000e-07
 8.000	21.000	1.0000e-07
 8.000	21.250	1.0000e-07
 8.000	21.500	1.0000e-07
 8.000	21.750	1.0000e-07
 8.000	22.000	1.0000e-07
 8.000	22.250	1.0000e-07
 8.000	22.500	1.0000e-07
 8.000	22.750	1.0000e-07
 8.000	23.000	1.0000e-07
 8.000	23.250	1.0000e-07
 8.000	23.500	1.0000e-07
 8.000	23.750	1.0000e-07
 8.000	24.000	1.0000e-07
 8.250	17.000	1.1151e-02
 8.250	17.250	1.9554e-02
 8.250	17.500	2.7301e-02
 8.250	17.750	3.1208e-02
 8.250	18.000	3.0279e-02
 8.250	18.250	2.5632e-02
 8.250	18.500	1.9032e-02
 8.250	18.750	1.2763e-02
 8.250	19.000	3.5598e-03
 8.250	19.250	7.8156e-04
 8.250	19.500	6.3210e-05
 8.250	19.750	1.0000e-07
 8.250	20.000	1.0000e-07
 8.250	20.250	1.0000e-07
 8.250	20.500	1.0000e-07
 8.250	20.750	1.0000e-07
 8.250	21.000	1.0000e-07
 8.250	21.250	1.0000e-07
 8.250	21.500	1.0000e-07
 8.250	21.750	1.0000e-07
 8.250	22.000	1.0000e-07
 8.250	22.250	1.0000e-07
 8.250	22.500	1.0000e-07
 8.250	22.750	1.0000e-07
 8.250	23.000	1.0000e-07
 8.250	23.250	1.0000e-07
 8.250	23.500	1.0000e-07
 8.250	23.750	1.0000e-07
 8.250	24.000	1.0000e-07
 8.500	17.000	5.3588e-03
 8.500	17.250	1.1368e-02
 8.500	17.500	1.9910e-02
 8.500	17.750	2.7742e-02
 8.500	18.000	3.1533e-02
 8.500	18.250	3.0660e-02
 8.500	18.500	2.5910e-02
 8.500	18.750	1.9291e-02
 8.500	19.000	1.2958e-02
 8.500	19.250	3.5905e-03
 8.500	19.500	7.7473e-04
 8.500	19.750	6.2140e-05
 8.500	20.000	1.0000e-07
 8.500	20.250	1.0000e-07
 8.500	20.500	1.0000e-07
 8.500	20.750	1.0000e-07
 8.500	21.000	1.0000e-07
 8.500	21.250	1.0000e-07
 8.500	21.500	1.0000e-07
 8.500	21.750	1.0000e-07
 8.500	22.000	1.0000e-07
 8.500	22.250	1.0000e-07
 8.500	22.500	1.0000e-07
 8.500	22.750	1.0000e-07
 8.500	23.000	1.0000e-07
 8.500	23.250	1.0000e-07
 8.500	23.500	1.0000e-07
 8.500	23.750	1.0000e-07
 8.500	24.000	1.0000e-07
 8.750	17.000	2.2696e-03
 8.750	17.250	5.4421e-03
 8.750	17.500	1.1523e-02
 8.750	17.750	2.0167e-02
 8.750	18.000	2.8095e-02
 8.750	18.250	3.1920e-02
 8.750	18.500	3.1007e-02
 8.750	18.750	2.6226e-02
 8.750	19.000	1.9552e-02
 8.750	19.250	1.3164e-02
 8.750	19.500	3.6263e-03
 8.750	19.750	7.7037e-04
 8.750	20.000	6.0905e-05
 8.750	20.250	1.0000e-07
 8.750	20.500	1.0000e-07
 8.750	20.750	1.0000e-07
 8.750	21.000	1.0000e-07
 8.750	21.250	1.0000e-07
 8.750	21.500	1.0000e-07
 8.750	21.750	1.0000e-07
 8.750	22.000	1.0000e-07
 8.750	22.250	1.0000e-07
 8.750	22.500	1.0000e-07
 8.750	22.750	1.0000e-07
 8.750	23.000	1.0000e-07
 8.750	23.250	1.0000e-07
 8.750	23.500	1.0000e-07
 8.750	23.750	1.0000e-07
 8.750	24.000	1.0000e-07
 9.000	17.000	8.8922e-04
 9.000	17.250	2.3143e-03
 9.000	17.500	5.5185e-03
 9.000	17.750	1.1639e-02
 9.000	18.000	2.0367e-02
 9.000	18.250	2.8402e-02
 9.000	18.500	3.2282e-02
 9.000	18.750	3.1311e-02
 9.000	19.000	2.6525e-02
 9.000	19.250	1.9818e-02
 9.000	19.500	1.3382e-02
 9.000	19.750	3.6703e-03
 9.000	20.000	8.0354e-04
 9.000	20.250	5.9424e-05
 9.000	20.500	1.0000e-07
 9.000	20.750	1.0000e-07
 9.000	21.000	1.0000e-07
 9.000	21.250	1.0000e-07
 9.000	21.500	1.0000e-07
 9.000	21.750	1.0000e-07
 9.000	22.000	1.0000e-07
 9.000	22.250	1.0000e-07
 9.000	22.500	1.0000e-07
 9.000	22.750	1.0000e-07
 9.000	23.000	1.0000e-07
 9.000	23.250	1.0000e-07
 9.000	23.500	1.0000e-07
 9.000	23.750	1.0000e-07
 9.000	24.000	1.0000e-07
 9.250	17.000	3.2461e-04
 9.250	17.250	9.1852e-04
 9.250	17.500	2.3724e-03
 9.250	17.750	5.6087e-03
 9.250	18.000	1.1764e-02
 9.250	18.250	2.0573e-02
 9.250	18.500	2.8727e-02
 9.250	18.750	3.2658e-02
 9.250	19.000	3.1668e-02
 9.250	19.250	2.6855e-02
 9.250	19.500	2.0077e-02
 9.250	19.750	1.3608e-02
 9.250	20.000	3.7235e-03
 9.250	20.250	8.1868e-04
 9.250	20.500	5.4897e-05
 9.250	20.750	1.0000e-07
 9.250	21.000	1.0000e-07
 9.250	21.250	1.0000e-07
 9.250	21.500	1.0000e-07
 9.250	21.750	1.0000e-07
 9.250	22.000	1.0000e-07
 9.250	22.250	1.0000e-07
 9.250	22.500	1.0000e-07
 9.250	22.750	1.0000e-07
 9.250	23.000	1.0000e-07
 9.250	23.250	1.0000e-07
 9.250	23.500	1.0000e-07
 9.250	23.750	1.0000e-07
 9.250	24.000	1.0000e-07
 9.500	17.000	8.9712e-05
 9.500	17.250	3.3827e-04
 9.500	17.500	9.5852e-04
 9.500	17.750	2.4534e-03
 9.500	18.000	5.7279e-03
 9.500	18.250	1.1948e-02
 9.500	18.500	2.0878e-02
 9.500	18.750	2.9106e-02
 9.500	19.000	3.3022e-02
 9.500	19.250	3.2010e-02
 9.500	19.500	2.7155e-02
 9.500	19.750	2.0330e-02
 9.500	20.000	1.3821e-02
 9.500	20.250	3.7877e-03
 9.500	20.500	8.1588e-04
 9.500	20.750	5.3909e-05
 9.500	21.000	1.0000e-07
 9.500	21.250	1.0000e-07
 9.500	21.500	1.0000e-07
 9.500	21.750	1.0000e-07
 9.500	22.000	1.0000e-07
 9.500	22.250	1.0000e-07
 9.500	22.500	1.0000e-07
 9.500	22.750	1.0000e-07
 9.500	23.000	1.0000e-07
 9.500	23.250	1.0000e-07
 9.500	23.500	1.0000e-07
 9.500	23.750	1.0000e-07
 9.500	24.000	1.0000e-07
 9.750	17.000	1.3086e-05
 9.750	17.250	9.3580e-05
 9.750	17.500	3.5704e-04
 9.750	17.750	1.0116e-03
 9.750	18.000	2.5612e-03
 9.750	18.250	5.9077e-03
 9.750	18.500	1.2277e-02
 9.750	18.750	2.1282e-02
 9.750	19.000	2.9466e-02
 9.750	19.250	3.3347e-02
 9.750	19.500	3.2266e-02
 9.750	19.750	2.7405e-02
 9.750	20.000	2.0594e-02
 9.750	20.250	1.4067e-02
 9.750	20.500	3.8679e-03
 9.750	20.750	8.1531e-04
 9.750	21.000	5.2675e-05
 9.750	21.250	1.0000e-07
 9.750	21.500	1.0000e-07
 9.750	21.750	1.0000e-07
 9.750	22.000	1.0000e-07
 9.750	22.250	1.0000e-07
 9.750	22.500	1.0000e-07
 9.750	22.750	1.0000e-07
 9.750	23.000	1.0000e-07
 9.750	23.250	1.0000e-07
 9.750	23.500	1.0000e-07
 9.750	23.750	1.0000e-07
 9.750	24.000	1.0000e-07
10.000	17.000	9.8765e-07
10.000	17.250	1.3827e-05
10.000	17.500	9.9506e-05
10.000	17.750	3.7967e-04
10.000	18.000	1.0770e-03
10.000	18.250	2.6968e-03
10.000	18.500	6.2227e-03
10.000	18.750	1.2714e-02
10.000	19.000	2.1695e-02
10.000	19.250	2.9791e-02
10.000	19.500	3.3648e-02
10.000	19.750	3.2591e-02
10.000	20.000	2.7711e-02
10.000	20.250	2.0950e-02
10.000	20.500	1.4394e-02
10.000	20.750	3.9628e-03
10.000	21.000	8.1605e-04
10.000	21.250	5.1358e-05
10.000	21.500	1.0000e-07
10.000	21.750	1.0000e-07
10.000	22.000	1.0000e-07
10.000	22.250	1.0000e-07
10.000	22.500	1.0000e-07
10.000	22.750	1.0000e-07
10.000	23.000	1.0000e-07
10.000	23.250	1.0000e-07
10.000	23.500	1.0000e-07
10.000	23.750	1.0000e-07
10.000	24.000	1.0000e-07
10.250	17.000	1.0000e-07
10.250	17.250	1.0700e-06
10.250	17.500	1.5144e-05
10.250	17.750	1.0700e-04
10.250	18.000	4.0469e-04
10.250	18.250	1.1532e-03
10.250	18.500	2.9234e-03
10.250	18.750	6.5993e-03
10.250	19.000	1.3163e-02
10.250	19.250	2.2103e-02
10.250	19.500	3.0158e-02
10.250	19.750	3.4053e-02
10.250	20.000	3.3097e-02
10.250	20.250	2.8234e-02
10.250	20.500	2.1506e-02
10.250	20.750	1.4898e-02
10.250	21.000	4.0749e-03
10.250	21.250	8.1893e-04
10.250	21.500	5.0617e-05
10.250	21.750	1.0000e-07
10.250	22.000	1.0000e-07
10.250	22.250	1.0000e-07
10.250	22.500	1.0000e-07
10.250	22.750	1.0000e-07
10.250	23.000	1.0000e-07
10.250	23.250	1.0000e-07
10.250	23.500	1.0000e-07
10.250	23.750	1.0000e-07
10.250	24.000	1.0000e-07
10.500	17.000	1.0000e-07
10.500	17.250	1.0000e-07
10.500	17.500	1.2346e-06
10.500	17.750	1.7119e-05
10.500	18.000	1.1654e-04
10.500	18.250	4.3457e-04
10.500	18.500	1.2566e-03
10.500	18.750	3.1459e-03
10.500	19.000	6.9349e-03
10.500	19.250	1.3626e-02
10.500	19.500	2.2633e-02
10.500	19.750	3.0748e-02
10.500	20.000	3.4791e-02
10.500	20.250	3.3863e-02
10.500	20.500	2.9147e-02
10.500	20.750	2.2369e-02
10.500	21.000	1.5643e-02
10.500	21.250	4.2021e-03
10.500	21.500	8.2230e-04
10.500	21.750	4.9630e-05
10.500	22.000	1.0000e-07
10.500	22.250	1.0000e-07
10.500	22.500	1.0000e-07
10.500	22.750	1.0000e-07
10.500	23.000	1.0000e-07
10.500	23.250	1.0000e-07
10.500	23.500	1.0000e-07
10.500	23.750	1.0000e-07
10.500	24.000	1.0000e-07
10.750	17.000	1.0000e-07
10.750	17.250	1.0000e-07
10.750	17.500	1.0000e-07
10.750	17.750	1.6461e-06
10.750	18.000	2.0741e-05
10.750	18.250	1.2864e-04
10.750	18.500	4.6444e-04
10.750	18.750	1.3446e-03
10.750	19.000	3.3238e-03
10.750	19.250	7.2998e-03
10.750	19.500	1.4246e-02
10.750	19.750	2.3475e-02
10.750	20.000	3.1770e-02
10.750	20.250	3.6027e-02
10.750	20.500	3.5105e-02
10.750	20.750	3.0527e-02
10.750	21.000	2.3635e-02
10.750	21.250	1.6687e-02
10.750	21.500	4.3840e-03
10.750	21.750	8.2790e-04
10.750	22.000	5.1358e-05
10.750	22.250	1.0000e-07
10.750	22.500	1.0000e-07
10.750	22.750	1.0000e-07
10.750	23.000	1.0000e-07
10.750	23.250	1.0000e-07
10.750	23.500	1.0000e-07
10.750	23.750	1.0000e-07
10.750	24.000	1.0000e-07
11.000	17.000	1.0000e-07
11.000	17.250	1.0000e-07
11.000	17.500	1.0000e-07
11.000	17.750	1.0000e-07
11.000	18.000	2.3868e-06
11.000	18.250	2.5514e-05
11.000	18.500	1.3984e-04
11.000	18.750	4.9300e-04
11.000	19.000	1.4209e-03
11.000	19.250	3.5243e-03
11.000	19.500	7.7993e-03
11.000	19.750	1.5209e-02
11.000	20.000	2.4786e-02
11.000	20.250	3.3276e-02
11.000	20.500	3.7681e-02
11.000	20.750	3.6871e-02
11.000	21.000	3.2453e-02
11.000	21.250	2.5428e-02
11.000	21.500	1.8064e-02
11.000	21.750	4.4426e-03
11.000	22.000	8.3564e-04
11.000	22.250	5.0535e-05
11.000	22.500	1.0000e-07
11.000	22.750	1.0000e-07
11.000	23.000	1.0000e-07
11.000	23.250	1.0000e-07
11.000	23.500	1.0000e-07
11.000	23.750	1.0000e-07
11.000	24.000	1.0000e-07
11.250	17.000	1.0000e-07
11.250	17.250	1.0000e-07
11.250	17.500	1.0000e-07
11.250	17.750	1.0000e-07
11.250	18.000	1.0000e-07
11.250	18.250	3.3745e-06
11.250	18.500	2.9547e-05
11.250	18.750	1.5062e-04
11.250	19.000	5.2387e-04
11.250	19.250	1.5078e-03
11.250	19.500	3.7982e-03
11.250	19.750	8.5442e-03
11.250	20.000	1.6584e-02
11.250	20.250	2.6527e-02
11.250	20.500	3.5019e-02
11.250	20.750	3.9556e-02
11.250	21.000	3.9029e-02
11.250	21.250	3.4884e-02
11.250	21.500	2.7723e-02
11.250	21.750	1.9987e-02
11.250	22.000	4.5894e-03
11.250	22.250	8.5860e-04
11.250	22.500	5.1111e-05
11.250	22.750	1.0000e-07
11.250	23.000	1.0000e-07
11.250	23.250	1.0000e-07
11.250	23.500	1.0000e-07
11.250	23.750	1.0000e-07
11.250	24.000	1.0000e-07
11.500	17.000	1.0000e-07
11.500	17.250	1.0000e-07
11.500	17.500	1.0000e-07
11.500	17.750	1.0000e-07
11.500	18.000	1.0000e-07
11.500	18.250	1.0000e-07
11.500	18.500	4.0329e-06
11.500	18.750	3.2675e-05
11.500	19.000	1.6165e-04
11.500	19.250	5.5992e-04
11.500	19.500	1.6260e-03
11.500	19.750	4.2016e-03
11.500	20.000	9.6214e-03
11.500	20.250	1.8435e-02
11.500	20.500	2.8413e-02
11.500	20.750	3.6561e-02
11.500	21.000	4.1048e-02
11.500	21.250	4.1347e-02
11.500	21.500	3.7474e-02
11.500	21.750	2.9521e-02
11.500	22.000	1.9448e-02
11.500	22.250	4.6920e-03
11.500	22.500	8.7070e-04
11.500	22.750	5.1111e-05
11.500	23.000	1.0000e-07
11.500	23.250	1.0000e-07
11.500	23.500	1.0000e-07
11.500	23.750	1.0000e-07
11.500	24.000	1.0000e-07
11.750	17.000	1.0000e-07
11.750	17.250	1.0000e-07
11.750	17.500	1.0000e-07
11.750	17.750	1.0000e-07
11.750	18.000	1.0000e-07
11.750	18.250	1.0000e-07
11.750	18.500	1.0000e-07
11.750	18.750	4.6091e-06
11.750	19.000	3.5226e-05
11.750	19.250	1.7366e-04
11.750	19.500	6.0469e-04
11.750	19.750	1.7959e-03
11.750	20.000	4.7925e-03
11.750	20.250	1.1007e-02
11.750	20.500	2.0421e-02
11.750	20.750	2.9932e-02
11.750	21.000	3.7407e-02
11.750	21.250	4.1924e-02
11.750	21.500	4.3088e-02
11.750	21.750	3.8570e-02
11.750	22.000	2.9991e-02
11.750	22.250	1.6993e-02
11.750	22.500	4.7221e-03
11.750	22.750	8.8461e-04
11.750	23.000	5.1111e-05
11.750	23.250	1.0000e-07
11.750	23.500	1.0000e-07
11.750	23.750	1.0000e-07
11.750	24.000	1.0000e-07
12.000	17.000	1.0000e-07
12.000	17.250	1.0000e-07
12.000	17.500	1.0000e-07
12.000	17.750	1.0000e-07
12.000	18.000	1.0000e-07
12.000	18.250	1.0000e-07
12.000	18.500	1.0000e-07
12.000	18.750	1.0000e-07
12.000	19.000	4.9383e-06
12.000	19.250	3.7613e-05
12.000	19.500	1.8716e-04
12.000	19.750	6.6535e-04
12.000	20.000	2.0512e-03
12.000	20.250	5.6242e-03
12.000	20.500	1.2763e-02
12.000	20.750	2.2129e-02
12.000	21.000	3.0538e-02
12.000	21.250	3.7321e-02
12.000	21.500	4.1781e-02
12.000	21.750	4.2382e-02
12.000	22.000	3.6925e-02
12.000	22.250	2.8294e-02
12.000	22.500	1.4796e-02
12.000	22.750	4.6770e-03
12.000	23.000	8.6527e-04
12.000	23.250	5.1770e-05
12.000	23.500	1.0000e-07
12.000	23.750	1.0000e-07
12.000	24.000	1.0000e-07
12.250	17.000	1.0000e-07
12.250	17.250	1.0000e-07
12.250	17.500	1.0000e-07
12.250	17.750	1.0000e-07
12.250	18.000	1.0000e-07
12.250	18.250	1.0000e-07
12.250	18.500	1.0000e-07
12.250	18.750	1.0000e-07
12.250	19.000	1.0000e-07
12.250	19.250	5.2675e-06
12.250	19.500	4.0247e-05
12.250	19.750	2.0453e-04
12.250	20.000	7.5300e-04
12.250	20.250	2.4271e-03
12.250	20.500	6.7342e-03
12.250	20.750	1.4493e-02
12.250	21.000	2.2875e-02
12.250	21.250	2.9727e-02
12.250	21.500	3.5322e-02
12.250	21.750	3.9030e-02
12.250	22.000	3.8637e-02
12.250	22.250	3.3013e-02
12.250	22.500	2.5271e-02
12.250	22.750	1.2855e-02
12.250	23.000	4.5914e-03
12.250	23.250	8.4280e-04
12.250	23.500	5.3580e-05
12.250	23.750	1.0000e-07
12.250	24.000	1.0000e-07
12.500	17.000	1.0000e-07
12.500	17.250	1.0000e-07
12.500	17.500	1.0000e-07
12.500	17.750	1.0000e-07
12.500	18.000	1.0000e-07
12.500	18.250	1.0000e-07
12.500	18.500	1.0000e-07
12.500	18.750	1.0000e-07
12.500	19.000	1.0000e-07
12.500	19.250	1.0000e-07
12.500	19.500	5.6790e-06
12.500	19.750	4.3704e-05
12.500	20.000	2.2971e-04
12.500	20.250	8.8568e-04
12.500	20.500	2.9609e-03
12.500	20.750	8.0350e-03
12.500	21.000	1.5784e-02
12.500	21.250	2.2485e-02
12.500	21.500	2.7085e-02
12.500	21.750	3.1350e-02
12.500	22.000	3.4076e-02
12.500	22.250	3.3014e-02
12.500	22.500	2.8036e-02
12.500	22.750	2.1595e-02
12.500	23.000	1.1105e-02
12.500	23.250	4.1832e-03
12.500	23.500	8.3885e-04
12.500	23.750	5.4815e-05
12.500	24.000	1.0000e-07
12.750	17.000	1.0000e-07
12.750	17.250	1.0000e-07
12.750	17.500	1.0000e-07
12.750	17.750	1.0000e-07
12.750	18.000	1.0000e-07
12.750	18.250	1.0000e-07
12.750	18.500	1.0000e-07
12.750	18.750	1.0000e-07
12.750	19.000	1.0000e-07
12.750	19.250	1.0000e-07
12.750	19.500	1.0000e-07
12.750	19.750	6.0082e-06
12.750	20.000	4.7901e-05
12.750	20.250	2.6321e-04
12.750	20.500	1.0700e-03
12.750	20.750	3.5973e-03
12.750	21.000	9.2273e-03
12.750	21.250	1.6007e-02
12.750	21.500	2.0367e-02
12.750	21.750	2.3175e-02
12.750	22.000	2.6295e-02
12.750	22.250	2.8138e-02
12.750	22.500	2.6918e-02
12.750	22.750	2.3048e-02
12.750	23.000	1.7924e-02
12.750	23.250	9.4501e-03
12.750	23.500	3.8171e-03
12.750	23.750	8.5095e-04
12.750	24.000	5.5062e-05
13.000	17.000	1.0000e-07
13.000	17.250	1.0000e-07
13.000	17.500	1.0000e-07
13.000	17.750	1.0000e-07
13.000	18.000	1.0000e-07
13.000	18.250	1.0000e-07
13.000	18.500	1.0000e-07
13.000	18.750	1.0000e-07
13.000	19.000	1.0000e-07
13.000	19.250	1.0000e-07
13.000	19.500	1.0000e-07
13.000	19.750	1.0000e-07
13.000	20.000	6.1728e-06
13.000	20.250	5.1770e-05
13.000	20.500	3.0313e-04
13.000	20.750	1.2677e-03
13.000	21.000	4.2087e-03
13.000	21.250	9.8190e-03
13.000	21.500	1.5034e-02
13.000	21.750	1.7455e-02
13.000	22.000	1.9081e-02
13.000	22.250	2.1175e-02
13.000	22.500	2.2335e-02
13.000	22.750	2.1262e-02
13.000	23.000	1.8460e-02
13.000	23.250	1.4571e-02
13.000	23.500	7.8575e-03
13.000	23.750	3.2926e-03
13.000	24.000	7.7514e-04
13.250	17.000	1.0000e-07
13.250	17.250	1.0000e-07
13.250	17.500	1.0000e-07
13.250	17.750	1.0000e-07
13.250	18.000	1.0000e-07
13.250	18.250	1.0000e-07
13.250	18.500	1.0000e-07
13.250	18.750	1.0000e-07
13.250	19.000	1.0000e-07
13.250	19.250	1.0000e-07
13.250	19.500	1.0000e-07
13.250	19.750	1.0000e-07
13.250	20.000	1.0000e-07
13.250	20.250	6.0905e-06
13.250	20.500	5.2181e-05
13.250	20.750	3.1654e-04
13.250	21.000	1.3909e-03
13.250	21.250	4.5033e-03
13.250	21.500	9.7263e-03
13.250	21.750	1.3596e-02
13.250	22.000	1.4736e-02
13.250	22.250	1.5457e-02
13.250	22.500	1.6653e-02
13.250	22.750	1.7265e-02
13.250	23.000	1.6385e-02
13.250	23.250	1.4501e-02
13.250	23.500	1.1557e-02
13.250	23.750	6.3984e-03
13.250	24.000	2.8585e-03
13.500	17.000	1.0000e-07
13.500	17.250	1.0000e-07
13.500	17.500	1.0000e-07
13.500	17.750	1.0000e-07
13.500	18.000	1.0000e-07
13.500	18.250	1.0000e-07
13.500	18.500	1.0000e-07
13.500	18.750	1.0000e-07
13.500	19.000	1.0000e-07
13.500	19.250	1.0000e-07
13.500	19.500	1.0000e-07
13.500	19.750	1.0000e-07
13.500	20.000	1.0000e-07
13.500	20.250	1.0000e-07
13.500	20.500	6.0082e-06
13.500	20.750	4.9712e-05
13.500	21.000	3.1605e-04
13.500	21.250	1.4467e-03
13.500	21.500	4.7063e-03
13.500	21.750	9.7250e-03
13.500	22.000	1.2591e-02
13.500	22.250	1.2930e-02
13.500	22.500	1.2809e-02
13.500	22.750	1.3111e-02
13.500	23.000	1.3133e-02
13.500	23.250	1.2418e-02
13.500	23.500	1.1217e-02
13.500	23.750	8.9752e-03
13.500	24.000	5.1626e-03
13.750	17.000	1.0000e-07
13.750	17.250	1.0000e-07
13.750	17.500	1.0000e-07
13.750	17.750	1.0000e-07
13.750	18.000	1.0000e-07
13.750	18.250	1.0000e-07
13.750	18.500	1.0000e-07
13.750	18.750	1.0000e-07
13.750	19.000	1.0000e-07
13.750	19.250	1.0000e-07
13.750	19.500	1.0000e-07
13.750	19.750	1.0000e-07
13.750	20.000	1.0000e-07
13.750	20.250	1.0000e-07
13.750	20.500	1.0000e-07
13.750	20.750	6.1728e-06
13.750	21.000	4.8889e-05
13.750	21.250	3.2535e-04
13.750	21.500	1.5786e-03
13.750	21.750	5.1889e-03
13.750	22.000	1.0112e-02
13.750	22.250	1.2283e-02
13.750	22.500	1.2011e-02
13.750	22.750	1.1087e-02
13.750	23.000	1.0472e-02
13.750	23.250	9.9295e-03
13.750	23.500	9.3111e-03
13.750	23.750	8.5700e-03
13.750	24.000	6.8472e-03
14.000	17.000	1.0000e-07
14.000	17.250	1.0000e-07
14.000	17.500	1.0000e-07
14.000	17.750	1.0000e-07
14.000	18.000	1.0000e-07
14.000	18.250	1.0000e-07
14.000	18.500	1.0000e-07
14.000	18.750	1.0000e-07
14.000	19.000	1.0000e-07
14.000	19.250	1.0000e-07
14.000	19.500	1.0000e-07
14.000	19.750	1.0000e-07
14.000	20.000	1.0000e-07
14.000	20.250	1.0000e-07
14.000	20.500	1.0000e-07
14.000	20.750	9.0535e-07
14.000	21.000	7.0782e-06
14.000	21.250	5.2181e-05
14.000	21.500	3.5975e-04
14.000	21.750	1.8400e-03
14.000	22.000	5.7103e-03
14.000	22.250	1.0249e-02
14.000	22.500	1.1860e-02
14.000	22.750	1.1076e-02
14.000	23.000	9.5812e-03
14.000	23.250	8.3978e-03
14.000	23.500	7.5294e-03
14.000	23.750	6.9771e-03
14.000	24.000	6.4910e-03
