Inwd 4120.81A  relative to Inci 1215.00A scaled to 1215A.
Hden   Phi(H)  Eq_Width (A)
 7.000	17.000	2.3292e-05
 7.000	17.250	2.2222e-05
 7.000	17.500	5.2675e-06
 7.000	17.750	1.0000e-07
 7.000	18.000	1.0000e-07
 7.000	18.250	1.0000e-07
 7.000	18.500	1.0000e-07
 7.000	18.750	1.0000e-07
 7.000	19.000	1.0000e-07
 7.000	19.250	1.0000e-07
 7.000	19.500	1.0000e-07
 7.000	19.750	1.0000e-07
 7.000	20.000	1.0000e-07
 7.000	20.250	1.0000e-07
 7.000	20.500	1.0000e-07
 7.000	20.750	1.0000e-07
 7.000	21.000	1.0000e-07
 7.000	21.250	1.0000e-07
 7.000	21.500	1.0000e-07
 7.000	21.750	1.0000e-07
 7.000	22.000	1.0000e-07
 7.000	22.250	1.0000e-07
 7.000	22.500	1.0000e-07
 7.000	22.750	1.0000e-07
 7.000	23.000	1.0000e-07
 7.000	23.250	1.0000e-07
 7.000	23.500	1.0000e-07
 7.000	23.750	1.0000e-07
 7.000	24.000	1.0000e-07
 7.250	17.000	2.4198e-05
 7.250	17.250	2.3128e-05
 7.250	17.500	2.1728e-05
 7.250	17.750	5.1852e-06
 7.250	18.000	1.0000e-07
 7.250	18.250	1.0000e-07
 7.250	18.500	1.0000e-07
 7.250	18.750	1.0000e-07
 7.250	19.000	1.0000e-07
 7.250	19.250	1.0000e-07
 7.250	19.500	1.0000e-07
 7.250	19.750	1.0000e-07
 7.250	20.000	1.0000e-07
 7.250	20.250	1.0000e-07
 7.250	20.500	1.0000e-07
 7.250	20.750	1.0000e-07
 7.250	21.000	1.0000e-07
 7.250	21.250	1.0000e-07
 7.250	21.500	1.0000e-07
 7.250	21.750	1.0000e-07
 7.250	22.000	1.0000e-07
 7.250	22.250	1.0000e-07
 7.250	22.500	1.0000e-07
 7.250	22.750	1.0000e-07
 7.250	23.000	1.0000e-07
 7.250	23.250	1.0000e-07
 7.250	23.500	1.0000e-07
 7.250	23.750	1.0000e-07
 7.250	24.000	1.0000e-07
 7.500	17.000	2.5761e-05
 7.500	17.250	2.4115e-05
 7.500	17.500	2.2963e-05
 7.500	17.750	2.1317e-05
 7.500	18.000	5.0206e-06
 7.500	18.250	1.0000e-07
 7.500	18.500	1.0000e-07
 7.500	18.750	1.0000e-07
 7.500	19.000	1.0000e-07
 7.500	19.250	1.0000e-07
 7.500	19.500	1.0000e-07
 7.500	19.750	1.0000e-07
 7.500	20.000	1.0000e-07
 7.500	20.250	1.0000e-07
 7.500	20.500	1.0000e-07
 7.500	20.750	1.0000e-07
 7.500	21.000	1.0000e-07
 7.500	21.250	1.0000e-07
 7.500	21.500	1.0000e-07
 7.500	21.750	1.0000e-07
 7.500	22.000	1.0000e-07
 7.500	22.250	1.0000e-07
 7.500	22.500	1.0000e-07
 7.500	22.750	1.0000e-07
 7.500	23.000	1.0000e-07
 7.500	23.250	1.0000e-07
 7.500	23.500	1.0000e-07
 7.500	23.750	1.0000e-07
 7.500	24.000	1.0000e-07
 7.750	17.000	2.7572e-05
 7.750	17.250	2.5679e-05
 7.750	17.500	2.3951e-05
 7.750	17.750	2.2798e-05
 7.750	18.000	2.0905e-05
 7.750	18.250	4.9383e-06
 7.750	18.500	1.0000e-07
 7.750	18.750	1.0000e-07
 7.750	19.000	1.0000e-07
 7.750	19.250	1.0000e-07
 7.750	19.500	1.0000e-07
 7.750	19.750	1.0000e-07
 7.750	20.000	1.0000e-07
 7.750	20.250	1.0000e-07
 7.750	20.500	1.0000e-07
 7.750	20.750	1.0000e-07
 7.750	21.000	1.0000e-07
 7.750	21.250	1.0000e-07
 7.750	21.500	1.0000e-07
 7.750	21.750	1.0000e-07
 7.750	22.000	1.0000e-07
 7.750	22.250	1.0000e-07
 7.750	22.500	1.0000e-07
 7.750	22.750	1.0000e-07
 7.750	23.000	1.0000e-07
 7.750	23.250	1.0000e-07
 7.750	23.500	1.0000e-07
 7.750	23.750	1.0000e-07
 7.750	24.000	1.0000e-07
 8.000	17.000	2.8971e-05
 8.000	17.250	2.7160e-05
 8.000	17.500	2.5350e-05
 8.000	17.750	2.3621e-05
 8.000	18.000	2.2387e-05
 8.000	18.250	2.0658e-05
 8.000	18.500	4.8560e-06
 8.000	18.750	1.0000e-07
 8.000	19.000	1.0000e-07
 8.000	19.250	1.0000e-07
 8.000	19.500	1.0000e-07
 8.000	19.750	1.0000e-07
 8.000	20.000	1.0000e-07
 8.000	20.250	1.0000e-07
 8.000	20.500	1.0000e-07
 8.000	20.750	1.0000e-07
 8.000	21.000	1.0000e-07
 8.000	21.250	1.0000e-07
 8.000	21.500	1.0000e-07
 8.000	21.750	1.0000e-07
 8.000	22.000	1.0000e-07
 8.000	22.250	1.0000e-07
 8.000	22.500	1.0000e-07
 8.000	22.750	1.0000e-07
 8.000	23.000	1.0000e-07
 8.000	23.250	1.0000e-07
 8.000	23.500	1.0000e-07
 8.000	23.750	1.0000e-07
 8.000	24.000	1.0000e-07
 8.250	17.000	3.0453e-05
 8.250	17.250	2.8971e-05
 8.250	17.500	2.7078e-05
 8.250	17.750	2.5350e-05
 8.250	18.000	2.3621e-05
 8.250	18.250	2.2551e-05
 8.250	18.500	2.0412e-05
 8.250	18.750	4.9383e-06
 8.250	19.000	1.0000e-07
 8.250	19.250	1.0000e-07
 8.250	19.500	1.0000e-07
 8.250	19.750	1.0000e-07
 8.250	20.000	1.0000e-07
 8.250	20.250	1.0000e-07
 8.250	20.500	1.0000e-07
 8.250	20.750	1.0000e-07
 8.250	21.000	1.0000e-07
 8.250	21.250	1.0000e-07
 8.250	21.500	1.0000e-07
 8.250	21.750	1.0000e-07
 8.250	22.000	1.0000e-07
 8.250	22.250	1.0000e-07
 8.250	22.500	1.0000e-07
 8.250	22.750	1.0000e-07
 8.250	23.000	1.0000e-07
 8.250	23.250	1.0000e-07
 8.250	23.500	1.0000e-07
 8.250	23.750	1.0000e-07
 8.250	24.000	1.0000e-07
 8.500	17.000	3.1605e-05
 8.500	17.250	3.0535e-05
 8.500	17.500	2.9053e-05
 8.500	17.750	2.7490e-05
 8.500	18.000	2.5679e-05
 8.500	18.250	2.4115e-05
 8.500	18.500	2.3457e-05
 8.500	18.750	2.0412e-05
 8.500	19.000	5.0206e-06
 8.500	19.250	1.0000e-07
 8.500	19.500	1.0000e-07
 8.500	19.750	1.0000e-07
 8.500	20.000	1.0000e-07
 8.500	20.250	1.0000e-07
 8.500	20.500	1.0000e-07
 8.500	20.750	1.0000e-07
 8.500	21.000	1.0000e-07
 8.500	21.250	1.0000e-07
 8.500	21.500	1.0000e-07
 8.500	21.750	1.0000e-07
 8.500	22.000	1.0000e-07
 8.500	22.250	1.0000e-07
 8.500	22.500	1.0000e-07
 8.500	22.750	1.0000e-07
 8.500	23.000	1.0000e-07
 8.500	23.250	1.0000e-07
 8.500	23.500	1.0000e-07
 8.500	23.750	1.0000e-07
 8.500	24.000	1.0000e-07
 8.750	17.000	3.2593e-05
 8.750	17.250	3.1934e-05
 8.750	17.500	3.0864e-05
 8.750	17.750	2.9794e-05
 8.750	18.000	2.8230e-05
 8.750	18.250	2.6667e-05
 8.750	18.500	2.5432e-05
 8.750	18.750	2.4856e-05
 8.750	19.000	2.0494e-05
 8.750	19.250	5.2675e-06
 8.750	19.500	1.0000e-07
 8.750	19.750	1.0000e-07
 8.750	20.000	1.0000e-07
 8.750	20.250	1.0000e-07
 8.750	20.500	1.0000e-07
 8.750	20.750	1.0000e-07
 8.750	21.000	1.0000e-07
 8.750	21.250	1.0000e-07
 8.750	21.500	1.0000e-07
 8.750	21.750	1.0000e-07
 8.750	22.000	1.0000e-07
 8.750	22.250	1.0000e-07
 8.750	22.500	1.0000e-07
 8.750	22.750	1.0000e-07
 8.750	23.000	1.0000e-07
 8.750	23.250	1.0000e-07
 8.750	23.500	1.0000e-07
 8.750	23.750	1.0000e-07
 8.750	24.000	1.0000e-07
 9.000	17.000	3.3416e-05
 9.000	17.250	3.3169e-05
 9.000	17.500	3.2675e-05
 9.000	17.750	3.1852e-05
 9.000	18.000	3.1193e-05
 9.000	18.250	2.9877e-05
 9.000	18.500	2.8724e-05
 9.000	18.750	2.8889e-05
 9.000	19.000	3.0123e-05
 9.000	19.250	2.1235e-05
 9.000	19.500	5.5144e-06
 9.000	19.750	1.0000e-07
 9.000	20.000	1.0000e-07
 9.000	20.250	1.0000e-07
 9.000	20.500	1.0000e-07
 9.000	20.750	1.0000e-07
 9.000	21.000	1.0000e-07
 9.000	21.250	1.0000e-07
 9.000	21.500	1.0000e-07
 9.000	21.750	1.0000e-07
 9.000	22.000	1.0000e-07
 9.000	22.250	1.0000e-07
 9.000	22.500	1.0000e-07
 9.000	22.750	1.0000e-07
 9.000	23.000	1.0000e-07
 9.000	23.250	1.0000e-07
 9.000	23.500	1.0000e-07
 9.000	23.750	1.0000e-07
 9.000	24.000	1.0000e-07
 9.250	17.000	3.4321e-05
 9.250	17.250	3.4486e-05
 9.250	17.500	3.4568e-05
 9.250	17.750	3.4486e-05
 9.250	18.000	3.4568e-05
 9.250	18.250	3.4074e-05
 9.250	18.500	3.3663e-05
 9.250	18.750	3.4156e-05
 9.250	19.000	3.7037e-05
 9.250	19.250	4.3374e-05
 9.250	19.500	2.3457e-05
 9.250	19.750	6.0905e-06
 9.250	20.000	1.0000e-07
 9.250	20.250	1.0000e-07
 9.250	20.500	1.0000e-07
 9.250	20.750	1.0000e-07
 9.250	21.000	1.0000e-07
 9.250	21.250	1.0000e-07
 9.250	21.500	1.0000e-07
 9.250	21.750	1.0000e-07
 9.250	22.000	1.0000e-07
 9.250	22.250	1.0000e-07
 9.250	22.500	1.0000e-07
 9.250	22.750	1.0000e-07
 9.250	23.000	1.0000e-07
 9.250	23.250	1.0000e-07
 9.250	23.500	1.0000e-07
 9.250	23.750	1.0000e-07
 9.250	24.000	1.0000e-07
 9.500	17.000	3.5473e-05
 9.500	17.250	3.5885e-05
 9.500	17.500	3.6708e-05
 9.500	17.750	3.7531e-05
 9.500	18.000	3.8601e-05
 9.500	18.250	3.9588e-05
 9.500	18.500	4.0905e-05
 9.500	18.750	4.3128e-05
 9.500	19.000	4.7078e-05
 9.500	19.250	5.5144e-05
 9.500	19.500	6.7243e-05
 9.500	19.750	2.7819e-05
 9.500	20.000	6.6667e-06
 9.500	20.250	1.0000e-07
 9.500	20.500	1.0000e-07
 9.500	20.750	1.0000e-07
 9.500	21.000	1.0000e-07
 9.500	21.250	1.0000e-07
 9.500	21.500	1.0000e-07
 9.500	21.750	1.0000e-07
 9.500	22.000	1.0000e-07
 9.500	22.250	1.0000e-07
 9.500	22.500	1.0000e-07
 9.500	22.750	1.0000e-07
 9.500	23.000	1.0000e-07
 9.500	23.250	1.0000e-07
 9.500	23.500	1.0000e-07
 9.500	23.750	1.0000e-07
 9.500	24.000	1.0000e-07
 9.750	17.000	3.6872e-05
 9.750	17.250	3.7695e-05
 9.750	17.500	3.9177e-05
 9.750	17.750	4.1152e-05
 9.750	18.000	4.3621e-05
 9.750	18.250	4.7160e-05
 9.750	18.500	5.1440e-05
 9.750	18.750	5.6955e-05
 9.750	19.000	6.4691e-05
 9.750	19.250	7.9259e-05
 9.750	19.500	9.3004e-05
 9.750	19.750	8.7325e-05
 9.750	20.000	3.8765e-05
 9.750	20.250	6.7490e-06
 9.750	20.500	1.0000e-07
 9.750	20.750	1.0000e-07
 9.750	21.000	1.0000e-07
 9.750	21.250	1.0000e-07
 9.750	21.500	1.0000e-07
 9.750	21.750	1.0000e-07
 9.750	22.000	1.0000e-07
 9.750	22.250	1.0000e-07
 9.750	22.500	1.0000e-07
 9.750	22.750	1.0000e-07
 9.750	23.000	1.0000e-07
 9.750	23.250	1.0000e-07
 9.750	23.500	1.0000e-07
 9.750	23.750	1.0000e-07
 9.750	24.000	1.0000e-07
10.000	17.000	3.8848e-05
10.000	17.250	4.0247e-05
10.000	17.500	4.2469e-05
10.000	17.750	4.5926e-05
10.000	18.000	5.0947e-05
10.000	18.250	5.7613e-05
10.000	18.500	6.5844e-05
10.000	18.750	7.7366e-05
10.000	19.000	9.1358e-05
10.000	19.250	1.0667e-04
10.000	19.500	1.3119e-04
10.000	19.750	1.3416e-04
10.000	20.000	7.6461e-05
10.000	20.250	4.1235e-05
10.000	20.500	7.4074e-06
10.000	20.750	1.0000e-07
10.000	21.000	1.0000e-07
10.000	21.250	1.0000e-07
10.000	21.500	1.0000e-07
10.000	21.750	1.0000e-07
10.000	22.000	1.0000e-07
10.000	22.250	1.0000e-07
10.000	22.500	1.0000e-07
10.000	22.750	1.0000e-07
10.000	23.000	1.0000e-07
10.000	23.250	1.0000e-07
10.000	23.500	1.0000e-07
10.000	23.750	1.0000e-07
10.000	24.000	1.0000e-07
10.250	17.000	4.2058e-05
10.250	17.250	4.3868e-05
10.250	17.500	4.7325e-05
10.250	17.750	5.2757e-05
10.250	18.000	6.0988e-05
10.250	18.250	7.1687e-05
10.250	18.500	8.4444e-05
10.250	18.750	1.0370e-04
10.250	19.000	1.2263e-04
10.250	19.250	1.3671e-04
10.250	19.500	1.5037e-04
10.250	19.750	1.5193e-04
10.250	20.000	1.3753e-04
10.250	20.250	7.9753e-05
10.250	20.500	3.7202e-05
10.250	20.750	7.9012e-06
10.250	21.000	1.0000e-07
10.250	21.250	1.0000e-07
10.250	21.500	1.0000e-07
10.250	21.750	1.0000e-07
10.250	22.000	1.0000e-07
10.250	22.250	1.0000e-07
10.250	22.500	1.0000e-07
10.250	22.750	1.0000e-07
10.250	23.000	1.0000e-07
10.250	23.250	1.0000e-07
10.250	23.500	1.0000e-07
10.250	23.750	1.0000e-07
10.250	24.000	1.0000e-07
10.500	17.000	4.6502e-05
10.500	17.250	4.9547e-05
10.500	17.500	5.4486e-05
10.500	17.750	6.2963e-05
10.500	18.000	7.4650e-05
10.500	18.250	8.9465e-05
10.500	18.500	1.0658e-04
10.500	18.750	1.2848e-04
10.500	19.000	1.4988e-04
10.500	19.250	1.6395e-04
10.500	19.500	1.7185e-04
10.500	19.750	1.6914e-04
10.500	20.000	1.6716e-04
10.500	20.250	1.3284e-04
10.500	20.500	7.0041e-05
10.500	20.750	3.4074e-05
10.500	21.000	6.7490e-06
10.500	21.250	1.0000e-07
10.500	21.500	1.0000e-07
10.500	21.750	1.0000e-07
10.500	22.000	1.0000e-07
10.500	22.250	1.0000e-07
10.500	22.500	1.0000e-07
10.500	22.750	1.0000e-07
10.500	23.000	1.0000e-07
10.500	23.250	1.0000e-07
10.500	23.500	1.0000e-07
10.500	23.750	1.0000e-07
10.500	24.000	1.0000e-07
10.750	17.000	5.1605e-05
10.750	17.250	5.6955e-05
10.750	17.500	6.4938e-05
10.750	17.750	7.6708e-05
10.750	18.000	9.2181e-05
10.750	18.250	1.0889e-04
10.750	18.500	1.2733e-04
10.750	18.750	1.5111e-04
10.750	19.000	1.7259e-04
10.750	19.250	1.8551e-04
10.750	19.500	1.9095e-04
10.750	19.750	1.8741e-04
10.750	20.000	1.8091e-04
10.750	20.250	1.6510e-04
10.750	20.500	1.1506e-04
10.750	20.750	6.1728e-05
10.750	21.000	2.7737e-05
10.750	21.250	5.3498e-06
10.750	21.500	1.0000e-07
10.750	21.750	1.0000e-07
10.750	22.000	1.0000e-07
10.750	22.250	1.0000e-07
10.750	22.500	1.0000e-07
10.750	22.750	1.0000e-07
10.750	23.000	1.0000e-07
10.750	23.250	1.0000e-07
10.750	23.500	1.0000e-07
10.750	23.750	1.0000e-07
10.750	24.000	1.0000e-07
11.000	17.000	5.6543e-05
11.000	17.250	6.4774e-05
11.000	17.500	7.6872e-05
11.000	17.750	9.3251e-05
11.000	18.000	1.1119e-04
11.000	18.250	1.2840e-04
11.000	18.500	1.4765e-04
11.000	18.750	1.7144e-04
11.000	19.000	1.9366e-04
11.000	19.250	2.0881e-04
11.000	19.500	2.1350e-04
11.000	19.750	2.0988e-04
11.000	20.000	1.9539e-04
11.000	20.250	1.7802e-04
11.000	20.500	1.5934e-04
11.000	20.750	8.8230e-05
11.000	21.000	4.9465e-05
11.000	21.250	2.2222e-05
11.000	21.500	2.9630e-06
11.000	21.750	1.0000e-07
11.000	22.000	1.0000e-07
11.000	22.250	1.0000e-07
11.000	22.500	1.0000e-07
11.000	22.750	1.0000e-07
11.000	23.000	1.0000e-07
11.000	23.250	1.0000e-07
11.000	23.500	1.0000e-07
11.000	23.750	1.0000e-07
11.000	24.000	1.0000e-07
11.250	17.000	6.0658e-05
11.250	17.250	7.1358e-05
11.250	17.500	8.7325e-05
11.250	17.750	1.0881e-04
11.250	18.000	1.3062e-04
11.250	18.250	1.4938e-04
11.250	18.500	1.6971e-04
11.250	18.750	1.9374e-04
11.250	19.000	2.1646e-04
11.250	19.250	2.3284e-04
11.250	19.500	2.3901e-04
11.250	19.750	2.3284e-04
11.250	20.000	2.1860e-04
11.250	20.250	1.9630e-04
11.250	20.500	1.7317e-04
11.250	20.750	1.4848e-04
11.250	21.000	8.0905e-05
11.250	21.250	3.9753e-05
11.250	21.500	1.7202e-05
11.250	21.750	9.0535e-07
11.250	22.000	1.0000e-07
11.250	22.250	1.0000e-07
11.250	22.500	1.0000e-07
11.250	22.750	1.0000e-07
11.250	23.000	1.0000e-07
11.250	23.250	1.0000e-07
11.250	23.500	1.0000e-07
11.250	23.750	1.0000e-07
11.250	24.000	1.0000e-07
11.500	17.000	6.3704e-05
11.500	17.250	7.5802e-05
11.500	17.500	9.3909e-05
11.500	17.750	1.1901e-04
11.500	18.000	1.4716e-04
11.500	18.250	1.7202e-04
11.500	18.500	1.9564e-04
11.500	18.750	2.2107e-04
11.500	19.000	2.4469e-04
11.500	19.250	2.6165e-04
11.500	19.500	2.6798e-04
11.500	19.750	2.6214e-04
11.500	20.000	2.4626e-04
11.500	20.250	2.2296e-04
11.500	20.500	1.9506e-04
11.500	20.750	1.6807e-04
11.500	21.000	1.2576e-04
11.500	21.250	6.5267e-05
11.500	21.500	3.3745e-05
11.500	21.750	1.1770e-05
11.500	22.000	1.0000e-07
11.500	22.250	1.0000e-07
11.500	22.500	1.0000e-07
11.500	22.750	1.0000e-07
11.500	23.000	1.0000e-07
11.500	23.250	1.0000e-07
11.500	23.500	1.0000e-07
11.500	23.750	1.0000e-07
11.500	24.000	1.0000e-07
11.750	17.000	6.5514e-05
11.750	17.250	7.7942e-05
11.750	17.500	9.6296e-05
11.750	17.750	1.2198e-04
11.750	18.000	1.5531e-04
11.750	18.250	1.9160e-04
11.750	18.500	2.2535e-04
11.750	18.750	2.5498e-04
11.750	19.000	2.8165e-04
11.750	19.250	2.9942e-04
11.750	19.500	3.0527e-04
11.750	19.750	2.9852e-04
11.750	20.000	2.8041e-04
11.750	20.250	2.5416e-04
11.750	20.500	2.2362e-04
11.750	20.750	1.9144e-04
11.750	21.000	1.6230e-04
11.750	21.250	1.0881e-04
11.750	21.500	6.3868e-05
11.750	21.750	2.8477e-05
11.750	22.000	6.7490e-06
11.750	22.250	1.0000e-07
11.750	22.500	1.0000e-07
11.750	22.750	1.0000e-07
11.750	23.000	1.0000e-07
11.750	23.250	1.0000e-07
11.750	23.500	1.0000e-07
11.750	23.750	1.0000e-07
11.750	24.000	1.0000e-07
12.000	17.000	6.6420e-05
12.000	17.250	7.8272e-05
12.000	17.500	9.4979e-05
12.000	17.750	1.1877e-04
12.000	18.000	1.5276e-04
12.000	18.250	1.9926e-04
12.000	18.500	2.5095e-04
12.000	18.750	2.9407e-04
12.000	19.000	3.2683e-04
12.000	19.250	3.4683e-04
12.000	19.500	3.5185e-04
12.000	19.750	3.4305e-04
12.000	20.000	3.2156e-04
12.000	20.250	2.9095e-04
12.000	20.500	2.5580e-04
12.000	20.750	2.1984e-04
12.000	21.000	1.8527e-04
12.000	21.250	1.5424e-04
12.000	21.500	1.0527e-04
12.000	21.750	5.8436e-05
12.000	22.000	2.3045e-05
12.000	22.250	2.8807e-06
12.000	22.500	1.0000e-07
12.000	22.750	1.0000e-07
12.000	23.000	1.0000e-07
12.000	23.250	1.0000e-07
12.000	23.500	1.0000e-07
12.000	23.750	1.0000e-07
12.000	24.000	1.0000e-07
12.250	17.000	6.6584e-05
12.250	17.250	7.7531e-05
12.250	17.500	9.1852e-05
12.250	17.750	1.1193e-04
12.250	18.000	1.4230e-04
12.250	18.250	1.9095e-04
12.250	18.500	2.5926e-04
12.250	18.750	3.2568e-04
12.250	19.000	3.7350e-04
12.250	19.250	3.9893e-04
12.250	19.500	4.0535e-04
12.250	19.750	3.9358e-04
12.250	20.000	3.6774e-04
12.250	20.250	3.3235e-04
12.250	20.500	2.9177e-04
12.250	20.750	2.5029e-04
12.250	21.000	2.1119e-04
12.250	21.250	1.7597e-04
12.250	21.500	1.4634e-04
12.250	21.750	9.9177e-05
12.250	22.000	5.0700e-05
12.250	22.250	1.7778e-05
12.250	22.500	9.8765e-07
12.250	22.750	1.0000e-07
12.250	23.000	1.0000e-07
12.250	23.250	1.0000e-07
12.250	23.500	1.0000e-07
12.250	23.750	1.0000e-07
12.250	24.000	1.0000e-07
12.500	17.000	6.5679e-05
12.500	17.250	7.5885e-05
12.500	17.500	8.8148e-05
12.500	17.750	1.0420e-04
12.500	18.000	1.2897e-04
12.500	18.250	1.7202e-04
12.500	18.500	2.4461e-04
12.500	18.750	3.3317e-04
12.500	19.000	4.0313e-04
12.500	19.250	4.4370e-04
12.500	19.500	4.5621e-04
12.500	19.750	4.4593e-04
12.500	20.000	4.1868e-04
12.500	20.250	3.7868e-04
12.500	20.500	3.3251e-04
12.500	20.750	2.8494e-04
12.500	21.000	2.3967e-04
12.500	21.250	1.9926e-04
12.500	21.500	1.6403e-04
12.500	21.750	1.3556e-04
12.500	22.000	9.8930e-05
12.500	22.250	4.3457e-05
12.500	22.500	1.1523e-05
12.500	22.750	1.0000e-07
12.500	23.000	1.0000e-07
12.500	23.250	1.0000e-07
12.500	23.500	1.0000e-07
12.500	23.750	1.0000e-07
12.500	24.000	1.0000e-07
12.750	17.000	6.4033e-05
12.750	17.250	7.3333e-05
12.750	17.500	8.4115e-05
12.750	17.750	9.7366e-05
12.750	18.000	1.1663e-04
12.750	18.250	1.5111e-04
12.750	18.500	2.1531e-04
12.750	18.750	3.0963e-04
12.750	19.000	4.0189e-04
12.750	19.250	4.6412e-04
12.750	19.500	4.8749e-04
12.750	19.750	4.8634e-04
12.750	20.000	4.6362e-04
12.750	20.250	4.2469e-04
12.750	20.500	3.7556e-04
12.750	20.750	3.2329e-04
12.750	21.000	2.7029e-04
12.750	21.250	2.2387e-04
12.750	21.500	1.8436e-04
12.750	21.750	1.5119e-04
12.750	22.000	1.2510e-04
12.750	22.250	7.9424e-05
12.750	22.500	3.7202e-05
12.750	22.750	7.4897e-06
12.750	23.000	1.0000e-07
12.750	23.250	1.0000e-07
12.750	23.500	1.0000e-07
12.750	23.750	1.0000e-07
12.750	24.000	1.0000e-07
13.000	17.000	6.1317e-05
13.000	17.250	6.9877e-05
13.000	17.500	7.9588e-05
13.000	17.750	9.0947e-05
13.000	18.000	1.0667e-04
13.000	18.250	1.3374e-04
13.000	18.500	1.8576e-04
13.000	18.750	2.6988e-04
13.000	19.000	3.6782e-04
13.000	19.250	4.4675e-04
13.000	19.500	4.8724e-04
13.000	19.750	4.9877e-04
13.000	20.000	4.8691e-04
13.000	20.250	4.5786e-04
13.000	20.500	4.1259e-04
13.000	20.750	3.6123e-04
13.000	21.000	3.0724e-04
13.000	21.250	2.5465e-04
13.000	21.500	2.0708e-04
13.000	21.750	1.6889e-04
13.000	22.000	1.3835e-04
13.000	22.250	1.1498e-04
13.000	22.500	7.2346e-05
13.000	22.750	3.0206e-05
13.000	23.000	5.5967e-06
13.000	23.250	1.0000e-07
13.000	23.500	1.0000e-07
13.000	23.750	1.0000e-07
13.000	24.000	1.0000e-07
13.250	17.000	5.8272e-05
13.250	17.250	6.6091e-05
13.250	17.500	7.4568e-05
13.250	17.750	8.4691e-05
13.250	18.000	9.8848e-05
13.250	18.250	1.2123e-04
13.250	18.500	1.6272e-04
13.250	18.750	2.3243e-04
13.250	19.000	3.2173e-04
13.250	19.250	4.0486e-04
13.250	19.500	4.5868e-04
13.250	19.750	4.8519e-04
13.250	20.000	4.8280e-04
13.250	20.250	4.6527e-04
13.250	20.500	4.3358e-04
13.250	20.750	3.8930e-04
13.250	21.000	3.3893e-04
13.250	21.250	2.8576e-04
13.250	21.500	2.3424e-04
13.250	21.750	1.8988e-04
13.250	22.000	1.5366e-04
13.250	22.250	1.2593e-04
13.250	22.500	1.0494e-04
13.250	22.750	6.3951e-05
13.250	23.000	2.7325e-05
13.250	23.250	4.8560e-06
13.250	23.500	1.0000e-07
13.250	23.750	1.0000e-07
13.250	24.000	1.0000e-07
13.500	17.000	5.4733e-05
13.500	17.250	6.1893e-05
13.500	17.500	6.9794e-05
13.500	17.750	7.9095e-05
13.500	18.000	9.2346e-05
13.500	18.250	1.1399e-04
13.500	18.500	1.4782e-04
13.500	18.750	2.0477e-04
13.500	19.000	2.8165e-04
13.500	19.250	3.6049e-04
13.500	19.500	4.2140e-04
13.500	19.750	4.5556e-04
13.500	20.000	4.6634e-04
13.500	20.250	4.5844e-04
13.500	20.500	4.3481e-04
13.500	20.750	4.0099e-04
13.500	21.000	3.5844e-04
13.500	21.250	3.1111e-04
13.500	21.500	2.6033e-04
13.500	21.750	2.1358e-04
13.500	22.000	1.7251e-04
13.500	22.250	1.3951e-04
13.500	22.500	1.1432e-04
13.500	22.750	9.3416e-05
13.500	23.000	5.6955e-05
13.500	23.250	2.5185e-05
13.500	23.500	4.6914e-06
13.500	23.750	1.0000e-07
13.500	24.000	1.0000e-07
13.750	17.000	5.0700e-05
13.750	17.250	5.7366e-05
13.750	17.500	6.4856e-05
13.750	17.750	7.3745e-05
13.750	18.000	8.6667e-05
13.750	18.250	1.0774e-04
13.750	18.500	1.4058e-04
13.750	18.750	1.8897e-04
13.750	19.000	2.5284e-04
13.750	19.250	3.2461e-04
13.750	19.500	3.8733e-04
13.750	19.750	4.2815e-04
13.750	20.000	4.4634e-04
13.750	20.250	4.4560e-04
13.750	20.500	4.2988e-04
13.750	20.750	4.0189e-04
13.750	21.000	3.6560e-04
13.750	21.250	3.2510e-04
13.750	21.500	2.7811e-04
13.750	21.750	2.3366e-04
13.750	22.000	1.9193e-04
13.750	22.250	1.5506e-04
13.750	22.500	1.2527e-04
13.750	22.750	1.0263e-04
13.750	23.000	8.2140e-05
13.750	23.250	4.8971e-05
13.750	23.500	2.1893e-05
13.750	23.750	3.4568e-06
13.750	24.000	1.0000e-07
14.000	17.000	4.6255e-05
14.000	17.250	5.2428e-05
14.000	17.500	5.9588e-05
14.000	17.750	6.8560e-05
14.000	18.000	8.1481e-05
14.000	18.250	1.0222e-04
14.000	18.500	1.3399e-04
14.000	18.750	1.7860e-04
14.000	19.000	2.3490e-04
14.000	19.250	2.9687e-04
14.000	19.500	3.5712e-04
14.000	19.750	4.0313e-04
14.000	20.000	4.2815e-04
14.000	20.250	4.3374e-04
14.000	20.500	4.2395e-04
14.000	20.750	4.0148e-04
14.000	21.000	3.7004e-04
14.000	21.250	3.3251e-04
14.000	21.500	2.8930e-04
14.000	21.750	2.4691e-04
14.000	22.000	2.0650e-04
14.000	22.250	1.6971e-04
14.000	22.500	1.3778e-04
14.000	22.750	1.1185e-04
14.000	23.000	9.2510e-05
14.000	23.250	7.0535e-05
14.000	23.500	4.1317e-05
14.000	23.750	1.7119e-05
14.000	24.000	1.7284e-06
