Inwd 1786.00A  relative to Inci 1215.00A scaled to 1215A.
Hden   Phi(H)  Eq_Width (A)
 7.000	17.000	2.0661e-03
 7.000	17.250	2.2222e-06
 7.000	17.500	1.0000e-07
 7.000	17.750	1.0000e-07
 7.000	18.000	1.0000e-07
 7.000	18.250	1.0000e-07
 7.000	18.500	1.0000e-07
 7.000	18.750	1.0000e-07
 7.000	19.000	1.0000e-07
 7.000	19.250	1.0000e-07
 7.000	19.500	1.0000e-07
 7.000	19.750	1.0000e-07
 7.000	20.000	1.0000e-07
 7.000	20.250	1.0000e-07
 7.000	20.500	1.0000e-07
 7.000	20.750	1.0000e-07
 7.000	21.000	1.0000e-07
 7.000	21.250	1.0000e-07
 7.000	21.500	1.0000e-07
 7.000	21.750	1.0000e-07
 7.000	22.000	1.0000e-07
 7.000	22.250	1.0000e-07
 7.000	22.500	1.0000e-07
 7.000	22.750	1.0000e-07
 7.000	23.000	1.0000e-07
 7.000	23.250	1.0000e-07
 7.000	23.500	1.0000e-07
 7.000	23.750	1.0000e-07
 7.000	24.000	1.0000e-07
 7.250	17.000	2.9989e-03
 7.250	17.250	2.0787e-03
 7.250	17.500	1.0000e-07
 7.250	17.750	1.0000e-07
 7.250	18.000	1.0000e-07
 7.250	18.250	1.0000e-07
 7.250	18.500	1.0000e-07
 7.250	18.750	1.0000e-07
 7.250	19.000	1.0000e-07
 7.250	19.250	1.0000e-07
 7.250	19.500	1.0000e-07
 7.250	19.750	1.0000e-07
 7.250	20.000	1.0000e-07
 7.250	20.250	1.0000e-07
 7.250	20.500	1.0000e-07
 7.250	20.750	1.0000e-07
 7.250	21.000	1.0000e-07
 7.250	21.250	1.0000e-07
 7.250	21.500	1.0000e-07
 7.250	21.750	1.0000e-07
 7.250	22.000	1.0000e-07
 7.250	22.250	1.0000e-07
 7.250	22.500	1.0000e-07
 7.250	22.750	1.0000e-07
 7.250	23.000	1.0000e-07
 7.250	23.250	1.0000e-07
 7.250	23.500	1.0000e-07
 7.250	23.750	1.0000e-07
 7.250	24.000	1.0000e-07
 7.500	17.000	3.5486e-03
 7.500	17.250	3.0798e-03
 7.500	17.500	2.0928e-03
 7.500	17.750	1.0000e-07
 7.500	18.000	1.0000e-07
 7.500	18.250	1.0000e-07
 7.500	18.500	1.0000e-07
 7.500	18.750	1.0000e-07
 7.500	19.000	1.0000e-07
 7.500	19.250	1.0000e-07
 7.500	19.500	1.0000e-07
 7.500	19.750	1.0000e-07
 7.500	20.000	1.0000e-07
 7.500	20.250	1.0000e-07
 7.500	20.500	1.0000e-07
 7.500	20.750	1.0000e-07
 7.500	21.000	1.0000e-07
 7.500	21.250	1.0000e-07
 7.500	21.500	1.0000e-07
 7.500	21.750	1.0000e-07
 7.500	22.000	1.0000e-07
 7.500	22.250	1.0000e-07
 7.500	22.500	1.0000e-07
 7.500	22.750	1.0000e-07
 7.500	23.000	1.0000e-07
 7.500	23.250	1.0000e-07
 7.500	23.500	1.0000e-07
 7.500	23.750	1.0000e-07
 7.500	24.000	1.0000e-07
 7.750	17.000	3.9370e-03
 7.750	17.250	3.6734e-03
 7.750	17.500	3.1862e-03
 7.750	17.750	2.1183e-03
 7.750	18.000	1.0000e-07
 7.750	18.250	1.0000e-07
 7.750	18.500	1.0000e-07
 7.750	18.750	1.0000e-07
 7.750	19.000	1.0000e-07
 7.750	19.250	1.0000e-07
 7.750	19.500	1.0000e-07
 7.750	19.750	1.0000e-07
 7.750	20.000	1.0000e-07
 7.750	20.250	1.0000e-07
 7.750	20.500	1.0000e-07
 7.750	20.750	1.0000e-07
 7.750	21.000	1.0000e-07
 7.750	21.250	1.0000e-07
 7.750	21.500	1.0000e-07
 7.750	21.750	1.0000e-07
 7.750	22.000	1.0000e-07
 7.750	22.250	1.0000e-07
 7.750	22.500	1.0000e-07
 7.750	22.750	1.0000e-07
 7.750	23.000	1.0000e-07
 7.750	23.250	1.0000e-07
 7.750	23.500	1.0000e-07
 7.750	23.750	1.0000e-07
 7.750	24.000	1.0000e-07
 8.000	17.000	4.2829e-03
 8.000	17.250	4.0958e-03
 8.000	17.500	3.8045e-03
 8.000	17.750	3.2571e-03
 8.000	18.000	2.1770e-03
 8.000	18.250	1.0000e-07
 8.000	18.500	1.0000e-07
 8.000	18.750	1.0000e-07
 8.000	19.000	1.0000e-07
 8.000	19.250	1.0000e-07
 8.000	19.500	1.0000e-07
 8.000	19.750	1.0000e-07
 8.000	20.000	1.0000e-07
 8.000	20.250	1.0000e-07
 8.000	20.500	1.0000e-07
 8.000	20.750	1.0000e-07
 8.000	21.000	1.0000e-07
 8.000	21.250	1.0000e-07
 8.000	21.500	1.0000e-07
 8.000	21.750	1.0000e-07
 8.000	22.000	1.0000e-07
 8.000	22.250	1.0000e-07
 8.000	22.500	1.0000e-07
 8.000	22.750	1.0000e-07
 8.000	23.000	1.0000e-07
 8.000	23.250	1.0000e-07
 8.000	23.500	1.0000e-07
 8.000	23.750	1.0000e-07
 8.000	24.000	1.0000e-07
 8.250	17.000	4.6215e-03
 8.250	17.250	4.4513e-03
 8.250	17.500	4.2924e-03
 8.250	17.750	4.0338e-03
 8.250	18.000	3.4407e-03
 8.250	18.250	2.2284e-03
 8.250	18.500	1.0000e-07
 8.250	18.750	1.0000e-07
 8.250	19.000	1.0000e-07
 8.250	19.250	1.0000e-07
 8.250	19.500	1.0000e-07
 8.250	19.750	1.0000e-07
 8.250	20.000	1.0000e-07
 8.250	20.250	1.0000e-07
 8.250	20.500	1.0000e-07
 8.250	20.750	1.0000e-07
 8.250	21.000	1.0000e-07
 8.250	21.250	1.0000e-07
 8.250	21.500	1.0000e-07
 8.250	21.750	1.0000e-07
 8.250	22.000	1.0000e-07
 8.250	22.250	1.0000e-07
 8.250	22.500	1.0000e-07
 8.250	22.750	1.0000e-07
 8.250	23.000	1.0000e-07
 8.250	23.250	1.0000e-07
 8.250	23.500	1.0000e-07
 8.250	23.750	1.0000e-07
 8.250	24.000	1.0000e-07
 8.500	17.000	4.9632e-03
 8.500	17.250	4.8089e-03
 8.500	17.500	4.6708e-03
 8.500	17.750	4.5439e-03
 8.500	18.000	4.3584e-03
 8.500	18.250	3.6879e-03
 8.500	18.500	2.3673e-03
 8.500	18.750	1.0000e-07
 8.500	19.000	1.0000e-07
 8.500	19.250	1.0000e-07
 8.500	19.500	1.0000e-07
 8.500	19.750	1.0000e-07
 8.500	20.000	1.0000e-07
 8.500	20.250	1.0000e-07
 8.500	20.500	1.0000e-07
 8.500	20.750	1.0000e-07
 8.500	21.000	1.0000e-07
 8.500	21.250	1.0000e-07
 8.500	21.500	1.0000e-07
 8.500	21.750	1.0000e-07
 8.500	22.000	1.0000e-07
 8.500	22.250	1.0000e-07
 8.500	22.500	1.0000e-07
 8.500	22.750	1.0000e-07
 8.500	23.000	1.0000e-07
 8.500	23.250	1.0000e-07
 8.500	23.500	1.0000e-07
 8.500	23.750	1.0000e-07
 8.500	24.000	1.0000e-07
 8.750	17.000	5.2989e-03
 8.750	17.250	5.1687e-03
 8.750	17.500	5.0524e-03
 8.750	17.750	4.9540e-03
 8.750	18.000	4.9037e-03
 8.750	18.250	4.6794e-03
 8.750	18.500	3.7672e-03
 8.750	18.750	2.2574e-03
 8.750	19.000	1.0000e-07
 8.750	19.250	1.0000e-07
 8.750	19.500	1.0000e-07
 8.750	19.750	1.0000e-07
 8.750	20.000	1.0000e-07
 8.750	20.250	1.0000e-07
 8.750	20.500	1.0000e-07
 8.750	20.750	1.0000e-07
 8.750	21.000	1.0000e-07
 8.750	21.250	1.0000e-07
 8.750	21.500	1.0000e-07
 8.750	21.750	1.0000e-07
 8.750	22.000	1.0000e-07
 8.750	22.250	1.0000e-07
 8.750	22.500	1.0000e-07
 8.750	22.750	1.0000e-07
 8.750	23.000	1.0000e-07
 8.750	23.250	1.0000e-07
 8.750	23.500	1.0000e-07
 8.750	23.750	1.0000e-07
 8.750	24.000	1.0000e-07
 9.000	17.000	5.6321e-03
 9.000	17.250	5.5135e-03
 9.000	17.500	5.4305e-03
 9.000	17.750	5.3670e-03
 9.000	18.000	5.2991e-03
 9.000	18.250	5.1509e-03
 9.000	18.500	4.6827e-03
 9.000	18.750	3.6803e-03
 9.000	19.000	1.9155e-03
 9.000	19.250	1.0000e-07
 9.000	19.500	1.0000e-07
 9.000	19.750	1.0000e-07
 9.000	20.000	1.0000e-07
 9.000	20.250	1.0000e-07
 9.000	20.500	1.0000e-07
 9.000	20.750	1.0000e-07
 9.000	21.000	1.0000e-07
 9.000	21.250	1.0000e-07
 9.000	21.500	1.0000e-07
 9.000	21.750	1.0000e-07
 9.000	22.000	1.0000e-07
 9.000	22.250	1.0000e-07
 9.000	22.500	1.0000e-07
 9.000	22.750	1.0000e-07
 9.000	23.000	1.0000e-07
 9.000	23.250	1.0000e-07
 9.000	23.500	1.0000e-07
 9.000	23.750	1.0000e-07
 9.000	24.000	1.0000e-07
 9.250	17.000	5.9785e-03
 9.250	17.250	5.8512e-03
 9.250	17.500	5.7933e-03
 9.250	17.750	5.7641e-03
 9.250	18.000	5.6917e-03
 9.250	18.250	5.4078e-03
 9.250	18.500	4.9547e-03
 9.250	18.750	4.2740e-03
 9.250	19.000	3.1259e-03
 9.250	19.250	1.3240e-03
 9.250	19.500	1.0000e-07
 9.250	19.750	1.0000e-07
 9.250	20.000	1.0000e-07
 9.250	20.250	1.0000e-07
 9.250	20.500	1.0000e-07
 9.250	20.750	1.0000e-07
 9.250	21.000	1.0000e-07
 9.250	21.250	1.0000e-07
 9.250	21.500	1.0000e-07
 9.250	21.750	1.0000e-07
 9.250	22.000	1.0000e-07
 9.250	22.250	1.0000e-07
 9.250	22.500	1.0000e-07
 9.250	22.750	1.0000e-07
 9.250	23.000	1.0000e-07
 9.250	23.250	1.0000e-07
 9.250	23.500	1.0000e-07
 9.250	23.750	1.0000e-07
 9.250	24.000	1.0000e-07
 9.500	17.000	6.3773e-03
 9.500	17.250	6.2065e-03
 9.500	17.500	6.1393e-03
 9.500	17.750	6.1155e-03
 9.500	18.000	5.9970e-03
 9.500	18.250	5.5801e-03
 9.500	18.500	4.9411e-03
 9.500	18.750	4.2505e-03
 9.500	19.000	3.4681e-03
 9.500	19.250	2.4124e-03
 9.500	19.500	7.4049e-04
 9.500	19.750	1.0000e-07
 9.500	20.000	1.0000e-07
 9.500	20.250	1.0000e-07
 9.500	20.500	1.0000e-07
 9.500	20.750	1.0000e-07
 9.500	21.000	1.0000e-07
 9.500	21.250	1.0000e-07
 9.500	21.500	1.0000e-07
 9.500	21.750	1.0000e-07
 9.500	22.000	1.0000e-07
 9.500	22.250	1.0000e-07
 9.500	22.500	1.0000e-07
 9.500	22.750	1.0000e-07
 9.500	23.000	1.0000e-07
 9.500	23.250	1.0000e-07
 9.500	23.500	1.0000e-07
 9.500	23.750	1.0000e-07
 9.500	24.000	1.0000e-07
 9.750	17.000	6.8387e-03
 9.750	17.250	6.5868e-03
 9.750	17.500	6.4633e-03
 9.750	17.750	6.3867e-03
 9.750	18.000	6.1623e-03
 9.750	18.250	5.5960e-03
 9.750	18.500	4.7700e-03
 9.750	18.750	3.8823e-03
 9.750	19.000	3.1021e-03
 9.750	19.250	2.4377e-03
 9.750	19.500	1.6623e-03
 9.750	19.750	4.0329e-06
 9.750	20.000	1.0000e-07
 9.750	20.250	1.0000e-07
 9.750	20.500	1.0000e-07
 9.750	20.750	1.0000e-07
 9.750	21.000	1.0000e-07
 9.750	21.250	1.0000e-07
 9.750	21.500	1.0000e-07
 9.750	21.750	1.0000e-07
 9.750	22.000	1.0000e-07
 9.750	22.250	1.0000e-07
 9.750	22.500	1.0000e-07
 9.750	22.750	1.0000e-07
 9.750	23.000	1.0000e-07
 9.750	23.250	1.0000e-07
 9.750	23.500	1.0000e-07
 9.750	23.750	1.0000e-07
 9.750	24.000	1.0000e-07
10.000	17.000	7.3272e-03
10.000	17.250	7.0141e-03
10.000	17.500	6.7868e-03
10.000	17.750	6.5863e-03
10.000	18.000	6.1900e-03
10.000	18.250	5.4172e-03
10.000	18.500	4.4295e-03
10.000	18.750	3.4453e-03
10.000	19.000	2.6004e-03
10.000	19.250	1.9593e-03
10.000	19.500	1.5244e-03
10.000	19.750	1.0760e-03
10.000	20.000	1.8930e-06
10.000	20.250	1.0000e-07
10.000	20.500	1.0000e-07
10.000	20.750	1.0000e-07
10.000	21.000	1.0000e-07
10.000	21.250	1.0000e-07
10.000	21.500	1.0000e-07
10.000	21.750	1.0000e-07
10.000	22.000	1.0000e-07
10.000	22.250	1.0000e-07
10.000	22.500	1.0000e-07
10.000	22.750	1.0000e-07
10.000	23.000	1.0000e-07
10.000	23.250	1.0000e-07
10.000	23.500	1.0000e-07
10.000	23.750	1.0000e-07
10.000	24.000	1.0000e-07
10.250	17.000	7.6151e-03
10.250	17.250	7.4721e-03
10.250	17.500	7.1440e-03
10.250	17.750	6.7431e-03
10.250	18.000	6.0677e-03
10.250	18.250	5.0742e-03
10.250	18.500	3.9588e-03
10.250	18.750	2.9350e-03
10.250	19.000	2.1579e-03
10.250	19.250	1.6719e-03
10.250	19.500	1.3941e-03
10.250	19.750	1.1785e-03
10.250	20.000	7.7086e-04
10.250	20.250	1.0000e-07
10.250	20.500	1.0000e-07
10.250	20.750	1.0000e-07
10.250	21.000	1.0000e-07
10.250	21.250	1.0000e-07
10.250	21.500	1.0000e-07
10.250	21.750	1.0000e-07
10.250	22.000	1.0000e-07
10.250	22.250	1.0000e-07
10.250	22.500	1.0000e-07
10.250	22.750	1.0000e-07
10.250	23.000	1.0000e-07
10.250	23.250	1.0000e-07
10.250	23.500	1.0000e-07
10.250	23.750	1.0000e-07
10.250	24.000	1.0000e-07
10.500	17.000	7.5902e-03
10.500	17.250	7.7501e-03
10.500	17.500	7.5296e-03
10.500	17.750	6.8774e-03
10.500	18.000	5.8605e-03
10.500	18.250	4.6309e-03
10.500	18.500	3.5185e-03
10.500	18.750	2.6355e-03
10.500	19.000	2.0174e-03
10.500	19.250	1.5952e-03
10.500	19.500	1.3016e-03
10.500	19.750	1.0933e-03
10.500	20.000	9.1605e-04
10.500	20.250	4.1564e-05
10.500	20.500	1.0000e-07
10.500	20.750	1.0000e-07
10.500	21.000	1.0000e-07
10.500	21.250	1.0000e-07
10.500	21.500	1.0000e-07
10.500	21.750	1.0000e-07
10.500	22.000	1.0000e-07
10.500	22.250	1.0000e-07
10.500	22.500	1.0000e-07
10.500	22.750	1.0000e-07
10.500	23.000	1.0000e-07
10.500	23.250	1.0000e-07
10.500	23.500	1.0000e-07
10.500	23.750	1.0000e-07
10.500	24.000	1.0000e-07
10.750	17.000	7.3256e-03
10.750	17.250	7.7048e-03
10.750	17.500	7.7188e-03
10.750	17.750	6.9928e-03
10.750	18.000	5.6960e-03
10.750	18.250	4.3476e-03
10.750	18.500	3.2897e-03
10.750	18.750	2.5087e-03
10.750	19.000	1.9448e-03
10.750	19.250	1.5273e-03
10.750	19.500	1.2175e-03
10.750	19.750	9.9383e-04
10.750	20.000	8.3374e-04
10.750	20.250	6.8757e-04
10.750	20.500	1.2099e-05
10.750	20.750	1.0000e-07
10.750	21.000	1.0000e-07
10.750	21.250	1.0000e-07
10.750	21.500	1.0000e-07
10.750	21.750	1.0000e-07
10.750	22.000	1.0000e-07
10.750	22.250	1.0000e-07
10.750	22.500	1.0000e-07
10.750	22.750	1.0000e-07
10.750	23.000	1.0000e-07
10.750	23.250	1.0000e-07
10.750	23.500	1.0000e-07
10.750	23.750	1.0000e-07
10.750	24.000	1.0000e-07
11.000	17.000	6.9707e-03
11.000	17.250	7.3960e-03
11.000	17.500	7.5765e-03
11.000	17.750	6.9986e-03
11.000	18.000	5.6348e-03
11.000	18.250	4.2240e-03
11.000	18.500	3.1717e-03
11.000	18.750	2.4340e-03
11.000	19.000	1.8833e-03
11.000	19.250	1.4609e-03
11.000	19.500	1.1398e-03
11.000	19.750	9.0642e-04
11.000	20.000	7.4000e-04
11.000	20.250	6.1893e-04
11.000	20.500	5.0173e-04
11.000	20.750	1.2099e-05
11.000	21.000	1.0000e-07
11.000	21.250	1.0000e-07
11.000	21.500	1.0000e-07
11.000	21.750	1.0000e-07
11.000	22.000	1.0000e-07
11.000	22.250	1.0000e-07
11.000	22.500	1.0000e-07
11.000	22.750	1.0000e-07
11.000	23.000	1.0000e-07
11.000	23.250	1.0000e-07
11.000	23.500	1.0000e-07
11.000	23.750	1.0000e-07
11.000	24.000	1.0000e-07
11.250	17.000	6.5942e-03
11.250	17.250	6.9815e-03
11.250	17.500	7.1960e-03
11.250	17.750	6.7880e-03
11.250	18.000	5.5576e-03
11.250	18.250	4.2082e-03
11.250	18.500	3.1585e-03
11.250	18.750	2.3927e-03
11.250	19.000	1.8303e-03
11.250	19.250	1.3984e-03
11.250	19.500	1.0700e-03
11.250	19.750	8.2988e-04
11.250	20.000	6.5967e-04
11.250	20.250	5.3918e-04
11.250	20.500	4.5243e-04
11.250	20.750	3.5984e-04
11.250	21.000	6.4198e-06
11.250	21.250	1.0000e-07
11.250	21.500	1.0000e-07
11.250	21.750	1.0000e-07
11.250	22.000	1.0000e-07
11.250	22.250	1.0000e-07
11.250	22.500	1.0000e-07
11.250	22.750	1.0000e-07
11.250	23.000	1.0000e-07
11.250	23.250	1.0000e-07
11.250	23.500	1.0000e-07
11.250	23.750	1.0000e-07
11.250	24.000	1.0000e-07
11.500	17.000	6.1975e-03
11.500	17.250	6.5334e-03
11.500	17.500	6.7147e-03
11.500	17.750	6.3956e-03
11.500	18.000	5.3704e-03
11.500	18.250	4.1841e-03
11.500	18.500	3.1858e-03
11.500	18.750	2.3877e-03
11.500	19.000	1.7927e-03
11.500	19.250	1.3452e-03
11.500	19.500	1.0105e-03
11.500	19.750	7.6658e-04
11.500	20.000	5.9350e-04
11.500	20.250	4.7284e-04
11.500	20.500	3.8889e-04
11.500	20.750	3.3029e-04
11.500	21.000	1.5473e-04
11.500	21.250	6.3374e-06
11.500	21.500	1.0000e-07
11.500	21.750	1.0000e-07
11.500	22.000	1.0000e-07
11.500	22.250	1.0000e-07
11.500	22.500	1.0000e-07
11.500	22.750	1.0000e-07
11.500	23.000	1.0000e-07
11.500	23.250	1.0000e-07
11.500	23.500	1.0000e-07
11.500	23.750	1.0000e-07
11.500	24.000	1.0000e-07
11.750	17.000	5.7824e-03
11.750	17.250	6.0611e-03
11.750	17.500	6.1784e-03
11.750	17.750	5.8802e-03
11.750	18.000	5.0746e-03
11.750	18.250	4.0979e-03
11.750	18.500	3.2225e-03
11.750	18.750	2.4521e-03
11.750	19.000	1.8072e-03
11.750	19.250	1.3239e-03
11.750	19.500	9.7160e-04
11.750	19.750	7.1975e-04
11.750	20.000	5.4280e-04
11.750	20.250	4.2066e-04
11.750	20.500	3.3802e-04
11.750	20.750	2.8280e-04
11.750	21.000	2.4601e-04
11.750	21.250	1.0667e-04
11.750	21.500	6.5021e-06
11.750	21.750	1.0000e-07
11.750	22.000	1.0000e-07
11.750	22.250	1.0000e-07
11.750	22.500	1.0000e-07
11.750	22.750	1.0000e-07
11.750	23.000	1.0000e-07
11.750	23.250	1.0000e-07
11.750	23.500	1.0000e-07
11.750	23.750	1.0000e-07
11.750	24.000	1.0000e-07
12.000	17.000	5.3345e-03
12.000	17.250	5.5533e-03
12.000	17.500	5.5987e-03
12.000	17.750	5.3035e-03
12.000	18.000	4.7216e-03
12.000	18.250	4.0060e-03
12.000	18.500	3.2624e-03
12.000	18.750	2.5561e-03
12.000	19.000	1.9027e-03
12.000	19.250	1.3649e-03
12.000	19.500	9.7276e-04
12.000	19.750	6.9926e-04
12.000	20.000	5.1177e-04
12.000	20.250	3.8477e-04
12.000	20.500	3.0049e-04
12.000	20.750	2.4535e-04
12.000	21.000	2.1053e-04
12.000	21.250	1.8848e-04
12.000	21.500	8.5597e-05
12.000	21.750	6.3374e-06
12.000	22.000	1.0000e-07
12.000	22.250	1.0000e-07
12.000	22.500	1.0000e-07
12.000	22.750	1.0000e-07
12.000	23.000	1.0000e-07
12.000	23.250	1.0000e-07
12.000	23.500	1.0000e-07
12.000	23.750	1.0000e-07
12.000	24.000	1.0000e-07
12.250	17.000	4.7805e-03
12.250	17.250	4.9998e-03
12.250	17.500	4.9797e-03
12.250	17.750	4.7370e-03
12.250	18.000	4.3848e-03
12.250	18.250	3.9485e-03
12.250	18.500	3.3554e-03
12.250	18.750	2.6900e-03
12.250	19.000	2.0568e-03
12.250	19.250	1.4933e-03
12.250	19.500	1.0413e-03
12.250	19.750	7.2337e-04
12.250	20.000	5.1062e-04
12.250	20.250	3.7012e-04
12.250	20.500	2.7860e-04
12.250	20.750	2.2008e-04
12.250	21.000	1.8362e-04
12.250	21.250	1.6214e-04
12.250	21.500	1.4675e-04
12.250	21.750	6.9136e-05
12.250	22.000	6.4198e-06
12.250	22.250	1.0000e-07
12.250	22.500	1.0000e-07
12.250	22.750	1.0000e-07
12.250	23.000	1.0000e-07
12.250	23.250	1.0000e-07
12.250	23.500	1.0000e-07
12.250	23.750	1.0000e-07
12.250	24.000	1.0000e-07
12.500	17.000	3.8681e-03
12.500	17.250	4.4079e-03
12.500	17.500	4.4010e-03
12.500	17.750	4.2785e-03
12.500	18.000	4.1263e-03
12.500	18.250	3.9017e-03
12.500	18.500	3.4945e-03
12.500	18.750	2.8863e-03
12.500	19.000	2.2486e-03
12.500	19.250	1.6889e-03
12.500	19.500	1.2046e-03
12.500	19.750	8.2214e-04
12.500	20.000	5.5975e-04
12.500	20.250	3.8889e-04
12.500	20.500	2.7959e-04
12.500	20.750	2.1086e-04
12.500	21.000	1.6864e-04
12.500	21.250	1.4370e-04
12.500	21.500	1.2798e-04
12.500	21.750	1.2008e-04
12.500	22.000	5.3827e-05
12.500	22.250	5.5144e-06
12.500	22.500	1.0000e-07
12.500	22.750	1.0000e-07
12.500	23.000	1.0000e-07
12.500	23.250	1.0000e-07
12.500	23.500	1.0000e-07
12.500	23.750	1.0000e-07
12.500	24.000	1.0000e-07
12.750	17.000	3.2149e-03
12.750	17.250	3.7491e-03
12.750	17.500	4.0255e-03
12.750	17.750	4.0044e-03
12.750	18.000	3.9683e-03
12.750	18.250	3.8748e-03
12.750	18.500	3.6127e-03
12.750	18.750	3.1200e-03
12.750	19.000	2.4972e-03
12.750	19.250	1.9213e-03
12.750	19.500	1.4446e-03
12.750	19.750	1.0278e-03
12.750	20.000	6.9300e-04
12.750	20.250	4.6461e-04
12.750	20.500	3.1811e-04
12.750	20.750	2.2634e-04
12.750	21.000	1.7045e-04
12.750	21.250	1.3753e-04
12.750	21.500	1.1687e-04
12.750	21.750	1.0807e-04
12.750	22.000	1.0362e-04
12.750	22.250	3.8189e-05
12.750	22.500	3.9506e-06
12.750	22.750	1.0000e-07
12.750	23.000	1.0000e-07
12.750	23.250	1.0000e-07
12.750	23.500	1.0000e-07
12.750	23.750	1.0000e-07
12.750	24.000	1.0000e-07
13.000	17.000	2.4883e-03
13.000	17.250	3.0216e-03
13.000	17.500	3.5615e-03
13.000	17.750	3.8028e-03
13.000	18.000	3.8587e-03
13.000	18.250	3.8538e-03
13.000	18.500	3.6866e-03
13.000	18.750	3.3156e-03
13.000	19.000	2.7763e-03
13.000	19.250	2.1991e-03
13.000	19.500	1.7051e-03
13.000	19.750	1.3094e-03
13.000	20.000	9.4403e-04
13.000	20.250	6.3580e-04
13.000	20.500	4.2156e-04
13.000	20.750	2.8453e-04
13.000	21.000	1.9992e-04
13.000	21.250	1.4963e-04
13.000	21.500	1.1835e-04
13.000	21.750	1.0354e-04
13.000	22.000	9.7942e-05
13.000	22.250	9.3827e-05
13.000	22.500	3.1852e-05
13.000	22.750	3.5391e-06
13.000	23.000	1.0000e-07
13.000	23.250	1.0000e-07
13.000	23.500	1.0000e-07
13.000	23.750	1.0000e-07
13.000	24.000	1.0000e-07
13.250	17.000	2.3174e-03
13.250	17.250	2.7154e-03
13.250	17.500	3.1542e-03
13.250	17.750	3.5310e-03
13.250	18.000	3.7580e-03
13.250	18.250	3.8293e-03
13.250	18.500	3.7454e-03
13.250	18.750	3.4546e-03
13.250	19.000	3.0108e-03
13.250	19.250	2.4859e-03
13.250	19.500	1.9781e-03
13.250	19.750	1.5664e-03
13.250	20.000	1.2360e-03
13.250	20.250	9.1909e-04
13.250	20.500	6.2897e-04
13.250	20.750	4.1753e-04
13.250	21.000	2.7918e-04
13.250	21.250	1.9391e-04
13.250	21.500	1.4000e-04
13.250	21.750	1.1177e-04
13.250	22.000	9.9012e-05
13.250	22.250	9.4815e-05
13.250	22.500	8.5761e-05
13.250	22.750	3.0041e-05
13.250	23.000	3.4568e-06
13.250	23.250	1.0000e-07
13.250	23.500	1.0000e-07
13.250	23.750	1.0000e-07
13.250	24.000	1.0000e-07
13.500	17.000	2.1871e-03
13.500	17.250	2.5737e-03
13.500	17.500	3.0047e-03
13.500	17.750	3.4006e-03
13.500	18.000	3.7012e-03
13.500	18.250	3.8519e-03
13.500	18.500	3.8081e-03
13.500	18.750	3.5768e-03
13.500	19.000	3.1956e-03
13.500	19.250	2.7334e-03
13.500	19.500	2.2494e-03
13.500	19.750	1.8075e-03
13.500	20.000	1.4547e-03
13.500	20.250	1.1821e-03
13.500	20.500	9.1564e-04
13.500	20.750	6.4700e-04
13.500	21.000	4.3588e-04
13.500	21.250	2.9235e-04
13.500	21.500	1.9671e-04
13.500	21.750	1.4296e-04
13.500	22.000	1.1366e-04
13.500	22.250	1.0173e-04
13.500	22.500	9.9095e-05
13.500	22.750	8.6667e-05
13.500	23.000	2.8066e-05
13.500	23.250	2.8807e-06
13.500	23.500	1.0000e-07
13.500	23.750	1.0000e-07
13.500	24.000	1.0000e-07
13.750	17.000	2.0819e-03
13.750	17.250	2.4856e-03
13.750	17.500	2.9254e-03
13.750	17.750	3.3284e-03
13.750	18.000	3.6852e-03
13.750	18.250	3.8900e-03
13.750	18.500	3.8916e-03
13.750	18.750	3.6990e-03
13.750	19.000	3.3688e-03
13.750	19.250	2.9496e-03
13.750	19.500	2.4981e-03
13.750	19.750	2.0523e-03
13.750	20.000	1.6593e-03
13.750	20.250	1.3506e-03
13.750	20.500	1.1181e-03
13.750	20.750	8.9885e-04
13.750	21.000	6.6099e-04
13.750	21.250	4.5663e-04
13.750	21.500	3.0519e-04
13.750	21.750	2.1004e-04
13.750	22.000	1.5300e-04
13.750	22.250	1.2230e-04
13.750	22.500	1.0930e-04
13.750	22.750	1.0667e-04
13.750	23.000	9.0453e-05
13.750	23.250	2.5514e-05
13.750	23.500	2.3045e-06
13.750	23.750	1.0000e-07
13.750	24.000	1.0000e-07
14.000	17.000	1.9998e-03
14.000	17.250	2.4105e-03
14.000	17.500	2.8668e-03
14.000	17.750	3.3219e-03
14.000	18.000	3.7051e-03
14.000	18.250	3.9504e-03
14.000	18.500	3.9937e-03
14.000	18.750	3.8401e-03
14.000	19.000	3.5444e-03
14.000	19.250	3.1607e-03
14.000	19.500	2.7301e-03
14.000	19.750	2.2919e-03
14.000	20.000	1.8755e-03
14.000	20.250	1.5185e-03
14.000	20.500	1.2422e-03
14.000	20.750	1.0388e-03
14.000	21.000	8.5868e-04
14.000	21.250	6.5695e-04
14.000	21.500	4.6132e-04
14.000	21.750	3.2074e-04
14.000	22.000	2.2626e-04
14.000	22.250	1.6757e-04
14.000	22.500	1.3556e-04
14.000	22.750	1.2189e-04
14.000	23.000	1.1720e-04
14.000	23.250	9.2593e-05
14.000	23.500	2.0082e-05
14.000	23.750	1.7284e-06
14.000	24.000	1.0000e-07
