TOTL 1.08299m  relative to Inci 1215.00A scaled to 1215A.
Hden   Phi(H)  Eq_Width (A)
 7.000	17.000	1.0501e-02
 7.000	17.250	8.5542e-03
 7.000	17.500	1.7708e-03
 7.000	17.750	1.0000e-07
 7.000	18.000	1.0000e-07
 7.000	18.250	1.0000e-07
 7.000	18.500	1.0000e-07
 7.000	18.750	1.0000e-07
 7.000	19.000	1.0000e-07
 7.000	19.250	1.0000e-07
 7.000	19.500	1.0000e-07
 7.000	19.750	1.0000e-07
 7.000	20.000	1.0000e-07
 7.000	20.250	1.0000e-07
 7.000	20.500	1.0000e-07
 7.000	20.750	1.0000e-07
 7.000	21.000	1.0000e-07
 7.000	21.250	1.0000e-07
 7.000	21.500	1.0000e-07
 7.000	21.750	1.0000e-07
 7.000	22.000	1.0000e-07
 7.000	22.250	1.0000e-07
 7.000	22.500	1.0000e-07
 7.000	22.750	1.0000e-07
 7.000	23.000	1.0000e-07
 7.000	23.250	1.0000e-07
 7.000	23.500	1.0000e-07
 7.000	23.750	1.0000e-07
 7.000	24.000	1.0000e-07
 7.250	17.000	1.3804e-02
 7.250	17.250	1.0508e-02
 7.250	17.500	8.4306e-03
 7.250	17.750	1.7423e-03
 7.250	18.000	1.0000e-07
 7.250	18.250	1.0000e-07
 7.250	18.500	1.0000e-07
 7.250	18.750	1.0000e-07
 7.250	19.000	1.0000e-07
 7.250	19.250	1.0000e-07
 7.250	19.500	1.0000e-07
 7.250	19.750	1.0000e-07
 7.250	20.000	1.0000e-07
 7.250	20.250	1.0000e-07
 7.250	20.500	1.0000e-07
 7.250	20.750	1.0000e-07
 7.250	21.000	1.0000e-07
 7.250	21.250	1.0000e-07
 7.250	21.500	1.0000e-07
 7.250	21.750	1.0000e-07
 7.250	22.000	1.0000e-07
 7.250	22.250	1.0000e-07
 7.250	22.500	1.0000e-07
 7.250	22.750	1.0000e-07
 7.250	23.000	1.0000e-07
 7.250	23.250	1.0000e-07
 7.250	23.500	1.0000e-07
 7.250	23.750	1.0000e-07
 7.250	24.000	1.0000e-07
 7.500	17.000	1.7893e-02
 7.500	17.250	1.3828e-02
 7.500	17.500	1.0488e-02
 7.500	17.750	8.3027e-03
 7.500	18.000	1.7142e-03
 7.500	18.250	1.0000e-07
 7.500	18.500	1.0000e-07
 7.500	18.750	1.0000e-07
 7.500	19.000	1.0000e-07
 7.500	19.250	1.0000e-07
 7.500	19.500	1.0000e-07
 7.500	19.750	1.0000e-07
 7.500	20.000	1.0000e-07
 7.500	20.250	1.0000e-07
 7.500	20.500	1.0000e-07
 7.500	20.750	1.0000e-07
 7.500	21.000	1.0000e-07
 7.500	21.250	1.0000e-07
 7.500	21.500	1.0000e-07
 7.500	21.750	1.0000e-07
 7.500	22.000	1.0000e-07
 7.500	22.250	1.0000e-07
 7.500	22.500	1.0000e-07
 7.500	22.750	1.0000e-07
 7.500	23.000	1.0000e-07
 7.500	23.250	1.0000e-07
 7.500	23.500	1.0000e-07
 7.500	23.750	1.0000e-07
 7.500	24.000	1.0000e-07
 7.750	17.000	2.2612e-02
 7.750	17.250	1.7914e-02
 7.750	17.500	1.3805e-02
 7.750	17.750	1.0441e-02
 7.750	18.000	8.1496e-03
 7.750	18.250	1.6825e-03
 7.750	18.500	1.0000e-07
 7.750	18.750	1.0000e-07
 7.750	19.000	1.0000e-07
 7.750	19.250	1.0000e-07
 7.750	19.500	1.0000e-07
 7.750	19.750	1.0000e-07
 7.750	20.000	1.0000e-07
 7.750	20.250	1.0000e-07
 7.750	20.500	1.0000e-07
 7.750	20.750	1.0000e-07
 7.750	21.000	1.0000e-07
 7.750	21.250	1.0000e-07
 7.750	21.500	1.0000e-07
 7.750	21.750	1.0000e-07
 7.750	22.000	1.0000e-07
 7.750	22.250	1.0000e-07
 7.750	22.500	1.0000e-07
 7.750	22.750	1.0000e-07
 7.750	23.000	1.0000e-07
 7.750	23.250	1.0000e-07
 7.750	23.500	1.0000e-07
 7.750	23.750	1.0000e-07
 7.750	24.000	1.0000e-07
 8.000	17.000	2.7023e-02
 8.000	17.250	2.2296e-02
 8.000	17.500	1.7469e-02
 8.000	17.750	1.3405e-02
 8.000	18.000	1.0202e-02
 8.000	18.250	7.9769e-03
 8.000	18.500	1.6602e-03
 8.000	18.750	1.0000e-07
 8.000	19.000	1.0000e-07
 8.000	19.250	1.0000e-07
 8.000	19.500	1.0000e-07
 8.000	19.750	1.0000e-07
 8.000	20.000	1.0000e-07
 8.000	20.250	1.0000e-07
 8.000	20.500	1.0000e-07
 8.000	20.750	1.0000e-07
 8.000	21.000	1.0000e-07
 8.000	21.250	1.0000e-07
 8.000	21.500	1.0000e-07
 8.000	21.750	1.0000e-07
 8.000	22.000	1.0000e-07
 8.000	22.250	1.0000e-07
 8.000	22.500	1.0000e-07
 8.000	22.750	1.0000e-07
 8.000	23.000	1.0000e-07
 8.000	23.250	1.0000e-07
 8.000	23.500	1.0000e-07
 8.000	23.750	1.0000e-07
 8.000	24.000	1.0000e-07
 8.250	17.000	3.1270e-02
 8.250	17.250	2.6923e-02
 8.250	17.500	2.2134e-02
 8.250	17.750	1.7274e-02
 8.250	18.000	1.3227e-02
 8.250	18.250	1.0047e-02
 8.250	18.500	7.6525e-03
 8.250	18.750	1.6091e-03
 8.250	19.000	1.0000e-07
 8.250	19.250	1.0000e-07
 8.250	19.500	1.0000e-07
 8.250	19.750	1.0000e-07
 8.250	20.000	1.0000e-07
 8.250	20.250	1.0000e-07
 8.250	20.500	1.0000e-07
 8.250	20.750	1.0000e-07
 8.250	21.000	1.0000e-07
 8.250	21.250	1.0000e-07
 8.250	21.500	1.0000e-07
 8.250	21.750	1.0000e-07
 8.250	22.000	1.0000e-07
 8.250	22.250	1.0000e-07
 8.250	22.500	1.0000e-07
 8.250	22.750	1.0000e-07
 8.250	23.000	1.0000e-07
 8.250	23.250	1.0000e-07
 8.250	23.500	1.0000e-07
 8.250	23.750	1.0000e-07
 8.250	24.000	1.0000e-07
 8.500	17.000	3.4749e-02
 8.500	17.250	3.1049e-02
 8.500	17.500	2.6605e-02
 8.500	17.750	2.1650e-02
 8.500	18.000	1.7035e-02
 8.500	18.250	1.3027e-02
 8.500	18.500	9.9990e-03
 8.500	18.750	7.4728e-03
 8.500	19.000	1.5347e-03
 8.500	19.250	9.0535e-07
 8.500	19.500	1.0000e-07
 8.500	19.750	1.0000e-07
 8.500	20.000	1.0000e-07
 8.500	20.250	1.0000e-07
 8.500	20.500	1.0000e-07
 8.500	20.750	1.0000e-07
 8.500	21.000	1.0000e-07
 8.500	21.250	1.0000e-07
 8.500	21.500	1.0000e-07
 8.500	21.750	1.0000e-07
 8.500	22.000	1.0000e-07
 8.500	22.250	1.0000e-07
 8.500	22.500	1.0000e-07
 8.500	22.750	1.0000e-07
 8.500	23.000	1.0000e-07
 8.500	23.250	1.0000e-07
 8.500	23.500	1.0000e-07
 8.500	23.750	1.0000e-07
 8.500	24.000	1.0000e-07
 8.750	17.000	3.7561e-02
 8.750	17.250	3.4452e-02
 8.750	17.500	3.0617e-02
 8.750	17.750	2.6104e-02
 8.750	18.000	2.1263e-02
 8.750	18.250	1.7067e-02
 8.750	18.500	1.3240e-02
 8.750	18.750	1.0028e-02
 8.750	19.000	6.8845e-03
 8.750	19.250	1.4391e-03
 8.750	19.500	9.0535e-07
 8.750	19.750	1.0000e-07
 8.750	20.000	1.0000e-07
 8.750	20.250	1.0000e-07
 8.750	20.500	1.0000e-07
 8.750	20.750	1.0000e-07
 8.750	21.000	1.0000e-07
 8.750	21.250	1.0000e-07
 8.750	21.500	1.0000e-07
 8.750	21.750	1.0000e-07
 8.750	22.000	1.0000e-07
 8.750	22.250	1.0000e-07
 8.750	22.500	1.0000e-07
 8.750	22.750	1.0000e-07
 8.750	23.000	1.0000e-07
 8.750	23.250	1.0000e-07
 8.750	23.500	1.0000e-07
 8.750	23.750	1.0000e-07
 8.750	24.000	1.0000e-07
 9.000	17.000	3.9988e-02
 9.000	17.250	3.7291e-02
 9.000	17.500	3.4009e-02
 9.000	17.750	3.0102e-02
 9.000	18.000	2.5511e-02
 9.000	18.250	2.1118e-02
 9.000	18.500	1.6895e-02
 9.000	18.750	1.2985e-02
 9.000	19.000	1.0282e-02
 9.000	19.250	6.0230e-03
 9.000	19.500	1.3499e-03
 9.000	19.750	9.8765e-07
 9.000	20.000	1.0000e-07
 9.000	20.250	1.0000e-07
 9.000	20.500	1.0000e-07
 9.000	20.750	1.0000e-07
 9.000	21.000	1.0000e-07
 9.000	21.250	1.0000e-07
 9.000	21.500	1.0000e-07
 9.000	21.750	1.0000e-07
 9.000	22.000	1.0000e-07
 9.000	22.250	1.0000e-07
 9.000	22.500	1.0000e-07
 9.000	22.750	1.0000e-07
 9.000	23.000	1.0000e-07
 9.000	23.250	1.0000e-07
 9.000	23.500	1.0000e-07
 9.000	23.750	1.0000e-07
 9.000	24.000	1.0000e-07
 9.250	17.000	4.2434e-02
 9.250	17.250	3.9891e-02
 9.250	17.500	3.7048e-02
 9.250	17.750	3.3659e-02
 9.250	18.000	2.9650e-02
 9.250	18.250	2.5308e-02
 9.250	18.500	2.0965e-02
 9.250	18.750	1.6962e-02
 9.250	19.000	1.3172e-02
 9.250	19.250	1.0455e-02
 9.250	19.500	5.1416e-03
 9.250	19.750	1.1693e-03
 9.250	20.000	9.8765e-07
 9.250	20.250	1.0000e-07
 9.250	20.500	1.0000e-07
 9.250	20.750	1.0000e-07
 9.250	21.000	1.0000e-07
 9.250	21.250	1.0000e-07
 9.250	21.500	1.0000e-07
 9.250	21.750	1.0000e-07
 9.250	22.000	1.0000e-07
 9.250	22.250	1.0000e-07
 9.250	22.500	1.0000e-07
 9.250	22.750	1.0000e-07
 9.250	23.000	1.0000e-07
 9.250	23.250	1.0000e-07
 9.250	23.500	1.0000e-07
 9.250	23.750	1.0000e-07
 9.250	24.000	1.0000e-07
 9.500	17.000	4.5370e-02
 9.500	17.250	4.2752e-02
 9.500	17.500	4.0137e-02
 9.500	17.750	3.7143e-02
 9.500	18.000	3.3541e-02
 9.500	18.250	2.9645e-02
 9.500	18.500	2.5418e-02
 9.500	18.750	2.1015e-02
 9.500	19.000	1.7100e-02
 9.500	19.250	1.2769e-02
 9.500	19.500	9.5650e-03
 9.500	19.750	4.4246e-03
 9.500	20.000	1.0074e-03
 9.500	20.250	9.8765e-07
 9.500	20.500	1.0000e-07
 9.500	20.750	1.0000e-07
 9.500	21.000	1.0000e-07
 9.500	21.250	1.0000e-07
 9.500	21.500	1.0000e-07
 9.500	21.750	1.0000e-07
 9.500	22.000	1.0000e-07
 9.500	22.250	1.0000e-07
 9.500	22.500	1.0000e-07
 9.500	22.750	1.0000e-07
 9.500	23.000	1.0000e-07
 9.500	23.250	1.0000e-07
 9.500	23.500	1.0000e-07
 9.500	23.750	1.0000e-07
 9.500	24.000	1.0000e-07
 9.750	17.000	4.9145e-02
 9.750	17.250	4.6348e-02
 9.750	17.500	4.3793e-02
 9.750	17.750	4.1003e-02
 9.750	18.000	3.7733e-02
 9.750	18.250	3.4291e-02
 9.750	18.500	3.0162e-02
 9.750	18.750	2.5410e-02
 9.750	19.000	2.0880e-02
 9.750	19.250	1.7207e-02
 9.750	19.500	1.1294e-02
 9.750	19.750	7.8209e-03
 9.750	20.000	3.5751e-03
 9.750	20.250	1.0048e-03
 9.750	20.500	9.8765e-07
 9.750	20.750	1.0000e-07
 9.750	21.000	1.0000e-07
 9.750	21.250	1.0000e-07
 9.750	21.500	1.0000e-07
 9.750	21.750	1.0000e-07
 9.750	22.000	1.0000e-07
 9.750	22.250	1.0000e-07
 9.750	22.500	1.0000e-07
 9.750	22.750	1.0000e-07
 9.750	23.000	1.0000e-07
 9.750	23.250	1.0000e-07
 9.750	23.500	1.0000e-07
 9.750	23.750	1.0000e-07
 9.750	24.000	1.0000e-07
10.000	17.000	5.3641e-02
10.000	17.250	5.1083e-02
10.000	17.500	4.8541e-02
10.000	17.750	4.5892e-02
10.000	18.000	4.3013e-02
10.000	18.250	3.9515e-02
10.000	18.500	3.4824e-02
10.000	18.750	2.8970e-02
10.000	19.000	2.2531e-02
10.000	19.250	1.5950e-02
10.000	19.500	1.3130e-02
10.000	19.750	8.6471e-03
10.000	20.000	5.5045e-03
10.000	20.250	2.5596e-03
10.000	20.500	7.9778e-04
10.000	20.750	9.8765e-07
10.000	21.000	1.0000e-07
10.000	21.250	1.0000e-07
10.000	21.500	1.0000e-07
10.000	21.750	1.0000e-07
10.000	22.000	1.0000e-07
10.000	22.250	1.0000e-07
10.000	22.500	1.0000e-07
10.000	22.750	1.0000e-07
10.000	23.000	1.0000e-07
10.000	23.250	1.0000e-07
10.000	23.500	1.0000e-07
10.000	23.750	1.0000e-07
10.000	24.000	1.0000e-07
10.250	17.000	5.9229e-02
10.250	17.250	5.6792e-02
10.250	17.500	5.4733e-02
10.250	17.750	5.2271e-02
10.250	18.000	4.9331e-02
10.250	18.250	4.5215e-02
10.250	18.500	3.9253e-02
10.250	18.750	3.2025e-02
10.250	19.000	2.4954e-02
10.250	19.250	1.9031e-02
10.250	19.500	1.4661e-02
10.250	19.750	1.0699e-02
10.250	20.000	6.9343e-03
10.250	20.250	4.0584e-03
10.250	20.500	1.9518e-03
10.250	20.750	5.8519e-04
10.250	21.000	9.0535e-07
10.250	21.250	1.0000e-07
10.250	21.500	1.0000e-07
10.250	21.750	1.0000e-07
10.250	22.000	1.0000e-07
10.250	22.250	1.0000e-07
10.250	22.500	1.0000e-07
10.250	22.750	1.0000e-07
10.250	23.000	1.0000e-07
10.250	23.250	1.0000e-07
10.250	23.500	1.0000e-07
10.250	23.750	1.0000e-07
10.250	24.000	1.0000e-07
10.500	17.000	6.5081e-02
10.500	17.250	6.3709e-02
10.500	17.500	6.2084e-02
10.500	17.750	6.0061e-02
10.500	18.000	5.6370e-02
10.500	18.250	5.0770e-02
10.500	18.500	4.2807e-02
10.500	18.750	3.4245e-02
10.500	19.000	2.5813e-02
10.500	19.250	1.8988e-02
10.500	19.500	1.3554e-02
10.500	19.750	9.5849e-03
10.500	20.000	6.5040e-03
10.500	20.250	5.2155e-03
10.500	20.500	3.3007e-03
10.500	20.750	1.3439e-03
10.500	21.000	4.1663e-04
10.500	21.250	9.0535e-07
10.500	21.500	1.0000e-07
10.500	21.750	1.0000e-07
10.500	22.000	1.0000e-07
10.500	22.250	1.0000e-07
10.500	22.500	1.0000e-07
10.500	22.750	1.0000e-07
10.500	23.000	1.0000e-07
10.500	23.250	1.0000e-07
10.500	23.500	1.0000e-07
10.500	23.750	1.0000e-07
10.500	24.000	1.0000e-07
10.750	17.000	7.0464e-02
10.750	17.250	7.0818e-02
10.750	17.500	7.0303e-02
10.750	17.750	6.8054e-02
10.750	18.000	6.3458e-02
10.750	18.250	5.5764e-02
10.750	18.500	4.6174e-02
10.750	18.750	3.5770e-02
10.750	19.000	2.6799e-02
10.750	19.250	1.9631e-02
10.750	19.500	1.3832e-02
10.750	19.750	9.4319e-03
10.750	20.000	6.4418e-03
10.750	20.250	4.7516e-03
10.750	20.500	3.7672e-03
10.750	20.750	2.0000e-03
10.750	21.000	9.8840e-04
10.750	21.250	2.9029e-04
10.750	21.500	1.0000e-07
10.750	21.750	1.0000e-07
10.750	22.000	1.0000e-07
10.750	22.250	1.0000e-07
10.750	22.500	1.0000e-07
10.750	22.750	1.0000e-07
10.750	23.000	1.0000e-07
10.750	23.250	1.0000e-07
10.750	23.500	1.0000e-07
10.750	23.750	1.0000e-07
10.750	24.000	1.0000e-07
11.000	17.000	7.5076e-02
11.000	17.250	7.7056e-02
11.000	17.500	7.7655e-02
11.000	17.750	7.5513e-02
11.000	18.000	6.9934e-02
11.000	18.250	6.0455e-02
11.000	18.500	4.9318e-02
11.000	18.750	3.7966e-02
11.000	19.000	2.8049e-02
11.000	19.250	2.0088e-02
11.000	19.500	1.3983e-02
11.000	19.750	9.5672e-03
11.000	20.000	6.7121e-03
11.000	20.250	4.5533e-03
11.000	20.500	3.1205e-03
11.000	20.750	3.5387e-03
11.000	21.000	1.6699e-03
11.000	21.250	6.7407e-04
11.000	21.500	1.7152e-04
11.000	21.750	1.0000e-07
11.000	22.000	1.0000e-07
11.000	22.250	1.0000e-07
11.000	22.500	1.0000e-07
11.000	22.750	1.0000e-07
11.000	23.000	1.0000e-07
11.000	23.250	1.0000e-07
11.000	23.500	1.0000e-07
11.000	23.750	1.0000e-07
11.000	24.000	1.0000e-07
11.250	17.000	7.8559e-02
11.250	17.250	8.1993e-02
11.250	17.500	8.3051e-02
11.250	17.750	8.1439e-02
11.250	18.000	7.5763e-02
11.250	18.250	6.5339e-02
11.250	18.500	5.2728e-02
11.250	18.750	4.0435e-02
11.250	19.000	2.9906e-02
11.250	19.250	2.1227e-02
11.250	19.500	1.4724e-02
11.250	19.750	1.0509e-02
11.250	20.000	7.3329e-03
11.250	20.250	5.0829e-03
11.250	20.500	3.5867e-03
11.250	20.750	2.8018e-03
11.250	21.000	1.6960e-03
11.250	21.250	1.0568e-03
11.250	21.500	4.3926e-04
11.250	21.750	9.7366e-05
11.250	22.000	1.0000e-07
11.250	22.250	1.0000e-07
11.250	22.500	1.0000e-07
11.250	22.750	1.0000e-07
11.250	23.000	1.0000e-07
11.250	23.250	1.0000e-07
11.250	23.500	1.0000e-07
11.250	23.750	1.0000e-07
11.250	24.000	1.0000e-07
11.500	17.000	8.0574e-02
11.500	17.250	8.5174e-02
11.500	17.500	8.6673e-02
11.500	17.750	8.5390e-02
11.500	18.000	8.0409e-02
11.500	18.250	7.0039e-02
11.500	18.500	5.6628e-02
11.500	18.750	4.3523e-02
11.500	19.000	3.2028e-02
11.500	19.250	2.2630e-02
11.500	19.500	1.5657e-02
11.500	19.750	1.0603e-02
11.500	20.000	7.7160e-03
11.500	20.250	5.2061e-03
11.500	20.500	3.4289e-03
11.500	20.750	2.5731e-03
11.500	21.000	3.7557e-03
11.500	21.250	1.3145e-03
11.500	21.500	5.9844e-04
11.500	21.750	2.7070e-04
11.500	22.000	5.8436e-06
11.500	22.250	1.0000e-07
11.500	22.500	1.0000e-07
11.500	22.750	1.0000e-07
11.500	23.000	1.0000e-07
11.500	23.250	1.0000e-07
11.500	23.500	1.0000e-07
11.500	23.750	1.0000e-07
11.500	24.000	1.0000e-07
11.750	17.000	8.1235e-02
11.750	17.250	8.6417e-02
11.750	17.500	8.8546e-02
11.750	17.750	8.7512e-02
11.750	18.000	8.3130e-02
11.750	18.250	7.3630e-02
11.750	18.500	6.0033e-02
11.750	18.750	4.6136e-02
11.750	19.000	3.4216e-02
11.750	19.250	2.4428e-02
11.750	19.500	1.6657e-02
11.750	19.750	1.1299e-02
11.750	20.000	7.9066e-03
11.750	20.250	5.4818e-03
11.750	20.500	3.6221e-03
11.750	20.750	2.5490e-03
11.750	21.000	1.7987e-03
11.750	21.250	3.1338e-03
11.750	21.500	1.1366e-03
11.750	21.750	5.7350e-04
11.750	22.000	1.9119e-04
11.750	22.250	2.4691e-06
11.750	22.500	1.0000e-07
11.750	22.750	1.0000e-07
11.750	23.000	1.0000e-07
11.750	23.250	1.0000e-07
11.750	23.500	1.0000e-07
11.750	23.750	1.0000e-07
11.750	24.000	1.0000e-07
12.000	17.000	8.0787e-02
12.000	17.250	8.6235e-02
12.000	17.500	8.8839e-02
12.000	17.750	8.7937e-02
12.000	18.000	8.3836e-02
12.000	18.250	7.5571e-02
12.000	18.500	6.2193e-02
12.000	18.750	4.8039e-02
12.000	19.000	3.5922e-02
12.000	19.250	2.5859e-02
12.000	19.500	1.8057e-02
12.000	19.750	1.2353e-02
12.000	20.000	8.0624e-03
12.000	20.250	5.7458e-03
12.000	20.500	3.8022e-03
12.000	20.750	2.4763e-03
12.000	21.000	1.7808e-03
12.000	21.250	1.1098e-03
12.000	21.500	8.6403e-04
12.000	21.750	6.6140e-04
12.000	22.000	2.8049e-04
12.000	22.250	1.0774e-04
12.000	22.500	9.0535e-07
12.000	22.750	1.0000e-07
12.000	23.000	1.0000e-07
12.000	23.250	1.0000e-07
12.000	23.500	1.0000e-07
12.000	23.750	1.0000e-07
12.000	24.000	1.0000e-07
12.250	17.000	7.9792e-02
12.250	17.250	8.5186e-02
12.250	17.500	8.8033e-02
12.250	17.750	8.6988e-02
12.250	18.000	8.3085e-02
12.250	18.250	7.5762e-02
12.250	18.500	6.3387e-02
12.250	18.750	4.8884e-02
12.250	19.000	3.6639e-02
12.250	19.250	2.6749e-02
12.250	19.500	1.8914e-02
12.250	19.750	1.3033e-02
12.250	20.000	8.6401e-03
12.250	20.250	5.7226e-03
12.250	20.500	4.0919e-03
12.250	20.750	2.6839e-03
12.250	21.000	1.7222e-03
12.250	21.250	1.2723e-03
12.250	21.500	7.5029e-04
12.250	21.750	8.9770e-04
12.250	22.000	3.1770e-04
12.250	22.250	2.6058e-04
12.250	22.500	5.2016e-05
12.250	22.750	1.0000e-07
12.250	23.000	1.0000e-07
12.250	23.250	1.0000e-07
12.250	23.500	1.0000e-07
12.250	23.750	1.0000e-07
12.250	24.000	1.0000e-07
12.500	17.000	7.8142e-02
12.500	17.250	8.3616e-02
12.500	17.500	8.6703e-02
12.500	17.750	8.5426e-02
12.500	18.000	8.1593e-02
12.500	18.250	7.4496e-02
12.500	18.500	6.3504e-02
12.500	18.750	4.9335e-02
12.500	19.000	3.6376e-02
12.500	19.250	2.6805e-02
12.500	19.500	1.9322e-02
12.500	19.750	1.3568e-02
12.500	20.000	9.3023e-03
12.500	20.250	6.1223e-03
12.500	20.500	4.1174e-03
12.500	20.750	2.9156e-03
12.500	21.000	1.8580e-03
12.500	21.250	1.1951e-03
12.500	21.500	8.9959e-04
12.500	21.750	5.1770e-04
12.500	22.000	3.1325e-04
12.500	22.250	4.7342e-04
12.500	22.500	1.5251e-04
12.500	22.750	2.6091e-05
12.500	23.000	1.0000e-07
12.500	23.250	1.0000e-07
12.500	23.500	1.0000e-07
12.500	23.750	1.0000e-07
12.500	24.000	1.0000e-07
12.750	17.000	7.6126e-02
12.750	17.250	8.1700e-02
12.750	17.500	8.4971e-02
12.750	17.750	8.4526e-02
12.750	18.000	7.9855e-02
12.750	18.250	7.2693e-02
12.750	18.500	6.2406e-02
12.750	18.750	4.9293e-02
12.750	19.000	3.6288e-02
12.750	19.250	2.6321e-02
12.750	19.500	1.9021e-02
12.750	19.750	1.3632e-02
12.750	20.000	9.5715e-03
12.750	20.250	6.4951e-03
12.750	20.500	4.4788e-03
12.750	20.750	2.8271e-03
12.750	21.000	2.3590e-03
12.750	21.250	1.6092e-03
12.750	21.500	8.1786e-04
12.750	21.750	6.1654e-04
12.750	22.000	3.3342e-04
12.750	22.250	3.4041e-04
12.750	22.500	1.6930e-04
12.750	22.750	8.1811e-05
12.750	23.000	1.0000e-07
12.750	23.250	1.0000e-07
12.750	23.500	1.0000e-07
12.750	23.750	1.0000e-07
12.750	24.000	1.0000e-07
13.000	17.000	7.4199e-02
13.000	17.250	7.9965e-02
13.000	17.500	8.3593e-02
13.000	17.750	8.3358e-02
13.000	18.000	7.8639e-02
13.000	18.250	7.0775e-02
13.000	18.500	6.0692e-02
13.000	18.750	4.8551e-02
13.000	19.000	3.6086e-02
13.000	19.250	2.5918e-02
13.000	19.500	1.8607e-02
13.000	19.750	1.2983e-02
13.000	20.000	9.2406e-03
13.000	20.250	6.7054e-03
13.000	20.500	4.3393e-03
13.000	20.750	3.1145e-03
13.000	21.000	1.9636e-03
13.000	21.250	1.5737e-03
13.000	21.500	1.0527e-03
13.000	21.750	5.6173e-04
13.000	22.000	4.4477e-04
13.000	22.250	4.0658e-04
13.000	22.500	3.4337e-04
13.000	22.750	9.3827e-05
13.000	23.000	4.9053e-05
13.000	23.250	1.0000e-07
13.000	23.500	1.0000e-07
13.000	23.750	1.0000e-07
13.000	24.000	1.0000e-07
13.250	17.000	7.1582e-02
13.250	17.250	7.8279e-02
13.250	17.500	8.2290e-02
13.250	17.750	8.2501e-02
13.250	18.000	7.8089e-02
13.250	18.250	6.9520e-02
13.250	18.500	5.8975e-02
13.250	18.750	4.7350e-02
13.250	19.000	3.5666e-02
13.250	19.250	2.5837e-02
13.250	19.500	1.8119e-02
13.250	19.750	1.2412e-02
13.250	20.000	9.2281e-03
13.250	20.250	6.2026e-03
13.250	20.500	4.5230e-03
13.250	20.750	2.9035e-03
13.250	21.000	2.1105e-03
13.250	21.250	1.3265e-03
13.250	21.500	1.0086e-03
13.250	21.750	7.1695e-04
13.250	22.000	4.0453e-04
13.250	22.250	2.8189e-04
13.250	22.500	1.7580e-04
13.250	22.750	7.2403e-04
13.250	23.000	8.9630e-05
13.250	23.250	3.2428e-05
13.250	23.500	1.0000e-07
13.250	23.750	1.0000e-07
13.250	24.000	1.0000e-07
13.500	17.000	6.8628e-02
13.500	17.250	7.5836e-02
13.500	17.500	8.0789e-02
13.500	17.750	8.1299e-02
13.500	18.000	7.7236e-02
13.500	18.250	6.8974e-02
13.500	18.500	5.7650e-02
13.500	18.750	4.5861e-02
13.500	19.000	3.4825e-02
13.500	19.250	2.5346e-02
13.500	19.500	1.7888e-02
13.500	19.750	1.2053e-02
13.500	20.000	8.3192e-03
13.500	20.250	5.8263e-03
13.500	20.500	4.0821e-03
13.500	20.750	2.9312e-03
13.500	21.000	2.0292e-03
13.500	21.250	1.3082e-03
13.500	21.500	8.9004e-04
13.500	21.750	6.1926e-04
13.500	22.000	4.7926e-04
13.500	22.250	2.5819e-04
13.500	22.500	1.7103e-04
13.500	22.750	1.1391e-04
13.500	23.000	6.5597e-05
13.500	23.250	3.7202e-05
13.500	23.500	1.8601e-05
13.500	23.750	1.0000e-07
13.500	24.000	1.0000e-07
13.750	17.000	6.5573e-02
13.750	17.250	7.3174e-02
13.750	17.500	7.8824e-02
13.750	17.750	8.0169e-02
13.750	18.000	7.6337e-02
13.750	18.250	6.7632e-02
13.750	18.500	5.6430e-02
13.750	18.750	4.4593e-02
13.750	19.000	3.3657e-02
13.750	19.250	2.4565e-02
13.750	19.500	1.7384e-02
13.750	19.750	1.1913e-02
13.750	20.000	8.0965e-03
13.750	20.250	5.5119e-03
13.750	20.500	3.8023e-03
13.750	20.750	2.6627e-03
13.750	21.000	1.8922e-03
13.750	21.250	1.2915e-03
13.750	21.500	8.5152e-04
13.750	21.750	5.8000e-04
13.750	22.000	4.1844e-04
13.750	22.250	3.3992e-04
13.750	22.500	1.7300e-04
13.750	22.750	1.1539e-04
13.750	23.000	7.2510e-05
13.750	23.250	5.7037e-05
13.750	23.500	3.2922e-05
13.750	23.750	1.2593e-05
13.750	24.000	1.0000e-07
14.000	17.000	6.2359e-02
14.000	17.250	7.0481e-02
14.000	17.500	7.6424e-02
14.000	17.750	7.8537e-02
14.000	18.000	7.4989e-02
14.000	18.250	6.6200e-02
14.000	18.500	5.4868e-02
14.000	18.750	4.3016e-02
14.000	19.000	3.2335e-02
14.000	19.250	2.3642e-02
14.000	19.500	1.7028e-02
14.000	19.750	1.1739e-02
14.000	20.000	7.9743e-03
14.000	20.250	5.3858e-03
14.000	20.500	3.6407e-03
14.000	20.750	2.8119e-03
14.000	21.000	2.0370e-03
14.000	21.250	1.2244e-03
14.000	21.500	8.1366e-04
14.000	21.750	5.5802e-04
14.000	22.000	3.8568e-04
14.000	22.250	2.7975e-04
14.000	22.500	2.0519e-04
14.000	22.750	1.1630e-04
14.000	23.000	7.5720e-05
14.000	23.250	5.3663e-05
14.000	23.500	3.2593e-05
14.000	23.750	1.8683e-05
14.000	24.000	7.5720e-06
