nInu 9500.00A  relative to Inci 1215.00A scaled to 1215A.
Hden   Phi(H)  Eq_Width (A)
 7.000	17.000	1.9614e-01
 7.000	17.250	1.9614e-01
 7.000	17.500	1.9614e-01
 7.000	17.750	1.9615e-01
 7.000	18.000	1.9615e-01
 7.000	18.250	1.9615e-01
 7.000	18.500	1.9615e-01
 7.000	18.750	1.9615e-01
 7.000	19.000	1.9615e-01
 7.000	19.250	1.9615e-01
 7.000	19.500	1.9615e-01
 7.000	19.750	1.9615e-01
 7.000	20.000	1.9615e-01
 7.000	20.250	1.9615e-01
 7.000	20.500	1.9615e-01
 7.000	20.750	1.9615e-01
 7.000	21.000	1.9615e-01
 7.000	21.250	1.9615e-01
 7.000	21.500	1.9615e-01
 7.000	21.750	1.9615e-01
 7.000	22.000	1.9615e-01
 7.000	22.250	1.9615e-01
 7.000	22.500	1.9615e-01
 7.000	22.750	1.9615e-01
 7.000	23.000	1.9615e-01
 7.000	23.250	1.9615e-01
 7.000	23.500	1.9615e-01
 7.000	23.750	1.9615e-01
 7.000	24.000	1.9615e-01
 7.250	17.000	1.9614e-01
 7.250	17.250	1.9614e-01
 7.250	17.500	1.9614e-01
 7.250	17.750	1.9614e-01
 7.250	18.000	1.9615e-01
 7.250	18.250	1.9615e-01
 7.250	18.500	1.9615e-01
 7.250	18.750	1.9615e-01
 7.250	19.000	1.9615e-01
 7.250	19.250	1.9615e-01
 7.250	19.500	1.9615e-01
 7.250	19.750	1.9615e-01
 7.250	20.000	1.9615e-01
 7.250	20.250	1.9615e-01
 7.250	20.500	1.9615e-01
 7.250	20.750	1.9615e-01
 7.250	21.000	1.9615e-01
 7.250	21.250	1.9615e-01
 7.250	21.500	1.9615e-01
 7.250	21.750	1.9615e-01
 7.250	22.000	1.9615e-01
 7.250	22.250	1.9615e-01
 7.250	22.500	1.9615e-01
 7.250	22.750	1.9615e-01
 7.250	23.000	1.9615e-01
 7.250	23.250	1.9615e-01
 7.250	23.500	1.9615e-01
 7.250	23.750	1.9615e-01
 7.250	24.000	1.9615e-01
 7.500	17.000	1.9613e-01
 7.500	17.250	1.9613e-01
 7.500	17.500	1.9613e-01
 7.500	17.750	1.9613e-01
 7.500	18.000	1.9613e-01
 7.500	18.250	1.9614e-01
 7.500	18.500	1.9615e-01
 7.500	18.750	1.9615e-01
 7.500	19.000	1.9615e-01
 7.500	19.250	1.9615e-01
 7.500	19.500	1.9615e-01
 7.500	19.750	1.9615e-01
 7.500	20.000	1.9615e-01
 7.500	20.250	1.9615e-01
 7.500	20.500	1.9615e-01
 7.500	20.750	1.9615e-01
 7.500	21.000	1.9615e-01
 7.500	21.250	1.9615e-01
 7.500	21.500	1.9615e-01
 7.500	21.750	1.9615e-01
 7.500	22.000	1.9615e-01
 7.500	22.250	1.9615e-01
 7.500	22.500	1.9615e-01
 7.500	22.750	1.9615e-01
 7.500	23.000	1.9615e-01
 7.500	23.250	1.9615e-01
 7.500	23.500	1.9615e-01
 7.500	23.750	1.9615e-01
 7.500	24.000	1.9615e-01
 7.750	17.000	1.9612e-01
 7.750	17.250	1.9611e-01
 7.750	17.500	1.9611e-01
 7.750	17.750	1.9611e-01
 7.750	18.000	1.9611e-01
 7.750	18.250	1.9611e-01
 7.750	18.500	1.9613e-01
 7.750	18.750	1.9615e-01
 7.750	19.000	1.9615e-01
 7.750	19.250	1.9615e-01
 7.750	19.500	1.9615e-01
 7.750	19.750	1.9615e-01
 7.750	20.000	1.9615e-01
 7.750	20.250	1.9615e-01
 7.750	20.500	1.9615e-01
 7.750	20.750	1.9615e-01
 7.750	21.000	1.9615e-01
 7.750	21.250	1.9615e-01
 7.750	21.500	1.9615e-01
 7.750	21.750	1.9615e-01
 7.750	22.000	1.9615e-01
 7.750	22.250	1.9615e-01
 7.750	22.500	1.9615e-01
 7.750	22.750	1.9615e-01
 7.750	23.000	1.9615e-01
 7.750	23.250	1.9615e-01
 7.750	23.500	1.9615e-01
 7.750	23.750	1.9615e-01
 7.750	24.000	1.9615e-01
 8.000	17.000	1.9610e-01
 8.000	17.250	1.9610e-01
 8.000	17.500	1.9609e-01
 8.000	17.750	1.9609e-01
 8.000	18.000	1.9608e-01
 8.000	18.250	1.9607e-01
 8.000	18.500	1.9606e-01
 8.000	18.750	1.9611e-01
 8.000	19.000	1.9615e-01
 8.000	19.250	1.9615e-01
 8.000	19.500	1.9615e-01
 8.000	19.750	1.9615e-01
 8.000	20.000	1.9615e-01
 8.000	20.250	1.9615e-01
 8.000	20.500	1.9615e-01
 8.000	20.750	1.9615e-01
 8.000	21.000	1.9615e-01
 8.000	21.250	1.9615e-01
 8.000	21.500	1.9615e-01
 8.000	21.750	1.9615e-01
 8.000	22.000	1.9615e-01
 8.000	22.250	1.9615e-01
 8.000	22.500	1.9615e-01
 8.000	22.750	1.9615e-01
 8.000	23.000	1.9615e-01
 8.000	23.250	1.9615e-01
 8.000	23.500	1.9615e-01
 8.000	23.750	1.9615e-01
 8.000	24.000	1.9615e-01
 8.250	17.000	1.9608e-01
 8.250	17.250	1.9607e-01
 8.250	17.500	1.9607e-01
 8.250	17.750	1.9605e-01
 8.250	18.000	1.9603e-01
 8.250	18.250	1.9598e-01
 8.250	18.500	1.9593e-01
 8.250	18.750	1.9593e-01
 8.250	19.000	1.9603e-01
 8.250	19.250	1.9613e-01
 8.250	19.500	1.9615e-01
 8.250	19.750	1.9615e-01
 8.250	20.000	1.9615e-01
 8.250	20.250	1.9615e-01
 8.250	20.500	1.9615e-01
 8.250	20.750	1.9615e-01
 8.250	21.000	1.9615e-01
 8.250	21.250	1.9615e-01
 8.250	21.500	1.9615e-01
 8.250	21.750	1.9615e-01
 8.250	22.000	1.9615e-01
 8.250	22.250	1.9615e-01
 8.250	22.500	1.9615e-01
 8.250	22.750	1.9615e-01
 8.250	23.000	1.9615e-01
 8.250	23.250	1.9615e-01
 8.250	23.500	1.9615e-01
 8.250	23.750	1.9615e-01
 8.250	24.000	1.9615e-01
 8.500	17.000	1.9605e-01
 8.500	17.250	1.9604e-01
 8.500	17.500	1.9603e-01
 8.500	17.750	1.9601e-01
 8.500	18.000	1.9597e-01
 8.500	18.250	1.9587e-01
 8.500	18.500	1.9573e-01
 8.500	18.750	1.9561e-01
 8.500	19.000	1.9567e-01
 8.500	19.250	1.9586e-01
 8.500	19.500	1.9610e-01
 8.500	19.750	1.9615e-01
 8.500	20.000	1.9615e-01
 8.500	20.250	1.9615e-01
 8.500	20.500	1.9615e-01
 8.500	20.750	1.9615e-01
 8.500	21.000	1.9615e-01
 8.500	21.250	1.9615e-01
 8.500	21.500	1.9615e-01
 8.500	21.750	1.9615e-01
 8.500	22.000	1.9615e-01
 8.500	22.250	1.9615e-01
 8.500	22.500	1.9615e-01
 8.500	22.750	1.9615e-01
 8.500	23.000	1.9615e-01
 8.500	23.250	1.9615e-01
 8.500	23.500	1.9615e-01
 8.500	23.750	1.9615e-01
 8.500	24.000	1.9615e-01
 8.750	17.000	1.9600e-01
 8.750	17.250	1.9599e-01
 8.750	17.500	1.9598e-01
 8.750	17.750	1.9596e-01
 8.750	18.000	1.9590e-01
 8.750	18.250	1.9576e-01
 8.750	18.500	1.9553e-01
 8.750	18.750	1.9523e-01
 8.750	19.000	1.9514e-01
 8.750	19.250	1.9530e-01
 8.750	19.500	1.9566e-01
 8.750	19.750	1.9607e-01
 8.750	20.000	1.9614e-01
 8.750	20.250	1.9615e-01
 8.750	20.500	1.9615e-01
 8.750	20.750	1.9615e-01
 8.750	21.000	1.9615e-01
 8.750	21.250	1.9615e-01
 8.750	21.500	1.9615e-01
 8.750	21.750	1.9615e-01
 8.750	22.000	1.9615e-01
 8.750	22.250	1.9615e-01
 8.750	22.500	1.9615e-01
 8.750	22.750	1.9615e-01
 8.750	23.000	1.9615e-01
 8.750	23.250	1.9615e-01
 8.750	23.500	1.9615e-01
 8.750	23.750	1.9615e-01
 8.750	24.000	1.9615e-01
 9.000	17.000	1.9593e-01
 9.000	17.250	1.9592e-01
 9.000	17.500	1.9591e-01
 9.000	17.750	1.9588e-01
 9.000	18.000	1.9580e-01
 9.000	18.250	1.9565e-01
 9.000	18.500	1.9534e-01
 9.000	18.750	1.9494e-01
 9.000	19.000	1.9455e-01
 9.000	19.250	1.9449e-01
 9.000	19.500	1.9478e-01
 9.000	19.750	1.9560e-01
 9.000	20.000	1.9596e-01
 9.000	20.250	1.9613e-01
 9.000	20.500	1.9615e-01
 9.000	20.750	1.9615e-01
 9.000	21.000	1.9615e-01
 9.000	21.250	1.9615e-01
 9.000	21.500	1.9615e-01
 9.000	21.750	1.9615e-01
 9.000	22.000	1.9615e-01
 9.000	22.250	1.9615e-01
 9.000	22.500	1.9615e-01
 9.000	22.750	1.9615e-01
 9.000	23.000	1.9615e-01
 9.000	23.250	1.9615e-01
 9.000	23.500	1.9615e-01
 9.000	23.750	1.9615e-01
 9.000	24.000	1.9615e-01
 9.250	17.000	1.9581e-01
 9.250	17.250	1.9582e-01
 9.250	17.500	1.9581e-01
 9.250	17.750	1.9577e-01
 9.250	18.000	1.9568e-01
 9.250	18.250	1.9548e-01
 9.250	18.500	1.9514e-01
 9.250	18.750	1.9468e-01
 9.250	19.000	1.9411e-01
 9.250	19.250	1.9373e-01
 9.250	19.500	1.9381e-01
 9.250	19.750	1.9439e-01
 9.250	20.000	1.9516e-01
 9.250	20.250	1.9580e-01
 9.250	20.500	1.9610e-01
 9.250	20.750	1.9614e-01
 9.250	21.000	1.9615e-01
 9.250	21.250	1.9615e-01
 9.250	21.500	1.9615e-01
 9.250	21.750	1.9615e-01
 9.250	22.000	1.9615e-01
 9.250	22.250	1.9615e-01
 9.250	22.500	1.9615e-01
 9.250	22.750	1.9615e-01
 9.250	23.000	1.9615e-01
 9.250	23.250	1.9615e-01
 9.250	23.500	1.9615e-01
 9.250	23.750	1.9615e-01
 9.250	24.000	1.9615e-01
 9.500	17.000	1.9560e-01
 9.500	17.250	1.9565e-01
 9.500	17.500	1.9566e-01
 9.500	17.750	1.9562e-01
 9.500	18.000	1.9550e-01
 9.500	18.250	1.9525e-01
 9.500	18.500	1.9488e-01
 9.500	18.750	1.9446e-01
 9.500	19.000	1.9391e-01
 9.500	19.250	1.9330e-01
 9.500	19.500	1.9291e-01
 9.500	19.750	1.9306e-01
 9.500	20.000	1.9394e-01
 9.500	20.250	1.9494e-01
 9.500	20.500	1.9559e-01
 9.500	20.750	1.9605e-01
 9.500	21.000	1.9614e-01
 9.500	21.250	1.9615e-01
 9.500	21.500	1.9615e-01
 9.500	21.750	1.9615e-01
 9.500	22.000	1.9615e-01
 9.500	22.250	1.9615e-01
 9.500	22.500	1.9615e-01
 9.500	22.750	1.9615e-01
 9.500	23.000	1.9615e-01
 9.500	23.250	1.9615e-01
 9.500	23.500	1.9615e-01
 9.500	23.750	1.9615e-01
 9.500	24.000	1.9615e-01
 9.750	17.000	1.9522e-01
 9.750	17.250	1.9537e-01
 9.750	17.500	1.9542e-01
 9.750	17.750	1.9540e-01
 9.750	18.000	1.9526e-01
 9.750	18.250	1.9493e-01
 9.750	18.500	1.9446e-01
 9.750	18.750	1.9405e-01
 9.750	19.000	1.9351e-01
 9.750	19.250	1.9301e-01
 9.750	19.500	1.9218e-01
 9.750	19.750	1.9163e-01
 9.750	20.000	1.9238e-01
 9.750	20.250	1.9338e-01
 9.750	20.500	1.9469e-01
 9.750	20.750	1.9544e-01
 9.750	21.000	1.9594e-01
 9.750	21.250	1.9613e-01
 9.750	21.500	1.9615e-01
 9.750	21.750	1.9615e-01
 9.750	22.000	1.9615e-01
 9.750	22.250	1.9615e-01
 9.750	22.500	1.9615e-01
 9.750	22.750	1.9615e-01
 9.750	23.000	1.9615e-01
 9.750	23.250	1.9615e-01
 9.750	23.500	1.9615e-01
 9.750	23.750	1.9615e-01
 9.750	24.000	1.9615e-01
10.000	17.000	1.9453e-01
10.000	17.250	1.9490e-01
10.000	17.500	1.9505e-01
10.000	17.750	1.9506e-01
10.000	18.000	1.9488e-01
10.000	18.250	1.9449e-01
10.000	18.500	1.9390e-01
10.000	18.750	1.9340e-01
10.000	19.000	1.9283e-01
10.000	19.250	1.9224e-01
10.000	19.500	1.9139e-01
10.000	19.750	1.8987e-01
10.000	20.000	1.8968e-01
10.000	20.250	1.9143e-01
10.000	20.500	1.9335e-01
10.000	20.750	1.9437e-01
10.000	21.000	1.9522e-01
10.000	21.250	1.9587e-01
10.000	21.500	1.9612e-01
10.000	21.750	1.9614e-01
10.000	22.000	1.9615e-01
10.000	22.250	1.9615e-01
10.000	22.500	1.9615e-01
10.000	22.750	1.9615e-01
10.000	23.000	1.9615e-01
10.000	23.250	1.9615e-01
10.000	23.500	1.9615e-01
10.000	23.750	1.9615e-01
10.000	24.000	1.9615e-01
10.250	17.000	1.9343e-01
10.250	17.250	1.9413e-01
10.250	17.500	1.9446e-01
10.250	17.750	1.9453e-01
10.250	18.000	1.9427e-01
10.250	18.250	1.9375e-01
10.250	18.500	1.9294e-01
10.250	18.750	1.9234e-01
10.250	19.000	1.9175e-01
10.250	19.250	1.9127e-01
10.250	19.500	1.9087e-01
10.250	19.750	1.8996e-01
10.250	20.000	1.8863e-01
10.250	20.250	1.8887e-01
10.250	20.500	1.9094e-01
10.250	20.750	1.9309e-01
10.250	21.000	1.9410e-01
10.250	21.250	1.9494e-01
10.250	21.500	1.9577e-01
10.250	21.750	1.9609e-01
10.250	22.000	1.9614e-01
10.250	22.250	1.9614e-01
10.250	22.500	1.9615e-01
10.250	22.750	1.9615e-01
10.250	23.000	1.9615e-01
10.250	23.250	1.9615e-01
10.250	23.500	1.9615e-01
10.250	23.750	1.9615e-01
10.250	24.000	1.9615e-01
10.500	17.000	1.9184e-01
10.500	17.250	1.9290e-01
10.500	17.500	1.9351e-01
10.500	17.750	1.9368e-01
10.500	18.000	1.9338e-01
10.500	18.250	1.9255e-01
10.500	18.500	1.9149e-01
10.500	18.750	1.9060e-01
10.500	19.000	1.9019e-01
10.500	19.250	1.9009e-01
10.500	19.500	1.9010e-01
10.500	19.750	1.8988e-01
10.500	20.000	1.8897e-01
10.500	20.250	1.8748e-01
10.500	20.500	1.8796e-01
10.500	20.750	1.9049e-01
10.500	21.000	1.9278e-01
10.500	21.250	1.9369e-01
10.500	21.500	1.9474e-01
10.500	21.750	1.9559e-01
10.500	22.000	1.9604e-01
10.500	22.250	1.9613e-01
10.500	22.500	1.9614e-01
10.500	22.750	1.9615e-01
10.500	23.000	1.9615e-01
10.500	23.250	1.9615e-01
10.500	23.500	1.9615e-01
10.500	23.750	1.9615e-01
10.500	24.000	1.9615e-01
10.750	17.000	1.8985e-01
10.750	17.250	1.9111e-01
10.750	17.500	1.9203e-01
10.750	17.750	1.9238e-01
10.750	18.000	1.9195e-01
10.750	18.250	1.9054e-01
10.750	18.500	1.8912e-01
10.750	18.750	1.8822e-01
10.750	19.000	1.8805e-01
10.750	19.250	1.8843e-01
10.750	19.500	1.8898e-01
10.750	19.750	1.8936e-01
10.750	20.000	1.8910e-01
10.750	20.250	1.8776e-01
10.750	20.500	1.8580e-01
10.750	20.750	1.8639e-01
10.750	21.000	1.8992e-01
10.750	21.250	1.9209e-01
10.750	21.500	1.9347e-01
10.750	21.750	1.9439e-01
10.750	22.000	1.9536e-01
10.750	22.250	1.9596e-01
10.750	22.500	1.9612e-01
10.750	22.750	1.9613e-01
10.750	23.000	1.9615e-01
10.750	23.250	1.9615e-01
10.750	23.500	1.9615e-01
10.750	23.750	1.9615e-01
10.750	24.000	1.9615e-01
11.000	17.000	1.8779e-01
11.000	17.250	1.8888e-01
11.000	17.500	1.8993e-01
11.000	17.750	1.9042e-01
11.000	18.000	1.8974e-01
11.000	18.250	1.8765e-01
11.000	18.500	1.8589e-01
11.000	18.750	1.8513e-01
11.000	19.000	1.8537e-01
11.000	19.250	1.8633e-01
11.000	19.500	1.8751e-01
11.000	19.750	1.8838e-01
11.000	20.000	1.8866e-01
11.000	20.250	1.8797e-01
11.000	20.500	1.8588e-01
11.000	20.750	1.8306e-01
11.000	21.000	1.8389e-01
11.000	21.250	1.8865e-01
11.000	21.500	1.9179e-01
11.000	21.750	1.9292e-01
11.000	22.000	1.9386e-01
11.000	22.250	1.9513e-01
11.000	22.500	1.9585e-01
11.000	22.750	1.9609e-01
11.000	23.000	1.9612e-01
11.000	23.250	1.9614e-01
11.000	23.500	1.9615e-01
11.000	23.750	1.9615e-01
11.000	24.000	1.9615e-01
11.250	17.000	1.8695e-01
11.250	17.250	1.8624e-01
11.250	17.500	1.8719e-01
11.250	17.750	1.8757e-01
11.250	18.000	1.8646e-01
11.250	18.250	1.8348e-01
11.250	18.500	1.8153e-01
11.250	18.750	1.8099e-01
11.250	19.000	1.8201e-01
11.250	19.250	1.8380e-01
11.250	19.500	1.8561e-01
11.250	19.750	1.8692e-01
11.250	20.000	1.8766e-01
11.250	20.250	1.8760e-01
11.250	20.500	1.8610e-01
11.250	20.750	1.8273e-01
11.250	21.000	1.7851e-01
11.250	21.250	1.7996e-01
11.250	21.500	1.8716e-01
11.250	21.750	1.9059e-01
11.250	22.000	1.9194e-01
11.250	22.250	1.9314e-01
11.250	22.500	1.9473e-01
11.250	22.750	1.9568e-01
11.250	23.000	1.9606e-01
11.250	23.250	1.9610e-01
11.250	23.500	1.9614e-01
11.250	23.750	1.9615e-01
11.250	24.000	1.9615e-01
11.500	17.000	1.8767e-01
11.500	17.250	1.8496e-01
11.500	17.500	1.8372e-01
11.500	17.750	1.8371e-01
11.500	18.000	1.8179e-01
11.500	18.250	1.7794e-01
11.500	18.500	1.7583e-01
11.500	18.750	1.7623e-01
11.500	19.000	1.7845e-01
11.500	19.250	1.8089e-01
11.500	19.500	1.8303e-01
11.500	19.750	1.8488e-01
11.500	20.000	1.8616e-01
11.500	20.250	1.8666e-01
11.500	20.500	1.8587e-01
11.500	20.750	1.8298e-01
11.500	21.000	1.7754e-01
11.500	21.250	1.7143e-01
11.500	21.500	1.7572e-01
11.500	21.750	1.8420e-01
11.500	22.000	1.8884e-01
11.500	22.250	1.9053e-01
11.500	22.500	1.9219e-01
11.500	22.750	1.9414e-01
11.500	23.000	1.9544e-01
11.500	23.250	1.9600e-01
11.500	23.500	1.9607e-01
11.500	23.750	1.9613e-01
11.500	24.000	1.9614e-01
11.750	17.000	1.8972e-01
11.750	17.250	1.8566e-01
11.750	17.500	1.8180e-01
11.750	17.750	1.7909e-01
11.750	18.000	1.7577e-01
11.750	18.250	1.7142e-01
11.750	18.500	1.6985e-01
11.750	18.750	1.7152e-01
11.750	19.000	1.7433e-01
11.750	19.250	1.7703e-01
11.750	19.500	1.7967e-01
11.750	19.750	1.8211e-01
11.750	20.000	1.8403e-01
11.750	20.250	1.8514e-01
11.750	20.500	1.8498e-01
11.750	20.750	1.8281e-01
11.750	21.000	1.7758e-01
11.750	21.250	1.6918e-01
11.750	21.500	1.6365e-01
11.750	21.750	1.6862e-01
11.750	22.000	1.8013e-01
11.750	22.250	1.8606e-01
11.750	22.500	1.8813e-01
11.750	22.750	1.9083e-01
11.750	23.000	1.9329e-01
11.750	23.250	1.9506e-01
11.750	23.500	1.9590e-01
11.750	23.750	1.9602e-01
11.750	24.000	1.9611e-01
12.000	17.000	1.9247e-01
12.000	17.250	1.8799e-01
12.000	17.500	1.8261e-01
12.000	17.750	1.7653e-01
12.000	18.000	1.7048e-01
12.000	18.250	1.6531e-01
12.000	18.500	1.6490e-01
12.000	18.750	1.6733e-01
12.000	19.000	1.6949e-01
12.000	19.250	1.7221e-01
12.000	19.500	1.7546e-01
12.000	19.750	1.7855e-01
12.000	20.000	1.8121e-01
12.000	20.250	1.8295e-01
12.000	20.500	1.8350e-01
12.000	20.750	1.8203e-01
12.000	21.000	1.7751e-01
12.000	21.250	1.6872e-01
12.000	21.500	1.5995e-01
12.000	21.750	1.5013e-01
12.000	22.000	1.5926e-01
12.000	22.250	1.7372e-01
12.000	22.500	1.8162e-01
12.000	22.750	1.8471e-01
12.000	23.000	1.8885e-01
12.000	23.250	1.9198e-01
12.000	23.500	1.9445e-01
12.000	23.750	1.9576e-01
12.000	24.000	1.9595e-01
12.250	17.000	1.9409e-01
12.250	17.250	1.9146e-01
12.250	17.500	1.8581e-01
12.250	17.750	1.7837e-01
12.250	18.000	1.6936e-01
12.250	18.250	1.6283e-01
12.250	18.500	1.6254e-01
12.250	18.750	1.6290e-01
12.250	19.000	1.6401e-01
12.250	19.250	1.6663e-01
12.250	19.500	1.7019e-01
12.250	19.750	1.7403e-01
12.250	20.000	1.7749e-01
12.250	20.250	1.8002e-01
12.250	20.500	1.8131e-01
12.250	20.750	1.8065e-01
12.250	21.000	1.7693e-01
12.250	21.250	1.6857e-01
12.250	21.500	1.5881e-01
12.250	21.750	1.4304e-01
12.250	22.000	1.3172e-01
12.250	22.250	1.4709e-01
12.250	22.500	1.6474e-01
12.250	22.750	1.7462e-01
12.250	23.000	1.7965e-01
12.250	23.250	1.8572e-01
12.250	23.500	1.8996e-01
12.250	23.750	1.9350e-01
12.250	24.000	1.9554e-01
12.500	17.000	1.9504e-01
12.500	17.250	1.9379e-01
12.500	17.500	1.9083e-01
12.500	17.750	1.8475e-01
12.500	18.000	1.7693e-01
12.500	18.250	1.6854e-01
12.500	18.500	1.6161e-01
12.500	18.750	1.5864e-01
12.500	19.000	1.5844e-01
12.500	19.250	1.6053e-01
12.500	19.500	1.6440e-01
12.500	19.750	1.6875e-01
12.500	20.000	1.7288e-01
12.500	20.250	1.7630e-01
12.500	20.500	1.7838e-01
12.500	20.750	1.7853e-01
12.500	21.000	1.7567e-01
12.500	21.250	1.6799e-01
12.500	21.500	1.5821e-01
12.500	21.750	1.3958e-01
12.500	22.000	1.1911e-01
12.500	22.250	1.0885e-01
12.500	22.500	1.3260e-01
12.500	22.750	1.5196e-01
12.500	23.000	1.6391e-01
12.500	23.250	1.7265e-01
12.500	23.500	1.8135e-01
12.500	23.750	1.8688e-01
12.500	24.000	1.9198e-01
12.750	17.000	1.9567e-01
12.750	17.250	1.9515e-01
12.750	17.500	1.9397e-01
12.750	17.750	1.9138e-01
12.750	18.000	1.8658e-01
12.750	18.250	1.7733e-01
12.750	18.500	1.6609e-01
12.750	18.750	1.5709e-01
12.750	19.000	1.5397e-01
12.750	19.250	1.5474e-01
12.750	19.500	1.5811e-01
12.750	19.750	1.6260e-01
12.750	20.000	1.6732e-01
12.750	20.250	1.7152e-01
12.750	20.500	1.7460e-01
12.750	20.750	1.7556e-01
12.750	21.000	1.7360e-01
12.750	21.250	1.6688e-01
12.750	21.500	1.5747e-01
12.750	21.750	1.3755e-01
12.750	22.000	1.1210e-01
12.750	22.250	8.9003e-02
12.750	22.500	8.4675e-02
12.750	22.750	1.1405e-01
12.750	23.000	1.3451e-01
12.750	23.250	1.4947e-01
12.750	23.500	1.6281e-01
12.750	23.750	1.7461e-01
12.750	24.000	1.8217e-01
13.000	17.000	1.9597e-01
13.000	17.250	1.9577e-01
13.000	17.500	1.9525e-01
13.000	17.750	1.9407e-01
13.000	18.000	1.9145e-01
13.000	18.250	1.8606e-01
13.000	18.500	1.7677e-01
13.000	18.750	1.6418e-01
13.000	19.000	1.5394e-01
13.000	19.250	1.5044e-01
13.000	19.500	1.5182e-01
13.000	19.750	1.5594e-01
13.000	20.000	1.6099e-01
13.000	20.250	1.6594e-01
13.000	20.500	1.6975e-01
13.000	20.750	1.7176e-01
13.000	21.000	1.7076e-01
13.000	21.250	1.6497e-01
13.000	21.500	1.5628e-01
13.000	21.750	1.3587e-01
13.000	22.000	1.0747e-01
13.000	22.250	7.7781e-02
13.000	22.500	5.7462e-02
13.000	22.750	6.1217e-02
13.000	23.000	9.0960e-02
13.000	23.250	1.1159e-01
13.000	23.500	1.3197e-01
13.000	23.750	1.4947e-01
13.000	24.000	1.6491e-01
13.250	17.000	1.9604e-01
13.250	17.250	1.9594e-01
13.250	17.500	1.9571e-01
13.250	17.750	1.9515e-01
13.250	18.000	1.9382e-01
13.250	18.250	1.9095e-01
13.250	18.500	1.8509e-01
13.250	18.750	1.7510e-01
13.250	19.000	1.6094e-01
13.250	19.250	1.4962e-01
13.250	19.500	1.4835e-01
13.250	19.750	1.4943e-01
13.250	20.000	1.5415e-01
13.250	20.250	1.5929e-01
13.250	20.500	1.6402e-01
13.250	20.750	1.6696e-01
13.250	21.000	1.6701e-01
13.250	21.250	1.6231e-01
13.250	21.500	1.5440e-01
13.250	21.750	1.3406e-01
13.250	22.000	1.0405e-01
13.250	22.250	7.0767e-02
13.250	22.500	4.4550e-02
13.250	22.750	3.1439e-02
13.250	23.000	3.9846e-02
13.250	23.250	6.6346e-02
13.250	23.500	8.7973e-02
13.250	23.750	1.0983e-01
13.250	24.000	1.3220e-01
13.500	17.000	1.9609e-01
13.500	17.250	1.9603e-01
13.500	17.500	1.9590e-01
13.500	17.750	1.9559e-01
13.500	18.000	1.9487e-01
13.500	18.250	1.9340e-01
13.500	18.500	1.9043e-01
13.500	18.750	1.8447e-01
13.500	19.000	1.7359e-01
13.500	19.250	1.5841e-01
13.500	19.500	1.4713e-01
13.500	19.750	1.4464e-01
13.500	20.000	1.4750e-01
13.500	20.250	1.5236e-01
13.500	20.500	1.5739e-01
13.500	20.750	1.6114e-01
13.500	21.000	1.6225e-01
13.500	21.250	1.5863e-01
13.500	21.500	1.5162e-01
13.500	21.750	1.3212e-01
13.500	22.000	1.0160e-01
13.500	22.250	6.6177e-02
13.500	22.500	3.7185e-02
13.500	22.750	2.0679e-02
13.500	23.000	1.5911e-02
13.500	23.250	2.4325e-02
13.500	23.500	4.5304e-02
13.500	23.750	6.1717e-02
13.500	24.000	8.4722e-02
13.750	17.000	1.9611e-01
13.750	17.250	1.9608e-01
13.750	17.500	1.9600e-01
13.750	17.750	1.9583e-01
13.750	18.000	1.9544e-01
13.750	18.250	1.9462e-01
13.750	18.500	1.9306e-01
13.750	18.750	1.8998e-01
13.750	19.000	1.8379e-01
13.750	19.250	1.7223e-01
13.750	19.500	1.5695e-01
13.750	19.750	1.4513e-01
13.750	20.000	1.4264e-01
13.750	20.250	1.4555e-01
13.750	20.500	1.5025e-01
13.750	20.750	1.5446e-01
13.750	21.000	1.5640e-01
13.750	21.250	1.5385e-01
13.750	21.500	1.4793e-01
13.750	21.750	1.2926e-01
13.750	22.000	9.9348e-02
13.750	22.250	6.3120e-02
13.750	22.500	3.2322e-02
13.750	22.750	1.4897e-02
13.750	23.000	9.0075e-03
13.750	23.250	9.0688e-03
13.750	23.500	1.4555e-02
13.750	23.750	2.7053e-02
13.750	24.000	3.8896e-02
14.000	17.000	1.9613e-01
14.000	17.250	1.9611e-01
14.000	17.500	1.9606e-01
14.000	17.750	1.9596e-01
14.000	18.000	1.9574e-01
14.000	18.250	1.9529e-01
14.000	18.500	1.9443e-01
14.000	18.750	1.9280e-01
14.000	19.000	1.8961e-01
14.000	19.250	1.8252e-01
14.000	19.500	1.7148e-01
14.000	19.750	1.5508e-01
14.000	20.000	1.4283e-01
14.000	20.250	1.4072e-01
14.000	20.500	1.4363e-01
14.000	20.750	1.4732e-01
14.000	21.000	1.4977e-01
14.000	21.250	1.4809e-01
14.000	21.500	1.4321e-01
14.000	21.750	1.2566e-01
14.000	22.000	9.6298e-02
14.000	22.250	6.0296e-02
14.000	22.500	2.9178e-02
14.000	22.750	1.1379e-02
14.000	23.000	5.4475e-03
14.000	23.250	5.0180e-03
14.000	23.500	6.3779e-03
14.000	23.750	9.1199e-03
14.000	24.000	1.4562e-02
