O  3 1666.00A  relative to Inci 1215.00A scaled to 1215A.
Hden   Phi(H)  Eq_Width (A)
 7.000	17.000	1.2806e-02
 7.000	17.250	1.2177e-02
 7.000	17.500	1.1769e-02
 7.000	17.750	1.0682e-02
 7.000	18.000	9.8273e-03
 7.000	18.250	1.1465e-04
 7.000	18.500	1.0000e-07
 7.000	18.750	1.0000e-07
 7.000	19.000	1.0000e-07
 7.000	19.250	1.0000e-07
 7.000	19.500	1.0000e-07
 7.000	19.750	1.0000e-07
 7.000	20.000	1.0000e-07
 7.000	20.250	1.0000e-07
 7.000	20.500	1.0000e-07
 7.000	20.750	1.0000e-07
 7.000	21.000	1.0000e-07
 7.000	21.250	1.0000e-07
 7.000	21.500	1.0000e-07
 7.000	21.750	1.0000e-07
 7.000	22.000	1.0000e-07
 7.000	22.250	1.0000e-07
 7.000	22.500	1.0000e-07
 7.000	22.750	1.0000e-07
 7.000	23.000	1.0000e-07
 7.000	23.250	1.0000e-07
 7.000	23.500	1.0000e-07
 7.000	23.750	1.0000e-07
 7.000	24.000	1.0000e-07
 7.250	17.000	1.4866e-02
 7.250	17.250	1.3472e-02
 7.250	17.500	1.2828e-02
 7.250	17.750	1.1612e-02
 7.250	18.000	1.0547e-02
 7.250	18.250	9.8737e-03
 7.250	18.500	1.0749e-04
 7.250	18.750	1.0000e-07
 7.250	19.000	1.0000e-07
 7.250	19.250	1.0000e-07
 7.250	19.500	1.0000e-07
 7.250	19.750	1.0000e-07
 7.250	20.000	1.0000e-07
 7.250	20.250	1.0000e-07
 7.250	20.500	1.0000e-07
 7.250	20.750	1.0000e-07
 7.250	21.000	1.0000e-07
 7.250	21.250	1.0000e-07
 7.250	21.500	1.0000e-07
 7.250	21.750	1.0000e-07
 7.250	22.000	1.0000e-07
 7.250	22.250	1.0000e-07
 7.250	22.500	1.0000e-07
 7.250	22.750	1.0000e-07
 7.250	23.000	1.0000e-07
 7.250	23.250	1.0000e-07
 7.250	23.500	1.0000e-07
 7.250	23.750	1.0000e-07
 7.250	24.000	1.0000e-07
 7.500	17.000	1.7676e-02
 7.500	17.250	1.5413e-02
 7.500	17.500	1.3966e-02
 7.500	17.750	1.3311e-02
 7.500	18.000	1.2054e-02
 7.500	18.250	1.1491e-02
 7.500	18.500	9.7171e-03
 7.500	18.750	1.0099e-04
 7.500	19.000	1.0000e-07
 7.500	19.250	1.0000e-07
 7.500	19.500	1.0000e-07
 7.500	19.750	1.0000e-07
 7.500	20.000	1.0000e-07
 7.500	20.250	1.0000e-07
 7.500	20.500	1.0000e-07
 7.500	20.750	1.0000e-07
 7.500	21.000	1.0000e-07
 7.500	21.250	1.0000e-07
 7.500	21.500	1.0000e-07
 7.500	21.750	1.0000e-07
 7.500	22.000	1.0000e-07
 7.500	22.250	1.0000e-07
 7.500	22.500	1.0000e-07
 7.500	22.750	1.0000e-07
 7.500	23.000	1.0000e-07
 7.500	23.250	1.0000e-07
 7.500	23.500	1.0000e-07
 7.500	23.750	1.0000e-07
 7.500	24.000	1.0000e-07
 7.750	17.000	2.0733e-02
 7.750	17.250	1.8114e-02
 7.750	17.500	1.5788e-02
 7.750	17.750	1.4304e-02
 7.750	18.000	1.3635e-02
 7.750	18.250	1.3275e-02
 7.750	18.500	1.1879e-02
 7.750	18.750	9.4477e-03
 7.750	19.000	9.5473e-05
 7.750	19.250	1.0000e-07
 7.750	19.500	1.0000e-07
 7.750	19.750	1.0000e-07
 7.750	20.000	1.0000e-07
 7.750	20.250	1.0000e-07
 7.750	20.500	1.0000e-07
 7.750	20.750	1.0000e-07
 7.750	21.000	1.0000e-07
 7.750	21.250	1.0000e-07
 7.750	21.500	1.0000e-07
 7.750	21.750	1.0000e-07
 7.750	22.000	1.0000e-07
 7.750	22.250	1.0000e-07
 7.750	22.500	1.0000e-07
 7.750	22.750	1.0000e-07
 7.750	23.000	1.0000e-07
 7.750	23.250	1.0000e-07
 7.750	23.500	1.0000e-07
 7.750	23.750	1.0000e-07
 7.750	24.000	1.0000e-07
 8.000	17.000	2.2892e-02
 8.000	17.250	2.0736e-02
 8.000	17.500	1.8026e-02
 8.000	17.750	1.5630e-02
 8.000	18.000	1.4106e-02
 8.000	18.250	1.3419e-02
 8.000	18.500	1.3109e-02
 8.000	18.750	1.2625e-02
 8.000	19.000	9.2867e-03
 8.000	19.250	9.1852e-05
 8.000	19.500	1.0000e-07
 8.000	19.750	1.0000e-07
 8.000	20.000	1.0000e-07
 8.000	20.250	1.0000e-07
 8.000	20.500	1.0000e-07
 8.000	20.750	1.0000e-07
 8.000	21.000	1.0000e-07
 8.000	21.250	1.0000e-07
 8.000	21.500	1.0000e-07
 8.000	21.750	1.0000e-07
 8.000	22.000	1.0000e-07
 8.000	22.250	1.0000e-07
 8.000	22.500	1.0000e-07
 8.000	22.750	1.0000e-07
 8.000	23.000	1.0000e-07
 8.000	23.250	1.0000e-07
 8.000	23.500	1.0000e-07
 8.000	23.750	1.0000e-07
 8.000	24.000	1.0000e-07
 8.250	17.000	2.4235e-02
 8.250	17.250	2.3149e-02
 8.250	17.500	2.0899e-02
 8.250	17.750	1.8124e-02
 8.250	18.000	1.5720e-02
 8.250	18.250	1.4217e-02
 8.250	18.500	1.3627e-02
 8.250	18.750	1.3595e-02
 8.250	19.000	1.3407e-02
 8.250	19.250	8.7531e-03
 8.250	19.500	8.7572e-05
 8.250	19.750	1.0000e-07
 8.250	20.000	1.0000e-07
 8.250	20.250	1.0000e-07
 8.250	20.500	1.0000e-07
 8.250	20.750	1.0000e-07
 8.250	21.000	1.0000e-07
 8.250	21.250	1.0000e-07
 8.250	21.500	1.0000e-07
 8.250	21.750	1.0000e-07
 8.250	22.000	1.0000e-07
 8.250	22.250	1.0000e-07
 8.250	22.500	1.0000e-07
 8.250	22.750	1.0000e-07
 8.250	23.000	1.0000e-07
 8.250	23.250	1.0000e-07
 8.250	23.500	1.0000e-07
 8.250	23.750	1.0000e-07
 8.250	24.000	1.0000e-07
 8.500	17.000	2.4230e-02
 8.500	17.250	2.4410e-02
 8.500	17.500	2.3242e-02
 8.500	17.750	2.0932e-02
 8.500	18.000	1.8143e-02
 8.500	18.250	1.5766e-02
 8.500	18.500	1.4385e-02
 8.500	18.750	1.4111e-02
 8.500	19.000	1.4611e-02
 8.500	19.250	1.4831e-02
 8.500	19.500	7.9625e-03
 8.500	19.750	8.3704e-05
 8.500	20.000	1.0000e-07
 8.500	20.250	1.0000e-07
 8.500	20.500	1.0000e-07
 8.500	20.750	1.0000e-07
 8.500	21.000	1.0000e-07
 8.500	21.250	1.0000e-07
 8.500	21.500	1.0000e-07
 8.500	21.750	1.0000e-07
 8.500	22.000	1.0000e-07
 8.500	22.250	1.0000e-07
 8.500	22.500	1.0000e-07
 8.500	22.750	1.0000e-07
 8.500	23.000	1.0000e-07
 8.500	23.250	1.0000e-07
 8.500	23.500	1.0000e-07
 8.500	23.750	1.0000e-07
 8.500	24.000	1.0000e-07
 8.750	17.000	2.2867e-02
 8.750	17.250	2.4369e-02
 8.750	17.500	2.4490e-02
 8.750	17.750	2.3243e-02
 8.750	18.000	2.0929e-02
 8.750	18.250	1.8129e-02
 8.750	18.500	1.5918e-02
 8.750	18.750	1.4943e-02
 8.750	19.000	1.5439e-02
 8.750	19.250	1.6821e-02
 8.750	19.500	1.7174e-02
 8.750	19.750	7.3016e-03
 8.750	20.000	8.0494e-05
 8.750	20.250	1.0000e-07
 8.750	20.500	1.0000e-07
 8.750	20.750	1.0000e-07
 8.750	21.000	1.0000e-07
 8.750	21.250	1.0000e-07
 8.750	21.500	1.0000e-07
 8.750	21.750	1.0000e-07
 8.750	22.000	1.0000e-07
 8.750	22.250	1.0000e-07
 8.750	22.500	1.0000e-07
 8.750	22.750	1.0000e-07
 8.750	23.000	1.0000e-07
 8.750	23.250	1.0000e-07
 8.750	23.500	1.0000e-07
 8.750	23.750	1.0000e-07
 8.750	24.000	1.0000e-07
 9.000	17.000	2.0223e-02
 9.000	17.250	2.3048e-02
 9.000	17.500	2.4505e-02
 9.000	17.750	2.4543e-02
 9.000	18.000	2.3252e-02
 9.000	18.250	2.0880e-02
 9.000	18.500	1.8287e-02
 9.000	18.750	1.6506e-02
 9.000	19.000	1.6386e-02
 9.000	19.250	1.7953e-02
 9.000	19.500	1.9932e-02
 9.000	19.750	2.0835e-02
 9.000	20.000	6.8007e-03
 9.000	20.250	7.7942e-05
 9.000	20.500	1.0000e-07
 9.000	20.750	1.0000e-07
 9.000	21.000	1.0000e-07
 9.000	21.250	1.0000e-07
 9.000	21.500	1.0000e-07
 9.000	21.750	1.0000e-07
 9.000	22.000	1.0000e-07
 9.000	22.250	1.0000e-07
 9.000	22.500	1.0000e-07
 9.000	22.750	1.0000e-07
 9.000	23.000	1.0000e-07
 9.000	23.250	1.0000e-07
 9.000	23.500	1.0000e-07
 9.000	23.750	1.0000e-07
 9.000	24.000	1.0000e-07
 9.250	17.000	1.6265e-02
 9.250	17.250	2.0426e-02
 9.250	17.500	2.3284e-02
 9.250	17.750	2.4694e-02
 9.250	18.000	2.4637e-02
 9.250	18.250	2.3287e-02
 9.250	18.500	2.1061e-02
 9.250	18.750	1.8800e-02
 9.250	19.000	1.7787e-02
 9.250	19.250	1.8833e-02
 9.250	19.500	2.1181e-02
 9.250	19.750	2.3880e-02
 9.250	20.000	2.5322e-02
 9.250	20.250	6.2700e-03
 9.250	20.500	7.6708e-05
 9.250	20.750	1.0000e-07
 9.250	21.000	1.0000e-07
 9.250	21.250	1.0000e-07
 9.250	21.500	1.0000e-07
 9.250	21.750	1.0000e-07
 9.250	22.000	1.0000e-07
 9.250	22.250	1.0000e-07
 9.250	22.500	1.0000e-07
 9.250	22.750	1.0000e-07
 9.250	23.000	1.0000e-07
 9.250	23.250	1.0000e-07
 9.250	23.500	1.0000e-07
 9.250	23.750	1.0000e-07
 9.250	24.000	1.0000e-07
 9.500	17.000	1.1145e-02
 9.500	17.250	1.6377e-02
 9.500	17.500	2.0666e-02
 9.500	17.750	2.3543e-02
 9.500	18.000	2.4875e-02
 9.500	18.250	2.4743e-02
 9.500	18.500	2.3362e-02
 9.500	18.750	2.1269e-02
 9.500	19.000	1.9584e-02
 9.500	19.250	1.9646e-02
 9.500	19.500	2.1480e-02
 9.500	19.750	2.4395e-02
 9.500	20.000	2.7454e-02
 9.500	20.250	2.4693e-02
 9.500	20.500	5.9207e-03
 9.500	20.750	7.6132e-05
 9.500	21.000	1.0000e-07
 9.500	21.250	1.0000e-07
 9.500	21.500	1.0000e-07
 9.500	21.750	1.0000e-07
 9.500	22.000	1.0000e-07
 9.500	22.250	1.0000e-07
 9.500	22.500	1.0000e-07
 9.500	22.750	1.0000e-07
 9.500	23.000	1.0000e-07
 9.500	23.250	1.0000e-07
 9.500	23.500	1.0000e-07
 9.500	23.750	1.0000e-07
 9.500	24.000	1.0000e-07
 9.750	17.000	5.7965e-03
 9.750	17.250	1.1028e-02
 9.750	17.500	1.6392e-02
 9.750	17.750	2.0751e-02
 9.750	18.000	2.3612e-02
 9.750	18.250	2.4867e-02
 9.750	18.500	2.4510e-02
 9.750	18.750	2.2932e-02
 9.750	19.000	2.1168e-02
 9.750	19.250	2.0317e-02
 9.750	19.500	2.1014e-02
 9.750	19.750	2.2984e-02
 9.750	20.000	2.6181e-02
 9.750	20.250	2.8547e-02
 9.750	20.500	2.4350e-02
 9.750	20.750	5.9377e-03
 9.750	21.000	7.5062e-05
 9.750	21.250	1.0000e-07
 9.750	21.500	1.0000e-07
 9.750	21.750	1.0000e-07
 9.750	22.000	1.0000e-07
 9.750	22.250	1.0000e-07
 9.750	22.500	1.0000e-07
 9.750	22.750	1.0000e-07
 9.750	23.000	1.0000e-07
 9.750	23.250	1.0000e-07
 9.750	23.500	1.0000e-07
 9.750	23.750	1.0000e-07
 9.750	24.000	1.0000e-07
10.000	17.000	1.9067e-03
10.000	17.250	5.5320e-03
10.000	17.500	1.0706e-02
10.000	17.750	1.6019e-02
10.000	18.000	2.0340e-02
10.000	18.250	2.3020e-02
10.000	18.500	2.3761e-02
10.000	18.750	2.3025e-02
10.000	19.000	2.1638e-02
10.000	19.250	2.0321e-02
10.000	19.500	1.9793e-02
10.000	19.750	2.0460e-02
10.000	20.000	2.2171e-02
10.000	20.250	2.4869e-02
10.000	20.500	2.6877e-02
10.000	20.750	2.2287e-02
10.000	21.000	5.2818e-03
10.000	21.250	7.1358e-05
10.000	21.500	1.0000e-07
10.000	21.750	1.0000e-07
10.000	22.000	1.0000e-07
10.000	22.250	1.0000e-07
10.000	22.500	1.0000e-07
10.000	22.750	1.0000e-07
10.000	23.000	1.0000e-07
10.000	23.250	1.0000e-07
10.000	23.500	1.0000e-07
10.000	23.750	1.0000e-07
10.000	24.000	1.0000e-07
10.250	17.000	3.5473e-04
10.250	17.250	1.6759e-03
10.250	17.500	5.1114e-03
10.250	17.750	9.9760e-03
10.250	18.000	1.4971e-02
10.250	18.250	1.8779e-02
10.250	18.500	2.0690e-02
10.250	18.750	2.0960e-02
10.250	19.000	2.0283e-02
10.250	19.250	1.9188e-02
10.250	19.500	1.8206e-02
10.250	19.750	1.7871e-02
10.250	20.000	1.8346e-02
10.250	20.250	1.9540e-02
10.250	20.500	2.1247e-02
10.250	20.750	2.2778e-02
10.250	21.000	1.8705e-02
10.250	21.250	4.6899e-03
10.250	21.500	6.3621e-05
10.250	21.750	1.0000e-07
10.250	22.000	1.0000e-07
10.250	22.250	1.0000e-07
10.250	22.500	1.0000e-07
10.250	22.750	1.0000e-07
10.250	23.000	1.0000e-07
10.250	23.250	1.0000e-07
10.250	23.500	1.0000e-07
10.250	23.750	1.0000e-07
10.250	24.000	1.0000e-07
10.500	17.000	5.0535e-05
10.500	17.250	3.0123e-04
10.500	17.500	1.4601e-03
10.500	17.750	4.4691e-03
10.500	18.000	8.7221e-03
10.500	18.250	1.2766e-02
10.500	18.500	1.5562e-02
10.500	18.750	1.6829e-02
10.500	19.000	1.6988e-02
10.500	19.250	1.6587e-02
10.500	19.500	1.5865e-02
10.500	19.750	1.5046e-02
10.500	20.000	1.4535e-02
10.500	20.250	1.4589e-02
10.500	20.500	1.5322e-02
10.500	20.750	1.6434e-02
10.500	21.000	2.0815e-02
10.500	21.250	1.4662e-02
10.500	21.500	3.7445e-03
10.500	21.750	4.3786e-05
10.500	22.000	1.0000e-07
10.500	22.250	1.0000e-07
10.500	22.500	1.0000e-07
10.500	22.750	1.0000e-07
10.500	23.000	1.0000e-07
10.500	23.250	1.0000e-07
10.500	23.500	1.0000e-07
10.500	23.750	1.0000e-07
10.500	24.000	1.0000e-07
10.750	17.000	7.3251e-06
10.750	17.250	4.0082e-05
10.750	17.500	2.4782e-04
10.750	17.750	1.2328e-03
10.750	18.000	3.6306e-03
10.750	18.250	6.8043e-03
10.750	18.500	9.6245e-03
10.750	18.750	1.1508e-02
10.750	19.000	1.2468e-02
10.750	19.250	1.2779e-02
10.750	19.500	1.2662e-02
10.750	19.750	1.2175e-02
10.750	20.000	1.1397e-02
10.750	20.250	1.0750e-02
10.750	20.500	1.0604e-02
10.750	20.750	1.1111e-02
10.750	21.000	1.2001e-02
10.750	21.250	1.4889e-02
10.750	21.500	1.1457e-02
10.750	21.750	2.8420e-03
10.750	22.000	1.6461e-05
10.750	22.250	1.0000e-07
10.750	22.500	1.0000e-07
10.750	22.750	1.0000e-07
10.750	23.000	1.0000e-07
10.750	23.250	1.0000e-07
10.750	23.500	1.0000e-07
10.750	23.750	1.0000e-07
10.750	24.000	1.0000e-07
11.000	17.000	1.2346e-06
11.000	17.250	5.5144e-06
11.000	17.500	3.1193e-05
11.000	17.750	2.0387e-04
11.000	18.000	9.6543e-04
11.000	18.250	2.6074e-03
11.000	18.500	4.6907e-03
11.000	18.750	6.5430e-03
11.000	19.000	7.8254e-03
11.000	19.250	8.6420e-03
11.000	19.500	9.0971e-03
11.000	19.750	9.1883e-03
11.000	20.000	8.8500e-03
11.000	20.250	8.1796e-03
11.000	20.500	7.5739e-03
11.000	20.750	7.4290e-03
11.000	21.000	7.8300e-03
11.000	21.250	8.3673e-03
11.000	21.500	1.1930e-02
11.000	21.750	9.3619e-03
11.000	22.000	1.6709e-03
11.000	22.250	1.0000e-07
11.000	22.500	1.0000e-07
11.000	22.750	1.0000e-07
11.000	23.000	1.0000e-07
11.000	23.250	1.0000e-07
11.000	23.500	1.0000e-07
11.000	23.750	1.0000e-07
11.000	24.000	1.0000e-07
11.250	17.000	1.0000e-07
11.250	17.250	9.0535e-07
11.250	17.500	4.1152e-06
11.250	17.750	2.5021e-05
11.250	18.000	1.5778e-04
11.250	18.250	6.5819e-04
11.250	18.500	1.6774e-03
11.250	18.750	2.9882e-03
11.250	19.000	4.1647e-03
11.250	19.250	5.0799e-03
11.250	19.500	5.8030e-03
11.250	19.750	6.2903e-03
11.250	20.000	6.4700e-03
11.250	20.250	6.2602e-03
11.250	20.500	5.7333e-03
11.250	20.750	5.2227e-03
11.250	21.000	5.0791e-03
11.250	21.250	5.4015e-03
11.250	21.500	5.7802e-03
11.250	21.750	7.8148e-03
11.250	22.000	6.6356e-03
11.250	22.250	7.1251e-04
11.250	22.500	1.0000e-07
11.250	22.750	1.0000e-07
11.250	23.000	1.0000e-07
11.250	23.250	1.0000e-07
11.250	23.500	1.0000e-07
11.250	23.750	1.0000e-07
11.250	24.000	1.0000e-07
11.500	17.000	1.0000e-07
11.500	17.250	1.0000e-07
11.500	17.500	1.0000e-07
11.500	17.750	3.1276e-06
11.500	18.000	1.9012e-05
11.500	18.250	1.0576e-04
11.500	18.500	4.0650e-04
11.500	18.750	1.0244e-03
11.500	19.000	1.8351e-03
11.500	19.250	2.5937e-03
11.500	19.500	3.2562e-03
11.500	19.750	3.8607e-03
11.500	20.000	4.3084e-03
11.500	20.250	4.4961e-03
11.500	20.500	4.3558e-03
11.500	20.750	3.9472e-03
11.500	21.000	3.5243e-03
11.500	21.250	3.3730e-03
11.500	21.500	3.5007e-03
11.500	21.750	4.0445e-03
11.500	22.000	5.6895e-03
11.500	22.250	4.7544e-03
11.500	22.500	2.5070e-04
11.500	22.750	1.0000e-07
11.500	23.000	1.0000e-07
11.500	23.250	1.0000e-07
11.500	23.500	1.0000e-07
11.500	23.750	1.0000e-07
11.500	24.000	1.0000e-07
11.750	17.000	1.0000e-07
11.750	17.250	1.0000e-07
11.750	17.500	1.0000e-07
11.750	17.750	1.0000e-07
11.750	18.000	2.2222e-06
11.750	18.250	1.2675e-05
11.750	18.500	6.4774e-05
11.750	18.750	2.4255e-04
11.750	19.000	6.1811e-04
11.750	19.250	1.1222e-03
11.750	19.500	1.6091e-03
11.750	19.750	2.0977e-03
11.750	20.000	2.5833e-03
11.750	20.250	2.9477e-03
11.750	20.500	3.1085e-03
11.750	20.750	3.0047e-03
11.750	21.000	2.6765e-03
11.750	21.250	2.3044e-03
11.750	21.500	2.1020e-03
11.750	21.750	2.3180e-03
11.750	22.000	2.8178e-03
11.750	22.250	3.9667e-03
11.750	22.500	2.5775e-03
11.750	22.750	7.9835e-05
11.750	23.000	1.0000e-07
11.750	23.250	1.0000e-07
11.750	23.500	1.0000e-07
11.750	23.750	1.0000e-07
11.750	24.000	1.0000e-07
12.000	17.000	1.0000e-07
12.000	17.250	1.0000e-07
12.000	17.500	1.0000e-07
12.000	17.750	1.0000e-07
12.000	18.000	1.0000e-07
12.000	18.250	1.4815e-06
12.000	18.500	7.9012e-06
12.000	18.750	3.8765e-05
12.000	19.000	1.4584e-04
12.000	19.250	3.7728e-04
12.000	19.500	6.9202e-04
12.000	19.750	1.0168e-03
12.000	20.000	1.3801e-03
12.000	20.250	1.7540e-03
12.000	20.500	2.0313e-03
12.000	20.750	2.1412e-03
12.000	21.000	2.0307e-03
12.000	21.250	1.7536e-03
12.000	21.500	1.4198e-03
12.000	21.750	1.3226e-03
12.000	22.000	1.5313e-03
12.000	22.250	1.9521e-03
12.000	22.500	2.6455e-03
12.000	22.750	1.6340e-03
12.000	23.000	1.4650e-05
12.000	23.250	1.0000e-07
12.000	23.500	1.0000e-07
12.000	23.750	1.0000e-07
12.000	24.000	1.0000e-07
12.250	17.000	1.0000e-07
12.250	17.250	1.0000e-07
12.250	17.500	1.0000e-07
12.250	17.750	1.0000e-07
12.250	18.000	1.0000e-07
12.250	18.250	1.0000e-07
12.250	18.500	9.8765e-07
12.250	18.750	4.9383e-06
12.250	19.000	2.3704e-05
12.250	19.250	9.0206e-05
12.250	19.500	2.3646e-04
12.250	19.750	4.3745e-04
12.250	20.000	6.6239e-04
12.250	20.250	9.2947e-04
12.250	20.500	1.1942e-03
12.250	20.750	1.4012e-03
12.250	21.000	1.4588e-03
12.250	21.250	1.3725e-03
12.250	21.500	1.1171e-03
12.250	21.750	8.7786e-04
12.250	22.000	8.7440e-04
12.250	22.250	1.0931e-03
12.250	22.500	1.3786e-03
12.250	22.750	1.9097e-03
12.250	23.000	8.6840e-04
12.250	23.250	1.5638e-06
12.250	23.500	1.0000e-07
12.250	23.750	1.0000e-07
12.250	24.000	1.0000e-07
12.500	17.000	1.0000e-07
12.500	17.250	1.0000e-07
12.500	17.500	1.0000e-07
12.500	17.750	1.0000e-07
12.500	18.000	1.0000e-07
12.500	18.250	1.0000e-07
12.500	18.500	1.0000e-07
12.500	18.750	1.0000e-07
12.500	19.000	3.2922e-06
12.500	19.250	1.5309e-05
12.500	19.500	5.8436e-05
12.500	19.750	1.5333e-04
12.500	20.000	2.8477e-04
12.500	20.250	4.4321e-04
12.500	20.500	6.3424e-04
12.500	20.750	8.2881e-04
12.500	21.000	9.6774e-04
12.500	21.250	1.0084e-03
12.500	21.500	9.0757e-04
12.500	21.750	7.0971e-04
12.500	22.000	5.7531e-04
12.500	22.250	6.1185e-04
12.500	22.500	8.1621e-04
12.500	22.750	1.0088e-03
12.500	23.000	1.2015e-03
12.500	23.250	3.9284e-04
12.500	23.500	1.0000e-07
12.500	23.750	1.0000e-07
12.500	24.000	1.0000e-07
12.750	17.000	1.0000e-07
12.750	17.250	1.0000e-07
12.750	17.500	1.0000e-07
12.750	17.750	1.0000e-07
12.750	18.000	1.0000e-07
12.750	18.250	1.0000e-07
12.750	18.500	1.0000e-07
12.750	18.750	1.0000e-07
12.750	19.000	1.0000e-07
12.750	19.250	2.3045e-06
12.750	19.500	1.0288e-05
12.750	19.750	3.8683e-05
12.750	20.000	1.0058e-04
12.750	20.250	1.8988e-04
12.750	20.500	2.9942e-04
12.750	20.750	4.3440e-04
12.750	21.000	5.7663e-04
12.750	21.250	6.8000e-04
12.750	21.500	6.9169e-04
12.750	21.750	6.0848e-04
12.750	22.000	4.7333e-04
12.750	22.250	3.7226e-04
12.750	22.500	4.5506e-04
12.750	22.750	6.1506e-04
12.750	23.000	8.2691e-04
12.750	23.250	7.9210e-04
12.750	23.500	1.3942e-04
12.750	23.750	1.0000e-07
12.750	24.000	1.0000e-07
13.000	17.000	1.0000e-07
13.000	17.250	1.0000e-07
13.000	17.500	1.0000e-07
13.000	17.750	1.0000e-07
13.000	18.000	1.0000e-07
13.000	18.250	1.0000e-07
13.000	18.500	1.0000e-07
13.000	18.750	1.0000e-07
13.000	19.000	1.0000e-07
13.000	19.250	1.0000e-07
13.000	19.500	1.6461e-06
13.000	19.750	6.9136e-06
13.000	20.000	2.5185e-05
13.000	20.250	6.4527e-05
13.000	20.500	1.2551e-04
13.000	20.750	2.0733e-04
13.000	21.000	3.0379e-04
13.000	21.250	4.0272e-04
13.000	21.500	4.7185e-04
13.000	21.750	4.7144e-04
13.000	22.000	4.0601e-04
13.000	22.250	3.0840e-04
13.000	22.500	2.7070e-04
13.000	22.750	3.3811e-04
13.000	23.000	4.7473e-04
13.000	23.250	6.0272e-04
13.000	23.500	5.7539e-04
13.000	23.750	3.6214e-05
13.000	24.000	1.0000e-07
13.250	17.000	1.0000e-07
13.250	17.250	1.0000e-07
13.250	17.500	1.0000e-07
13.250	17.750	1.0000e-07
13.250	18.000	1.0000e-07
13.250	18.250	1.0000e-07
13.250	18.500	1.0000e-07
13.250	18.750	1.0000e-07
13.250	19.000	1.0000e-07
13.250	19.250	1.0000e-07
13.250	19.500	1.0000e-07
13.250	19.750	1.1523e-06
13.250	20.000	4.5267e-06
13.250	20.250	1.5473e-05
13.250	20.500	4.0082e-05
13.250	20.750	8.1070e-05
13.250	21.000	1.3646e-04
13.250	21.250	2.0099e-04
13.250	21.500	2.6675e-04
13.250	21.750	3.1465e-04
13.250	22.000	3.2280e-04
13.250	22.250	2.7646e-04
13.250	22.500	2.1556e-04
13.250	22.750	2.0107e-04
13.250	23.000	2.7037e-04
13.250	23.250	3.9605e-04
13.250	23.500	4.7342e-04
13.250	23.750	4.0519e-04
13.250	24.000	1.1687e-05
13.500	17.000	1.0000e-07
13.500	17.250	1.0000e-07
13.500	17.500	1.0000e-07
13.500	17.750	1.0000e-07
13.500	18.000	1.0000e-07
13.500	18.250	1.0000e-07
13.500	18.500	1.0000e-07
13.500	18.750	1.0000e-07
13.500	19.000	1.0000e-07
13.500	19.250	1.0000e-07
13.500	19.500	1.0000e-07
13.500	19.750	1.0000e-07
13.500	20.000	9.0535e-07
13.500	20.250	3.2099e-06
13.500	20.500	1.0041e-05
13.500	20.750	2.5514e-05
13.500	21.000	5.0288e-05
13.500	21.250	8.6831e-05
13.500	21.500	1.2831e-04
13.500	21.750	1.6889e-04
13.500	22.000	2.0881e-04
13.500	22.250	2.2189e-04
13.500	22.500	2.0222e-04
13.500	22.750	1.6864e-04
13.500	23.000	1.7391e-04
13.500	23.250	2.3951e-04
13.500	23.500	3.4551e-04
13.500	23.750	3.8230e-04
13.500	24.000	2.8263e-04
13.750	17.000	1.0000e-07
13.750	17.250	1.0000e-07
13.750	17.500	1.0000e-07
13.750	17.750	1.0000e-07
13.750	18.000	1.0000e-07
13.750	18.250	1.0000e-07
13.750	18.500	1.0000e-07
13.750	18.750	1.0000e-07
13.750	19.000	1.0000e-07
13.750	19.250	1.0000e-07
13.750	19.500	1.0000e-07
13.750	19.750	1.0000e-07
13.750	20.000	1.0000e-07
13.750	20.250	1.0000e-07
13.750	20.500	2.4691e-06
13.750	20.750	7.1605e-06
13.750	21.000	1.7037e-05
13.750	21.250	3.2922e-05
13.750	21.500	5.4403e-05
13.750	21.750	8.2140e-05
13.750	22.000	1.1103e-04
13.750	22.250	1.4115e-04
13.750	22.500	1.5967e-04
13.750	22.750	1.5506e-04
13.750	23.000	1.4444e-04
13.750	23.250	1.6765e-04
13.750	23.500	2.3111e-04
13.750	23.750	3.0963e-04
13.750	24.000	2.9984e-04
14.000	17.000	1.0000e-07
14.000	17.250	1.0000e-07
14.000	17.500	1.0000e-07
14.000	17.750	1.0000e-07
14.000	18.000	1.0000e-07
14.000	18.250	1.0000e-07
14.000	18.500	1.0000e-07
14.000	18.750	1.0000e-07
14.000	19.000	1.0000e-07
14.000	19.250	1.0000e-07
14.000	19.500	1.0000e-07
14.000	19.750	1.0000e-07
14.000	20.000	1.0000e-07
14.000	20.250	1.0000e-07
14.000	20.500	1.0000e-07
14.000	20.750	2.0576e-06
14.000	21.000	5.5144e-06
14.000	21.250	1.2428e-05
14.000	21.500	2.2963e-05
14.000	21.750	3.7366e-05
14.000	22.000	5.5226e-05
14.000	22.250	7.6790e-05
14.000	22.500	1.0115e-04
14.000	22.750	1.2016e-04
14.000	23.000	1.2601e-04
14.000	23.250	1.2864e-04
14.000	23.500	1.6074e-04
14.000	23.750	2.1251e-04
14.000	24.000	2.5185e-04
