Si 2 1307.66A  relative to Inci 1215.00A scaled to 1215A.
Hden   Phi(H)  Eq_Width (A)
 7.000	17.000	1.2165e-03
 7.000	17.250	1.2160e-03
 7.000	17.500	1.1537e-03
 7.000	17.750	9.1128e-04
 7.000	18.000	1.9835e-05
 7.000	18.250	1.0000e-07
 7.000	18.500	1.0000e-07
 7.000	18.750	1.0000e-07
 7.000	19.000	1.0000e-07
 7.000	19.250	1.0000e-07
 7.000	19.500	1.0000e-07
 7.000	19.750	1.0000e-07
 7.000	20.000	1.0000e-07
 7.000	20.250	1.0000e-07
 7.000	20.500	1.0000e-07
 7.000	20.750	1.0000e-07
 7.000	21.000	1.0000e-07
 7.000	21.250	1.0000e-07
 7.000	21.500	1.0000e-07
 7.000	21.750	1.0000e-07
 7.000	22.000	1.0000e-07
 7.000	22.250	1.0000e-07
 7.000	22.500	1.0000e-07
 7.000	22.750	1.0000e-07
 7.000	23.000	1.0000e-07
 7.000	23.250	1.0000e-07
 7.000	23.500	1.0000e-07
 7.000	23.750	1.0000e-07
 7.000	24.000	1.0000e-07
 7.250	17.000	1.2137e-03
 7.250	17.250	1.2327e-03
 7.250	17.500	1.2370e-03
 7.250	17.750	1.1754e-03
 7.250	18.000	9.1663e-04
 7.250	18.250	5.1852e-06
 7.250	18.500	1.0000e-07
 7.250	18.750	1.0000e-07
 7.250	19.000	1.0000e-07
 7.250	19.250	1.0000e-07
 7.250	19.500	1.0000e-07
 7.250	19.750	1.0000e-07
 7.250	20.000	1.0000e-07
 7.250	20.250	1.0000e-07
 7.250	20.500	1.0000e-07
 7.250	20.750	1.0000e-07
 7.250	21.000	1.0000e-07
 7.250	21.250	1.0000e-07
 7.250	21.500	1.0000e-07
 7.250	21.750	1.0000e-07
 7.250	22.000	1.0000e-07
 7.250	22.250	1.0000e-07
 7.250	22.500	1.0000e-07
 7.250	22.750	1.0000e-07
 7.250	23.000	1.0000e-07
 7.250	23.250	1.0000e-07
 7.250	23.500	1.0000e-07
 7.250	23.750	1.0000e-07
 7.250	24.000	1.0000e-07
 7.500	17.000	1.2094e-03
 7.500	17.250	1.2302e-03
 7.500	17.500	1.2594e-03
 7.500	17.750	1.2701e-03
 7.500	18.000	1.2055e-03
 7.500	18.250	9.2296e-04
 7.500	18.500	2.2222e-06
 7.500	18.750	1.0000e-07
 7.500	19.000	1.0000e-07
 7.500	19.250	1.0000e-07
 7.500	19.500	1.0000e-07
 7.500	19.750	1.0000e-07
 7.500	20.000	1.0000e-07
 7.500	20.250	1.0000e-07
 7.500	20.500	1.0000e-07
 7.500	20.750	1.0000e-07
 7.500	21.000	1.0000e-07
 7.500	21.250	1.0000e-07
 7.500	21.500	1.0000e-07
 7.500	21.750	1.0000e-07
 7.500	22.000	1.0000e-07
 7.500	22.250	1.0000e-07
 7.500	22.500	1.0000e-07
 7.500	22.750	1.0000e-07
 7.500	23.000	1.0000e-07
 7.500	23.250	1.0000e-07
 7.500	23.500	1.0000e-07
 7.500	23.750	1.0000e-07
 7.500	24.000	1.0000e-07
 7.750	17.000	1.2086e-03
 7.750	17.250	1.2195e-03
 7.750	17.500	1.2537e-03
 7.750	17.750	1.3012e-03
 7.750	18.000	1.3239e-03
 7.750	18.250	1.2514e-03
 7.750	18.500	9.3062e-04
 7.750	18.750	1.3169e-06
 7.750	19.000	1.0000e-07
 7.750	19.250	1.0000e-07
 7.750	19.500	1.0000e-07
 7.750	19.750	1.0000e-07
 7.750	20.000	1.0000e-07
 7.750	20.250	1.0000e-07
 7.750	20.500	1.0000e-07
 7.750	20.750	1.0000e-07
 7.750	21.000	1.0000e-07
 7.750	21.250	1.0000e-07
 7.750	21.500	1.0000e-07
 7.750	21.750	1.0000e-07
 7.750	22.000	1.0000e-07
 7.750	22.250	1.0000e-07
 7.750	22.500	1.0000e-07
 7.750	22.750	1.0000e-07
 7.750	23.000	1.0000e-07
 7.750	23.250	1.0000e-07
 7.750	23.500	1.0000e-07
 7.750	23.750	1.0000e-07
 7.750	24.000	1.0000e-07
 8.000	17.000	1.2156e-03
 8.000	17.250	1.2169e-03
 8.000	17.500	1.2380e-03
 8.000	17.750	1.2920e-03
 8.000	18.000	1.3697e-03
 8.000	18.250	1.4092e-03
 8.000	18.500	1.3067e-03
 8.000	18.750	9.4082e-04
 8.000	19.000	1.2346e-06
 8.000	19.250	1.0000e-07
 8.000	19.500	1.0000e-07
 8.000	19.750	1.0000e-07
 8.000	20.000	1.0000e-07
 8.000	20.250	1.0000e-07
 8.000	20.500	1.0000e-07
 8.000	20.750	1.0000e-07
 8.000	21.000	1.0000e-07
 8.000	21.250	1.0000e-07
 8.000	21.500	1.0000e-07
 8.000	21.750	1.0000e-07
 8.000	22.000	1.0000e-07
 8.000	22.250	1.0000e-07
 8.000	22.500	1.0000e-07
 8.000	22.750	1.0000e-07
 8.000	23.000	1.0000e-07
 8.000	23.250	1.0000e-07
 8.000	23.500	1.0000e-07
 8.000	23.750	1.0000e-07
 8.000	24.000	1.0000e-07
 8.250	17.000	1.2299e-03
 8.250	17.250	1.2216e-03
 8.250	17.500	1.2276e-03
 8.250	17.750	1.2663e-03
 8.250	18.000	1.3548e-03
 8.250	18.250	1.4680e-03
 8.250	18.500	1.5100e-03
 8.250	18.750	1.3521e-03
 8.250	19.000	9.2025e-04
 8.250	19.250	1.0000e-07
 8.250	19.500	1.0000e-07
 8.250	19.750	1.0000e-07
 8.250	20.000	1.0000e-07
 8.250	20.250	1.0000e-07
 8.250	20.500	1.0000e-07
 8.250	20.750	1.0000e-07
 8.250	21.000	1.0000e-07
 8.250	21.250	1.0000e-07
 8.250	21.500	1.0000e-07
 8.250	21.750	1.0000e-07
 8.250	22.000	1.0000e-07
 8.250	22.250	1.0000e-07
 8.250	22.500	1.0000e-07
 8.250	22.750	1.0000e-07
 8.250	23.000	1.0000e-07
 8.250	23.250	1.0000e-07
 8.250	23.500	1.0000e-07
 8.250	23.750	1.0000e-07
 8.250	24.000	1.0000e-07
 8.500	17.000	1.2495e-03
 8.500	17.250	1.2347e-03
 8.500	17.500	1.2296e-03
 8.500	17.750	1.2490e-03
 8.500	18.000	1.3155e-03
 8.500	18.250	1.4434e-03
 8.500	18.500	1.5710e-03
 8.500	18.750	1.5759e-03
 8.500	19.000	1.3474e-03
 8.500	19.250	8.4362e-04
 8.500	19.500	1.0000e-07
 8.500	19.750	1.0000e-07
 8.500	20.000	1.0000e-07
 8.500	20.250	1.0000e-07
 8.500	20.500	1.0000e-07
 8.500	20.750	1.0000e-07
 8.500	21.000	1.0000e-07
 8.500	21.250	1.0000e-07
 8.500	21.500	1.0000e-07
 8.500	21.750	1.0000e-07
 8.500	22.000	1.0000e-07
 8.500	22.250	1.0000e-07
 8.500	22.500	1.0000e-07
 8.500	22.750	1.0000e-07
 8.500	23.000	1.0000e-07
 8.500	23.250	1.0000e-07
 8.500	23.500	1.0000e-07
 8.500	23.750	1.0000e-07
 8.500	24.000	1.0000e-07
 8.750	17.000	1.2714e-03
 8.750	17.250	1.2533e-03
 8.750	17.500	1.2417e-03
 8.750	17.750	1.2443e-03
 8.750	18.000	1.2805e-03
 8.750	18.250	1.3737e-03
 8.750	18.500	1.5116e-03
 8.750	18.750	1.6205e-03
 8.750	19.000	1.5773e-03
 8.750	19.250	1.2595e-03
 8.750	19.500	6.8790e-04
 8.750	19.750	1.0000e-07
 8.750	20.000	1.0000e-07
 8.750	20.250	1.0000e-07
 8.750	20.500	1.0000e-07
 8.750	20.750	1.0000e-07
 8.750	21.000	1.0000e-07
 8.750	21.250	1.0000e-07
 8.750	21.500	1.0000e-07
 8.750	21.750	1.0000e-07
 8.750	22.000	1.0000e-07
 8.750	22.250	1.0000e-07
 8.750	22.500	1.0000e-07
 8.750	22.750	1.0000e-07
 8.750	23.000	1.0000e-07
 8.750	23.250	1.0000e-07
 8.750	23.500	1.0000e-07
 8.750	23.750	1.0000e-07
 8.750	24.000	1.0000e-07
 9.000	17.000	1.2993e-03
 9.000	17.250	1.2751e-03
 9.000	17.500	1.2586e-03
 9.000	17.750	1.2513e-03
 9.000	18.000	1.2649e-03
 9.000	18.250	1.3140e-03
 9.000	18.500	1.4052e-03
 9.000	18.750	1.5167e-03
 9.000	19.000	1.5905e-03
 9.000	19.250	1.4937e-03
 9.000	19.500	1.1108e-03
 9.000	19.750	5.0403e-04
 9.000	20.000	1.0000e-07
 9.000	20.250	1.0000e-07
 9.000	20.500	1.0000e-07
 9.000	20.750	1.0000e-07
 9.000	21.000	1.0000e-07
 9.000	21.250	1.0000e-07
 9.000	21.500	1.0000e-07
 9.000	21.750	1.0000e-07
 9.000	22.000	1.0000e-07
 9.000	22.250	1.0000e-07
 9.000	22.500	1.0000e-07
 9.000	22.750	1.0000e-07
 9.000	23.000	1.0000e-07
 9.000	23.250	1.0000e-07
 9.000	23.500	1.0000e-07
 9.000	23.750	1.0000e-07
 9.000	24.000	1.0000e-07
 9.250	17.000	1.3315e-03
 9.250	17.250	1.3014e-03
 9.250	17.500	1.2796e-03
 9.250	17.750	1.2649e-03
 9.250	18.000	1.2644e-03
 9.250	18.250	1.2774e-03
 9.250	18.500	1.3114e-03
 9.250	18.750	1.3614e-03
 9.250	19.000	1.4416e-03
 9.250	19.250	1.4767e-03
 9.250	19.500	1.3243e-03
 9.250	19.750	9.1852e-04
 9.250	20.000	1.0798e-04
 9.250	20.250	1.0000e-07
 9.250	20.500	1.0000e-07
 9.250	20.750	1.0000e-07
 9.250	21.000	1.0000e-07
 9.250	21.250	1.0000e-07
 9.250	21.500	1.0000e-07
 9.250	21.750	1.0000e-07
 9.250	22.000	1.0000e-07
 9.250	22.250	1.0000e-07
 9.250	22.500	1.0000e-07
 9.250	22.750	1.0000e-07
 9.250	23.000	1.0000e-07
 9.250	23.250	1.0000e-07
 9.250	23.500	1.0000e-07
 9.250	23.750	1.0000e-07
 9.250	24.000	1.0000e-07
 9.500	17.000	1.3642e-03
 9.500	17.250	1.3351e-03
 9.500	17.500	1.3058e-03
 9.500	17.750	1.2831e-03
 9.500	18.000	1.2673e-03
 9.500	18.250	1.2553e-03
 9.500	18.500	1.2327e-03
 9.500	18.750	1.2288e-03
 9.500	19.000	1.2449e-03
 9.500	19.250	1.2777e-03
 9.500	19.500	1.2793e-03
 9.500	19.750	1.1164e-03
 9.500	20.000	6.9251e-04
 9.500	20.250	7.3251e-06
 9.500	20.500	1.0000e-07
 9.500	20.750	1.0000e-07
 9.500	21.000	1.0000e-07
 9.500	21.250	1.0000e-07
 9.500	21.500	1.0000e-07
 9.500	21.750	1.0000e-07
 9.500	22.000	1.0000e-07
 9.500	22.250	1.0000e-07
 9.500	22.500	1.0000e-07
 9.500	22.750	1.0000e-07
 9.500	23.000	1.0000e-07
 9.500	23.250	1.0000e-07
 9.500	23.500	1.0000e-07
 9.500	23.750	1.0000e-07
 9.500	24.000	1.0000e-07
 9.750	17.000	1.3771e-03
 9.750	17.250	1.3654e-03
 9.750	17.500	1.3351e-03
 9.750	17.750	1.3031e-03
 9.750	18.000	1.2724e-03
 9.750	18.250	1.2351e-03
 9.750	18.500	1.1745e-03
 9.750	18.750	1.1282e-03
 9.750	19.000	1.0854e-03
 9.750	19.250	1.0607e-03
 9.750	19.500	1.0528e-03
 9.750	19.750	1.0303e-03
 9.750	20.000	9.0288e-04
 9.750	20.250	4.6551e-04
 9.750	20.500	3.3745e-06
 9.750	20.750	1.0000e-07
 9.750	21.000	1.0000e-07
 9.750	21.250	1.0000e-07
 9.750	21.500	1.0000e-07
 9.750	21.750	1.0000e-07
 9.750	22.000	1.0000e-07
 9.750	22.250	1.0000e-07
 9.750	22.500	1.0000e-07
 9.750	22.750	1.0000e-07
 9.750	23.000	1.0000e-07
 9.750	23.250	1.0000e-07
 9.750	23.500	1.0000e-07
 9.750	23.750	1.0000e-07
 9.750	24.000	1.0000e-07
10.000	17.000	1.3444e-03
10.000	17.250	1.3729e-03
10.000	17.500	1.3594e-03
10.000	17.750	1.3239e-03
10.000	18.000	1.2756e-03
10.000	18.250	1.2139e-03
10.000	18.500	1.1290e-03
10.000	18.750	1.0451e-03
10.000	19.000	9.6642e-04
10.000	19.250	8.9473e-04
10.000	19.500	8.2140e-04
10.000	19.750	7.7852e-04
10.000	20.000	7.5630e-04
10.000	20.250	6.7621e-04
10.000	20.500	1.6412e-04
10.000	20.750	2.3045e-06
10.000	21.000	1.0000e-07
10.000	21.250	1.0000e-07
10.000	21.500	1.0000e-07
10.000	21.750	1.0000e-07
10.000	22.000	1.0000e-07
10.000	22.250	1.0000e-07
10.000	22.500	1.0000e-07
10.000	22.750	1.0000e-07
10.000	23.000	1.0000e-07
10.000	23.250	1.0000e-07
10.000	23.500	1.0000e-07
10.000	23.750	1.0000e-07
10.000	24.000	1.0000e-07
10.250	17.000	1.2712e-03
10.250	17.250	1.3364e-03
10.250	17.500	1.3604e-03
10.250	17.750	1.3371e-03
10.250	18.000	1.2757e-03
10.250	18.250	1.1878e-03
10.250	18.500	1.0877e-03
10.250	18.750	9.7259e-04
10.250	19.000	8.7235e-04
10.250	19.250	7.8634e-04
10.250	19.500	7.1934e-04
10.250	19.750	6.7432e-04
10.250	20.000	6.4691e-04
10.250	20.250	6.2082e-04
10.250	20.500	5.5021e-04
10.250	20.750	2.7901e-05
10.250	21.000	1.6461e-06
10.250	21.250	1.0000e-07
10.250	21.500	1.0000e-07
10.250	21.750	1.0000e-07
10.250	22.000	1.0000e-07
10.250	22.250	1.0000e-07
10.250	22.500	1.0000e-07
10.250	22.750	1.0000e-07
10.250	23.000	1.0000e-07
10.250	23.250	1.0000e-07
10.250	23.500	1.0000e-07
10.250	23.750	1.0000e-07
10.250	24.000	1.0000e-07
10.500	17.000	1.1988e-03
10.500	17.250	1.2603e-03
10.500	17.500	1.3186e-03
10.500	17.750	1.3232e-03
10.500	18.000	1.2617e-03
10.500	18.250	1.1574e-03
10.500	18.500	1.0391e-03
10.500	18.750	9.1967e-04
10.500	19.000	8.1407e-04
10.500	19.250	7.2988e-04
10.500	19.500	6.6025e-04
10.500	19.750	6.0222e-04
10.500	20.000	5.5934e-04
10.500	20.250	5.2305e-04
10.500	20.500	4.8790e-04
10.500	20.750	3.8502e-04
10.500	21.000	2.3621e-05
10.500	21.250	1.3169e-06
10.500	21.500	1.0000e-07
10.500	21.750	1.0000e-07
10.500	22.000	1.0000e-07
10.500	22.250	1.0000e-07
10.500	22.500	1.0000e-07
10.500	22.750	1.0000e-07
10.500	23.000	1.0000e-07
10.500	23.250	1.0000e-07
10.500	23.500	1.0000e-07
10.500	23.750	1.0000e-07
10.500	24.000	1.0000e-07
10.750	17.000	1.1483e-03
10.750	17.250	1.1845e-03
10.750	17.500	1.2384e-03
10.750	17.750	1.2715e-03
10.750	18.000	1.2266e-03
10.750	18.250	1.1196e-03
10.750	18.500	9.9276e-04
10.750	18.750	8.7226e-04
10.750	19.000	7.6889e-04
10.750	19.250	6.8091e-04
10.750	19.500	6.1029e-04
10.750	19.750	5.4815e-04
10.750	20.000	4.9317e-04
10.750	20.250	4.4840e-04
10.750	20.500	4.0683e-04
10.750	20.750	3.6872e-04
10.750	21.000	2.4230e-04
10.750	21.250	1.8272e-05
10.750	21.500	1.1523e-06
10.750	21.750	1.0000e-07
10.750	22.000	1.0000e-07
10.750	22.250	1.0000e-07
10.750	22.500	1.0000e-07
10.750	22.750	1.0000e-07
10.750	23.000	1.0000e-07
10.750	23.250	1.0000e-07
10.750	23.500	1.0000e-07
10.750	23.750	1.0000e-07
10.750	24.000	1.0000e-07
11.000	17.000	1.1170e-03
11.000	17.250	1.1316e-03
11.000	17.500	1.1576e-03
11.000	17.750	1.1850e-03
11.000	18.000	1.1609e-03
11.000	18.250	1.0650e-03
11.000	18.500	9.4576e-04
11.000	18.750	8.2831e-04
11.000	19.000	7.2486e-04
11.000	19.250	6.3852e-04
11.000	19.500	5.6617e-04
11.000	19.750	5.0148e-04
11.000	20.000	4.4132e-04
11.000	20.250	3.8848e-04
11.000	20.500	3.4576e-04
11.000	20.750	3.0650e-04
11.000	21.000	2.7226e-04
11.000	21.250	7.3745e-05
11.000	21.500	1.7449e-05
11.000	21.750	1.1523e-06
11.000	22.000	1.0000e-07
11.000	22.250	1.0000e-07
11.000	22.500	1.0000e-07
11.000	22.750	1.0000e-07
11.000	23.000	1.0000e-07
11.000	23.250	1.0000e-07
11.000	23.500	1.0000e-07
11.000	23.750	1.0000e-07
11.000	24.000	1.0000e-07
11.250	17.000	1.0927e-03
11.250	17.250	1.0942e-03
11.250	17.500	1.0979e-03
11.250	17.750	1.0960e-03
11.250	18.000	1.0661e-03
11.250	18.250	9.8634e-04
11.250	18.500	8.8527e-04
11.250	18.750	7.7860e-04
11.250	19.000	6.8173e-04
11.250	19.250	5.9992e-04
11.250	19.500	5.2683e-04
11.250	19.750	4.5967e-04
11.250	20.000	3.9868e-04
11.250	20.250	3.4337e-04
11.250	20.500	2.9687e-04
11.250	20.750	2.5992e-04
11.250	21.000	2.3169e-04
11.250	21.250	2.0988e-04
11.250	21.500	5.7531e-05
11.250	21.750	1.4321e-05
11.250	22.000	1.0700e-06
11.250	22.250	1.0000e-07
11.250	22.500	1.0000e-07
11.250	22.750	1.0000e-07
11.250	23.000	1.0000e-07
11.250	23.250	1.0000e-07
11.250	23.500	1.0000e-07
11.250	23.750	1.0000e-07
11.250	24.000	1.0000e-07
11.500	17.000	1.0737e-03
11.500	17.250	1.0629e-03
11.500	17.500	1.0510e-03
11.500	17.750	1.0235e-03
11.500	18.000	9.6716e-04
11.500	18.250	8.8420e-04
11.500	18.500	8.0181e-04
11.500	18.750	7.1580e-04
11.500	19.000	6.3621e-04
11.500	19.250	5.6214e-04
11.500	19.500	4.9095e-04
11.500	19.750	4.2461e-04
11.500	20.000	3.6436e-04
11.500	20.250	3.1012e-04
11.500	20.500	2.6222e-04
11.500	20.750	2.2362e-04
11.500	21.000	1.9531e-04
11.500	21.250	1.7679e-04
11.500	21.500	1.5309e-04
11.500	21.750	4.7325e-05
11.500	22.000	1.3251e-05
11.500	22.250	1.0700e-06
11.500	22.500	1.0000e-07
11.500	22.750	1.0000e-07
11.500	23.000	1.0000e-07
11.500	23.250	1.0000e-07
11.500	23.500	1.0000e-07
11.500	23.750	1.0000e-07
11.500	24.000	1.0000e-07
11.750	17.000	1.0493e-03
11.750	17.250	1.0343e-03
11.750	17.500	1.0063e-03
11.750	17.750	9.5811e-04
11.750	18.000	8.7317e-04
11.750	18.250	7.7819e-04
11.750	18.500	7.0008e-04
11.750	18.750	6.3654e-04
11.750	19.000	5.8255e-04
11.750	19.250	5.2247e-04
11.750	19.500	4.5753e-04
11.750	19.750	3.9531e-04
11.750	20.000	3.3852e-04
11.750	20.250	2.8675e-04
11.750	20.500	2.4000e-04
11.750	20.750	2.0025e-04
11.750	21.000	1.7029e-04
11.750	21.250	1.4947e-04
11.750	21.500	1.3605e-04
11.750	21.750	1.2049e-04
11.750	22.000	4.2469e-05
11.750	22.250	1.2428e-05
11.750	22.500	9.0535e-07
11.750	22.750	1.0000e-07
11.750	23.000	1.0000e-07
11.750	23.250	1.0000e-07
11.750	23.500	1.0000e-07
11.750	23.750	1.0000e-07
11.750	24.000	1.0000e-07
12.000	17.000	9.4823e-04
12.000	17.250	9.9918e-04
12.000	17.500	9.5737e-04
12.000	17.750	8.8593e-04
12.000	18.000	7.8247e-04
12.000	18.250	6.8099e-04
12.000	18.500	5.9909e-04
12.000	18.750	5.5062e-04
12.000	19.000	5.1621e-04
12.000	19.250	4.7506e-04
12.000	19.500	4.2428e-04
12.000	19.750	3.6996e-04
12.000	20.000	3.1959e-04
12.000	20.250	2.7333e-04
12.000	20.500	2.2996e-04
12.000	20.750	1.9021e-04
12.000	21.000	1.5712e-04
12.000	21.250	1.3342e-04
12.000	21.500	1.1728e-04
12.000	21.750	1.0872e-04
12.000	22.000	8.5432e-05
12.000	22.250	3.9177e-05
12.000	22.500	1.1687e-05
12.000	22.750	8.2305e-07
12.000	23.000	1.0000e-07
12.000	23.250	1.0000e-07
12.000	23.500	1.0000e-07
12.000	23.750	1.0000e-07
12.000	24.000	1.0000e-07
12.250	17.000	7.5556e-04
12.250	17.250	9.1457e-04
12.250	17.500	8.9169e-04
12.250	17.750	7.9819e-04
12.250	18.000	6.8593e-04
12.250	18.250	5.8510e-04
12.250	18.500	5.1819e-04
12.250	18.750	4.7638e-04
12.250	19.000	4.4494e-04
12.250	19.250	4.1728e-04
12.250	19.500	3.8535e-04
12.250	19.750	3.4593e-04
12.250	20.000	3.0477e-04
12.250	20.250	2.6683e-04
12.250	20.500	2.3021e-04
12.250	20.750	1.9374e-04
12.250	21.000	1.5901e-04
12.250	21.250	1.2988e-04
12.250	21.500	1.0889e-04
12.250	21.750	9.6790e-05
12.250	22.000	8.9465e-05
12.250	22.250	8.3045e-05
12.250	22.500	3.7942e-05
12.250	22.750	1.2428e-05
12.250	23.000	1.0000e-07
12.250	23.250	1.0000e-07
12.250	23.500	1.0000e-07
12.250	23.750	1.0000e-07
12.250	24.000	1.0000e-07
12.500	17.000	5.6453e-04
12.500	17.250	7.2519e-04
12.500	17.500	7.9078e-04
12.500	17.750	6.9893e-04
12.500	18.000	5.8403e-04
12.500	18.250	4.9786e-04
12.500	18.500	4.5481e-04
12.500	18.750	4.1827e-04
12.500	19.000	3.8362e-04
12.500	19.250	3.5753e-04
12.500	19.500	3.3967e-04
12.500	19.750	3.1885e-04
12.500	20.000	2.9202e-04
12.500	20.250	2.6395e-04
12.500	20.500	2.3745e-04
12.500	20.750	2.0848e-04
12.500	21.000	1.7663e-04
12.500	21.250	1.4346e-04
12.500	21.500	1.1407e-04
12.500	21.750	9.4156e-05
12.500	22.000	8.4115e-05
12.500	22.250	7.9424e-05
12.500	22.500	7.7119e-05
12.500	22.750	3.6626e-05
12.500	23.000	1.2510e-05
12.500	23.250	1.0000e-07
12.500	23.500	1.0000e-07
12.500	23.750	1.0000e-07
12.500	24.000	1.0000e-07
12.750	17.000	3.9523e-04
12.750	17.250	5.2658e-04
12.750	17.500	6.2354e-04
12.750	17.750	6.0222e-04
12.750	18.000	4.8765e-04
12.750	18.250	4.3062e-04
12.750	18.500	4.0206e-04
12.750	18.750	3.7358e-04
12.750	19.000	3.4074e-04
12.750	19.250	3.1119e-04
12.750	19.500	2.9391e-04
12.750	19.750	2.8675e-04
12.750	20.000	2.7695e-04
12.750	20.250	2.6230e-04
12.750	20.500	2.4626e-04
12.750	20.750	2.2930e-04
12.750	21.000	2.0765e-04
12.750	21.250	1.7605e-04
12.750	21.500	1.4066e-04
12.750	21.750	1.0872e-04
12.750	22.000	8.7325e-05
12.750	22.250	7.6955e-05
12.750	22.500	7.5638e-05
12.750	22.750	8.1811e-05
12.750	23.000	3.9918e-05
12.750	23.250	1.2510e-05
12.750	23.500	1.0000e-07
12.750	23.750	1.0000e-07
12.750	24.000	1.0000e-07
13.000	17.000	1.7588e-04
13.000	17.250	2.4288e-04
13.000	17.500	3.9292e-04
13.000	17.750	4.4263e-04
13.000	18.000	4.2971e-04
13.000	18.250	3.9235e-04
13.000	18.500	3.6370e-04
13.000	18.750	3.3926e-04
13.000	19.000	3.1663e-04
13.000	19.250	2.8519e-04
13.000	19.500	2.6395e-04
13.000	19.750	2.5638e-04
13.000	20.000	2.5844e-04
13.000	20.250	2.5687e-04
13.000	20.500	2.5383e-04
13.000	20.750	2.5119e-04
13.000	21.000	2.4370e-04
13.000	21.250	2.2535e-04
13.000	21.500	1.9226e-04
13.000	21.750	1.4971e-04
13.000	22.000	1.1119e-04
13.000	22.250	8.6008e-05
13.000	22.500	7.6296e-05
13.000	22.750	7.7942e-05
13.000	23.000	8.5021e-05
13.000	23.250	4.0576e-05
13.000	23.500	1.2428e-05
13.000	23.750	1.0000e-07
13.000	24.000	1.0000e-07
13.250	17.000	1.4099e-04
13.250	17.250	1.8387e-04
13.250	17.500	2.5695e-04
13.250	17.750	3.2979e-04
13.250	18.000	3.7432e-04
13.250	18.250	3.6469e-04
13.250	18.500	3.3267e-04
13.250	18.750	3.0938e-04
13.250	19.000	2.8988e-04
13.250	19.250	2.7292e-04
13.250	19.500	2.5942e-04
13.250	19.750	2.4362e-04
13.250	20.000	2.4272e-04
13.250	20.250	2.4914e-04
13.250	20.500	2.5399e-04
13.250	20.750	2.6148e-04
13.250	21.000	2.6988e-04
13.250	21.250	2.6971e-04
13.250	21.500	2.5383e-04
13.250	21.750	2.1663e-04
13.250	22.000	1.6905e-04
13.250	22.250	1.2008e-04
13.250	22.500	9.0370e-05
13.250	22.750	8.0494e-05
13.250	23.000	8.4938e-05
13.250	23.250	9.1440e-05
13.250	23.500	4.3539e-05
13.250	23.750	1.2099e-05
13.250	24.000	1.0000e-07
13.500	17.000	1.1366e-04
13.500	17.250	1.4716e-04
13.500	17.500	2.0272e-04
13.500	17.750	2.5835e-04
13.500	18.000	3.1119e-04
13.500	18.250	3.2741e-04
13.500	18.500	3.1547e-04
13.500	18.750	2.9226e-04
13.500	19.000	2.7391e-04
13.500	19.250	2.6658e-04
13.500	19.500	2.6148e-04
13.500	19.750	2.5506e-04
13.500	20.000	2.4971e-04
13.500	20.250	2.5218e-04
13.500	20.500	2.5934e-04
13.500	20.750	2.6700e-04
13.500	21.000	2.7556e-04
13.500	21.250	2.9358e-04
13.500	21.500	2.9556e-04
13.500	21.750	2.7556e-04
13.500	22.000	2.4132e-04
13.500	22.250	1.8905e-04
13.500	22.500	1.3588e-04
13.500	22.750	1.0189e-04
13.500	23.000	9.1358e-05
13.500	23.250	9.6461e-05
13.500	23.500	1.1638e-04
13.500	23.750	4.7078e-05
13.500	24.000	1.1523e-05
13.750	17.000	9.3169e-05
13.750	17.250	1.2206e-04
13.750	17.500	1.6469e-04
13.750	17.750	2.0313e-04
13.750	18.000	2.5449e-04
13.750	18.250	2.8453e-04
13.750	18.500	2.8889e-04
13.750	18.750	2.7918e-04
13.750	19.000	2.6831e-04
13.750	19.250	2.6774e-04
13.750	19.500	2.7333e-04
13.750	19.750	2.7844e-04
13.750	20.000	2.7959e-04
13.750	20.250	2.7778e-04
13.750	20.500	2.7959e-04
13.750	20.750	2.8560e-04
13.750	21.000	2.9086e-04
13.750	21.250	2.9794e-04
13.750	21.500	3.0864e-04
13.750	21.750	3.1572e-04
13.750	22.000	2.9745e-04
13.750	22.250	2.6560e-04
13.750	22.500	2.1737e-04
13.750	22.750	1.6000e-04
13.750	23.000	1.2123e-04
13.750	23.250	1.1070e-04
13.750	23.500	1.1712e-04
13.750	23.750	1.1918e-04
13.750	24.000	5.0617e-05
14.000	17.000	7.7449e-05
14.000	17.250	1.0041e-04
14.000	17.500	1.3564e-04
14.000	17.750	1.7012e-04
14.000	18.000	2.0626e-04
14.000	18.250	2.4148e-04
14.000	18.500	2.6000e-04
14.000	18.750	2.6741e-04
14.000	19.000	2.6675e-04
14.000	19.250	2.8140e-04
14.000	19.500	2.8724e-04
14.000	19.750	3.0568e-04
14.000	20.000	3.1835e-04
14.000	20.250	3.2165e-04
14.000	20.500	3.1877e-04
14.000	20.750	3.1712e-04
14.000	21.000	3.1984e-04
14.000	21.250	3.2453e-04
14.000	21.500	3.2741e-04
14.000	21.750	3.3745e-04
14.000	22.000	3.3885e-04
14.000	22.250	3.2609e-04
14.000	22.500	3.0058e-04
14.000	22.750	2.5300e-04
14.000	23.000	1.9399e-04
14.000	23.250	1.4840e-04
14.000	23.500	1.3630e-04
14.000	23.750	1.3860e-04
14.000	24.000	1.3523e-04
