InwD 1.43649m  relative to Inci 1215.00A scaled to 1215A.
Hden   Phi(H)  Eq_Width (A)
7.000  17.000  3.2566e-02
7.000  17.250  3.1717e-02
7.000  17.500  2.9674e-02
7.000  17.750  2.4189e-02
7.000  18.000  1.7323e-02
7.000  18.250  8.9090e-03
7.000  18.500  3.9230e-03
7.000  18.750  1.5440e-03
7.000  19.000  7.2400e-04
7.000  19.250  2.9900e-04
7.000  19.500  1.2000e-04
7.000  19.750  5.3000e-05
7.000  20.000  2.5000e-05
7.000  20.250  1.3000e-05
7.000  20.500  7.0000e-06
7.000  20.750  4.0000e-06
7.000  21.000  2.0000e-06
7.000  21.250  1.0000e-06
7.000  21.500  1.0000e-06
7.000  21.750  1.0000e-06
7.000  22.000  1.0000e-06
7.000  22.250  1.0000e-10
7.000  22.500  1.0000e-10
7.000  22.750  1.0000e-10
7.000  23.000  1.0000e-10
7.000  23.250  1.0000e-10
7.000  23.500  1.0000e-10
7.000  23.750  1.0000e-10
7.000  24.000  1.0000e-10
7.250  17.000  3.3437e-02
7.250  17.250  3.3915e-02
7.250  17.500  3.3251e-02
7.250  17.750  3.1068e-02
7.250  18.000  2.4828e-02
7.250  18.250  1.7260e-02
7.250  18.500  8.8930e-03
7.250  18.750  3.9220e-03
7.250  19.000  1.5440e-03
7.250  19.250  7.2400e-04
7.250  19.500  2.9900e-04
7.250  19.750  1.2100e-04
7.250  20.000  5.3000e-05
7.250  20.250  2.5000e-05
7.250  20.500  1.3000e-05
7.250  20.750  7.0000e-06
7.250  21.000  4.0000e-06
7.250  21.250  2.0000e-06
7.250  21.500  1.0000e-06
7.250  21.750  1.0000e-06
7.250  22.000  1.0000e-06
7.250  22.250  1.0000e-10
7.250  22.500  1.0000e-10
7.250  22.750  1.0000e-10
7.250  23.000  1.0000e-10
7.250  23.250  1.0000e-10
7.250  23.500  1.0000e-10
7.250  23.750  1.0000e-10
7.250  24.000  1.0000e-10
7.500  17.000  3.3508e-02
7.500  17.250  3.4920e-02
7.500  17.500  3.6017e-02
7.500  17.750  3.5664e-02
7.500  18.000  3.3234e-02
7.500  18.250  2.5579e-02
7.500  18.500  1.7205e-02
7.500  18.750  8.8740e-03
7.500  19.000  3.9170e-03
7.500  19.250  1.5440e-03
7.500  19.500  7.2300e-04
7.500  19.750  2.9900e-04
7.500  20.000  1.2000e-04
7.500  20.250  5.3000e-05
7.500  20.500  2.5000e-05
7.500  20.750  1.3000e-05
7.500  21.000  7.0000e-06
7.500  21.250  4.0000e-06
7.500  21.500  2.0000e-06
7.500  21.750  1.0000e-06
7.500  22.000  1.0000e-06
7.500  22.250  1.0000e-06
7.500  22.500  1.0000e-10
7.500  22.750  1.0000e-10
7.500  23.000  1.0000e-10
7.500  23.250  1.0000e-10
7.500  23.500  1.0000e-10
7.500  23.750  1.0000e-10
7.500  24.000  1.0000e-10
7.750  17.000  3.3413e-02
7.750  17.250  3.4992e-02
7.750  17.500  3.7329e-02
7.750  17.750  3.9571e-02
7.750  18.000  3.9584e-02
7.750  18.250  3.6395e-02
7.750  18.500  2.6562e-02
7.750  18.750  1.7156e-02
7.750  19.000  8.8590e-03
7.750  19.250  3.9110e-03
7.750  19.500  1.5430e-03
7.750  19.750  7.2400e-04
7.750  20.000  2.9900e-04
7.750  20.250  1.2000e-04
7.750  20.500  5.3000e-05
7.750  20.750  2.5000e-05
7.750  21.000  1.3000e-05
7.750  21.250  7.0000e-06
7.750  21.500  4.0000e-06
7.750  21.750  2.0000e-06
7.750  22.000  1.0000e-06
7.750  22.250  1.0000e-06
7.750  22.500  1.0000e-10
7.750  22.750  1.0000e-10
7.750  23.000  1.0000e-10
7.750  23.250  1.0000e-10
7.750  23.500  1.0000e-10
7.750  23.750  1.0000e-10
7.750  24.000  1.0000e-10
8.000  17.000  3.3440e-02
8.000  17.250  3.4566e-02
8.000  17.500  3.7223e-02
8.000  17.750  4.1458e-02
8.000  18.000  4.5649e-02
8.000  18.250  4.5873e-02
8.000  18.500  3.9953e-02
8.000  18.750  2.7514e-02
8.000  19.000  1.7100e-02
8.000  19.250  8.8400e-03
8.000  19.500  3.9050e-03
8.000  19.750  1.5440e-03
8.000  20.000  7.2400e-04
8.000  20.250  2.9900e-04
8.000  20.500  1.2000e-04
8.000  20.750  5.3000e-05
8.000  21.000  2.5000e-05
8.000  21.250  1.3000e-05
8.000  21.500  7.0000e-06
8.000  21.750  4.0000e-06
8.000  22.000  2.0000e-06
8.000  22.250  1.0000e-06
8.000  22.500  1.0000e-06
8.000  22.750  1.0000e-06
8.000  23.000  1.0000e-10
8.000  23.250  1.0000e-10
8.000  23.500  1.0000e-10
8.000  23.750  1.0000e-10
8.000  24.000  1.0000e-10
8.250  17.000  3.4234e-02
8.250  17.250  3.4834e-02
8.250  17.500  3.7040e-02
8.250  17.750  4.1930e-02
8.250  18.000  4.9857e-02
8.250  18.250  5.6534e-02
8.250  18.500  5.4670e-02
8.250  18.750  4.4503e-02
8.250  19.000  2.8629e-02
8.250  19.250  1.7052e-02
8.250  19.500  8.8240e-03
8.250  19.750  3.8960e-03
8.250  20.000  1.5430e-03
8.250  20.250  7.2300e-04
8.250  20.500  2.9900e-04
8.250  20.750  1.2100e-04
8.250  21.000  5.3000e-05
8.250  21.250  2.5000e-05
8.250  21.500  1.3000e-05
8.250  21.750  7.0000e-06
8.250  22.000  4.0000e-06
8.250  22.250  2.0000e-06
8.250  22.500  1.0000e-06
8.250  22.750  1.0000e-06
8.250  23.000  1.0000e-06
8.250  23.250  1.0000e-10
8.250  23.500  1.0000e-10
8.250  23.750  1.0000e-10
8.250  24.000  1.0000e-10
8.500  17.000  3.5292e-02
8.500  17.250  3.5655e-02
8.500  17.500  3.7340e-02
8.500  17.750  4.1924e-02
8.500  18.000  5.1664e-02
8.500  18.250  6.5144e-02
8.500  18.500  7.1188e-02
8.500  18.750  6.4334e-02
8.500  19.000  4.8207e-02
8.500  19.250  2.9429e-02
8.500  19.500  1.7003e-02
8.500  19.750  8.8060e-03
8.500  20.000  3.8870e-03
8.500  20.250  1.5430e-03
8.500  20.500  7.2300e-04
8.500  20.750  2.9900e-04
8.500  21.000  1.2000e-04
8.500  21.250  5.3000e-05
8.500  21.500  2.5000e-05
8.500  21.750  1.3000e-05
8.500  22.000  7.0000e-06
8.500  22.250  4.0000e-06
8.500  22.500  2.0000e-06
8.500  22.750  1.0000e-06
8.500  23.000  1.0000e-06
8.500  23.250  1.0000e-10
8.500  23.500  1.0000e-10
8.500  23.750  1.0000e-10
8.500  24.000  1.0000e-10
8.750  17.000  3.6359e-02
8.750  17.250  3.6790e-02
8.750  17.500  3.8281e-02
8.750  17.750  4.2401e-02
8.750  18.000  5.2286e-02
8.750  18.250  6.9985e-02
8.750  18.500  8.5711e-02
8.750  18.750  8.6864e-02
8.750  19.000  7.3868e-02
8.750  19.250  4.9951e-02
8.750  19.500  3.0203e-02
8.750  19.750  1.6934e-02
8.750  20.000  8.7880e-03
8.750  20.250  3.8760e-03
8.750  20.500  1.5430e-03
8.750  20.750  7.2300e-04
8.750  21.000  2.9900e-04
8.750  21.250  1.2000e-04
8.750  21.500  5.3000e-05
8.750  21.750  2.5000e-05
8.750  22.000  1.3000e-05
8.750  22.250  7.0000e-06
8.750  22.500  4.0000e-06
8.750  22.750  2.0000e-06
8.750  23.000  1.0000e-06
8.750  23.250  1.0000e-06
8.750  23.500  1.0000e-06
8.750  23.750  1.0000e-10
8.750  24.000  1.0000e-10
9.000  17.000  3.7319e-02
9.000  17.250  3.7960e-02
9.000  17.500  3.9631e-02
9.000  17.750  4.3785e-02
9.000  18.000  5.3740e-02
9.000  18.250  7.2783e-02
9.000  18.500  9.5303e-02
9.000  18.750  1.0740e-01
9.000  19.000  1.0240e-01
9.000  19.250  8.2616e-02
9.000  19.500  5.2011e-02
9.000  19.750  3.0418e-02
9.000  20.000  1.6837e-02
9.000  20.250  8.7710e-03
9.000  20.500  3.8630e-03
9.000  20.750  1.5420e-03
9.000  21.000  7.2400e-04
9.000  21.250  2.9900e-04
9.000  21.500  1.2000e-04
9.000  21.750  5.3000e-05
9.000  22.000  2.5000e-05
9.000  22.250  1.3000e-05
9.000  22.500  7.0000e-06
9.000  22.750  4.0000e-06
9.000  23.000  2.0000e-06
9.000  23.250  1.0000e-06
9.000  23.500  1.0000e-06
9.000  23.750  1.0000e-06
9.000  24.000  1.0000e-10
9.250  17.000  3.8145e-02
9.250  17.250  3.9066e-02
9.250  17.500  4.1146e-02
9.250  17.750  4.5860e-02
9.250  18.000  5.6958e-02
9.250  18.250  7.7068e-02
9.250  18.500  1.0135e-01
9.250  18.750  1.2087e-01
9.250  19.000  1.2722e-01
9.250  19.250  1.1518e-01
9.250  19.500  8.6504e-02
9.250  19.750  5.3195e-02
9.250  20.000  3.0696e-02
9.250  20.250  1.6715e-02
9.250  20.500  8.7520e-03
9.250  20.750  3.8500e-03
9.250  21.000  1.5420e-03
9.250  21.250  7.2400e-04
9.250  21.500  2.9900e-04
9.250  21.750  1.2000e-04
9.250  22.000  5.3000e-05
9.250  22.250  2.5000e-05
9.250  22.500  1.3000e-05
9.250  22.750  7.0000e-06
9.250  23.000  4.0000e-06
9.250  23.250  2.0000e-06
9.250  23.500  1.0000e-06
9.250  23.750  1.0000e-06
9.250  24.000  1.0000e-10
9.500  17.000  3.8971e-02
9.500  17.250  4.0166e-02
9.500  17.500  4.2764e-02
9.500  17.750  4.8456e-02
9.500  18.000  6.1563e-02
9.500  18.250  8.3776e-02
9.500  18.500  1.0937e-01
9.500  18.750  1.3037e-01
9.500  19.000  1.4356e-01
9.500  19.250  1.4472e-01
9.500  19.500  1.2749e-01
9.500  19.750  9.0133e-02
9.500  20.000  5.4395e-02
9.500  20.250  3.0271e-02
9.500  20.500  1.6549e-02
9.500  20.750  8.7390e-03
9.500  21.000  3.8410e-03
9.500  21.250  1.5410e-03
9.500  21.500  7.2400e-04
9.500  21.750  2.9800e-04
9.500  22.000  1.2000e-04
9.500  22.250  5.3000e-05
9.500  22.500  2.5000e-05
9.500  22.750  1.3000e-05
9.500  23.000  7.0000e-06
9.500  23.250  3.0000e-06
9.500  23.500  2.0000e-06
9.500  23.750  1.0000e-06
9.500  24.000  1.0000e-10
9.750  17.000  3.9827e-02
9.750  17.250  4.1265e-02
9.750  17.500  4.4387e-02
9.750  17.750  5.1462e-02
9.750  18.000  6.7116e-02
9.750  18.250  9.2255e-02
9.750  18.500  1.1949e-01
9.750  18.750  1.4057e-01
9.750  19.000  1.5536e-01
9.750  19.250  1.6446e-01
9.750  19.500  1.6208e-01
9.750  19.750  1.4386e-01
9.750  20.000  9.4328e-02
9.750  20.250  5.4399e-02
9.750  20.500  2.9800e-02
9.750  20.750  1.6373e-02
9.750  21.000  8.7270e-03
9.750  21.250  3.8270e-03
9.750  21.500  1.5400e-03
9.750  21.750  7.2300e-04
9.750  22.000  2.9800e-04
9.750  22.250  1.2000e-04
9.750  22.500  5.3000e-05
9.750  22.750  2.5000e-05
9.750  23.000  1.3000e-05
9.750  23.250  6.0000e-06
9.750  23.500  4.0000e-06
9.750  23.750  2.0000e-06
9.750  24.000  1.0000e-06
10.000  17.000  4.0832e-02
10.000  17.250  4.2492e-02
10.000  17.500  4.6267e-02
10.000  17.750  5.4945e-02
10.000  18.000  7.3250e-02
10.000  18.250  1.0119e-01
10.000  18.500  1.3013e-01
10.000  18.750  1.5144e-01
10.000  19.000  1.6656e-01
10.000  19.250  1.7970e-01
10.000  19.500  1.9202e-01
10.000  19.750  1.9836e-01
10.000  20.000  1.6235e-01
10.000  20.250  1.0145e-01
10.000  20.500  5.4432e-02
10.000  20.750  2.9275e-02
10.000  21.000  1.6224e-02
10.000  21.250  8.7160e-03
10.000  21.500  3.8150e-03
10.000  21.750  1.5390e-03
10.000  22.000  7.2300e-04
10.000  22.250  2.9900e-04
10.000  22.500  1.2000e-04
10.000  22.750  5.3000e-05
10.000  23.000  2.5000e-05
10.000  23.250  1.3000e-05
10.000  23.500  6.0000e-06
10.000  23.750  3.0000e-06
10.000  24.000  2.0000e-06
10.250  17.000  4.2259e-02
10.250  17.250  4.3981e-02
10.250  17.500  4.8614e-02
10.250  17.750  5.9282e-02
10.250  18.000  8.0426e-02
10.250  18.250  1.1009e-01
10.250  18.500  1.3984e-01
10.250  18.750  1.6176e-01
10.250  19.000  1.7792e-01
10.250  19.250  1.9220e-01
10.250  19.500  2.0601e-01
10.250  19.750  2.1653e-01
10.250  20.000  2.1337e-01
10.250  20.250  1.6557e-01
10.250  20.500  1.0221e-01
10.250  20.750  5.2965e-02
10.250  21.000  2.8861e-02
10.250  21.250  1.6096e-02
10.250  21.500  8.6910e-03
10.250  21.750  3.8030e-03
10.250  22.000  1.5380e-03
10.250  22.250  7.2400e-04
10.250  22.500  2.9900e-04
10.250  22.750  1.2000e-04
10.250  23.000  5.2000e-05
10.250  23.250  2.5000e-05
10.250  23.500  1.2000e-05
10.250  23.750  6.0000e-06
10.250  24.000  3.0000e-06
10.500  17.000  4.4670e-02
10.500  17.250  4.6336e-02
10.500  17.500  5.1852e-02
10.500  17.750  6.4744e-02
10.500  18.000  8.7999e-02
10.500  18.250  1.1879e-01
10.500  18.500  1.4798e-01
10.500  18.750  1.6979e-01
10.500  19.000  1.8605e-01
10.500  19.250  1.9951e-01
10.500  19.500  2.1170e-01
10.500  19.750  2.2345e-01
10.500  20.000  2.3028e-01
10.500  20.250  2.2078e-01
10.500  20.500  1.6763e-01
10.500  20.750  1.0210e-01
10.500  21.000  5.1458e-02
10.500  21.250  2.8425e-02
10.500  21.500  1.6114e-02
10.500  21.750  8.6090e-03
10.500  22.000  3.7900e-03
10.500  22.250  1.5360e-03
10.500  22.500  7.2300e-04
10.500  22.750  2.9900e-04
10.500  23.000  1.2000e-04
10.500  23.250  5.3000e-05
10.500  23.500  2.5000e-05
10.500  23.750  1.3000e-05
10.500  24.000  7.0000e-06
10.750  17.000  4.8280e-02
10.750  17.250  4.9809e-02
10.750  17.500  5.6559e-02
10.750  17.750  7.1425e-02
10.750  18.000  9.6245e-02
10.750  18.250  1.2731e-01
10.750  18.500  1.5550e-01
10.750  18.750  1.7672e-01
10.750  19.000  1.9353e-01
10.750  19.250  2.0720e-01
10.750  19.500  2.1803e-01
10.750  19.750  2.2805e-01
10.750  20.000  2.3710e-01
10.750  20.250  2.4053e-01
10.750  20.500  2.2629e-01
10.750  20.750  1.6918e-01
10.750  21.000  9.8603e-02
10.750  21.250  5.0349e-02
10.750  21.500  2.8217e-02
10.750  21.750  1.6202e-02
10.750  22.000  8.4690e-03
10.750  22.250  3.7750e-03
10.750  22.500  1.5340e-03
10.750  22.750  7.2300e-04
10.750  23.000  2.9900e-04
10.750  23.250  1.2000e-04
10.750  23.500  5.3000e-05
10.750  23.750  2.5000e-05
10.750  24.000  1.3000e-05
11.000  17.000  5.3222e-02
11.000  17.250  5.4570e-02
11.000  17.500  6.2497e-02
11.000  17.750  7.9054e-02
11.000  18.000  1.0422e-01
11.000  18.250  1.3451e-01
11.000  18.500  1.6109e-01
11.000  18.750  1.8190e-01
11.000  19.000  1.9908e-01
11.000  19.250  2.1344e-01
11.000  19.500  2.2441e-01
11.000  19.750  2.3306e-01
11.000  20.000  2.4114e-01
11.000  20.250  2.4818e-01
11.000  20.500  2.4794e-01
11.000  20.750  2.2870e-01
11.000  21.000  1.6845e-01
11.000  21.250  9.5707e-02
11.000  21.500  4.9539e-02
11.000  21.750  2.7889e-02
11.000  22.000  1.6346e-02
11.000  22.250  8.2860e-03
11.000  22.500  3.7580e-03
11.000  22.750  1.5330e-03
11.000  23.000  7.2300e-04
11.000  23.250  3.0000e-04
11.000  23.500  1.2000e-04
11.000  23.750  5.3000e-05
11.000  24.000  2.5000e-05
11.250  17.000  6.0038e-02
11.250  17.250  6.0557e-02
11.250  17.500  6.9329e-02
11.250  17.750  8.7006e-02
11.250  18.000  1.1248e-01
11.250  18.250  1.4120e-01
11.250  18.500  1.6489e-01
11.250  18.750  1.8759e-01
11.250  19.000  2.0451e-01
11.250  19.250  2.1842e-01
11.250  19.500  2.2959e-01
11.250  19.750  2.3829e-01
11.250  20.000  2.4559e-01
11.250  20.250  2.5224e-01
11.250  20.500  2.5630e-01
11.250  20.750  2.5056e-01
11.250  21.000  2.2551e-01
11.250  21.250  1.6322e-01
11.250  21.500  9.5200e-02
11.250  21.750  4.8777e-02
11.250  22.000  2.7802e-02
11.250  22.250  1.6282e-02
11.250  22.500  8.1320e-03
11.250  22.750  3.7350e-03
11.250  23.000  1.5310e-03
11.250  23.250  7.2400e-04
11.250  23.500  2.9900e-04
11.250  23.750  1.2000e-04
11.250  24.000  5.3000e-05
11.500  17.000  6.9414e-02
11.500  17.250  6.8456e-02
11.500  17.500  7.6842e-02
11.500  17.750  9.4824e-02
11.500  18.000  1.2036e-01
11.500  18.250  1.4729e-01
11.500  18.500  1.7003e-01
11.500  18.750  1.9085e-01
11.500  19.000  2.0838e-01
11.500  19.250  2.2256e-01
11.500  19.500  2.3436e-01
11.500  19.750  2.4341e-01
11.500  20.000  2.5033e-01
11.500  20.250  2.5566e-01
11.500  20.500  2.5969e-01
11.500  20.750  2.5868e-01
11.500  21.000  2.4520e-01
11.500  21.250  2.1387e-01
11.500  21.500  1.6122e-01
11.500  21.750  9.0419e-02
11.500  22.000  4.7381e-02
11.500  22.250  2.7474e-02
11.500  22.500  1.5872e-02
11.500  22.750  7.9740e-03
11.500  23.000  3.7070e-03
11.500  23.250  1.5270e-03
11.500  23.500  7.2300e-04
11.500  23.750  2.9900e-04
11.500  24.000  1.2000e-04
11.750  17.000  7.7272e-02
11.750  17.250  7.8843e-02
11.750  17.500  8.5735e-02
11.750  17.750  1.0273e-01
11.750  18.000  1.2750e-01
11.750  18.250  1.5270e-01
11.750  18.500  1.7435e-01
11.750  18.750  1.9458e-01
11.750  19.000  2.1156e-01
11.750  19.250  2.2645e-01
11.750  19.500  2.3828e-01
11.750  19.750  2.4746e-01
11.750  20.000  2.5443e-01
11.750  20.250  2.5906e-01
11.750  20.500  2.6197e-01
11.750  20.750  2.6136e-01
11.750  21.000  2.5276e-01
11.750  21.250  2.2996e-01
11.750  21.500  2.0653e-01
11.750  21.750  1.4785e-01
11.750  22.000  8.3949e-02
11.750  22.250  4.5765e-02
11.750  22.500  2.7171e-02
11.750  22.750  1.5233e-02
11.750  23.000  7.7580e-03
11.750  23.250  3.6720e-03
11.750  23.500  1.5240e-03
11.750  23.750  7.2200e-04
11.750  24.000  2.9900e-04
12.000  17.000  6.8070e-02
12.000  17.250  8.9966e-02
12.000  17.500  9.6417e-02
12.000  17.750  1.1094e-01
12.000  18.000  1.3354e-01
12.000  18.250  1.5747e-01
12.000  18.500  1.7941e-01
12.000  18.750  1.9877e-01
12.000  19.000  2.1586e-01
12.000  19.250  2.2949e-01
12.000  19.500  2.4107e-01
12.000  19.750  2.5032e-01
12.000  20.000  2.5692e-01
12.000  20.250  2.6152e-01
12.000  20.500  2.6337e-01
12.000  20.750  2.6238e-01
12.000  21.000  2.5514e-01
12.000  21.250  2.3656e-01
12.000  21.500  2.2014e-01
12.000  21.750  1.8375e-01
12.000  22.000  1.3010e-01
12.000  22.250  7.6700e-02
12.000  22.500  4.3686e-02
12.000  22.750  2.6311e-02
12.000  23.000  1.4447e-02
12.000  23.250  7.5070e-03
12.000  23.500  3.6250e-03
12.000  23.750  1.5190e-03
12.000  24.000  7.2100e-04
12.250  17.000  5.9195e-02
12.250  17.250  8.1677e-02
12.250  17.500  1.0849e-01
12.250  17.750  1.2043e-01
12.250  18.000  1.3968e-01
12.250  18.250  1.6243e-01
12.250  18.500  1.8379e-01
12.250  18.750  2.0273e-01
12.250  19.000  2.1904e-01
12.250  19.250  2.3234e-01
12.250  19.500  2.4340e-01
12.250  19.750  2.5201e-01
12.250  20.000  2.5827e-01
12.250  20.250  2.6230e-01
12.250  20.500  2.6396e-01
12.250  20.750  2.6201e-01
12.250  21.000  2.5570e-01
12.250  21.250  2.3944e-01
12.250  21.500  2.2645e-01
12.250  21.750  1.9285e-01
12.250  22.000  1.5574e-01
12.250  22.250  1.1026e-01
12.250  22.500  6.9009e-02
12.250  22.750  4.1092e-02
12.250  23.000  2.4719e-02
12.250  23.250  1.3580e-02
12.250  23.500  7.2050e-03
12.250  23.750  3.5570e-03
12.250  24.000  1.5110e-03
12.500  17.000  5.3346e-02
12.500  17.250  6.9189e-02
12.500  17.500  9.7471e-02
12.500  17.750  1.3012e-01
12.500  18.000  1.4634e-01
12.500  18.250  1.6639e-01
12.500  18.500  1.8771e-01
12.500  18.750  2.0672e-01
12.500  19.000  2.2258e-01
12.500  19.250  2.3491e-01
12.500  19.500  2.4460e-01
12.500  19.750  2.5229e-01
12.500  20.000  2.5820e-01
12.500  20.250  2.6195e-01
12.500  20.500  2.6310e-01
12.500  20.750  2.6132e-01
12.500  21.000  2.5496e-01
12.500  21.250  2.4062e-01
12.500  21.500  2.3039e-01
12.500  21.750  1.9781e-01
12.500  22.000  1.6032e-01
12.500  22.250  1.2617e-01
12.500  22.500  9.2422e-02
12.500  22.750  6.0338e-02
12.500  23.000  3.7282e-02
12.500  23.250  2.2412e-02
12.500  23.500  1.2495e-02
12.500  23.750  6.8200e-03
12.500  24.000  3.4620e-03
12.750  17.000  4.7597e-02
12.750  17.250  6.0489e-02
12.750  17.500  8.1233e-02
12.750  17.750  1.1018e-01
12.750  18.000  1.4501e-01
12.750  18.250  1.7005e-01
12.750  18.500  1.8981e-01
12.750  18.750  2.0821e-01
12.750  19.000  2.2408e-01
12.750  19.250  2.3642e-01
12.750  19.500  2.4506e-01
12.750  19.750  2.5199e-01
12.750  20.000  2.5716e-01
12.750  20.250  2.6047e-01
12.750  20.500  2.6113e-01
12.750  20.750  2.5952e-01
12.750  21.000  2.5388e-01
12.750  21.250  2.4064e-01
12.750  21.500  2.3306e-01
12.750  21.750  2.0217e-01
12.750  22.000  1.6328e-01
12.750  22.250  1.2572e-01
12.750  22.500  9.8369e-02
12.750  22.750  7.3420e-02
12.750  23.000  4.9687e-02
12.750  23.250  3.1983e-02
12.750  23.500  1.9645e-02
12.750  23.750  1.1284e-02
12.750  24.000  6.3330e-03
13.000  17.000  3.0986e-02
13.000  17.250  4.1314e-02
13.000  17.500  6.2332e-02
13.000  17.750  8.7879e-02
13.000  18.000  1.1864e-01
13.000  18.250  1.5210e-01
13.000  18.500  1.8028e-01
13.000  18.750  2.0277e-01
13.000  19.000  2.2240e-01
13.000  19.250  2.3577e-01
13.000  19.500  2.4499e-01
13.000  19.750  2.5083e-01
13.000  20.000  2.5508e-01
13.000  20.250  2.5761e-01
13.000  20.500  2.5884e-01
13.000  20.750  2.5749e-01
13.000  21.000  2.5189e-01
13.000  21.250  2.4014e-01
13.000  21.500  2.3454e-01
13.000  21.750  2.0562e-01
13.000  22.000  1.6631e-01
13.000  22.250  1.2602e-01
13.000  22.500  9.6007e-02
13.000  22.750  7.2859e-02
13.000  23.000  5.3403e-02
13.000  23.250  3.7994e-02
13.000  23.500  2.6047e-02
13.000  23.750  1.6602e-02
13.000  24.000  9.8870e-03
13.250  17.000  2.9903e-02
13.250  17.250  3.6772e-02
13.250  17.500  5.0060e-02
13.250  17.750  7.0454e-02
13.250  18.000  9.9794e-02
13.250  18.250  1.3310e-01
13.250  18.500  1.6909e-01
13.250  18.750  1.9709e-01
13.250  19.000  2.1845e-01
13.250  19.250  2.3405e-01
13.250  19.500  2.4085e-01
13.250  19.750  2.4912e-01
13.250  20.000  2.5266e-01
13.250  20.250  2.5451e-01
13.250  20.500  2.5503e-01
13.250  20.750  2.5393e-01
13.250  21.000  2.4928e-01
13.250  21.250  2.3835e-01
13.250  21.500  2.3450e-01
13.250  21.750  2.0754e-01
13.250  22.000  1.6906e-01
13.250  22.250  1.2667e-01
13.250  22.500  9.3686e-02
13.250  22.750  6.9222e-02
13.250  23.000  5.1734e-02
13.250  23.250  3.7747e-02
13.250  23.500  2.7474e-02
13.250  23.750  1.9549e-02
13.250  24.000  1.3455e-02
13.500  17.000  2.8772e-02
13.500  17.250  3.4737e-02
13.500  17.500  4.6554e-02
13.500  17.750  6.3078e-02
13.500  18.000  8.8769e-02
13.500  18.250  1.1750e-01
13.500  18.500  1.4878e-01
13.500  18.750  1.8238e-01
13.500  19.000  2.1190e-01
13.500  19.250  2.2969e-01
13.500  19.500  2.4000e-01
13.500  19.750  2.4655e-01
13.500  20.000  2.5014e-01
13.500  20.250  2.5194e-01
13.500  20.500  2.5182e-01
13.500  20.750  2.4989e-01
13.500  21.000  2.4505e-01
13.500  21.250  2.3573e-01
13.500  21.500  2.3249e-01
13.500  21.750  2.0710e-01
13.500  22.000  1.6896e-01
13.500  22.250  1.2700e-01
13.500  22.500  9.3109e-02
13.500  22.750  6.7894e-02
13.500  23.000  4.9337e-02
13.500  23.250  3.6623e-02
13.500  23.500  2.6993e-02
13.500  23.750  1.9561e-02
13.500  24.000  1.4018e-02
13.750  17.000  2.7822e-02
13.750  17.250  3.3727e-02
13.750  17.500  4.4210e-02
13.750  17.750  5.7425e-02
13.750  18.000  7.9212e-02
13.750  18.250  1.0601e-01
13.750  18.500  1.3379e-01
13.750  18.750  1.6398e-01
13.750  19.000  1.9501e-01
13.750  19.250  2.2575e-01
13.750  19.500  2.3706e-01
13.750  19.750  2.4418e-01
13.750  20.000  2.4845e-01
13.750  20.250  2.4997e-01
13.750  20.500  2.4968e-01
13.750  20.750  2.4714e-01
13.750  21.000  2.4184e-01
13.750  21.250  2.3194e-01
13.750  21.500  2.2958e-01
13.750  21.750  2.0631e-01
13.750  22.000  1.6869e-01
13.750  22.250  1.2663e-01
13.750  22.500  9.3275e-02
13.750  22.750  6.8085e-02
13.750  23.000  4.8752e-02
13.750  23.250  3.5530e-02
13.750  23.500  2.6128e-02
13.750  23.750  1.8999e-02
13.750  24.000  1.3702e-02
14.000  17.000  2.7009e-02
14.000  17.250  3.2290e-02
14.000  17.500  4.2034e-02
14.000  17.750  5.4371e-02
14.000  18.000  7.1976e-02
14.000  18.250  9.5603e-02
14.000  18.500  1.2139e-01
14.000  18.750  1.4859e-01
14.000  19.000  1.7691e-01
14.000  19.250  2.1508e-01
14.000  19.500  2.3208e-01
14.000  19.750  2.4248e-01
14.000  20.000  2.4770e-01
14.000  20.250  2.4912e-01
14.000  20.500  2.4865e-01
14.000  20.750  2.4591e-01
14.000  21.000  2.4034e-01
14.000  21.250  2.3066e-01
14.000  21.500  2.2842e-01
14.000  21.750  2.0579e-01
14.000  22.000  1.6910e-01
14.000  22.250  1.2702e-01
14.000  22.500  9.3426e-02
14.000  22.750  6.8851e-02
14.000  23.000  4.9248e-02
14.000  23.250  3.5123e-02
14.000  23.500  2.5657e-02
14.000  23.750  1.8570e-02
14.000  24.000  1.3243e-02
