InwC 4400.00A  relative to Inci 1215.00A scaled to 1215A.
Hden   Phi(H)  Eq_Width (A)
 7.000	17.000	7.0207e-02
 7.000	17.250	1.0153e-01
 7.000	17.500	1.4289e-01
 7.000	17.750	1.8195e-01
 7.000	18.000	2.1689e-01
 7.000	18.250	2.2286e-01
 7.000	18.500	2.2531e-01
 7.000	18.750	2.2512e-01
 7.000	19.000	2.2489e-01
 7.000	19.250	2.2485e-01
 7.000	19.500	2.2479e-01
 7.000	19.750	2.2480e-01
 7.000	20.000	2.2480e-01
 7.000	20.250	2.2480e-01
 7.000	20.500	2.2480e-01
 7.000	20.750	2.2480e-01
 7.000	21.000	2.2480e-01
 7.000	21.250	2.2480e-01
 7.000	21.500	2.2480e-01
 7.000	21.750	2.2480e-01
 7.000	22.000	2.2480e-01
 7.000	22.250	2.2480e-01
 7.000	22.500	2.2480e-01
 7.000	22.750	2.2480e-01
 7.000	23.000	2.2480e-01
 7.000	23.250	2.2480e-01
 7.000	23.500	2.2480e-01
 7.000	23.750	2.2480e-01
 7.000	24.000	2.2480e-01
 7.250	17.000	4.8764e-02
 7.250	17.250	7.2111e-02
 7.250	17.500	1.0465e-01
 7.250	17.750	1.4686e-01
 7.250	18.000	1.8489e-01
 7.250	18.250	2.1692e-01
 7.250	18.500	2.2289e-01
 7.250	18.750	2.2531e-01
 7.250	19.000	2.2512e-01
 7.250	19.250	2.2489e-01
 7.250	19.500	2.2485e-01
 7.250	19.750	2.2479e-01
 7.250	20.000	2.2480e-01
 7.250	20.250	2.2480e-01
 7.250	20.500	2.2480e-01
 7.250	20.750	2.2480e-01
 7.250	21.000	2.2480e-01
 7.250	21.250	2.2480e-01
 7.250	21.500	2.2480e-01
 7.250	21.750	2.2480e-01
 7.250	22.000	2.2480e-01
 7.250	22.250	2.2480e-01
 7.250	22.500	2.2480e-01
 7.250	22.750	2.2480e-01
 7.250	23.000	2.2480e-01
 7.250	23.250	2.2480e-01
 7.250	23.500	2.2480e-01
 7.250	23.750	2.2480e-01
 7.250	24.000	2.2480e-01
 7.500	17.000	3.3763e-02
 7.500	17.250	5.0310e-02
 7.500	17.500	7.5160e-02
 7.500	17.750	1.0939e-01
 7.500	18.000	1.5271e-01
 7.500	18.250	1.8807e-01
 7.500	18.500	2.1694e-01
 7.500	18.750	2.2294e-01
 7.500	19.000	2.2531e-01
 7.500	19.250	2.2512e-01
 7.500	19.500	2.2489e-01
 7.500	19.750	2.2485e-01
 7.500	20.000	2.2479e-01
 7.500	20.250	2.2480e-01
 7.500	20.500	2.2480e-01
 7.500	20.750	2.2480e-01
 7.500	21.000	2.2480e-01
 7.500	21.250	2.2480e-01
 7.500	21.500	2.2480e-01
 7.500	21.750	2.2480e-01
 7.500	22.000	2.2480e-01
 7.500	22.250	2.2480e-01
 7.500	22.500	2.2480e-01
 7.500	22.750	2.2480e-01
 7.500	23.000	2.2480e-01
 7.500	23.250	2.2480e-01
 7.500	23.500	2.2480e-01
 7.500	23.750	2.2480e-01
 7.500	24.000	2.2482e-01
 7.750	17.000	2.3673e-02
 7.750	17.250	3.4974e-02
 7.750	17.500	5.2862e-02
 7.750	17.750	8.0093e-02
 7.750	18.000	1.1663e-01
 7.750	18.250	1.6072e-01
 7.750	18.500	1.9194e-01
 7.750	18.750	2.1696e-01
 7.750	19.000	2.2299e-01
 7.750	19.250	2.2532e-01
 7.750	19.500	2.2512e-01
 7.750	19.750	2.2488e-01
 7.750	20.000	2.2486e-01
 7.750	20.250	2.2479e-01
 7.750	20.500	2.2480e-01
 7.750	20.750	2.2480e-01
 7.750	21.000	2.2480e-01
 7.750	21.250	2.2480e-01
 7.750	21.500	2.2480e-01
 7.750	21.750	2.2480e-01
 7.750	22.000	2.2480e-01
 7.750	22.250	2.2480e-01
 7.750	22.500	2.2480e-01
 7.750	22.750	2.2480e-01
 7.750	23.000	2.2480e-01
 7.750	23.250	2.2480e-01
 7.750	23.500	2.2480e-01
 7.750	23.750	2.2480e-01
 7.750	24.000	2.2480e-01
 8.000	17.000	1.6923e-02
 8.000	17.250	2.4511e-02
 8.000	17.500	3.6893e-02
 8.000	17.750	5.7159e-02
 8.000	18.000	8.7991e-02
 8.000	18.250	1.2756e-01
 8.000	18.500	1.6882e-01
 8.000	18.750	1.9542e-01
 8.000	19.000	2.1696e-01
 8.000	19.250	2.2302e-01
 8.000	19.500	2.2531e-01
 8.000	19.750	2.2512e-01
 8.000	20.000	2.2488e-01
 8.000	20.250	2.2486e-01
 8.000	20.500	2.2479e-01
 8.000	20.750	2.2480e-01
 8.000	21.000	2.2480e-01
 8.000	21.250	2.2480e-01
 8.000	21.500	2.2480e-01
 8.000	21.750	2.2480e-01
 8.000	22.000	2.2480e-01
 8.000	22.250	2.2480e-01
 8.000	22.500	2.2480e-01
 8.000	22.750	2.2480e-01
 8.000	23.000	2.2480e-01
 8.000	23.250	2.2480e-01
 8.000	23.500	2.2480e-01
 8.000	23.750	2.2480e-01
 8.000	24.000	2.2480e-01
 8.250	17.000	1.2346e-02
 8.250	17.250	1.7584e-02
 8.250	17.500	2.6064e-02
 8.250	17.750	4.0524e-02
 8.250	18.000	6.4897e-02
 8.250	18.250	1.0067e-01
 8.250	18.500	1.4101e-01
 8.250	18.750	1.7877e-01
 8.250	19.000	1.9948e-01
 8.250	19.250	2.1695e-01
 8.250	19.500	2.2309e-01
 8.250	19.750	2.2531e-01
 8.250	20.000	2.2513e-01
 8.250	20.250	2.2489e-01
 8.250	20.500	2.2485e-01
 8.250	20.750	2.2479e-01
 8.250	21.000	2.2480e-01
 8.250	21.250	2.2480e-01
 8.250	21.500	2.2480e-01
 8.250	21.750	2.2480e-01
 8.250	22.000	2.2480e-01
 8.250	22.250	2.2480e-01
 8.250	22.500	2.2480e-01
 8.250	22.750	2.2480e-01
 8.250	23.000	2.2480e-01
 8.250	23.250	2.2480e-01
 8.250	23.500	2.2480e-01
 8.250	23.750	2.2480e-01
 8.250	24.000	2.2480e-01
 8.500	17.000	9.1275e-03
 8.500	17.250	1.2839e-02
 8.500	17.500	1.8741e-02
 8.500	17.750	2.8902e-02
 8.500	18.000	4.7103e-02
 8.500	18.250	7.7179e-02
 8.500	18.500	1.1528e-01
 8.500	18.750	1.5372e-01
 8.500	19.000	1.8615e-01
 8.500	19.250	2.0256e-01
 8.500	19.500	2.1692e-01
 8.500	19.750	2.2316e-01
 8.500	20.000	2.2531e-01
 8.500	20.250	2.2512e-01
 8.500	20.500	2.2489e-01
 8.500	20.750	2.2485e-01
 8.500	21.000	2.2479e-01
 8.500	21.250	2.2480e-01
 8.500	21.500	2.2480e-01
 8.500	21.750	2.2480e-01
 8.500	22.000	2.2480e-01
 8.500	22.250	2.2480e-01
 8.500	22.500	2.2480e-01
 8.500	22.750	2.2480e-01
 8.500	23.000	2.2480e-01
 8.500	23.250	2.2480e-01
 8.500	23.500	2.2480e-01
 8.500	23.750	2.2480e-01
 8.500	24.000	2.2480e-01
 8.750	17.000	6.7955e-03
 8.750	17.250	9.4923e-03
 8.750	17.500	1.3690e-02
 8.750	17.750	2.0866e-02
 8.750	18.000	3.3977e-02
 8.750	18.250	5.7448e-02
 8.750	18.500	9.1005e-02
 8.750	18.750	1.2885e-01
 8.750	19.000	1.6547e-01
 8.750	19.250	1.8935e-01
 8.750	19.500	2.0585e-01
 8.750	19.750	2.1681e-01
 8.750	20.000	2.2326e-01
 8.750	20.250	2.2531e-01
 8.750	20.500	2.2511e-01
 8.750	20.750	2.2489e-01
 8.750	21.000	2.2485e-01
 8.750	21.250	2.2479e-01
 8.750	21.500	2.2480e-01
 8.750	21.750	2.2480e-01
 8.750	22.000	2.2480e-01
 8.750	22.250	2.2480e-01
 8.750	22.500	2.2480e-01
 8.750	22.750	2.2480e-01
 8.750	23.000	2.2480e-01
 8.750	23.250	2.2480e-01
 8.750	23.500	2.2480e-01
 8.750	23.750	2.2480e-01
 8.750	24.000	2.2480e-01
 9.000	17.000	5.0945e-03
 9.000	17.250	7.0667e-03
 9.000	17.500	1.0120e-02
 9.000	17.750	1.5293e-02
 9.000	18.000	2.4877e-02
 9.000	18.250	4.2408e-02
 9.000	18.500	6.9725e-02
 9.000	18.750	1.0367e-01
 9.000	19.000	1.4085e-01
 9.000	19.250	1.7622e-01
 9.000	19.500	1.9348e-01
 9.000	19.750	2.0843e-01
 9.000	20.000	2.1668e-01
 9.000	20.250	2.2336e-01
 9.000	20.500	2.2532e-01
 9.000	20.750	2.2511e-01
 9.000	21.000	2.2488e-01
 9.000	21.250	2.2485e-01
 9.000	21.500	2.2479e-01
 9.000	21.750	2.2480e-01
 9.000	22.000	2.2480e-01
 9.000	22.250	2.2480e-01
 9.000	22.500	2.2480e-01
 9.000	22.750	2.2480e-01
 9.000	23.000	2.2480e-01
 9.000	23.250	2.2480e-01
 9.000	23.500	2.2480e-01
 9.000	23.750	2.2480e-01
 9.000	24.000	2.2480e-01
 9.250	17.000	3.8481e-03
 9.250	17.250	5.2949e-03
 9.250	17.500	7.5349e-03
 9.250	17.750	1.1327e-02
 9.250	18.000	1.8527e-02
 9.250	18.250	3.1691e-02
 9.250	18.500	5.2388e-02
 9.250	18.750	8.0282e-02
 9.250	19.000	1.1362e-01
 9.250	19.250	1.4868e-01
 9.250	19.500	1.7989e-01
 9.250	19.750	1.9617e-01
 9.250	20.000	2.1126e-01
 9.250	20.250	2.1655e-01
 9.250	20.500	2.2347e-01
 9.250	20.750	2.2532e-01
 9.250	21.000	2.2511e-01
 9.250	21.250	2.2489e-01
 9.250	21.500	2.2485e-01
 9.250	21.750	2.2476e-01
 9.250	22.000	2.2459e-01
 9.250	22.250	2.2476e-01
 9.250	22.500	2.2480e-01
 9.250	22.750	2.2480e-01
 9.250	23.000	2.2480e-01
 9.250	23.250	2.2480e-01
 9.250	23.500	2.2480e-01
 9.250	23.750	2.2480e-01
 9.250	24.000	2.2480e-01
 9.500	17.000	2.9388e-03
 9.500	17.250	3.9978e-03
 9.500	17.500	5.6547e-03
 9.500	17.750	8.4691e-03
 9.500	18.000	1.3930e-02
 9.500	18.250	2.4033e-02
 9.500	18.500	3.9708e-02
 9.500	18.750	6.0731e-02
 9.500	19.000	8.7682e-02
 9.500	19.250	1.2050e-01
 9.500	19.500	1.5497e-01
 9.500	19.750	1.8231e-01
 9.500	20.000	1.9929e-01
 9.500	20.250	2.1097e-01
 9.500	20.500	2.1636e-01
 9.500	20.750	2.2359e-01
 9.500	21.000	2.2530e-01
 9.500	21.250	2.2508e-01
 9.500	21.500	2.2479e-01
 9.500	21.750	2.2459e-01
 9.500	22.000	2.2430e-01
 9.500	22.250	2.2415e-01
 9.500	22.500	2.2406e-01
 9.500	22.750	2.2399e-01
 9.500	23.000	2.2394e-01
 9.500	23.250	2.2392e-01
 9.500	23.500	2.2428e-01
 9.500	23.750	2.2428e-01
 9.500	24.000	2.2428e-01
 9.750	17.000	2.2794e-03
 9.750	17.250	3.0523e-03
 9.750	17.500	4.2681e-03
 9.750	17.750	6.3836e-03
 9.750	18.000	1.0536e-02
 9.750	18.250	1.8281e-02
 9.750	18.500	3.0216e-02
 9.750	18.750	4.5897e-02
 9.750	19.000	6.6140e-02
 9.750	19.250	9.2453e-02
 9.750	19.500	1.2460e-01
 9.750	19.750	1.6242e-01
 9.750	20.000	1.8492e-01
 9.750	20.250	2.0135e-01
 9.750	20.500	2.1037e-01
 9.750	20.750	2.1618e-01
 9.750	21.000	2.2375e-01
 9.750	21.250	2.2530e-01
 9.750	21.500	2.2510e-01
 9.750	21.750	2.2485e-01
 9.750	22.000	2.2459e-01
 9.750	22.250	2.2433e-01
 9.750	22.500	2.2421e-01
 9.750	22.750	2.2415e-01
 9.750	23.000	2.2411e-01
 9.750	23.250	2.2407e-01
 9.750	23.500	2.2406e-01
 9.750	23.750	2.2404e-01
 9.750	24.000	2.2403e-01
10.000	17.000	1.8008e-03
10.000	17.250	2.3608e-03
10.000	17.500	3.2537e-03
10.000	17.750	4.8354e-03
10.000	18.000	7.9473e-03
10.000	18.250	1.3811e-02
10.000	18.500	2.2817e-02
10.000	18.750	3.4453e-02
10.000	19.000	4.9465e-02
10.000	19.250	6.9304e-02
10.000	19.500	9.4907e-02
10.000	19.750	1.2951e-01
10.000	20.000	1.6235e-01
10.000	20.250	1.8680e-01
10.000	20.500	2.0350e-01
10.000	20.750	2.0982e-01
10.000	21.000	2.1607e-01
10.000	21.250	2.2388e-01
10.000	21.500	2.2529e-01
10.000	21.750	2.2510e-01
10.000	22.000	2.2487e-01
10.000	22.250	2.2468e-01
10.000	22.500	2.2435e-01
10.000	22.750	2.2425e-01
10.000	23.000	2.2422e-01
10.000	23.250	2.2419e-01
10.000	23.500	2.2416e-01
10.000	23.750	2.2415e-01
10.000	24.000	2.2414e-01
10.250	17.000	1.4577e-03
10.250	17.250	1.8589e-03
10.250	17.500	2.5080e-03
10.250	17.750	3.6897e-03
10.250	18.000	6.0626e-03
10.250	18.250	1.0388e-02
10.250	18.500	1.7019e-02
10.250	18.750	2.5592e-02
10.250	19.000	3.6767e-02
10.250	19.250	5.1531e-02
10.250	19.500	7.1320e-02
10.250	19.750	9.7912e-02
10.250	20.000	1.3246e-01
10.250	20.250	1.6369e-01
10.250	20.500	1.8913e-01
10.250	20.750	2.0340e-01
10.250	21.000	2.0926e-01
10.250	21.250	2.1619e-01
10.250	21.500	2.2404e-01
10.250	21.750	2.2526e-01
10.250	22.000	2.2511e-01
10.250	22.250	2.2488e-01
10.250	22.500	2.2479e-01
10.250	22.750	2.2438e-01
10.250	23.000	2.2427e-01
10.250	23.250	2.2425e-01
10.250	23.500	2.2424e-01
10.250	23.750	2.2422e-01
10.250	24.000	2.2422e-01
10.500	17.000	1.2095e-03
10.500	17.250	1.4969e-03
10.500	17.500	1.9651e-03
10.500	17.750	2.8339e-03
10.500	18.000	4.5988e-03
10.500	18.250	7.7815e-03
10.500	18.500	1.2559e-02
10.500	18.750	1.8785e-02
10.500	19.000	2.6928e-02
10.500	19.250	3.7959e-02
10.500	19.500	5.2880e-02
10.500	19.750	7.3161e-02
10.500	20.000	1.0027e-01
10.500	20.250	1.3479e-01
10.500	20.500	1.6621e-01
10.500	20.750	1.9197e-01
10.500	21.000	2.0281e-01
10.500	21.250	2.0896e-01
10.500	21.500	2.1668e-01
10.500	21.750	2.2405e-01
10.500	22.000	2.2520e-01
10.500	22.250	2.2509e-01
10.500	22.500	2.2487e-01
10.500	22.750	2.2483e-01
10.500	23.000	2.2460e-01
10.500	23.250	2.2430e-01
10.500	23.500	2.2427e-01
10.500	23.750	2.2426e-01
10.500	24.000	2.2425e-01
10.750	17.000	1.0272e-03
10.750	17.250	1.2344e-03
10.750	17.500	1.5711e-03
10.750	17.750	2.2022e-03
10.750	18.000	3.4934e-03
10.750	18.250	5.8198e-03
10.750	18.500	9.2151e-03
10.750	18.750	1.3657e-02
10.750	19.000	1.9667e-02
10.750	19.250	2.7875e-02
10.750	19.500	3.8962e-02
10.750	19.750	5.4189e-02
10.750	20.000	7.4722e-02
10.750	20.250	1.0229e-01
10.750	20.500	1.3732e-01
10.750	20.750	1.6918e-01
10.750	21.000	1.9424e-01
10.750	21.250	2.0235e-01
10.750	21.500	2.0902e-01
10.750	21.750	2.1756e-01
10.750	22.000	2.2400e-01
10.750	22.250	2.2513e-01
10.750	22.500	2.2507e-01
10.750	22.750	2.2487e-01
10.750	23.000	2.2484e-01
10.750	23.250	2.2473e-01
10.750	23.500	2.2448e-01
10.750	23.750	2.2431e-01
10.750	24.000	2.2427e-01
11.000	17.000	8.8848e-04
11.000	17.250	1.0411e-03
11.000	17.500	1.2828e-03
11.000	17.750	1.7342e-03
11.000	18.000	2.6444e-03
11.000	18.250	4.2695e-03
11.000	18.500	6.6177e-03
11.000	18.750	9.7661e-03
11.000	19.000	1.4133e-02
11.000	19.250	2.0210e-02
11.000	19.500	2.8551e-02
11.000	19.750	3.9823e-02
11.000	20.000	5.5162e-02
11.000	20.250	7.6041e-02
11.000	20.500	1.0423e-01
11.000	20.750	1.3993e-01
11.000	21.000	1.7229e-01
11.000	21.250	1.9515e-01
11.000	21.500	2.0228e-01
11.000	21.750	2.0951e-01
11.000	22.000	2.1874e-01
11.000	22.250	2.2380e-01
11.000	22.500	2.2504e-01
11.000	22.750	2.2504e-01
11.000	23.000	2.2486e-01
11.000	23.250	2.2484e-01
11.000	23.500	2.2477e-01
11.000	23.750	2.2469e-01
11.000	24.000	2.2450e-01
11.250	17.000	7.9160e-04
11.250	17.250	8.9235e-04
11.250	17.500	1.0686e-03
11.250	17.750	1.3862e-03
11.250	18.000	2.0179e-03
11.250	18.250	3.1114e-03
11.250	18.500	4.6598e-03
11.250	18.750	7.0026e-03
11.250	19.000	1.0134e-02
11.250	19.250	1.4535e-02
11.250	19.500	2.0649e-02
11.250	19.750	2.9039e-02
11.250	20.000	4.0476e-02
11.250	20.250	5.6100e-02
11.250	20.500	7.7426e-02
11.250	20.750	1.0608e-01
11.250	21.000	1.4257e-01
11.250	21.250	1.7526e-01
11.250	21.500	1.9457e-01
11.250	21.750	2.0222e-01
11.250	22.000	2.1018e-01
11.250	22.250	2.1963e-01
11.250	22.500	2.2347e-01
11.250	22.750	2.2493e-01
11.250	23.000	2.2501e-01
11.250	23.250	2.2485e-01
11.250	23.500	2.2484e-01
11.250	23.750	2.2478e-01
11.250	24.000	2.2476e-01
11.500	17.000	7.3086e-04
11.500	17.250	7.8864e-04
11.500	17.500	9.0313e-04
11.500	17.750	1.1236e-03
11.500	18.000	1.5486e-03
11.500	18.250	2.2682e-03
11.500	18.500	3.3351e-03
11.500	18.750	4.9381e-03
11.500	19.000	7.2161e-03
11.500	19.250	1.0389e-02
11.500	19.500	1.4853e-02
11.500	19.750	2.1020e-02
11.500	20.000	2.9521e-02
11.500	20.250	4.1104e-02
11.500	20.500	5.7017e-02
11.500	20.750	7.8676e-02
11.500	21.000	1.0766e-01
11.500	21.250	1.4491e-01
11.500	21.500	1.7631e-01
11.500	21.750	1.9408e-01
11.500	22.000	2.0233e-01
11.500	22.250	2.1096e-01
11.500	22.500	2.1981e-01
11.500	22.750	2.2308e-01
11.500	23.000	2.2477e-01
11.500	23.250	2.2495e-01
11.500	23.500	2.2483e-01
11.500	23.750	2.2483e-01
11.500	24.000	2.2479e-01
11.750	17.000	6.1235e-04
11.750	17.250	7.2420e-04
11.750	17.500	7.8741e-04
11.750	17.750	9.2527e-04
11.750	18.000	1.2002e-03
11.750	18.250	1.6691e-03
11.750	18.500	2.3940e-03
11.750	18.750	3.5154e-03
11.750	19.000	5.1021e-03
11.750	19.250	7.3971e-03
11.750	19.500	1.0610e-02
11.750	19.750	1.5104e-02
11.750	20.000	2.1366e-02
11.750	20.250	2.9973e-02
11.750	20.500	4.1817e-02
11.750	20.750	5.7911e-02
11.750	21.000	7.9737e-02
11.750	21.250	1.0874e-01
11.750	21.500	1.4428e-01
11.750	21.750	1.7740e-01
11.750	22.000	1.9334e-01
11.750	22.250	2.0238e-01
11.750	22.500	2.1164e-01
11.750	22.750	2.1948e-01
11.750	23.000	2.2263e-01
11.750	23.250	2.2457e-01
11.750	23.500	2.2491e-01
11.750	23.750	2.2480e-01
11.750	24.000	2.2483e-01
12.000	17.000	2.9687e-04
12.000	17.250	6.5086e-04
12.000	17.500	7.1687e-04
12.000	17.750	7.8856e-04
12.000	18.000	9.5284e-04
12.000	18.250	1.2566e-03
12.000	18.500	1.7644e-03
12.000	18.750	2.5263e-03
12.000	19.000	3.6414e-03
12.000	19.250	5.2265e-03
12.000	19.500	7.5181e-03
12.000	19.750	1.0777e-02
12.000	20.000	1.5319e-02
12.000	20.250	2.1680e-02
12.000	20.500	3.0419e-02
12.000	20.750	4.2433e-02
12.000	21.000	5.8679e-02
12.000	21.250	8.0319e-02
12.000	21.500	1.0720e-01
12.000	21.750	1.4475e-01
12.000	22.000	1.7690e-01
12.000	22.250	1.9205e-01
12.000	22.500	2.0209e-01
12.000	22.750	2.1229e-01
12.000	23.000	2.1881e-01
12.000	23.250	2.2202e-01
12.000	23.500	2.2427e-01
12.000	23.750	2.2482e-01
12.000	24.000	2.2475e-01
12.250	17.000	1.3374e-04
12.250	17.250	3.3984e-04
12.250	17.500	6.6930e-04
12.250	17.750	7.1259e-04
12.250	18.000	7.9786e-04
12.250	18.250	9.9309e-04
12.250	18.500	1.3337e-03
12.250	18.750	1.8365e-03
12.250	19.000	2.5944e-03
12.250	19.250	3.7016e-03
12.250	19.500	5.3202e-03
12.250	19.750	7.6404e-03
12.250	20.000	1.0927e-02
12.250	20.250	1.5544e-02
12.250	20.500	2.1988e-02
12.250	20.750	3.0823e-02
12.250	21.000	4.2998e-02
12.250	21.250	5.9139e-02
12.250	21.500	7.8734e-02
12.250	21.750	1.0626e-01
12.250	22.000	1.4364e-01
12.250	22.250	1.7421e-01
12.250	22.500	1.9019e-01
12.250	22.750	2.0163e-01
12.250	23.000	2.1179e-01
12.250	23.250	2.1773e-01
12.250	23.500	2.2120e-01
12.250	23.750	2.2386e-01
12.250	24.000	2.2469e-01
12.500	17.000	6.5844e-05
12.500	17.250	1.4872e-04
12.500	17.500	3.5835e-04
12.500	17.750	6.8198e-04
12.500	18.000	7.3449e-04
12.500	18.250	8.4239e-04
12.500	18.500	1.0381e-03
12.500	18.750	1.3644e-03
12.500	19.000	1.8758e-03
12.500	19.250	2.6408e-03
12.500	19.500	3.7613e-03
12.500	19.750	5.3874e-03
12.500	20.000	7.7354e-03
12.500	20.250	1.1068e-02
12.500	20.500	1.5748e-02
12.500	20.750	2.2277e-02
12.500	21.000	3.1263e-02
12.500	21.250	4.3365e-02
12.500	21.500	5.7917e-02
12.500	21.750	7.7363e-02
12.500	22.000	1.0372e-01
12.500	22.250	1.4069e-01
12.500	22.500	1.7097e-01
12.500	22.750	1.8724e-01
12.500	23.000	1.9970e-01
12.500	23.250	2.0995e-01
12.500	23.500	2.1608e-01
12.500	23.750	2.2002e-01
12.500	24.000	2.2328e-01
12.750	17.000	3.3251e-05
12.750	17.250	7.4074e-05
12.750	17.500	1.6444e-04
12.750	17.750	3.3967e-04
12.750	18.000	6.3259e-04
12.750	18.250	7.5440e-04
12.750	18.500	8.5021e-04
12.750	18.750	1.0435e-03
12.750	19.000	1.3774e-03
12.750	19.250	1.8965e-03
12.750	19.500	2.6694e-03
12.750	19.750	3.8089e-03
12.750	20.000	5.4599e-03
12.750	20.250	7.8301e-03
12.750	20.500	1.1188e-02
12.750	20.750	1.5955e-02
12.750	21.000	2.2586e-02
12.750	21.250	3.1604e-02
12.750	21.500	4.2537e-02
12.750	21.750	5.6560e-02
12.750	22.000	7.4018e-02
12.750	22.250	9.9046e-02
12.750	22.500	1.3606e-01
12.750	22.750	1.6431e-01
12.750	23.000	1.8133e-01
12.750	23.250	1.9557e-01
12.750	23.500	2.0676e-01
12.750	23.750	2.1359e-01
12.750	24.000	2.1826e-01
13.000	17.000	6.2551e-06
13.000	17.250	1.5062e-05
13.000	17.500	5.4733e-05
13.000	17.750	1.2914e-04
13.000	18.000	2.5605e-04
13.000	18.250	4.4058e-04
13.000	18.500	6.1251e-04
13.000	18.750	7.7193e-04
13.000	19.000	1.0387e-03
13.000	19.250	1.3819e-03
13.000	19.500	1.9124e-03
13.000	19.750	2.6957e-03
13.000	20.000	3.8457e-03
13.000	20.250	5.5065e-03
13.000	20.500	7.9124e-03
13.000	20.750	1.1345e-02
13.000	21.000	1.6176e-02
13.000	21.250	2.2856e-02
13.000	21.500	3.1063e-02
13.000	21.750	4.1359e-02
13.000	22.000	5.2924e-02
13.000	22.250	6.8030e-02
13.000	22.500	9.2694e-02
13.000	22.750	1.2791e-01
13.000	23.000	1.5367e-01
13.000	23.250	1.7236e-01
13.000	23.500	1.8916e-01
13.000	23.750	2.0197e-01
13.000	24.000	2.0990e-01
13.250	17.000	3.7037e-06
13.250	17.250	7.2428e-06
13.250	17.500	1.7449e-05
13.250	17.750	4.3374e-05
13.250	18.000	1.0790e-04
13.250	18.250	2.2716e-04
13.250	18.500	4.3218e-04
13.250	18.750	6.2313e-04
13.250	19.000	7.9531e-04
13.250	19.250	1.0452e-03
13.250	19.500	1.3744e-03
13.250	19.750	1.9228e-03
13.250	20.000	2.7128e-03
13.250	20.250	3.8711e-03
13.250	20.500	5.5571e-03
13.250	20.750	8.0026e-03
13.250	21.000	1.1498e-02
13.250	21.250	1.6374e-02
13.250	21.500	2.2506e-02
13.250	21.750	3.0135e-02
13.250	22.000	3.7918e-02
13.250	22.250	4.6528e-02
13.250	22.500	5.9848e-02
13.250	22.750	8.3072e-02
13.250	23.000	1.1560e-01
13.250	23.250	1.4042e-01
13.250	23.500	1.6126e-01
13.250	23.750	1.8034e-01
13.250	24.000	1.9517e-01
13.500	17.000	2.2222e-06
13.500	17.250	4.1975e-06
13.500	17.500	9.7119e-06
13.500	17.750	2.1811e-05
13.500	18.000	5.5062e-05
13.500	18.250	1.1630e-04
13.500	18.500	2.2543e-04
13.500	18.750	4.2198e-04
13.500	19.000	6.5679e-04
13.500	19.250	8.2074e-04
13.500	19.500	1.0311e-03
13.500	19.750	1.3896e-03
13.500	20.000	1.9269e-03
13.500	20.250	2.7242e-03
13.500	20.500	3.8972e-03
13.500	20.750	5.6125e-03
13.500	21.000	8.0977e-03
13.500	21.250	1.1639e-02
13.500	21.500	1.6134e-02
13.500	21.750	2.1743e-02
13.500	22.000	2.7056e-02
13.500	22.250	3.1868e-02
13.500	22.500	3.8530e-02
13.500	22.750	5.1305e-02
13.500	23.000	7.2599e-02
13.500	23.250	1.0183e-01
13.500	23.500	1.2669e-01
13.500	23.750	1.4710e-01
13.500	24.000	1.6869e-01
13.750	17.000	1.3169e-06
13.750	17.250	2.6337e-06
13.750	17.500	5.8436e-06
13.750	17.750	1.1440e-05
13.750	18.000	2.7737e-05
13.750	18.250	6.2798e-05
13.750	18.500	1.2272e-04
13.750	18.750	2.3621e-04
13.750	19.000	4.3547e-04
13.750	19.250	7.4494e-04
13.750	19.500	8.4181e-04
13.750	19.750	1.0358e-03
13.750	20.000	1.3933e-03
13.750	20.250	1.9313e-03
13.750	20.500	2.7369e-03
13.750	20.750	3.9264e-03
13.750	21.000	5.6716e-03
13.750	21.250	8.1900e-03
13.750	21.500	1.1462e-02
13.750	21.750	1.5562e-02
13.750	22.000	1.9272e-02
13.750	22.250	2.1937e-02
13.750	22.500	2.4960e-02
13.750	22.750	3.1376e-02
13.750	23.000	4.3624e-02
13.750	23.250	6.2925e-02
13.750	23.500	8.8229e-02
13.750	23.750	1.0950e-01
13.750	24.000	1.2992e-01
14.000	17.000	1.0000e-07
14.000	17.250	1.5638e-06
14.000	17.500	3.5391e-06
14.000	17.750	6.9959e-06
14.000	18.000	1.4403e-05
14.000	18.250	3.2428e-05
14.000	18.500	6.6749e-05
14.000	18.750	1.3029e-04
14.000	19.000	2.4840e-04
14.000	19.250	5.8897e-04
14.000	19.500	7.2560e-04
14.000	19.750	8.4066e-04
14.000	20.000	1.0433e-03
14.000	20.250	1.3929e-03
14.000	20.500	1.9365e-03
14.000	20.750	2.7533e-03
14.000	21.000	3.9655e-03
14.000	21.250	5.7398e-03
14.000	21.500	8.0933e-03
14.000	21.750	1.1048e-02
14.000	22.000	1.3677e-02
14.000	22.250	1.5218e-02
14.000	22.500	1.6333e-02
14.000	22.750	1.9224e-02
14.000	23.000	2.6040e-02
14.000	23.250	3.7251e-02
14.000	23.500	5.3566e-02
14.000	23.750	7.3583e-02
14.000	24.000	8.9954e-02
