nFnu 1585.12A  relative to Inci 1215.00A scaled to 1215A.
Hden   Phi(H)  Eq_Width (A)
 7.000	17.000	3.0431e-01
 7.000	17.250	3.2475e-01
 7.000	17.500	3.5226e-01
 7.000	17.750	3.8208e-01
 7.000	18.000	4.1336e-01
 7.000	18.250	4.1526e-01
 7.000	18.500	3.9288e-01
 7.000	18.750	3.7141e-01
 7.000	19.000	3.6297e-01
 7.000	19.250	3.5865e-01
 7.000	19.500	3.5663e-01
 7.000	19.750	3.5586e-01
 7.000	20.000	3.5553e-01
 7.000	20.250	3.5538e-01
 7.000	20.500	3.5531e-01
 7.000	20.750	3.5527e-01
 7.000	21.000	3.5525e-01
 7.000	21.250	3.5524e-01
 7.000	21.500	3.5523e-01
 7.000	21.750	3.5523e-01
 7.000	22.000	3.5523e-01
 7.000	22.250	3.5523e-01
 7.000	22.500	3.5523e-01
 7.000	22.750	3.5523e-01
 7.000	23.000	3.5523e-01
 7.000	23.250	3.5523e-01
 7.000	23.500	3.5523e-01
 7.000	23.750	3.5523e-01
 7.000	24.000	3.5523e-01
 7.250	17.000	2.9062e-01
 7.250	17.250	3.0531e-01
 7.250	17.500	3.2661e-01
 7.250	17.750	3.5511e-01
 7.250	18.000	3.8409e-01
 7.250	18.250	4.1340e-01
 7.250	18.500	4.1526e-01
 7.250	18.750	3.9276e-01
 7.250	19.000	3.7139e-01
 7.250	19.250	3.6296e-01
 7.250	19.500	3.5865e-01
 7.250	19.750	3.5663e-01
 7.250	20.000	3.5586e-01
 7.250	20.250	3.5553e-01
 7.250	20.500	3.5538e-01
 7.250	20.750	3.5531e-01
 7.250	21.000	3.5527e-01
 7.250	21.250	3.5525e-01
 7.250	21.500	3.5524e-01
 7.250	21.750	3.5523e-01
 7.250	22.000	3.5523e-01
 7.250	22.250	3.5523e-01
 7.250	22.500	3.5523e-01
 7.250	22.750	3.5523e-01
 7.250	23.000	3.5522e-01
 7.250	23.250	3.5522e-01
 7.250	23.500	3.5522e-01
 7.250	23.750	3.5522e-01
 7.250	24.000	3.5523e-01
 7.500	17.000	2.8107e-01
 7.500	17.250	2.9111e-01
 7.500	17.500	3.0692e-01
 7.500	17.750	3.2936e-01
 7.500	18.000	3.5869e-01
 7.500	18.250	3.8621e-01
 7.500	18.500	4.1351e-01
 7.500	18.750	4.1540e-01
 7.500	19.000	3.9267e-01
 7.500	19.250	3.7137e-01
 7.500	19.500	3.6296e-01
 7.500	19.750	3.5865e-01
 7.500	20.000	3.5663e-01
 7.500	20.250	3.5586e-01
 7.500	20.500	3.5553e-01
 7.500	20.750	3.5538e-01
 7.500	21.000	3.5531e-01
 7.500	21.250	3.5527e-01
 7.500	21.500	3.5525e-01
 7.500	21.750	3.5524e-01
 7.500	22.000	3.5523e-01
 7.500	22.250	3.5523e-01
 7.500	22.500	3.5523e-01
 7.500	22.750	3.5522e-01
 7.500	23.000	3.5523e-01
 7.500	23.250	3.5523e-01
 7.500	23.500	3.5523e-01
 7.500	23.750	3.5523e-01
 7.500	24.000	3.5525e-01
 7.750	17.000	2.7403e-01
 7.750	17.250	2.8109e-01
 7.750	17.500	2.9220e-01
 7.750	17.750	3.0964e-01
 7.750	18.000	3.3349e-01
 7.750	18.250	3.6363e-01
 7.750	18.500	3.8885e-01
 7.750	18.750	4.1373e-01
 7.750	19.000	4.1560e-01
 7.750	19.250	3.9261e-01
 7.750	19.500	3.7135e-01
 7.750	19.750	3.6295e-01
 7.750	20.000	3.5865e-01
 7.750	20.250	3.5663e-01
 7.750	20.500	3.5586e-01
 7.750	20.750	3.5553e-01
 7.750	21.000	3.5538e-01
 7.750	21.250	3.5531e-01
 7.750	21.500	3.5527e-01
 7.750	21.750	3.5525e-01
 7.750	22.000	3.5524e-01
 7.750	22.250	3.5523e-01
 7.750	22.500	3.5523e-01
 7.750	22.750	3.5523e-01
 7.750	23.000	3.5523e-01
 7.750	23.250	3.5522e-01
 7.750	23.500	3.5522e-01
 7.750	23.750	3.5522e-01
 7.750	24.000	3.5522e-01
 8.000	17.000	2.6774e-01
 8.000	17.250	2.7292e-01
 8.000	17.500	2.8093e-01
 8.000	17.750	2.9386e-01
 8.000	18.000	3.1366e-01
 8.000	18.250	3.3943e-01
 8.000	18.500	3.6783e-01
 8.000	18.750	3.9078e-01
 8.000	19.000	4.1390e-01
 8.000	19.250	4.1572e-01
 8.000	19.500	3.9255e-01
 8.000	19.750	3.7135e-01
 8.000	20.000	3.6294e-01
 8.000	20.250	3.5865e-01
 8.000	20.500	3.5663e-01
 8.000	20.750	3.5586e-01
 8.000	21.000	3.5553e-01
 8.000	21.250	3.5538e-01
 8.000	21.500	3.5531e-01
 8.000	21.750	3.5527e-01
 8.000	22.000	3.5525e-01
 8.000	22.250	3.5524e-01
 8.000	22.500	3.5523e-01
 8.000	22.750	3.5523e-01
 8.000	23.000	3.5522e-01
 8.000	23.250	3.5523e-01
 8.000	23.500	3.5523e-01
 8.000	23.750	3.5523e-01
 8.000	24.000	3.5523e-01
 8.250	17.000	2.6325e-01
 8.250	17.250	2.6725e-01
 8.250	17.500	2.7318e-01
 8.250	17.750	2.8267e-01
 8.250	18.000	2.9818e-01
 8.250	18.250	3.2095e-01
 8.250	18.500	3.4729e-01
 8.250	18.750	3.7383e-01
 8.250	19.000	3.9383e-01
 8.250	19.250	4.1423e-01
 8.250	19.500	4.1604e-01
 8.250	19.750	3.9250e-01
 8.250	20.000	3.7136e-01
 8.250	20.250	3.6295e-01
 8.250	20.500	3.5864e-01
 8.250	20.750	3.5663e-01
 8.250	21.000	3.5586e-01
 8.250	21.250	3.5553e-01
 8.250	21.500	3.5538e-01
 8.250	21.750	3.5531e-01
 8.250	22.000	3.5527e-01
 8.250	22.250	3.5525e-01
 8.250	22.500	3.5524e-01
 8.250	22.750	3.5523e-01
 8.250	23.000	3.5523e-01
 8.250	23.250	3.5523e-01
 8.250	23.500	3.5523e-01
 8.250	23.750	3.5522e-01
 8.250	24.000	3.5522e-01
 8.500	17.000	2.5957e-01
 8.500	17.250	2.6274e-01
 8.500	17.500	2.6730e-01
 8.500	17.750	2.7427e-01
 8.500	18.000	2.8590e-01
 8.500	18.250	3.0456e-01
 8.500	18.500	3.2886e-01
 8.500	18.750	3.5426e-01
 8.500	19.000	3.7818e-01
 8.500	19.250	3.9662e-01
 8.500	19.500	4.1452e-01
 8.500	19.750	4.1645e-01
 8.500	20.000	3.9244e-01
 8.500	20.250	3.7134e-01
 8.500	20.500	3.6295e-01
 8.500	20.750	3.5864e-01
 8.500	21.000	3.5663e-01
 8.500	21.250	3.5586e-01
 8.500	21.500	3.5553e-01
 8.500	21.750	3.5538e-01
 8.500	22.000	3.5531e-01
 8.500	22.250	3.5527e-01
 8.500	22.500	3.5525e-01
 8.500	22.750	3.5524e-01
 8.500	23.000	3.5523e-01
 8.500	23.250	3.5523e-01
 8.500	23.500	3.5523e-01
 8.500	23.750	3.5523e-01
 8.500	24.000	3.5523e-01
 8.750	17.000	2.5640e-01
 8.750	17.250	2.5908e-01
 8.750	17.500	2.6263e-01
 8.750	17.750	2.6791e-01
 8.750	18.000	2.7634e-01
 8.750	18.250	2.9033e-01
 8.750	18.500	3.1066e-01
 8.750	18.750	3.3512e-01
 8.750	19.000	3.6058e-01
 8.750	19.250	3.8018e-01
 8.750	19.500	4.0126e-01
 8.750	19.750	4.1497e-01
 8.750	20.000	4.1693e-01
 8.750	20.250	3.9238e-01
 8.750	20.500	3.7133e-01
 8.750	20.750	3.6295e-01
 8.750	21.000	3.5864e-01
 8.750	21.250	3.5663e-01
 8.750	21.500	3.5586e-01
 8.750	21.750	3.5553e-01
 8.750	22.000	3.5538e-01
 8.750	22.250	3.5531e-01
 8.750	22.500	3.5527e-01
 8.750	22.750	3.5525e-01
 8.750	23.000	3.5524e-01
 8.750	23.250	3.5523e-01
 8.750	23.500	3.5523e-01
 8.750	23.750	3.5523e-01
 8.750	24.000	3.5523e-01
 9.000	17.000	2.5340e-01
 9.000	17.250	2.5594e-01
 9.000	17.500	2.5889e-01
 9.000	17.750	2.6295e-01
 9.000	18.000	2.6914e-01
 9.000	18.250	2.7899e-01
 9.000	18.500	2.9406e-01
 9.000	18.750	3.1463e-01
 9.000	19.000	3.3990e-01
 9.000	19.250	3.6636e-01
 9.000	19.500	3.8441e-01
 9.000	19.750	4.0765e-01
 9.000	20.000	4.1566e-01
 9.000	20.250	4.1749e-01
 9.000	20.500	3.9231e-01
 9.000	20.750	3.7132e-01
 9.000	21.000	3.6294e-01
 9.000	21.250	3.5864e-01
 9.000	21.500	3.5663e-01
 9.000	21.750	3.5586e-01
 9.000	22.000	3.5553e-01
 9.000	22.250	3.5538e-01
 9.000	22.500	3.5531e-01
 9.000	22.750	3.5527e-01
 9.000	23.000	3.5525e-01
 9.000	23.250	3.5524e-01
 9.000	23.500	3.5523e-01
 9.000	23.750	3.5523e-01
 9.000	24.000	3.5523e-01
 9.250	17.000	2.5022e-01
 9.250	17.250	2.5291e-01
 9.250	17.500	2.5573e-01
 9.250	17.750	2.5906e-01
 9.250	18.000	2.6368e-01
 9.250	18.250	2.7067e-01
 9.250	18.500	2.8043e-01
 9.250	18.750	2.9489e-01
 9.250	19.000	3.1508e-01
 9.250	19.250	3.4125e-01
 9.250	19.500	3.6804e-01
 9.250	19.750	3.9062e-01
 9.250	20.000	4.1817e-01
 9.250	20.250	4.1679e-01
 9.250	20.500	4.1816e-01
 9.250	20.750	3.9223e-01
 9.250	21.000	3.7131e-01
 9.250	21.250	3.6295e-01
 9.250	21.500	3.5865e-01
 9.250	21.750	3.5657e-01
 9.250	22.000	3.5553e-01
 9.250	22.250	3.5547e-01
 9.250	22.500	3.5538e-01
 9.250	22.750	3.5531e-01
 9.250	23.000	3.5527e-01
 9.250	23.250	3.5525e-01
 9.250	23.500	3.5524e-01
 9.250	23.750	3.5523e-01
 9.250	24.000	3.5523e-01
 9.500	17.000	2.4660e-01
 9.500	17.250	2.4960e-01
 9.500	17.500	2.5267e-01
 9.500	17.750	2.5581e-01
 9.500	18.000	2.5954e-01
 9.500	18.250	2.6449e-01
 9.500	18.500	2.7063e-01
 9.500	18.750	2.7797e-01
 9.500	19.000	2.8934e-01
 9.500	19.250	3.0925e-01
 9.500	19.500	3.3924e-01
 9.500	19.750	3.7070e-01
 9.500	20.000	4.0163e-01
 9.500	20.250	4.2217e-01
 9.500	20.500	4.1858e-01
 9.500	20.750	4.1899e-01
 9.500	21.000	3.9215e-01
 9.500	21.250	3.7126e-01
 9.500	21.500	3.6279e-01
 9.500	21.750	3.5822e-01
 9.500	22.000	3.5585e-01
 9.500	22.250	3.5483e-01
 9.500	22.500	3.5436e-01
 9.500	22.750	3.5410e-01
 9.500	23.000	3.5395e-01
 9.500	23.250	3.5389e-01
 9.500	23.500	3.5443e-01
 9.500	23.750	3.5442e-01
 9.500	24.000	3.5441e-01
 9.750	17.000	2.4226e-01
 9.750	17.250	2.4569e-01
 9.750	17.500	2.4919e-01
 9.750	17.750	2.5265e-01
 9.750	18.000	2.5617e-01
 9.750	18.250	2.5980e-01
 9.750	18.500	2.6273e-01
 9.750	18.750	2.6482e-01
 9.750	19.000	2.6780e-01
 9.750	19.250	2.7656e-01
 9.750	19.500	2.9690e-01
 9.750	19.750	3.3402e-01
 9.750	20.000	3.7601e-01
 9.750	20.250	4.1558e-01
 9.750	20.500	4.2602e-01
 9.750	20.750	4.2106e-01
 9.750	21.000	4.2009e-01
 9.750	21.250	3.9205e-01
 9.750	21.500	3.7129e-01
 9.750	21.750	3.6289e-01
 9.750	22.000	3.5823e-01
 9.750	22.250	3.5589e-01
 9.750	22.500	3.5493e-01
 9.750	22.750	3.5451e-01
 9.750	23.000	3.5429e-01
 9.750	23.250	3.5416e-01
 9.750	23.500	3.5409e-01
 9.750	23.750	3.5405e-01
 9.750	24.000	3.5402e-01
10.000	17.000	2.3727e-01
10.000	17.250	2.4096e-01
10.000	17.500	2.4493e-01
10.000	17.750	2.4900e-01
10.000	18.000	2.5291e-01
10.000	18.250	2.5571e-01
10.000	18.500	2.5592e-01
10.000	18.750	2.5394e-01
10.000	19.000	2.5112e-01
10.000	19.250	2.4931e-01
10.000	19.500	2.4926e-01
10.000	19.750	2.6246e-01
10.000	20.000	3.1277e-01
10.000	20.250	3.7988e-01
10.000	20.500	4.3179e-01
10.000	20.750	4.3127e-01
10.000	21.000	4.2463e-01
10.000	21.250	4.2144e-01
10.000	21.500	3.9195e-01
10.000	21.750	3.7129e-01
10.000	22.000	3.6292e-01
10.000	22.250	3.5837e-01
10.000	22.500	3.5592e-01
10.000	22.750	3.5499e-01
10.000	23.000	3.5461e-01
10.000	23.250	3.5441e-01
10.000	23.500	3.5430e-01
10.000	23.750	3.5425e-01
10.000	24.000	3.5421e-01
10.250	17.000	2.3199e-01
10.250	17.250	2.3540e-01
10.250	17.500	2.3988e-01
10.250	17.750	2.4458e-01
10.250	18.000	2.4898e-01
10.250	18.250	2.5123e-01
10.250	18.500	2.4944e-01
10.250	18.750	2.4438e-01
10.250	19.000	2.3731e-01
10.250	19.250	2.3091e-01
10.250	19.500	2.2939e-01
10.250	19.750	2.3771e-01
10.250	20.000	2.6669e-01
10.250	20.250	3.2577e-01
10.250	20.500	3.9795e-01
10.250	20.750	4.4363e-01
10.250	21.000	4.3509e-01
10.250	21.250	4.2917e-01
10.250	21.500	4.2288e-01
10.250	21.750	3.9183e-01
10.250	22.000	3.7128e-01
10.250	22.250	3.6293e-01
10.250	22.500	3.5855e-01
10.250	22.750	3.5597e-01
10.250	23.000	3.5502e-01
10.250	23.250	3.5466e-01
10.250	23.500	3.5449e-01
10.250	23.750	3.5439e-01
10.250	24.000	3.5435e-01
10.500	17.000	2.2734e-01
10.500	17.250	2.2997e-01
10.500	17.500	2.3404e-01
10.500	17.750	2.3938e-01
10.500	18.000	2.4386e-01
10.500	18.250	2.4538e-01
10.500	18.500	2.4239e-01
10.500	18.750	2.3583e-01
10.500	19.000	2.2865e-01
10.500	19.250	2.2375e-01
10.500	19.500	2.2263e-01
10.500	19.750	2.2699e-01
10.500	20.000	2.4159e-01
10.500	20.250	2.7626e-01
10.500	20.500	3.4058e-01
10.500	20.750	4.1559e-01
10.500	21.000	4.5354e-01
10.500	21.250	4.4102e-01
10.500	21.500	4.3569e-01
10.500	21.750	4.2374e-01
10.500	22.000	3.9171e-01
10.500	22.250	3.7124e-01
10.500	22.500	3.6293e-01
10.500	22.750	3.5861e-01
10.500	23.000	3.5633e-01
10.500	23.250	3.5507e-01
10.500	23.500	3.5469e-01
10.500	23.750	3.5453e-01
10.500	24.000	3.5445e-01
10.750	17.000	2.2339e-01
10.750	17.250	2.2518e-01
10.750	17.500	2.2845e-01
10.750	17.750	2.3314e-01
10.750	18.000	2.3713e-01
10.750	18.250	2.3773e-01
10.750	18.500	2.3408e-01
10.750	18.750	2.2766e-01
10.750	19.000	2.2144e-01
10.750	19.250	2.1738e-01
10.750	19.500	2.1707e-01
10.750	19.750	2.2101e-01
10.750	20.000	2.2833e-01
10.750	20.250	2.4502e-01
10.750	20.500	2.8299e-01
10.750	20.750	3.5185e-01
10.750	21.000	4.3016e-01
10.750	21.250	4.6085e-01
10.750	21.500	4.4891e-01
10.750	21.750	4.4466e-01
10.750	22.000	4.2426e-01
10.750	22.250	3.9157e-01
10.750	22.500	3.7120e-01
10.750	22.750	3.6293e-01
10.750	23.000	3.5863e-01
10.750	23.250	3.5653e-01
10.750	23.500	3.5535e-01
10.750	23.750	3.5476e-01
10.750	24.000	3.5455e-01
11.000	17.000	2.1982e-01
11.000	17.250	2.2118e-01
11.000	17.500	2.2333e-01
11.000	17.750	2.2644e-01
11.000	18.000	2.2875e-01
11.000	18.250	2.2777e-01
11.000	18.500	2.2348e-01
11.000	18.750	2.1775e-01
11.000	19.000	2.1221e-01
11.000	19.250	2.1005e-01
11.000	19.500	2.1234e-01
11.000	19.750	2.1574e-01
11.000	20.000	2.2029e-01
11.000	20.250	2.2795e-01
11.000	20.500	2.4595e-01
11.000	20.750	2.8701e-01
11.000	21.000	3.6162e-01
11.000	21.250	4.4165e-01
11.000	21.500	4.7455e-01
11.000	21.750	4.6259e-01
11.000	22.000	4.5527e-01
11.000	22.250	4.2446e-01
11.000	22.500	3.9142e-01
11.000	22.750	3.7117e-01
11.000	23.000	3.6293e-01
11.000	23.250	3.5864e-01
11.000	23.500	3.5660e-01
11.000	23.750	3.5570e-01
11.000	24.000	3.5506e-01
11.250	17.000	2.1755e-01
11.250	17.250	2.1746e-01
11.250	17.500	2.1866e-01
11.250	17.750	2.1965e-01
11.250	18.000	2.1926e-01
11.250	18.250	2.1572e-01
11.250	18.500	2.1043e-01
11.250	18.750	2.0471e-01
11.250	19.000	2.0012e-01
11.250	19.250	2.0181e-01
11.250	19.500	2.0600e-01
11.250	19.750	2.1028e-01
11.250	20.000	2.1428e-01
11.250	20.250	2.1881e-01
11.250	20.500	2.2660e-01
11.250	20.750	2.4609e-01
11.250	21.000	2.9169e-01
11.250	21.250	3.7482e-01
11.250	21.500	4.5044e-01
11.250	21.750	4.8538e-01
11.250	22.000	4.7660e-01
11.250	22.250	4.6347e-01
11.250	22.500	4.2370e-01
11.250	22.750	3.9124e-01
11.250	23.000	3.7113e-01
11.250	23.250	3.6293e-01
11.250	23.500	3.5864e-01
11.250	23.750	3.5662e-01
11.250	24.000	3.5581e-01
11.500	17.000	2.1714e-01
11.500	17.250	2.1477e-01
11.500	17.500	2.1384e-01
11.500	17.750	2.1288e-01
11.500	18.000	2.0913e-01
11.500	18.250	2.0230e-01
11.500	18.500	1.9519e-01
11.500	18.750	1.8819e-01
11.500	19.000	1.8748e-01
11.500	19.250	1.9230e-01
11.500	19.500	1.9771e-01
11.500	19.750	2.0344e-01
11.500	20.000	2.0855e-01
11.500	20.250	2.1283e-01
11.500	20.500	2.1719e-01
11.500	20.750	2.2556e-01
11.500	21.000	2.4802e-01
11.500	21.250	3.0101e-01
11.500	21.500	3.8696e-01
11.500	21.750	4.6976e-01
11.500	22.000	5.0526e-01
11.500	22.250	4.9286e-01
11.500	22.500	4.6715e-01
11.500	22.750	4.2275e-01
11.500	23.000	3.9100e-01
11.500	23.250	3.7109e-01
11.500	23.500	3.6292e-01
11.500	23.750	3.5864e-01
11.500	24.000	3.5663e-01
11.750	17.000	1.9511e-01
11.750	17.250	2.1374e-01
11.750	17.500	2.0969e-01
11.750	17.750	2.0565e-01
11.750	18.000	1.9855e-01
11.750	18.250	1.8864e-01
11.750	18.500	1.7833e-01
11.750	18.750	1.7128e-01
11.750	19.000	1.7490e-01
11.750	19.250	1.8145e-01
11.750	19.500	1.8834e-01
11.750	19.750	1.9513e-01
11.750	20.000	2.0174e-01
11.750	20.250	2.0739e-01
11.750	20.500	2.1197e-01
11.750	20.750	2.1659e-01
11.750	21.000	2.2707e-01
11.750	21.250	2.5501e-01
11.750	21.500	3.1031e-01
11.750	21.750	4.1493e-01
11.750	22.000	4.9811e-01
11.750	22.250	5.2743e-01
11.750	22.500	5.0672e-01
11.750	22.750	4.6837e-01
11.750	23.000	4.2177e-01
11.750	23.250	3.9072e-01
11.750	23.500	3.7108e-01
11.750	23.750	3.6291e-01
11.750	24.000	3.5863e-01
12.000	17.000	1.0825e-01
12.000	17.250	2.0372e-01
12.000	17.500	2.0691e-01
12.000	17.750	1.9867e-01
12.000	18.000	1.8835e-01
12.000	18.250	1.7515e-01
12.000	18.500	1.6104e-01
12.000	18.750	1.5773e-01
12.000	19.000	1.6219e-01
12.000	19.250	1.6979e-01
12.000	19.500	1.7823e-01
12.000	19.750	1.8617e-01
12.000	20.000	1.9381e-01
12.000	20.250	2.0103e-01
12.000	20.500	2.0714e-01
12.000	20.750	2.1225e-01
12.000	21.000	2.1889e-01
12.000	21.250	2.3350e-01
12.000	21.500	2.6343e-01
12.000	21.750	3.3478e-01
12.000	22.000	4.5097e-01
12.000	22.250	5.3107e-01
12.000	22.500	5.5160e-01
12.000	22.750	5.2491e-01
12.000	23.000	4.6815e-01
12.000	23.250	4.2080e-01
12.000	23.500	3.9034e-01
12.000	23.750	3.7103e-01
12.000	24.000	3.6290e-01
12.250	17.000	5.9349e-02
12.250	17.250	1.1927e-01
12.250	17.500	2.0210e-01
12.250	17.750	1.9347e-01
12.250	18.000	1.7876e-01
12.250	18.250	1.5935e-01
12.250	18.500	1.4795e-01
12.250	18.750	1.4687e-01
12.250	19.000	1.5071e-01
12.250	19.250	1.5799e-01
12.250	19.500	1.6722e-01
12.250	19.750	1.7671e-01
12.250	20.000	1.8536e-01
12.250	20.250	1.9362e-01
12.250	20.500	2.0150e-01
12.250	20.750	2.0850e-01
12.250	21.000	2.1583e-01
12.250	21.250	2.2619e-01
12.250	21.500	2.4234e-01
12.250	21.750	2.8249e-01
12.250	22.000	3.7017e-01
12.250	22.250	5.0621e-01
12.250	22.500	5.8574e-01
12.250	22.750	5.9121e-01
12.250	23.000	5.3590e-01
12.250	23.250	4.6747e-01
12.250	23.500	4.1961e-01
12.250	23.750	3.8998e-01
12.250	24.000	3.7095e-01
12.500	17.000	3.7201e-02
12.500	17.250	6.1783e-02
12.500	17.500	1.1856e-01
12.500	17.750	1.8874e-01
12.500	18.000	1.6700e-01
12.500	18.250	1.4507e-01
12.500	18.500	1.3710e-01
12.500	18.750	1.3720e-01
12.500	19.000	1.4099e-01
12.500	19.250	1.4737e-01
12.500	19.500	1.5625e-01
12.500	19.750	1.6662e-01
12.500	20.000	1.7673e-01
12.500	20.250	1.8602e-01
12.500	20.500	1.9477e-01
12.500	20.750	2.0392e-01
12.500	21.000	2.1378e-01
12.500	21.250	2.2434e-01
12.500	21.500	2.3591e-01
12.500	21.750	2.5752e-01
12.500	22.000	3.1063e-01
12.500	22.250	4.2336e-01
12.500	22.500	6.0272e-01
12.500	22.750	6.6905e-01
12.500	23.000	6.2260e-01
12.500	23.250	5.4110e-01
12.500	23.500	4.6697e-01
12.500	23.750	4.1869e-01
12.500	24.000	3.8956e-01
12.750	17.000	2.4010e-02
12.750	17.250	3.6602e-02
12.750	17.500	6.1431e-02
12.750	17.750	9.9018e-02
12.750	18.000	1.3560e-01
12.750	18.250	1.3342e-01
12.750	18.500	1.2774e-01
12.750	18.750	1.2871e-01
12.750	19.000	1.3241e-01
12.750	19.250	1.3831e-01
12.750	19.500	1.4635e-01
12.750	19.750	1.5626e-01
12.750	20.000	1.6735e-01
12.750	20.250	1.7835e-01
12.750	20.500	1.8802e-01
12.750	20.750	1.9798e-01
12.750	21.000	2.1064e-01
12.750	21.250	2.2228e-01
12.750	21.500	2.3441e-01
12.750	21.750	2.4973e-01
12.750	22.000	2.8007e-01
12.750	22.250	3.4715e-01
12.750	22.500	5.1134e-01
12.750	22.750	7.0623e-01
12.750	23.000	7.3482e-01
12.750	23.250	6.4327e-01
12.750	23.500	5.4390e-01
12.750	23.750	4.6581e-01
12.750	24.000	4.1761e-01
13.000	17.000	8.6655e-03
13.000	17.250	1.1969e-02
13.000	17.500	2.5238e-02
13.000	17.750	4.3956e-02
13.000	18.000	6.8055e-02
13.000	18.250	9.2765e-02
13.000	18.500	1.0660e-01
13.000	18.750	1.1330e-01
13.000	19.000	1.2458e-01
13.000	19.250	1.3043e-01
13.000	19.500	1.3781e-01
13.000	19.750	1.4692e-01
13.000	20.000	1.5769e-01
13.000	20.250	1.6915e-01
13.000	20.500	1.8120e-01
13.000	20.750	1.9313e-01
13.000	21.000	2.0496e-01
13.000	21.250	2.1910e-01
13.000	21.500	2.3256e-01
13.000	21.750	2.4439e-01
13.000	22.000	2.6364e-01
13.000	22.250	3.0547e-01
13.000	22.500	4.0853e-01
13.000	22.750	6.1539e-01
13.000	23.000	7.7564e-01
13.000	23.250	7.6212e-01
13.000	23.500	6.5494e-01
13.000	23.750	5.4552e-01
13.000	24.000	4.6446e-01
13.250	17.000	5.8095e-03
13.250	17.250	7.1584e-03
13.250	17.500	1.0818e-02
13.250	17.750	1.8624e-02
13.250	18.000	3.4643e-02
13.250	18.250	5.7709e-02
13.250	18.500	8.6824e-02
13.250	18.750	1.0373e-01
13.250	19.000	1.1253e-01
13.250	19.250	1.2235e-01
13.250	19.500	1.3004e-01
13.250	19.750	1.3858e-01
13.250	20.000	1.4866e-01
13.250	20.250	1.5978e-01
13.250	20.500	1.7184e-01
13.250	20.750	1.8502e-01
13.250	21.000	1.9814e-01
13.250	21.250	2.1111e-01
13.250	21.500	2.2473e-01
13.250	21.750	2.3394e-01
13.250	22.000	2.5067e-01
13.250	22.250	2.7442e-01
13.250	22.500	3.3183e-01
13.250	22.750	4.5303e-01
13.250	23.000	7.0307e-01
13.250	23.250	8.2027e-01
13.250	23.500	7.7623e-01
13.250	23.750	6.6503e-01
13.250	24.000	5.4569e-01
13.500	17.000	3.9906e-03
13.500	17.250	4.9007e-03
13.500	17.500	7.1663e-03
13.500	17.750	1.1288e-02
13.500	18.000	2.0948e-02
13.500	18.250	3.5433e-02
13.500	18.500	5.6000e-02
13.500	18.750	8.3732e-02
13.500	19.000	1.0514e-01
13.500	19.250	1.1341e-01
13.500	19.500	1.2043e-01
13.500	19.750	1.3027e-01
13.500	20.000	1.4052e-01
13.500	20.250	1.5167e-01
13.500	20.500	1.6335e-01
13.500	20.750	1.7557e-01
13.500	21.000	1.8716e-01
13.500	21.250	2.0068e-01
13.500	21.500	2.0960e-01
13.500	21.750	2.1574e-01
13.500	22.000	2.2380e-01
13.500	22.250	2.4461e-01
13.500	22.500	2.8323e-01
13.500	22.750	3.6277e-01
13.500	23.000	4.8976e-01
13.500	23.250	7.6438e-01
13.500	23.500	8.4026e-01
13.500	23.750	8.0614e-01
13.500	24.000	6.7276e-01
13.750	17.000	2.8572e-03
13.750	17.250	3.6067e-03
13.750	17.500	5.1463e-03
13.750	17.750	7.4040e-03
13.750	18.000	1.3012e-02
13.750	18.250	2.3059e-02
13.750	18.500	3.7169e-02
13.750	18.750	5.8306e-02
13.750	19.000	8.5392e-02
13.750	19.250	1.1151e-01
13.750	19.500	1.1501e-01
13.750	19.750	1.2189e-01
13.750	20.000	1.3257e-01
13.750	20.250	1.4375e-01
13.750	20.500	1.5585e-01
13.750	20.750	1.6803e-01
13.750	21.000	1.7928e-01
13.750	21.250	1.8826e-01
13.750	21.500	1.9536e-01
13.750	21.750	1.9995e-01
13.750	22.000	2.0310e-01
13.750	22.250	2.1566e-01
13.750	22.500	2.4920e-01
13.750	22.750	3.0660e-01
13.750	23.000	3.9494e-01
13.750	23.250	5.4490e-01
13.750	23.500	8.6294e-01
13.750	23.750	9.1257e-01
13.750	24.000	8.3079e-01
14.000	17.000	2.1388e-03
14.000	17.250	2.6922e-03
14.000	17.500	3.8393e-03
14.000	17.750	5.5683e-03
14.000	18.000	8.7272e-03
14.000	18.250	1.5048e-02
14.000	18.500	2.5157e-02
14.000	18.750	4.0322e-02
14.000	19.000	6.2146e-02
14.000	19.250	1.0155e-01
14.000	19.500	1.0984e-01
14.000	19.750	1.1581e-01
14.000	20.000	1.2462e-01
14.000	20.250	1.3590e-01
14.000	20.500	1.4825e-01
14.000	20.750	1.6098e-01
14.000	21.000	1.7308e-01
14.000	21.250	1.8321e-01
14.000	21.500	1.8898e-01
14.000	21.750	1.9093e-01
14.000	22.000	1.9228e-01
14.000	22.250	2.0014e-01
14.000	22.500	2.2433e-01
14.000	22.750	2.7190e-01
14.000	23.000	3.4774e-01
14.000	23.250	4.4326e-01
14.000	23.500	5.9266e-01
14.000	23.750	9.7440e-01
14.000	24.000	9.9838e-01
