N  3 1754.00A  relative to Inci 1215.00A scaled to 1215A.
Hden   Phi(H)  Eq_Width (A)
 7.000	17.000	1.6798e-04
 7.000	17.250	1.4173e-04
 7.000	17.500	1.3753e-04
 7.000	17.750	1.3704e-04
 7.000	18.000	1.2000e-04
 7.000	18.250	1.0000e-07
 7.000	18.500	1.0000e-07
 7.000	18.750	1.0000e-07
 7.000	19.000	1.0000e-07
 7.000	19.250	1.0000e-07
 7.000	19.500	1.0000e-07
 7.000	19.750	1.0000e-07
 7.000	20.000	1.0000e-07
 7.000	20.250	1.0000e-07
 7.000	20.500	1.0000e-07
 7.000	20.750	1.0000e-07
 7.000	21.000	1.0000e-07
 7.000	21.250	1.0000e-07
 7.000	21.500	1.0000e-07
 7.000	21.750	1.0000e-07
 7.000	22.000	1.0000e-07
 7.000	22.250	1.0000e-07
 7.000	22.500	1.0000e-07
 7.000	22.750	1.0000e-07
 7.000	23.000	1.0000e-07
 7.000	23.250	1.0000e-07
 7.000	23.500	1.0000e-07
 7.000	23.750	1.0000e-07
 7.000	24.000	1.0000e-07
 7.250	17.000	2.3333e-04
 7.250	17.250	1.7893e-04
 7.250	17.500	1.5210e-04
 7.250	17.750	1.5078e-04
 7.250	18.000	1.5399e-04
 7.250	18.250	1.0362e-04
 7.250	18.500	1.0000e-07
 7.250	18.750	1.0000e-07
 7.250	19.000	1.0000e-07
 7.250	19.250	1.0000e-07
 7.250	19.500	1.0000e-07
 7.250	19.750	1.0000e-07
 7.250	20.000	1.0000e-07
 7.250	20.250	1.0000e-07
 7.250	20.500	1.0000e-07
 7.250	20.750	1.0000e-07
 7.250	21.000	1.0000e-07
 7.250	21.250	1.0000e-07
 7.250	21.500	1.0000e-07
 7.250	21.750	1.0000e-07
 7.250	22.000	1.0000e-07
 7.250	22.250	1.0000e-07
 7.250	22.500	1.0000e-07
 7.250	22.750	1.0000e-07
 7.250	23.000	1.0000e-07
 7.250	23.250	1.0000e-07
 7.250	23.500	1.0000e-07
 7.250	23.750	1.0000e-07
 7.250	24.000	1.0000e-07
 7.500	17.000	3.4033e-04
 7.500	17.250	2.4609e-04
 7.500	17.500	1.8889e-04
 7.500	17.750	1.6214e-04
 7.500	18.000	1.6436e-04
 7.500	18.250	1.7292e-04
 7.500	18.500	8.9547e-05
 7.500	18.750	1.0000e-07
 7.500	19.000	1.0000e-07
 7.500	19.250	1.0000e-07
 7.500	19.500	1.0000e-07
 7.500	19.750	1.0000e-07
 7.500	20.000	1.0000e-07
 7.500	20.250	1.0000e-07
 7.500	20.500	1.0000e-07
 7.500	20.750	1.0000e-07
 7.500	21.000	1.0000e-07
 7.500	21.250	1.0000e-07
 7.500	21.500	1.0000e-07
 7.500	21.750	1.0000e-07
 7.500	22.000	1.0000e-07
 7.500	22.250	1.0000e-07
 7.500	22.500	1.0000e-07
 7.500	22.750	1.0000e-07
 7.500	23.000	1.0000e-07
 7.500	23.250	1.0000e-07
 7.500	23.500	1.0000e-07
 7.500	23.750	1.0000e-07
 7.500	24.000	1.0000e-07
 7.750	17.000	5.1021e-04
 7.750	17.250	3.5671e-04
 7.750	17.500	2.5811e-04
 7.750	17.750	1.9868e-04
 7.750	18.000	1.7251e-04
 7.750	18.250	1.8033e-04
 7.750	18.500	1.9613e-04
 7.750	18.750	7.7284e-05
 7.750	19.000	1.0000e-07
 7.750	19.250	1.0000e-07
 7.750	19.500	1.0000e-07
 7.750	19.750	1.0000e-07
 7.750	20.000	1.0000e-07
 7.750	20.250	1.0000e-07
 7.750	20.500	1.0000e-07
 7.750	20.750	1.0000e-07
 7.750	21.000	1.0000e-07
 7.750	21.250	1.0000e-07
 7.750	21.500	1.0000e-07
 7.750	21.750	1.0000e-07
 7.750	22.000	1.0000e-07
 7.750	22.250	1.0000e-07
 7.750	22.500	1.0000e-07
 7.750	22.750	1.0000e-07
 7.750	23.000	1.0000e-07
 7.750	23.250	1.0000e-07
 7.750	23.500	1.0000e-07
 7.750	23.750	1.0000e-07
 7.750	24.000	1.0000e-07
 8.000	17.000	7.5621e-04
 8.000	17.250	5.2905e-04
 8.000	17.500	3.6757e-04
 8.000	17.750	2.6337e-04
 8.000	18.000	2.0082e-04
 8.000	18.250	1.7366e-04
 8.000	18.500	1.8453e-04
 8.000	18.750	2.0881e-04
 8.000	19.000	7.5144e-05
 8.000	19.250	1.0000e-07
 8.000	19.500	1.0000e-07
 8.000	19.750	1.0000e-07
 8.000	20.000	1.0000e-07
 8.000	20.250	1.0000e-07
 8.000	20.500	1.0000e-07
 8.000	20.750	1.0000e-07
 8.000	21.000	1.0000e-07
 8.000	21.250	1.0000e-07
 8.000	21.500	1.0000e-07
 8.000	21.750	1.0000e-07
 8.000	22.000	1.0000e-07
 8.000	22.250	1.0000e-07
 8.000	22.500	1.0000e-07
 8.000	22.750	1.0000e-07
 8.000	23.000	1.0000e-07
 8.000	23.250	1.0000e-07
 8.000	23.500	1.0000e-07
 8.000	23.750	1.0000e-07
 8.000	24.000	1.0000e-07
 8.250	17.000	1.0902e-03
 8.250	17.250	7.9942e-04
 8.250	17.500	5.5844e-04
 8.250	17.750	3.8774e-04
 8.250	18.000	2.7893e-04
 8.250	18.250	2.1564e-04
 8.250	18.500	1.9457e-04
 8.250	18.750	2.2700e-04
 8.250	19.000	2.7811e-04
 8.250	19.250	5.8601e-05
 8.250	19.500	1.0000e-07
 8.250	19.750	1.0000e-07
 8.250	20.000	1.0000e-07
 8.250	20.250	1.0000e-07
 8.250	20.500	1.0000e-07
 8.250	20.750	1.0000e-07
 8.250	21.000	1.0000e-07
 8.250	21.250	1.0000e-07
 8.250	21.500	1.0000e-07
 8.250	21.750	1.0000e-07
 8.250	22.000	1.0000e-07
 8.250	22.250	1.0000e-07
 8.250	22.500	1.0000e-07
 8.250	22.750	1.0000e-07
 8.250	23.000	1.0000e-07
 8.250	23.250	1.0000e-07
 8.250	23.500	1.0000e-07
 8.250	23.750	1.0000e-07
 8.250	24.000	1.0000e-07
 8.500	17.000	1.4655e-03
 8.500	17.250	1.1667e-03
 8.500	17.500	8.5366e-04
 8.500	17.750	5.9630e-04
 8.500	18.000	4.1564e-04
 8.500	18.250	3.0239e-04
 8.500	18.500	2.4230e-04
 8.500	18.750	2.4510e-04
 8.500	19.000	3.3366e-04
 8.500	19.250	4.5210e-04
 8.500	19.500	4.1481e-05
 8.500	19.750	1.0000e-07
 8.500	20.000	1.0000e-07
 8.500	20.250	1.0000e-07
 8.500	20.500	1.0000e-07
 8.500	20.750	1.0000e-07
 8.500	21.000	1.0000e-07
 8.500	21.250	1.0000e-07
 8.500	21.500	1.0000e-07
 8.500	21.750	1.0000e-07
 8.500	22.000	1.0000e-07
 8.500	22.250	1.0000e-07
 8.500	22.500	1.0000e-07
 8.500	22.750	1.0000e-07
 8.500	23.000	1.0000e-07
 8.500	23.250	1.0000e-07
 8.500	23.500	1.0000e-07
 8.500	23.750	1.0000e-07
 8.500	24.000	1.0000e-07
 8.750	17.000	1.7857e-03
 8.750	17.250	1.5879e-03
 8.750	17.500	1.2617e-03
 8.750	17.750	9.2280e-04
 8.750	18.000	6.4626e-04
 8.750	18.250	4.5457e-04
 8.750	18.500	3.4272e-04
 8.750	18.750	3.0840e-04
 8.750	19.000	3.9951e-04
 8.750	19.250	6.2461e-04
 8.750	19.500	8.5811e-04
 8.750	19.750	3.1193e-05
 8.750	20.000	1.0000e-07
 8.750	20.250	1.0000e-07
 8.750	20.500	1.0000e-07
 8.750	20.750	1.0000e-07
 8.750	21.000	1.0000e-07
 8.750	21.250	1.0000e-07
 8.750	21.500	1.0000e-07
 8.750	21.750	1.0000e-07
 8.750	22.000	1.0000e-07
 8.750	22.250	1.0000e-07
 8.750	22.500	1.0000e-07
 8.750	22.750	1.0000e-07
 8.750	23.000	1.0000e-07
 8.750	23.250	1.0000e-07
 8.750	23.500	1.0000e-07
 8.750	23.750	1.0000e-07
 8.750	24.000	1.0000e-07
 9.000	17.000	1.9184e-03
 9.000	17.250	1.9495e-03
 9.000	17.500	1.7303e-03
 9.000	17.750	1.3735e-03
 9.000	18.000	1.0063e-03
 9.000	18.250	7.1029e-04
 9.000	18.500	5.1753e-04
 9.000	18.750	4.3449e-04
 9.000	19.000	5.0576e-04
 9.000	19.250	7.8938e-04
 9.000	19.500	1.2123e-03
 9.000	19.750	1.5281e-03
 9.000	20.000	2.6749e-05
 9.000	20.250	1.0000e-07
 9.000	20.500	1.0000e-07
 9.000	20.750	1.0000e-07
 9.000	21.000	1.0000e-07
 9.000	21.250	1.0000e-07
 9.000	21.500	1.0000e-07
 9.000	21.750	1.0000e-07
 9.000	22.000	1.0000e-07
 9.000	22.250	1.0000e-07
 9.000	22.500	1.0000e-07
 9.000	22.750	1.0000e-07
 9.000	23.000	1.0000e-07
 9.000	23.250	1.0000e-07
 9.000	23.500	1.0000e-07
 9.000	23.750	1.0000e-07
 9.000	24.000	1.0000e-07
 9.250	17.000	1.7530e-03
 9.250	17.250	2.0850e-03
 9.250	17.500	2.1185e-03
 9.250	17.750	1.8780e-03
 9.250	18.000	1.4907e-03
 9.250	18.250	1.1001e-03
 9.250	18.500	8.0008e-04
 9.250	18.750	6.3794e-04
 9.250	19.000	6.6749e-04
 9.250	19.250	9.5613e-04
 9.250	19.500	1.4716e-03
 9.250	19.750	2.1304e-03
 9.250	20.000	2.6318e-03
 9.250	20.250	2.4774e-05
 9.250	20.500	1.0000e-07
 9.250	20.750	1.0000e-07
 9.250	21.000	1.0000e-07
 9.250	21.250	1.0000e-07
 9.250	21.500	1.0000e-07
 9.250	21.750	1.0000e-07
 9.250	22.000	1.0000e-07
 9.250	22.250	1.0000e-07
 9.250	22.500	1.0000e-07
 9.250	22.750	1.0000e-07
 9.250	23.000	1.0000e-07
 9.250	23.250	1.0000e-07
 9.250	23.500	1.0000e-07
 9.250	23.750	1.0000e-07
 9.250	24.000	1.0000e-07
 9.500	17.000	1.2852e-03
 9.500	17.250	1.8571e-03
 9.500	17.500	2.2187e-03
 9.500	17.750	2.2531e-03
 9.500	18.000	1.9954e-03
 9.500	18.250	1.5934e-03
 9.500	18.500	1.1986e-03
 9.500	18.750	9.2634e-04
 9.500	19.000	8.6938e-04
 9.500	19.250	1.1051e-03
 9.500	19.500	1.6127e-03
 9.500	19.750	2.3674e-03
 9.500	20.000	3.3091e-03
 9.500	20.250	2.9737e-03
 9.500	20.500	2.4609e-05
 9.500	20.750	1.0000e-07
 9.500	21.000	1.0000e-07
 9.500	21.250	1.0000e-07
 9.500	21.500	1.0000e-07
 9.500	21.750	1.0000e-07
 9.500	22.000	1.0000e-07
 9.500	22.250	1.0000e-07
 9.500	22.500	1.0000e-07
 9.500	22.750	1.0000e-07
 9.500	23.000	1.0000e-07
 9.500	23.250	1.0000e-07
 9.500	23.500	1.0000e-07
 9.500	23.750	1.0000e-07
 9.500	24.000	1.0000e-07
 9.750	17.000	6.7613e-04
 9.750	17.250	1.2861e-03
 9.750	17.500	1.8804e-03
 9.750	17.750	2.2533e-03
 9.750	18.000	2.2877e-03
 9.750	18.250	2.0308e-03
 9.750	18.500	1.6289e-03
 9.750	18.750	1.2661e-03
 9.750	19.000	1.0849e-03
 9.750	19.250	1.1896e-03
 9.750	19.500	1.5824e-03
 9.750	19.750	2.2412e-03
 9.750	20.000	3.2519e-03
 9.750	20.250	4.3956e-03
 9.750	20.500	3.1218e-03
 9.750	20.750	2.5267e-05
 9.750	21.000	1.0000e-07
 9.750	21.250	1.0000e-07
 9.750	21.500	1.0000e-07
 9.750	21.750	1.0000e-07
 9.750	22.000	1.0000e-07
 9.750	22.250	1.0000e-07
 9.750	22.500	1.0000e-07
 9.750	22.750	1.0000e-07
 9.750	23.000	1.0000e-07
 9.750	23.250	1.0000e-07
 9.750	23.500	1.0000e-07
 9.750	23.750	1.0000e-07
 9.750	24.000	1.0000e-07
10.000	17.000	2.1424e-04
10.000	17.250	6.2066e-04
10.000	17.500	1.2026e-03
10.000	17.750	1.7690e-03
10.000	18.000	2.1245e-03
10.000	18.250	2.1486e-03
10.000	18.500	1.8868e-03
10.000	18.750	1.5311e-03
10.000	19.000	1.2576e-03
10.000	19.250	1.1821e-03
10.000	19.500	1.3611e-03
10.000	19.750	1.8086e-03
10.000	20.000	2.5436e-03
10.000	20.250	3.6805e-03
10.000	20.500	4.8942e-03
10.000	20.750	3.0710e-03
10.000	21.000	2.3786e-05
10.000	21.250	1.0000e-07
10.000	21.500	1.0000e-07
10.000	21.750	1.0000e-07
10.000	22.000	1.0000e-07
10.000	22.250	1.0000e-07
10.000	22.500	1.0000e-07
10.000	22.750	1.0000e-07
10.000	23.000	1.0000e-07
10.000	23.250	1.0000e-07
10.000	23.500	1.0000e-07
10.000	23.750	1.0000e-07
10.000	24.000	1.0000e-07
10.250	17.000	3.7531e-05
10.250	17.250	1.7350e-04
10.250	17.500	5.2741e-04
10.250	17.750	1.0282e-03
10.250	18.000	1.5182e-03
10.250	18.250	1.7989e-03
10.250	18.500	1.7802e-03
10.250	18.750	1.5602e-03
10.250	19.000	1.2965e-03
10.250	19.250	1.1131e-03
10.250	19.500	1.0905e-03
10.250	19.750	1.2897e-03
10.250	20.000	1.7302e-03
10.250	20.250	2.4603e-03
10.250	20.500	3.5486e-03
10.250	20.750	4.6801e-03
10.250	21.000	2.6057e-03
10.250	21.250	2.1399e-05
10.250	21.500	1.0000e-07
10.250	21.750	1.0000e-07
10.250	22.000	1.0000e-07
10.250	22.250	1.0000e-07
10.250	22.500	1.0000e-07
10.250	22.750	1.0000e-07
10.250	23.000	1.0000e-07
10.250	23.250	1.0000e-07
10.250	23.500	1.0000e-07
10.250	23.750	1.0000e-07
10.250	24.000	1.0000e-07
10.500	17.000	5.0206e-06
10.500	17.250	2.8560e-05
10.500	17.500	1.3547e-04
10.500	17.750	4.1350e-04
10.500	18.000	8.0362e-04
10.500	18.250	1.1557e-03
10.500	18.500	1.3294e-03
10.500	18.750	1.3007e-03
10.500	19.000	1.1496e-03
10.500	19.250	9.7901e-04
10.500	19.500	8.5984e-04
10.500	19.750	8.5078e-04
10.500	20.000	1.0040e-03
10.500	20.250	1.3575e-03
10.500	20.500	1.9651e-03
10.500	20.750	2.8965e-03
10.500	21.000	4.0980e-03
10.500	21.250	1.9855e-03
10.500	21.500	1.6955e-05
10.500	21.750	1.0000e-07
10.500	22.000	1.0000e-07
10.500	22.250	1.0000e-07
10.500	22.500	1.0000e-07
10.500	22.750	1.0000e-07
10.500	23.000	1.0000e-07
10.500	23.250	1.0000e-07
10.500	23.500	1.0000e-07
10.500	23.750	1.0000e-07
10.500	24.000	1.0000e-07
10.750	17.000	1.0000e-07
10.750	17.250	3.5391e-06
10.750	17.500	2.0905e-05
10.750	17.750	1.0263e-04
10.750	18.000	3.0165e-04
10.750	18.250	5.6099e-04
10.750	18.500	7.7663e-04
10.750	18.750	8.7984e-04
10.750	19.000	8.6469e-04
10.750	19.250	7.7778e-04
10.750	19.500	6.7193e-04
10.750	19.750	5.8930e-04
10.750	20.000	5.6914e-04
10.750	20.250	6.5893e-04
10.750	20.500	8.9959e-04
10.750	20.750	1.3481e-03
10.750	21.000	2.0604e-03
10.750	21.250	2.9928e-03
10.750	21.500	1.4890e-03
10.750	21.750	1.2263e-05
10.750	22.000	1.0000e-07
10.750	22.250	1.0000e-07
10.750	22.500	1.0000e-07
10.750	22.750	1.0000e-07
10.750	23.000	1.0000e-07
10.750	23.250	1.0000e-07
10.750	23.500	1.0000e-07
10.750	23.750	1.0000e-07
10.750	24.000	1.0000e-07
11.000	17.000	1.0000e-07
11.000	17.250	1.0000e-07
11.000	17.500	2.4691e-06
11.000	17.750	1.5638e-05
11.000	18.000	7.3909e-05
11.000	18.250	1.9844e-04
11.000	18.500	3.5309e-04
11.000	18.750	4.8173e-04
11.000	19.000	5.4519e-04
11.000	19.250	5.4494e-04
11.000	19.500	5.0058e-04
11.000	19.750	4.3597e-04
11.000	20.000	3.7605e-04
11.000	20.250	3.4971e-04
11.000	20.500	3.9317e-04
11.000	20.750	5.4519e-04
11.000	21.000	8.5753e-04
11.000	21.250	1.3267e-03
11.000	21.500	2.2605e-03
11.000	21.750	1.1770e-03
11.000	22.000	7.3251e-06
11.000	22.250	1.0000e-07
11.000	22.500	1.0000e-07
11.000	22.750	1.0000e-07
11.000	23.000	1.0000e-07
11.000	23.250	1.0000e-07
11.000	23.500	1.0000e-07
11.000	23.750	1.0000e-07
11.000	24.000	1.0000e-07
11.250	17.000	1.0000e-07
11.250	17.250	1.0000e-07
11.250	17.500	1.0000e-07
11.250	17.750	1.8107e-06
11.250	18.000	1.1440e-05
11.250	18.250	4.7654e-05
11.250	18.500	1.2000e-04
11.250	18.750	2.1078e-04
11.250	19.000	2.8691e-04
11.250	19.250	3.3021e-04
11.250	19.500	3.3901e-04
11.250	19.750	3.1745e-04
11.250	20.000	2.7778e-04
11.250	20.250	2.3588e-04
11.250	20.500	2.1078e-04
11.250	20.750	2.2831e-04
11.250	21.000	3.1934e-04
11.250	21.250	5.3128e-04
11.250	21.500	8.4000e-04
11.250	21.750	1.4275e-03
11.250	22.000	7.1276e-04
11.250	22.250	3.6214e-06
11.250	22.500	1.0000e-07
11.250	22.750	1.0000e-07
11.250	23.000	1.0000e-07
11.250	23.250	1.0000e-07
11.250	23.500	1.0000e-07
11.250	23.750	1.0000e-07
11.250	24.000	1.0000e-07
11.500	17.000	1.0000e-07
11.500	17.250	1.0000e-07
11.500	17.500	1.0000e-07
11.500	17.750	1.0000e-07
11.500	18.000	1.3169e-06
11.500	18.250	7.4897e-06
11.500	18.500	2.8395e-05
11.500	18.750	7.0288e-05
11.500	19.000	1.2420e-04
11.500	19.250	1.7111e-04
11.500	19.500	2.0123e-04
11.500	19.750	2.1226e-04
11.500	20.000	2.0263e-04
11.500	20.250	1.7778e-04
11.500	20.500	1.4872e-04
11.500	20.750	1.2790e-04
11.500	21.000	1.3317e-04
11.500	21.250	1.8658e-04
11.500	21.500	3.0033e-04
11.500	21.750	5.5901e-04
11.500	22.000	9.9893e-04
11.500	22.250	4.5506e-04
11.500	22.500	1.5638e-06
11.500	22.750	1.0000e-07
11.500	23.000	1.0000e-07
11.500	23.250	1.0000e-07
11.500	23.500	1.0000e-07
11.500	23.750	1.0000e-07
11.500	24.000	1.0000e-07
11.750	17.000	1.0000e-07
11.750	17.250	1.0000e-07
11.750	17.500	1.0000e-07
11.750	17.750	1.0000e-07
11.750	18.000	1.0000e-07
11.750	18.250	9.0535e-07
11.750	18.500	4.5267e-06
11.750	18.750	1.6543e-05
11.750	19.000	4.1399e-05
11.750	19.250	7.3992e-05
11.750	19.500	1.0296e-04
11.750	19.750	1.2461e-04
11.750	20.000	1.3531e-04
11.750	20.250	1.3095e-04
11.750	20.500	1.1523e-04
11.750	20.750	9.4979e-05
11.750	21.000	7.9095e-05
11.750	21.250	7.8601e-05
11.750	21.500	1.0107e-04
11.750	21.750	1.8667e-04
11.750	22.000	3.9218e-04
11.750	22.250	6.7374e-04
11.750	22.500	1.8444e-04
11.750	22.750	1.0000e-07
11.750	23.000	1.0000e-07
11.750	23.250	1.0000e-07
11.750	23.500	1.0000e-07
11.750	23.750	1.0000e-07
11.750	24.000	1.0000e-07
12.000	17.000	1.0000e-07
12.000	17.250	1.0000e-07
12.000	17.500	1.0000e-07
12.000	17.750	1.0000e-07
12.000	18.000	1.0000e-07
12.000	18.250	1.0000e-07
12.000	18.500	1.0000e-07
12.000	18.750	2.6337e-06
12.000	19.000	9.7942e-06
12.000	19.250	2.4856e-05
12.000	19.500	4.4774e-05
12.000	19.750	6.3539e-05
12.000	20.000	7.9259e-05
12.000	20.250	8.8148e-05
12.000	20.500	8.6091e-05
12.000	20.750	7.5391e-05
12.000	21.000	6.1317e-05
12.000	21.250	4.9218e-05
12.000	21.500	4.3951e-05
12.000	21.750	6.1481e-05
12.000	22.000	1.1778e-04
12.000	22.250	2.8329e-04
12.000	22.500	4.3761e-04
12.000	22.750	7.3663e-05
12.000	23.000	1.0000e-07
12.000	23.250	1.0000e-07
12.000	23.500	1.0000e-07
12.000	23.750	1.0000e-07
12.000	24.000	1.0000e-07
12.250	17.000	1.0000e-07
12.250	17.250	1.0000e-07
12.250	17.500	1.0000e-07
12.250	17.750	1.0000e-07
12.250	18.000	1.0000e-07
12.250	18.250	1.0000e-07
12.250	18.500	1.0000e-07
12.250	18.750	1.0000e-07
12.250	19.000	1.5638e-06
12.250	19.250	6.0082e-06
12.250	19.500	1.5391e-05
12.250	19.750	2.7901e-05
12.250	20.000	4.0494e-05
12.250	20.250	5.1852e-05
12.250	20.500	5.8189e-05
12.250	20.750	5.7119e-05
12.250	21.000	5.0206e-05
12.250	21.250	4.0165e-05
12.250	21.500	2.9712e-05
12.250	21.750	2.6996e-05
12.250	22.000	4.1235e-05
12.250	22.250	9.2593e-05
12.250	22.500	2.1951e-04
12.250	22.750	2.8642e-04
12.250	23.000	1.5802e-05
12.250	23.250	1.0000e-07
12.250	23.500	1.0000e-07
12.250	23.750	1.0000e-07
12.250	24.000	1.0000e-07
12.500	17.000	1.0000e-07
12.500	17.250	1.0000e-07
12.500	17.500	1.0000e-07
12.500	17.750	1.0000e-07
12.500	18.000	1.0000e-07
12.500	18.250	1.0000e-07
12.500	18.500	1.0000e-07
12.500	18.750	1.0000e-07
12.500	19.000	1.0000e-07
12.500	19.250	9.8765e-07
12.500	19.500	3.8683e-06
12.500	19.750	9.8765e-06
12.500	20.000	1.7860e-05
12.500	20.250	2.6502e-05
12.500	20.500	3.4403e-05
12.500	20.750	3.9012e-05
12.500	21.000	3.8765e-05
12.500	21.250	3.4156e-05
12.500	21.500	2.6091e-05
12.500	21.750	1.9012e-05
12.500	22.000	1.8765e-05
12.500	22.250	3.5062e-05
12.500	22.500	9.5802e-05
12.500	22.750	1.7646e-04
12.500	23.000	1.5868e-04
12.500	23.250	2.6337e-06
12.500	23.500	1.0000e-07
12.500	23.750	1.0000e-07
12.500	24.000	1.0000e-07
12.750	17.000	1.0000e-07
12.750	17.250	1.0000e-07
12.750	17.500	1.0000e-07
12.750	17.750	1.0000e-07
12.750	18.000	1.0000e-07
12.750	18.250	1.0000e-07
12.750	18.500	1.0000e-07
12.750	18.750	1.0000e-07
12.750	19.000	1.0000e-07
12.750	19.250	1.0000e-07
12.750	19.500	1.0000e-07
12.750	19.750	2.5514e-06
12.750	20.000	6.4198e-06
12.750	20.250	1.1770e-05
12.750	20.500	1.7613e-05
12.750	20.750	2.3128e-05
12.750	21.000	2.6749e-05
12.750	21.250	2.6667e-05
12.750	21.500	2.3210e-05
12.750	21.750	1.7778e-05
12.750	22.000	1.3498e-05
12.750	22.250	1.4979e-05
12.750	22.500	3.5802e-05
12.750	22.750	8.8807e-05
12.750	23.000	1.3819e-04
12.750	23.250	9.2181e-05
12.750	23.500	1.0000e-07
12.750	23.750	1.0000e-07
12.750	24.000	1.0000e-07
13.000	17.000	1.0000e-07
13.000	17.250	1.0000e-07
13.000	17.500	1.0000e-07
13.000	17.750	1.0000e-07
13.000	18.000	1.0000e-07
13.000	18.250	1.0000e-07
13.000	18.500	1.0000e-07
13.000	18.750	1.0000e-07
13.000	19.000	1.0000e-07
13.000	19.250	1.0000e-07
13.000	19.500	1.0000e-07
13.000	19.750	1.0000e-07
13.000	20.000	1.6461e-06
13.000	20.250	4.1152e-06
13.000	20.500	7.7366e-06
13.000	20.750	1.1934e-05
13.000	21.000	1.5885e-05
13.000	21.250	1.8354e-05
13.000	21.500	1.8519e-05
13.000	21.750	1.6214e-05
13.000	22.000	1.2510e-05
13.000	22.250	1.0288e-05
13.000	22.500	1.5062e-05
13.000	22.750	3.4650e-05
13.000	23.000	7.7119e-05
13.000	23.250	9.8354e-05
13.000	23.500	6.0741e-05
13.000	23.750	1.0000e-07
13.000	24.000	1.0000e-07
13.250	17.000	1.0000e-07
13.250	17.250	1.0000e-07
13.250	17.500	1.0000e-07
13.250	17.750	1.0000e-07
13.250	18.000	1.0000e-07
13.250	18.250	1.0000e-07
13.250	18.500	1.0000e-07
13.250	18.750	1.0000e-07
13.250	19.000	1.0000e-07
13.250	19.250	1.0000e-07
13.250	19.500	1.0000e-07
13.250	19.750	1.0000e-07
13.250	20.000	1.0000e-07
13.250	20.250	1.0700e-06
13.250	20.500	2.5514e-06
13.250	20.750	4.9383e-06
13.250	21.000	7.8189e-06
13.250	21.250	1.0453e-05
13.250	21.500	1.2263e-05
13.250	21.750	1.2510e-05
13.250	22.000	1.1523e-05
13.250	22.250	9.3004e-06
13.250	22.500	8.8066e-06
13.250	22.750	1.4239e-05
13.250	23.000	3.3169e-05
13.250	23.250	6.8477e-05
13.250	23.500	7.6790e-05
13.250	23.750	3.8025e-05
13.250	24.000	1.0000e-07
13.500	17.000	1.0000e-07
13.500	17.250	1.0000e-07
13.500	17.500	1.0000e-07
13.500	17.750	1.0000e-07
13.500	18.000	1.0000e-07
13.500	18.250	1.0000e-07
13.500	18.500	1.0000e-07
13.500	18.750	1.0000e-07
13.500	19.000	1.0000e-07
13.500	19.250	1.0000e-07
13.500	19.500	1.0000e-07
13.500	19.750	1.0000e-07
13.500	20.000	1.0000e-07
13.500	20.250	1.0000e-07
13.500	20.500	1.0000e-07
13.500	20.750	1.6461e-06
13.500	21.000	3.1276e-06
13.500	21.250	5.0206e-06
13.500	21.500	6.6667e-06
13.500	21.750	7.7366e-06
13.500	22.000	8.3951e-06
13.500	22.250	8.2305e-06
13.500	22.500	7.4897e-06
13.500	22.750	8.4774e-06
13.500	23.000	1.4568e-05
13.500	23.250	3.1770e-05
13.500	23.500	6.1811e-05
13.500	23.750	5.7778e-05
13.500	24.000	2.3539e-05
13.750	17.000	1.0000e-07
13.750	17.250	1.0000e-07
13.750	17.500	1.0000e-07
13.750	17.750	1.0000e-07
13.750	18.000	1.0000e-07
13.750	18.250	1.0000e-07
13.750	18.500	1.0000e-07
13.750	18.750	1.0000e-07
13.750	19.000	1.0000e-07
13.750	19.250	1.0000e-07
13.750	19.500	1.0000e-07
13.750	19.750	1.0000e-07
13.750	20.000	1.0000e-07
13.750	20.250	1.0000e-07
13.750	20.500	1.0000e-07
13.750	20.750	1.0000e-07
13.750	21.000	1.1523e-06
13.750	21.250	2.0576e-06
13.750	21.500	3.1276e-06
13.750	21.750	4.2798e-06
13.750	22.000	5.1029e-06
13.750	22.250	5.8436e-06
13.750	22.500	6.2551e-06
13.750	22.750	6.6667e-06
13.750	23.000	8.7243e-06
13.750	23.250	1.6132e-05
13.750	23.500	3.2346e-05
13.750	23.750	5.5802e-05
13.750	24.000	4.1893e-05
14.000	17.000	1.0000e-07
14.000	17.250	1.0000e-07
14.000	17.500	1.0000e-07
14.000	17.750	1.0000e-07
14.000	18.000	1.0000e-07
14.000	18.250	1.0000e-07
14.000	18.500	1.0000e-07
14.000	18.750	1.0000e-07
14.000	19.000	1.0000e-07
14.000	19.250	1.0000e-07
14.000	19.500	1.0000e-07
14.000	19.750	1.0000e-07
14.000	20.000	1.0000e-07
14.000	20.250	1.0000e-07
14.000	20.500	1.0000e-07
14.000	20.750	1.0000e-07
14.000	21.000	1.0000e-07
14.000	21.250	1.0000e-07
14.000	21.500	1.3992e-06
14.000	21.750	2.1399e-06
14.000	22.000	2.8807e-06
14.000	22.250	3.6214e-06
14.000	22.500	4.3621e-06
14.000	22.750	5.1852e-06
14.000	23.000	6.4198e-06
14.000	23.250	9.3827e-06
14.000	23.500	1.6790e-05
14.000	23.750	3.0700e-05
14.000	24.000	4.3292e-05
