Fe 3 1125.79A  relative to Inci 1215.00A scaled to 1215A.
Hden   Phi(H)  Eq_Width (A)
 7.000	17.000	1.0000e-07
 7.000	17.250	1.0000e-07
 7.000	17.500	1.0000e-07
 7.000	17.750	1.0000e-07
 7.000	18.000	1.0000e-07
 7.000	18.250	1.0000e-07
 7.000	18.500	1.0000e-07
 7.000	18.750	1.0000e-07
 7.000	19.000	1.0000e-07
 7.000	19.250	1.0000e-07
 7.000	19.500	1.0000e-07
 7.000	19.750	1.0000e-07
 7.000	20.000	1.0000e-07
 7.000	20.250	1.0000e-07
 7.000	20.500	1.0000e-07
 7.000	20.750	1.0000e-07
 7.000	21.000	1.0000e-07
 7.000	21.250	1.0000e-07
 7.000	21.500	1.0000e-07
 7.000	21.750	1.0000e-07
 7.000	22.000	1.0000e-07
 7.000	22.250	1.0000e-07
 7.000	22.500	1.0000e-07
 7.000	22.750	1.0000e-07
 7.000	23.000	1.0000e-07
 7.000	23.250	1.0000e-07
 7.000	23.500	1.0000e-07
 7.000	23.750	1.0000e-07
 7.000	24.000	1.0000e-07
 7.250	17.000	1.0000e-07
 7.250	17.250	1.0000e-07
 7.250	17.500	1.0000e-07
 7.250	17.750	1.0000e-07
 7.250	18.000	1.0000e-07
 7.250	18.250	1.0000e-07
 7.250	18.500	1.0000e-07
 7.250	18.750	1.0000e-07
 7.250	19.000	1.0000e-07
 7.250	19.250	1.0000e-07
 7.250	19.500	1.0000e-07
 7.250	19.750	1.0000e-07
 7.250	20.000	1.0000e-07
 7.250	20.250	1.0000e-07
 7.250	20.500	1.0000e-07
 7.250	20.750	1.0000e-07
 7.250	21.000	1.0000e-07
 7.250	21.250	1.0000e-07
 7.250	21.500	1.0000e-07
 7.250	21.750	1.0000e-07
 7.250	22.000	1.0000e-07
 7.250	22.250	1.0000e-07
 7.250	22.500	1.0000e-07
 7.250	22.750	1.0000e-07
 7.250	23.000	1.0000e-07
 7.250	23.250	1.0000e-07
 7.250	23.500	1.0000e-07
 7.250	23.750	1.0000e-07
 7.250	24.000	1.0000e-07
 7.500	17.000	1.9918e-05
 7.500	17.250	1.0000e-07
 7.500	17.500	1.0000e-07
 7.500	17.750	1.0000e-07
 7.500	18.000	1.0000e-07
 7.500	18.250	1.0000e-07
 7.500	18.500	1.0000e-07
 7.500	18.750	1.0000e-07
 7.500	19.000	1.0000e-07
 7.500	19.250	1.0000e-07
 7.500	19.500	1.0000e-07
 7.500	19.750	1.0000e-07
 7.500	20.000	1.0000e-07
 7.500	20.250	1.0000e-07
 7.500	20.500	1.0000e-07
 7.500	20.750	1.0000e-07
 7.500	21.000	1.0000e-07
 7.500	21.250	1.0000e-07
 7.500	21.500	1.0000e-07
 7.500	21.750	1.0000e-07
 7.500	22.000	1.0000e-07
 7.500	22.250	1.0000e-07
 7.500	22.500	1.0000e-07
 7.500	22.750	1.0000e-07
 7.500	23.000	1.0000e-07
 7.500	23.250	1.0000e-07
 7.500	23.500	1.0000e-07
 7.500	23.750	1.0000e-07
 7.500	24.000	1.0000e-07
 7.750	17.000	5.5885e-05
 7.750	17.250	1.9671e-05
 7.750	17.500	1.0000e-07
 7.750	17.750	1.0000e-07
 7.750	18.000	1.0000e-07
 7.750	18.250	1.0000e-07
 7.750	18.500	1.0000e-07
 7.750	18.750	1.0000e-07
 7.750	19.000	1.0000e-07
 7.750	19.250	1.0000e-07
 7.750	19.500	1.0000e-07
 7.750	19.750	1.0000e-07
 7.750	20.000	1.0000e-07
 7.750	20.250	1.0000e-07
 7.750	20.500	1.0000e-07
 7.750	20.750	1.0000e-07
 7.750	21.000	1.0000e-07
 7.750	21.250	1.0000e-07
 7.750	21.500	1.0000e-07
 7.750	21.750	1.0000e-07
 7.750	22.000	1.0000e-07
 7.750	22.250	1.0000e-07
 7.750	22.500	1.0000e-07
 7.750	22.750	1.0000e-07
 7.750	23.000	1.0000e-07
 7.750	23.250	1.0000e-07
 7.750	23.500	1.0000e-07
 7.750	23.750	1.0000e-07
 7.750	24.000	1.0000e-07
 8.000	17.000	7.1687e-05
 8.000	17.250	5.6708e-05
 8.000	17.500	1.9671e-05
 8.000	17.750	1.0000e-07
 8.000	18.000	1.0000e-07
 8.000	18.250	1.0000e-07
 8.000	18.500	1.0000e-07
 8.000	18.750	1.0000e-07
 8.000	19.000	1.0000e-07
 8.000	19.250	1.0000e-07
 8.000	19.500	1.0000e-07
 8.000	19.750	1.0000e-07
 8.000	20.000	1.0000e-07
 8.000	20.250	1.0000e-07
 8.000	20.500	1.0000e-07
 8.000	20.750	1.0000e-07
 8.000	21.000	1.0000e-07
 8.000	21.250	1.0000e-07
 8.000	21.500	1.0000e-07
 8.000	21.750	1.0000e-07
 8.000	22.000	1.0000e-07
 8.000	22.250	1.0000e-07
 8.000	22.500	1.0000e-07
 8.000	22.750	1.0000e-07
 8.000	23.000	1.0000e-07
 8.000	23.250	1.0000e-07
 8.000	23.500	1.0000e-07
 8.000	23.750	1.0000e-07
 8.000	24.000	1.0000e-07
 8.250	17.000	8.5514e-05
 8.250	17.250	7.2346e-05
 8.250	17.500	5.7037e-05
 8.250	17.750	1.9506e-05
 8.250	18.000	1.0000e-07
 8.250	18.250	1.0000e-07
 8.250	18.500	1.0000e-07
 8.250	18.750	1.0000e-07
 8.250	19.000	1.0000e-07
 8.250	19.250	1.0000e-07
 8.250	19.500	1.0000e-07
 8.250	19.750	1.0000e-07
 8.250	20.000	1.0000e-07
 8.250	20.250	1.0000e-07
 8.250	20.500	1.0000e-07
 8.250	20.750	1.0000e-07
 8.250	21.000	1.0000e-07
 8.250	21.250	1.0000e-07
 8.250	21.500	1.0000e-07
 8.250	21.750	1.0000e-07
 8.250	22.000	1.0000e-07
 8.250	22.250	1.0000e-07
 8.250	22.500	1.0000e-07
 8.250	22.750	1.0000e-07
 8.250	23.000	1.0000e-07
 8.250	23.250	1.0000e-07
 8.250	23.500	1.0000e-07
 8.250	23.750	1.0000e-07
 8.250	24.000	1.0000e-07
 8.500	17.000	1.0436e-04
 8.500	17.250	8.6337e-05
 8.500	17.500	7.2922e-05
 8.500	17.750	5.7284e-05
 8.500	18.000	1.9342e-05
 8.500	18.250	1.0000e-07
 8.500	18.500	1.0000e-07
 8.500	18.750	1.0000e-07
 8.500	19.000	1.0000e-07
 8.500	19.250	1.0000e-07
 8.500	19.500	1.0000e-07
 8.500	19.750	1.0000e-07
 8.500	20.000	1.0000e-07
 8.500	20.250	1.0000e-07
 8.500	20.500	1.0000e-07
 8.500	20.750	1.0000e-07
 8.500	21.000	1.0000e-07
 8.500	21.250	1.0000e-07
 8.500	21.500	1.0000e-07
 8.500	21.750	1.0000e-07
 8.500	22.000	1.0000e-07
 8.500	22.250	1.0000e-07
 8.500	22.500	1.0000e-07
 8.500	22.750	1.0000e-07
 8.500	23.000	1.0000e-07
 8.500	23.250	1.0000e-07
 8.500	23.500	1.0000e-07
 8.500	23.750	1.0000e-07
 8.500	24.000	1.0000e-07
 8.750	17.000	1.3193e-04
 8.750	17.250	1.0560e-04
 8.750	17.500	8.7160e-05
 8.750	17.750	7.3251e-05
 8.750	18.000	5.7366e-05
 8.750	18.250	1.9259e-05
 8.750	18.500	1.0000e-07
 8.750	18.750	1.0000e-07
 8.750	19.000	1.0000e-07
 8.750	19.250	1.0000e-07
 8.750	19.500	1.0000e-07
 8.750	19.750	1.0000e-07
 8.750	20.000	1.0000e-07
 8.750	20.250	1.0000e-07
 8.750	20.500	1.0000e-07
 8.750	20.750	1.0000e-07
 8.750	21.000	1.0000e-07
 8.750	21.250	1.0000e-07
 8.750	21.500	1.0000e-07
 8.750	21.750	1.0000e-07
 8.750	22.000	1.0000e-07
 8.750	22.250	1.0000e-07
 8.750	22.500	1.0000e-07
 8.750	22.750	1.0000e-07
 8.750	23.000	1.0000e-07
 8.750	23.250	1.0000e-07
 8.750	23.500	1.0000e-07
 8.750	23.750	1.0000e-07
 8.750	24.000	1.0000e-07
 9.000	17.000	1.7152e-04
 9.000	17.250	1.3399e-04
 9.000	17.500	1.0683e-04
 9.000	17.750	8.7984e-05
 9.000	18.000	7.3663e-05
 9.000	18.250	5.6955e-05
 9.000	18.500	1.9259e-05
 9.000	18.750	1.0000e-07
 9.000	19.000	1.0000e-07
 9.000	19.250	1.0000e-07
 9.000	19.500	1.0000e-07
 9.000	19.750	1.0000e-07
 9.000	20.000	1.0000e-07
 9.000	20.250	1.0000e-07
 9.000	20.500	1.0000e-07
 9.000	20.750	1.0000e-07
 9.000	21.000	1.0000e-07
 9.000	21.250	1.0000e-07
 9.000	21.500	1.0000e-07
 9.000	21.750	1.0000e-07
 9.000	22.000	1.0000e-07
 9.000	22.250	1.0000e-07
 9.000	22.500	1.0000e-07
 9.000	22.750	1.0000e-07
 9.000	23.000	1.0000e-07
 9.000	23.250	1.0000e-07
 9.000	23.500	1.0000e-07
 9.000	23.750	1.0000e-07
 9.000	24.000	1.0000e-07
 9.250	17.000	2.2412e-04
 9.250	17.250	1.7539e-04
 9.250	17.500	1.3621e-04
 9.250	17.750	1.0798e-04
 9.250	18.000	8.8313e-05
 9.250	18.250	7.3004e-05
 9.250	18.500	5.5556e-05
 9.250	18.750	1.9259e-05
 9.250	19.000	1.0000e-07
 9.250	19.250	1.0000e-07
 9.250	19.500	1.0000e-07
 9.250	19.750	1.0000e-07
 9.250	20.000	1.0000e-07
 9.250	20.250	1.0000e-07
 9.250	20.500	1.0000e-07
 9.250	20.750	1.0000e-07
 9.250	21.000	1.0000e-07
 9.250	21.250	1.0000e-07
 9.250	21.500	1.0000e-07
 9.250	21.750	1.0000e-07
 9.250	22.000	1.0000e-07
 9.250	22.250	1.0000e-07
 9.250	22.500	1.0000e-07
 9.250	22.750	1.0000e-07
 9.250	23.000	1.0000e-07
 9.250	23.250	1.0000e-07
 9.250	23.500	1.0000e-07
 9.250	23.750	1.0000e-07
 9.250	24.000	1.0000e-07
 9.500	17.000	2.7630e-04
 9.500	17.250	2.3103e-04
 9.500	17.500	1.7942e-04
 9.500	17.750	1.3794e-04
 9.500	18.000	1.0807e-04
 9.500	18.250	8.6337e-05
 9.500	18.500	6.8642e-05
 9.500	18.750	4.3210e-05
 9.500	19.000	1.9342e-05
 9.500	19.250	1.0000e-07
 9.500	19.500	1.0000e-07
 9.500	19.750	1.0000e-07
 9.500	20.000	1.0000e-07
 9.500	20.250	1.0000e-07
 9.500	20.500	1.0000e-07
 9.500	20.750	1.0000e-07
 9.500	21.000	1.0000e-07
 9.500	21.250	1.0000e-07
 9.500	21.500	1.0000e-07
 9.500	21.750	1.0000e-07
 9.500	22.000	1.0000e-07
 9.500	22.250	1.0000e-07
 9.500	22.500	1.0000e-07
 9.500	22.750	1.0000e-07
 9.500	23.000	1.0000e-07
 9.500	23.250	1.0000e-07
 9.500	23.500	1.0000e-07
 9.500	23.750	1.0000e-07
 9.500	24.000	1.0000e-07
 9.750	17.000	2.8173e-04
 9.750	17.250	2.8568e-04
 9.750	17.500	2.3745e-04
 9.750	17.750	1.8206e-04
 9.750	18.000	1.3704e-04
 9.750	18.250	1.0239e-04
 9.750	18.500	7.8272e-05
 9.750	18.750	6.1481e-05
 9.750	19.000	3.3745e-05
 9.750	19.250	1.9506e-05
 9.750	19.500	1.0000e-07
 9.750	19.750	1.0000e-07
 9.750	20.000	1.0000e-07
 9.750	20.250	1.0000e-07
 9.750	20.500	1.0000e-07
 9.750	20.750	1.0000e-07
 9.750	21.000	1.0000e-07
 9.750	21.250	1.0000e-07
 9.750	21.500	1.0000e-07
 9.750	21.750	1.0000e-07
 9.750	22.000	1.0000e-07
 9.750	22.250	1.0000e-07
 9.750	22.500	1.0000e-07
 9.750	22.750	1.0000e-07
 9.750	23.000	1.0000e-07
 9.750	23.250	1.0000e-07
 9.750	23.500	1.0000e-07
 9.750	23.750	1.0000e-07
 9.750	24.000	1.0000e-07
10.000	17.000	1.9704e-04
10.000	17.250	2.9004e-04
10.000	17.500	2.9391e-04
10.000	17.750	2.4074e-04
10.000	18.000	1.7835e-04
10.000	18.250	1.2403e-04
10.000	18.500	8.8313e-05
10.000	18.750	6.8971e-05
10.000	19.000	5.6955e-05
10.000	19.250	3.0782e-05
10.000	19.500	1.9671e-05
10.000	19.750	1.0000e-07
10.000	20.000	1.0000e-07
10.000	20.250	1.0000e-07
10.000	20.500	1.0000e-07
10.000	20.750	1.0000e-07
10.000	21.000	1.0000e-07
10.000	21.250	1.0000e-07
10.000	21.500	1.0000e-07
10.000	21.750	1.0000e-07
10.000	22.000	1.0000e-07
10.000	22.250	1.0000e-07
10.000	22.500	1.0000e-07
10.000	22.750	1.0000e-07
10.000	23.000	1.0000e-07
10.000	23.250	1.0000e-07
10.000	23.500	1.0000e-07
10.000	23.750	1.0000e-07
10.000	24.000	1.0000e-07
10.250	17.000	9.7202e-05
10.250	17.250	2.0099e-04
10.250	17.500	2.9761e-04
10.250	17.750	2.9761e-04
10.250	18.000	2.3177e-04
10.250	18.250	1.5457e-04
10.250	18.500	1.0387e-04
10.250	18.750	7.8272e-05
10.250	19.000	6.5103e-05
10.250	19.250	5.4403e-05
10.250	19.500	3.0041e-05
10.250	19.750	1.9918e-05
10.250	20.000	1.0000e-07
10.250	20.250	1.0000e-07
10.250	20.500	1.0000e-07
10.250	20.750	1.0000e-07
10.250	21.000	1.0000e-07
10.250	21.250	1.0000e-07
10.250	21.500	1.0000e-07
10.250	21.750	1.0000e-07
10.250	22.000	1.0000e-07
10.250	22.250	1.0000e-07
10.250	22.500	1.0000e-07
10.250	22.750	1.0000e-07
10.250	23.000	1.0000e-07
10.250	23.250	1.0000e-07
10.250	23.500	1.0000e-07
10.250	23.750	1.0000e-07
10.250	24.000	1.0000e-07
10.500	17.000	4.5926e-05
10.500	17.250	9.8519e-05
10.500	17.500	2.0675e-04
10.500	17.750	3.0156e-04
10.500	18.000	2.8305e-04
10.500	18.250	1.9794e-04
10.500	18.500	1.2996e-04
10.500	18.750	9.4568e-05
10.500	19.000	7.8601e-05
10.500	19.250	7.1852e-05
10.500	19.500	5.1605e-05
10.500	19.750	3.0370e-05
10.500	20.000	2.0247e-05
10.500	20.250	1.0000e-07
10.500	20.500	1.0000e-07
10.500	20.750	1.0000e-07
10.500	21.000	1.0000e-07
10.500	21.250	1.0000e-07
10.500	21.500	1.0000e-07
10.500	21.750	1.0000e-07
10.500	22.000	1.0000e-07
10.500	22.250	1.0000e-07
10.500	22.500	1.0000e-07
10.500	22.750	1.0000e-07
10.500	23.000	1.0000e-07
10.500	23.250	1.0000e-07
10.500	23.500	1.0000e-07
10.500	23.750	1.0000e-07
10.500	24.000	1.0000e-07
10.750	17.000	2.6667e-05
10.750	17.250	4.6502e-05
10.750	17.500	1.0165e-04
10.750	17.750	2.1218e-04
10.750	18.000	2.8667e-04
10.750	18.250	2.4403e-04
10.750	18.500	1.6831e-04
10.750	18.750	1.1877e-04
10.750	19.000	9.4239e-05
10.750	19.250	8.3621e-05
10.750	19.500	7.9012e-05
10.750	19.750	4.3539e-05
10.750	20.000	3.1111e-05
10.750	20.250	2.0741e-05
10.750	20.500	1.0000e-07
10.750	20.750	1.0000e-07
10.750	21.000	1.0000e-07
10.750	21.250	1.0000e-07
10.750	21.500	1.0000e-07
10.750	21.750	1.0000e-07
10.750	22.000	1.0000e-07
10.750	22.250	1.0000e-07
10.750	22.500	1.0000e-07
10.750	22.750	1.0000e-07
10.750	23.000	1.0000e-07
10.750	23.250	1.0000e-07
10.750	23.500	1.0000e-07
10.750	23.750	1.0000e-07
10.750	24.000	1.0000e-07
11.000	17.000	1.8683e-05
11.000	17.250	2.7160e-05
11.000	17.500	4.8148e-05
11.000	17.750	1.0527e-04
11.000	18.000	2.0370e-04
11.000	18.250	2.5202e-04
11.000	18.500	2.1111e-04
11.000	18.750	1.5251e-04
11.000	19.000	1.1490e-04
11.000	19.250	9.6214e-05
11.000	19.500	8.9053e-05
11.000	19.750	8.7737e-05
11.000	20.000	4.5185e-05
11.000	20.250	3.3004e-05
11.000	20.500	2.1317e-05
11.000	20.750	1.0000e-07
11.000	21.000	1.0000e-07
11.000	21.250	1.0000e-07
11.000	21.500	1.0000e-07
11.000	21.750	1.0000e-07
11.000	22.000	1.0000e-07
11.000	22.250	1.0000e-07
11.000	22.500	1.0000e-07
11.000	22.750	1.0000e-07
11.000	23.000	1.0000e-07
11.000	23.250	1.0000e-07
11.000	23.500	1.0000e-07
11.000	23.750	1.0000e-07
11.000	24.000	1.0000e-07
11.250	17.000	1.4321e-05
11.250	17.250	1.9177e-05
11.250	17.500	2.8230e-05
11.250	17.750	5.0123e-05
11.250	18.000	1.0280e-04
11.250	18.250	1.8288e-04
11.250	18.500	2.2189e-04
11.250	18.750	1.9193e-04
11.250	19.000	1.4527e-04
11.250	19.250	1.1457e-04
11.250	19.500	9.9342e-05
11.250	19.750	9.4239e-05
11.250	20.000	8.9383e-05
11.250	20.250	4.6502e-05
11.250	20.500	3.4156e-05
11.250	20.750	2.1728e-05
11.250	21.000	1.0000e-07
11.250	21.250	1.0000e-07
11.250	21.500	1.0000e-07
11.250	21.750	1.0000e-07
11.250	22.000	1.0000e-07
11.250	22.250	1.0000e-07
11.250	22.500	1.0000e-07
11.250	22.750	1.0000e-07
11.250	23.000	1.0000e-07
11.250	23.250	1.0000e-07
11.250	23.500	1.0000e-07
11.250	23.750	1.0000e-07
11.250	24.000	1.0000e-07
11.500	17.000	1.0947e-05
11.500	17.250	1.4815e-05
11.500	17.500	2.0000e-05
11.500	17.750	2.9383e-05
11.500	18.000	5.0041e-05
11.500	18.250	9.4733e-05
11.500	18.500	1.6346e-04
11.500	18.750	2.0280e-04
11.500	19.000	1.8272e-04
11.500	19.250	1.4436e-04
11.500	19.500	1.1811e-04
11.500	19.750	1.0486e-04
11.500	20.000	1.0008e-04
11.500	20.250	8.2798e-05
11.500	20.500	5.0288e-05
11.500	20.750	3.6461e-05
11.500	21.000	2.1893e-05
11.500	21.250	1.0000e-07
11.500	21.500	1.0000e-07
11.500	21.750	1.0000e-07
11.500	22.000	1.0000e-07
11.500	22.250	1.0000e-07
11.500	22.500	1.0000e-07
11.500	22.750	1.0000e-07
11.500	23.000	1.0000e-07
11.500	23.250	1.0000e-07
11.500	23.500	1.0000e-07
11.500	23.750	1.0000e-07
11.500	24.000	1.0000e-07
11.750	17.000	8.0658e-06
11.750	17.250	1.1523e-05
11.750	17.500	1.5473e-05
11.750	17.750	2.0905e-05
11.750	18.000	3.0041e-05
11.750	18.250	4.8148e-05
11.750	18.500	8.6584e-05
11.750	18.750	1.5037e-04
11.750	19.000	1.9432e-04
11.750	19.250	1.8296e-04
11.750	19.500	1.5053e-04
11.750	19.750	1.2700e-04
11.750	20.000	1.1325e-04
11.750	20.250	1.0609e-04
11.750	20.500	8.1317e-05
11.750	20.750	5.4568e-05
11.750	21.000	3.8848e-05
11.750	21.250	2.0905e-05
11.750	21.500	1.0000e-07
11.750	21.750	1.0000e-07
11.750	22.000	1.0000e-07
11.750	22.250	1.0000e-07
11.750	22.500	1.0000e-07
11.750	22.750	1.0000e-07
11.750	23.000	1.0000e-07
11.750	23.250	1.0000e-07
11.750	23.500	1.0000e-07
11.750	23.750	1.0000e-07
11.750	24.000	1.0000e-07
12.000	17.000	5.5144e-06
12.000	17.250	8.5597e-06
12.000	17.500	1.2099e-05
12.000	17.750	1.6214e-05
12.000	18.000	2.1728e-05
12.000	18.250	3.0288e-05
12.000	18.500	4.6173e-05
12.000	18.750	8.0988e-05
12.000	19.000	1.4486e-04
12.000	19.250	1.9671e-04
12.000	19.500	1.9342e-04
12.000	19.750	1.6535e-04
12.000	20.000	1.4222e-04
12.000	20.250	1.2510e-04
12.000	20.500	1.1284e-04
12.000	20.750	8.3292e-05
12.000	21.000	5.9671e-05
12.000	21.250	4.1070e-05
12.000	21.500	1.6708e-05
12.000	21.750	1.0000e-07
12.000	22.000	1.0000e-07
12.000	22.250	1.0000e-07
12.000	22.500	1.0000e-07
12.000	22.750	1.0000e-07
12.000	23.000	1.0000e-07
12.000	23.250	1.0000e-07
12.000	23.500	1.0000e-07
12.000	23.750	1.0000e-07
12.000	24.000	1.0000e-07
12.250	17.000	3.4568e-06
12.250	17.250	5.8436e-06
12.250	17.500	8.9712e-06
12.250	17.750	1.2593e-05
12.250	18.000	1.6955e-05
12.250	18.250	2.2551e-05
12.250	18.500	3.0700e-05
12.250	18.750	4.5350e-05
12.250	19.000	7.9424e-05
12.250	19.250	1.4922e-04
12.250	19.500	2.1218e-04
12.250	19.750	2.1663e-04
12.250	20.000	1.9185e-04
12.250	20.250	1.6667e-04
12.250	20.500	1.4296e-04
12.250	20.750	1.2288e-04
12.250	21.000	9.1687e-05
12.250	21.250	6.6255e-05
12.250	21.500	4.2634e-05
12.250	21.750	6.3374e-06
12.250	22.000	1.0000e-07
12.250	22.250	1.0000e-07
12.250	22.500	1.0000e-07
12.250	22.750	1.0000e-07
12.250	23.000	1.0000e-07
12.250	23.250	1.0000e-07
12.250	23.500	1.0000e-07
12.250	23.750	1.0000e-07
12.250	24.000	1.0000e-07
12.500	17.000	1.9753e-06
12.500	17.250	3.5391e-06
12.500	17.500	5.9259e-06
12.500	17.750	9.3004e-06
12.500	18.000	1.3251e-05
12.500	18.250	1.7860e-05
12.500	18.500	2.3621e-05
12.500	18.750	3.1852e-05
12.500	19.000	4.6667e-05
12.500	19.250	8.4280e-05
12.500	19.500	1.6658e-04
12.500	19.750	2.4543e-04
12.500	20.000	2.5827e-04
12.500	20.250	2.3498e-04
12.500	20.500	2.0403e-04
12.500	20.750	1.7012e-04
12.500	21.000	1.3918e-04
12.500	21.250	1.0395e-04
12.500	21.500	7.3663e-05
12.500	21.750	4.3374e-05
12.500	22.000	1.0000e-07
12.500	22.250	1.0000e-07
12.500	22.500	1.0000e-07
12.500	22.750	1.0000e-07
12.500	23.000	1.0000e-07
12.500	23.250	1.0000e-07
12.500	23.500	1.0000e-07
12.500	23.750	1.0000e-07
12.500	24.000	1.0000e-07
12.750	17.000	9.8765e-07
12.750	17.250	1.8930e-06
12.750	17.500	3.6214e-06
12.750	17.750	6.4198e-06
12.750	18.000	1.0123e-05
12.750	18.250	1.4239e-05
12.750	18.500	1.9095e-05
12.750	18.750	2.5432e-05
12.750	19.000	3.4568e-05
12.750	19.250	5.1440e-05
12.750	19.500	9.6955e-05
12.750	19.750	1.9942e-04
12.750	20.000	2.9959e-04
12.750	20.250	3.2305e-04
12.750	20.500	2.9951e-04
12.750	20.750	2.5786e-04
12.750	21.000	2.1160e-04
12.750	21.250	1.6593e-04
12.750	21.500	1.2230e-04
12.750	21.750	8.5432e-05
12.750	22.000	4.3374e-05
12.750	22.250	1.0000e-07
12.750	22.500	1.0000e-07
12.750	22.750	1.0000e-07
12.750	23.000	1.0000e-07
12.750	23.250	1.0000e-07
12.750	23.500	1.0000e-07
12.750	23.750	1.0000e-07
12.750	24.000	1.0000e-07
13.000	17.000	1.0000e-07
13.000	17.250	1.0700e-06
13.000	17.500	2.1399e-06
13.000	17.750	4.1152e-06
13.000	18.000	7.2428e-06
13.000	18.250	1.1111e-05
13.000	18.500	1.5473e-05
13.000	18.750	2.0905e-05
13.000	19.000	2.8560e-05
13.000	19.250	4.0082e-05
13.000	19.500	6.0741e-05
13.000	19.750	1.1621e-04
13.000	20.000	2.4132e-04
13.000	20.250	3.7070e-04
13.000	20.500	4.1284e-04
13.000	20.750	3.9045e-04
13.000	21.000	3.3556e-04
13.000	21.250	2.7292e-04
13.000	21.500	2.0519e-04
13.000	21.750	1.5407e-04
13.000	22.000	1.0058e-04
13.000	22.250	4.3128e-05
13.000	22.500	1.0000e-07
13.000	22.750	1.0000e-07
13.000	23.000	1.0000e-07
13.000	23.250	1.0000e-07
13.000	23.500	1.0000e-07
13.000	23.750	1.0000e-07
13.000	24.000	1.0000e-07
13.250	17.000	1.0000e-07
13.250	17.250	1.0000e-07
13.250	17.500	1.3169e-06
13.250	17.750	2.6337e-06
13.250	18.000	4.9383e-06
13.250	18.250	8.3128e-06
13.250	18.500	1.2346e-05
13.250	18.750	1.7202e-05
13.250	19.000	2.3951e-05
13.250	19.250	3.4403e-05
13.250	19.500	4.9959e-05
13.250	19.750	7.6132e-05
13.250	20.000	1.3844e-04
13.250	20.250	2.7712e-04
13.250	20.500	4.4461e-04
13.250	20.750	5.1934e-04
13.250	21.000	5.0420e-04
13.250	21.250	4.4016e-04
13.250	21.500	3.4667e-04
13.250	21.750	2.5095e-04
13.250	22.000	1.8848e-04
13.250	22.250	1.2041e-04
13.250	22.500	4.6337e-05
13.250	22.750	1.0000e-07
13.250	23.000	1.0000e-07
13.250	23.250	1.0000e-07
13.250	23.500	1.0000e-07
13.250	23.750	1.0000e-07
13.250	24.000	1.0000e-07
13.500	17.000	1.0000e-07
13.500	17.250	1.0000e-07
13.500	17.500	1.0000e-07
13.500	17.750	1.5638e-06
13.500	18.000	3.2099e-06
13.500	18.250	5.8436e-06
13.500	18.500	9.4650e-06
13.500	18.750	1.3827e-05
13.500	19.000	1.9835e-05
13.500	19.250	2.9383e-05
13.500	19.500	4.4938e-05
13.500	19.750	6.7243e-05
13.500	20.000	9.8765e-05
13.500	20.250	1.6222e-04
13.500	20.500	3.0230e-04
13.500	20.750	4.9086e-04
13.500	21.000	5.9045e-04
13.500	21.250	5.9712e-04
13.500	21.500	5.0708e-04
13.500	21.750	4.0082e-04
13.500	22.000	3.0058e-04
13.500	22.250	2.1942e-04
13.500	22.500	1.4691e-04
13.500	22.750	5.5062e-05
13.500	23.000	1.0000e-07
13.500	23.250	1.0000e-07
13.500	23.500	1.0000e-07
13.500	23.750	1.0000e-07
13.500	24.000	1.0000e-07
13.750	17.000	1.0000e-07
13.750	17.250	1.0000e-07
13.750	17.500	1.0000e-07
13.750	17.750	9.8765e-07
13.750	18.000	1.9753e-06
13.750	18.250	3.8683e-06
13.750	18.500	6.8313e-06
13.750	18.750	1.0782e-05
13.750	19.000	1.6049e-05
13.750	19.250	2.4527e-05
13.750	19.500	3.9506e-05
13.750	19.750	6.3128e-05
13.750	20.000	9.3333e-05
13.750	20.250	1.3012e-04
13.750	20.500	1.9119e-04
13.750	20.750	3.1770e-04
13.750	21.000	5.0930e-04
13.750	21.250	6.3844e-04
13.750	21.500	6.4790e-04
13.750	21.750	5.7004e-04
13.750	22.000	4.5342e-04
13.750	22.250	3.6321e-04
13.750	22.500	2.7564e-04
13.750	22.750	1.8041e-04
13.750	23.000	6.3621e-05
13.750	23.250	1.0000e-07
13.750	23.500	1.0000e-07
13.750	23.750	1.0000e-07
13.750	24.000	1.0000e-07
14.000	17.000	1.0000e-07
14.000	17.250	1.0000e-07
14.000	17.500	1.0000e-07
14.000	17.750	1.0000e-07
14.000	18.000	1.1523e-06
14.000	18.250	2.3868e-06
14.000	18.500	4.6091e-06
14.000	18.750	7.9012e-06
14.000	19.000	1.2593e-05
14.000	19.250	2.0000e-05
14.000	19.500	3.3416e-05
14.000	19.750	5.7202e-05
14.000	20.000	9.0782e-05
14.000	20.250	1.2724e-04
14.000	20.500	1.6568e-04
14.000	20.750	2.2173e-04
14.000	21.000	3.3391e-04
14.000	21.250	5.2453e-04
14.000	21.500	6.7811e-04
14.000	21.750	6.9868e-04
14.000	22.000	6.1737e-04
14.000	22.250	5.1144e-04
14.000	22.500	4.2239e-04
14.000	22.750	3.1424e-04
14.000	23.000	2.1037e-04
14.000	23.250	6.7078e-05
14.000	23.500	1.0000e-07
14.000	23.750	1.0000e-07
14.000	24.000	1.0000e-07
