TOTL 1397.00A  relative to Inci 1215.00A scaled to 1215A.
Hden   Phi(H)  Eq_Width (A)
 7.000	17.000	4.8560e-06
 7.000	17.250	1.0000e-07
 7.000	17.500	1.0000e-07
 7.000	17.750	1.0000e-07
 7.000	18.000	1.0000e-07
 7.000	18.250	1.0000e-07
 7.000	18.500	1.0000e-07
 7.000	18.750	1.0000e-07
 7.000	19.000	1.0000e-07
 7.000	19.250	1.0000e-07
 7.000	19.500	1.0000e-07
 7.000	19.750	1.0000e-07
 7.000	20.000	1.0000e-07
 7.000	20.250	1.0000e-07
 7.000	20.500	1.0000e-07
 7.000	20.750	1.0000e-07
 7.000	21.000	1.0000e-07
 7.000	21.250	1.0000e-07
 7.000	21.500	1.0000e-07
 7.000	21.750	1.0000e-07
 7.000	22.000	1.0000e-07
 7.000	22.250	1.0000e-07
 7.000	22.500	1.0000e-07
 7.000	22.750	1.0000e-07
 7.000	23.000	1.0000e-07
 7.000	23.250	1.0000e-07
 7.000	23.500	1.0000e-07
 7.000	23.750	1.0000e-07
 7.000	24.000	1.0000e-07
 7.250	17.000	1.6601e-04
 7.250	17.250	4.9383e-06
 7.250	17.500	1.0000e-07
 7.250	17.750	1.0000e-07
 7.250	18.000	1.0000e-07
 7.250	18.250	1.0000e-07
 7.250	18.500	1.0000e-07
 7.250	18.750	1.0000e-07
 7.250	19.000	1.0000e-07
 7.250	19.250	1.0000e-07
 7.250	19.500	1.0000e-07
 7.250	19.750	1.0000e-07
 7.250	20.000	1.0000e-07
 7.250	20.250	1.0000e-07
 7.250	20.500	1.0000e-07
 7.250	20.750	1.0000e-07
 7.250	21.000	1.0000e-07
 7.250	21.250	1.0000e-07
 7.250	21.500	1.0000e-07
 7.250	21.750	1.0000e-07
 7.250	22.000	1.0000e-07
 7.250	22.250	1.0000e-07
 7.250	22.500	1.0000e-07
 7.250	22.750	1.0000e-07
 7.250	23.000	1.0000e-07
 7.250	23.250	1.0000e-07
 7.250	23.500	1.0000e-07
 7.250	23.750	1.0000e-07
 7.250	24.000	1.0000e-07
 7.500	17.000	3.8565e-03
 7.500	17.250	1.6634e-04
 7.500	17.500	4.9383e-06
 7.500	17.750	1.0000e-07
 7.500	18.000	1.0000e-07
 7.500	18.250	1.0000e-07
 7.500	18.500	1.0000e-07
 7.500	18.750	1.0000e-07
 7.500	19.000	1.0000e-07
 7.500	19.250	1.0000e-07
 7.500	19.500	1.0000e-07
 7.500	19.750	1.0000e-07
 7.500	20.000	1.0000e-07
 7.500	20.250	1.0000e-07
 7.500	20.500	1.0000e-07
 7.500	20.750	1.0000e-07
 7.500	21.000	1.0000e-07
 7.500	21.250	1.0000e-07
 7.500	21.500	1.0000e-07
 7.500	21.750	1.0000e-07
 7.500	22.000	1.0000e-07
 7.500	22.250	1.0000e-07
 7.500	22.500	1.0000e-07
 7.500	22.750	1.0000e-07
 7.500	23.000	1.0000e-07
 7.500	23.250	1.0000e-07
 7.500	23.500	1.0000e-07
 7.500	23.750	1.0000e-07
 7.500	24.000	1.0000e-07
 7.750	17.000	2.1963e-02
 7.750	17.250	4.0676e-03
 7.750	17.500	1.6749e-04
 7.750	17.750	5.1029e-06
 7.750	18.000	1.0000e-07
 7.750	18.250	1.0000e-07
 7.750	18.500	1.0000e-07
 7.750	18.750	1.0000e-07
 7.750	19.000	1.0000e-07
 7.750	19.250	1.0000e-07
 7.750	19.500	1.0000e-07
 7.750	19.750	1.0000e-07
 7.750	20.000	1.0000e-07
 7.750	20.250	1.0000e-07
 7.750	20.500	1.0000e-07
 7.750	20.750	1.0000e-07
 7.750	21.000	1.0000e-07
 7.750	21.250	1.0000e-07
 7.750	21.500	1.0000e-07
 7.750	21.750	1.0000e-07
 7.750	22.000	1.0000e-07
 7.750	22.250	1.0000e-07
 7.750	22.500	1.0000e-07
 7.750	22.750	1.0000e-07
 7.750	23.000	1.0000e-07
 7.750	23.250	1.0000e-07
 7.750	23.500	1.0000e-07
 7.750	23.750	1.0000e-07
 7.750	24.000	1.0000e-07
 8.000	17.000	2.5833e-02
 8.000	17.250	2.2792e-02
 8.000	17.500	4.4096e-03
 8.000	17.750	1.7539e-04
 8.000	18.000	5.1852e-06
 8.000	18.250	1.0000e-07
 8.000	18.500	1.0000e-07
 8.000	18.750	1.0000e-07
 8.000	19.000	1.0000e-07
 8.000	19.250	1.0000e-07
 8.000	19.500	1.0000e-07
 8.000	19.750	1.0000e-07
 8.000	20.000	1.0000e-07
 8.000	20.250	1.0000e-07
 8.000	20.500	1.0000e-07
 8.000	20.750	1.0000e-07
 8.000	21.000	1.0000e-07
 8.000	21.250	1.0000e-07
 8.000	21.500	1.0000e-07
 8.000	21.750	1.0000e-07
 8.000	22.000	1.0000e-07
 8.000	22.250	1.0000e-07
 8.000	22.500	1.0000e-07
 8.000	22.750	1.0000e-07
 8.000	23.000	1.0000e-07
 8.000	23.250	1.0000e-07
 8.000	23.500	1.0000e-07
 8.000	23.750	1.0000e-07
 8.000	24.000	1.0000e-07
 8.250	17.000	2.7682e-02
 8.250	17.250	2.6863e-02
 8.250	17.500	2.3684e-02
 8.250	17.750	4.6242e-03
 8.250	18.000	1.7794e-04
 8.250	18.250	5.3498e-06
 8.250	18.500	1.0000e-07
 8.250	18.750	1.0000e-07
 8.250	19.000	1.0000e-07
 8.250	19.250	1.0000e-07
 8.250	19.500	1.0000e-07
 8.250	19.750	1.0000e-07
 8.250	20.000	1.0000e-07
 8.250	20.250	1.0000e-07
 8.250	20.500	1.0000e-07
 8.250	20.750	1.0000e-07
 8.250	21.000	1.0000e-07
 8.250	21.250	1.0000e-07
 8.250	21.500	1.0000e-07
 8.250	21.750	1.0000e-07
 8.250	22.000	1.0000e-07
 8.250	22.250	1.0000e-07
 8.250	22.500	1.0000e-07
 8.250	22.750	1.0000e-07
 8.250	23.000	1.0000e-07
 8.250	23.250	1.0000e-07
 8.250	23.500	1.0000e-07
 8.250	23.750	1.0000e-07
 8.250	24.000	1.0000e-07
 8.500	17.000	2.9095e-02
 8.500	17.250	2.8624e-02
 8.500	17.500	2.7751e-02
 8.500	17.750	2.4468e-02
 8.500	18.000	4.8391e-03
 8.500	18.250	1.8181e-04
 8.500	18.500	5.5967e-06
 8.500	18.750	1.0000e-07
 8.500	19.000	1.0000e-07
 8.500	19.250	1.0000e-07
 8.500	19.500	1.0000e-07
 8.500	19.750	1.0000e-07
 8.500	20.000	1.0000e-07
 8.500	20.250	1.0000e-07
 8.500	20.500	1.0000e-07
 8.500	20.750	1.0000e-07
 8.500	21.000	1.0000e-07
 8.500	21.250	1.0000e-07
 8.500	21.500	1.0000e-07
 8.500	21.750	1.0000e-07
 8.500	22.000	1.0000e-07
 8.500	22.250	1.0000e-07
 8.500	22.500	1.0000e-07
 8.500	22.750	1.0000e-07
 8.500	23.000	1.0000e-07
 8.500	23.250	1.0000e-07
 8.500	23.500	1.0000e-07
 8.500	23.750	1.0000e-07
 8.500	24.000	1.0000e-07
 8.750	17.000	3.0984e-02
 8.750	17.250	3.0064e-02
 8.750	17.500	2.9556e-02
 8.750	17.750	2.8639e-02
 8.750	18.000	2.5259e-02
 8.750	18.250	5.0765e-03
 8.750	18.500	1.8741e-04
 8.750	18.750	5.8436e-06
 8.750	19.000	1.0000e-07
 8.750	19.250	1.0000e-07
 8.750	19.500	1.0000e-07
 8.750	19.750	1.0000e-07
 8.750	20.000	1.0000e-07
 8.750	20.250	1.0000e-07
 8.750	20.500	1.0000e-07
 8.750	20.750	1.0000e-07
 8.750	21.000	1.0000e-07
 8.750	21.250	1.0000e-07
 8.750	21.500	1.0000e-07
 8.750	21.750	1.0000e-07
 8.750	22.000	1.0000e-07
 8.750	22.250	1.0000e-07
 8.750	22.500	1.0000e-07
 8.750	22.750	1.0000e-07
 8.750	23.000	1.0000e-07
 8.750	23.250	1.0000e-07
 8.750	23.500	1.0000e-07
 8.750	23.750	1.0000e-07
 8.750	24.000	1.0000e-07
 9.000	17.000	2.9350e-02
 9.000	17.250	3.2067e-02
 9.000	17.500	3.1163e-02
 9.000	17.750	3.0627e-02
 9.000	18.000	2.9665e-02
 9.000	18.250	2.6161e-02
 9.000	18.500	5.3449e-03
 9.000	18.750	1.9539e-04
 9.000	19.000	6.1728e-06
 9.000	19.250	1.0000e-07
 9.000	19.500	1.0000e-07
 9.000	19.750	1.0000e-07
 9.000	20.000	1.0000e-07
 9.000	20.250	1.0000e-07
 9.000	20.500	1.0000e-07
 9.000	20.750	1.0000e-07
 9.000	21.000	1.0000e-07
 9.000	21.250	1.0000e-07
 9.000	21.500	1.0000e-07
 9.000	21.750	1.0000e-07
 9.000	22.000	1.0000e-07
 9.000	22.250	1.0000e-07
 9.000	22.500	1.0000e-07
 9.000	22.750	1.0000e-07
 9.000	23.000	1.0000e-07
 9.000	23.250	1.0000e-07
 9.000	23.500	1.0000e-07
 9.000	23.750	1.0000e-07
 9.000	24.000	1.0000e-07
 9.250	17.000	2.1442e-02
 9.250	17.250	3.0484e-02
 9.250	17.500	3.3400e-02
 9.250	17.750	3.2542e-02
 9.250	18.000	3.2030e-02
 9.250	18.250	3.1046e-02
 9.250	18.500	2.7266e-02
 9.250	18.750	5.6477e-03
 9.250	19.000	2.0716e-04
 9.250	19.250	6.5844e-06
 9.250	19.500	1.0000e-07
 9.250	19.750	1.0000e-07
 9.250	20.000	1.0000e-07
 9.250	20.250	1.0000e-07
 9.250	20.500	1.0000e-07
 9.250	20.750	1.0000e-07
 9.250	21.000	1.0000e-07
 9.250	21.250	1.0000e-07
 9.250	21.500	1.0000e-07
 9.250	21.750	1.0000e-07
 9.250	22.000	1.0000e-07
 9.250	22.250	1.0000e-07
 9.250	22.500	1.0000e-07
 9.250	22.750	1.0000e-07
 9.250	23.000	1.0000e-07
 9.250	23.250	1.0000e-07
 9.250	23.500	1.0000e-07
 9.250	23.750	1.0000e-07
 9.250	24.000	1.0000e-07
 9.500	17.000	1.1448e-02
 9.500	17.250	2.2388e-02
 9.500	17.500	3.1912e-02
 9.500	17.750	3.5067e-02
 9.500	18.000	3.4373e-02
 9.500	18.250	3.4018e-02
 9.500	18.500	3.2885e-02
 9.500	18.750	2.8473e-02
 9.500	19.000	6.0134e-03
 9.500	19.250	2.2461e-04
 9.500	19.500	7.0782e-06
 9.500	19.750	1.0000e-07
 9.500	20.000	1.0000e-07
 9.500	20.250	1.0000e-07
 9.500	20.500	1.0000e-07
 9.500	20.750	1.0000e-07
 9.500	21.000	1.0000e-07
 9.500	21.250	1.0000e-07
 9.500	21.500	1.0000e-07
 9.500	21.750	1.0000e-07
 9.500	22.000	1.0000e-07
 9.500	22.250	1.0000e-07
 9.500	22.500	1.0000e-07
 9.500	22.750	1.0000e-07
 9.500	23.000	1.0000e-07
 9.500	23.250	1.0000e-07
 9.500	23.500	1.0000e-07
 9.500	23.750	1.0000e-07
 9.500	24.000	1.0000e-07
 9.750	17.000	4.3355e-03
 9.750	17.250	1.1954e-02
 9.750	17.500	2.3566e-02
 9.750	17.750	3.3652e-02
 9.750	18.000	3.7143e-02
 9.750	18.250	3.6766e-02
 9.750	18.500	3.6211e-02
 9.750	18.750	3.4448e-02
 9.750	19.000	2.7452e-02
 9.750	19.250	6.4291e-03
 9.750	19.500	2.5062e-04
 9.750	19.750	7.8189e-06
 9.750	20.000	1.0000e-07
 9.750	20.250	1.0000e-07
 9.750	20.500	1.0000e-07
 9.750	20.750	1.0000e-07
 9.750	21.000	1.0000e-07
 9.750	21.250	1.0000e-07
 9.750	21.500	1.0000e-07
 9.750	21.750	1.0000e-07
 9.750	22.000	1.0000e-07
 9.750	22.250	1.0000e-07
 9.750	22.500	1.0000e-07
 9.750	22.750	1.0000e-07
 9.750	23.000	1.0000e-07
 9.750	23.250	1.0000e-07
 9.750	23.500	1.0000e-07
 9.750	23.750	1.0000e-07
 9.750	24.000	1.0000e-07
10.000	17.000	1.1078e-03
10.000	17.250	4.4940e-03
10.000	17.500	1.2617e-02
10.000	17.750	2.4944e-02
10.000	18.000	3.5581e-02
10.000	18.250	3.9373e-02
10.000	18.500	3.8702e-02
10.000	18.750	3.7512e-02
10.000	19.000	3.6189e-02
10.000	19.250	2.4212e-02
10.000	19.500	6.8226e-03
10.000	19.750	2.9078e-04
10.000	20.000	8.7243e-06
10.000	20.250	1.0000e-07
10.000	20.500	1.0000e-07
10.000	20.750	1.0000e-07
10.000	21.000	1.0000e-07
10.000	21.250	1.0000e-07
10.000	21.500	1.0000e-07
10.000	21.750	1.0000e-07
10.000	22.000	1.0000e-07
10.000	22.250	1.0000e-07
10.000	22.500	1.0000e-07
10.000	22.750	1.0000e-07
10.000	23.000	1.0000e-07
10.000	23.250	1.0000e-07
10.000	23.500	1.0000e-07
10.000	23.750	1.0000e-07
10.000	24.000	1.0000e-07
10.250	17.000	2.3827e-04
10.250	17.250	1.1390e-03
10.250	17.500	4.7413e-03
10.250	17.750	1.3384e-02
10.250	18.000	2.6317e-02
10.250	18.250	3.7135e-02
10.250	18.500	4.0524e-02
10.250	18.750	3.9489e-02
10.250	19.000	3.8427e-02
10.250	19.250	3.7655e-02
10.250	19.500	2.2646e-02
10.250	19.750	7.0422e-03
10.250	20.000	3.5350e-04
10.250	20.250	9.7119e-06
10.250	20.500	1.0000e-07
10.250	20.750	1.0000e-07
10.250	21.000	1.0000e-07
10.250	21.250	1.0000e-07
10.250	21.500	1.0000e-07
10.250	21.750	1.0000e-07
10.250	22.000	1.0000e-07
10.250	22.250	1.0000e-07
10.250	22.500	1.0000e-07
10.250	22.750	1.0000e-07
10.250	23.000	1.0000e-07
10.250	23.250	1.0000e-07
10.250	23.500	1.0000e-07
10.250	23.750	1.0000e-07
10.250	24.000	1.0000e-07
10.500	17.000	6.5597e-05
10.500	17.250	2.4329e-04
10.500	17.500	1.2034e-03
10.500	17.750	5.0458e-03
10.500	18.000	1.4094e-02
10.500	18.250	2.7143e-02
10.500	18.500	3.7520e-02
10.500	18.750	4.0626e-02
10.500	19.000	3.9853e-02
10.500	19.250	3.9113e-02
10.500	19.500	4.3002e-02
10.500	19.750	2.3577e-02
10.500	20.000	7.8351e-03
10.500	20.250	4.4337e-04
10.500	20.500	1.1029e-05
10.500	20.750	1.0000e-07
10.500	21.000	1.0000e-07
10.500	21.250	1.0000e-07
10.500	21.500	1.0000e-07
10.500	21.750	1.0000e-07
10.500	22.000	1.0000e-07
10.500	22.250	1.0000e-07
10.500	22.500	1.0000e-07
10.500	22.750	1.0000e-07
10.500	23.000	1.0000e-07
10.500	23.250	1.0000e-07
10.500	23.500	1.0000e-07
10.500	23.750	1.0000e-07
10.500	24.000	1.0000e-07
10.750	17.000	2.7901e-05
10.750	17.250	6.6831e-05
10.750	17.500	2.5687e-04
10.750	17.750	1.3102e-03
10.750	18.000	5.3100e-03
10.750	18.250	1.4498e-02
10.750	18.500	2.7286e-02
10.750	18.750	3.7234e-02
10.750	19.000	4.0577e-02
10.750	19.250	4.0413e-02
10.750	19.500	3.9560e-02
10.750	19.750	4.1319e-02
10.750	20.000	2.5410e-02
10.750	20.250	9.3323e-03
10.750	20.500	5.4543e-04
10.750	20.750	1.2428e-05
10.750	21.000	1.0000e-07
10.750	21.250	1.0000e-07
10.750	21.500	1.0000e-07
10.750	21.750	1.0000e-07
10.750	22.000	1.0000e-07
10.750	22.250	1.0000e-07
10.750	22.500	1.0000e-07
10.750	22.750	1.0000e-07
10.750	23.000	1.0000e-07
10.750	23.250	1.0000e-07
10.750	23.500	1.0000e-07
10.750	23.750	1.0000e-07
10.750	24.000	1.0000e-07
11.000	17.000	1.4568e-05
11.000	17.250	2.8477e-05
11.000	17.500	7.0288e-05
11.000	17.750	2.7909e-04
11.000	18.000	1.3883e-03
11.000	18.250	5.4207e-03
11.000	18.500	1.4611e-02
11.000	18.750	2.7170e-02
11.000	19.000	3.6915e-02
11.000	19.250	4.0852e-02
11.000	19.500	4.1293e-02
11.000	19.750	4.0247e-02
11.000	20.000	4.3205e-02
11.000	20.250	3.2012e-02
11.000	20.500	1.1137e-02
11.000	20.750	6.1284e-04
11.000	21.000	1.3580e-05
11.000	21.250	1.0000e-07
11.000	21.500	1.0000e-07
11.000	21.750	1.0000e-07
11.000	22.000	1.0000e-07
11.000	22.250	1.0000e-07
11.000	22.500	1.0000e-07
11.000	22.750	1.0000e-07
11.000	23.000	1.0000e-07
11.000	23.250	1.0000e-07
11.000	23.500	1.0000e-07
11.000	23.750	1.0000e-07
11.000	24.000	1.0000e-07
11.250	17.000	7.9012e-06
11.250	17.250	1.4733e-05
11.250	17.500	2.9794e-05
11.250	17.750	7.5391e-05
11.250	18.000	2.9144e-04
11.250	18.250	1.3942e-03
11.250	18.500	5.4499e-03
11.250	18.750	1.4713e-02
11.250	19.000	2.7051e-02
11.250	19.250	3.6844e-02
11.250	19.500	4.1594e-02
11.250	19.750	4.2572e-02
11.250	20.000	4.0878e-02
11.250	20.250	4.2041e-02
11.250	20.500	3.1201e-02
11.250	20.750	1.3248e-02
11.250	21.000	5.7951e-04
11.250	21.250	1.4239e-05
11.250	21.500	1.0000e-07
11.250	21.750	1.0000e-07
11.250	22.000	1.0000e-07
11.250	22.250	1.0000e-07
11.250	22.500	1.0000e-07
11.250	22.750	1.0000e-07
11.250	23.000	1.0000e-07
11.250	23.250	1.0000e-07
11.250	23.500	1.0000e-07
11.250	23.750	1.0000e-07
11.250	24.000	1.0000e-07
11.500	17.000	4.2798e-06
11.500	17.250	8.0658e-06
11.500	17.500	1.5309e-05
11.500	17.750	3.1523e-05
11.500	18.000	7.8107e-05
11.500	18.250	2.8741e-04
11.500	18.500	1.3690e-03
11.500	18.750	5.4876e-03
11.500	19.000	1.4855e-02
11.500	19.250	2.7033e-02
11.500	19.500	3.7099e-02
11.500	19.750	4.2701e-02
11.500	20.000	4.4067e-02
11.500	20.250	4.2176e-02
11.500	20.500	4.2942e-02
11.500	20.750	3.4095e-02
11.500	21.000	1.5047e-02
11.500	21.250	4.4049e-04
11.500	21.500	1.4156e-05
11.500	21.750	1.0000e-07
11.500	22.000	1.0000e-07
11.500	22.250	1.0000e-07
11.500	22.500	1.0000e-07
11.500	22.750	1.0000e-07
11.500	23.000	1.0000e-07
11.500	23.250	1.0000e-07
11.500	23.500	1.0000e-07
11.500	23.750	1.0000e-07
11.500	24.000	1.0000e-07
11.750	17.000	2.3045e-06
11.750	17.250	4.3621e-06
11.750	17.500	8.2305e-06
11.750	17.750	1.5967e-05
11.750	18.000	3.2840e-05
11.750	18.250	7.8436e-05
11.750	18.500	2.7877e-04
11.750	18.750	1.3506e-03
11.750	19.000	5.5747e-03
11.750	19.250	1.5088e-02
11.750	19.500	2.7156e-02
11.750	19.750	3.7509e-02
11.750	20.000	4.3655e-02
11.750	20.250	4.4540e-02
11.750	20.500	4.2937e-02
11.750	20.750	4.1077e-02
11.750	21.000	3.3198e-02
11.750	21.250	1.4720e-02
11.750	21.500	3.6370e-04
11.750	21.750	1.3169e-05
11.750	22.000	1.0000e-07
11.750	22.250	1.0000e-07
11.750	22.500	1.0000e-07
11.750	22.750	1.0000e-07
11.750	23.000	1.0000e-07
11.750	23.250	1.0000e-07
11.750	23.500	1.0000e-07
11.750	23.750	1.0000e-07
11.750	24.000	1.0000e-07
12.000	17.000	1.2346e-06
12.000	17.250	2.3045e-06
12.000	17.500	4.4444e-06
12.000	17.750	8.4774e-06
12.000	18.000	1.6626e-05
12.000	18.250	3.4074e-05
12.000	18.500	7.8683e-05
12.000	18.750	2.7325e-04
12.000	19.000	1.3626e-03
12.000	19.250	5.7636e-03
12.000	19.500	1.5401e-02
12.000	19.750	2.7326e-02
12.000	20.000	3.7712e-02
12.000	20.250	4.3761e-02
12.000	20.500	4.4176e-02
12.000	20.750	4.1893e-02
12.000	21.000	3.8144e-02
12.000	21.250	3.0679e-02
12.000	21.500	1.2412e-02
12.000	21.750	3.3267e-04
12.000	22.000	1.1358e-05
12.000	22.250	1.0000e-07
12.000	22.500	1.0000e-07
12.000	22.750	1.0000e-07
12.000	23.000	1.0000e-07
12.000	23.250	1.0000e-07
12.000	23.500	1.0000e-07
12.000	23.750	1.0000e-07
12.000	24.000	1.0000e-07
12.250	17.000	1.0000e-07
12.250	17.250	1.2346e-06
12.250	17.500	2.3868e-06
12.250	17.750	4.5267e-06
12.250	18.000	8.7243e-06
12.250	18.250	1.7366e-05
12.250	18.500	3.5720e-05
12.250	18.750	8.0823e-05
12.250	19.000	2.7811e-04
12.250	19.250	1.4335e-03
12.250	19.500	6.0742e-03
12.250	19.750	1.5792e-02
12.250	20.000	2.7387e-02
12.250	20.250	3.7227e-02
12.250	20.500	4.2427e-02
12.250	20.750	4.1856e-02
12.250	21.000	3.9021e-02
12.250	21.250	3.4324e-02
12.250	21.500	2.6867e-02
12.250	21.750	8.9092e-03
12.250	22.000	3.1095e-04
12.250	22.250	1.3416e-05
12.250	22.500	1.0000e-07
12.250	22.750	1.0000e-07
12.250	23.000	1.0000e-07
12.250	23.250	1.0000e-07
12.250	23.500	1.0000e-07
12.250	23.750	1.0000e-07
12.250	24.000	1.0000e-07
12.500	17.000	1.0000e-07
12.500	17.250	1.0000e-07
12.500	17.500	1.2346e-06
12.500	17.750	2.3868e-06
12.500	18.000	4.6091e-06
12.500	18.250	9.0535e-06
12.500	18.500	1.8354e-05
12.500	18.750	3.8272e-05
12.500	19.000	8.6173e-05
12.500	19.250	3.0337e-04
12.500	19.500	1.5804e-03
12.500	19.750	6.5244e-03
12.500	20.000	1.6090e-02
12.500	20.250	2.6973e-02
12.500	20.500	3.4989e-02
12.500	20.750	3.8440e-02
12.500	21.000	3.7975e-02
12.500	21.250	3.4110e-02
12.500	21.500	2.8777e-02
12.500	21.750	2.2447e-02
12.500	22.000	6.5581e-03
12.500	22.250	3.1704e-04
12.500	22.500	1.2263e-05
12.500	22.750	1.0000e-07
12.500	23.000	1.0000e-07
12.500	23.250	1.0000e-07
12.500	23.500	1.0000e-07
12.500	23.750	1.0000e-07
12.500	24.000	1.0000e-07
12.750	17.000	1.0000e-07
12.750	17.250	1.0000e-07
12.750	17.500	1.0000e-07
12.750	17.750	1.2346e-06
12.750	18.000	2.4691e-06
12.750	18.250	4.6914e-06
12.750	18.500	9.4650e-06
12.750	18.750	1.9753e-05
12.750	19.000	4.2305e-05
12.750	19.250	9.7284e-05
12.750	19.500	3.5111e-04
12.750	19.750	1.7811e-03
12.750	20.000	6.8519e-03
12.750	20.250	1.5975e-02
12.750	20.500	2.5724e-02
12.750	20.750	3.2516e-02
12.750	21.000	3.3348e-02
12.750	21.250	3.1683e-02
12.750	21.500	2.7682e-02
12.750	21.750	2.3564e-02
12.750	22.000	1.7994e-02
12.750	22.250	6.0282e-03
12.750	22.500	3.1440e-04
12.750	22.750	8.2305e-06
12.750	23.000	1.0000e-07
12.750	23.250	1.0000e-07
12.750	23.500	1.0000e-07
12.750	23.750	1.0000e-07
12.750	24.000	1.0000e-07
13.000	17.000	1.0000e-07
13.000	17.250	1.0000e-07
13.000	17.500	1.0000e-07
13.000	17.750	1.0000e-07
13.000	18.000	1.2346e-06
13.000	18.250	2.4691e-06
13.000	18.500	4.8560e-06
13.000	18.750	9.9588e-06
13.000	19.000	2.1811e-05
13.000	19.250	4.8560e-05
13.000	19.500	1.1547e-04
13.000	19.750	4.1053e-04
13.000	20.000	1.9177e-03
13.000	20.250	6.7966e-03
13.000	20.500	1.5327e-02
13.000	20.750	2.3157e-02
13.000	21.000	2.7524e-02
13.000	21.250	2.7491e-02
13.000	21.500	2.4864e-02
13.000	21.750	2.2032e-02
13.000	22.000	1.8833e-02
13.000	22.250	1.4601e-02
13.000	22.500	5.5391e-03
13.000	22.750	3.1811e-04
13.000	23.000	7.4897e-06
13.000	23.250	1.0000e-07
13.000	23.500	1.0000e-07
13.000	23.750	1.0000e-07
13.000	24.000	1.0000e-07
13.250	17.000	1.0000e-07
13.250	17.250	1.0000e-07
13.250	17.500	1.0000e-07
13.250	17.750	1.0000e-07
13.250	18.000	1.0000e-07
13.250	18.250	1.3169e-06
13.250	18.500	2.5514e-06
13.250	18.750	5.1029e-06
13.250	19.000	1.0864e-05
13.250	19.250	2.4938e-05
13.250	19.500	5.8436e-05
13.250	19.750	1.4510e-04
13.250	20.000	4.7720e-04
13.250	20.250	1.8956e-03
13.250	20.500	6.2395e-03
13.250	20.750	1.3249e-02
13.250	21.000	1.9270e-02
13.250	21.250	2.1860e-02
13.250	21.500	2.1401e-02
13.250	21.750	1.9021e-02
13.250	22.000	1.7022e-02
13.250	22.250	1.4765e-02
13.250	22.500	1.1784e-02
13.250	22.750	5.7185e-03
13.250	23.000	3.1877e-04
13.250	23.250	1.7366e-05
13.250	23.500	1.0000e-07
13.250	23.750	1.0000e-07
13.250	24.000	1.0000e-07
13.500	17.000	1.0000e-07
13.500	17.250	1.0000e-07
13.500	17.500	1.0000e-07
13.500	17.750	1.0000e-07
13.500	18.000	1.0000e-07
13.500	18.250	1.0000e-07
13.500	18.500	1.3169e-06
13.500	18.750	2.6337e-06
13.500	19.000	5.5144e-06
13.500	19.250	1.2263e-05
13.500	19.500	2.9959e-05
13.500	19.750	7.5556e-05
13.500	20.000	1.9449e-04
13.500	20.250	5.6979e-04
13.500	20.500	1.8630e-03
13.500	20.750	5.3650e-03
13.500	21.000	1.0832e-02
13.500	21.250	1.5522e-02
13.500	21.500	1.7498e-02
13.500	21.750	1.7011e-02
13.500	22.000	1.5282e-02
13.500	22.250	1.3402e-02
13.500	22.500	1.1944e-02
13.500	22.750	9.3502e-03
13.500	23.000	5.4055e-03
13.500	23.250	2.7654e-04
13.500	23.500	6.5844e-06
13.500	23.750	1.0000e-07
13.500	24.000	1.0000e-07
13.750	17.000	1.0000e-07
13.750	17.250	1.0000e-07
13.750	17.500	1.0000e-07
13.750	17.750	1.0000e-07
13.750	18.000	1.0000e-07
13.750	18.250	1.0000e-07
13.750	18.500	1.0000e-07
13.750	18.750	1.3992e-06
13.750	19.000	2.8807e-06
13.750	19.250	6.1728e-06
13.750	19.500	1.4568e-05
13.750	19.750	3.8354e-05
13.750	20.000	1.0486e-04
13.750	20.250	2.7819e-04
13.750	20.500	7.2198e-04
13.750	20.750	1.8621e-03
13.750	21.000	4.6117e-03
13.750	21.250	9.2091e-03
13.750	21.500	1.3389e-02
13.750	21.750	1.5253e-02
13.750	22.000	1.4674e-02
13.750	22.250	1.2994e-02
13.750	22.500	1.1442e-02
13.750	22.750	9.8088e-03
13.750	23.000	7.5520e-03
13.750	23.250	5.1667e-03
13.750	23.500	2.6609e-04
13.750	23.750	6.1728e-06
13.750	24.000	1.0000e-07
14.000	17.000	1.0000e-07
14.000	17.250	1.0000e-07
14.000	17.500	1.0000e-07
14.000	17.750	1.0000e-07
14.000	18.000	1.0000e-07
14.000	18.250	1.0000e-07
14.000	18.500	1.0000e-07
14.000	18.750	1.0000e-07
14.000	19.000	1.4815e-06
14.000	19.250	3.1276e-06
14.000	19.500	7.1605e-06
14.000	19.750	1.8354e-05
14.000	20.000	5.2510e-05
14.000	20.250	1.5202e-04
14.000	20.500	4.0239e-04
14.000	20.750	9.2214e-04
14.000	21.000	1.9221e-03
14.000	21.250	4.1187e-03
14.000	21.500	8.1660e-03
14.000	21.750	1.2297e-02
14.000	22.000	1.3903e-02
14.000	22.250	1.3014e-02
14.000	22.500	1.1211e-02
14.000	22.750	9.4108e-03
14.000	23.000	7.8776e-03
14.000	23.250	5.8935e-03
14.000	23.500	3.0675e-03
14.000	23.750	2.6667e-04
14.000	24.000	5.1852e-06
