He 1 4437.55A  relative to Inci 1215.00A scaled to 1215A.
Hden   Phi(H)  Eq_Width (A)
 7.000	17.000	1.0000e-07
 7.000	17.250	1.0000e-07
 7.000	17.500	1.0000e-07
 7.000	17.750	1.0000e-07
 7.000	18.000	1.0000e-07
 7.000	18.250	1.0000e-07
 7.000	18.500	1.0000e-07
 7.000	18.750	1.0000e-07
 7.000	19.000	1.0000e-07
 7.000	19.250	1.0000e-07
 7.000	19.500	1.0000e-07
 7.000	19.750	1.0000e-07
 7.000	20.000	1.0000e-07
 7.000	20.250	1.0000e-07
 7.000	20.500	1.0000e-07
 7.000	20.750	1.0000e-07
 7.000	21.000	1.0000e-07
 7.000	21.250	1.0000e-07
 7.000	21.500	1.0000e-07
 7.000	21.750	1.0000e-07
 7.000	22.000	1.0000e-07
 7.000	22.250	1.0000e-07
 7.000	22.500	1.0000e-07
 7.000	22.750	1.0000e-07
 7.000	23.000	1.0000e-07
 7.000	23.250	1.0000e-07
 7.000	23.500	1.0000e-07
 7.000	23.750	1.0000e-07
 7.000	24.000	1.0000e-07
 7.250	17.000	1.0000e-07
 7.250	17.250	1.0000e-07
 7.250	17.500	1.0000e-07
 7.250	17.750	1.0000e-07
 7.250	18.000	1.0000e-07
 7.250	18.250	1.0000e-07
 7.250	18.500	1.0000e-07
 7.250	18.750	1.0000e-07
 7.250	19.000	1.0000e-07
 7.250	19.250	1.0000e-07
 7.250	19.500	1.0000e-07
 7.250	19.750	1.0000e-07
 7.250	20.000	1.0000e-07
 7.250	20.250	1.0000e-07
 7.250	20.500	1.0000e-07
 7.250	20.750	1.0000e-07
 7.250	21.000	1.0000e-07
 7.250	21.250	1.0000e-07
 7.250	21.500	1.0000e-07
 7.250	21.750	1.0000e-07
 7.250	22.000	1.0000e-07
 7.250	22.250	1.0000e-07
 7.250	22.500	1.0000e-07
 7.250	22.750	1.0000e-07
 7.250	23.000	1.0000e-07
 7.250	23.250	1.0000e-07
 7.250	23.500	1.0000e-07
 7.250	23.750	1.0000e-07
 7.250	24.000	1.0000e-07
 7.500	17.000	5.9259e-06
 7.500	17.250	1.0000e-07
 7.500	17.500	1.0000e-07
 7.500	17.750	1.0000e-07
 7.500	18.000	1.0000e-07
 7.500	18.250	1.0000e-07
 7.500	18.500	1.0000e-07
 7.500	18.750	1.0000e-07
 7.500	19.000	1.0000e-07
 7.500	19.250	1.0000e-07
 7.500	19.500	1.0000e-07
 7.500	19.750	1.0000e-07
 7.500	20.000	1.0000e-07
 7.500	20.250	1.0000e-07
 7.500	20.500	1.0000e-07
 7.500	20.750	1.0000e-07
 7.500	21.000	1.0000e-07
 7.500	21.250	1.0000e-07
 7.500	21.500	1.0000e-07
 7.500	21.750	1.0000e-07
 7.500	22.000	1.0000e-07
 7.500	22.250	1.0000e-07
 7.500	22.500	1.0000e-07
 7.500	22.750	1.0000e-07
 7.500	23.000	1.0000e-07
 7.500	23.250	1.0000e-07
 7.500	23.500	1.0000e-07
 7.500	23.750	1.0000e-07
 7.500	24.000	1.0000e-07
 7.750	17.000	1.5144e-05
 7.750	17.250	5.9259e-06
 7.750	17.500	1.0000e-07
 7.750	17.750	1.0000e-07
 7.750	18.000	1.0000e-07
 7.750	18.250	1.0000e-07
 7.750	18.500	1.0000e-07
 7.750	18.750	1.0000e-07
 7.750	19.000	1.0000e-07
 7.750	19.250	1.0000e-07
 7.750	19.500	1.0000e-07
 7.750	19.750	1.0000e-07
 7.750	20.000	1.0000e-07
 7.750	20.250	1.0000e-07
 7.750	20.500	1.0000e-07
 7.750	20.750	1.0000e-07
 7.750	21.000	1.0000e-07
 7.750	21.250	1.0000e-07
 7.750	21.500	1.0000e-07
 7.750	21.750	1.0000e-07
 7.750	22.000	1.0000e-07
 7.750	22.250	1.0000e-07
 7.750	22.500	1.0000e-07
 7.750	22.750	1.0000e-07
 7.750	23.000	1.0000e-07
 7.750	23.250	1.0000e-07
 7.750	23.500	1.0000e-07
 7.750	23.750	1.0000e-07
 7.750	24.000	1.0000e-07
 8.000	17.000	1.6049e-05
 8.000	17.250	1.4897e-05
 8.000	17.500	6.0082e-06
 8.000	17.750	1.0000e-07
 8.000	18.000	1.0000e-07
 8.000	18.250	1.0000e-07
 8.000	18.500	1.0000e-07
 8.000	18.750	1.0000e-07
 8.000	19.000	1.0000e-07
 8.000	19.250	1.0000e-07
 8.000	19.500	1.0000e-07
 8.000	19.750	1.0000e-07
 8.000	20.000	1.0000e-07
 8.000	20.250	1.0000e-07
 8.000	20.500	1.0000e-07
 8.000	20.750	1.0000e-07
 8.000	21.000	1.0000e-07
 8.000	21.250	1.0000e-07
 8.000	21.500	1.0000e-07
 8.000	21.750	1.0000e-07
 8.000	22.000	1.0000e-07
 8.000	22.250	1.0000e-07
 8.000	22.500	1.0000e-07
 8.000	22.750	1.0000e-07
 8.000	23.000	1.0000e-07
 8.000	23.250	1.0000e-07
 8.000	23.500	1.0000e-07
 8.000	23.750	1.0000e-07
 8.000	24.000	1.0000e-07
 8.250	17.000	1.7119e-05
 8.250	17.250	1.6049e-05
 8.250	17.500	1.4979e-05
 8.250	17.750	5.9259e-06
 8.250	18.000	1.0000e-07
 8.250	18.250	1.0000e-07
 8.250	18.500	1.0000e-07
 8.250	18.750	1.0000e-07
 8.250	19.000	1.0000e-07
 8.250	19.250	1.0000e-07
 8.250	19.500	1.0000e-07
 8.250	19.750	1.0000e-07
 8.250	20.000	1.0000e-07
 8.250	20.250	1.0000e-07
 8.250	20.500	1.0000e-07
 8.250	20.750	1.0000e-07
 8.250	21.000	1.0000e-07
 8.250	21.250	1.0000e-07
 8.250	21.500	1.0000e-07
 8.250	21.750	1.0000e-07
 8.250	22.000	1.0000e-07
 8.250	22.250	1.0000e-07
 8.250	22.500	1.0000e-07
 8.250	22.750	1.0000e-07
 8.250	23.000	1.0000e-07
 8.250	23.250	1.0000e-07
 8.250	23.500	1.0000e-07
 8.250	23.750	1.0000e-07
 8.250	24.000	1.0000e-07
 8.500	17.000	1.8107e-05
 8.500	17.250	1.7119e-05
 8.500	17.500	1.6132e-05
 8.500	17.750	1.5144e-05
 8.500	18.000	5.9259e-06
 8.500	18.250	1.0000e-07
 8.500	18.500	1.0000e-07
 8.500	18.750	1.0000e-07
 8.500	19.000	1.0000e-07
 8.500	19.250	1.0000e-07
 8.500	19.500	1.0000e-07
 8.500	19.750	1.0000e-07
 8.500	20.000	1.0000e-07
 8.500	20.250	1.0000e-07
 8.500	20.500	1.0000e-07
 8.500	20.750	1.0000e-07
 8.500	21.000	1.0000e-07
 8.500	21.250	1.0000e-07
 8.500	21.500	1.0000e-07
 8.500	21.750	1.0000e-07
 8.500	22.000	1.0000e-07
 8.500	22.250	1.0000e-07
 8.500	22.500	1.0000e-07
 8.500	22.750	1.0000e-07
 8.500	23.000	1.0000e-07
 8.500	23.250	1.0000e-07
 8.500	23.500	1.0000e-07
 8.500	23.750	1.0000e-07
 8.500	24.000	1.0000e-07
 8.750	17.000	1.8848e-05
 8.750	17.250	1.8107e-05
 8.750	17.500	1.7284e-05
 8.750	17.750	1.6379e-05
 8.750	18.000	1.5473e-05
 8.750	18.250	6.0082e-06
 8.750	18.500	1.0000e-07
 8.750	18.750	1.0000e-07
 8.750	19.000	1.0000e-07
 8.750	19.250	1.0000e-07
 8.750	19.500	1.0000e-07
 8.750	19.750	1.0000e-07
 8.750	20.000	1.0000e-07
 8.750	20.250	1.0000e-07
 8.750	20.500	1.0000e-07
 8.750	20.750	1.0000e-07
 8.750	21.000	1.0000e-07
 8.750	21.250	1.0000e-07
 8.750	21.500	1.0000e-07
 8.750	21.750	1.0000e-07
 8.750	22.000	1.0000e-07
 8.750	22.250	1.0000e-07
 8.750	22.500	1.0000e-07
 8.750	22.750	1.0000e-07
 8.750	23.000	1.0000e-07
 8.750	23.250	1.0000e-07
 8.750	23.500	1.0000e-07
 8.750	23.750	1.0000e-07
 8.750	24.000	1.0000e-07
 9.000	17.000	1.9506e-05
 9.000	17.250	1.8930e-05
 9.000	17.500	1.8354e-05
 9.000	17.750	1.7695e-05
 9.000	18.000	1.7119e-05
 9.000	18.250	1.6461e-05
 9.000	18.500	6.1728e-06
 9.000	18.750	1.0000e-07
 9.000	19.000	1.0000e-07
 9.000	19.250	1.0000e-07
 9.000	19.500	1.0000e-07
 9.000	19.750	1.0000e-07
 9.000	20.000	1.0000e-07
 9.000	20.250	1.0000e-07
 9.000	20.500	1.0000e-07
 9.000	20.750	1.0000e-07
 9.000	21.000	1.0000e-07
 9.000	21.250	1.0000e-07
 9.000	21.500	1.0000e-07
 9.000	21.750	1.0000e-07
 9.000	22.000	1.0000e-07
 9.000	22.250	1.0000e-07
 9.000	22.500	1.0000e-07
 9.000	22.750	1.0000e-07
 9.000	23.000	1.0000e-07
 9.000	23.250	1.0000e-07
 9.000	23.500	1.0000e-07
 9.000	23.750	1.0000e-07
 9.000	24.000	1.0000e-07
 9.250	17.000	2.0000e-05
 9.250	17.250	1.9588e-05
 9.250	17.500	1.9259e-05
 9.250	17.750	1.9012e-05
 9.250	18.000	1.9012e-05
 9.250	18.250	1.9177e-05
 9.250	18.500	1.8519e-05
 9.250	18.750	6.4198e-06
 9.250	19.000	1.0000e-07
 9.250	19.250	1.0000e-07
 9.250	19.500	1.0000e-07
 9.250	19.750	1.0000e-07
 9.250	20.000	1.0000e-07
 9.250	20.250	1.0000e-07
 9.250	20.500	1.0000e-07
 9.250	20.750	1.0000e-07
 9.250	21.000	1.0000e-07
 9.250	21.250	1.0000e-07
 9.250	21.500	1.0000e-07
 9.250	21.750	1.0000e-07
 9.250	22.000	1.0000e-07
 9.250	22.250	1.0000e-07
 9.250	22.500	1.0000e-07
 9.250	22.750	1.0000e-07
 9.250	23.000	1.0000e-07
 9.250	23.250	1.0000e-07
 9.250	23.500	1.0000e-07
 9.250	23.750	1.0000e-07
 9.250	24.000	1.0000e-07
 9.500	17.000	2.0494e-05
 9.500	17.250	2.0165e-05
 9.500	17.500	2.0165e-05
 9.500	17.750	2.0329e-05
 9.500	18.000	2.0988e-05
 9.500	18.250	2.2387e-05
 9.500	18.500	2.4856e-05
 9.500	18.750	2.2551e-05
 9.500	19.000	6.9959e-06
 9.500	19.250	1.0000e-07
 9.500	19.500	1.0000e-07
 9.500	19.750	1.0000e-07
 9.500	20.000	1.0000e-07
 9.500	20.250	1.0000e-07
 9.500	20.500	1.0000e-07
 9.500	20.750	1.0000e-07
 9.500	21.000	1.0000e-07
 9.500	21.250	1.0000e-07
 9.500	21.500	1.0000e-07
 9.500	21.750	1.0000e-07
 9.500	22.000	1.0000e-07
 9.500	22.250	1.0000e-07
 9.500	22.500	1.0000e-07
 9.500	22.750	1.0000e-07
 9.500	23.000	1.0000e-07
 9.500	23.250	1.0000e-07
 9.500	23.500	1.0000e-07
 9.500	23.750	1.0000e-07
 9.500	24.000	1.0000e-07
 9.750	17.000	2.0988e-05
 9.750	17.250	2.0741e-05
 9.750	17.500	2.0988e-05
 9.750	17.750	2.1811e-05
 9.750	18.000	2.3374e-05
 9.750	18.250	2.6420e-05
 9.750	18.500	3.1687e-05
 9.750	18.750	4.0576e-05
 9.750	19.000	2.6255e-05
 9.750	19.250	7.5720e-06
 9.750	19.500	1.0000e-07
 9.750	19.750	1.0000e-07
 9.750	20.000	1.0000e-07
 9.750	20.250	1.0000e-07
 9.750	20.500	1.0000e-07
 9.750	20.750	1.0000e-07
 9.750	21.000	1.0000e-07
 9.750	21.250	1.0000e-07
 9.750	21.500	1.0000e-07
 9.750	21.750	1.0000e-07
 9.750	22.000	1.0000e-07
 9.750	22.250	1.0000e-07
 9.750	22.500	1.0000e-07
 9.750	22.750	1.0000e-07
 9.750	23.000	1.0000e-07
 9.750	23.250	1.0000e-07
 9.750	23.500	1.0000e-07
 9.750	23.750	1.0000e-07
 9.750	24.000	1.0000e-07
10.000	17.000	2.1564e-05
10.000	17.250	2.1646e-05
10.000	17.500	2.2222e-05
10.000	17.750	2.3704e-05
10.000	18.000	2.6667e-05
10.000	18.250	3.1687e-05
10.000	18.500	4.0082e-05
10.000	18.750	5.5967e-05
10.000	19.000	6.7654e-05
10.000	19.250	3.2263e-05
10.000	19.500	8.2305e-06
10.000	19.750	1.0000e-07
10.000	20.000	1.0000e-07
10.000	20.250	1.0000e-07
10.000	20.500	1.0000e-07
10.000	20.750	1.0000e-07
10.000	21.000	1.0000e-07
10.000	21.250	1.0000e-07
10.000	21.500	1.0000e-07
10.000	21.750	1.0000e-07
10.000	22.000	1.0000e-07
10.000	22.250	1.0000e-07
10.000	22.500	1.0000e-07
10.000	22.750	1.0000e-07
10.000	23.000	1.0000e-07
10.000	23.250	1.0000e-07
10.000	23.500	1.0000e-07
10.000	23.750	1.0000e-07
10.000	24.000	1.0000e-07
10.250	17.000	2.2716e-05
10.250	17.250	2.2881e-05
10.250	17.500	2.4115e-05
10.250	17.750	2.6584e-05
10.250	18.000	3.1111e-05
10.250	18.250	3.8436e-05
10.250	18.500	5.0370e-05
10.250	18.750	7.1523e-05
10.250	19.000	1.0988e-04
10.250	19.250	1.1778e-04
10.250	19.500	3.7613e-05
10.250	19.750	9.3004e-06
10.250	20.000	1.0000e-07
10.250	20.250	1.0000e-07
10.250	20.500	1.0000e-07
10.250	20.750	1.0000e-07
10.250	21.000	1.0000e-07
10.250	21.250	1.0000e-07
10.250	21.500	1.0000e-07
10.250	21.750	1.0000e-07
10.250	22.000	1.0000e-07
10.250	22.250	1.0000e-07
10.250	22.500	1.0000e-07
10.250	22.750	1.0000e-07
10.250	23.000	1.0000e-07
10.250	23.250	1.0000e-07
10.250	23.500	1.0000e-07
10.250	23.750	1.0000e-07
10.250	24.000	1.0000e-07
10.500	17.000	2.4280e-05
10.500	17.250	2.5103e-05
10.500	17.500	2.6996e-05
10.500	17.750	3.0782e-05
10.500	18.000	3.6955e-05
10.500	18.250	4.6337e-05
10.500	18.500	6.0905e-05
10.500	18.750	8.2963e-05
10.500	19.000	1.1169e-04
10.500	19.250	1.5498e-04
10.500	19.500	1.0691e-04
10.500	19.750	3.8601e-05
10.500	20.000	9.8765e-06
10.500	20.250	1.0000e-07
10.500	20.500	1.0000e-07
10.500	20.750	1.0000e-07
10.500	21.000	1.0000e-07
10.500	21.250	1.0000e-07
10.500	21.500	1.0000e-07
10.500	21.750	1.0000e-07
10.500	22.000	1.0000e-07
10.500	22.250	1.0000e-07
10.500	22.500	1.0000e-07
10.500	22.750	1.0000e-07
10.500	23.000	1.0000e-07
10.500	23.250	1.0000e-07
10.500	23.500	1.0000e-07
10.500	23.750	1.0000e-07
10.500	24.000	1.0000e-07
10.750	17.000	2.5926e-05
10.750	17.250	2.7819e-05
10.750	17.500	3.1111e-05
10.750	17.750	3.6379e-05
10.750	18.000	4.4280e-05
10.750	18.250	5.4403e-05
10.750	18.500	6.8560e-05
10.750	18.750	8.8642e-05
10.750	19.000	1.1407e-04
10.750	19.250	1.4206e-04
10.750	19.500	1.7564e-04
10.750	19.750	9.1111e-05
10.750	20.000	3.5556e-05
10.750	20.250	9.7119e-06
10.750	20.500	1.0000e-07
10.750	20.750	1.0000e-07
10.750	21.000	1.0000e-07
10.750	21.250	1.0000e-07
10.750	21.500	1.0000e-07
10.750	21.750	1.0000e-07
10.750	22.000	1.0000e-07
10.750	22.250	1.0000e-07
10.750	22.500	1.0000e-07
10.750	22.750	1.0000e-07
10.750	23.000	1.0000e-07
10.750	23.250	1.0000e-07
10.750	23.500	1.0000e-07
10.750	23.750	1.0000e-07
10.750	24.000	1.0000e-07
11.000	17.000	2.7490e-05
11.000	17.250	3.0617e-05
11.000	17.500	3.5638e-05
11.000	17.750	4.2881e-05
11.000	18.000	5.1852e-05
11.000	18.250	6.1728e-05
11.000	18.500	7.4733e-05
11.000	18.750	9.2428e-05
11.000	19.000	1.1383e-04
11.000	19.250	1.3704e-04
11.000	19.500	1.6058e-04
11.000	19.750	1.6173e-04
11.000	20.000	7.9424e-05
11.000	20.250	2.8971e-05
11.000	20.500	8.7243e-06
11.000	20.750	1.0000e-07
11.000	21.000	1.0000e-07
11.000	21.250	1.0000e-07
11.000	21.500	1.0000e-07
11.000	21.750	1.0000e-07
11.000	22.000	1.0000e-07
11.000	22.250	1.0000e-07
11.000	22.500	1.0000e-07
11.000	22.750	1.0000e-07
11.000	23.000	1.0000e-07
11.000	23.250	1.0000e-07
11.000	23.500	1.0000e-07
11.000	23.750	1.0000e-07
11.000	24.000	1.0000e-07
11.250	17.000	2.8560e-05
11.250	17.250	3.2675e-05
11.250	17.500	3.9259e-05
11.250	17.750	4.8724e-05
11.250	18.000	5.9177e-05
11.250	18.250	6.9383e-05
11.250	18.500	8.1399e-05
11.250	18.750	9.7366e-05
11.250	19.000	1.1605e-04
11.250	19.250	1.3580e-04
11.250	19.500	1.5531e-04
11.250	19.750	1.7218e-04
11.250	20.000	1.7309e-04
11.250	20.250	6.7737e-05
11.250	20.500	2.4938e-05
11.250	20.750	7.1605e-06
11.250	21.000	1.0000e-07
11.250	21.250	1.0000e-07
11.250	21.500	1.0000e-07
11.250	21.750	1.0000e-07
11.250	22.000	1.0000e-07
11.250	22.250	1.0000e-07
11.250	22.500	1.0000e-07
11.250	22.750	1.0000e-07
11.250	23.000	1.0000e-07
11.250	23.250	1.0000e-07
11.250	23.500	1.0000e-07
11.250	23.750	1.0000e-07
11.250	24.000	1.0000e-07
11.500	17.000	2.9218e-05
11.500	17.250	3.3992e-05
11.500	17.500	4.1317e-05
11.500	17.750	5.2016e-05
11.500	18.000	6.5021e-05
11.500	18.250	7.7613e-05
11.500	18.500	9.0370e-05
11.500	18.750	1.0543e-04
11.500	19.000	1.2247e-04
11.500	19.250	1.3984e-04
11.500	19.500	1.5547e-04
11.500	19.750	1.6856e-04
11.500	20.000	1.7868e-04
11.500	20.250	1.4082e-04
11.500	20.500	5.7449e-05
11.500	20.750	2.0329e-05
11.500	21.000	5.4321e-06
11.500	21.250	1.0000e-07
11.500	21.500	1.0000e-07
11.500	21.750	1.0000e-07
11.500	22.000	1.0000e-07
11.500	22.250	1.0000e-07
11.500	22.500	1.0000e-07
11.500	22.750	1.0000e-07
11.500	23.000	1.0000e-07
11.500	23.250	1.0000e-07
11.500	23.500	1.0000e-07
11.500	23.750	1.0000e-07
11.500	24.000	1.0000e-07
11.750	17.000	2.9465e-05
11.750	17.250	3.4321e-05
11.750	17.500	4.1646e-05
11.750	17.750	5.2263e-05
11.750	18.000	6.6996e-05
11.750	18.250	8.4444e-05
11.750	18.500	1.0107e-04
11.750	18.750	1.1720e-04
11.750	19.000	1.3399e-04
11.750	19.250	1.4955e-04
11.750	19.500	1.6255e-04
11.750	19.750	1.7267e-04
11.750	20.000	1.7885e-04
11.750	20.250	1.8255e-04
11.750	20.500	1.6757e-04
11.750	20.750	4.9959e-05
11.750	21.000	1.6626e-05
11.750	21.250	3.7860e-06
11.750	21.500	1.0000e-07
11.750	21.750	1.0000e-07
11.750	22.000	1.0000e-07
11.750	22.250	1.0000e-07
11.750	22.500	1.0000e-07
11.750	22.750	1.0000e-07
11.750	23.000	1.0000e-07
11.750	23.250	1.0000e-07
11.750	23.500	1.0000e-07
11.750	23.750	1.0000e-07
11.750	24.000	1.0000e-07
12.000	17.000	2.9465e-05
12.000	17.250	3.4074e-05
12.000	17.500	4.0658e-05
12.000	17.750	5.0206e-05
12.000	18.000	6.4691e-05
12.000	18.250	8.5761e-05
12.000	18.500	1.0996e-04
12.000	18.750	1.3152e-04
12.000	19.000	1.4988e-04
12.000	19.250	1.6519e-04
12.000	19.500	1.7720e-04
12.000	19.750	1.8329e-04
12.000	20.000	1.8568e-04
12.000	20.250	1.8444e-04
12.000	20.500	1.8107e-04
12.000	20.750	1.5095e-04
12.000	21.000	4.4774e-05
12.000	21.250	1.2840e-05
12.000	21.500	1.9753e-06
12.000	21.750	1.0000e-07
12.000	22.000	1.0000e-07
12.000	22.250	1.0000e-07
12.000	22.500	1.0000e-07
12.000	22.750	1.0000e-07
12.000	23.000	1.0000e-07
12.000	23.250	1.0000e-07
12.000	23.500	1.0000e-07
12.000	23.750	1.0000e-07
12.000	24.000	1.0000e-07
12.250	17.000	2.9136e-05
12.250	17.250	3.3416e-05
12.250	17.500	3.9012e-05
12.250	17.750	4.6996e-05
12.250	18.000	5.9588e-05
12.250	18.250	8.0658e-05
12.250	18.500	1.1144e-04
12.250	18.750	1.4263e-04
12.250	19.000	1.6675e-04
12.250	19.250	1.8379e-04
12.250	19.500	1.9473e-04
12.250	19.750	1.9975e-04
12.250	20.000	1.9786e-04
12.250	20.250	1.9251e-04
12.250	20.500	1.8453e-04
12.250	20.750	1.7424e-04
12.250	21.000	1.1514e-04
12.250	21.250	3.8765e-05
12.250	21.500	9.3827e-06
12.250	21.750	1.0000e-07
12.250	22.000	1.0000e-07
12.250	22.250	1.0000e-07
12.250	22.500	1.0000e-07
12.250	22.750	1.0000e-07
12.250	23.000	1.0000e-07
12.250	23.250	1.0000e-07
12.250	23.500	1.0000e-07
12.250	23.750	1.0000e-07
12.250	24.000	1.0000e-07
12.500	17.000	2.8642e-05
12.500	17.250	3.2593e-05
12.500	17.500	3.7449e-05
12.500	17.750	4.3621e-05
12.500	18.000	5.3580e-05
12.500	18.250	7.1687e-05
12.500	18.500	1.0329e-04
12.500	18.750	1.4313e-04
12.500	19.000	1.7687e-04
12.500	19.250	1.9918e-04
12.500	19.500	2.1169e-04
12.500	19.750	2.1630e-04
12.500	20.000	2.1366e-04
12.500	20.250	2.0502e-04
12.500	20.500	1.9325e-04
12.500	20.750	1.7984e-04
12.500	21.000	1.6486e-04
12.500	21.250	1.0412e-04
12.500	21.500	3.3251e-05
12.500	21.750	6.3374e-06
12.500	22.000	1.0000e-07
12.500	22.250	1.0000e-07
12.500	22.500	1.0000e-07
12.500	22.750	1.0000e-07
12.500	23.000	1.0000e-07
12.500	23.250	1.0000e-07
12.500	23.500	1.0000e-07
12.500	23.750	1.0000e-07
12.500	24.000	1.0000e-07
12.750	17.000	2.7819e-05
12.750	17.250	3.1440e-05
12.750	17.500	3.5638e-05
12.750	17.750	4.0823e-05
12.750	18.000	4.8313e-05
12.750	18.250	6.2469e-05
12.750	18.500	8.9547e-05
12.750	18.750	1.3095e-04
12.750	19.000	1.7333e-04
12.750	19.250	2.0370e-04
12.750	19.500	2.1942e-04
12.750	19.750	2.2593e-04
12.750	20.000	2.2453e-04
12.750	20.250	2.1761e-04
12.750	20.500	2.0395e-04
12.750	20.750	1.8807e-04
12.750	21.000	1.7119e-04
12.750	21.250	1.5342e-04
12.750	21.500	9.5556e-05
12.750	21.750	2.6091e-05
12.750	22.000	3.6214e-06
12.750	22.250	1.0000e-07
12.750	22.500	1.0000e-07
12.750	22.750	1.0000e-07
12.750	23.000	1.0000e-07
12.750	23.250	1.0000e-07
12.750	23.500	1.0000e-07
12.750	23.750	1.0000e-07
12.750	24.000	1.0000e-07
13.000	17.000	2.6584e-05
13.000	17.250	3.0041e-05
13.000	17.500	3.3745e-05
13.000	17.750	3.8189e-05
13.000	18.000	4.4280e-05
13.000	18.250	5.5062e-05
13.000	18.500	7.6543e-05
13.000	18.750	1.1251e-04
13.000	19.000	1.5564e-04
13.000	19.250	1.9276e-04
13.000	19.500	2.1416e-04
13.000	19.750	2.2444e-04
13.000	20.000	2.2658e-04
13.000	20.250	2.2206e-04
13.000	20.500	2.1128e-04
13.000	20.750	1.9580e-04
13.000	21.000	1.7720e-04
13.000	21.250	1.5893e-04
13.000	21.500	1.3934e-04
13.000	21.750	7.7366e-05
13.000	22.000	1.9753e-05
13.000	22.250	2.0576e-06
13.000	22.500	1.0000e-07
13.000	22.750	1.0000e-07
13.000	23.000	1.0000e-07
13.000	23.250	1.0000e-07
13.000	23.500	1.0000e-07
13.000	23.750	1.0000e-07
13.000	24.000	1.0000e-07
13.250	17.000	2.5103e-05
13.250	17.250	2.8313e-05
13.250	17.500	3.1852e-05
13.250	17.750	3.5802e-05
13.250	18.000	4.1317e-05
13.250	18.250	5.0041e-05
13.250	18.500	6.6749e-05
13.250	18.750	9.5802e-05
13.250	19.000	1.3457e-04
13.250	19.250	1.7144e-04
13.250	19.500	1.9770e-04
13.250	19.750	2.1292e-04
13.250	20.000	2.1712e-04
13.250	20.250	2.1564e-04
13.250	20.500	2.0947e-04
13.250	20.750	1.9770e-04
13.250	21.000	1.8165e-04
13.250	21.250	1.6329e-04
13.250	21.500	1.4403e-04
13.250	21.750	1.2510e-04
13.250	22.000	6.4033e-05
13.250	22.250	1.5391e-05
13.250	22.500	1.4815e-06
13.250	22.750	1.0000e-07
13.250	23.000	1.0000e-07
13.250	23.250	1.0000e-07
13.250	23.500	1.0000e-07
13.250	23.750	1.0000e-07
13.250	24.000	1.0000e-07
13.500	17.000	2.3457e-05
13.500	17.250	2.6502e-05
13.500	17.500	2.9794e-05
13.500	17.750	3.3580e-05
13.500	18.000	3.8848e-05
13.500	18.250	4.7160e-05
13.500	18.500	6.0905e-05
13.500	18.750	8.3951e-05
13.500	19.000	1.1654e-04
13.500	19.250	1.5103e-04
13.500	19.500	1.7860e-04
13.500	19.750	1.9597e-04
13.500	20.000	2.0395e-04
13.500	20.250	2.0486e-04
13.500	20.500	1.9984e-04
13.500	20.750	1.9103e-04
13.500	21.000	1.7852e-04
13.500	21.250	1.6305e-04
13.500	21.500	1.4519e-04
13.500	21.750	1.2798e-04
13.500	22.000	1.1045e-04
13.500	22.250	5.2346e-05
13.500	22.500	1.3827e-05
13.500	22.750	1.4815e-06
13.500	23.000	1.0000e-07
13.500	23.250	1.0000e-07
13.500	23.500	1.0000e-07
13.500	23.750	1.0000e-07
13.500	24.000	1.0000e-07
13.750	17.000	2.1646e-05
13.750	17.250	2.4444e-05
13.750	17.500	2.7654e-05
13.750	17.750	3.1358e-05
13.750	18.000	3.6708e-05
13.750	18.250	4.4938e-05
13.750	18.500	5.8107e-05
13.750	18.750	7.7531e-05
13.750	19.000	1.0403e-04
13.750	19.250	1.3498e-04
13.750	19.500	1.6230e-04
13.750	19.750	1.8148e-04
13.750	20.000	1.9177e-04
13.750	20.250	1.9465e-04
13.750	20.500	1.9136e-04
13.750	20.750	1.8305e-04
13.750	21.000	1.7169e-04
13.750	21.250	1.5802e-04
13.750	21.500	1.4214e-04
13.750	21.750	1.2642e-04
13.750	22.000	1.1119e-04
13.750	22.250	9.5144e-05
13.750	22.500	4.3951e-05
13.750	22.750	1.1770e-05
13.750	23.000	1.3169e-06
13.750	23.250	1.0000e-07
13.750	23.500	1.0000e-07
13.750	23.750	1.0000e-07
13.750	24.000	1.0000e-07
14.000	17.000	1.9671e-05
14.000	17.250	2.2305e-05
14.000	17.500	2.5350e-05
14.000	17.750	2.9218e-05
14.000	18.000	3.4650e-05
14.000	18.250	4.3045e-05
14.000	18.500	5.5802e-05
14.000	18.750	7.3745e-05
14.000	19.000	9.6626e-05
14.000	19.250	1.2280e-04
14.000	19.500	1.4881e-04
14.000	19.750	1.6947e-04
14.000	20.000	1.8181e-04
14.000	20.250	1.8642e-04
14.000	20.500	1.8502e-04
14.000	20.750	1.7794e-04
14.000	21.000	1.6683e-04
14.000	21.250	1.5333e-04
14.000	21.500	1.3778e-04
14.000	21.750	1.2239e-04
14.000	22.000	1.0749e-04
14.000	22.250	9.4403e-05
14.000	22.500	7.9506e-05
14.000	22.750	3.5802e-05
14.000	23.000	1.0206e-05
14.000	23.250	9.8765e-07
14.000	23.500	1.0000e-07
14.000	23.750	1.0000e-07
14.000	24.000	1.0000e-07
