Inwd 1215.23A  relative to Inci 1215.00A scaled to 1215A.
Hden   Phi(H)  Eq_Width (A)
 7.000	17.000	2.4170e-03
 7.000	17.250	1.0300e-03
 7.000	17.500	3.9350e-04
 7.000	17.750	1.5012e-04
 7.000	18.000	6.8724e-05
 7.000	18.250	2.7078e-05
 7.000	18.500	6.2551e-06
 7.000	18.750	1.8930e-06
 7.000	19.000	1.0000e-07
 7.000	19.250	1.0000e-07
 7.000	19.500	1.0000e-07
 7.000	19.750	1.0000e-07
 7.000	20.000	1.0000e-07
 7.000	20.250	1.0000e-07
 7.000	20.500	1.0000e-07
 7.000	20.750	1.0000e-07
 7.000	21.000	1.0000e-07
 7.000	21.250	1.0000e-07
 7.000	21.500	1.0000e-07
 7.000	21.750	1.0000e-07
 7.000	22.000	1.0000e-07
 7.000	22.250	1.0000e-07
 7.000	22.500	1.0000e-07
 7.000	22.750	1.0000e-07
 7.000	23.000	1.0000e-07
 7.000	23.250	1.0000e-07
 7.000	23.500	1.0000e-07
 7.000	23.750	1.0000e-07
 7.000	24.000	1.0000e-07
 7.250	17.000	5.2601e-03
 7.250	17.250	2.4080e-03
 7.250	17.500	1.0261e-03
 7.250	17.750	3.9177e-04
 7.250	18.000	1.4988e-04
 7.250	18.250	6.8807e-05
 7.250	18.500	2.7160e-05
 7.250	18.750	6.2551e-06
 7.250	19.000	1.9753e-06
 7.250	19.250	1.0000e-07
 7.250	19.500	1.0000e-07
 7.250	19.750	1.0000e-07
 7.250	20.000	1.0000e-07
 7.250	20.250	1.0000e-07
 7.250	20.500	1.0000e-07
 7.250	20.750	1.0000e-07
 7.250	21.000	1.0000e-07
 7.250	21.250	1.0000e-07
 7.250	21.500	1.0000e-07
 7.250	21.750	1.0000e-07
 7.250	22.000	1.0000e-07
 7.250	22.250	1.0000e-07
 7.250	22.500	1.0000e-07
 7.250	22.750	1.0000e-07
 7.250	23.000	1.0000e-07
 7.250	23.250	1.0000e-07
 7.250	23.500	1.0000e-07
 7.250	23.750	1.0000e-07
 7.250	24.000	1.0000e-07
 7.500	17.000	5.9388e-03
 7.500	17.250	5.2396e-03
 7.500	17.500	2.3985e-03
 7.500	17.750	1.0220e-03
 7.500	18.000	3.8922e-04
 7.500	18.250	1.4947e-04
 7.500	18.500	6.8807e-05
 7.500	18.750	2.7243e-05
 7.500	19.000	6.2551e-06
 7.500	19.250	1.9753e-06
 7.500	19.500	1.0000e-07
 7.500	19.750	1.0000e-07
 7.500	20.000	1.0000e-07
 7.500	20.250	1.0000e-07
 7.500	20.500	1.0000e-07
 7.500	20.750	1.0000e-07
 7.500	21.000	1.0000e-07
 7.500	21.250	1.0000e-07
 7.500	21.500	1.0000e-07
 7.500	21.750	1.0000e-07
 7.500	22.000	1.0000e-07
 7.500	22.250	1.0000e-07
 7.500	22.500	1.0000e-07
 7.500	22.750	1.0000e-07
 7.500	23.000	1.0000e-07
 7.500	23.250	1.0000e-07
 7.500	23.500	1.0000e-07
 7.500	23.750	1.0000e-07
 7.500	24.000	1.0000e-07
 7.750	17.000	9.9988e-03
 7.750	17.250	5.9481e-03
 7.750	17.500	5.2176e-03
 7.750	17.750	2.3886e-03
 7.750	18.000	1.0173e-03
 7.750	18.250	3.8617e-04
 7.750	18.500	1.4889e-04
 7.750	18.750	6.8807e-05
 7.750	19.000	2.7243e-05
 7.750	19.250	6.2551e-06
 7.750	19.500	1.9753e-06
 7.750	19.750	1.0000e-07
 7.750	20.000	1.0000e-07
 7.750	20.250	1.0000e-07
 7.750	20.500	1.0000e-07
 7.750	20.750	1.0000e-07
 7.750	21.000	1.0000e-07
 7.750	21.250	1.0000e-07
 7.750	21.500	1.0000e-07
 7.750	21.750	1.0000e-07
 7.750	22.000	1.0000e-07
 7.750	22.250	1.0000e-07
 7.750	22.500	1.0000e-07
 7.750	22.750	1.0000e-07
 7.750	23.000	1.0000e-07
 7.750	23.250	1.0000e-07
 7.750	23.500	1.0000e-07
 7.750	23.750	1.0000e-07
 7.750	24.000	1.0000e-07
 8.000	17.000	9.5127e-03
 8.000	17.250	9.6407e-03
 8.000	17.500	5.9155e-03
 8.000	17.750	5.1872e-03
 8.000	18.000	2.3771e-03
 8.000	18.250	1.0113e-03
 8.000	18.500	3.8280e-04
 8.000	18.750	1.4798e-04
 8.000	19.000	6.8724e-05
 8.000	19.250	2.7325e-05
 8.000	19.500	6.3374e-06
 8.000	19.750	1.9753e-06
 8.000	20.000	1.0000e-07
 8.000	20.250	1.0000e-07
 8.000	20.500	1.0000e-07
 8.000	20.750	1.0000e-07
 8.000	21.000	1.0000e-07
 8.000	21.250	1.0000e-07
 8.000	21.500	1.0000e-07
 8.000	21.750	1.0000e-07
 8.000	22.000	1.0000e-07
 8.000	22.250	1.0000e-07
 8.000	22.500	1.0000e-07
 8.000	22.750	1.0000e-07
 8.000	23.000	1.0000e-07
 8.000	23.250	1.0000e-07
 8.000	23.500	1.0000e-07
 8.000	23.750	1.0000e-07
 8.000	24.000	1.0000e-07
 8.250	17.000	9.1208e-03
 8.250	17.250	9.2831e-03
 8.250	17.500	9.3927e-03
 8.250	17.750	6.0053e-03
 8.250	18.000	5.1684e-03
 8.250	18.250	2.3629e-03
 8.250	18.500	1.0041e-03
 8.250	18.750	3.7819e-04
 8.250	19.000	1.4683e-04
 8.250	19.250	6.8560e-05
 8.250	19.500	2.7325e-05
 8.250	19.750	6.3374e-06
 8.250	20.000	1.9753e-06
 8.250	20.250	1.0000e-07
 8.250	20.500	1.0000e-07
 8.250	20.750	1.0000e-07
 8.250	21.000	1.0000e-07
 8.250	21.250	1.0000e-07
 8.250	21.500	1.0000e-07
 8.250	21.750	1.0000e-07
 8.250	22.000	1.0000e-07
 8.250	22.250	1.0000e-07
 8.250	22.500	1.0000e-07
 8.250	22.750	1.0000e-07
 8.250	23.000	1.0000e-07
 8.250	23.250	1.0000e-07
 8.250	23.500	1.0000e-07
 8.250	23.750	1.0000e-07
 8.250	24.000	1.0000e-07
 8.500	17.000	8.7254e-03
 8.500	17.250	8.8918e-03
 8.500	17.500	9.0418e-03
 8.500	17.750	9.1228e-03
 8.500	18.000	6.1119e-03
 8.500	18.250	5.1528e-03
 8.500	18.500	2.3455e-03
 8.500	18.750	9.9547e-04
 8.500	19.000	3.7309e-04
 8.500	19.250	1.4527e-04
 8.500	19.500	6.8230e-05
 8.500	19.750	2.7325e-05
 8.500	20.000	6.3374e-06
 8.500	20.250	1.9753e-06
 8.500	20.500	1.0000e-07
 8.500	20.750	1.0000e-07
 8.500	21.000	1.0000e-07
 8.500	21.250	1.0000e-07
 8.500	21.500	1.0000e-07
 8.500	21.750	1.0000e-07
 8.500	22.000	1.0000e-07
 8.500	22.250	1.0000e-07
 8.500	22.500	1.0000e-07
 8.500	22.750	1.0000e-07
 8.500	23.000	1.0000e-07
 8.500	23.250	1.0000e-07
 8.500	23.500	1.0000e-07
 8.500	23.750	1.0000e-07
 8.500	24.000	1.0000e-07
 8.750	17.000	8.3248e-03
 8.750	17.250	8.5046e-03
 8.750	17.500	8.6655e-03
 8.750	17.750	8.7894e-03
 8.750	18.000	8.8319e-03
 8.750	18.250	6.2689e-03
 8.750	18.500	5.1429e-03
 8.750	18.750	2.3295e-03
 8.750	19.000	9.8502e-04
 8.750	19.250	3.6675e-04
 8.750	19.500	1.4346e-04
 8.750	19.750	6.7819e-05
 8.750	20.000	2.7243e-05
 8.750	20.250	6.3374e-06
 8.750	20.500	1.9753e-06
 8.750	20.750	1.0000e-07
 8.750	21.000	1.0000e-07
 8.750	21.250	1.0000e-07
 8.750	21.500	1.0000e-07
 8.750	21.750	1.0000e-07
 8.750	22.000	1.0000e-07
 8.750	22.250	1.0000e-07
 8.750	22.500	1.0000e-07
 8.750	22.750	1.0000e-07
 8.750	23.000	1.0000e-07
 8.750	23.250	1.0000e-07
 8.750	23.500	1.0000e-07
 8.750	23.750	1.0000e-07
 8.750	24.000	1.0000e-07
 9.000	17.000	7.9231e-03
 9.000	17.250	8.1198e-03
 9.000	17.500	8.2955e-03
 9.000	17.750	8.4376e-03
 9.000	18.000	8.5295e-03
 9.000	18.250	8.5107e-03
 9.000	18.500	6.4675e-03
 9.000	18.750	5.1474e-03
 9.000	19.000	2.3086e-03
 9.000	19.250	9.7465e-04
 9.000	19.500	3.6033e-04
 9.000	19.750	1.4148e-04
 9.000	20.000	6.7325e-05
 9.000	20.250	2.7160e-05
 9.000	20.500	6.3374e-06
 9.000	20.750	1.9753e-06
 9.000	21.000	1.0000e-07
 9.000	21.250	1.0000e-07
 9.000	21.500	1.0000e-07
 9.000	21.750	1.0000e-07
 9.000	22.000	1.0000e-07
 9.000	22.250	1.0000e-07
 9.000	22.500	1.0000e-07
 9.000	22.750	1.0000e-07
 9.000	23.000	1.0000e-07
 9.000	23.250	1.0000e-07
 9.000	23.500	1.0000e-07
 9.000	23.750	1.0000e-07
 9.000	24.000	1.0000e-07
 9.250	17.000	7.4914e-03
 9.250	17.250	7.7274e-03
 9.250	17.500	7.9323e-03
 9.250	17.750	8.0943e-03
 9.250	18.000	8.2063e-03
 9.250	18.250	8.2458e-03
 9.250	18.500	8.1359e-03
 9.250	18.750	6.6514e-03
 9.250	19.000	5.1630e-03
 9.250	19.250	2.2956e-03
 9.250	19.500	9.6527e-04
 9.250	19.750	3.5407e-04
 9.250	20.000	1.3934e-04
 9.250	20.250	6.6831e-05
 9.250	20.500	2.7078e-05
 9.250	20.750	6.3374e-06
 9.250	21.000	1.9753e-06
 9.250	21.250	1.0000e-07
 9.250	21.500	1.0000e-07
 9.250	21.750	1.0000e-07
 9.250	22.000	1.0000e-07
 9.250	22.250	1.0000e-07
 9.250	22.500	1.0000e-07
 9.250	22.750	1.0000e-07
 9.250	23.000	1.0000e-07
 9.250	23.250	1.0000e-07
 9.250	23.500	1.0000e-07
 9.250	23.750	1.0000e-07
 9.250	24.000	1.0000e-07
 9.500	17.000	6.9737e-03
 9.500	17.250	7.3008e-03
 9.500	17.500	7.5506e-03
 9.500	17.750	7.7523e-03
 9.500	18.000	7.8887e-03
 9.500	18.250	7.9488e-03
 9.500	18.500	7.9112e-03
 9.500	18.750	7.4956e-03
 9.500	19.000	6.6993e-03
 9.500	19.250	5.1824e-03
 9.500	19.500	2.2803e-03
 9.500	19.750	9.5909e-04
 9.500	20.000	3.4872e-04
 9.500	20.250	1.3745e-04
 9.500	20.500	6.6420e-05
 9.500	20.750	2.7078e-05
 9.500	21.000	6.3374e-06
 9.500	21.250	1.9753e-06
 9.500	21.500	1.0000e-07
 9.500	21.750	1.0000e-07
 9.500	22.000	1.0000e-07
 9.500	22.250	1.0000e-07
 9.500	22.500	1.0000e-07
 9.500	22.750	1.0000e-07
 9.500	23.000	1.0000e-07
 9.500	23.250	1.0000e-07
 9.500	23.500	1.0000e-07
 9.500	23.750	1.0000e-07
 9.500	24.000	1.0000e-07
 9.750	17.000	6.2717e-03
 9.750	17.250	6.7901e-03
 9.750	17.500	7.1407e-03
 9.750	17.750	7.3954e-03
 9.750	18.000	7.5763e-03
 9.750	18.250	7.6646e-03
 9.750	18.500	7.6397e-03
 9.750	18.750	7.4780e-03
 9.750	19.000	6.6063e-03
 9.750	19.250	6.4825e-03
 9.750	19.500	5.1554e-03
 9.750	19.750	2.2609e-03
 9.750	20.000	9.5416e-04
 9.750	20.250	3.4535e-04
 9.750	20.500	1.3597e-04
 9.750	20.750	6.6008e-05
 9.750	21.000	2.7078e-05
 9.750	21.250	6.3374e-06
 9.750	21.500	1.9753e-06
 9.750	21.750	1.0000e-07
 9.750	22.000	1.0000e-07
 9.750	22.250	1.0000e-07
 9.750	22.500	1.0000e-07
 9.750	22.750	1.0000e-07
 9.750	23.000	1.0000e-07
 9.750	23.250	1.0000e-07
 9.750	23.500	1.0000e-07
 9.750	23.750	1.0000e-07
 9.750	24.000	1.0000e-07
10.000	17.000	5.3300e-03
10.000	17.250	6.1151e-03
10.000	17.500	6.6660e-03
10.000	17.750	7.0337e-03
10.000	18.000	7.2669e-03
10.000	18.250	7.4002e-03
10.000	18.500	7.4002e-03
10.000	18.750	7.2447e-03
10.000	19.000	6.9205e-03
10.000	19.250	6.2710e-03
10.000	19.500	6.0249e-03
10.000	19.750	4.9891e-03
10.000	20.000	2.2411e-03
10.000	20.250	9.5169e-04
10.000	20.500	3.4255e-04
10.000	20.750	1.3399e-04
10.000	21.000	6.5679e-05
10.000	21.250	2.7243e-05
10.000	21.500	6.4198e-06
10.000	21.750	2.0576e-06
10.000	22.000	1.0000e-07
10.000	22.250	1.0000e-07
10.000	22.500	1.0000e-07
10.000	22.750	1.0000e-07
10.000	23.000	1.0000e-07
10.000	23.250	1.0000e-07
10.000	23.500	1.0000e-07
10.000	23.750	1.0000e-07
10.000	24.000	1.0000e-07
10.250	17.000	4.2588e-03
10.250	17.250	5.2192e-03
10.250	17.500	6.0511e-03
10.250	17.750	6.6277e-03
10.250	18.000	6.9784e-03
10.250	18.250	7.1712e-03
10.250	18.500	7.2010e-03
10.250	18.750	7.0616e-03
10.250	19.000	6.7371e-03
10.250	19.250	6.2796e-03
10.250	19.500	5.8272e-03
10.250	19.750	5.5485e-03
10.250	20.000	4.7035e-03
10.250	20.250	2.1689e-03
10.250	20.500	9.4971e-04
10.250	20.750	3.4049e-04
10.250	21.000	1.3259e-04
10.250	21.250	6.5597e-05
10.250	21.500	2.7490e-05
10.250	21.750	6.5844e-06
10.250	22.000	2.0576e-06
10.250	22.250	1.0000e-07
10.250	22.500	1.0000e-07
10.250	22.750	1.0000e-07
10.250	23.000	1.0000e-07
10.250	23.250	1.0000e-07
10.250	23.500	1.0000e-07
10.250	23.750	1.0000e-07
10.250	24.000	1.0000e-07
10.500	17.000	3.2221e-03
10.500	17.250	4.1875e-03
10.500	17.500	5.2382e-03
10.500	17.750	6.1253e-03
10.500	18.000	6.6837e-03
10.500	18.250	6.9748e-03
10.500	18.500	7.0554e-03
10.500	18.750	6.9395e-03
10.500	19.000	6.6226e-03
10.500	19.250	6.1736e-03
10.500	19.500	5.6227e-03
10.500	19.750	5.4749e-03
10.500	20.000	5.3397e-03
10.500	20.250	4.6350e-03
10.500	20.500	2.0942e-03
10.500	20.750	9.3580e-04
10.500	21.000	3.4082e-04
10.500	21.250	1.3160e-04
10.500	21.500	6.5679e-05
10.500	21.750	2.7901e-05
10.500	22.000	6.7490e-06
10.500	22.250	2.1399e-06
10.500	22.500	1.0000e-07
10.500	22.750	1.0000e-07
10.500	23.000	1.0000e-07
10.500	23.250	1.0000e-07
10.500	23.500	1.0000e-07
10.500	23.750	1.0000e-07
10.500	24.000	1.0000e-07
10.750	17.000	2.3591e-03
10.750	17.250	3.1590e-03
10.750	17.500	4.2799e-03
10.750	17.750	5.4374e-03
10.750	18.000	6.2884e-03
10.750	18.250	6.7909e-03
10.750	18.500	6.9523e-03
10.750	18.750	6.8789e-03
10.750	19.000	6.5688e-03
10.750	19.250	6.1118e-03
10.750	19.500	5.6738e-03
10.750	19.750	5.3837e-03
10.750	20.000	5.4489e-03
10.750	20.250	5.4659e-03
10.750	20.500	4.7275e-03
10.750	20.750	2.0096e-03
10.750	21.000	9.2123e-04
10.750	21.250	3.4280e-04
10.750	21.500	1.3111e-04
10.750	21.750	6.5844e-05
10.750	22.000	2.8395e-05
10.750	22.250	7.0782e-06
10.750	22.500	2.2222e-06
10.750	22.750	1.0000e-07
10.750	23.000	1.0000e-07
10.750	23.250	1.0000e-07
10.750	23.500	1.0000e-07
10.750	23.750	1.0000e-07
10.750	24.000	1.0000e-07
11.000	17.000	1.6980e-03
11.000	17.250	2.2714e-03
11.000	17.500	3.2214e-03
11.000	17.750	4.5498e-03
11.000	18.000	5.7288e-03
11.000	18.250	6.5018e-03
11.000	18.500	6.8587e-03
11.000	18.750	6.8669e-03
11.000	19.000	6.5724e-03
11.000	19.250	6.1019e-03
11.000	19.500	5.6341e-03
11.000	19.750	5.3801e-03
11.000	20.000	5.4434e-03
11.000	20.250	5.6211e-03
11.000	20.500	5.7993e-03
11.000	20.750	5.3685e-03
11.000	21.000	2.0445e-03
11.000	21.250	8.9909e-04
11.000	21.500	3.4551e-04
11.000	21.750	1.3095e-04
11.000	22.000	6.5761e-05
11.000	22.250	2.8889e-05
11.000	22.500	7.3251e-06
11.000	22.750	2.3868e-06
11.000	23.000	1.0000e-07
11.000	23.250	1.0000e-07
11.000	23.500	1.0000e-07
11.000	23.750	1.0000e-07
11.000	24.000	1.0000e-07
11.250	17.000	1.2050e-03
11.250	17.250	1.5830e-03
11.250	17.500	2.2560e-03
11.250	17.750	3.4430e-03
11.250	18.000	4.8697e-03
11.250	18.250	6.0177e-03
11.250	18.500	6.6709e-03
11.250	18.750	6.8607e-03
11.250	19.000	6.6315e-03
11.250	19.250	6.1541e-03
11.250	19.500	5.6384e-03
11.250	19.750	5.3579e-03
11.250	20.000	5.4348e-03
11.250	20.250	5.6969e-03
11.250	20.500	5.9679e-03
11.250	20.750	6.6141e-03
11.250	21.000	6.4455e-03
11.250	21.250	2.0871e-03
11.250	21.500	8.8691e-04
11.250	21.750	3.4708e-04
11.250	22.000	1.3128e-04
11.250	22.250	6.5432e-05
11.250	22.500	2.9136e-05
11.250	22.750	7.5720e-06
11.250	23.000	2.4691e-06
11.250	23.250	1.0000e-07
11.250	23.500	1.0000e-07
11.250	23.750	1.0000e-07
11.250	24.000	1.0000e-07
11.500	17.000	8.4239e-04
11.500	17.250	1.0819e-03
11.500	17.500	1.5011e-03
11.500	17.750	2.3323e-03
11.500	18.000	3.7041e-03
11.500	18.250	5.2134e-03
11.500	18.500	6.2975e-03
11.500	18.750	6.7889e-03
11.500	19.000	6.7114e-03
11.500	19.250	6.2388e-03
11.500	19.500	5.6970e-03
11.500	19.750	5.3430e-03
11.500	20.000	5.4185e-03
11.500	20.250	5.6700e-03
11.500	20.500	6.0518e-03
11.500	20.750	7.1592e-03
11.500	21.000	8.2863e-03
11.500	21.250	6.6002e-03
11.500	21.500	2.4405e-03
11.500	21.750	9.4123e-04
11.500	22.000	3.5037e-04
11.500	22.250	1.3259e-04
11.500	22.500	6.5103e-05
11.500	22.750	2.8971e-05
11.500	23.000	7.7366e-06
11.500	23.250	2.5514e-06
11.500	23.500	1.0000e-07
11.500	23.750	1.0000e-07
11.500	24.000	1.0000e-07
11.750	17.000	5.8156e-04
11.750	17.250	7.2979e-04
11.750	17.500	9.7663e-04
11.750	17.750	1.4781e-03
11.750	18.000	2.4829e-03
11.750	18.250	4.0496e-03
11.750	18.500	5.6244e-03
11.750	18.750	6.5630e-03
11.750	19.000	6.7705e-03
11.750	19.250	6.4118e-03
11.750	19.500	5.7826e-03
11.750	19.750	5.3720e-03
11.750	20.000	5.3756e-03
11.750	20.250	5.7337e-03
11.750	20.500	6.0506e-03
11.750	20.750	6.9988e-03
11.750	21.000	8.4622e-03
11.750	21.250	8.6800e-03
11.750	21.500	5.8156e-03
11.750	21.750	2.6226e-03
11.750	22.000	1.0519e-03
11.750	22.250	3.6403e-04
11.750	22.500	1.3556e-04
11.750	22.750	6.5432e-05
11.750	23.000	2.8560e-05
11.750	23.250	7.7366e-06
11.750	23.500	2.5514e-06
11.750	23.750	1.0000e-07
11.750	24.000	1.0000e-07
12.000	17.000	4.0272e-04
12.000	17.250	4.9292e-04
12.000	17.500	6.3350e-04
12.000	17.750	9.1564e-04
12.000	18.000	1.5272e-03
12.000	18.250	2.7620e-03
12.000	18.500	4.5444e-03
12.000	18.750	6.0879e-03
12.000	19.000	6.7556e-03
12.000	19.250	6.6357e-03
12.000	19.500	6.0319e-03
12.000	19.750	5.3788e-03
12.000	20.000	5.3738e-03
12.000	20.250	5.7344e-03
12.000	20.500	6.2509e-03
12.000	20.750	6.9336e-03
12.000	21.000	8.3375e-03
12.000	21.250	7.8585e-03
12.000	21.500	7.6337e-03
12.000	21.750	4.9087e-03
12.000	22.000	2.4975e-03
12.000	22.250	1.1138e-03
12.000	22.500	4.0016e-04
12.000	22.750	1.4181e-04
12.000	23.000	6.6996e-05
12.000	23.250	2.7901e-05
12.000	23.500	7.5720e-06
12.000	23.750	2.4691e-06
12.000	24.000	1.0000e-07
12.250	17.000	2.7992e-04
12.250	17.250	3.3728e-04
12.250	17.500	4.1835e-04
12.250	17.750	5.7333e-04
12.250	18.000	9.1531e-04
12.250	18.250	1.7088e-03
12.250	18.500	3.2628e-03
12.250	18.750	5.2092e-03
12.250	19.000	6.5040e-03
12.250	19.250	6.8339e-03
12.250	19.500	6.4079e-03
12.250	19.750	5.7023e-03
12.250	20.000	5.2257e-03
12.250	20.250	5.7746e-03
12.250	20.500	6.3917e-03
12.250	20.750	7.5327e-03
12.250	21.000	7.8812e-03
12.250	21.250	8.0235e-03
12.250	21.500	6.9139e-03
12.250	21.750	5.8087e-03
12.250	22.000	3.8539e-03
12.250	22.250	2.1183e-03
12.250	22.500	1.1273e-03
12.250	22.750	4.6444e-04
12.250	23.000	1.5416e-04
12.250	23.250	7.0617e-05
12.250	23.500	2.7325e-05
12.250	23.750	7.1605e-06
12.250	24.000	2.3868e-06
12.500	17.000	1.9539e-04
12.500	17.250	2.3399e-04
12.500	17.500	2.8387e-04
12.500	17.750	3.6955e-04
12.500	18.000	5.5350e-04
12.500	18.250	1.0053e-03
12.500	18.500	2.0798e-03
12.500	18.750	3.9307e-03
12.500	19.000	5.7860e-03
12.500	19.250	6.8036e-03
12.500	19.500	6.7355e-03
12.500	19.750	6.2061e-03
12.500	20.000	5.6018e-03
12.500	20.250	5.4822e-03
12.500	20.500	5.8785e-03
12.500	20.750	7.6315e-03
12.500	21.000	8.0472e-03
12.500	21.250	7.4251e-03
12.500	21.500	6.6322e-03
12.500	21.750	5.4843e-03
12.500	22.000	4.3381e-03
12.500	22.250	2.7989e-03
12.500	22.500	1.6782e-03
12.500	22.750	9.8272e-04
12.500	23.000	4.8346e-04
12.500	23.250	1.7679e-04
12.500	23.500	7.7942e-05
12.500	23.750	2.6996e-05
12.500	24.000	6.6667e-06
12.750	17.000	1.3695e-04
12.750	17.250	1.6453e-04
12.750	17.500	1.9720e-04
12.750	17.750	2.4815e-04
12.750	18.000	3.4757e-04
12.750	18.250	5.8716e-04
12.750	18.500	1.2095e-03
12.750	18.750	2.6038e-03
12.750	19.000	4.6209e-03
12.750	19.250	6.3362e-03
12.750	19.500	6.9709e-03
12.750	19.750	6.6719e-03
12.750	20.000	6.0672e-03
12.750	20.250	5.9750e-03
12.750	20.500	6.1465e-03
12.750	20.750	6.6878e-03
12.750	21.000	8.1886e-03
12.750	21.250	7.2993e-03
12.750	21.500	6.1847e-03
12.750	21.750	5.1141e-03
12.750	22.000	4.0933e-03
12.750	22.250	2.9660e-03
12.750	22.500	1.9527e-03
12.750	22.750	1.2719e-03
12.750	23.000	7.8551e-04
12.750	23.250	4.8181e-04
12.750	23.500	2.0025e-04
12.750	23.750	8.7078e-05
12.750	24.000	2.6914e-05
13.000	17.000	9.6214e-05
13.000	17.250	1.1646e-04
13.000	17.500	1.3934e-04
13.000	17.750	1.7169e-04
13.000	18.000	2.2963e-04
13.000	18.250	3.5687e-04
13.000	18.500	6.8626e-04
13.000	18.750	1.4970e-03
13.000	19.000	3.0088e-03
13.000	19.250	5.0755e-03
13.000	19.500	6.4782e-03
13.000	19.750	7.0821e-03
13.000	20.000	6.7540e-03
13.000	20.250	6.3292e-03
13.000	20.500	6.5142e-03
13.000	20.750	7.2382e-03
13.000	21.000	7.2847e-03
13.000	21.250	7.4165e-03
13.000	21.500	6.1251e-03
13.000	21.750	5.0096e-03
13.000	22.000	3.9351e-03
13.000	22.250	2.9461e-03
13.000	22.500	2.0356e-03
13.000	22.750	1.4109e-03
13.000	23.000	9.2354e-04
13.000	23.250	6.2247e-04
13.000	23.500	3.8461e-04
13.000	23.750	1.9852e-04
13.000	24.000	9.0535e-05
13.250	17.000	6.7572e-05
13.250	17.250	8.2963e-05
13.250	17.500	9.9588e-05
13.250	17.750	1.2165e-04
13.250	18.000	1.5811e-04
13.250	18.250	2.2971e-04
13.250	18.500	3.9679e-04
13.250	18.750	8.0609e-04
13.250	19.000	1.6833e-03
13.250	19.250	3.1505e-03
13.250	19.500	4.8281e-03
13.250	19.750	6.5788e-03
13.250	20.000	7.1859e-03
13.250	20.250	6.9068e-03
13.250	20.500	6.8956e-03
13.250	20.750	7.5105e-03
13.250	21.000	8.1914e-03
13.250	21.250	7.7955e-03
13.250	21.500	6.5320e-03
13.250	21.750	4.9786e-03
13.250	22.000	3.8717e-03
13.250	22.250	2.9284e-03
13.250	22.500	2.0958e-03
13.250	22.750	1.4327e-03
13.250	23.000	9.8519e-04
13.250	23.250	6.9556e-04
13.250	23.500	4.8922e-04
13.250	23.750	3.1588e-04
13.250	24.000	1.7267e-04
13.500	17.000	4.7160e-05
13.500	17.250	5.9012e-05
13.500	17.500	7.1605e-05
13.500	17.750	8.7407e-05
13.500	18.000	1.1160e-04
13.500	18.250	1.5556e-04
13.500	18.500	2.4296e-04
13.500	18.750	4.3399e-04
13.500	19.000	8.4222e-04
13.500	19.250	1.5974e-03
13.500	19.500	2.7635e-03
13.500	19.750	4.2640e-03
13.500	20.000	5.4481e-03
13.500	20.250	6.6285e-03
13.500	20.500	6.8542e-03
13.500	20.750	7.1458e-03
13.500	21.000	7.3695e-03
13.500	21.250	8.4685e-03
13.500	21.500	6.8900e-03
13.500	21.750	5.4426e-03
13.500	22.000	3.8873e-03
13.500	22.250	3.0877e-03
13.500	22.500	2.1720e-03
13.500	22.750	1.5086e-03
13.500	23.000	1.0222e-03
13.500	23.250	7.0650e-04
13.500	23.500	5.2041e-04
13.500	23.750	3.7152e-04
13.500	24.000	2.4313e-04
13.750	17.000	3.2675e-05
13.750	17.250	4.1893e-05
13.750	17.500	5.1605e-05
13.750	17.750	6.3210e-05
13.750	18.000	7.9918e-05
13.750	18.250	1.0749e-04
13.750	18.500	1.5671e-04
13.750	18.750	2.4568e-04
13.750	19.000	4.0947e-04
13.750	19.250	7.0321e-04
13.750	19.500	1.1878e-03
13.750	19.750	1.8903e-03
13.750	20.000	2.8355e-03
13.750	20.250	3.6905e-03
13.750	20.500	4.5747e-03
13.750	20.750	5.2930e-03
13.750	21.000	5.6386e-03
13.750	21.250	5.3323e-03
13.750	21.500	6.0399e-03
13.750	21.750	5.2842e-03
13.750	22.000	4.4052e-03
13.750	22.250	3.1536e-03
13.750	22.500	2.3668e-03
13.750	22.750	1.7353e-03
13.750	23.000	1.1653e-03
13.750	23.250	7.6642e-04
13.750	23.500	5.3070e-04
13.750	23.750	4.0477e-04
13.750	24.000	2.9613e-04
14.000	17.000	2.2305e-05
14.000	17.250	2.9465e-05
14.000	17.500	3.7037e-05
14.000	17.750	4.5761e-05
14.000	18.000	5.7531e-05
14.000	18.250	7.5062e-05
14.000	18.500	1.0230e-04
14.000	18.750	1.4453e-04
14.000	19.000	2.0955e-04
14.000	19.250	3.0864e-04
14.000	19.500	4.6593e-04
14.000	19.750	6.9967e-04
14.000	20.000	1.0309e-03
14.000	20.250	1.4615e-03
14.000	20.500	1.9185e-03
14.000	20.750	2.2030e-03
14.000	21.000	2.7728e-03
14.000	21.250	3.2665e-03
14.000	21.500	3.1604e-03
14.000	21.750	3.5644e-03
14.000	22.000	3.8202e-03
14.000	22.250	3.7453e-03
14.000	22.500	2.7881e-03
14.000	22.750	2.2081e-03
14.000	23.000	1.5452e-03
14.000	23.250	1.0087e-03
14.000	23.500	6.1794e-04
14.000	23.750	4.1959e-04
14.000	24.000	3.3202e-04
