Inwd 1661.00A  relative to Inci 1215.00A scaled to 1215A.
Hden   Phi(H)  Eq_Width (A)
 7.000	17.000	1.0000e-07
 7.000	17.250	1.0000e-07
 7.000	17.500	1.0000e-07
 7.000	17.750	1.0000e-07
 7.000	18.000	1.0000e-07
 7.000	18.250	1.0000e-07
 7.000	18.500	1.0000e-07
 7.000	18.750	1.0000e-07
 7.000	19.000	1.0000e-07
 7.000	19.250	1.0000e-07
 7.000	19.500	1.0000e-07
 7.000	19.750	1.0000e-07
 7.000	20.000	1.0000e-07
 7.000	20.250	1.0000e-07
 7.000	20.500	1.0000e-07
 7.000	20.750	1.0000e-07
 7.000	21.000	1.0000e-07
 7.000	21.250	1.0000e-07
 7.000	21.500	1.0000e-07
 7.000	21.750	1.0000e-07
 7.000	22.000	1.0000e-07
 7.000	22.250	1.0000e-07
 7.000	22.500	1.0000e-07
 7.000	22.750	1.0000e-07
 7.000	23.000	1.0000e-07
 7.000	23.250	1.0000e-07
 7.000	23.500	1.0000e-07
 7.000	23.750	1.0000e-07
 7.000	24.000	1.0000e-07
 7.250	17.000	5.1029e-05
 7.250	17.250	1.0000e-07
 7.250	17.500	1.0000e-07
 7.250	17.750	1.0000e-07
 7.250	18.000	1.0000e-07
 7.250	18.250	1.0000e-07
 7.250	18.500	1.0000e-07
 7.250	18.750	1.0000e-07
 7.250	19.000	1.0000e-07
 7.250	19.250	1.0000e-07
 7.250	19.500	1.0000e-07
 7.250	19.750	1.0000e-07
 7.250	20.000	1.0000e-07
 7.250	20.250	1.0000e-07
 7.250	20.500	1.0000e-07
 7.250	20.750	1.0000e-07
 7.250	21.000	1.0000e-07
 7.250	21.250	1.0000e-07
 7.250	21.500	1.0000e-07
 7.250	21.750	1.0000e-07
 7.250	22.000	1.0000e-07
 7.250	22.250	1.0000e-07
 7.250	22.500	1.0000e-07
 7.250	22.750	1.0000e-07
 7.250	23.000	1.0000e-07
 7.250	23.250	1.0000e-07
 7.250	23.500	1.0000e-07
 7.250	23.750	1.0000e-07
 7.250	24.000	1.0000e-07
 7.500	17.000	1.5197e-03
 7.500	17.250	4.5432e-05
 7.500	17.500	1.0000e-07
 7.500	17.750	1.0000e-07
 7.500	18.000	1.0000e-07
 7.500	18.250	1.0000e-07
 7.500	18.500	1.0000e-07
 7.500	18.750	1.0000e-07
 7.500	19.000	1.0000e-07
 7.500	19.250	1.0000e-07
 7.500	19.500	1.0000e-07
 7.500	19.750	1.0000e-07
 7.500	20.000	1.0000e-07
 7.500	20.250	1.0000e-07
 7.500	20.500	1.0000e-07
 7.500	20.750	1.0000e-07
 7.500	21.000	1.0000e-07
 7.500	21.250	1.0000e-07
 7.500	21.500	1.0000e-07
 7.500	21.750	1.0000e-07
 7.500	22.000	1.0000e-07
 7.500	22.250	1.0000e-07
 7.500	22.500	1.0000e-07
 7.500	22.750	1.0000e-07
 7.500	23.000	1.0000e-07
 7.500	23.250	1.0000e-07
 7.500	23.500	1.0000e-07
 7.500	23.750	1.0000e-07
 7.500	24.000	1.0000e-07
 7.750	17.000	4.6890e-03
 7.750	17.250	1.5174e-03
 7.750	17.500	4.0905e-05
 7.750	17.750	1.0000e-07
 7.750	18.000	1.0000e-07
 7.750	18.250	1.0000e-07
 7.750	18.500	1.0000e-07
 7.750	18.750	1.0000e-07
 7.750	19.000	1.0000e-07
 7.750	19.250	1.0000e-07
 7.750	19.500	1.0000e-07
 7.750	19.750	1.0000e-07
 7.750	20.000	1.0000e-07
 7.750	20.250	1.0000e-07
 7.750	20.500	1.0000e-07
 7.750	20.750	1.0000e-07
 7.750	21.000	1.0000e-07
 7.750	21.250	1.0000e-07
 7.750	21.500	1.0000e-07
 7.750	21.750	1.0000e-07
 7.750	22.000	1.0000e-07
 7.750	22.250	1.0000e-07
 7.750	22.500	1.0000e-07
 7.750	22.750	1.0000e-07
 7.750	23.000	1.0000e-07
 7.750	23.250	1.0000e-07
 7.750	23.500	1.0000e-07
 7.750	23.750	1.0000e-07
 7.750	24.000	1.0000e-07
 8.000	17.000	5.0195e-03
 8.000	17.250	4.6852e-03
 8.000	17.500	1.5313e-03
 8.000	17.750	4.6337e-05
 8.000	18.000	1.0000e-07
 8.000	18.250	1.0000e-07
 8.000	18.500	1.0000e-07
 8.000	18.750	1.0000e-07
 8.000	19.000	1.0000e-07
 8.000	19.250	1.0000e-07
 8.000	19.500	1.0000e-07
 8.000	19.750	1.0000e-07
 8.000	20.000	1.0000e-07
 8.000	20.250	1.0000e-07
 8.000	20.500	1.0000e-07
 8.000	20.750	1.0000e-07
 8.000	21.000	1.0000e-07
 8.000	21.250	1.0000e-07
 8.000	21.500	1.0000e-07
 8.000	21.750	1.0000e-07
 8.000	22.000	1.0000e-07
 8.000	22.250	1.0000e-07
 8.000	22.500	1.0000e-07
 8.000	22.750	1.0000e-07
 8.000	23.000	1.0000e-07
 8.000	23.250	1.0000e-07
 8.000	23.500	1.0000e-07
 8.000	23.750	1.0000e-07
 8.000	24.000	1.0000e-07
 8.250	17.000	5.2021e-03
 8.250	17.250	5.0802e-03
 8.250	17.500	4.7271e-03
 8.250	17.750	1.5226e-03
 8.250	18.000	4.2469e-05
 8.250	18.250	1.0000e-07
 8.250	18.500	1.0000e-07
 8.250	18.750	1.0000e-07
 8.250	19.000	1.0000e-07
 8.250	19.250	1.0000e-07
 8.250	19.500	1.0000e-07
 8.250	19.750	1.0000e-07
 8.250	20.000	1.0000e-07
 8.250	20.250	1.0000e-07
 8.250	20.500	1.0000e-07
 8.250	20.750	1.0000e-07
 8.250	21.000	1.0000e-07
 8.250	21.250	1.0000e-07
 8.250	21.500	1.0000e-07
 8.250	21.750	1.0000e-07
 8.250	22.000	1.0000e-07
 8.250	22.250	1.0000e-07
 8.250	22.500	1.0000e-07
 8.250	22.750	1.0000e-07
 8.250	23.000	1.0000e-07
 8.250	23.250	1.0000e-07
 8.250	23.500	1.0000e-07
 8.250	23.750	1.0000e-07
 8.250	24.000	1.0000e-07
 8.500	17.000	5.1240e-03
 8.500	17.250	5.2451e-03
 8.500	17.500	5.1098e-03
 8.500	17.750	4.7463e-03
 8.500	18.000	1.5116e-03
 8.500	18.250	3.9424e-05
 8.500	18.500	1.0000e-07
 8.500	18.750	1.0000e-07
 8.500	19.000	1.0000e-07
 8.500	19.250	1.0000e-07
 8.500	19.500	1.0000e-07
 8.500	19.750	1.0000e-07
 8.500	20.000	1.0000e-07
 8.500	20.250	1.0000e-07
 8.500	20.500	1.0000e-07
 8.500	20.750	1.0000e-07
 8.500	21.000	1.0000e-07
 8.500	21.250	1.0000e-07
 8.500	21.500	1.0000e-07
 8.500	21.750	1.0000e-07
 8.500	22.000	1.0000e-07
 8.500	22.250	1.0000e-07
 8.500	22.500	1.0000e-07
 8.500	22.750	1.0000e-07
 8.500	23.000	1.0000e-07
 8.500	23.250	1.0000e-07
 8.500	23.500	1.0000e-07
 8.500	23.750	1.0000e-07
 8.500	24.000	1.0000e-07
 8.750	17.000	4.7897e-03
 8.750	17.250	5.1621e-03
 8.750	17.500	5.2737e-03
 8.750	17.750	5.1291e-03
 8.750	18.000	4.7586e-03
 8.750	18.250	1.5011e-03
 8.750	18.500	3.7449e-05
 8.750	18.750	1.0000e-07
 8.750	19.000	1.0000e-07
 8.750	19.250	1.0000e-07
 8.750	19.500	1.0000e-07
 8.750	19.750	1.0000e-07
 8.750	20.000	1.0000e-07
 8.750	20.250	1.0000e-07
 8.750	20.500	1.0000e-07
 8.750	20.750	1.0000e-07
 8.750	21.000	1.0000e-07
 8.750	21.250	1.0000e-07
 8.750	21.500	1.0000e-07
 8.750	21.750	1.0000e-07
 8.750	22.000	1.0000e-07
 8.750	22.250	1.0000e-07
 8.750	22.500	1.0000e-07
 8.750	22.750	1.0000e-07
 8.750	23.000	1.0000e-07
 8.750	23.250	1.0000e-07
 8.750	23.500	1.0000e-07
 8.750	23.750	1.0000e-07
 8.750	24.000	1.0000e-07
 9.000	17.000	4.2085e-03
 9.000	17.250	4.8360e-03
 9.000	17.500	5.2023e-03
 9.000	17.750	5.3067e-03
 9.000	18.000	5.1608e-03
 9.000	18.250	4.7888e-03
 9.000	18.500	1.4900e-03
 9.000	18.750	3.6626e-05
 9.000	19.000	1.0000e-07
 9.000	19.250	1.0000e-07
 9.000	19.500	1.0000e-07
 9.000	19.750	1.0000e-07
 9.000	20.000	1.0000e-07
 9.000	20.250	1.0000e-07
 9.000	20.500	1.0000e-07
 9.000	20.750	1.0000e-07
 9.000	21.000	1.0000e-07
 9.000	21.250	1.0000e-07
 9.000	21.500	1.0000e-07
 9.000	21.750	1.0000e-07
 9.000	22.000	1.0000e-07
 9.000	22.250	1.0000e-07
 9.000	22.500	1.0000e-07
 9.000	22.750	1.0000e-07
 9.000	23.000	1.0000e-07
 9.000	23.250	1.0000e-07
 9.000	23.500	1.0000e-07
 9.000	23.750	1.0000e-07
 9.000	24.000	1.0000e-07
 9.250	17.000	3.3747e-03
 9.250	17.250	4.2607e-03
 9.250	17.500	4.8951e-03
 9.250	17.750	5.2635e-03
 9.250	18.000	5.3727e-03
 9.250	18.250	5.2523e-03
 9.250	18.500	4.8620e-03
 9.250	18.750	1.4751e-03
 9.250	19.000	3.7695e-05
 9.250	19.250	1.0000e-07
 9.250	19.500	1.0000e-07
 9.250	19.750	1.0000e-07
 9.250	20.000	1.0000e-07
 9.250	20.250	1.0000e-07
 9.250	20.500	1.0000e-07
 9.250	20.750	1.0000e-07
 9.250	21.000	1.0000e-07
 9.250	21.250	1.0000e-07
 9.250	21.500	1.0000e-07
 9.250	21.750	1.0000e-07
 9.250	22.000	1.0000e-07
 9.250	22.250	1.0000e-07
 9.250	22.500	1.0000e-07
 9.250	22.750	1.0000e-07
 9.250	23.000	1.0000e-07
 9.250	23.250	1.0000e-07
 9.250	23.500	1.0000e-07
 9.250	23.750	1.0000e-07
 9.250	24.000	1.0000e-07
 9.500	17.000	2.3106e-03
 9.500	17.250	3.4074e-03
 9.500	17.500	4.3202e-03
 9.500	17.750	4.9813e-03
 9.500	18.000	5.3671e-03
 9.500	18.250	5.5182e-03
 9.500	18.500	5.4611e-03
 9.500	18.750	4.9407e-03
 9.500	19.000	1.4566e-03
 9.500	19.250	4.1235e-05
 9.500	19.500	1.0000e-07
 9.500	19.750	1.0000e-07
 9.500	20.000	1.0000e-07
 9.500	20.250	1.0000e-07
 9.500	20.500	1.0000e-07
 9.500	20.750	1.0000e-07
 9.500	21.000	1.0000e-07
 9.500	21.250	1.0000e-07
 9.500	21.500	1.0000e-07
 9.500	21.750	1.0000e-07
 9.500	22.000	1.0000e-07
 9.500	22.250	1.0000e-07
 9.500	22.500	1.0000e-07
 9.500	22.750	1.0000e-07
 9.500	23.000	1.0000e-07
 9.500	23.250	1.0000e-07
 9.500	23.500	1.0000e-07
 9.500	23.750	1.0000e-07
 9.500	24.000	1.0000e-07
 9.750	17.000	1.1987e-03
 9.750	17.250	2.2943e-03
 9.750	17.500	3.4259e-03
 9.750	17.750	4.3858e-03
 9.750	18.000	5.0878e-03
 9.750	18.250	5.5206e-03
 9.750	18.500	5.6907e-03
 9.750	18.750	5.6674e-03
 9.750	19.000	4.5654e-03
 9.750	19.250	1.4163e-03
 9.750	19.500	4.7654e-05
 9.750	19.750	1.0000e-07
 9.750	20.000	1.0000e-07
 9.750	20.250	1.0000e-07
 9.750	20.500	1.0000e-07
 9.750	20.750	1.0000e-07
 9.750	21.000	1.0000e-07
 9.750	21.250	1.0000e-07
 9.750	21.500	1.0000e-07
 9.750	21.750	1.0000e-07
 9.750	22.000	1.0000e-07
 9.750	22.250	1.0000e-07
 9.750	22.500	1.0000e-07
 9.750	22.750	1.0000e-07
 9.750	23.000	1.0000e-07
 9.750	23.250	1.0000e-07
 9.750	23.500	1.0000e-07
 9.750	23.750	1.0000e-07
 9.750	24.000	1.0000e-07
10.000	17.000	3.8247e-04
10.000	17.250	1.1491e-03
10.000	17.500	2.2488e-03
10.000	17.750	3.4052e-03
10.000	18.000	4.4055e-03
10.000	18.250	5.1286e-03
10.000	18.500	5.5108e-03
10.000	18.750	5.6451e-03
10.000	19.000	5.6004e-03
10.000	19.250	3.9077e-03
10.000	19.500	1.3348e-03
10.000	19.750	5.6790e-05
10.000	20.000	1.0000e-07
10.000	20.250	1.0000e-07
10.000	20.500	1.0000e-07
10.000	20.750	1.0000e-07
10.000	21.000	1.0000e-07
10.000	21.250	1.0000e-07
10.000	21.500	1.0000e-07
10.000	21.750	1.0000e-07
10.000	22.000	1.0000e-07
10.000	22.250	1.0000e-07
10.000	22.500	1.0000e-07
10.000	22.750	1.0000e-07
10.000	23.000	1.0000e-07
10.000	23.250	1.0000e-07
10.000	23.500	1.0000e-07
10.000	23.750	1.0000e-07
10.000	24.000	1.0000e-07
10.250	17.000	7.4156e-05
10.250	17.250	3.4955e-04
10.250	17.500	1.0793e-03
10.250	17.750	2.1434e-03
10.250	18.000	3.2844e-03
10.250	18.250	4.2291e-03
10.250	18.500	4.8279e-03
10.250	18.750	5.1284e-03
10.250	19.000	5.2833e-03
10.250	19.250	5.2708e-03
10.250	19.500	3.2909e-03
10.250	19.750	1.1805e-03
10.250	20.000	6.5514e-05
10.250	20.250	1.0000e-07
10.250	20.500	1.0000e-07
10.250	20.750	1.0000e-07
10.250	21.000	1.0000e-07
10.250	21.250	1.0000e-07
10.250	21.500	1.0000e-07
10.250	21.750	1.0000e-07
10.250	22.000	1.0000e-07
10.250	22.250	1.0000e-07
10.250	22.500	1.0000e-07
10.250	22.750	1.0000e-07
10.250	23.000	1.0000e-07
10.250	23.250	1.0000e-07
10.250	23.500	1.0000e-07
10.250	23.750	1.0000e-07
10.250	24.000	1.0000e-07
10.500	17.000	1.0700e-05
10.500	17.250	6.3786e-05
10.500	17.500	3.1251e-04
10.500	17.750	9.7473e-04
10.500	18.000	1.9432e-03
10.500	18.250	2.9248e-03
10.500	18.500	3.6668e-03
10.500	18.750	4.1225e-03
10.500	19.000	4.3719e-03
10.500	19.250	4.5556e-03
10.500	19.500	4.8945e-03
10.500	19.750	2.8110e-03
10.500	20.000	1.0394e-03
10.500	20.250	6.9465e-05
10.500	20.500	1.0000e-07
10.500	20.750	1.0000e-07
10.500	21.000	1.0000e-07
10.500	21.250	1.0000e-07
10.500	21.500	1.0000e-07
10.500	21.750	1.0000e-07
10.500	22.000	1.0000e-07
10.500	22.250	1.0000e-07
10.500	22.500	1.0000e-07
10.500	22.750	1.0000e-07
10.500	23.000	1.0000e-07
10.500	23.250	1.0000e-07
10.500	23.500	1.0000e-07
10.500	23.750	1.0000e-07
10.500	24.000	1.0000e-07
10.750	17.000	1.5638e-06
10.750	17.250	8.6420e-06
10.750	17.500	5.4156e-05
10.750	17.750	2.7432e-04
10.750	18.000	8.2708e-04
10.750	18.250	1.5891e-03
10.750	18.500	2.3089e-03
10.750	18.750	2.8458e-03
10.750	19.000	3.1977e-03
10.750	19.250	3.4304e-03
10.750	19.500	3.6027e-03
10.750	19.750	3.7062e-03
10.750	20.000	2.3196e-03
10.750	20.250	8.9835e-04
10.750	20.500	6.4115e-05
10.750	20.750	1.0000e-07
10.750	21.000	1.0000e-07
10.750	21.250	1.0000e-07
10.750	21.500	1.0000e-07
10.750	21.750	1.0000e-07
10.750	22.000	1.0000e-07
10.750	22.250	1.0000e-07
10.750	22.500	1.0000e-07
10.750	22.750	1.0000e-07
10.750	23.000	1.0000e-07
10.750	23.250	1.0000e-07
10.750	23.500	1.0000e-07
10.750	23.750	1.0000e-07
10.750	24.000	1.0000e-07
11.000	17.000	1.0000e-07
11.000	17.250	1.1523e-06
11.000	17.500	6.9136e-06
11.000	17.750	4.6337e-05
11.000	18.000	2.2461e-04
11.000	18.250	6.2181e-04
11.000	18.500	1.1473e-03
11.000	18.750	1.6419e-03
11.000	19.000	2.0188e-03
11.000	19.250	2.2984e-03
11.000	19.500	2.5156e-03
11.000	19.750	2.6824e-03
11.000	20.000	2.8440e-03
11.000	20.250	2.0692e-03
11.000	20.500	7.3086e-04
11.000	20.750	4.8807e-05
11.000	21.000	1.0000e-07
11.000	21.250	1.0000e-07
11.000	21.500	1.0000e-07
11.000	21.750	1.0000e-07
11.000	22.000	1.0000e-07
11.000	22.250	1.0000e-07
11.000	22.500	1.0000e-07
11.000	22.750	1.0000e-07
11.000	23.000	1.0000e-07
11.000	23.250	1.0000e-07
11.000	23.500	1.0000e-07
11.000	23.750	1.0000e-07
11.000	24.000	1.0000e-07
11.250	17.000	1.0000e-07
11.250	17.250	1.0000e-07
11.250	17.500	9.0535e-07
11.250	17.750	5.7613e-06
11.250	18.000	3.7284e-05
11.250	18.250	1.6000e-04
11.250	18.500	4.1835e-04
11.250	18.750	7.6165e-04
11.250	19.000	1.0835e-03
11.250	19.250	1.3461e-03
11.250	19.500	1.5733e-03
11.250	19.750	1.7701e-03
11.250	20.000	1.9018e-03
11.250	20.250	2.0297e-03
11.250	20.500	1.4469e-03
11.250	20.750	5.6000e-04
11.250	21.000	2.7490e-05
11.250	21.250	1.0000e-07
11.250	21.500	1.0000e-07
11.250	21.750	1.0000e-07
11.250	22.000	1.0000e-07
11.250	22.250	1.0000e-07
11.250	22.500	1.0000e-07
11.250	22.750	1.0000e-07
11.250	23.000	1.0000e-07
11.250	23.250	1.0000e-07
11.250	23.500	1.0000e-07
11.250	23.750	1.0000e-07
11.250	24.000	1.0000e-07
11.500	17.000	1.0000e-07
11.500	17.250	1.0000e-07
11.500	17.500	1.0000e-07
11.500	17.750	1.0000e-07
11.500	18.000	4.5267e-06
11.500	18.250	2.6008e-05
11.500	18.500	1.0263e-04
11.500	18.750	2.6403e-04
11.500	19.000	4.7984e-04
11.500	19.250	6.8519e-04
11.500	19.500	8.7325e-04
11.500	19.750	1.0593e-03
11.500	20.000	1.2279e-03
11.500	20.250	1.3442e-03
11.500	20.500	1.4607e-03
11.500	20.750	1.0793e-03
11.500	21.000	3.9597e-04
11.500	21.250	6.4198e-06
11.500	21.500	1.0000e-07
11.500	21.750	1.0000e-07
11.500	22.000	1.0000e-07
11.500	22.250	1.0000e-07
11.500	22.500	1.0000e-07
11.500	22.750	1.0000e-07
11.500	23.000	1.0000e-07
11.500	23.250	1.0000e-07
11.500	23.500	1.0000e-07
11.500	23.750	1.0000e-07
11.500	24.000	1.0000e-07
11.750	17.000	1.0000e-07
11.750	17.250	1.0000e-07
11.750	17.500	1.0000e-07
11.750	17.750	1.0000e-07
11.750	18.000	1.0000e-07
11.750	18.250	3.1276e-06
11.750	18.500	1.6379e-05
11.750	18.750	6.2716e-05
11.750	19.000	1.6198e-04
11.750	19.250	2.9638e-04
11.750	19.500	4.2955e-04
11.750	19.750	5.6774e-04
11.750	20.000	7.1547e-04
11.750	20.250	8.5325e-04
11.750	20.500	9.4922e-04
11.750	20.750	1.0075e-03
11.750	21.000	7.3654e-04
11.750	21.250	2.3778e-04
11.750	21.500	9.0535e-07
11.750	21.750	1.0000e-07
11.750	22.000	1.0000e-07
11.750	22.250	1.0000e-07
11.750	22.500	1.0000e-07
11.750	22.750	1.0000e-07
11.750	23.000	1.0000e-07
11.750	23.250	1.0000e-07
11.750	23.500	1.0000e-07
11.750	23.750	1.0000e-07
11.750	24.000	1.0000e-07
12.000	17.000	1.0000e-07
12.000	17.250	1.0000e-07
12.000	17.500	1.0000e-07
12.000	17.750	1.0000e-07
12.000	18.000	1.0000e-07
12.000	18.250	1.0000e-07
12.000	18.500	1.9753e-06
12.000	18.750	9.9588e-06
12.000	19.000	3.8025e-05
12.000	19.250	9.9506e-05
12.000	19.500	1.8403e-04
12.000	19.750	2.7333e-04
12.000	20.000	3.7588e-04
12.000	20.250	4.8831e-04
12.000	20.500	5.9152e-04
12.000	20.750	6.5572e-04
12.000	21.000	6.7325e-04
12.000	21.250	4.8000e-04
12.000	21.500	1.1119e-04
12.000	21.750	1.0000e-07
12.000	22.000	1.0000e-07
12.000	22.250	1.0000e-07
12.000	22.500	1.0000e-07
12.000	22.750	1.0000e-07
12.000	23.000	1.0000e-07
12.000	23.250	1.0000e-07
12.000	23.500	1.0000e-07
12.000	23.750	1.0000e-07
12.000	24.000	1.0000e-07
12.250	17.000	1.0000e-07
12.250	17.250	1.0000e-07
12.250	17.500	1.0000e-07
12.250	17.750	1.0000e-07
12.250	18.000	1.0000e-07
12.250	18.250	1.0000e-07
12.250	18.500	1.0000e-07
12.250	18.750	1.2346e-06
12.250	19.000	6.0905e-06
12.250	19.250	2.3704e-05
12.250	19.500	6.2634e-05
12.250	19.750	1.1695e-04
12.250	20.000	1.7885e-04
12.250	20.250	2.5432e-04
12.250	20.500	3.3687e-04
12.250	20.750	4.0905e-04
12.250	21.000	4.5325e-04
12.250	21.250	4.4881e-04
12.250	21.500	2.9037e-04
12.250	21.750	3.1440e-05
12.250	22.000	1.0000e-07
12.250	22.250	1.0000e-07
12.250	22.500	1.0000e-07
12.250	22.750	1.0000e-07
12.250	23.000	1.0000e-07
12.250	23.250	1.0000e-07
12.250	23.500	1.0000e-07
12.250	23.750	1.0000e-07
12.250	24.000	1.0000e-07
12.500	17.000	1.0000e-07
12.500	17.250	1.0000e-07
12.500	17.500	1.0000e-07
12.500	17.750	1.0000e-07
12.500	18.000	1.0000e-07
12.500	18.250	1.0000e-07
12.500	18.500	1.0000e-07
12.500	18.750	1.0000e-07
12.500	19.000	8.2305e-07
12.500	19.250	3.9506e-06
12.500	19.500	1.5309e-05
12.500	19.750	4.0741e-05
12.500	20.000	7.6379e-05
12.500	20.250	1.1984e-04
12.500	20.500	1.7457e-04
12.500	20.750	2.3399e-04
12.500	21.000	2.8543e-04
12.500	21.250	3.1564e-04
12.500	21.500	2.9218e-04
12.500	21.750	1.6436e-04
12.500	22.000	2.8807e-06
12.500	22.250	1.0000e-07
12.500	22.500	1.0000e-07
12.500	22.750	1.0000e-07
12.500	23.000	1.0000e-07
12.500	23.250	1.0000e-07
12.500	23.500	1.0000e-07
12.500	23.750	1.0000e-07
12.500	24.000	1.0000e-07
12.750	17.000	1.0000e-07
12.750	17.250	1.0000e-07
12.750	17.500	1.0000e-07
12.750	17.750	1.0000e-07
12.750	18.000	1.0000e-07
12.750	18.250	1.0000e-07
12.750	18.500	1.0000e-07
12.750	18.750	1.0000e-07
12.750	19.000	1.0000e-07
12.750	19.250	1.0000e-07
12.750	19.500	2.7160e-06
12.750	19.750	1.0206e-05
12.750	20.000	2.6749e-05
12.750	20.250	5.0864e-05
12.750	20.500	8.1481e-05
12.750	20.750	1.2082e-04
12.750	21.000	1.6477e-04
12.750	21.250	2.0140e-04
12.750	21.500	2.1654e-04
12.750	21.750	1.9695e-04
12.750	22.000	8.9794e-05
12.750	22.250	1.0000e-07
12.750	22.500	1.0000e-07
12.750	22.750	1.0000e-07
12.750	23.000	1.0000e-07
12.750	23.250	1.0000e-07
12.750	23.500	1.0000e-07
12.750	23.750	1.0000e-07
12.750	24.000	1.0000e-07
13.000	17.000	1.0000e-07
13.000	17.250	1.0000e-07
13.000	17.500	1.0000e-07
13.000	17.750	1.0000e-07
13.000	18.000	1.0000e-07
13.000	18.250	1.0000e-07
13.000	18.500	1.0000e-07
13.000	18.750	1.0000e-07
13.000	19.000	1.0000e-07
13.000	19.250	1.0000e-07
13.000	19.500	1.0000e-07
13.000	19.750	1.8107e-06
13.000	20.000	6.6667e-06
13.000	20.250	1.7202e-05
13.000	20.500	3.4074e-05
13.000	20.750	5.5638e-05
13.000	21.000	8.3539e-05
13.000	21.250	1.1613e-04
13.000	21.500	1.4025e-04
13.000	21.750	1.5695e-04
13.000	22.000	1.3021e-04
13.000	22.250	4.7325e-05
13.000	22.500	1.0000e-07
13.000	22.750	1.0000e-07
13.000	23.000	1.0000e-07
13.000	23.250	1.0000e-07
13.000	23.500	1.0000e-07
13.000	23.750	1.0000e-07
13.000	24.000	1.0000e-07
13.250	17.000	1.0000e-07
13.250	17.250	1.0000e-07
13.250	17.500	1.0000e-07
13.250	17.750	1.0000e-07
13.250	18.000	1.0000e-07
13.250	18.250	1.0000e-07
13.250	18.500	1.0000e-07
13.250	18.750	1.0000e-07
13.250	19.000	1.0000e-07
13.250	19.250	1.0000e-07
13.250	19.500	1.0000e-07
13.250	19.750	1.0000e-07
13.250	20.000	1.2346e-06
13.250	20.250	4.1152e-06
13.250	20.500	1.0947e-05
13.250	20.750	2.2058e-05
13.250	21.000	3.7613e-05
13.250	21.250	5.7531e-05
13.250	21.500	7.8848e-05
13.250	21.750	9.4815e-05
13.250	22.000	1.0815e-04
13.250	22.250	8.7984e-05
13.250	22.500	2.8560e-05
13.250	22.750	1.0000e-07
13.250	23.000	1.0000e-07
13.250	23.250	1.0000e-07
13.250	23.500	1.0000e-07
13.250	23.750	1.0000e-07
13.250	24.000	1.0000e-07
13.500	17.000	1.0000e-07
13.500	17.250	1.0000e-07
13.500	17.500	1.0000e-07
13.500	17.750	1.0000e-07
13.500	18.000	1.0000e-07
13.500	18.250	1.0000e-07
13.500	18.500	1.0000e-07
13.500	18.750	1.0000e-07
13.500	19.000	1.0000e-07
13.500	19.250	1.0000e-07
13.500	19.500	1.0000e-07
13.500	19.750	1.0000e-07
13.500	20.000	1.0000e-07
13.500	20.250	8.2305e-07
13.500	20.500	2.7160e-06
13.500	20.750	6.9136e-06
13.500	21.000	1.3909e-05
13.500	21.250	2.4444e-05
13.500	21.500	3.6543e-05
13.500	21.750	5.1193e-05
13.500	22.000	6.4609e-05
13.500	22.250	7.3251e-05
13.500	22.500	6.2798e-05
13.500	22.750	2.0576e-05
13.500	23.000	1.0000e-07
13.500	23.250	1.0000e-07
13.500	23.500	1.0000e-07
13.500	23.750	1.0000e-07
13.500	24.000	1.0000e-07
13.750	17.000	1.0000e-07
13.750	17.250	1.0000e-07
13.750	17.500	1.0000e-07
13.750	17.750	1.0000e-07
13.750	18.000	1.0000e-07
13.750	18.250	1.0000e-07
13.750	18.500	1.0000e-07
13.750	18.750	1.0000e-07
13.750	19.000	1.0000e-07
13.750	19.250	1.0000e-07
13.750	19.500	1.0000e-07
13.750	19.750	1.0000e-07
13.750	20.000	1.0000e-07
13.750	20.250	1.0000e-07
13.750	20.500	1.0000e-07
13.750	20.750	1.9753e-06
13.750	21.000	4.6914e-06
13.750	21.250	9.3004e-06
13.750	21.500	1.5885e-05
13.750	21.750	2.4609e-05
13.750	22.000	3.4568e-05
13.750	22.250	4.6173e-05
13.750	22.500	5.4815e-05
13.750	22.750	4.5514e-05
13.750	23.000	1.4074e-05
13.750	23.250	1.0000e-07
13.750	23.500	1.0000e-07
13.750	23.750	1.0000e-07
13.750	24.000	1.0000e-07
14.000	17.000	1.0000e-07
14.000	17.250	1.0000e-07
14.000	17.500	1.0000e-07
14.000	17.750	1.0000e-07
14.000	18.000	1.0000e-07
14.000	18.250	1.0000e-07
14.000	18.500	1.0000e-07
14.000	18.750	1.0000e-07
14.000	19.000	1.0000e-07
14.000	19.250	1.0000e-07
14.000	19.500	1.0000e-07
14.000	19.750	1.0000e-07
14.000	20.000	1.0000e-07
14.000	20.250	1.0000e-07
14.000	20.500	1.0000e-07
14.000	20.750	1.0000e-07
14.000	21.000	1.4815e-06
14.000	21.250	3.5391e-06
14.000	21.500	6.6667e-06
14.000	21.750	1.1358e-05
14.000	22.000	1.7449e-05
14.000	22.250	2.5021e-05
14.000	22.500	3.4074e-05
14.000	22.750	3.8930e-05
14.000	23.000	3.1440e-05
14.000	23.250	8.2305e-06
14.000	23.500	1.0000e-07
14.000	23.750	1.0000e-07
14.000	24.000	1.0000e-07
