Ne 8 770.404A  relative to Inci 1215.00A scaled to 1215A.
Hden   Phi(H)  Eq_Width (A)
7.000  17.000  2.6014e-03
7.000  17.250  1.1777e-02
7.000  17.500  2.0255e-02
7.000  17.750  1.1154e-02
7.000  18.000  2.8049e-03
7.000  18.250  5.2831e-04
7.000  18.500  1.2733e-04
7.000  18.750  1.2675e-05
7.000  19.000  1.0000e-07
7.000  19.250  1.0000e-07
7.000  19.500  1.0000e-07
7.000  19.750  1.0000e-07
7.000  20.000  1.0000e-07
7.000  20.250  1.0000e-07
7.000  20.500  1.0000e-07
7.000  20.750  1.0000e-07
7.000  21.000  1.0000e-07
7.000  21.250  1.0000e-07
7.000  21.500  1.0000e-07
7.000  21.750  1.0000e-07
7.000  22.000  1.0000e-07
7.000  22.250  1.0000e-07
7.000  22.500  1.0000e-07
7.000  22.750  1.0000e-07
7.000  23.000  1.0000e-07
7.000  23.250  1.0000e-07
7.000  23.500  1.0000e-07
7.000  23.750  1.0000e-07
7.000  24.000  1.0000e-07
7.250  17.000  4.9531e-04
7.250  17.250  2.6805e-03
7.250  17.500  1.2084e-02
7.250  17.750  2.0585e-02
7.250  18.000  1.1210e-02
7.250  18.250  2.8102e-03
7.250  18.500  5.2872e-04
7.250  18.750  1.2741e-04
7.250  19.000  1.2675e-05
7.250  19.250  1.0000e-07
7.250  19.500  1.0000e-07
7.250  19.750  1.0000e-07
7.250  20.000  1.0000e-07
7.250  20.250  1.0000e-07
7.250  20.500  1.0000e-07
7.250  20.750  1.0000e-07
7.250  21.000  1.0000e-07
7.250  21.250  1.0000e-07
7.250  21.500  1.0000e-07
7.250  21.750  1.0000e-07
7.250  22.000  1.0000e-07
7.250  22.250  1.0000e-07
7.250  22.500  1.0000e-07
7.250  22.750  1.0000e-07
7.250  23.000  1.0000e-07
7.250  23.250  1.0000e-07
7.250  23.500  1.0000e-07
7.250  23.750  1.0000e-07
7.250  24.000  1.0000e-07
7.500  17.000  1.7588e-04
7.500  17.250  5.0864e-04
7.500  17.500  2.7523e-03
7.500  17.750  1.2382e-02
7.500  18.000  2.0963e-02
7.500  18.250  1.1281e-02
7.500  18.500  2.8160e-03
7.500  18.750  5.2922e-04
7.500  19.000  1.2741e-04
7.500  19.250  1.2675e-05
7.500  19.500  1.0000e-07
7.500  19.750  1.0000e-07
7.500  20.000  1.0000e-07
7.500  20.250  1.0000e-07
7.500  20.500  1.0000e-07
7.500  20.750  1.0000e-07
7.500  21.000  1.0000e-07
7.500  21.250  1.0000e-07
7.500  21.500  1.0000e-07
7.500  21.750  1.0000e-07
7.500  22.000  1.0000e-07
7.500  22.250  1.0000e-07
7.500  22.500  1.0000e-07
7.500  22.750  1.0000e-07
7.500  23.000  1.0000e-07
7.500  23.250  1.0000e-07
7.500  23.500  1.0000e-07
7.500  23.750  1.0000e-07
7.500  24.000  1.0000e-07
7.750  17.000  7.1523e-05
7.750  17.250  1.7984e-04
7.750  17.500  5.1967e-04
7.750  17.750  2.8144e-03
7.750  18.000  1.2679e-02
7.750  18.250  2.1373e-02
7.750  18.500  1.1360e-02
7.750  18.750  2.8217e-03
7.750  19.000  5.2963e-04
7.750  19.250  1.2741e-04
7.750  19.500  1.2675e-05
7.750  19.750  1.0000e-07
7.750  20.000  1.0000e-07
7.750  20.250  1.0000e-07
7.750  20.500  1.0000e-07
7.750  20.750  1.0000e-07
7.750  21.000  1.0000e-07
7.750  21.250  1.0000e-07
7.750  21.500  1.0000e-07
7.750  21.750  1.0000e-07
7.750  22.000  1.0000e-07
7.750  22.250  1.0000e-07
7.750  22.500  1.0000e-07
7.750  22.750  1.0000e-07
7.750  23.000  1.0000e-07
7.750  23.250  1.0000e-07
7.750  23.500  1.0000e-07
7.750  23.750  1.0000e-07
7.750  24.000  1.0000e-07
8.000  17.000  3.2510e-05
8.000  17.250  7.2757e-05
8.000  17.500  1.8272e-04
8.000  17.750  5.2724e-04
8.000  18.000  2.8685e-03
8.000  18.250  1.2975e-02
8.000  18.500  2.1843e-02
8.000  18.750  1.1446e-02
8.000  19.000  2.8275e-03
8.000  19.250  5.3004e-04
8.000  19.500  1.2741e-04
8.000  19.750  1.2675e-05
8.000  20.000  1.0000e-07
8.000  20.250  1.0000e-07
8.000  20.500  1.0000e-07
8.000  20.750  1.0000e-07
8.000  21.000  1.0000e-07
8.000  21.250  1.0000e-07
8.000  21.500  1.0000e-07
8.000  21.750  1.0000e-07
8.000  22.000  1.0000e-07
8.000  22.250  1.0000e-07
8.000  22.500  1.0000e-07
8.000  22.750  1.0000e-07
8.000  23.000  1.0000e-07
8.000  23.250  1.0000e-07
8.000  23.500  1.0000e-07
8.000  23.750  1.0000e-07
8.000  24.000  1.0000e-07
8.250  17.000  8.8889e-06
8.250  17.250  3.3004e-05
8.250  17.500  7.3580e-05
8.250  17.750  1.8469e-04
8.250  18.000  5.3292e-04
8.250  18.250  2.9138e-03
8.250  18.500  1.3279e-02
8.250  18.750  2.2354e-02
8.250  19.000  1.1544e-02
8.250  19.250  2.8333e-03
8.250  19.500  5.3053e-04
8.250  19.750  1.2733e-04
8.250  20.000  1.2675e-05
8.250  20.250  1.0000e-07
8.250  20.500  1.0000e-07
8.250  20.750  1.0000e-07
8.250  21.000  1.0000e-07
8.250  21.250  1.0000e-07
8.250  21.500  1.0000e-07
8.250  21.750  1.0000e-07
8.250  22.000  1.0000e-07
8.250  22.250  1.0000e-07
8.250  22.500  1.0000e-07
8.250  22.750  1.0000e-07
8.250  23.000  1.0000e-07
8.250  23.250  1.0000e-07
8.250  23.500  1.0000e-07
8.250  23.750  1.0000e-07
8.250  24.000  1.0000e-07
8.500  17.000  1.0700e-06
8.500  17.250  9.0535e-06
8.500  17.500  3.3251e-05
8.500  17.750  7.4239e-05
8.500  18.000  1.8584e-04
8.500  18.250  5.3621e-04
8.500  18.500  2.9519e-03
8.500  18.750  1.3591e-02
8.500  19.000  2.2940e-02
8.500  19.250  1.1645e-02
8.500  19.500  2.8395e-03
8.500  19.750  5.3095e-04
8.500  20.000  1.2733e-04
8.500  20.250  1.2675e-05
8.500  20.500  1.0000e-07
8.500  20.750  1.0000e-07
8.500  21.000  1.0000e-07
8.500  21.250  1.0000e-07
8.500  21.500  1.0000e-07
8.500  21.750  1.0000e-07
8.500  22.000  1.0000e-07
8.500  22.250  1.0000e-07
8.500  22.500  1.0000e-07
8.500  22.750  1.0000e-07
8.500  23.000  1.0000e-07
8.500  23.250  1.0000e-07
8.500  23.500  1.0000e-07
8.500  23.750  1.0000e-07
8.500  24.000  1.0000e-07
8.750  17.000  1.0000e-07
8.750  17.250  1.0700e-06
8.750  17.500  9.1358e-06
8.750  17.750  3.3498e-05
8.750  18.000  7.4568e-05
8.750  18.250  1.8609e-04
8.750  18.500  5.3728e-04
8.750  18.750  2.9811e-03
8.750  19.000  1.3916e-02
8.750  19.250  2.3569e-02
8.750  19.500  1.1755e-02
8.750  19.750  2.8460e-03
8.750  20.000  5.3152e-04
8.750  20.250  1.2724e-04
8.750  20.500  1.2675e-05
8.750  20.750  1.0000e-07
8.750  21.000  1.0000e-07
8.750  21.250  1.0000e-07
8.750  21.500  1.0000e-07
8.750  21.750  1.0000e-07
8.750  22.000  1.0000e-07
8.750  22.250  1.0000e-07
8.750  22.500  1.0000e-07
8.750  22.750  1.0000e-07
8.750  23.000  1.0000e-07
8.750  23.250  1.0000e-07
8.750  23.500  1.0000e-07
8.750  23.750  1.0000e-07
8.750  24.000  1.0000e-07
9.000  17.000  1.0000e-07
9.000  17.250  1.0000e-07
9.000  17.500  1.0700e-06
9.000  17.750  9.3004e-06
9.000  18.000  3.3663e-05
9.000  18.250  7.4650e-05
9.000  18.500  1.8568e-04
9.000  18.750  5.3621e-04
9.000  19.000  3.0002e-03
9.000  19.250  1.4220e-02
9.000  19.500  2.4233e-02
9.000  19.750  1.1868e-02
9.000  20.000  2.8537e-03
9.000  20.250  5.3218e-04
9.000  20.500  1.2724e-04
9.000  20.750  1.2675e-05
9.000  21.000  1.0000e-07
9.000  21.250  1.0000e-07
9.000  21.500  1.0000e-07
9.000  21.750  1.0000e-07
9.000  22.000  1.0000e-07
9.000  22.250  1.0000e-07
9.000  22.500  1.0000e-07
9.000  22.750  1.0000e-07
9.000  23.000  1.0000e-07
9.000  23.250  1.0000e-07
9.000  23.500  1.0000e-07
9.000  23.750  1.0000e-07
9.000  24.000  1.0000e-07
9.250  17.000  1.0000e-07
9.250  17.250  1.0000e-07
9.250  17.500  1.0000e-07
9.250  17.750  1.1523e-06
9.250  18.000  9.3004e-06
9.250  18.250  3.3745e-05
9.250  18.500  7.4568e-05
9.250  18.750  1.8469e-04
9.250  19.000  5.3407e-04
9.250  19.250  3.0075e-03
9.250  19.500  1.4483e-02
9.250  19.750  2.4895e-02
9.250  20.000  1.1984e-02
9.250  20.250  2.8628e-03
9.250  20.500  5.3292e-04
9.250  20.750  1.2724e-04
9.250  21.000  1.2675e-05
9.250  21.250  1.0000e-07
9.250  21.500  1.0000e-07
9.250  21.750  1.0000e-07
9.250  22.000  1.0000e-07
9.250  22.250  1.0000e-07
9.250  22.500  1.0000e-07
9.250  22.750  1.0000e-07
9.250  23.000  1.0000e-07
9.250  23.250  1.0000e-07
9.250  23.500  1.0000e-07
9.250  23.750  1.0000e-07
9.250  24.000  1.0000e-07
9.500  17.000  1.0000e-07
9.500  17.250  1.0000e-07
9.500  17.500  1.0000e-07
9.500  17.750  1.0000e-07
9.500  18.000  1.1523e-06
9.500  18.250  9.3827e-06
9.500  18.500  3.3745e-05
9.500  18.750  7.4239e-05
9.500  19.000  1.8305e-04
9.500  19.250  5.3243e-04
9.500  19.500  3.0105e-03
9.500  19.750  1.4697e-02
9.500  20.000  2.5500e-02
9.500  20.250  1.2104e-02
9.500  20.500  2.8754e-03
9.500  20.750  5.3893e-04
9.500  21.000  1.2716e-04
9.500  21.250  1.2675e-05
9.500  21.500  1.0000e-07
9.500  21.750  1.0000e-07
9.500  22.000  1.0000e-07
9.500  22.250  1.0000e-07
9.500  22.500  1.0000e-07
9.500  22.750  1.0000e-07
9.500  23.000  1.0000e-07
9.500  23.250  1.0000e-07
9.500  23.500  1.0000e-07
9.500  23.750  1.0000e-07
9.500  24.000  1.0000e-07
9.750  17.000  1.0000e-07
9.750  17.250  1.0000e-07
9.750  17.500  1.0000e-07
9.750  17.750  1.0000e-07
9.750  18.000  1.0000e-07
9.750  18.250  1.1523e-06
9.750  18.500  9.3827e-06
9.750  18.750  3.3745e-05
9.750  19.000  7.3992e-05
9.750  19.250  1.8181e-04
9.750  19.500  5.3506e-04
9.750  19.750  3.0184e-03
9.750  20.000  1.4864e-02
9.750  20.250  2.5839e-02
9.750  20.500  1.2232e-02
9.750  20.750  2.8933e-03
9.750  21.000  5.3901e-04
9.750  21.250  1.2716e-04
9.750  21.500  1.2675e-05
9.750  21.750  8.2305e-07
9.750  22.000  1.0000e-07
9.750  22.250  1.0000e-07
9.750  22.500  1.0000e-07
9.750  22.750  1.0000e-07
9.750  23.000  1.0000e-07
9.750  23.250  1.0000e-07
9.750  23.500  1.0000e-07
9.750  23.750  1.0000e-07
9.750  24.000  1.0000e-07
10.000  17.000  1.0000e-07
10.000  17.250  1.0000e-07
10.000  17.500  1.0000e-07
10.000  17.750  1.0000e-07
10.000  18.000  1.0000e-07
10.000  18.250  1.0000e-07
10.000  18.500  1.1523e-06
10.000  18.750  9.3827e-06
10.000  19.000  3.3663e-05
10.000  19.250  7.3827e-05
10.000  19.500  1.8115e-04
10.000  19.750  5.4148e-04
10.000  20.000  3.0580e-03
10.000  20.250  1.5037e-02
10.000  20.500  2.6321e-02
10.000  20.750  1.2356e-02
10.000  21.000  2.9115e-03
10.000  21.250  5.3967e-04
10.000  21.500  1.2716e-04
10.000  21.750  1.2675e-05
10.000  22.000  8.2305e-07
10.000  22.250  1.0000e-07
10.000  22.500  1.0000e-07
10.000  22.750  1.0000e-07
10.000  23.000  1.0000e-07
10.000  23.250  1.0000e-07
10.000  23.500  1.0000e-07
10.000  23.750  1.0000e-07
10.000  24.000  1.0000e-07
10.250  17.000  1.0000e-07
10.250  17.250  1.0000e-07
10.250  17.500  1.0000e-07
10.250  17.750  1.0000e-07
10.250  18.000  1.0000e-07
10.250  18.250  1.0000e-07
10.250  18.500  1.0000e-07
10.250  18.750  1.1523e-06
10.250  19.000  9.3827e-06
10.250  19.250  3.3663e-05
10.250  19.500  7.3580e-05
10.250  19.750  1.8551e-04
10.250  20.000  5.5679e-04
10.250  20.250  3.1473e-03
10.250  20.500  1.5300e-02
10.250  20.750  2.6775e-02
10.250  21.000  1.2493e-02
10.250  21.250  2.9360e-03
10.250  21.500  5.4066e-04
10.250  21.750  1.2716e-04
10.250  22.000  1.2757e-05
10.250  22.250  8.2305e-07
10.250  22.500  1.0000e-07
10.250  22.750  1.0000e-07
10.250  23.000  1.0000e-07
10.250  23.250  1.0000e-07
10.250  23.500  1.0000e-07
10.250  23.750  1.0000e-07
10.250  24.000  1.0000e-07
10.500  17.000  1.0000e-07
10.500  17.250  1.0000e-07
10.500  17.500  1.0000e-07
10.500  17.750  1.0000e-07
10.500  18.000  1.0000e-07
10.500  18.250  1.0000e-07
10.500  18.500  1.0000e-07
10.500  18.750  1.0000e-07
10.500  19.000  1.2346e-06
10.500  19.250  9.4650e-06
10.500  19.500  3.3745e-05
10.500  19.750  7.4074e-05
10.500  20.000  1.8774e-04
10.500  20.250  5.9342e-04
10.500  20.500  3.3622e-03
10.500  20.750  1.5793e-02
10.500  21.000  2.7220e-02
10.500  21.250  1.2645e-02
10.500  21.500  2.9672e-03
10.500  21.750  5.4255e-04
10.500  22.000  1.2724e-04
10.500  22.250  1.2757e-05
10.500  22.500  8.2305e-07
10.500  22.750  1.0000e-07
10.500  23.000  1.0000e-07
10.500  23.250  1.0000e-07
10.500  23.500  1.0000e-07
10.500  23.750  1.0000e-07
10.500  24.000  1.0000e-07
10.750  17.000  1.0000e-07
10.750  17.250  1.0000e-07
10.750  17.500  1.0000e-07
10.750  17.750  1.0000e-07
10.750  18.000  1.0000e-07
10.750  18.250  1.0000e-07
10.750  18.500  1.0000e-07
10.750  18.750  1.0000e-07
10.750  19.000  1.0000e-07
10.750  19.250  1.2346e-06
10.750  19.500  9.5473e-06
10.750  19.750  3.4074e-05
10.750  20.000  7.6543e-05
10.750  20.250  2.0165e-04
10.750  20.500  6.6807e-04
10.750  20.750  3.7660e-03
10.750  21.000  1.6653e-02
10.750  21.250  2.7748e-02
10.750  21.500  1.2753e-02
10.750  21.750  3.0061e-03
10.750  22.000  5.4593e-04
10.750  22.250  1.2741e-04
10.750  22.500  1.2757e-05
10.750  22.750  8.2305e-07
10.750  23.000  1.0000e-07
10.750  23.250  1.0000e-07
10.750  23.500  1.0000e-07
10.750  23.750  1.0000e-07
10.750  24.000  1.0000e-07
11.000  17.000  1.0000e-07
11.000  17.250  1.0000e-07
11.000  17.500  1.0000e-07
11.000  17.750  1.0000e-07
11.000  18.000  1.0000e-07
11.000  18.250  1.0000e-07
11.000  18.500  1.0000e-07
11.000  18.750  1.0000e-07
11.000  19.000  1.0000e-07
11.000  19.250  1.0000e-07
11.000  19.500  1.3169e-06
11.000  19.750  9.7942e-06
11.000  20.000  3.4733e-05
11.000  20.250  7.9012e-05
11.000  20.500  2.2601e-04
11.000  20.750  7.8864e-04
11.000  21.000  4.4109e-03
11.000  21.250  1.7974e-02
11.000  21.500  2.8334e-02
11.000  21.750  1.2948e-02
11.000  22.000  3.0654e-03
11.000  22.250  5.5070e-04
11.000  22.500  1.2749e-04
11.000  22.750  1.2840e-05
11.000  23.000  8.2305e-07
11.000  23.250  1.0000e-07
11.000  23.500  1.0000e-07
11.000  23.750  1.0000e-07
11.000  24.000  1.0000e-07
11.250  17.000  1.0000e-07
11.250  17.250  1.0000e-07
11.250  17.500  1.0000e-07
11.250  17.750  1.0000e-07
11.250  18.000  1.0000e-07
11.250  18.250  1.0000e-07
11.250  18.500  1.0000e-07
11.250  18.750  1.0000e-07
11.250  19.000  1.0000e-07
11.250  19.250  1.0000e-07
11.250  19.500  1.0000e-07
11.250  19.750  1.3992e-06
11.250  20.000  1.0288e-05
11.250  20.250  3.5967e-05
11.250  20.500  8.8477e-05
11.250  20.750  2.6412e-04
11.250  21.000  9.9449e-04
11.250  21.250  5.5588e-03
11.250  21.500  1.9929e-02
11.250  21.750  2.8942e-02
11.250  22.000  1.3164e-02
11.250  22.250  3.1259e-03
11.250  22.500  5.5679e-04
11.250  22.750  1.2765e-04
11.250  23.000  1.2840e-05
11.250  23.250  8.2305e-07
11.250  23.500  1.0000e-07
11.250  23.750  1.0000e-07
11.250  24.000  1.0000e-07
11.500  17.000  1.0000e-07
11.500  17.250  1.0000e-07
11.500  17.500  1.0000e-07
11.500  17.750  1.0000e-07
11.500  18.000  1.0000e-07
11.500  18.250  1.0000e-07
11.500  18.500  1.0000e-07
11.500  18.750  1.0000e-07
11.500  19.000  1.0000e-07
11.500  19.250  1.0000e-07
11.500  19.500  1.0000e-07
11.500  19.750  1.0000e-07
11.500  20.000  1.5638e-06
11.500  20.250  1.1193e-05
11.500  20.500  3.8436e-05
11.500  20.750  1.0255e-04
11.500  21.000  3.3300e-04
11.500  21.250  1.3407e-03
11.500  21.500  7.1829e-03
11.500  21.750  2.2381e-02
11.500  22.000  2.9362e-02
11.500  22.250  1.3391e-02
11.500  22.500  3.1900e-03
11.500  22.750  5.6453e-04
11.500  23.000  1.2782e-04
11.500  23.250  1.2840e-05
11.500  23.500  8.2305e-07
11.500  23.750  1.0000e-07
11.500  24.000  1.0000e-07
11.750  17.000  1.0000e-07
11.750  17.250  1.0000e-07
11.750  17.500  1.0000e-07
11.750  17.750  1.0000e-07
11.750  18.000  1.0000e-07
11.750  18.250  1.0000e-07
11.750  18.500  1.0000e-07
11.750  18.750  1.0000e-07
11.750  19.000  1.0000e-07
11.750  19.250  1.0000e-07
11.750  19.500  1.0000e-07
11.750  19.750  1.0000e-07
11.750  20.000  1.0000e-07
11.750  20.250  1.7284e-06
11.750  20.500  1.2346e-05
11.750  20.750  4.2798e-05
11.750  21.000  1.2428e-04
11.750  21.250  4.3646e-04
11.750  21.500  1.9334e-03
11.750  21.750  9.3486e-03
11.750  22.000  2.5026e-02
11.750  22.250  2.9325e-02
11.750  22.500  1.3563e-02
11.750  22.750  3.2723e-03
11.750  23.000  5.7391e-04
11.750  23.250  1.2798e-04
11.750  23.500  1.2922e-05
11.750  23.750  8.2305e-07
11.750  24.000  1.0000e-07
12.000  17.000  1.0000e-07
12.000  17.250  1.0000e-07
12.000  17.500  1.0000e-07
12.000  17.750  1.0000e-07
12.000  18.000  1.0000e-07
12.000  18.250  1.0000e-07
12.000  18.500  1.0000e-07
12.000  18.750  1.0000e-07
12.000  19.000  1.0000e-07
12.000  19.250  1.0000e-07
12.000  19.500  1.0000e-07
12.000  19.750  1.0000e-07
12.000  20.000  1.0000e-07
12.000  20.250  1.0000e-07
12.000  20.500  1.8930e-06
12.000  20.750  1.3745e-05
12.000  21.000  4.8807e-05
12.000  21.250  1.6025e-04
12.000  21.500  6.1226e-04
12.000  21.750  2.8099e-03
12.000  22.000  1.1576e-02
12.000  22.250  2.5815e-02
12.000  22.500  2.8405e-02
12.000  22.750  1.3577e-02
12.000  23.000  3.3590e-03
12.000  23.250  5.8683e-04
12.000  23.500  1.2807e-04
12.000  23.750  1.2922e-05
12.000  24.000  8.2305e-07
12.250  17.000  1.0000e-07
12.250  17.250  1.0000e-07
12.250  17.500  1.0000e-07
12.250  17.750  1.0000e-07
12.250  18.000  1.0000e-07
12.250  18.250  1.0000e-07
12.250  18.500  1.0000e-07
12.250  18.750  1.0000e-07
12.250  19.000  1.0000e-07
12.250  19.250  1.0000e-07
12.250  19.500  1.0000e-07
12.250  19.750  1.0000e-07
12.250  20.000  1.0000e-07
12.250  20.250  1.0000e-07
12.250  20.500  1.0000e-07
12.250  20.750  2.2222e-06
12.250  21.000  1.5391e-05
12.250  21.250  5.7202e-05
12.250  21.500  2.1251e-04
12.250  21.750  8.5399e-04
12.250  22.000  3.9177e-03
12.250  22.250  1.3322e-02
12.250  22.500  2.5880e-02
12.250  22.750  2.6346e-02
12.250  23.000  1.3279e-02
12.250  23.250  3.4348e-03
12.250  23.500  5.9909e-04
12.250  23.750  1.2798e-04
12.250  24.000  1.2840e-05
12.500  17.000  1.0000e-07
12.500  17.250  1.0000e-07
12.500  17.500  1.0000e-07
12.500  17.750  1.0000e-07
12.500  18.000  1.0000e-07
12.500  18.250  1.0000e-07
12.500  18.500  1.0000e-07
12.500  18.750  1.0000e-07
12.500  19.000  1.0000e-07
12.500  19.250  1.0000e-07
12.500  19.500  1.0000e-07
12.500  19.750  1.0000e-07
12.500  20.000  1.0000e-07
12.500  20.250  1.0000e-07
12.500  20.500  1.0000e-07
12.500  20.750  1.0000e-07
12.500  21.000  2.4691e-06
12.500  21.250  1.7119e-05
12.500  21.500  6.7490e-05
12.500  21.750  2.8428e-04
12.500  22.000  1.1959e-03
12.500  22.250  5.0270e-03
12.500  22.500  1.4164e-02
12.500  22.750  2.4866e-02
12.500  23.000  2.3576e-02
12.500  23.250  1.2613e-02
12.500  23.500  3.4853e-03
12.500  23.750  6.1243e-04
12.500  24.000  1.2774e-04
12.750  17.000  1.0000e-07
12.750  17.250  1.0000e-07
12.750  17.500  1.0000e-07
12.750  17.750  1.0000e-07
12.750  18.000  1.0000e-07
12.750  18.250  1.0000e-07
12.750  18.500  1.0000e-07
12.750  18.750  1.0000e-07
12.750  19.000  1.0000e-07
12.750  19.250  1.0000e-07
12.750  19.500  1.0000e-07
12.750  19.750  1.0000e-07
12.750  20.000  1.0000e-07
12.750  20.250  1.0000e-07
12.750  20.500  1.0000e-07
12.750  20.750  1.0000e-07
12.750  21.000  1.0000e-07
12.750  21.250  2.7160e-06
12.750  21.500  1.8930e-05
12.750  21.750  8.0247e-05
12.750  22.000  3.8000e-04
12.750  22.250  1.6299e-03
12.750  22.500  5.9936e-03
12.750  22.750  1.4124e-02
12.750  23.000  2.2098e-02
12.750  23.250  2.0106e-02
12.750  23.500  1.1379e-02
12.750  23.750  3.4985e-03
12.750  24.000  6.2543e-04
13.000  17.000  1.0000e-07
13.000  17.250  1.0000e-07
13.000  17.500  1.0000e-07
13.000  17.750  1.0000e-07
13.000  18.000  1.0000e-07
13.000  18.250  1.0000e-07
13.000  18.500  1.0000e-07
13.000  18.750  1.0000e-07
13.000  19.000  1.0000e-07
13.000  19.250  1.0000e-07
13.000  19.500  1.0000e-07
13.000  19.750  1.0000e-07
13.000  20.000  1.0000e-07
13.000  20.250  1.0000e-07
13.000  20.500  1.0000e-07
13.000  20.750  1.0000e-07
13.000  21.000  1.0000e-07
13.000  21.250  1.0000e-07
13.000  21.500  2.8807e-06
13.000  21.750  2.0905e-05
13.000  22.000  9.7613e-05
13.000  22.250  5.1844e-04
13.000  22.500  2.1243e-03
13.000  22.750  6.6117e-03
13.000  23.000  1.3377e-02
13.000  23.250  1.7350e-02
13.000  23.500  1.6621e-02
13.000  23.750  9.9295e-03
13.000  24.000  3.3623e-03
13.250  17.000  1.0000e-07
13.250  17.250  1.0000e-07
13.250  17.500  1.0000e-07
13.250  17.750  1.0000e-07
13.250  18.000  1.0000e-07
13.250  18.250  1.0000e-07
13.250  18.500  1.0000e-07
13.250  18.750  1.0000e-07
13.250  19.000  1.0000e-07
13.250  19.250  1.0000e-07
13.250  19.500  1.0000e-07
13.250  19.750  1.0000e-07
13.250  20.000  1.0000e-07
13.250  20.250  1.0000e-07
13.250  20.500  1.0000e-07
13.250  20.750  1.0000e-07
13.250  21.000  1.0000e-07
13.250  21.250  1.0000e-07
13.250  21.500  1.0000e-07
13.250  21.750  3.1276e-06
13.250  22.000  2.4198e-05
13.250  22.250  1.2667e-04
13.250  22.500  6.9539e-04
13.250  22.750  2.6409e-03
13.250  23.000  6.7865e-03
13.250  23.250  1.1722e-02
13.250  23.500  1.3720e-02
13.250  23.750  1.2974e-02
13.250  24.000  8.4783e-03
13.500  17.000  1.0000e-07
13.500  17.250  1.0000e-07
13.500  17.500  1.0000e-07
13.500  17.750  1.0000e-07
13.500  18.000  1.0000e-07
13.500  18.250  1.0000e-07
13.500  18.500  1.0000e-07
13.500  18.750  1.0000e-07
13.500  19.000  1.0000e-07
13.500  19.250  1.0000e-07
13.500  19.500  1.0000e-07
13.500  19.750  1.0000e-07
13.500  20.000  1.0000e-07
13.500  20.250  1.0000e-07
13.500  20.500  1.0000e-07
13.500  20.750  1.0000e-07
13.500  21.000  1.0000e-07
13.500  21.250  1.0000e-07
13.500  21.500  1.0000e-07
13.500  21.750  1.0000e-07
13.500  22.000  3.7037e-06
13.500  22.250  3.0535e-05
13.500  22.500  1.7630e-04
13.500  22.750  9.4593e-04
13.500  23.000  3.0232e-03
13.500  23.250  6.3551e-03
13.500  23.500  9.8038e-03
13.500  23.750  1.1160e-02
13.500  24.000  1.0140e-02
13.750  17.000  1.0000e-07
13.750  17.250  1.0000e-07
13.750  17.500  1.0000e-07
13.750  17.750  1.0000e-07
13.750  18.000  1.0000e-07
13.750  18.250  1.0000e-07
13.750  18.500  1.0000e-07
13.750  18.750  1.0000e-07
13.750  19.000  1.0000e-07
13.750  19.250  1.0000e-07
13.750  19.500  1.0000e-07
13.750  19.750  1.0000e-07
13.750  20.000  1.0000e-07
13.750  20.250  1.0000e-07
13.750  20.500  1.0000e-07
13.750  20.750  1.0000e-07
13.750  21.000  1.0000e-07
13.750  21.250  1.0000e-07
13.750  21.500  1.0000e-07
13.750  21.750  1.0000e-07
13.750  22.000  1.0000e-07
13.750  22.250  4.8560e-06
13.750  22.500  4.2140e-05
13.750  22.750  2.6008e-04
13.750  23.000  1.2216e-03
13.750  23.250  3.2328e-03
13.750  23.500  5.6842e-03
13.750  23.750  7.7387e-03
13.750  24.000  8.6674e-03
14.000  17.000  1.0000e-07
14.000  17.250  1.0000e-07
14.000  17.500  1.0000e-07
14.000  17.750  1.0000e-07
14.000  18.000  1.0000e-07
14.000  18.250  1.0000e-07
14.000  18.500  1.0000e-07
14.000  18.750  1.0000e-07
14.000  19.000  1.0000e-07
14.000  19.250  1.0000e-07
14.000  19.500  1.0000e-07
14.000  19.750  1.0000e-07
14.000  20.000  1.0000e-07
14.000  20.250  1.0000e-07
14.000  20.500  1.0000e-07
14.000  20.750  1.0000e-07
14.000  21.000  1.0000e-07
14.000  21.250  1.0000e-07
14.000  21.500  1.0000e-07
14.000  21.750  1.0000e-07
14.000  22.000  1.0000e-07
14.000  22.250  1.0000e-07
14.000  22.500  6.1728e-06
14.000  22.750  5.6296e-05
14.000  23.000  3.5284e-04
14.000  23.250  1.4481e-03
14.000  23.500  3.2568e-03
14.000  23.750  4.9631e-03
14.000  24.000  6.2170e-03
