nFnu 1793.44A  relative to Inci 1215.00A scaled to 1215A.
Hden   Phi(H)  Eq_Width (A)
7.000  17.000  6.8922e-02
7.000  17.250  4.2794e-02
7.000  17.500  2.8576e-02
7.000  17.750  2.1154e-02
7.000  18.000  1.7575e-02
7.000  18.250  1.5644e-02
7.000  18.500  1.4582e-02
7.000  18.750  1.4128e-02
7.000  19.000  1.3894e-02
7.000  19.250  1.3764e-02
7.000  19.500  1.3711e-02
7.000  19.750  1.3688e-02
7.000  20.000  1.3679e-02
7.000  20.250  1.3674e-02
7.000  20.500  1.3672e-02
7.000  20.750  1.3671e-02
7.000  21.000  1.3671e-02
7.000  21.250  1.3670e-02
7.000  21.500  1.3670e-02
7.000  21.750  1.3670e-02
7.000  22.000  1.3670e-02
7.000  22.250  1.3670e-02
7.000  22.500  1.3670e-02
7.000  22.750  1.3671e-02
7.000  23.000  1.3671e-02
7.000  23.250  1.3670e-02
7.000  23.500  1.3671e-02
7.000  23.750  1.3671e-02
7.000  24.000  1.3672e-02
7.250  17.000  8.6089e-02
7.250  17.250  6.8724e-02
7.250  17.500  4.2694e-02
7.250  17.750  2.8521e-02
7.250  18.000  2.1130e-02
7.250  18.250  1.7564e-02
7.250  18.500  1.5640e-02
7.250  18.750  1.4581e-02
7.250  19.000  1.4127e-02
7.250  19.250  1.3894e-02
7.250  19.500  1.3764e-02
7.250  19.750  1.3711e-02
7.250  20.000  1.3688e-02
7.250  20.250  1.3679e-02
7.250  20.500  1.3674e-02
7.250  20.750  1.3672e-02
7.250  21.000  1.3671e-02
7.250  21.250  1.3670e-02
7.250  21.500  1.3670e-02
7.250  21.750  1.3670e-02
7.250  22.000  1.3670e-02
7.250  22.250  1.3670e-02
7.250  22.500  1.3670e-02
7.250  22.750  1.3670e-02
7.250  23.000  1.3670e-02
7.250  23.250  1.3670e-02
7.250  23.500  1.3670e-02
7.250  23.750  1.3670e-02
7.250  24.000  1.3670e-02
7.500  17.000  1.0583e-01
7.500  17.250  8.5813e-02
7.500  17.500  6.8599e-02
7.500  17.750  4.2629e-02
7.500  18.000  2.8478e-02
7.500  18.250  2.1111e-02
7.500  18.500  1.7557e-02
7.500  18.750  1.5637e-02
7.500  19.000  1.4580e-02
7.500  19.250  1.4127e-02
7.500  19.500  1.3894e-02
7.500  19.750  1.3764e-02
7.500  20.000  1.3711e-02
7.500  20.250  1.3688e-02
7.500  20.500  1.3679e-02
7.500  20.750  1.3674e-02
7.500  21.000  1.3672e-02
7.500  21.250  1.3671e-02
7.500  21.500  1.3670e-02
7.500  21.750  1.3670e-02
7.500  22.000  1.3670e-02
7.500  22.250  1.3670e-02
7.500  22.500  1.3670e-02
7.500  22.750  1.3670e-02
7.500  23.000  1.3670e-02
7.500  23.250  1.3670e-02
7.500  23.500  1.3671e-02
7.500  23.750  1.3670e-02
7.500  24.000  1.3670e-02
7.750  17.000  1.0250e-01
7.750  17.250  1.0537e-01
7.750  17.500  8.5607e-02
7.750  17.750  6.8523e-02
7.750  18.000  4.2586e-02
7.750  18.250  2.8443e-02
7.750  18.500  2.1094e-02
7.750  18.750  1.7551e-02
7.750  19.000  1.5635e-02
7.750  19.250  1.4579e-02
7.750  19.500  1.4126e-02
7.750  19.750  1.3893e-02
7.750  20.000  1.3764e-02
7.750  20.250  1.3711e-02
7.750  20.500  1.3688e-02
7.750  20.750  1.3679e-02
7.750  21.000  1.3674e-02
7.750  21.250  1.3672e-02
7.750  21.500  1.3671e-02
7.750  21.750  1.3670e-02
7.750  22.000  1.3670e-02
7.750  22.250  1.3670e-02
7.750  22.500  1.3670e-02
7.750  22.750  1.3670e-02
7.750  23.000  1.3670e-02
7.750  23.250  1.3670e-02
7.750  23.500  1.3670e-02
7.750  23.750  1.3670e-02
7.750  24.000  1.3670e-02
8.000  17.000  9.7331e-02
8.000  17.250  1.0064e-01
8.000  17.500  1.0376e-01
8.000  17.750  8.5132e-02
8.000  18.000  6.8475e-02
8.000  18.250  4.2557e-02
8.000  18.500  2.8411e-02
8.000  18.750  2.1078e-02
8.000  19.000  1.7545e-02
8.000  19.250  1.5633e-02
8.000  19.500  1.4579e-02
8.000  19.750  1.4126e-02
8.000  20.000  1.3893e-02
8.000  20.250  1.3764e-02
8.000  20.500  1.3711e-02
8.000  20.750  1.3688e-02
8.000  21.000  1.3679e-02
8.000  21.250  1.3674e-02
8.000  21.500  1.3672e-02
8.000  21.750  1.3671e-02
8.000  22.000  1.3670e-02
8.000  22.250  1.3670e-02
8.000  22.500  1.3670e-02
8.000  22.750  1.3670e-02
8.000  23.000  1.3670e-02
8.000  23.250  1.3670e-02
8.000  23.500  1.3670e-02
8.000  23.750  1.3669e-02
8.000  24.000  1.3670e-02
8.250  17.000  9.3375e-02
8.250  17.250  9.6985e-02
8.250  17.500  1.0032e-01
8.250  17.750  1.0350e-01
8.250  18.000  8.5058e-02
8.250  18.250  6.8454e-02
8.250  18.500  4.2536e-02
8.250  18.750  2.8380e-02
8.250  19.000  2.1061e-02
8.250  19.250  1.7540e-02
8.250  19.500  1.5632e-02
8.250  19.750  1.4578e-02
8.250  20.000  1.4126e-02
8.250  20.250  1.3893e-02
8.250  20.500  1.3764e-02
8.250  20.750  1.3711e-02
8.250  21.000  1.3688e-02
8.250  21.250  1.3679e-02
8.250  21.500  1.3674e-02
8.250  21.750  1.3672e-02
8.250  22.000  1.3671e-02
8.250  22.250  1.3670e-02
8.250  22.500  1.3670e-02
8.250  22.750  1.3670e-02
8.250  23.000  1.3670e-02
8.250  23.250  1.3670e-02
8.250  23.500  1.3670e-02
8.250  23.750  1.3669e-02
8.250  24.000  1.3670e-02
8.500  17.000  8.9633e-02
8.500  17.250  9.3231e-02
8.500  17.500  9.6947e-02
8.500  17.750  1.0029e-01
8.500  18.000  1.0342e-01
8.500  18.250  8.5026e-02
8.500  18.500  6.8447e-02
8.500  18.750  4.2521e-02
8.500  19.000  2.8347e-02
8.500  19.250  2.1044e-02
8.500  19.500  1.7535e-02
8.500  19.750  1.5631e-02
8.500  20.000  1.4578e-02
8.500  20.250  1.4126e-02
8.500  20.500  1.3893e-02
8.500  20.750  1.3764e-02
8.500  21.000  1.3711e-02
8.500  21.250  1.3688e-02
8.500  21.500  1.3679e-02
8.500  21.750  1.3674e-02
8.500  22.000  1.3672e-02
8.500  22.250  1.3671e-02
8.500  22.500  1.3670e-02
8.500  22.750  1.3670e-02
8.500  23.000  1.3670e-02
8.500  23.250  1.3670e-02
8.500  23.500  1.3670e-02
8.500  23.750  1.3669e-02
8.500  24.000  1.3669e-02
8.750  17.000  8.5993e-02
8.750  17.250  8.9726e-02
8.750  17.500  9.3487e-02
8.750  17.750  9.7295e-02
8.750  18.000  1.0068e-01
8.750  18.250  1.0370e-01
8.750  18.500  8.5036e-02
8.750  18.750  6.8452e-02
8.750  19.000  4.2508e-02
8.750  19.250  2.8313e-02
8.750  19.500  2.1026e-02
8.750  19.750  1.7530e-02
8.750  20.000  1.5630e-02
8.750  20.250  1.4578e-02
8.750  20.500  1.4126e-02
8.750  20.750  1.3893e-02
8.750  21.000  1.3764e-02
8.750  21.250  1.3711e-02
8.750  21.500  1.3688e-02
8.750  21.750  1.3679e-02
8.750  22.000  1.3674e-02
8.750  22.250  1.3672e-02
8.750  22.500  1.3671e-02
8.750  22.750  1.3670e-02
8.750  23.000  1.3670e-02
8.750  23.250  1.3670e-02
8.750  23.500  1.3670e-02
8.750  23.750  1.3670e-02
8.750  24.000  1.3669e-02
9.000  17.000  8.2158e-02
9.000  17.250  8.6340e-02
9.000  17.500  9.0329e-02
9.000  17.750  9.4400e-02
9.000  18.000  9.8425e-02
9.000  18.250  1.0192e-01
9.000  18.500  1.0443e-01
9.000  18.750  8.5037e-02
9.000  19.000  6.8463e-02
9.000  19.250  4.2501e-02
9.000  19.500  2.8280e-02
9.000  19.750  2.1007e-02
9.000  20.000  1.7526e-02
9.000  20.250  1.5629e-02
9.000  20.500  1.4577e-02
9.000  20.750  1.4126e-02
9.000  21.000  1.3893e-02
9.000  21.250  1.3764e-02
9.000  21.500  1.3711e-02
9.000  21.750  1.3688e-02
9.000  22.000  1.3679e-02
9.000  22.250  1.3674e-02
9.000  22.500  1.3672e-02
9.000  22.750  1.3671e-02
9.000  23.000  1.3670e-02
9.000  23.250  1.3670e-02
9.000  23.500  1.3670e-02
9.000  23.750  1.3670e-02
9.000  24.000  1.3670e-02
9.250  17.000  7.7742e-02
9.250  17.250  8.2673e-02
9.250  17.500  8.7343e-02
9.250  17.750  9.1940e-02
9.250  18.000  9.6526e-02
9.250  18.250  1.0108e-01
9.250  18.500  1.0511e-01
9.250  18.750  1.0639e-01
9.250  19.000  8.4990e-02
9.250  19.250  6.8481e-02
9.250  19.500  4.2500e-02
9.250  19.750  2.8251e-02
9.250  20.000  2.0990e-02
9.250  20.250  1.7521e-02
9.250  20.500  1.5628e-02
9.250  20.750  1.4577e-02
9.250  21.000  1.4126e-02
9.250  21.250  1.3893e-02
9.250  21.500  1.3763e-02
9.250  21.750  1.3709e-02
9.250  22.000  1.3687e-02
9.250  22.250  1.3677e-02
9.250  22.500  1.3674e-02
9.250  22.750  1.3672e-02
9.250  23.000  1.3671e-02
9.250  23.250  1.3670e-02
9.250  23.500  1.3670e-02
9.250  23.750  1.3670e-02
9.250  24.000  1.3669e-02
9.500  17.000  7.2419e-02
9.500  17.250  7.8409e-02
9.500  17.500  8.4109e-02
9.500  17.750  8.9740e-02
9.500  18.000  9.5217e-02
9.500  18.250  1.0092e-01
9.500  18.500  1.0665e-01
9.500  18.750  1.1181e-01
9.500  19.000  1.0597e-01
9.500  19.250  8.4859e-02
9.500  19.500  6.8499e-02
9.500  19.750  4.2507e-02
9.500  20.000  2.8229e-02
9.500  20.250  2.0974e-02
9.500  20.500  1.7517e-02
9.500  20.750  1.5627e-02
9.500  21.000  1.4576e-02
9.500  21.250  1.4125e-02
9.500  21.500  1.3892e-02
9.500  21.750  1.3762e-02
9.500  22.000  1.3708e-02
9.500  22.250  1.3686e-02
9.500  22.500  1.3677e-02
9.500  22.750  1.3672e-02
9.500  23.000  1.3670e-02
9.500  23.250  1.3668e-02
9.500  23.500  1.3668e-02
9.500  23.750  1.3667e-02
9.500  24.000  1.3667e-02
9.750  17.000  6.5727e-02
9.750  17.250  7.3005e-02
9.750  17.500  8.0103e-02
9.750  17.750  8.7211e-02
9.750  18.000  9.4358e-02
9.750  18.250  1.0161e-01
9.750  18.500  1.0870e-01
9.750  18.750  1.1526e-01
9.750  19.000  1.2159e-01
9.750  19.250  1.0480e-01
9.750  19.500  8.4564e-02
9.750  19.750  6.8512e-02
9.750  20.000  4.2520e-02
9.750  20.250  2.8217e-02
9.750  20.500  2.0962e-02
9.750  20.750  1.7514e-02
9.750  21.000  1.5627e-02
9.750  21.250  1.4575e-02
9.750  21.500  1.4125e-02
9.750  21.750  1.3892e-02
9.750  22.000  1.3762e-02
9.750  22.250  1.3708e-02
9.750  22.500  1.3686e-02
9.750  22.750  1.3676e-02
9.750  23.000  1.3672e-02
9.750  23.250  1.3670e-02
9.750  23.500  1.3669e-02
9.750  23.750  1.3668e-02
9.750  24.000  1.3668e-02
10.000  17.000  5.7238e-02
10.000  17.250  6.6135e-02
10.000  17.500  7.4880e-02
10.000  17.750  8.3927e-02
10.000  18.000  9.3389e-02
10.000  18.250  1.0264e-01
10.000  18.500  1.1089e-01
10.000  18.750  1.1841e-01
10.000  19.000  1.2602e-01
10.000  19.250  1.2924e-01
10.000  19.500  1.0388e-01
10.000  19.750  8.4282e-02
10.000  20.000  6.8507e-02
10.000  20.250  4.2534e-02
10.000  20.500  2.8211e-02
10.000  20.750  2.0953e-02
10.000  21.000  1.7513e-02
10.000  21.250  1.5627e-02
10.000  21.500  1.4576e-02
10.000  21.750  1.4125e-02
10.000  22.000  1.3892e-02
10.000  22.250  1.3762e-02
10.000  22.500  1.3708e-02
10.000  22.750  1.3686e-02
10.000  23.000  1.3677e-02
10.000  23.250  1.3672e-02
10.000  23.500  1.3670e-02
10.000  23.750  1.3669e-02
10.000  24.000  1.3668e-02
10.250  17.000  4.8702e-02
10.250  17.250  5.7584e-02
10.250  17.500  6.8272e-02
10.250  17.750  7.9507e-02
10.250  18.000  9.1485e-02
10.250  18.250  1.0289e-01
10.250  18.500  1.1249e-01
10.250  18.750  1.2077e-01
10.250  19.000  1.2833e-01
10.250  19.250  1.3721e-01
10.250  19.500  1.3534e-01
10.250  19.750  1.0329e-01
10.250  20.000  8.3822e-02
10.250  20.250  6.8484e-02
10.250  20.500  4.2547e-02
10.250  20.750  2.8212e-02
10.250  21.000  2.0948e-02
10.250  21.250  1.7513e-02
10.250  21.500  1.5626e-02
10.250  21.750  1.4576e-02
10.250  22.000  1.4125e-02
10.250  22.250  1.3892e-02
10.250  22.500  1.3763e-02
10.250  22.750  1.3709e-02
10.250  23.000  1.3686e-02
10.250  23.250  1.3677e-02
10.250  23.500  1.3672e-02
10.250  23.750  1.3670e-02
10.250  24.000  1.3669e-02
10.500  17.000  4.1031e-02
10.500  17.250  4.9121e-02
10.500  17.500  6.0145e-02
10.500  17.750  7.3842e-02
10.500  18.000  8.7900e-02
10.500  18.250  1.0099e-01
10.500  18.500  1.1205e-01
10.500  18.750  1.2114e-01
10.500  19.000  1.2937e-01
10.500  19.250  1.3789e-01
10.500  19.500  1.4805e-01
10.500  19.750  1.3510e-01
10.500  20.000  1.0353e-01
10.500  20.250  8.3707e-02
10.500  20.500  6.8390e-02
10.500  20.750  4.2551e-02
10.500  21.000  2.8219e-02
10.500  21.250  2.0946e-02
10.500  21.500  1.7514e-02
10.500  21.750  1.5627e-02
10.500  22.000  1.4576e-02
10.500  22.250  1.4126e-02
10.500  22.500  1.3892e-02
10.500  22.750  1.3763e-02
10.500  23.000  1.3709e-02
10.500  23.250  1.3686e-02
10.500  23.500  1.3676e-02
10.500  23.750  1.3672e-02
10.500  24.000  1.3670e-02
10.750  17.000  3.5049e-02
10.750  17.250  4.1672e-02
10.750  17.500  5.2206e-02
10.750  17.750  6.6580e-02
10.750  18.000  8.2024e-02
10.750  18.250  9.6133e-02
10.750  18.500  1.0817e-01
10.750  18.750  1.1856e-01
10.750  19.000  1.2774e-01
10.750  19.250  1.3636e-01
10.750  19.500  1.4554e-01
10.750  19.750  1.5579e-01
10.750  20.000  1.3443e-01
10.750  20.250  1.0566e-01
10.750  20.500  8.4262e-02
10.750  20.750  6.8209e-02
10.750  21.000  4.2531e-02
10.750  21.250  2.8229e-02
10.750  21.500  2.0947e-02
10.750  21.750  1.7516e-02
10.750  22.000  1.5627e-02
10.750  22.250  1.4576e-02
10.750  22.500  1.4126e-02
10.750  22.750  1.3893e-02
10.750  23.000  1.3763e-02
10.750  23.250  1.3709e-02
10.750  23.500  1.3687e-02
10.750  23.750  1.3677e-02
10.750  24.000  1.3672e-02
11.000  17.000  3.0692e-02
11.000  17.250  3.5984e-02
11.000  17.500  4.5044e-02
11.000  17.750  5.8274e-02
11.000  18.000  7.3352e-02
11.000  18.250  8.7732e-02
11.000  18.500  1.0082e-01
11.000  18.750  1.1251e-01
11.000  19.000  1.2298e-01
11.000  19.250  1.3233e-01
11.000  19.500  1.4109e-01
11.000  19.750  1.5011e-01
11.000  20.000  1.5753e-01
11.000  20.250  1.3710e-01
11.000  20.500  1.0617e-01
11.000  20.750  8.5170e-02
11.000  21.000  6.7923e-02
11.000  21.250  4.2459e-02
11.000  21.500  2.8237e-02
11.000  21.750  2.0952e-02
11.000  22.000  1.7520e-02
11.000  22.250  1.5628e-02
11.000  22.500  1.4576e-02
11.000  22.750  1.4126e-02
11.000  23.000  1.3893e-02
11.000  23.250  1.3763e-02
11.000  23.500  1.3709e-02
11.000  23.750  1.3687e-02
11.000  24.000  1.3677e-02
11.250  17.000  2.7593e-02
11.250  17.250  3.1963e-02
11.250  17.500  3.9169e-02
11.250  17.750  4.9759e-02
11.250  18.000  6.2910e-02
11.250  18.250  7.6715e-02
11.250  18.500  9.0463e-02
11.250  18.750  1.0358e-01
11.250  19.000  1.1527e-01
11.250  19.250  1.2562e-01
11.250  19.500  1.3469e-01
11.250  19.750  1.4319e-01
11.250  20.000  1.5203e-01
11.250  20.250  1.5937e-01
11.250  20.500  1.3831e-01
11.250  20.750  1.0895e-01
11.250  21.000  8.7157e-02
11.250  21.250  6.7485e-02
11.250  21.500  4.2314e-02
11.250  21.750  2.8235e-02
11.250  22.000  2.0961e-02
11.250  22.250  1.7526e-02
11.250  22.500  1.5629e-02
11.250  22.750  1.4575e-02
11.250  23.000  1.4126e-02
11.250  23.250  1.3894e-02
11.250  23.500  1.3763e-02
11.250  23.750  1.3709e-02
11.250  24.000  1.3687e-02
11.500  17.000  2.5470e-02
11.500  17.250  2.9130e-02
11.500  17.500  3.4660e-02
11.500  17.750  4.2408e-02
11.500  18.000  5.2539e-02
11.500  18.250  6.4722e-02
11.500  18.500  7.8320e-02
11.500  18.750  9.2391e-02
11.500  19.000  1.0570e-01
11.500  19.250  1.1698e-01
11.500  19.500  1.2667e-01
11.500  19.750  1.3567e-01
11.500  20.000  1.4449e-01
11.500  20.250  1.5379e-01
11.500  20.500  1.6034e-01
11.500  20.750  1.4158e-01
11.500  21.000  1.1285e-01
11.500  21.250  9.1076e-02
11.500  21.500  6.6939e-02
11.500  21.750  4.2081e-02
11.500  22.000  2.8212e-02
11.500  22.250  2.0972e-02
11.500  22.500  1.7532e-02
11.500  22.750  1.5631e-02
11.500  23.000  1.4575e-02
11.500  23.250  1.4126e-02
11.500  23.500  1.3894e-02
11.500  23.750  1.3764e-02
11.500  24.000  1.3709e-02
11.750  17.000  2.4059e-02
11.750  17.250  2.6930e-02
11.750  17.500  3.1145e-02
11.750  17.750  3.6787e-02
11.750  18.000  4.4056e-02
11.750  18.250  5.3884e-02
11.750  18.500  6.6295e-02
11.750  18.750  8.0374e-02
11.750  19.000  9.4708e-02
11.750  19.250  1.0755e-01
11.750  19.500  1.1823e-01
11.750  19.750  1.2778e-01
11.750  20.000  1.3719e-01
11.750  20.250  1.4671e-01
11.750  20.500  1.5719e-01
11.750  20.750  1.6043e-01
11.750  21.000  1.4717e-01
11.750  21.250  1.2039e-01
11.750  21.500  9.7701e-02
11.750  21.750  6.6326e-02
11.750  22.000  4.1759e-02
11.750  22.250  2.8157e-02
11.750  22.500  2.0984e-02
11.750  22.750  1.7539e-02
11.750  23.000  1.5633e-02
11.750  23.250  1.4574e-02
11.750  23.500  1.4126e-02
11.750  23.750  1.3894e-02
11.750  24.000  1.3764e-02
12.000  17.000  2.2957e-02
12.000  17.250  2.5045e-02
12.000  17.500  2.8120e-02
12.000  17.750  3.2377e-02
12.000  18.000  3.8011e-02
12.000  18.250  4.5688e-02
12.000  18.500  5.6181e-02
12.000  18.750  6.9163e-02
12.000  19.000  8.3556e-02
12.000  19.250  9.7768e-02
12.000  19.500  1.1019e-01
12.000  19.750  1.2055e-01
12.000  20.000  1.3045e-01
12.000  20.250  1.4064e-01
12.000  20.500  1.5122e-01
12.000  20.750  1.6318e-01
12.000  21.000  1.6606e-01
12.000  21.250  1.5644e-01
12.000  21.500  1.3121e-01
12.000  21.750  1.0589e-01
12.000  22.000  6.5674e-02
12.000  22.250  4.1485e-02
12.000  22.500  2.8065e-02
12.000  22.750  2.0994e-02
12.000  23.000  1.7546e-02
12.000  23.250  1.5636e-02
12.000  23.500  1.4573e-02
12.000  23.750  1.4126e-02
12.000  24.000  1.3894e-02
12.250  17.000  2.1917e-02
12.250  17.250  2.3201e-02
12.250  17.500  2.5255e-02
12.250  17.750  2.8613e-02
12.250  18.000  3.3480e-02
12.250  18.250  4.0254e-02
12.250  18.500  4.9406e-02
12.250  18.750  6.0670e-02
12.250  19.000  7.3755e-02
12.250  19.250  8.8195e-02
12.250  19.500  1.0223e-01
12.250  19.750  1.1446e-01
12.250  20.000  1.2491e-01
12.250  20.250  1.3555e-01
12.250  20.500  1.4695e-01
12.250  20.750  1.5985e-01
12.250  21.000  1.7545e-01
12.250  21.250  1.7975e-01
12.250  21.500  1.6963e-01
12.250  21.750  1.4464e-01
12.250  22.000  1.0886e-01
12.250  22.250  6.5007e-02
12.250  22.500  4.1098e-02
12.250  22.750  2.7941e-02
12.250  23.000  2.1000e-02
12.250  23.250  1.7553e-02
12.250  23.500  1.5638e-02
12.250  23.750  1.4573e-02
12.250  24.000  1.4125e-02
12.500  17.000  2.0408e-02
12.500  17.250  2.1039e-02
12.500  17.500  2.2397e-02
12.500  17.750  2.5143e-02
12.500  18.000  2.9692e-02
12.500  18.250  3.6337e-02
12.500  18.500  4.5112e-02
12.500  18.750  5.5583e-02
12.500  19.000  6.7375e-02
12.500  19.250  8.0450e-02
12.500  19.500  9.4825e-02
12.500  19.750  1.0884e-01
12.500  20.000  1.2116e-01
12.500  20.250  1.3219e-01
12.500  20.500  1.4404e-01
12.500  20.750  1.5841e-01
12.500  21.000  1.7756e-01
12.500  21.250  1.9841e-01
12.500  21.500  1.9830e-01
12.500  21.750  1.8762e-01
12.500  22.000  1.5896e-01
12.500  22.250  1.0764e-01
12.500  22.500  6.4319e-02
12.500  22.750  4.0601e-02
12.500  23.000  2.7789e-02
12.500  23.250  2.1000e-02
12.500  23.500  1.7560e-02
12.500  23.750  1.5641e-02
12.500  24.000  1.4571e-02
12.750  17.000  1.7843e-02
12.750  17.250  1.8249e-02
12.750  17.500  1.9369e-02
12.750  17.750  2.1931e-02
12.750  18.000  2.6439e-02
12.750  18.250  3.3038e-02
12.750  18.500  4.1735e-02
12.750  18.750  5.2329e-02
12.750  19.000  6.3803e-02
12.750  19.250  7.5960e-02
12.750  19.500  8.9194e-02
12.750  19.750  1.0369e-01
12.750  20.000  1.1772e-01
12.750  20.250  1.3134e-01
12.750  20.500  1.4318e-01
12.750  20.750  1.5834e-01
12.750  21.000  1.7819e-01
12.750  21.250  2.0783e-01
12.750  21.500  2.2720e-01
12.750  21.750  2.2249e-01
12.750  22.000  2.0936e-01
12.750  22.250  1.7058e-01
12.750  22.500  1.0634e-01
12.750  22.750  6.3585e-02
12.750  23.000  4.0158e-02
12.750  23.250  2.7625e-02
12.750  23.500  2.0989e-02
12.750  23.750  1.7564e-02
12.750  24.000  1.5643e-02
13.000  17.000  9.7440e-03
13.000  17.250  1.2070e-02
13.000  17.500  1.6482e-02
13.000  17.750  1.9066e-02
13.000  18.000  2.3509e-02
13.000  18.250  3.0027e-02
13.000  18.500  3.8673e-02
13.000  18.750  4.9267e-02
13.000  19.000  6.1254e-02
13.000  19.250  7.3657e-02
13.000  19.500  8.6404e-02
13.000  19.750  1.0010e-01
13.000  20.000  1.1467e-01
13.000  20.250  1.2976e-01
13.000  20.500  1.4540e-01
13.000  20.750  1.6094e-01
13.000  21.000  1.8232e-01
13.000  21.250  2.1092e-01
13.000  21.500  2.4065e-01
13.000  21.750  2.6442e-01
13.000  22.000  2.5765e-01
13.000  22.250  2.3074e-01
13.000  22.500  1.7574e-01
13.000  22.750  1.0497e-01
13.000  23.000  6.2588e-02
13.000  23.250  3.9853e-02
13.000  23.500  2.7445e-02
13.000  23.750  2.0965e-02
13.000  24.000  1.7562e-02
13.250  17.000  7.0805e-03
13.250  17.250  8.9204e-03
13.250  17.500  1.2436e-02
13.250  17.750  1.6502e-02
13.250  18.000  2.0956e-02
13.250  18.250  2.7256e-02
13.250  18.500  3.5712e-02
13.250  18.750  4.6232e-02
13.250  19.000  5.8362e-02
13.250  19.250  7.1287e-02
13.250  19.500  8.4603e-02
13.250  19.750  9.8264e-02
13.250  20.000  1.1287e-01
13.250  20.250  1.2837e-01
13.250  20.500  1.4535e-01
13.250  20.750  1.6406e-01
13.250  21.000  1.8667e-01
13.250  21.250  2.1268e-01
13.250  21.500  2.4184e-01
13.250  21.750  2.7494e-01
13.250  22.000  3.0582e-01
13.250  22.250  2.7429e-01
13.250  22.500  2.4149e-01
13.250  22.750  1.7472e-01
13.250  23.000  1.0354e-01
13.250  23.250  6.1792e-02
13.250  23.500  3.9430e-02
13.250  23.750  2.7274e-02
13.250  24.000  2.0932e-02
13.500  17.000  5.2656e-03
13.500  17.250  6.8233e-03
13.500  17.500  9.5096e-03
13.500  17.750  1.3451e-02
13.500  18.000  1.8702e-02
13.500  18.250  2.4731e-02
13.500  18.500  3.2916e-02
13.500  18.750  4.3226e-02
13.500  19.000  5.5390e-02
13.500  19.250  6.8707e-02
13.500  19.500  8.2507e-02
13.500  19.750  9.6747e-02
13.500  20.000  1.1202e-01
13.500  20.250  1.2918e-01
13.500  20.500  1.4579e-01
13.500  20.750  1.6387e-01
13.500  21.000  1.8378e-01
13.500  21.250  2.0968e-01
13.500  21.500  2.2860e-01
13.500  21.750  2.6372e-01
13.500  22.000  3.0502e-01
13.500  22.250  3.2957e-01
13.500  22.500  2.8405e-01
13.500  22.750  2.4372e-01
13.500  23.000  1.7127e-01
13.500  23.250  1.0220e-01
13.500  23.500  6.1052e-02
13.500  23.750  3.8868e-02
13.500  24.000  2.7104e-02
13.750  17.000  4.0462e-03
13.750  17.250  5.3218e-03
13.750  17.500  7.5363e-03
13.750  17.750  1.0925e-02
13.750  18.000  1.6022e-02
13.750  18.250  2.2254e-02
13.750  18.500  3.0315e-02
13.750  18.750  4.0349e-02
13.750  19.000  5.2452e-02
13.750  19.250  6.6150e-02
13.750  19.500  8.0696e-02
13.750  19.750  9.5733e-02
13.750  20.000  1.1166e-01
13.750  20.250  1.2896e-01
13.750  20.500  1.4770e-01
13.750  20.750  1.6685e-01
13.750  21.000  1.8630e-01
13.750  21.250  2.0663e-01
13.750  21.500  2.2678e-01
13.750  21.750  2.5443e-01
13.750  22.000  2.9299e-01
13.750  22.250  3.4494e-01
13.750  22.500  3.5512e-01
13.750  22.750  2.9253e-01
13.750  23.000  2.3836e-01
13.750  23.250  1.6859e-01
13.750  23.500  1.0067e-01
13.750  23.750  6.0281e-02
13.750  24.000  3.8428e-02
14.000  17.000  3.1993e-03
14.000  17.250  4.2463e-03
14.000  17.500  6.0556e-03
14.000  17.750  8.9615e-03
14.000  18.000  1.3575e-02
14.000  18.250  2.0027e-02
14.000  18.500  2.7989e-02
14.000  18.750  3.7703e-02
14.000  19.000  4.9612e-02
14.000  19.250  6.3579e-02
14.000  19.500  7.8958e-02
14.000  19.750  9.5176e-02
14.000  20.000  1.1192e-01
14.000  20.250  1.2984e-01
14.000  20.500  1.4956e-01
14.000  20.750  1.7040e-01
14.000  21.000  1.9185e-01
14.000  21.250  2.1425e-01
14.000  21.500  2.3255e-01
14.000  21.750  2.5886e-01
14.000  22.000  2.9382e-01
14.000  22.250  3.4407e-01
14.000  22.500  4.0868e-01
14.000  22.750  3.9264e-01
14.000  23.000  3.1399e-01
14.000  23.250  2.3967e-01
14.000  23.500  1.6793e-01
14.000  23.750  9.9148e-02
14.000  24.000  5.9394e-02
