nInu 1.30000m  relative to Inci 1215.00A scaled to 1215A.
Hden   Phi(H)  Eq_Width (A)
7.000  17.000  8.3770e-02
7.000  17.250  8.3771e-02
7.000  17.500  8.3770e-02
7.000  17.750  8.3770e-02
7.000  18.000  8.3770e-02
7.000  18.250  8.3770e-02
7.000  18.500  8.3770e-02
7.000  18.750  8.3770e-02
7.000  19.000  8.3770e-02
7.000  19.250  8.3770e-02
7.000  19.500  8.3770e-02
7.000  19.750  8.3770e-02
7.000  20.000  8.3770e-02
7.000  20.250  8.3770e-02
7.000  20.500  8.3770e-02
7.000  20.750  8.3770e-02
7.000  21.000  8.3770e-02
7.000  21.250  8.3770e-02
7.000  21.500  8.3770e-02
7.000  21.750  8.3770e-02
7.000  22.000  8.3771e-02
7.000  22.250  8.3770e-02
7.000  22.500  8.3771e-02
7.000  22.750  8.3770e-02
7.000  23.000  8.3770e-02
7.000  23.250  8.3770e-02
7.000  23.500  8.3770e-02
7.000  23.750  8.3771e-02
7.000  24.000  8.3770e-02
7.250  17.000  8.3770e-02
7.250  17.250  8.3770e-02
7.250  17.500  8.3770e-02
7.250  17.750  8.3770e-02
7.250  18.000  8.3770e-02
7.250  18.250  8.3770e-02
7.250  18.500  8.3770e-02
7.250  18.750  8.3770e-02
7.250  19.000  8.3770e-02
7.250  19.250  8.3770e-02
7.250  19.500  8.3770e-02
7.250  19.750  8.3770e-02
7.250  20.000  8.3770e-02
7.250  20.250  8.3770e-02
7.250  20.500  8.3771e-02
7.250  20.750  8.3771e-02
7.250  21.000  8.3771e-02
7.250  21.250  8.3770e-02
7.250  21.500  8.3770e-02
7.250  21.750  8.3770e-02
7.250  22.000  8.3770e-02
7.250  22.250  8.3771e-02
7.250  22.500  8.3771e-02
7.250  22.750  8.3770e-02
7.250  23.000  8.3770e-02
7.250  23.250  8.3771e-02
7.250  23.500  8.3770e-02
7.250  23.750  8.3770e-02
7.250  24.000  8.3770e-02
7.500  17.000  8.3770e-02
7.500  17.250  8.3771e-02
7.500  17.500  8.3770e-02
7.500  17.750  8.3770e-02
7.500  18.000  8.3770e-02
7.500  18.250  8.3770e-02
7.500  18.500  8.3770e-02
7.500  18.750  8.3770e-02
7.500  19.000  8.3770e-02
7.500  19.250  8.3770e-02
7.500  19.500  8.3771e-02
7.500  19.750  8.3770e-02
7.500  20.000  8.3770e-02
7.500  20.250  8.3771e-02
7.500  20.500  8.3770e-02
7.500  20.750  8.3770e-02
7.500  21.000  8.3770e-02
7.500  21.250  8.3770e-02
7.500  21.500  8.3771e-02
7.500  21.750  8.3770e-02
7.500  22.000  8.3770e-02
7.500  22.250  8.3771e-02
7.500  22.500  8.3770e-02
7.500  22.750  8.3770e-02
7.500  23.000  8.3770e-02
7.500  23.250  8.3770e-02
7.500  23.500  8.3770e-02
7.500  23.750  8.3770e-02
7.500  24.000  8.3770e-02
7.750  17.000  8.3770e-02
7.750  17.250  8.3770e-02
7.750  17.500  8.3770e-02
7.750  17.750  8.3770e-02
7.750  18.000  8.3770e-02
7.750  18.250  8.3770e-02
7.750  18.500  8.3770e-02
7.750  18.750  8.3770e-02
7.750  19.000  8.3770e-02
7.750  19.250  8.3770e-02
7.750  19.500  8.3770e-02
7.750  19.750  8.3771e-02
7.750  20.000  8.3770e-02
7.750  20.250  8.3771e-02
7.750  20.500  8.3770e-02
7.750  20.750  8.3770e-02
7.750  21.000  8.3770e-02
7.750  21.250  8.3771e-02
7.750  21.500  8.3770e-02
7.750  21.750  8.3771e-02
7.750  22.000  8.3770e-02
7.750  22.250  8.3770e-02
7.750  22.500  8.3770e-02
7.750  22.750  8.3770e-02
7.750  23.000  8.3770e-02
7.750  23.250  8.3771e-02
7.750  23.500  8.3770e-02
7.750  23.750  8.3770e-02
7.750  24.000  8.3770e-02
8.000  17.000  8.3769e-02
8.000  17.250  8.3769e-02
8.000  17.500  8.3770e-02
8.000  17.750  8.3770e-02
8.000  18.000  8.3770e-02
8.000  18.250  8.3770e-02
8.000  18.500  8.3770e-02
8.000  18.750  8.3770e-02
8.000  19.000  8.3770e-02
8.000  19.250  8.3770e-02
8.000  19.500  8.3770e-02
8.000  19.750  8.3770e-02
8.000  20.000  8.3770e-02
8.000  20.250  8.3770e-02
8.000  20.500  8.3770e-02
8.000  20.750  8.3770e-02
8.000  21.000  8.3770e-02
8.000  21.250  8.3770e-02
8.000  21.500  8.3770e-02
8.000  21.750  8.3770e-02
8.000  22.000  8.3770e-02
8.000  22.250  8.3770e-02
8.000  22.500  8.3770e-02
8.000  22.750  8.3770e-02
8.000  23.000  8.3770e-02
8.000  23.250  8.3770e-02
8.000  23.500  8.3770e-02
8.000  23.750  8.3770e-02
8.000  24.000  8.3771e-02
8.250  17.000  8.3768e-02
8.250  17.250  8.3768e-02
8.250  17.500  8.3769e-02
8.250  17.750  8.3770e-02
8.250  18.000  8.3770e-02
8.250  18.250  8.3770e-02
8.250  18.500  8.3771e-02
8.250  18.750  8.3770e-02
8.250  19.000  8.3770e-02
8.250  19.250  8.3770e-02
8.250  19.500  8.3771e-02
8.250  19.750  8.3770e-02
8.250  20.000  8.3770e-02
8.250  20.250  8.3770e-02
8.250  20.500  8.3770e-02
8.250  20.750  8.3771e-02
8.250  21.000  8.3770e-02
8.250  21.250  8.3770e-02
8.250  21.500  8.3770e-02
8.250  21.750  8.3771e-02
8.250  22.000  8.3770e-02
8.250  22.250  8.3770e-02
8.250  22.500  8.3770e-02
8.250  22.750  8.3770e-02
8.250  23.000  8.3770e-02
8.250  23.250  8.3770e-02
8.250  23.500  8.3770e-02
8.250  23.750  8.3771e-02
8.250  24.000  8.3770e-02
8.500  17.000  8.3767e-02
8.500  17.250  8.3767e-02
8.500  17.500  8.3767e-02
8.500  17.750  8.3769e-02
8.500  18.000  8.3769e-02
8.500  18.250  8.3770e-02
8.500  18.500  8.3770e-02
8.500  18.750  8.3770e-02
8.500  19.000  8.3770e-02
8.500  19.250  8.3770e-02
8.500  19.500  8.3770e-02
8.500  19.750  8.3770e-02
8.500  20.000  8.3770e-02
8.500  20.250  8.3770e-02
8.500  20.500  8.3770e-02
8.500  20.750  8.3770e-02
8.500  21.000  8.3770e-02
8.500  21.250  8.3770e-02
8.500  21.500  8.3770e-02
8.500  21.750  8.3770e-02
8.500  22.000  8.3770e-02
8.500  22.250  8.3770e-02
8.500  22.500  8.3770e-02
8.500  22.750  8.3771e-02
8.500  23.000  8.3770e-02
8.500  23.250  8.3770e-02
8.500  23.500  8.3770e-02
8.500  23.750  8.3770e-02
8.500  24.000  8.3770e-02
8.750  17.000  8.3765e-02
8.750  17.250  8.3765e-02
8.750  17.500  8.3765e-02
8.750  17.750  8.3766e-02
8.750  18.000  8.3767e-02
8.750  18.250  8.3769e-02
8.750  18.500  8.3770e-02
8.750  18.750  8.3770e-02
8.750  19.000  8.3770e-02
8.750  19.250  8.3770e-02
8.750  19.500  8.3770e-02
8.750  19.750  8.3770e-02
8.750  20.000  8.3771e-02
8.750  20.250  8.3770e-02
8.750  20.500  8.3770e-02
8.750  20.750  8.3770e-02
8.750  21.000  8.3771e-02
8.750  21.250  8.3771e-02
8.750  21.500  8.3770e-02
8.750  21.750  8.3770e-02
8.750  22.000  8.3771e-02
8.750  22.250  8.3770e-02
8.750  22.500  8.3770e-02
8.750  22.750  8.3770e-02
8.750  23.000  8.3770e-02
8.750  23.250  8.3770e-02
8.750  23.500  8.3770e-02
8.750  23.750  8.3770e-02
8.750  24.000  8.3770e-02
9.000  17.000  8.3762e-02
9.000  17.250  8.3763e-02
9.000  17.500  8.3762e-02
9.000  17.750  8.3762e-02
9.000  18.000  8.3762e-02
9.000  18.250  8.3763e-02
9.000  18.500  8.3767e-02
9.000  18.750  8.3770e-02
9.000  19.000  8.3770e-02
9.000  19.250  8.3770e-02
9.000  19.500  8.3770e-02
9.000  19.750  8.3770e-02
9.000  20.000  8.3770e-02
9.000  20.250  8.3770e-02
9.000  20.500  8.3770e-02
9.000  20.750  8.3770e-02
9.000  21.000  8.3771e-02
9.000  21.250  8.3771e-02
9.000  21.500  8.3770e-02
9.000  21.750  8.3771e-02
9.000  22.000  8.3770e-02
9.000  22.250  8.3770e-02
9.000  22.500  8.3770e-02
9.000  22.750  8.3770e-02
9.000  23.000  8.3771e-02
9.000  23.250  8.3770e-02
9.000  23.500  8.3770e-02
9.000  23.750  8.3770e-02
9.000  24.000  8.3770e-02
9.250  17.000  8.3759e-02
9.250  17.250  8.3759e-02
9.250  17.500  8.3758e-02
9.250  17.750  8.3757e-02
9.250  18.000  8.3754e-02
9.250  18.250  8.3750e-02
9.250  18.500  8.3750e-02
9.250  18.750  8.3761e-02
9.250  19.000  8.3768e-02
9.250  19.250  8.3770e-02
9.250  19.500  8.3770e-02
9.250  19.750  8.3770e-02
9.250  20.000  8.3770e-02
9.250  20.250  8.3770e-02
9.250  20.500  8.3770e-02
9.250  20.750  8.3770e-02
9.250  21.000  8.3770e-02
9.250  21.250  8.3771e-02
9.250  21.500  8.3771e-02
9.250  21.750  8.3770e-02
9.250  22.000  8.3770e-02
9.250  22.250  8.3770e-02
9.250  22.500  8.3770e-02
9.250  22.750  8.3770e-02
9.250  23.000  8.3770e-02
9.250  23.250  8.3770e-02
9.250  23.500  8.3770e-02
9.250  23.750  8.3770e-02
9.250  24.000  8.3770e-02
9.500  17.000  8.3756e-02
9.500  17.250  8.3755e-02
9.500  17.500  8.3753e-02
9.500  17.750  8.3751e-02
9.500  18.000  8.3745e-02
9.500  18.250  8.3734e-02
9.500  18.500  8.3726e-02
9.500  18.750  8.3727e-02
9.500  19.000  8.3754e-02
9.500  19.250  8.3766e-02
9.500  19.500  8.3769e-02
9.500  19.750  8.3770e-02
9.500  20.000  8.3770e-02
9.500  20.250  8.3770e-02
9.500  20.500  8.3770e-02
9.500  20.750  8.3770e-02
9.500  21.000  8.3770e-02
9.500  21.250  8.3770e-02
9.500  21.500  8.3771e-02
9.500  21.750  8.3771e-02
9.500  22.000  8.3770e-02
9.500  22.250  8.3770e-02
9.500  22.500  8.3770e-02
9.500  22.750  8.3770e-02
9.500  23.000  8.3770e-02
9.500  23.250  8.3770e-02
9.500  23.500  8.3770e-02
9.500  23.750  8.3770e-02
9.500  24.000  8.3770e-02
9.750  17.000  8.3750e-02
9.750  17.250  8.3749e-02
9.750  17.500  8.3746e-02
9.750  17.750  8.3742e-02
9.750  18.000  8.3731e-02
9.750  18.250  8.3716e-02
9.750  18.500  8.3700e-02
9.750  18.750  8.3690e-02
9.750  19.000  8.3699e-02
9.750  19.250  8.3736e-02
9.750  19.500  8.3757e-02
9.750  19.750  8.3768e-02
9.750  20.000  8.3769e-02
9.750  20.250  8.3770e-02
9.750  20.500  8.3770e-02
9.750  20.750  8.3770e-02
9.750  21.000  8.3770e-02
9.750  21.250  8.3770e-02
9.750  21.500  8.3770e-02
9.750  21.750  8.3770e-02
9.750  22.000  8.3770e-02
9.750  22.250  8.3770e-02
9.750  22.500  8.3770e-02
9.750  22.750  8.3770e-02
9.750  23.000  8.3770e-02
9.750  23.250  8.3770e-02
9.750  23.500  8.3770e-02
9.750  23.750  8.3770e-02
9.750  24.000  8.3770e-02
10.000  17.000  8.3742e-02
10.000  17.250  8.3741e-02
10.000  17.500  8.3737e-02
10.000  17.750  8.3729e-02
10.000  18.000  8.3713e-02
10.000  18.250  8.3694e-02
10.000  18.500  8.3669e-02
10.000  18.750  8.3652e-02
10.000  19.000  8.3650e-02
10.000  19.250  8.3704e-02
10.000  19.500  8.3724e-02
10.000  19.750  8.3751e-02
10.000  20.000  8.3765e-02
10.000  20.250  8.3768e-02
10.000  20.500  8.3769e-02
10.000  20.750  8.3770e-02
10.000  21.000  8.3770e-02
10.000  21.250  8.3770e-02
10.000  21.500  8.3770e-02
10.000  21.750  8.3770e-02
10.000  22.000  8.3770e-02
10.000  22.250  8.3771e-02
10.000  22.500  8.3770e-02
10.000  22.750  8.3770e-02
10.000  23.000  8.3770e-02
10.000  23.250  8.3770e-02
10.000  23.500  8.3770e-02
10.000  23.750  8.3770e-02
10.000  24.000  8.3770e-02
10.250  17.000  8.3730e-02
10.250  17.250  8.3729e-02
10.250  17.500  8.3724e-02
10.250  17.750  8.3712e-02
10.250  18.000  8.3688e-02
10.250  18.250  8.3662e-02
10.250  18.500  8.3628e-02
10.250  18.750  8.3602e-02
10.250  19.000  8.3592e-02
10.250  19.250  8.3610e-02
10.250  19.500  8.3669e-02
10.250  19.750  8.3702e-02
10.250  20.000  8.3736e-02
10.250  20.250  8.3757e-02
10.250  20.500  8.3765e-02
10.250  20.750  8.3768e-02
10.250  21.000  8.3769e-02
10.250  21.250  8.3770e-02
10.250  21.500  8.3770e-02
10.250  21.750  8.3770e-02
10.250  22.000  8.3770e-02
10.250  22.250  8.3770e-02
10.250  22.500  8.3771e-02
10.250  22.750  8.3770e-02
10.250  23.000  8.3770e-02
10.250  23.250  8.3770e-02
10.250  23.500  8.3770e-02
10.250  23.750  8.3770e-02
10.250  24.000  8.3770e-02
10.500  17.000  8.3710e-02
10.500  17.250  8.3710e-02
10.500  17.500  8.3703e-02
10.500  17.750  8.3685e-02
10.500  18.000  8.3649e-02
10.500  18.250  8.3604e-02
10.500  18.500  8.3572e-02
10.500  18.750  8.3547e-02
10.500  19.000  8.3538e-02
10.500  19.250  8.3551e-02
10.500  19.500  8.3597e-02
10.500  19.750  8.3651e-02
10.500  20.000  8.3675e-02
10.500  20.250  8.3706e-02
10.500  20.500  8.3749e-02
10.500  20.750  8.3761e-02
10.500  21.000  8.3766e-02
10.500  21.250  8.3768e-02
10.500  21.500  8.3769e-02
10.500  21.750  8.3770e-02
10.500  22.000  8.3770e-02
10.500  22.250  8.3770e-02
10.500  22.500  8.3770e-02
10.500  22.750  8.3770e-02
10.500  23.000  8.3770e-02
10.500  23.250  8.3770e-02
10.500  23.500  8.3770e-02
10.500  23.750  8.3770e-02
10.500  24.000  8.3770e-02
10.750  17.000  8.3675e-02
10.750  17.250  8.3680e-02
10.750  17.500  8.3671e-02
10.750  17.750  8.3642e-02
10.750  18.000  8.3592e-02
10.750  18.250  8.3534e-02
10.750  18.500  8.3500e-02
10.750  18.750  8.3480e-02
10.750  19.000  8.3489e-02
10.750  19.250  8.3503e-02
10.750  19.500  8.3518e-02
10.750  19.750  8.3588e-02
10.750  20.000  8.3618e-02
10.750  20.250  8.3667e-02
10.750  20.500  8.3696e-02
10.750  20.750  8.3735e-02
10.750  21.000  8.3752e-02
10.750  21.250  8.3763e-02
10.750  21.500  8.3768e-02
10.750  21.750  8.3768e-02
10.750  22.000  8.3769e-02
10.750  22.250  8.3770e-02
10.750  22.500  8.3770e-02
10.750  22.750  8.3770e-02
10.750  23.000  8.3770e-02
10.750  23.250  8.3770e-02
10.750  23.500  8.3770e-02
10.750  23.750  8.3770e-02
10.750  24.000  8.3770e-02
11.000  17.000  8.3613e-02
11.000  17.250  8.3629e-02
11.000  17.500  8.3619e-02
11.000  17.750  8.3579e-02
11.000  18.000  8.3512e-02
11.000  18.250  8.3448e-02
11.000  18.500  8.3415e-02
11.000  18.750  8.3419e-02
11.000  19.000  8.3432e-02
11.000  19.250  8.3447e-02
11.000  19.500  8.3455e-02
11.000  19.750  8.3452e-02
11.000  20.000  8.3481e-02
11.000  20.250  8.3584e-02
11.000  20.500  8.3621e-02
11.000  20.750  8.3663e-02
11.000  21.000  8.3713e-02
11.000  21.250  8.3738e-02
11.000  21.500  8.3760e-02
11.000  21.750  8.3765e-02
11.000  22.000  8.3767e-02
11.000  22.250  8.3768e-02
11.000  22.500  8.3769e-02
11.000  22.750  8.3770e-02
11.000  23.000  8.3770e-02
11.000  23.250  8.3770e-02
11.000  23.500  8.3770e-02
11.000  23.750  8.3770e-02
11.000  24.000  8.3770e-02
11.250  17.000  8.3523e-02
11.250  17.250  8.3545e-02
11.250  17.500  8.3534e-02
11.250  17.750  8.3486e-02
11.250  18.000  8.3409e-02
11.250  18.250  8.3352e-02
11.250  18.500  8.3341e-02
11.250  18.750  8.3347e-02
11.250  19.000  8.3363e-02
11.250  19.250  8.3385e-02
11.250  19.500  8.3389e-02
11.250  19.750  8.3373e-02
11.250  20.000  8.3327e-02
11.250  20.250  8.3385e-02
11.250  20.500  8.3515e-02
11.250  20.750  8.3582e-02
11.250  21.000  8.3637e-02
11.250  21.250  8.3687e-02
11.250  21.500  8.3732e-02
11.250  21.750  8.3752e-02
11.250  22.000  8.3761e-02
11.250  22.250  8.3764e-02
11.250  22.500  8.3766e-02
11.250  22.750  8.3769e-02
11.250  23.000  8.3770e-02
11.250  23.250  8.3770e-02
11.250  23.500  8.3770e-02
11.250  23.750  8.3770e-02
11.250  24.000  8.3770e-02
11.500  17.000  8.3438e-02
11.500  17.250  8.3434e-02
11.500  17.500  8.3417e-02
11.500  17.750  8.3362e-02
11.500  18.000  8.3291e-02
11.500  18.250  8.3258e-02
11.500  18.500  8.3254e-02
11.500  18.750  8.3266e-02
11.500  19.000  8.3285e-02
11.500  19.250  8.3308e-02
11.500  19.500  8.3316e-02
11.500  19.750  8.3293e-02
11.500  20.000  8.3219e-02
11.500  20.250  8.3078e-02
11.500  20.500  8.3198e-02
11.500  20.750  8.3418e-02
11.500  21.000  8.3513e-02
11.500  21.250  8.3587e-02
11.500  21.500  8.3684e-02
11.500  21.750  8.3714e-02
11.500  22.000  8.3739e-02
11.500  22.250  8.3754e-02
11.500  22.500  8.3759e-02
11.500  22.750  8.3763e-02
11.500  23.000  8.3768e-02
11.500  23.250  8.3769e-02
11.500  23.500  8.3770e-02
11.500  23.750  8.3770e-02
11.500  24.000  8.3770e-02
11.750  17.000  8.3394e-02
11.750  17.250  8.3332e-02
11.750  17.500  8.3279e-02
11.750  17.750  8.3215e-02
11.750  18.000  8.3166e-02
11.750  18.250  8.3154e-02
11.750  18.500  8.3165e-02
11.750  18.750  8.3182e-02
11.750  19.000  8.3198e-02
11.750  19.250  8.3219e-02
11.750  19.500  8.3234e-02
11.750  19.750  8.3208e-02
11.750  20.000  8.3121e-02
11.750  20.250  8.2929e-02
11.750  20.500  8.2616e-02
11.750  20.750  8.2856e-02
11.750  21.000  8.3253e-02
11.750  21.250  8.3412e-02
11.750  21.500  8.3584e-02
11.750  21.750  8.3645e-02
11.750  22.000  8.3687e-02
11.750  22.250  8.3720e-02
11.750  22.500  8.3742e-02
11.750  22.750  8.3750e-02
11.750  23.000  8.3758e-02
11.750  23.250  8.3766e-02
11.750  23.500  8.3768e-02
11.750  23.750  8.3769e-02
11.750  24.000  8.3770e-02
12.000  17.000  8.3405e-02
12.000  17.250  8.3285e-02
12.000  17.500  8.3173e-02
12.000  17.750  8.3089e-02
12.000  18.000  8.3057e-02
12.000  18.250  8.3062e-02
12.000  18.500  8.3077e-02
12.000  18.750  8.3087e-02
12.000  19.000  8.3099e-02
12.000  19.250  8.3121e-02
12.000  19.500  8.3135e-02
12.000  19.750  8.3113e-02
12.000  20.000  8.3018e-02
12.000  20.250  8.2805e-02
12.000  20.500  8.2401e-02
12.000  20.750  8.1814e-02
12.000  21.000  8.2306e-02
12.000  21.250  8.2963e-02
12.000  21.500  8.3402e-02
12.000  21.750  8.3506e-02
12.000  22.000  8.3587e-02
12.000  22.250  8.3641e-02
12.000  22.500  8.3690e-02
12.000  22.750  8.3723e-02
12.000  23.000  8.3736e-02
12.000  23.250  8.3750e-02
12.000  23.500  8.3763e-02
12.000  23.750  8.3766e-02
12.000  24.000  8.3768e-02
12.250  17.000  8.3463e-02
12.250  17.250  8.3320e-02
12.250  17.500  8.3163e-02
12.250  17.750  8.3045e-02
12.250  18.000  8.2999e-02
12.250  18.250  8.2991e-02
12.250  18.500  8.2989e-02
12.250  18.750  8.2987e-02
12.250  19.000  8.2992e-02
12.250  19.250  8.3009e-02
12.250  19.500  8.3022e-02
12.250  19.750  8.3004e-02
12.250  20.000  8.2910e-02
12.250  20.250  8.2686e-02
12.250  20.500  8.2243e-02
12.250  20.750  8.1470e-02
12.250  21.000  8.0508e-02
12.250  21.250  8.1430e-02
12.250  21.500  8.2869e-02
12.250  21.750  8.3227e-02
12.250  22.000  8.3380e-02
12.250  22.250  8.3493e-02
12.250  22.500  8.3572e-02
12.250  22.750  8.3643e-02
12.250  23.000  8.3691e-02
12.250  23.250  8.3712e-02
12.250  23.500  8.3736e-02
12.250  23.750  8.3759e-02
12.250  24.000  8.3764e-02
12.500  17.000  8.3558e-02
12.500  17.250  8.3438e-02
12.500  17.500  8.3291e-02
12.500  17.750  8.3147e-02
12.500  18.000  8.3028e-02
12.500  18.250  8.2952e-02
12.500  18.500  8.2910e-02
12.500  18.750  8.2892e-02
12.500  19.000  8.2884e-02
12.500  19.250  8.2893e-02
12.500  19.500  8.2902e-02
12.500  19.750  8.2883e-02
12.500  20.000  8.2794e-02
12.500  20.250  8.2568e-02
12.500  20.500  8.2110e-02
12.500  20.750  8.1276e-02
12.500  21.000  7.9899e-02
12.500  21.250  7.8111e-02
12.500  21.500  8.0963e-02
12.500  21.750  8.2412e-02
12.500  22.000  8.2944e-02
12.500  22.250  8.3181e-02
12.500  22.500  8.3339e-02
12.500  22.750  8.3468e-02
12.500  23.000  8.3566e-02
12.500  23.250  8.3637e-02
12.500  23.500  8.3672e-02
12.500  23.750  8.3713e-02
12.500  24.000  8.3751e-02
12.750  17.000  8.3663e-02
12.750  17.250  8.3595e-02
12.750  17.500  8.3492e-02
12.750  17.750  8.3333e-02
12.750  18.000  8.3143e-02
12.750  18.250  8.2973e-02
12.750  18.500  8.2864e-02
12.750  18.750  8.2805e-02
12.750  19.000  8.2780e-02
12.750  19.250  8.2775e-02
12.750  19.500  8.2777e-02
12.750  19.750  8.2757e-02
12.750  20.000  8.2668e-02
12.750  20.250  8.2446e-02
12.750  20.500  8.1992e-02
12.750  20.750  8.1136e-02
12.750  21.000  7.9662e-02
12.750  21.250  7.7322e-02
12.750  21.500  7.7067e-02
12.750  21.750  7.9500e-02
12.750  22.000  8.1682e-02
12.750  22.250  8.2451e-02
12.750  22.500  8.2855e-02
12.750  22.750  8.3092e-02
12.750  23.000  8.3298e-02
12.750  23.250  8.3441e-02
12.750  23.500  8.3544e-02
12.750  23.750  8.3602e-02
12.750  24.000  8.3673e-02
13.000  17.000  8.3726e-02
13.000  17.250  8.3685e-02
13.000  17.500  8.3593e-02
13.000  17.750  8.3465e-02
13.000  18.000  8.3279e-02
13.000  18.250  8.3060e-02
13.000  18.500  8.2869e-02
13.000  18.750  8.2749e-02
13.000  19.000  8.2692e-02
13.000  19.250  8.2664e-02
13.000  19.500  8.2655e-02
13.000  19.750  8.2628e-02
13.000  20.000  8.2542e-02
13.000  20.250  8.2325e-02
13.000  20.500  8.1871e-02
13.000  20.750  8.1015e-02
13.000  21.000  7.9507e-02
13.000  21.250  7.6955e-02
13.000  21.500  7.5669e-02
13.000  21.750  7.3799e-02
13.000  22.000  7.7466e-02
13.000  22.250  8.0623e-02
13.000  22.500  8.1664e-02
13.000  22.750  8.2342e-02
13.000  23.000  8.2742e-02
13.000  23.250  8.2990e-02
13.000  23.500  8.3237e-02
13.000  23.750  8.3386e-02
13.000  24.000  8.3480e-02
13.250  17.000  8.3745e-02
13.250  17.250  8.3720e-02
13.250  17.500  8.3665e-02
13.250  17.750  8.3565e-02
13.250  18.000  8.3410e-02
13.250  18.250  8.3194e-02
13.250  18.500  8.2952e-02
13.250  18.750  8.2753e-02
13.250  19.000  8.2632e-02
13.250  19.250  8.2572e-02
13.250  19.500  8.2543e-02
13.250  19.750  8.2505e-02
13.250  20.000  8.2412e-02
13.250  20.250  8.2197e-02
13.250  20.500  8.1753e-02
13.250  20.750  8.0908e-02
13.250  21.000  7.9379e-02
13.250  21.250  7.6798e-02
13.250  21.500  7.5243e-02
13.250  21.750  7.1036e-02
13.250  22.000  6.9779e-02
13.250  22.250  7.4609e-02
13.250  22.500  7.8742e-02
13.250  22.750  8.0485e-02
13.250  23.000  8.1533e-02
13.250  23.250  8.2141e-02
13.250  23.500  8.2519e-02
13.250  23.750  8.2898e-02
13.250  24.000  8.3116e-02
13.500  17.000  8.3755e-02
13.500  17.250  8.3741e-02
13.500  17.500  8.3709e-02
13.500  17.750  8.3643e-02
13.500  18.000  8.3520e-02
13.500  18.250  8.3342e-02
13.500  18.500  8.3105e-02
13.500  18.750  8.2845e-02
13.500  19.000  8.2639e-02
13.500  19.250  8.2511e-02
13.500  19.500  8.2448e-02
13.500  19.750  8.2390e-02
13.500  20.000  8.2288e-02
13.500  20.250  8.2066e-02
13.500  20.500  8.1629e-02
13.500  20.750  8.0798e-02
13.500  21.000  7.9298e-02
13.500  21.250  7.6687e-02
13.500  21.500  7.5043e-02
13.500  21.750  7.0045e-02
13.500  22.000  6.4177e-02
13.500  22.250  6.4249e-02
13.500  22.500  7.0580e-02
13.500  22.750  7.6103e-02
13.500  23.000  7.8683e-02
13.500  23.250  8.0206e-02
13.500  23.500  8.1158e-02
13.500  23.750  8.1861e-02
13.500  24.000  8.2339e-02
13.750  17.000  8.3761e-02
13.750  17.250  8.3753e-02
13.750  17.500  8.3734e-02
13.750  17.750  8.3693e-02
13.750  18.000  8.3609e-02
13.750  18.250  8.3475e-02
13.750  18.500  8.3272e-02
13.750  18.750  8.3011e-02
13.750  19.000  8.2737e-02
13.750  19.250  8.2529e-02
13.750  19.500  8.2396e-02
13.750  19.750  8.2300e-02
13.750  20.000  8.2171e-02
13.750  20.250  8.1938e-02
13.750  20.500  8.1490e-02
13.750  20.750  8.0663e-02
13.750  21.000  7.9173e-02
13.750  21.250  7.6565e-02
13.750  21.500  7.4853e-02
13.750  21.750  6.9435e-02
13.750  22.000  6.1474e-02
13.750  22.250  5.4297e-02
13.750  22.500  5.7516e-02
13.750  22.750  6.5715e-02
13.750  23.000  7.2435e-02
13.750  23.250  7.5977e-02
13.750  23.500  7.8187e-02
13.750  23.750  7.9584e-02
13.750  24.000  8.0712e-02
14.000  17.000  8.3765e-02
14.000  17.250  8.3760e-02
14.000  17.500  8.3749e-02
14.000  17.750  8.3725e-02
14.000  18.000  8.3671e-02
14.000  18.250  8.3574e-02
14.000  18.500  8.3422e-02
14.000  18.750  8.3204e-02
14.000  19.000  8.2923e-02
14.000  19.250  8.2634e-02
14.000  19.500  8.2406e-02
14.000  19.750  8.2246e-02
14.000  20.000  8.2078e-02
14.000  20.250  8.1821e-02
14.000  20.500  8.1350e-02
14.000  20.750  8.0504e-02
14.000  21.000  7.8996e-02
14.000  21.250  7.6346e-02
14.000  21.500  7.4580e-02
14.000  21.750  6.8811e-02
14.000  22.000  5.9422e-02
14.000  22.250  4.7275e-02
14.000  22.500  4.1555e-02
14.000  22.750  4.9586e-02
14.000  23.000  5.9078e-02
14.000  23.250  6.7205e-02
14.000  23.500  7.1820e-02
14.000  23.750  7.5018e-02
14.000  24.000  7.7185e-02
