Fe 2 1.15000m  relative to Inci 1215.00A scaled to 1215A.
Hden   Phi(H)  Eq_Width (A)
7.000  17.000  1.0000e-07
7.000  17.250  1.0000e-07
7.000  17.500  1.0000e-07
7.000  17.750  1.0000e-07
7.000  18.000  1.0000e-07
7.000  18.250  1.0000e-07
7.000  18.500  1.0000e-07
7.000  18.750  1.0000e-07
7.000  19.000  1.0000e-07
7.000  19.250  1.0000e-07
7.000  19.500  1.0000e-07
7.000  19.750  1.0000e-07
7.000  20.000  1.0000e-07
7.000  20.250  1.0000e-07
7.000  20.500  1.0000e-07
7.000  20.750  1.0000e-07
7.000  21.000  1.0000e-07
7.000  21.250  1.0000e-07
7.000  21.500  1.0000e-07
7.000  21.750  1.0000e-07
7.000  22.000  1.0000e-07
7.000  22.250  1.0000e-07
7.000  22.500  1.0000e-07
7.000  22.750  1.0000e-07
7.000  23.000  1.0000e-07
7.000  23.250  1.0000e-07
7.000  23.500  1.0000e-07
7.000  23.750  1.0000e-07
7.000  24.000  1.0000e-07
7.250  17.000  1.0000e-07
7.250  17.250  1.0000e-07
7.250  17.500  1.0000e-07
7.250  17.750  1.0000e-07
7.250  18.000  1.0000e-07
7.250  18.250  1.0000e-07
7.250  18.500  1.0000e-07
7.250  18.750  1.0000e-07
7.250  19.000  1.0000e-07
7.250  19.250  1.0000e-07
7.250  19.500  1.0000e-07
7.250  19.750  1.0000e-07
7.250  20.000  1.0000e-07
7.250  20.250  1.0000e-07
7.250  20.500  1.0000e-07
7.250  20.750  1.0000e-07
7.250  21.000  1.0000e-07
7.250  21.250  1.0000e-07
7.250  21.500  1.0000e-07
7.250  21.750  1.0000e-07
7.250  22.000  1.0000e-07
7.250  22.250  1.0000e-07
7.250  22.500  1.0000e-07
7.250  22.750  1.0000e-07
7.250  23.000  1.0000e-07
7.250  23.250  1.0000e-07
7.250  23.500  1.0000e-07
7.250  23.750  1.0000e-07
7.250  24.000  1.0000e-07
7.500  17.000  4.7029e-04
7.500  17.250  1.0000e-07
7.500  17.500  1.0000e-07
7.500  17.750  1.0000e-07
7.500  18.000  1.0000e-07
7.500  18.250  1.0000e-07
7.500  18.500  1.0000e-07
7.500  18.750  1.0000e-07
7.500  19.000  1.0000e-07
7.500  19.250  1.0000e-07
7.500  19.500  1.0000e-07
7.500  19.750  1.0000e-07
7.500  20.000  1.0000e-07
7.500  20.250  1.0000e-07
7.500  20.500  1.0000e-07
7.500  20.750  1.0000e-07
7.500  21.000  1.0000e-07
7.500  21.250  1.0000e-07
7.500  21.500  1.0000e-07
7.500  21.750  1.0000e-07
7.500  22.000  1.0000e-07
7.500  22.250  1.0000e-07
7.500  22.500  1.0000e-07
7.500  22.750  1.0000e-07
7.500  23.000  1.0000e-07
7.500  23.250  1.0000e-07
7.500  23.500  1.0000e-07
7.500  23.750  1.0000e-07
7.500  24.000  1.0000e-07
7.750  17.000  3.9947e-03
7.750  17.250  4.5490e-04
7.750  17.500  1.0000e-07
7.750  17.750  1.0000e-07
7.750  18.000  1.0000e-07
7.750  18.250  1.0000e-07
7.750  18.500  1.0000e-07
7.750  18.750  1.0000e-07
7.750  19.000  1.0000e-07
7.750  19.250  1.0000e-07
7.750  19.500  1.0000e-07
7.750  19.750  1.0000e-07
7.750  20.000  1.0000e-07
7.750  20.250  1.0000e-07
7.750  20.500  1.0000e-07
7.750  20.750  1.0000e-07
7.750  21.000  1.0000e-07
7.750  21.250  1.0000e-07
7.750  21.500  1.0000e-07
7.750  21.750  1.0000e-07
7.750  22.000  1.0000e-07
7.750  22.250  1.0000e-07
7.750  22.500  1.0000e-07
7.750  22.750  1.0000e-07
7.750  23.000  1.0000e-07
7.750  23.250  1.0000e-07
7.750  23.500  1.0000e-07
7.750  23.750  1.0000e-07
7.750  24.000  1.0000e-07
8.000  17.000  6.9126e-03
8.000  17.250  4.0609e-03
8.000  17.500  5.4914e-04
8.000  17.750  1.0000e-07
8.000  18.000  1.0000e-07
8.000  18.250  1.0000e-07
8.000  18.500  1.0000e-07
8.000  18.750  1.0000e-07
8.000  19.000  1.0000e-07
8.000  19.250  1.0000e-07
8.000  19.500  1.0000e-07
8.000  19.750  1.0000e-07
8.000  20.000  1.0000e-07
8.000  20.250  1.0000e-07
8.000  20.500  1.0000e-07
8.000  20.750  1.0000e-07
8.000  21.000  1.0000e-07
8.000  21.250  1.0000e-07
8.000  21.500  1.0000e-07
8.000  21.750  1.0000e-07
8.000  22.000  1.0000e-07
8.000  22.250  1.0000e-07
8.000  22.500  1.0000e-07
8.000  22.750  1.0000e-07
8.000  23.000  1.0000e-07
8.000  23.250  1.0000e-07
8.000  23.500  1.0000e-07
8.000  23.750  1.0000e-07
8.000  24.000  1.0000e-07
8.250  17.000  9.4073e-03
8.250  17.250  7.4144e-03
8.250  17.500  4.2480e-03
8.250  17.750  5.4140e-04
8.250  18.000  1.0000e-07
8.250  18.250  1.0000e-07
8.250  18.500  1.0000e-07
8.250  18.750  1.0000e-07
8.250  19.000  1.0000e-07
8.250  19.250  1.0000e-07
8.250  19.500  1.0000e-07
8.250  19.750  1.0000e-07
8.250  20.000  1.0000e-07
8.250  20.250  1.0000e-07
8.250  20.500  1.0000e-07
8.250  20.750  1.0000e-07
8.250  21.000  1.0000e-07
8.250  21.250  1.0000e-07
8.250  21.500  1.0000e-07
8.250  21.750  1.0000e-07
8.250  22.000  1.0000e-07
8.250  22.250  1.0000e-07
8.250  22.500  1.0000e-07
8.250  22.750  1.0000e-07
8.250  23.000  1.0000e-07
8.250  23.250  1.0000e-07
8.250  23.500  1.0000e-07
8.250  23.750  1.0000e-07
8.250  24.000  1.0000e-07
8.500  17.000  1.1609e-02
8.500  17.250  1.0256e-02
8.500  17.500  8.1785e-03
8.500  17.750  4.4763e-03
8.500  18.000  5.1737e-04
8.500  18.250  1.0000e-07
8.500  18.500  1.0000e-07
8.500  18.750  1.0000e-07
8.500  19.000  1.0000e-07
8.500  19.250  1.0000e-07
8.500  19.500  1.0000e-07
8.500  19.750  1.0000e-07
8.500  20.000  1.0000e-07
8.500  20.250  1.0000e-07
8.500  20.500  1.0000e-07
8.500  20.750  1.0000e-07
8.500  21.000  1.0000e-07
8.500  21.250  1.0000e-07
8.500  21.500  1.0000e-07
8.500  21.750  1.0000e-07
8.500  22.000  1.0000e-07
8.500  22.250  1.0000e-07
8.500  22.500  1.0000e-07
8.500  22.750  1.0000e-07
8.500  23.000  1.0000e-07
8.500  23.250  1.0000e-07
8.500  23.500  1.0000e-07
8.500  23.750  1.0000e-07
8.500  24.000  1.0000e-07
8.750  17.000  1.3421e-02
8.750  17.250  1.2759e-02
8.750  17.500  1.1587e-02
8.750  17.750  8.6627e-03
8.750  18.000  4.8205e-03
8.750  18.250  4.4066e-04
8.750  18.500  1.0000e-07
8.750  18.750  1.0000e-07
8.750  19.000  1.0000e-07
8.750  19.250  1.0000e-07
8.750  19.500  1.0000e-07
8.750  19.750  1.0000e-07
8.750  20.000  1.0000e-07
8.750  20.250  1.0000e-07
8.750  20.500  1.0000e-07
8.750  20.750  1.0000e-07
8.750  21.000  1.0000e-07
8.750  21.250  1.0000e-07
8.750  21.500  1.0000e-07
8.750  21.750  1.0000e-07
8.750  22.000  1.0000e-07
8.750  22.250  1.0000e-07
8.750  22.500  1.0000e-07
8.750  22.750  1.0000e-07
8.750  23.000  1.0000e-07
8.750  23.250  1.0000e-07
8.750  23.500  1.0000e-07
8.750  23.750  1.0000e-07
8.750  24.000  1.0000e-07
9.000  17.000  1.4738e-02
9.000  17.250  1.4764e-02
9.000  17.500  1.4536e-02
9.000  17.750  1.3545e-02
9.000  18.000  9.9814e-03
9.000  18.250  5.0985e-03
9.000  18.500  2.6321e-04
9.000  18.750  1.0000e-07
9.000  19.000  1.0000e-07
9.000  19.250  1.0000e-07
9.000  19.500  1.0000e-07
9.000  19.750  1.0000e-07
9.000  20.000  1.0000e-07
9.000  20.250  1.0000e-07
9.000  20.500  1.0000e-07
9.000  20.750  1.0000e-07
9.000  21.000  1.0000e-07
9.000  21.250  1.0000e-07
9.000  21.500  1.0000e-07
9.000  21.750  1.0000e-07
9.000  22.000  1.0000e-07
9.000  22.250  1.0000e-07
9.000  22.500  1.0000e-07
9.000  22.750  1.0000e-07
9.000  23.000  1.0000e-07
9.000  23.250  1.0000e-07
9.000  23.500  1.0000e-07
9.000  23.750  1.0000e-07
9.000  24.000  1.0000e-07
9.250  17.000  1.5540e-02
9.250  17.250  1.6089e-02
9.250  17.500  1.6771e-02
9.250  17.750  1.6748e-02
9.250  18.000  1.4132e-02
9.250  18.250  1.0075e-02
9.250  18.500  4.5078e-03
9.250  18.750  9.7942e-06
9.250  19.000  1.0000e-07
9.250  19.250  1.0000e-07
9.250  19.500  1.0000e-07
9.250  19.750  1.0000e-07
9.250  20.000  1.0000e-07
9.250  20.250  1.0000e-07
9.250  20.500  1.0000e-07
9.250  20.750  1.0000e-07
9.250  21.000  1.0000e-07
9.250  21.250  1.0000e-07
9.250  21.500  1.0000e-07
9.250  21.750  1.0000e-07
9.250  22.000  1.0000e-07
9.250  22.250  1.0000e-07
9.250  22.500  1.0000e-07
9.250  22.750  1.0000e-07
9.250  23.000  1.0000e-07
9.250  23.250  1.0000e-07
9.250  23.500  1.0000e-07
9.250  23.750  1.0000e-07
9.250  24.000  1.0000e-07
9.500  17.000  1.6001e-02
9.500  17.250  1.6956e-02
9.500  17.500  1.8178e-02
9.500  17.750  1.9042e-02
9.500  18.000  1.6755e-02
9.500  18.250  1.3047e-02
9.500  18.500  7.9274e-03
9.500  18.750  3.2835e-03
9.500  19.000  1.0000e-07
9.500  19.250  1.0000e-07
9.500  19.500  1.0000e-07
9.500  19.750  1.0000e-07
9.500  20.000  1.0000e-07
9.500  20.250  1.0000e-07
9.500  20.500  1.0000e-07
9.500  20.750  1.0000e-07
9.500  21.000  1.0000e-07
9.500  21.250  1.0000e-07
9.500  21.500  1.0000e-07
9.500  21.750  1.0000e-07
9.500  22.000  1.0000e-07
9.500  22.250  1.0000e-07
9.500  22.500  1.0000e-07
9.500  22.750  1.0000e-07
9.500  23.000  1.0000e-07
9.500  23.250  1.0000e-07
9.500  23.500  1.0000e-07
9.500  23.750  1.0000e-07
9.500  24.000  1.0000e-07
9.750  17.000  1.6072e-02
9.750  17.250  1.7161e-02
9.750  17.500  1.8623e-02
9.750  17.750  1.9670e-02
9.750  18.000  1.8777e-02
9.750  18.250  1.4099e-02
9.750  18.500  9.1344e-03
9.750  18.750  5.1447e-03
9.750  19.000  1.1322e-03
9.750  19.250  1.0000e-07
9.750  19.500  1.0000e-07
9.750  19.750  1.0000e-07
9.750  20.000  1.0000e-07
9.750  20.250  1.0000e-07
9.750  20.500  1.0000e-07
9.750  20.750  1.0000e-07
9.750  21.000  1.0000e-07
9.750  21.250  1.0000e-07
9.750  21.500  1.0000e-07
9.750  21.750  1.0000e-07
9.750  22.000  1.0000e-07
9.750  22.250  1.0000e-07
9.750  22.500  1.0000e-07
9.750  22.750  1.0000e-07
9.750  23.000  1.0000e-07
9.750  23.250  1.0000e-07
9.750  23.500  1.0000e-07
9.750  23.750  1.0000e-07
9.750  24.000  1.0000e-07
10.000  17.000  1.5869e-02
10.000  17.250  1.6928e-02
10.000  17.500  1.8302e-02
10.000  17.750  1.8919e-02
10.000  18.000  1.7442e-02
10.000  18.250  1.3243e-02
10.000  18.500  8.8788e-03
10.000  18.750  5.0741e-03
10.000  19.000  2.2365e-03
10.000  19.250  3.3580e-04
10.000  19.500  1.0000e-07
10.000  19.750  1.0000e-07
10.000  20.000  1.0000e-07
10.000  20.250  1.0000e-07
10.000  20.500  1.0000e-07
10.000  20.750  1.0000e-07
10.000  21.000  1.0000e-07
10.000  21.250  1.0000e-07
10.000  21.500  1.0000e-07
10.000  21.750  1.0000e-07
10.000  22.000  1.0000e-07
10.000  22.250  1.0000e-07
10.000  22.500  1.0000e-07
10.000  22.750  1.0000e-07
10.000  23.000  1.0000e-07
10.000  23.250  1.0000e-07
10.000  23.500  1.0000e-07
10.000  23.750  1.0000e-07
10.000  24.000  1.0000e-07
10.250  17.000  1.5427e-02
10.250  17.250  1.6436e-02
10.250  17.500  1.7423e-02
10.250  17.750  1.7333e-02
10.250  18.000  1.4959e-02
10.250  18.250  1.0881e-02
10.250  18.500  6.8634e-03
10.250  18.750  3.5050e-03
10.250  19.000  1.2330e-03
10.250  19.250  3.3136e-04
10.250  19.500  1.0000e-07
10.250  19.750  1.0000e-07
10.250  20.000  1.0000e-07
10.250  20.250  1.0000e-07
10.250  20.500  1.0000e-07
10.250  20.750  1.0000e-07
10.250  21.000  1.0000e-07
10.250  21.250  1.0000e-07
10.250  21.500  1.0000e-07
10.250  21.750  1.0000e-07
10.250  22.000  1.0000e-07
10.250  22.250  1.0000e-07
10.250  22.500  1.0000e-07
10.250  22.750  1.0000e-07
10.250  23.000  1.0000e-07
10.250  23.250  1.0000e-07
10.250  23.500  1.0000e-07
10.250  23.750  1.0000e-07
10.250  24.000  1.0000e-07
10.500  17.000  1.4936e-02
10.500  17.250  1.5741e-02
10.500  17.500  1.6188e-02
10.500  17.750  1.5078e-02
10.500  18.000  1.2037e-02
10.500  18.250  8.0815e-03
10.500  18.500  4.8649e-03
10.500  18.750  2.3007e-03
10.500  19.000  1.1403e-03
10.500  19.250  5.3037e-04
10.500  19.500  2.0255e-04
10.500  19.750  1.0000e-07
10.500  20.000  1.0000e-07
10.500  20.250  1.0000e-07
10.500  20.500  1.0000e-07
10.500  20.750  1.0000e-07
10.500  21.000  1.0000e-07
10.500  21.250  1.0000e-07
10.500  21.500  1.0000e-07
10.500  21.750  1.0000e-07
10.500  22.000  1.0000e-07
10.500  22.250  1.0000e-07
10.500  22.500  1.0000e-07
10.500  22.750  1.0000e-07
10.500  23.000  1.0000e-07
10.500  23.250  1.0000e-07
10.500  23.500  1.0000e-07
10.500  23.750  1.0000e-07
10.500  24.000  1.0000e-07
10.750  17.000  1.4290e-02
10.750  17.250  1.4802e-02
10.750  17.500  1.4589e-02
10.750  17.750  1.2613e-02
10.750  18.000  9.4347e-03
10.750  18.250  6.0432e-03
10.750  18.500  3.5064e-03
10.750  18.750  2.0353e-03
10.750  19.000  1.2723e-03
10.750  19.250  7.0955e-04
10.750  19.500  3.2082e-04
10.750  19.750  5.9671e-05
10.750  20.000  1.0000e-07
10.750  20.250  1.0000e-07
10.750  20.500  1.0000e-07
10.750  20.750  1.0000e-07
10.750  21.000  1.0000e-07
10.750  21.250  1.0000e-07
10.750  21.500  1.0000e-07
10.750  21.750  1.0000e-07
10.750  22.000  1.0000e-07
10.750  22.250  1.0000e-07
10.750  22.500  1.0000e-07
10.750  22.750  1.0000e-07
10.750  23.000  1.0000e-07
10.750  23.250  1.0000e-07
10.750  23.500  1.0000e-07
10.750  23.750  1.0000e-07
10.750  24.000  1.0000e-07
11.000  17.000  1.3449e-02
11.000  17.250  1.3568e-02
11.000  17.500  1.2674e-02
11.000  17.750  1.0515e-02
11.000  18.000  7.5364e-03
11.000  18.250  4.7667e-03
11.000  18.500  3.0123e-03
11.000  18.750  2.0298e-03
11.000  19.000  1.3858e-03
11.000  19.250  8.5802e-04
11.000  19.500  4.6189e-04
11.000  19.750  1.8362e-04
11.000  20.000  1.5473e-05
11.000  20.250  1.0000e-07
11.000  20.500  1.0000e-07
11.000  20.750  1.0000e-07
11.000  21.000  1.0000e-07
11.000  21.250  1.0000e-07
11.000  21.500  1.0000e-07
11.000  21.750  1.0000e-07
11.000  22.000  1.0000e-07
11.000  22.250  1.0000e-07
11.000  22.500  1.0000e-07
11.000  22.750  1.0000e-07
11.000  23.000  1.0000e-07
11.000  23.250  1.0000e-07
11.000  23.500  1.0000e-07
11.000  23.750  1.0000e-07
11.000  24.000  1.0000e-07
11.250  17.000  1.2400e-02
11.250  17.250  1.2010e-02
11.250  17.500  1.0797e-02
11.250  17.750  8.6756e-03
11.250  18.000  6.0749e-03
11.250  18.250  4.0482e-03
11.250  18.500  2.9104e-03
11.250  18.750  2.0447e-03
11.250  19.000  1.4408e-03
11.250  19.250  9.3704e-04
11.250  19.500  5.5407e-04
11.250  19.750  2.7934e-04
11.250  20.000  9.5473e-05
11.250  20.250  1.6461e-06
11.250  20.500  1.0000e-07
11.250  20.750  1.0000e-07
11.250  21.000  1.0000e-07
11.250  21.250  1.0000e-07
11.250  21.500  1.0000e-07
11.250  21.750  1.0000e-07
11.250  22.000  1.0000e-07
11.250  22.250  1.0000e-07
11.250  22.500  1.0000e-07
11.250  22.750  1.0000e-07
11.250  23.000  1.0000e-07
11.250  23.250  1.0000e-07
11.250  23.500  1.0000e-07
11.250  23.750  1.0000e-07
11.250  24.000  1.0000e-07
11.500  17.000  1.1054e-02
11.500  17.250  1.0316e-02
11.500  17.500  9.0009e-03
11.500  17.750  7.0384e-03
11.500  18.000  4.9814e-03
11.500  18.250  3.6191e-03
11.500  18.500  2.7091e-03
11.500  18.750  1.9949e-03
11.500  19.000  1.4180e-03
11.500  19.250  9.5811e-04
11.500  19.500  6.0074e-04
11.500  19.750  3.3885e-04
11.500  20.000  1.6428e-04
11.500  20.250  4.6667e-05
11.500  20.500  1.0000e-07
11.500  20.750  1.0000e-07
11.500  21.000  1.0000e-07
11.500  21.250  1.0000e-07
11.500  21.500  1.0000e-07
11.500  21.750  1.0000e-07
11.500  22.000  1.0000e-07
11.500  22.250  1.0000e-07
11.500  22.500  1.0000e-07
11.500  22.750  1.0000e-07
11.500  23.000  1.0000e-07
11.500  23.250  1.0000e-07
11.500  23.500  1.0000e-07
11.500  23.750  1.0000e-07
11.500  24.000  1.0000e-07
11.750  17.000  9.3694e-03
11.750  17.250  8.5503e-03
11.750  17.500  7.2524e-03
11.750  17.750  5.5584e-03
11.750  18.000  4.1020e-03
11.750  18.250  3.1397e-03
11.750  18.500  2.4909e-03
11.750  18.750  1.9156e-03
11.750  19.000  1.3550e-03
11.750  19.250  9.3778e-04
11.750  19.500  6.0510e-04
11.750  19.750  3.6617e-04
11.750  20.000  2.0428e-04
11.750  20.250  9.6872e-05
11.750  20.500  2.6255e-05
11.750  20.750  1.0000e-07
11.750  21.000  1.0000e-07
11.750  21.250  1.0000e-07
11.750  21.500  1.0000e-07
11.750  21.750  1.0000e-07
11.750  22.000  1.0000e-07
11.750  22.250  1.0000e-07
11.750  22.500  1.0000e-07
11.750  22.750  1.0000e-07
11.750  23.000  1.0000e-07
11.750  23.250  1.0000e-07
11.750  23.500  1.0000e-07
11.750  23.750  1.0000e-07
11.750  24.000  1.0000e-07
12.000  17.000  7.4872e-03
12.000  17.250  6.6824e-03
12.000  17.500  5.5225e-03
12.000  17.750  4.2013e-03
12.000  18.000  3.2455e-03
12.000  18.250  2.6554e-03
12.000  18.500  2.2299e-03
12.000  18.750  1.7575e-03
12.000  19.000  1.2677e-03
12.000  19.250  8.9531e-04
12.000  19.500  5.8971e-04
12.000  19.750  3.7111e-04
12.000  20.000  2.2206e-04
12.000  20.250  1.2313e-04
12.000  20.500  5.6790e-05
12.000  20.750  2.1070e-05
12.000  21.000  1.0000e-07
12.000  21.250  1.0000e-07
12.000  21.500  1.0000e-07
12.000  21.750  1.0000e-07
12.000  22.000  1.0000e-07
12.000  22.250  1.0000e-07
12.000  22.500  1.0000e-07
12.000  22.750  1.0000e-07
12.000  23.000  1.0000e-07
12.000  23.250  1.0000e-07
12.000  23.500  1.0000e-07
12.000  23.750  1.0000e-07
12.000  24.000  1.0000e-07
12.250  17.000  5.4158e-03
12.250  17.250  4.7426e-03
12.250  17.500  3.8445e-03
12.250  17.750  2.9583e-03
12.250  18.000  2.4470e-03
12.250  18.250  2.2172e-03
12.250  18.500  1.9428e-03
12.250  18.750  1.5797e-03
12.250  19.000  1.1733e-03
12.250  19.250  8.4436e-04
12.250  19.500  5.6963e-04
12.250  19.750  3.6247e-04
12.250  20.000  2.2461e-04
12.250  20.250  1.3457e-04
12.250  20.500  7.5062e-05
12.250  20.750  3.5226e-05
12.250  21.000  1.3086e-05
12.250  21.250  1.0000e-07
12.250  21.500  1.0000e-07
12.250  21.750  1.0000e-07
12.250  22.000  1.0000e-07
12.250  22.250  1.0000e-07
12.250  22.500  1.0000e-07
12.250  22.750  1.0000e-07
12.250  23.000  1.0000e-07
12.250  23.250  1.0000e-07
12.250  23.500  1.0000e-07
12.250  23.750  1.0000e-07
12.250  24.000  1.0000e-07
12.500  17.000  3.3650e-03
12.500  17.250  2.8805e-03
12.500  17.500  2.3066e-03
12.500  17.750  1.9170e-03
12.500  18.000  1.8528e-03
12.500  18.250  1.8174e-03
12.500  18.500  1.6749e-03
12.500  18.750  1.4181e-03
12.500  19.000  1.0937e-03
12.500  19.250  7.7654e-04
12.500  19.500  5.3572e-04
12.500  19.750  3.5449e-04
12.500  20.000  2.2288e-04
12.500  20.250  1.3835e-04
12.500  20.500  8.2469e-05
12.500  20.750  4.6173e-05
12.500  21.000  2.1317e-05
12.500  21.250  2.1399e-06
12.500  21.500  1.0000e-07
12.500  21.750  1.0000e-07
12.500  22.000  1.0000e-07
12.500  22.250  1.0000e-07
12.500  22.500  1.0000e-07
12.500  22.750  1.0000e-07
12.500  23.000  1.0000e-07
12.500  23.250  1.0000e-07
12.500  23.500  1.0000e-07
12.500  23.750  1.0000e-07
12.500  24.000  1.0000e-07
12.750  17.000  1.7835e-03
12.750  17.250  1.4532e-03
12.750  17.500  1.2707e-03
12.750  17.750  1.3171e-03
12.750  18.000  1.4184e-03
12.750  18.250  1.4889e-03
12.750  18.500  1.4412e-03
12.750  18.750  1.2436e-03
12.750  19.000  9.9160e-04
12.750  19.250  7.1654e-04
12.750  19.500  5.0041e-04
12.750  19.750  3.4889e-04
12.750  20.000  2.2634e-04
12.750  20.250  1.4156e-04
12.750  20.500  8.3621e-05
12.750  20.750  5.1358e-05
12.750  21.000  2.9712e-05
12.750  21.250  1.4239e-05
12.750  21.500  1.5638e-06
12.750  21.750  1.0000e-07
12.750  22.000  1.0000e-07
12.750  22.250  1.0000e-07
12.750  22.500  1.0000e-07
12.750  22.750  1.0000e-07
12.750  23.000  1.0000e-07
12.750  23.250  1.0000e-07
12.750  23.500  1.0000e-07
12.750  23.750  1.0000e-07
12.750  24.000  1.0000e-07
13.000  17.000  7.2403e-04
13.000  17.250  8.0519e-04
13.000  17.500  9.3160e-04
13.000  17.750  9.9860e-04
13.000  18.000  1.1170e-03
13.000  18.250  1.2216e-03
13.000  18.500  1.2205e-03
13.000  18.750  1.0867e-03
13.000  19.000  8.7819e-04
13.000  19.250  6.6132e-04
13.000  19.500  4.6296e-04
13.000  19.750  3.1745e-04
13.000  20.000  2.1687e-04
13.000  20.250  1.4016e-04
13.000  20.500  8.8724e-05
13.000  20.750  5.3416e-05
13.000  21.000  3.2922e-05
13.000  21.250  1.8848e-05
13.000  21.500  9.5473e-06
13.000  21.750  1.0000e-07
13.000  22.000  1.0000e-07
13.000  22.250  1.0000e-07
13.000  22.500  1.0000e-07
13.000  22.750  1.0000e-07
13.000  23.000  1.0000e-07
13.000  23.250  1.0000e-07
13.000  23.500  1.0000e-07
13.000  23.750  1.0000e-07
13.000  24.000  1.0000e-07
13.250  17.000  5.7753e-04
13.250  17.250  6.2189e-04
13.250  17.500  6.9152e-04
13.250  17.750  7.8115e-04
13.250  18.000  8.8741e-04
13.250  18.250  9.8609e-04
13.250  18.500  1.0080e-03
13.250  18.750  9.2568e-04
13.250  19.000  7.6691e-04
13.250  19.250  5.9267e-04
13.250  19.500  4.2700e-04
13.250  19.750  2.9473e-04
13.250  20.000  1.9844e-04
13.250  20.250  1.3111e-04
13.250  20.500  8.5926e-05
13.250  20.750  5.5720e-05
13.250  21.000  3.3992e-05
13.250  21.250  2.0905e-05
13.250  21.500  1.2346e-05
13.250  21.750  6.4198e-06
13.250  22.000  1.0000e-07
13.250  22.250  1.0000e-07
13.250  22.500  1.0000e-07
13.250  22.750  1.0000e-07
13.250  23.000  1.0000e-07
13.250  23.250  1.0000e-07
13.250  23.500  1.0000e-07
13.250  23.750  1.0000e-07
13.250  24.000  1.0000e-07
13.500  17.000  4.6000e-04
13.500  17.250  4.8593e-04
13.500  17.500  5.2650e-04
13.500  17.750  5.9638e-04
13.500  18.000  6.9679e-04
13.500  18.250  7.7613e-04
13.500  18.500  8.1053e-04
13.500  18.750  7.6527e-04
13.500  19.000  6.5588e-04
13.500  19.250  5.1473e-04
13.500  19.500  3.8206e-04
13.500  19.750  2.7012e-04
13.500  20.000  1.8527e-04
13.500  20.250  1.2486e-04
13.500  20.500  8.1893e-05
13.500  20.750  5.3992e-05
13.500  21.000  3.4568e-05
13.500  21.250  2.1811e-05
13.500  21.500  1.3498e-05
13.500  21.750  8.0658e-06
13.500  22.000  4.3621e-06
13.500  22.250  1.0000e-07
13.500  22.500  1.0000e-07
13.500  22.750  1.0000e-07
13.500  23.000  1.0000e-07
13.500  23.250  1.0000e-07
13.500  23.500  1.0000e-07
13.500  23.750  1.0000e-07
13.500  24.000  1.0000e-07
13.750  17.000  3.6230e-04
13.750  17.250  3.7671e-04
13.750  17.500  4.0214e-04
13.750  17.750  4.5333e-04
13.750  18.000  5.2757e-04
13.750  18.250  5.9358e-04
13.750  18.500  6.2872e-04
13.750  18.750  6.0823e-04
13.750  19.000  5.3819e-04
13.750  19.250  4.4025e-04
13.750  19.500  3.3819e-04
13.750  19.750  2.4593e-04
13.750  20.000  1.7251e-04
13.750  20.250  1.1811e-04
13.750  20.500  7.9177e-05
13.750  20.750  5.2840e-05
13.750  21.000  3.4321e-05
13.750  21.250  2.1975e-05
13.750  21.500  1.3992e-05
13.750  21.750  8.6420e-06
13.750  22.000  5.1852e-06
13.750  22.250  2.7984e-06
13.750  22.500  1.0000e-07
13.750  22.750  1.0000e-07
13.750  23.000  1.0000e-07
13.750  23.250  1.0000e-07
13.750  23.500  1.0000e-07
13.750  23.750  1.0000e-07
13.750  24.000  1.0000e-07
14.000  17.000  2.8189e-04
14.000  17.250  2.8930e-04
14.000  17.500  3.0584e-04
14.000  17.750  3.3811e-04
14.000  18.000  3.9695e-04
14.000  18.250  4.4897e-04
14.000  18.500  4.7934e-04
14.000  18.750  4.6798e-04
14.000  19.000  4.2395e-04
14.000  19.250  3.5942e-04
14.000  19.500  2.9095e-04
14.000  19.750  2.2091e-04
14.000  20.000  1.5926e-04
14.000  20.250  1.1070e-04
14.000  20.500  7.5638e-05
14.000  20.750  5.1111e-05
14.000  21.000  3.3827e-05
14.000  21.250  2.1893e-05
14.000  21.500  1.4156e-05
14.000  21.750  8.8889e-06
14.000  22.000  5.4321e-06
14.000  22.250  3.2922e-06
14.000  22.500  1.7284e-06
14.000  22.750  1.0000e-07
14.000  23.000  1.0000e-07
14.000  23.250  1.0000e-07
14.000  23.500  1.0000e-07
14.000  23.750  1.0000e-07
14.000  24.000  1.0000e-07
