Al 2 2670.00A  relative to Inci 1215.00A scaled to 1215A.
Hden   Phi(H)  Eq_Width (A)
7.000  17.000  1.0000e-07
7.000  17.250  1.0000e-07
7.000  17.500  1.0000e-07
7.000  17.750  1.0000e-07
7.000  18.000  1.0000e-07
7.000  18.250  1.0000e-07
7.000  18.500  1.0000e-07
7.000  18.750  1.0000e-07
7.000  19.000  1.0000e-07
7.000  19.250  1.0000e-07
7.000  19.500  1.0000e-07
7.000  19.750  1.0000e-07
7.000  20.000  1.0000e-07
7.000  20.250  1.0000e-07
7.000  20.500  1.0000e-07
7.000  20.750  1.0000e-07
7.000  21.000  1.0000e-07
7.000  21.250  1.0000e-07
7.000  21.500  1.0000e-07
7.000  21.750  1.0000e-07
7.000  22.000  1.0000e-07
7.000  22.250  1.0000e-07
7.000  22.500  1.0000e-07
7.000  22.750  1.0000e-07
7.000  23.000  1.0000e-07
7.000  23.250  1.0000e-07
7.000  23.500  1.0000e-07
7.000  23.750  1.0000e-07
7.000  24.000  1.0000e-07
7.250  17.000  9.0535e-07
7.250  17.250  1.0000e-07
7.250  17.500  1.0000e-07
7.250  17.750  1.0000e-07
7.250  18.000  1.0000e-07
7.250  18.250  1.0000e-07
7.250  18.500  1.0000e-07
7.250  18.750  1.0000e-07
7.250  19.000  1.0000e-07
7.250  19.250  1.0000e-07
7.250  19.500  1.0000e-07
7.250  19.750  1.0000e-07
7.250  20.000  1.0000e-07
7.250  20.250  1.0000e-07
7.250  20.500  1.0000e-07
7.250  20.750  1.0000e-07
7.250  21.000  1.0000e-07
7.250  21.250  1.0000e-07
7.250  21.500  1.0000e-07
7.250  21.750  1.0000e-07
7.250  22.000  1.0000e-07
7.250  22.250  1.0000e-07
7.250  22.500  1.0000e-07
7.250  22.750  1.0000e-07
7.250  23.000  1.0000e-07
7.250  23.250  1.0000e-07
7.250  23.500  1.0000e-07
7.250  23.750  1.0000e-07
7.250  24.000  1.0000e-07
7.500  17.000  3.0782e-04
7.500  17.250  9.0535e-07
7.500  17.500  1.0000e-07
7.500  17.750  1.0000e-07
7.500  18.000  1.0000e-07
7.500  18.250  1.0000e-07
7.500  18.500  1.0000e-07
7.500  18.750  1.0000e-07
7.500  19.000  1.0000e-07
7.500  19.250  1.0000e-07
7.500  19.500  1.0000e-07
7.500  19.750  1.0000e-07
7.500  20.000  1.0000e-07
7.500  20.250  1.0000e-07
7.500  20.500  1.0000e-07
7.500  20.750  1.0000e-07
7.500  21.000  1.0000e-07
7.500  21.250  1.0000e-07
7.500  21.500  1.0000e-07
7.500  21.750  1.0000e-07
7.500  22.000  1.0000e-07
7.500  22.250  1.0000e-07
7.500  22.500  1.0000e-07
7.500  22.750  1.0000e-07
7.500  23.000  1.0000e-07
7.500  23.250  1.0000e-07
7.500  23.500  1.0000e-07
7.500  23.750  1.0000e-07
7.500  24.000  1.0000e-07
7.750  17.000  1.3017e-03
7.750  17.250  3.1185e-04
7.750  17.500  9.0535e-07
7.750  17.750  1.0000e-07
7.750  18.000  1.0000e-07
7.750  18.250  1.0000e-07
7.750  18.500  1.0000e-07
7.750  18.750  1.0000e-07
7.750  19.000  1.0000e-07
7.750  19.250  1.0000e-07
7.750  19.500  1.0000e-07
7.750  19.750  1.0000e-07
7.750  20.000  1.0000e-07
7.750  20.250  1.0000e-07
7.750  20.500  1.0000e-07
7.750  20.750  1.0000e-07
7.750  21.000  1.0000e-07
7.750  21.250  1.0000e-07
7.750  21.500  1.0000e-07
7.750  21.750  1.0000e-07
7.750  22.000  1.0000e-07
7.750  22.250  1.0000e-07
7.750  22.500  1.0000e-07
7.750  22.750  1.0000e-07
7.750  23.000  1.0000e-07
7.750  23.250  1.0000e-07
7.750  23.500  1.0000e-07
7.750  23.750  1.0000e-07
7.750  24.000  1.0000e-07
8.000  17.000  2.3620e-03
8.000  17.250  1.3503e-03
8.000  17.500  3.3918e-04
8.000  17.750  9.8765e-07
8.000  18.000  1.0000e-07
8.000  18.250  1.0000e-07
8.000  18.500  1.0000e-07
8.000  18.750  1.0000e-07
8.000  19.000  1.0000e-07
8.000  19.250  1.0000e-07
8.000  19.500  1.0000e-07
8.000  19.750  1.0000e-07
8.000  20.000  1.0000e-07
8.000  20.250  1.0000e-07
8.000  20.500  1.0000e-07
8.000  20.750  1.0000e-07
8.000  21.000  1.0000e-07
8.000  21.250  1.0000e-07
8.000  21.500  1.0000e-07
8.000  21.750  1.0000e-07
8.000  22.000  1.0000e-07
8.000  22.250  1.0000e-07
8.000  22.500  1.0000e-07
8.000  22.750  1.0000e-07
8.000  23.000  1.0000e-07
8.000  23.250  1.0000e-07
8.000  23.500  1.0000e-07
8.000  23.750  1.0000e-07
8.000  24.000  1.0000e-07
8.250  17.000  3.5149e-03
8.250  17.250  2.4807e-03
8.250  17.500  1.4065e-03
8.250  17.750  3.4551e-04
8.250  18.000  9.8765e-07
8.250  18.250  1.0000e-07
8.250  18.500  1.0000e-07
8.250  18.750  1.0000e-07
8.250  19.000  1.0000e-07
8.250  19.250  1.0000e-07
8.250  19.500  1.0000e-07
8.250  19.750  1.0000e-07
8.250  20.000  1.0000e-07
8.250  20.250  1.0000e-07
8.250  20.500  1.0000e-07
8.250  20.750  1.0000e-07
8.250  21.000  1.0000e-07
8.250  21.250  1.0000e-07
8.250  21.500  1.0000e-07
8.250  21.750  1.0000e-07
8.250  22.000  1.0000e-07
8.250  22.250  1.0000e-07
8.250  22.500  1.0000e-07
8.250  22.750  1.0000e-07
8.250  23.000  1.0000e-07
8.250  23.250  1.0000e-07
8.250  23.500  1.0000e-07
8.250  23.750  1.0000e-07
8.250  24.000  1.0000e-07
8.500  17.000  4.7766e-03
8.500  17.250  3.6958e-03
8.500  17.500  2.6147e-03
8.500  17.750  1.4686e-03
8.500  18.000  3.5062e-04
8.500  18.250  1.0700e-06
8.500  18.500  1.0000e-07
8.500  18.750  1.0000e-07
8.500  19.000  1.0000e-07
8.500  19.250  1.0000e-07
8.500  19.500  1.0000e-07
8.500  19.750  1.0000e-07
8.500  20.000  1.0000e-07
8.500  20.250  1.0000e-07
8.500  20.500  1.0000e-07
8.500  20.750  1.0000e-07
8.500  21.000  1.0000e-07
8.500  21.250  1.0000e-07
8.500  21.500  1.0000e-07
8.500  21.750  1.0000e-07
8.500  22.000  1.0000e-07
8.500  22.250  1.0000e-07
8.500  22.500  1.0000e-07
8.500  22.750  1.0000e-07
8.500  23.000  1.0000e-07
8.500  23.250  1.0000e-07
8.500  23.500  1.0000e-07
8.500  23.750  1.0000e-07
8.500  24.000  1.0000e-07
8.750  17.000  6.0333e-03
8.750  17.250  5.0174e-03
8.750  17.500  3.9061e-03
8.750  17.750  2.7834e-03
8.750  18.000  1.5540e-03
8.750  18.250  3.4988e-04
8.750  18.500  1.0700e-06
8.750  18.750  1.0000e-07
8.750  19.000  1.0000e-07
8.750  19.250  1.0000e-07
8.750  19.500  1.0000e-07
8.750  19.750  1.0000e-07
8.750  20.000  1.0000e-07
8.750  20.250  1.0000e-07
8.750  20.500  1.0000e-07
8.750  20.750  1.0000e-07
8.750  21.000  1.0000e-07
8.750  21.250  1.0000e-07
8.750  21.500  1.0000e-07
8.750  21.750  1.0000e-07
8.750  22.000  1.0000e-07
8.750  22.250  1.0000e-07
8.750  22.500  1.0000e-07
8.750  22.750  1.0000e-07
8.750  23.000  1.0000e-07
8.750  23.250  1.0000e-07
8.750  23.500  1.0000e-07
8.750  23.750  1.0000e-07
8.750  24.000  1.0000e-07
9.000  17.000  7.1393e-03
9.000  17.250  6.3403e-03
9.000  17.500  5.3200e-03
9.000  17.750  4.1976e-03
9.000  18.000  2.9836e-03
9.000  18.250  1.6462e-03
9.000  18.500  3.2864e-04
9.000  18.750  1.1523e-06
9.000  19.000  1.0000e-07
9.000  19.250  1.0000e-07
9.000  19.500  1.0000e-07
9.000  19.750  1.0000e-07
9.000  20.000  1.0000e-07
9.000  20.250  1.0000e-07
9.000  20.500  1.0000e-07
9.000  20.750  1.0000e-07
9.000  21.000  1.0000e-07
9.000  21.250  1.0000e-07
9.000  21.500  1.0000e-07
9.000  21.750  1.0000e-07
9.000  22.000  1.0000e-07
9.000  22.250  1.0000e-07
9.000  22.500  1.0000e-07
9.000  22.750  1.0000e-07
9.000  23.000  1.0000e-07
9.000  23.250  1.0000e-07
9.000  23.500  1.0000e-07
9.000  23.750  1.0000e-07
9.000  24.000  1.0000e-07
9.250  17.000  8.1264e-03
9.250  17.250  7.4966e-03
9.250  17.500  6.7407e-03
9.250  17.750  5.7550e-03
9.250  18.000  4.5680e-03
9.250  18.250  3.2249e-03
9.250  18.500  1.6786e-03
9.250  18.750  2.6938e-04
9.250  19.000  1.1523e-06
9.250  19.250  1.0000e-07
9.250  19.500  1.0000e-07
9.250  19.750  1.0000e-07
9.250  20.000  1.0000e-07
9.250  20.250  1.0000e-07
9.250  20.500  1.0000e-07
9.250  20.750  1.0000e-07
9.250  21.000  1.0000e-07
9.250  21.250  1.0000e-07
9.250  21.500  1.0000e-07
9.250  21.750  1.0000e-07
9.250  22.000  1.0000e-07
9.250  22.250  1.0000e-07
9.250  22.500  1.0000e-07
9.250  22.750  1.0000e-07
9.250  23.000  1.0000e-07
9.250  23.250  1.0000e-07
9.250  23.500  1.0000e-07
9.250  23.750  1.0000e-07
9.250  24.000  1.0000e-07
9.500  17.000  9.1263e-03
9.500  17.250  8.5430e-03
9.500  17.500  8.0125e-03
9.500  17.750  7.3265e-03
9.500  18.000  6.2913e-03
9.500  18.250  4.9481e-03
9.500  18.500  3.3123e-03
9.500  18.750  1.5183e-03
9.500  19.000  4.8395e-05
9.500  19.250  1.1523e-06
9.500  19.500  1.0000e-07
9.500  19.750  1.0000e-07
9.500  20.000  1.0000e-07
9.500  20.250  1.0000e-07
9.500  20.500  1.0000e-07
9.500  20.750  1.0000e-07
9.500  21.000  1.0000e-07
9.500  21.250  1.0000e-07
9.500  21.500  1.0000e-07
9.500  21.750  1.0000e-07
9.500  22.000  1.0000e-07
9.500  22.250  1.0000e-07
9.500  22.500  1.0000e-07
9.500  22.750  1.0000e-07
9.500  23.000  1.0000e-07
9.500  23.250  1.0000e-07
9.500  23.500  1.0000e-07
9.500  23.750  1.0000e-07
9.500  24.000  1.0000e-07
9.750  17.000  9.9892e-03
9.750  17.250  9.4925e-03
9.750  17.500  9.0751e-03
9.750  17.750  8.6793e-03
9.750  18.000  7.9464e-03
9.750  18.250  6.6612e-03
9.750  18.500  4.8298e-03
9.750  18.750  2.8165e-03
9.750  19.000  1.0258e-03
9.750  19.250  2.0000e-05
9.750  19.500  1.1523e-06
9.750  19.750  1.0000e-07
9.750  20.000  1.0000e-07
9.750  20.250  1.0000e-07
9.750  20.500  1.0000e-07
9.750  20.750  1.0000e-07
9.750  21.000  1.0000e-07
9.750  21.250  1.0000e-07
9.750  21.500  1.0000e-07
9.750  21.750  1.0000e-07
9.750  22.000  1.0000e-07
9.750  22.250  1.0000e-07
9.750  22.500  1.0000e-07
9.750  22.750  1.0000e-07
9.750  23.000  1.0000e-07
9.750  23.250  1.0000e-07
9.750  23.500  1.0000e-07
9.750  23.750  1.0000e-07
9.750  24.000  1.0000e-07
10.000  17.000  1.0313e-02
10.000  17.250  1.0202e-02
10.000  17.500  9.9528e-03
10.000  17.750  9.7019e-03
10.000  18.000  9.2340e-03
10.000  18.250  8.0591e-03
10.000  18.500  6.0423e-03
10.000  18.750  3.8151e-03
10.000  19.000  1.9606e-03
10.000  19.250  6.7934e-04
10.000  19.500  1.2675e-05
10.000  19.750  1.0700e-06
10.000  20.000  1.0000e-07
10.000  20.250  1.0000e-07
10.000  20.500  1.0000e-07
10.000  20.750  1.0000e-07
10.000  21.000  1.0000e-07
10.000  21.250  1.0000e-07
10.000  21.500  1.0000e-07
10.000  21.750  1.0000e-07
10.000  22.000  1.0000e-07
10.000  22.250  1.0000e-07
10.000  22.500  1.0000e-07
10.000  22.750  1.0000e-07
10.000  23.000  1.0000e-07
10.000  23.250  1.0000e-07
10.000  23.500  1.0000e-07
10.000  23.750  1.0000e-07
10.000  24.000  1.0000e-07
10.250  17.000  1.0184e-02
10.250  17.250  1.0358e-02
10.250  17.500  1.0466e-02
10.250  17.750  1.0348e-02
10.250  18.000  9.8779e-03
10.250  18.250  8.7303e-03
10.250  18.500  6.7153e-03
10.250  18.750  4.3845e-03
10.250  19.000  2.3807e-03
10.250  19.250  1.1059e-03
10.250  19.500  2.8198e-04
10.250  19.750  9.0535e-06
10.250  20.000  9.0535e-07
10.250  20.250  1.0000e-07
10.250  20.500  1.0000e-07
10.250  20.750  1.0000e-07
10.250  21.000  1.0000e-07
10.250  21.250  1.0000e-07
10.250  21.500  1.0000e-07
10.250  21.750  1.0000e-07
10.250  22.000  1.0000e-07
10.250  22.250  1.0000e-07
10.250  22.500  1.0000e-07
10.250  22.750  1.0000e-07
10.250  23.000  1.0000e-07
10.250  23.250  1.0000e-07
10.250  23.500  1.0000e-07
10.250  23.750  1.0000e-07
10.250  24.000  1.0000e-07
10.500  17.000  9.9816e-03
10.500  17.250  1.0156e-02
10.500  17.500  1.0425e-02
10.500  17.750  1.0446e-02
10.500  18.000  9.8286e-03
10.500  18.250  8.5185e-03
10.500  18.500  6.7166e-03
10.500  18.750  4.6719e-03
10.500  19.000  2.9107e-03
10.500  19.250  1.5921e-03
10.500  19.500  8.0897e-04
10.500  19.750  8.3045e-05
10.500  20.000  7.1605e-06
10.500  20.250  1.0000e-07
10.500  20.500  1.0000e-07
10.500  20.750  1.0000e-07
10.500  21.000  1.0000e-07
10.500  21.250  1.0000e-07
10.500  21.500  1.0000e-07
10.500  21.750  1.0000e-07
10.500  22.000  1.0000e-07
10.500  22.250  1.0000e-07
10.500  22.500  1.0000e-07
10.500  22.750  1.0000e-07
10.500  23.000  1.0000e-07
10.500  23.250  1.0000e-07
10.500  23.500  1.0000e-07
10.500  23.750  1.0000e-07
10.500  24.000  1.0000e-07
10.750  17.000  9.8813e-03
10.750  17.250  9.9194e-03
10.750  17.500  1.0060e-02
10.750  17.750  9.9525e-03
10.750  18.000  9.2264e-03
10.750  18.250  7.8774e-03
10.750  18.500  6.2900e-03
10.750  18.750  4.7021e-03
10.750  19.000  3.2392e-03
10.750  19.250  1.9527e-03
10.750  19.500  1.0364e-03
10.750  19.750  4.5547e-04
10.750  20.000  4.1975e-05
10.750  20.250  6.3374e-06
10.750  20.500  1.0000e-07
10.750  20.750  1.0000e-07
10.750  21.000  1.0000e-07
10.750  21.250  1.0000e-07
10.750  21.500  1.0000e-07
10.750  21.750  1.0000e-07
10.750  22.000  1.0000e-07
10.750  22.250  1.0000e-07
10.750  22.500  1.0000e-07
10.750  22.750  1.0000e-07
10.750  23.000  1.0000e-07
10.750  23.250  1.0000e-07
10.750  23.500  1.0000e-07
10.750  23.750  1.0000e-07
10.750  24.000  1.0000e-07
11.000  17.000  9.8105e-03
11.000  17.250  9.7463e-03
11.000  17.500  9.6295e-03
11.000  17.750  9.2422e-03
11.000  18.000  8.3598e-03
11.000  18.250  7.0544e-03
11.000  18.500  5.7016e-03
11.000  18.750  4.4347e-03
11.000  19.000  3.2474e-03
11.000  19.250  2.1347e-03
11.000  19.500  1.2348e-03
11.000  19.750  5.9844e-04
11.000  20.000  2.6403e-04
11.000  20.250  3.0947e-05
11.000  20.500  4.1152e-06
11.000  20.750  1.0000e-07
11.000  21.000  1.0000e-07
11.000  21.250  1.0000e-07
11.000  21.500  1.0000e-07
11.000  21.750  1.0000e-07
11.000  22.000  1.0000e-07
11.000  22.250  1.0000e-07
11.000  22.500  1.0000e-07
11.000  22.750  1.0000e-07
11.000  23.000  1.0000e-07
11.000  23.250  1.0000e-07
11.000  23.500  1.0000e-07
11.000  23.750  1.0000e-07
11.000  24.000  1.0000e-07
11.250  17.000  9.6835e-03
11.250  17.250  9.5359e-03
11.250  17.500  9.2445e-03
11.250  17.750  8.6039e-03
11.250  18.000  7.5254e-03
11.250  18.250  6.2856e-03
11.250  18.500  5.1740e-03
11.250  18.750  4.0329e-03
11.250  19.000  3.0246e-03
11.250  19.250  2.0987e-03
11.250  19.500  1.3171e-03
11.250  19.750  7.2675e-04
11.250  20.000  3.2955e-04
11.250  20.250  1.3868e-04
11.250  20.500  1.8025e-05
11.250  20.750  2.9630e-06
11.250  21.000  1.0000e-07
11.250  21.250  1.0000e-07
11.250  21.500  1.0000e-07
11.250  21.750  1.0000e-07
11.250  22.000  1.0000e-07
11.250  22.250  1.0000e-07
11.250  22.500  1.0000e-07
11.250  22.750  1.0000e-07
11.250  23.000  1.0000e-07
11.250  23.250  1.0000e-07
11.250  23.500  1.0000e-07
11.250  23.750  1.0000e-07
11.250  24.000  1.0000e-07
11.500  17.000  9.4048e-03
11.500  17.250  9.2466e-03
11.500  17.500  8.8562e-03
11.500  17.750  8.0534e-03
11.500  18.000  6.8602e-03
11.500  18.250  5.6791e-03
11.500  18.500  4.6016e-03
11.500  18.750  3.5729e-03
11.500  19.000  2.6876e-03
11.500  19.250  1.9323e-03
11.500  19.500  1.2959e-03
11.500  19.750  7.8527e-04
11.500  20.000  4.2263e-04
11.500  20.250  1.8601e-04
11.500  20.500  6.9547e-05
11.500  20.750  1.1770e-05
11.500  21.000  1.9753e-06
11.500  21.250  1.0000e-07
11.500  21.500  1.0000e-07
11.500  21.750  1.0000e-07
11.500  22.000  1.0000e-07
11.500  22.250  1.0000e-07
11.500  22.500  1.0000e-07
11.500  22.750  1.0000e-07
11.500  23.000  1.0000e-07
11.500  23.250  1.0000e-07
11.500  23.500  1.0000e-07
11.500  23.750  1.0000e-07
11.500  24.000  1.0000e-07
11.750  17.000  8.9073e-03
11.750  17.250  8.8023e-03
11.750  17.500  8.3673e-03
11.750  17.750  7.4538e-03
11.750  18.000  6.2475e-03
11.750  18.250  5.0927e-03
11.750  18.500  4.0602e-03
11.750  18.750  3.1626e-03
11.750  19.000  2.3444e-03
11.750  19.250  1.7194e-03
11.750  19.500  1.1908e-03
11.750  19.750  7.8058e-04
11.750  20.000  4.7119e-04
11.750  20.250  2.5210e-04
11.750  20.500  1.0757e-04
11.750  20.750  3.2922e-05
11.750  21.000  7.7366e-06
11.750  21.250  1.3169e-06
11.750  21.500  1.0000e-07
11.750  21.750  1.0000e-07
11.750  22.000  1.0000e-07
11.750  22.250  1.0000e-07
11.750  22.500  1.0000e-07
11.750  22.750  1.0000e-07
11.750  23.000  1.0000e-07
11.750  23.250  1.0000e-07
11.750  23.500  1.0000e-07
11.750  23.750  1.0000e-07
11.750  24.000  1.0000e-07
12.000  17.000  8.1333e-03
12.000  17.250  8.0901e-03
12.000  17.500  7.6062e-03
12.000  17.750  6.6140e-03
12.000  18.000  5.4882e-03
12.000  18.250  4.4456e-03
12.000  18.500  3.5702e-03
12.000  18.750  2.7626e-03
12.000  19.000  2.0331e-03
12.000  19.250  1.5081e-03
12.000  19.500  1.0658e-03
12.000  19.750  7.2930e-04
12.000  20.000  4.7737e-04
12.000  20.250  2.8930e-04
12.000  20.500  1.5481e-04
12.000  20.750  7.4568e-05
12.000  21.000  2.0823e-05
12.000  21.250  4.6091e-06
12.000  21.500  1.0000e-07
12.000  21.750  1.0000e-07
12.000  22.000  1.0000e-07
12.000  22.250  1.0000e-07
12.000  22.500  1.0000e-07
12.000  22.750  1.0000e-07
12.000  23.000  1.0000e-07
12.000  23.250  1.0000e-07
12.000  23.500  1.0000e-07
12.000  23.750  1.0000e-07
12.000  24.000  1.0000e-07
12.250  17.000  6.9667e-03
12.250  17.250  6.9491e-03
12.250  17.500  6.4086e-03
12.250  17.750  5.4457e-03
12.250  18.000  4.5323e-03
12.250  18.250  3.7913e-03
12.250  18.500  3.1018e-03
12.250  18.750  2.4233e-03
12.250  19.000  1.7881e-03
12.250  19.250  1.3165e-03
12.250  19.500  9.3877e-04
12.250  19.750  6.5827e-04
12.250  20.000  4.5021e-04
12.250  20.250  2.9786e-04
12.250  20.500  1.8346e-04
12.250  20.750  1.0058e-04
12.250  21.000  5.0123e-05
12.250  21.250  1.2016e-05
12.250  21.500  2.7160e-06
12.250  21.750  1.0000e-07
12.250  22.000  1.0000e-07
12.250  22.250  1.0000e-07
12.250  22.500  1.0000e-07
12.250  22.750  1.0000e-07
12.250  23.000  1.0000e-07
12.250  23.250  1.0000e-07
12.250  23.500  1.0000e-07
12.250  23.750  1.0000e-07
12.250  24.000  1.0000e-07
12.500  17.000  5.2680e-03
12.500  17.250  5.1695e-03
12.500  17.500  4.6361e-03
12.500  17.750  4.0045e-03
12.500  18.000  3.5592e-03
12.500  18.250  3.1551e-03
12.500  18.500  2.6772e-03
12.500  18.750  2.1558e-03
12.500  19.000  1.6205e-03
12.500  19.250  1.1576e-03
12.500  19.500  8.2963e-04
12.500  19.750  5.8815e-04
12.500  20.000  4.1267e-04
12.500  20.250  2.8535e-04
12.500  20.500  1.9128e-04
12.500  20.750  1.2008e-04
12.500  21.000  6.7654e-05
12.500  21.250  3.0782e-05
12.500  21.500  7.2428e-06
12.500  21.750  1.6461e-06
12.500  22.000  1.0000e-07
12.500  22.250  1.0000e-07
12.500  22.500  1.0000e-07
12.500  22.750  1.0000e-07
12.500  23.000  1.0000e-07
12.500  23.250  1.0000e-07
12.500  23.500  1.0000e-07
12.500  23.750  1.0000e-07
12.500  24.000  1.0000e-07
12.750  17.000  3.0288e-03
12.750  17.250  2.9364e-03
12.750  17.500  2.8031e-03
12.750  17.750  2.7942e-03
12.750  18.000  2.7366e-03
12.750  18.250  2.5900e-03
12.750  18.500  2.3041e-03
12.750  18.750  1.8804e-03
12.750  19.000  1.4529e-03
12.750  19.250  1.0441e-03
12.750  19.500  7.4313e-04
12.750  19.750  5.3852e-04
12.750  20.000  3.7918e-04
12.750  20.250  2.6403e-04
12.750  20.500  1.8247e-04
12.750  20.750  1.2667e-04
12.750  21.000  8.2140e-05
12.750  21.250  4.8724e-05
12.750  21.500  2.4609e-05
12.750  21.750  4.6914e-06
12.750  22.000  1.0700e-06
12.750  22.250  1.0000e-07
12.750  22.500  1.0000e-07
12.750  22.750  1.0000e-07
12.750  23.000  1.0000e-07
12.750  23.250  1.0000e-07
12.750  23.500  1.0000e-07
12.750  23.750  1.0000e-07
12.750  24.000  1.0000e-07
13.000  17.000  1.9971e-03
13.000  17.250  1.9865e-03
13.000  17.500  2.0265e-03
13.000  17.750  2.0917e-03
13.000  18.000  2.1374e-03
13.000  18.250  2.1145e-03
13.000  18.500  1.9426e-03
13.000  18.750  1.6368e-03
13.000  19.000  1.2811e-03
13.000  19.250  9.5778e-04
13.000  19.500  6.7317e-04
13.000  19.750  4.7416e-04
13.000  20.000  3.4033e-04
13.000  20.250  2.4198e-04
13.000  20.500  1.7350e-04
13.000  20.750  1.2329e-04
13.000  21.000  8.7572e-05
13.000  21.250  5.8601e-05
13.000  21.500  3.5638e-05
13.000  21.750  1.6379e-05
13.000  22.000  3.2922e-06
13.000  22.250  1.0000e-07
13.000  22.500  1.0000e-07
13.000  22.750  1.0000e-07
13.000  23.000  1.0000e-07
13.000  23.250  1.0000e-07
13.000  23.500  1.0000e-07
13.000  23.750  1.0000e-07
13.000  24.000  1.0000e-07
13.250  17.000  1.5915e-03
13.250  17.250  1.5652e-03
13.250  17.500  1.5726e-03
13.250  17.750  1.6219e-03
13.250  18.000  1.6827e-03
13.250  18.250  1.6945e-03
13.250  18.500  1.5962e-03
13.250  18.750  1.3888e-03
13.250  19.000  1.1155e-03
13.250  19.250  8.5457e-04
13.250  19.500  6.1556e-04
13.250  19.750  4.3053e-04
13.250  20.000  3.0115e-04
13.250  20.250  2.1374e-04
13.250  20.500  1.5663e-04
13.250  20.750  1.1556e-04
13.250  21.000  8.5350e-05
13.250  21.250  6.2634e-05
13.250  21.500  4.2469e-05
13.250  21.750  2.8148e-05
13.250  22.000  1.3416e-05
13.250  22.250  2.4691e-06
13.250  22.500  1.0000e-07
13.250  22.750  1.0000e-07
13.250  23.000  1.0000e-07
13.250  23.250  1.0000e-07
13.250  23.500  1.0000e-07
13.250  23.750  1.0000e-07
13.250  24.000  1.0000e-07
13.500  17.000  1.2425e-03
13.500  17.250  1.2210e-03
13.500  17.500  1.2291e-03
13.500  17.750  1.2667e-03
13.500  18.000  1.3169e-03
13.500  18.250  1.3314e-03
13.500  18.500  1.2834e-03
13.500  18.750  1.1477e-03
13.500  19.000  9.5342e-04
13.500  19.250  7.3399e-04
13.500  19.500  5.4321e-04
13.500  19.750  3.9012e-04
13.500  20.000  2.7374e-04
13.500  20.250  1.9416e-04
13.500  20.500  1.3934e-04
13.500  20.750  1.0436e-04
13.500  21.000  7.9012e-05
13.500  21.250  6.0576e-05
13.500  21.500  4.4198e-05
13.500  21.750  3.2099e-05
13.500  22.000  2.2881e-05
13.500  22.250  1.1111e-05
13.500  22.500  1.8107e-06
13.500  22.750  1.0000e-07
13.500  23.000  1.0000e-07
13.500  23.250  1.0000e-07
13.500  23.500  1.0000e-07
13.500  23.750  1.0000e-07
13.500  24.000  1.0000e-07
13.750  17.000  9.5111e-04
13.750  17.250  9.3383e-04
13.750  17.500  9.4889e-04
13.750  17.750  9.8724e-04
13.750  18.000  1.0242e-03
13.750  18.250  1.0362e-03
13.750  18.500  1.0016e-03
13.750  18.750  9.1909e-04
13.750  19.000  7.8815e-04
13.750  19.250  6.3350e-04
13.750  19.500  4.7860e-04
13.750  19.750  3.4971e-04
13.750  20.000  2.5070e-04
13.750  20.250  1.7778e-04
13.750  20.500  1.2741e-04
13.750  20.750  9.4156e-05
13.750  21.000  7.1276e-05
13.750  21.250  5.5309e-05
13.750  21.500  4.2305e-05
13.750  21.750  3.2675e-05
13.750  22.000  2.4691e-05
13.750  22.250  1.8930e-05
13.750  22.500  8.6420e-06
13.750  22.750  1.3992e-06
13.750  23.000  1.0000e-07
13.750  23.250  1.0000e-07
13.750  23.500  1.0000e-07
13.750  23.750  1.0000e-07
13.750  24.000  1.0000e-07
14.000  17.000  7.1786e-04
14.000  17.250  7.0173e-04
14.000  17.500  7.1992e-04
14.000  17.750  7.5852e-04
14.000  18.000  7.9342e-04
14.000  18.250  7.9374e-04
14.000  18.500  7.6683e-04
14.000  18.750  7.1070e-04
14.000  19.000  6.2165e-04
14.000  19.250  5.1712e-04
14.000  19.500  4.1588e-04
14.000  19.750  3.1226e-04
14.000  20.000  2.2749e-04
14.000  20.250  1.6272e-04
14.000  20.500  1.1671e-04
14.000  20.750  8.5267e-05
14.000  21.000  6.3868e-05
14.000  21.250  4.9383e-05
14.000  21.500  3.8354e-05
14.000  21.750  3.0535e-05
14.000  22.000  2.4198e-05
14.000  22.250  1.9012e-05
14.000  22.500  1.5802e-05
14.000  22.750  6.7490e-06
14.000  23.000  9.8765e-07
14.000  23.250  1.0000e-07
14.000  23.500  1.0000e-07
14.000  23.750  1.0000e-07
14.000  24.000  1.0000e-07
