Ca2Y 8542.00A  relative to Inci 1215.00A scaled to 1215A.
Hden   Phi(H)  Eq_Width (A)
7.000  17.000  1.0000e-07
7.000  17.250  1.0000e-07
7.000  17.500  1.0000e-07
7.000  17.750  1.0000e-07
7.000  18.000  1.0000e-07
7.000  18.250  1.0000e-07
7.000  18.500  1.0000e-07
7.000  18.750  1.0000e-07
7.000  19.000  1.0000e-07
7.000  19.250  1.0000e-07
7.000  19.500  1.0000e-07
7.000  19.750  1.0000e-07
7.000  20.000  1.0000e-07
7.000  20.250  1.0000e-07
7.000  20.500  1.0000e-07
7.000  20.750  1.0000e-07
7.000  21.000  1.0000e-07
7.000  21.250  1.0000e-07
7.000  21.500  1.0000e-07
7.000  21.750  1.0000e-07
7.000  22.000  1.0000e-07
7.000  22.250  1.0000e-07
7.000  22.500  1.0000e-07
7.000  22.750  1.0000e-07
7.000  23.000  1.0000e-07
7.000  23.250  1.0000e-07
7.000  23.500  1.0000e-07
7.000  23.750  1.0000e-07
7.000  24.000  1.0000e-07
7.250  17.000  1.0000e-07
7.250  17.250  1.0000e-07
7.250  17.500  1.0000e-07
7.250  17.750  1.0000e-07
7.250  18.000  1.0000e-07
7.250  18.250  1.0000e-07
7.250  18.500  1.0000e-07
7.250  18.750  1.0000e-07
7.250  19.000  1.0000e-07
7.250  19.250  1.0000e-07
7.250  19.500  1.0000e-07
7.250  19.750  1.0000e-07
7.250  20.000  1.0000e-07
7.250  20.250  1.0000e-07
7.250  20.500  1.0000e-07
7.250  20.750  1.0000e-07
7.250  21.000  1.0000e-07
7.250  21.250  1.0000e-07
7.250  21.500  1.0000e-07
7.250  21.750  1.0000e-07
7.250  22.000  1.0000e-07
7.250  22.250  1.0000e-07
7.250  22.500  1.0000e-07
7.250  22.750  1.0000e-07
7.250  23.000  1.0000e-07
7.250  23.250  1.0000e-07
7.250  23.500  1.0000e-07
7.250  23.750  1.0000e-07
7.250  24.000  1.0000e-07
7.500  17.000  1.0000e-07
7.500  17.250  1.0000e-07
7.500  17.500  1.0000e-07
7.500  17.750  1.0000e-07
7.500  18.000  1.0000e-07
7.500  18.250  1.0000e-07
7.500  18.500  1.0000e-07
7.500  18.750  1.0000e-07
7.500  19.000  1.0000e-07
7.500  19.250  1.0000e-07
7.500  19.500  1.0000e-07
7.500  19.750  1.0000e-07
7.500  20.000  1.0000e-07
7.500  20.250  1.0000e-07
7.500  20.500  1.0000e-07
7.500  20.750  1.0000e-07
7.500  21.000  1.0000e-07
7.500  21.250  1.0000e-07
7.500  21.500  1.0000e-07
7.500  21.750  1.0000e-07
7.500  22.000  1.0000e-07
7.500  22.250  1.0000e-07
7.500  22.500  1.0000e-07
7.500  22.750  1.0000e-07
7.500  23.000  1.0000e-07
7.500  23.250  1.0000e-07
7.500  23.500  1.0000e-07
7.500  23.750  1.0000e-07
7.500  24.000  1.0000e-07
7.750  17.000  9.8765e-07
7.750  17.250  1.0000e-07
7.750  17.500  1.0000e-07
7.750  17.750  1.0000e-07
7.750  18.000  1.0000e-07
7.750  18.250  1.0000e-07
7.750  18.500  1.0000e-07
7.750  18.750  1.0000e-07
7.750  19.000  1.0000e-07
7.750  19.250  1.0000e-07
7.750  19.500  1.0000e-07
7.750  19.750  1.0000e-07
7.750  20.000  1.0000e-07
7.750  20.250  1.0000e-07
7.750  20.500  1.0000e-07
7.750  20.750  1.0000e-07
7.750  21.000  1.0000e-07
7.750  21.250  1.0000e-07
7.750  21.500  1.0000e-07
7.750  21.750  1.0000e-07
7.750  22.000  1.0000e-07
7.750  22.250  1.0000e-07
7.750  22.500  1.0000e-07
7.750  22.750  1.0000e-07
7.750  23.000  1.0000e-07
7.750  23.250  1.0000e-07
7.750  23.500  1.0000e-07
7.750  23.750  1.0000e-07
7.750  24.000  1.0000e-07
8.000  17.000  2.4691e-06
8.000  17.250  9.8765e-07
8.000  17.500  1.0000e-07
8.000  17.750  1.0000e-07
8.000  18.000  1.0000e-07
8.000  18.250  1.0000e-07
8.000  18.500  1.0000e-07
8.000  18.750  1.0000e-07
8.000  19.000  1.0000e-07
8.000  19.250  1.0000e-07
8.000  19.500  1.0000e-07
8.000  19.750  1.0000e-07
8.000  20.000  1.0000e-07
8.000  20.250  1.0000e-07
8.000  20.500  1.0000e-07
8.000  20.750  1.0000e-07
8.000  21.000  1.0000e-07
8.000  21.250  1.0000e-07
8.000  21.500  1.0000e-07
8.000  21.750  1.0000e-07
8.000  22.000  1.0000e-07
8.000  22.250  1.0000e-07
8.000  22.500  1.0000e-07
8.000  22.750  1.0000e-07
8.000  23.000  1.0000e-07
8.000  23.250  1.0000e-07
8.000  23.500  1.0000e-07
8.000  23.750  1.0000e-07
8.000  24.000  1.0000e-07
8.250  17.000  5.9259e-06
8.250  17.250  2.5514e-06
8.250  17.500  1.0700e-06
8.250  17.750  1.0000e-07
8.250  18.000  1.0000e-07
8.250  18.250  1.0000e-07
8.250  18.500  1.0000e-07
8.250  18.750  1.0000e-07
8.250  19.000  1.0000e-07
8.250  19.250  1.0000e-07
8.250  19.500  1.0000e-07
8.250  19.750  1.0000e-07
8.250  20.000  1.0000e-07
8.250  20.250  1.0000e-07
8.250  20.500  1.0000e-07
8.250  20.750  1.0000e-07
8.250  21.000  1.0000e-07
8.250  21.250  1.0000e-07
8.250  21.500  1.0000e-07
8.250  21.750  1.0000e-07
8.250  22.000  1.0000e-07
8.250  22.250  1.0000e-07
8.250  22.500  1.0000e-07
8.250  22.750  1.0000e-07
8.250  23.000  1.0000e-07
8.250  23.250  1.0000e-07
8.250  23.500  1.0000e-07
8.250  23.750  1.0000e-07
8.250  24.000  1.0000e-07
8.500  17.000  1.3745e-05
8.500  17.250  6.0082e-06
8.500  17.500  2.6337e-06
8.500  17.750  1.0700e-06
8.500  18.000  1.0000e-07
8.500  18.250  1.0000e-07
8.500  18.500  1.0000e-07
8.500  18.750  1.0000e-07
8.500  19.000  1.0000e-07
8.500  19.250  1.0000e-07
8.500  19.500  1.0000e-07
8.500  19.750  1.0000e-07
8.500  20.000  1.0000e-07
8.500  20.250  1.0000e-07
8.500  20.500  1.0000e-07
8.500  20.750  1.0000e-07
8.500  21.000  1.0000e-07
8.500  21.250  1.0000e-07
8.500  21.500  1.0000e-07
8.500  21.750  1.0000e-07
8.500  22.000  1.0000e-07
8.500  22.250  1.0000e-07
8.500  22.500  1.0000e-07
8.500  22.750  1.0000e-07
8.500  23.000  1.0000e-07
8.500  23.250  1.0000e-07
8.500  23.500  1.0000e-07
8.500  23.750  1.0000e-07
8.500  24.000  1.0000e-07
8.750  17.000  3.2016e-05
8.750  17.250  1.4156e-05
8.750  17.500  6.2551e-06
8.750  17.750  2.7984e-06
8.750  18.000  1.1523e-06
8.750  18.250  1.0000e-07
8.750  18.500  1.0000e-07
8.750  18.750  1.0000e-07
8.750  19.000  1.0000e-07
8.750  19.250  1.0000e-07
8.750  19.500  1.0000e-07
8.750  19.750  1.0000e-07
8.750  20.000  1.0000e-07
8.750  20.250  1.0000e-07
8.750  20.500  1.0000e-07
8.750  20.750  1.0000e-07
8.750  21.000  1.0000e-07
8.750  21.250  1.0000e-07
8.750  21.500  1.0000e-07
8.750  21.750  1.0000e-07
8.750  22.000  1.0000e-07
8.750  22.250  1.0000e-07
8.750  22.500  1.0000e-07
8.750  22.750  1.0000e-07
8.750  23.000  1.0000e-07
8.750  23.250  1.0000e-07
8.750  23.500  1.0000e-07
8.750  23.750  1.0000e-07
8.750  24.000  1.0000e-07
9.000  17.000  7.3169e-05
9.000  17.250  3.3416e-05
9.000  17.500  1.4979e-05
9.000  17.750  6.7490e-06
9.000  18.000  3.0453e-06
9.000  18.250  1.3992e-06
9.000  18.500  1.0000e-07
9.000  18.750  1.0000e-07
9.000  19.000  1.0000e-07
9.000  19.250  1.0000e-07
9.000  19.500  1.0000e-07
9.000  19.750  1.0000e-07
9.000  20.000  1.0000e-07
9.000  20.250  1.0000e-07
9.000  20.500  1.0000e-07
9.000  20.750  1.0000e-07
9.000  21.000  1.0000e-07
9.000  21.250  1.0000e-07
9.000  21.500  1.0000e-07
9.000  21.750  1.0000e-07
9.000  22.000  1.0000e-07
9.000  22.250  1.0000e-07
9.000  22.500  1.0000e-07
9.000  22.750  1.0000e-07
9.000  23.000  1.0000e-07
9.000  23.250  1.0000e-07
9.000  23.500  1.0000e-07
9.000  23.750  1.0000e-07
9.000  24.000  1.0000e-07
9.250  17.000  1.6165e-04
9.250  17.250  7.7613e-05
9.250  17.500  3.6132e-05
9.250  17.750  1.6790e-05
9.250  18.000  8.0658e-06
9.250  18.250  4.0329e-06
9.250  18.500  2.1399e-06
9.250  18.750  1.0000e-07
9.250  19.000  1.0000e-07
9.250  19.250  1.0000e-07
9.250  19.500  1.0000e-07
9.250  19.750  1.0000e-07
9.250  20.000  1.0000e-07
9.250  20.250  1.0000e-07
9.250  20.500  1.0000e-07
9.250  20.750  1.0000e-07
9.250  21.000  1.0000e-07
9.250  21.250  1.0000e-07
9.250  21.500  1.0000e-07
9.250  21.750  1.0000e-07
9.250  22.000  1.0000e-07
9.250  22.250  1.0000e-07
9.250  22.500  1.0000e-07
9.250  22.750  1.0000e-07
9.250  23.000  1.0000e-07
9.250  23.250  1.0000e-07
9.250  23.500  1.0000e-07
9.250  23.750  1.0000e-07
9.250  24.000  1.0000e-07
9.500  17.000  3.4016e-04
9.500  17.250  1.7490e-04
9.500  17.500  8.6337e-05
9.500  17.750  4.2387e-05
9.500  18.000  2.1481e-05
9.500  18.250  1.1934e-05
9.500  18.500  6.9959e-06
9.500  18.750  4.1152e-06
9.500  19.000  1.0000e-07
9.500  19.250  1.0000e-07
9.500  19.500  1.0000e-07
9.500  19.750  1.0000e-07
9.500  20.000  1.0000e-07
9.500  20.250  1.0000e-07
9.500  20.500  1.0000e-07
9.500  20.750  1.0000e-07
9.500  21.000  1.0000e-07
9.500  21.250  1.0000e-07
9.500  21.500  1.0000e-07
9.500  21.750  1.0000e-07
9.500  22.000  1.0000e-07
9.500  22.250  1.0000e-07
9.500  22.500  1.0000e-07
9.500  22.750  1.0000e-07
9.500  23.000  1.0000e-07
9.500  23.250  1.0000e-07
9.500  23.500  1.0000e-07
9.500  23.750  1.0000e-07
9.500  24.000  1.0000e-07
9.750  17.000  6.7671e-04
9.750  17.250  3.8041e-04
9.750  17.500  2.0280e-04
9.750  17.750  1.0741e-04
9.750  18.000  5.9918e-05
9.750  18.250  3.5226e-05
9.750  18.500  2.0741e-05
9.750  18.750  1.2016e-05
9.750  19.000  7.4074e-06
9.750  19.250  1.0000e-07
9.750  19.500  1.0000e-07
9.750  19.750  1.0000e-07
9.750  20.000  1.0000e-07
9.750  20.250  1.0000e-07
9.750  20.500  1.0000e-07
9.750  20.750  1.0000e-07
9.750  21.000  1.0000e-07
9.750  21.250  1.0000e-07
9.750  21.500  1.0000e-07
9.750  21.750  1.0000e-07
9.750  22.000  1.0000e-07
9.750  22.250  1.0000e-07
9.750  22.500  1.0000e-07
9.750  22.750  1.0000e-07
9.750  23.000  1.0000e-07
9.750  23.250  1.0000e-07
9.750  23.500  1.0000e-07
9.750  23.750  1.0000e-07
9.750  24.000  1.0000e-07
10.000  17.000  1.3046e-03
10.000  17.250  7.9761e-04
10.000  17.500  4.6831e-04
10.000  17.750  2.7259e-04
10.000  18.000  1.6650e-04
10.000  18.250  9.9259e-05
10.000  18.500  5.4568e-05
10.000  18.750  2.9218e-05
10.000  19.000  1.6379e-05
10.000  19.250  6.6667e-06
10.000  19.500  1.0000e-07
10.000  19.750  1.0000e-07
10.000  20.000  1.0000e-07
10.000  20.250  1.0000e-07
10.000  20.500  1.0000e-07
10.000  20.750  1.0000e-07
10.000  21.000  1.0000e-07
10.000  21.250  1.0000e-07
10.000  21.500  1.0000e-07
10.000  21.750  1.0000e-07
10.000  22.000  1.0000e-07
10.000  22.250  1.0000e-07
10.000  22.500  1.0000e-07
10.000  22.750  1.0000e-07
10.000  23.000  1.0000e-07
10.000  23.250  1.0000e-07
10.000  23.500  1.0000e-07
10.000  23.750  1.0000e-07
10.000  24.000  1.0000e-07
10.250  17.000  2.4710e-03
10.250  17.250  1.6324e-03
10.250  17.500  1.0623e-03
10.250  17.750  6.8864e-04
10.250  18.000  4.4370e-04
10.250  18.250  2.5391e-04
10.250  18.500  1.2757e-04
10.250  18.750  6.3539e-05
10.250  19.000  4.5514e-05
10.250  19.250  2.2716e-05
10.250  19.500  3.2099e-06
10.250  19.750  1.0000e-07
10.250  20.000  1.0000e-07
10.250  20.250  1.0000e-07
10.250  20.500  1.0000e-07
10.250  20.750  1.0000e-07
10.250  21.000  1.0000e-07
10.250  21.250  1.0000e-07
10.250  21.500  1.0000e-07
10.250  21.750  1.0000e-07
10.250  22.000  1.0000e-07
10.250  22.250  1.0000e-07
10.250  22.500  1.0000e-07
10.250  22.750  1.0000e-07
10.250  23.000  1.0000e-07
10.250  23.250  1.0000e-07
10.250  23.500  1.0000e-07
10.250  23.750  1.0000e-07
10.250  24.000  1.0000e-07
10.500  17.000  4.4517e-03
10.500  17.250  3.2775e-03
10.500  17.500  2.3753e-03
10.500  17.750  1.6980e-03
10.500  18.000  1.1021e-03
10.500  18.250  6.1638e-04
10.500  18.500  3.2321e-04
10.500  18.750  2.2872e-04
10.500  19.000  1.6905e-04
10.500  19.250  1.1383e-04
10.500  19.500  3.4239e-05
10.500  19.750  3.0453e-06
10.500  20.000  1.0000e-07
10.500  20.250  1.0000e-07
10.500  20.500  1.0000e-07
10.500  20.750  1.0000e-07
10.500  21.000  1.0000e-07
10.500  21.250  1.0000e-07
10.500  21.500  1.0000e-07
10.500  21.750  1.0000e-07
10.500  22.000  1.0000e-07
10.500  22.250  1.0000e-07
10.500  22.500  1.0000e-07
10.500  22.750  1.0000e-07
10.500  23.000  1.0000e-07
10.500  23.250  1.0000e-07
10.500  23.500  1.0000e-07
10.500  23.750  1.0000e-07
10.500  24.000  1.0000e-07
10.750  17.000  7.3524e-03
10.750  17.250  6.2324e-03
10.750  17.500  5.2031e-03
10.750  17.750  4.0403e-03
10.750  18.000  2.6734e-03
10.750  18.250  1.5790e-03
10.750  18.500  1.0259e-03
10.750  18.750  7.4626e-04
10.750  19.000  5.3737e-04
10.750  19.250  3.5465e-04
10.750  19.500  1.8354e-04
10.750  19.750  4.0576e-05
10.750  20.000  1.5638e-06
10.750  20.250  1.0000e-07
10.750  20.500  1.0000e-07
10.750  20.750  1.0000e-07
10.750  21.000  1.0000e-07
10.750  21.250  1.0000e-07
10.750  21.500  1.0000e-07
10.750  21.750  1.0000e-07
10.750  22.000  1.0000e-07
10.750  22.250  1.0000e-07
10.750  22.500  1.0000e-07
10.750  22.750  1.0000e-07
10.750  23.000  1.0000e-07
10.750  23.250  1.0000e-07
10.750  23.500  1.0000e-07
10.750  23.750  1.0000e-07
10.750  24.000  1.0000e-07
11.000  17.000  1.1123e-02
11.000  17.250  1.0717e-02
11.000  17.500  1.0549e-02
11.000  17.750  9.1219e-03
11.000  18.000  6.4254e-03
11.000  18.250  4.2157e-03
11.000  18.500  2.9194e-03
11.000  18.750  2.0486e-03
11.000  19.000  1.4058e-03
11.000  19.250  9.1885e-04
11.000  19.500  5.2584e-04
11.000  19.750  2.3383e-04
11.000  20.000  3.8107e-05
11.000  20.250  2.4691e-06
11.000  20.500  1.0000e-07
11.000  20.750  1.0000e-07
11.000  21.000  1.0000e-07
11.000  21.250  1.0000e-07
11.000  21.500  1.0000e-07
11.000  21.750  1.0000e-07
11.000  22.000  1.0000e-07
11.000  22.250  1.0000e-07
11.000  22.500  1.0000e-07
11.000  22.750  1.0000e-07
11.000  23.000  1.0000e-07
11.000  23.250  1.0000e-07
11.000  23.500  1.0000e-07
11.000  23.750  1.0000e-07
11.000  24.000  1.0000e-07
11.250  17.000  1.5931e-02
11.250  17.250  1.6513e-02
11.250  17.500  1.8531e-02
11.250  17.750  1.8004e-02
11.250  18.000  1.3980e-02
11.250  18.250  9.9244e-03
11.250  18.500  6.9466e-03
11.250  18.750  4.8292e-03
11.250  19.000  3.1468e-03
11.250  19.250  2.0914e-03
11.250  19.500  1.2844e-03
11.250  19.750  6.5671e-04
11.250  20.000  2.5193e-04
11.250  20.250  1.1440e-05
11.250  20.500  2.7160e-06
11.250  20.750  1.0000e-07
11.250  21.000  1.0000e-07
11.250  21.250  1.0000e-07
11.250  21.500  1.0000e-07
11.250  21.750  1.0000e-07
11.250  22.000  1.0000e-07
11.250  22.250  1.0000e-07
11.250  22.500  1.0000e-07
11.250  22.750  1.0000e-07
11.250  23.000  1.0000e-07
11.250  23.250  1.0000e-07
11.250  23.500  1.0000e-07
11.250  23.750  1.0000e-07
11.250  24.000  1.0000e-07
11.500  17.000  2.2104e-02
11.500  17.250  2.3739e-02
11.500  17.500  2.8191e-02
11.500  17.750  2.9638e-02
11.500  18.000  2.5617e-02
11.500  18.250  1.9371e-02
11.500  18.500  1.3853e-02
11.500  18.750  9.5496e-03
11.500  19.000  6.1281e-03
11.500  19.250  4.0268e-03
11.500  19.500  2.5224e-03
11.500  19.750  1.4570e-03
11.500  20.000  5.8428e-04
11.500  20.250  2.4280e-04
11.500  20.500  1.6214e-05
11.500  20.750  4.4444e-06
11.500  21.000  1.0000e-07
11.500  21.250  1.0000e-07
11.500  21.500  1.0000e-07
11.500  21.750  1.0000e-07
11.500  22.000  1.0000e-07
11.500  22.250  1.0000e-07
11.500  22.500  1.0000e-07
11.500  22.750  1.0000e-07
11.500  23.000  1.0000e-07
11.500  23.250  1.0000e-07
11.500  23.500  1.0000e-07
11.500  23.750  1.0000e-07
11.500  24.000  1.0000e-07
11.750  17.000  3.0426e-02
11.750  17.250  3.3311e-02
11.750  17.500  3.9046e-02
11.750  17.750  4.1972e-02
11.750  18.000  3.9435e-02
11.750  18.250  3.1689e-02
11.750  18.500  2.2956e-02
11.750  18.750  1.5523e-02
11.750  19.000  9.9979e-03
11.750  19.250  6.4551e-03
11.750  19.500  4.1501e-03
11.750  19.750  2.4669e-03
11.750  20.000  1.3763e-03
11.750  20.250  5.0741e-04
11.750  20.500  2.2025e-04
11.750  20.750  3.0370e-05
11.750  21.000  6.1728e-06
11.750  21.250  1.0000e-07
11.750  21.500  1.0000e-07
11.750  21.750  1.0000e-07
11.750  22.000  1.0000e-07
11.750  22.250  1.0000e-07
11.750  22.500  1.0000e-07
11.750  22.750  1.0000e-07
11.750  23.000  1.0000e-07
11.750  23.250  1.0000e-07
11.750  23.500  1.0000e-07
11.750  23.750  1.0000e-07
11.750  24.000  1.0000e-07
12.000  17.000  4.2652e-02
12.000  17.250  4.5676e-02
12.000  17.500  5.1432e-02
12.000  17.750  5.4837e-02
12.000  18.000  5.2327e-02
12.000  18.250  4.3922e-02
12.000  18.500  3.2356e-02
12.000  18.750  2.1912e-02
12.000  19.000  1.4131e-02
12.000  19.250  9.0059e-03
12.000  19.500  5.6271e-03
12.000  19.750  3.5822e-03
12.000  20.000  1.6507e-03
12.000  20.250  1.3672e-03
12.000  20.500  6.8593e-04
12.000  20.750  2.1967e-04
12.000  21.000  4.1811e-05
12.000  21.250  7.9012e-06
12.000  21.500  1.0000e-07
12.000  21.750  1.0000e-07
12.000  22.000  1.0000e-07
12.000  22.250  1.0000e-07
12.000  22.500  1.0000e-07
12.000  22.750  1.0000e-07
12.000  23.000  1.0000e-07
12.000  23.250  1.0000e-07
12.000  23.500  1.0000e-07
12.000  23.750  1.0000e-07
12.000  24.000  1.0000e-07
12.250  17.000  5.9656e-02
12.250  17.250  6.2028e-02
12.250  17.500  6.6653e-02
12.250  17.750  6.8260e-02
12.250  18.000  6.3435e-02
12.250  18.250  5.2930e-02
12.250  18.500  3.9798e-02
12.250  18.750  2.7452e-02
12.250  19.000  1.7849e-02
12.250  19.250  1.1483e-02
12.250  19.500  7.2872e-03
12.250  19.750  4.1960e-03
12.250  20.000  2.9751e-03
12.250  20.250  1.7826e-03
12.250  20.500  6.5045e-04
12.250  20.750  3.2700e-04
12.250  21.000  1.5053e-04
12.250  21.250  4.2058e-05
12.250  21.500  7.9835e-06
12.250  21.750  1.0000e-07
12.250  22.000  1.0000e-07
12.250  22.250  1.0000e-07
12.250  22.500  1.0000e-07
12.250  22.750  1.0000e-07
12.250  23.000  1.0000e-07
12.250  23.250  1.0000e-07
12.250  23.500  1.0000e-07
12.250  23.750  1.0000e-07
12.250  24.000  1.0000e-07
12.500  17.000  8.2144e-02
12.500  17.250  8.3340e-02
12.500  17.500  8.4751e-02
12.500  17.750  8.1653e-02
12.500  18.000  7.2451e-02
12.500  18.250  5.8998e-02
12.500  18.500  4.4335e-02
12.500  18.750  3.0974e-02
12.500  19.000  2.0573e-02
12.500  19.250  1.3554e-02
12.500  19.500  8.6022e-03
12.500  19.750  5.6114e-03
12.500  20.000  2.6923e-03
12.500  20.250  2.2677e-03
12.500  20.500  1.3340e-03
12.500  20.750  8.8247e-04
12.500  21.000  2.4634e-04
12.500  21.250  1.4856e-04
12.500  21.500  3.9177e-05
12.500  21.750  7.5720e-06
12.500  22.000  1.0000e-07
12.500  22.250  1.0000e-07
12.500  22.500  1.0000e-07
12.500  22.750  1.0000e-07
12.500  23.000  1.0000e-07
12.500  23.250  1.0000e-07
12.500  23.500  1.0000e-07
12.500  23.750  1.0000e-07
12.500  24.000  1.0000e-07
12.750  17.000  1.0789e-01
12.750  17.250  1.0693e-01
12.750  17.500  1.0323e-01
12.750  17.750  9.3527e-02
12.750  18.000  7.9542e-02
12.750  18.250  6.3059e-02
12.750  18.500  4.6893e-02
12.750  18.750  3.2995e-02
12.750  19.000  2.2164e-02
12.750  19.250  1.3963e-02
12.750  19.500  8.9837e-03
12.750  19.750  6.0889e-03
12.750  20.000  3.7297e-03
12.750  20.250  1.9969e-03
12.750  20.500  1.3254e-03
12.750  20.750  1.0349e-03
12.750  21.000  3.6683e-04
12.750  21.250  1.9053e-04
12.750  21.500  1.7704e-04
12.750  21.750  3.6626e-05
12.750  22.000  5.7613e-06
12.750  22.250  1.0000e-07
12.750  22.500  1.0000e-07
12.750  22.750  1.0000e-07
12.750  23.000  1.0000e-07
12.750  23.250  1.0000e-07
12.750  23.500  1.0000e-07
12.750  23.750  1.0000e-07
12.750  24.000  1.0000e-07
13.000  17.000  1.1368e-01
13.000  17.250  1.1469e-01
13.000  17.500  1.1247e-01
13.000  17.750  1.0176e-01
13.000  18.000  8.4906e-02
13.000  18.250  6.5961e-02
13.000  18.500  4.8382e-02
13.000  18.750  3.3615e-02
13.000  19.000  2.2462e-02
13.000  19.250  1.4825e-02
13.000  19.500  9.4774e-03
13.000  19.750  6.3419e-03
13.000  20.000  4.4276e-03
13.000  20.250  2.8122e-03
13.000  20.500  1.4833e-03
13.000  20.750  8.2914e-04
13.000  21.000  4.6700e-04
13.000  21.250  2.5383e-04
13.000  21.500  1.3926e-04
13.000  21.750  1.0329e-04
13.000  22.000  3.1276e-05
13.000  22.250  4.4444e-06
13.000  22.500  1.0000e-07
13.000  22.750  1.0000e-07
13.000  23.000  1.0000e-07
13.000  23.250  1.0000e-07
13.000  23.500  1.0000e-07
13.000  23.750  1.0000e-07
13.000  24.000  1.0000e-07
13.250  17.000  1.1634e-01
13.250  17.250  1.1821e-01
13.250  17.500  1.1607e-01
13.250  17.750  1.0578e-01
13.250  18.000  8.8144e-02
13.250  18.250  6.7601e-02
13.250  18.500  4.9314e-02
13.250  18.750  3.3974e-02
13.250  19.000  2.2943e-02
13.250  19.250  1.4909e-02
13.250  19.500  9.7705e-03
13.250  19.750  6.3314e-03
13.250  20.000  4.1937e-03
13.250  20.250  2.6902e-03
13.250  20.500  1.7016e-03
13.250  20.750  1.2638e-03
13.250  21.000  5.5885e-04
13.250  21.250  3.4996e-04
13.250  21.500  1.9111e-04
13.250  21.750  1.0617e-04
13.250  22.000  6.3704e-05
13.250  22.250  2.7325e-05
13.250  22.500  3.7037e-06
13.250  22.750  1.0000e-07
13.250  23.000  1.0000e-07
13.250  23.250  1.0000e-07
13.250  23.500  1.0000e-07
13.250  23.750  1.0000e-07
13.250  24.000  1.0000e-07
13.500  17.000  1.1602e-01
13.500  17.250  1.1956e-01
13.500  17.500  1.1712e-01
13.500  17.750  1.0589e-01
13.500  18.000  8.9216e-02
13.500  18.250  6.8659e-02
13.500  18.500  4.9174e-02
13.500  18.750  3.3432e-02
13.500  19.000  2.2517e-02
13.500  19.250  1.4518e-02
13.500  19.500  9.6029e-03
13.500  19.750  6.3374e-03
13.500  20.000  3.9592e-03
13.500  20.250  2.7689e-03
13.500  20.500  1.7221e-03
13.500  20.750  1.1534e-03
13.500  21.000  6.7572e-04
13.500  21.250  3.8798e-04
13.500  21.500  2.3086e-04
13.500  21.750  1.2379e-04
13.500  22.000  7.2840e-05
13.500  22.250  5.7860e-05
13.500  22.500  2.0576e-05
13.500  22.750  3.1276e-06
13.500  23.000  1.0000e-07
13.500  23.250  1.0000e-07
13.500  23.500  1.0000e-07
13.500  23.750  1.0000e-07
13.500  24.000  1.0000e-07
13.750  17.000  1.1317e-01
13.750  17.250  1.1836e-01
13.750  17.500  1.1686e-01
13.750  17.750  1.0503e-01
13.750  18.000  8.6771e-02
13.750  18.250  6.6932e-02
13.750  18.500  4.7995e-02
13.750  18.750  3.2215e-02
13.750  19.000  2.1170e-02
13.750  19.250  1.3931e-02
13.750  19.500  9.5129e-03
13.750  19.750  6.4459e-03
13.750  20.000  4.1123e-03
13.750  20.250  2.6766e-03
13.750  20.500  1.7997e-03
13.750  20.750  1.2075e-03
13.750  21.000  7.3860e-04
13.750  21.250  4.4724e-04
13.750  21.500  2.6296e-04
13.750  21.750  1.5095e-04
13.750  22.000  8.4856e-05
13.750  22.250  4.6584e-05
13.750  22.500  3.3004e-05
13.750  22.750  1.5967e-05
13.750  23.000  2.2222e-06
13.750  23.250  1.0000e-07
13.750  23.500  1.0000e-07
13.750  23.750  1.0000e-07
13.750  24.000  1.0000e-07
14.000  17.000  1.0752e-01
14.000  17.250  1.1457e-01
14.000  17.500  1.1432e-01
14.000  17.750  1.0356e-01
14.000  18.000  8.4642e-02
14.000  18.250  6.4392e-02
14.000  18.500  4.6787e-02
14.000  18.750  3.1050e-02
14.000  19.000  2.0209e-02
14.000  19.250  1.3041e-02
14.000  19.500  8.7147e-03
14.000  19.750  5.9372e-03
14.000  20.000  3.9770e-03
14.000  20.250  2.4687e-03
14.000  20.500  1.7181e-03
14.000  20.750  1.1637e-03
14.000  21.000  7.8255e-04
14.000  21.250  4.7588e-04
14.000  21.500  2.9300e-04
14.000  21.750  1.7350e-04
14.000  22.000  9.6543e-05
14.000  22.250  5.3416e-05
14.000  22.500  3.0288e-05
14.000  22.750  2.8066e-05
14.000  23.000  1.0370e-05
14.000  23.250  1.3992e-06
14.000  23.500  1.0000e-07
14.000  23.750  1.0000e-07
14.000  24.000  1.0000e-07
