nFnu 910.000A  relative to Inci 1215.00A scaled to 1215A.
Hden   Phi(H)  Eq_Width (A)
7.000  17.000  4.2894e-01
7.000  17.250  2.0773e-01
7.000  17.500  8.7643e-02
7.000  17.750  3.9297e-02
7.000  18.000  2.4618e-02
7.000  18.250  1.8292e-02
7.000  18.500  1.5677e-02
7.000  18.750  1.4862e-02
7.000  19.000  1.4403e-02
7.000  19.250  1.4048e-02
7.000  19.500  1.3786e-02
7.000  19.750  1.3608e-02
7.000  20.000  1.3502e-02
7.000  20.250  1.3458e-02
7.000  20.500  1.3466e-02
7.000  20.750  1.3513e-02
7.000  21.000  1.3591e-02
7.000  21.250  1.3689e-02
7.000  21.500  1.3795e-02
7.000  21.750  1.3899e-02
7.000  22.000  1.3991e-02
7.000  22.250  1.4061e-02
7.000  22.500  1.4096e-02
7.000  22.750  1.4098e-02
7.000  23.000  1.4098e-02
7.000  23.250  1.4097e-02
7.000  23.500  1.4098e-02
7.000  23.750  1.4098e-02
7.000  24.000  1.4098e-02
7.250  17.000  6.3433e-01
7.250  17.250  4.2694e-01
7.250  17.500  2.0693e-01
7.250  17.750  8.7123e-02
7.250  18.000  3.9132e-02
7.250  18.250  2.4566e-02
7.250  18.500  1.8271e-02
7.250  18.750  1.5670e-02
7.250  19.000  1.4859e-02
7.250  19.250  1.4468e-02
7.250  19.500  1.4257e-02
7.250  19.750  1.4168e-02
7.250  20.000  1.4130e-02
7.250  20.250  1.4113e-02
7.250  20.500  1.4105e-02
7.250  20.750  1.4101e-02
7.250  21.000  1.4099e-02
7.250  21.250  1.4098e-02
7.250  21.500  1.4097e-02
7.250  21.750  1.4097e-02
7.250  22.000  1.4097e-02
7.250  22.250  1.4096e-02
7.250  22.500  1.4096e-02
7.250  22.750  1.4096e-02
7.250  23.000  1.4096e-02
7.250  23.250  1.4096e-02
7.250  23.500  1.4096e-02
7.250  23.750  1.4096e-02
7.250  24.000  1.4096e-02
7.500  17.000  2.4913e-01
7.500  17.250  6.3155e-01
7.500  17.500  4.2542e-01
7.500  17.750  2.0637e-01
7.500  18.000  8.6621e-02
7.500  18.250  3.8973e-02
7.500  18.500  2.4525e-02
7.500  18.750  1.8258e-02
7.500  19.000  1.5665e-02
7.500  19.250  1.4857e-02
7.500  19.500  1.4421e-02
7.500  19.750  1.4096e-02
7.500  20.000  1.3868e-02
7.500  20.250  1.3724e-02
7.500  20.500  1.3652e-02
7.500  20.750  1.3639e-02
7.500  21.000  1.3671e-02
7.500  21.250  1.3736e-02
7.500  21.500  1.3821e-02
7.500  21.750  1.3912e-02
7.500  22.000  1.3997e-02
7.500  22.250  1.4063e-02
7.500  22.500  1.4096e-02
7.500  22.750  1.4096e-02
7.500  23.000  1.4096e-02
7.500  23.250  1.4096e-02
7.500  23.500  1.4098e-02
7.500  23.750  1.4096e-02
7.500  24.000  1.4096e-02
7.750  17.000  2.6000e-01
7.750  17.250  2.4825e-01
7.750  17.500  6.2777e-01
7.750  17.750  4.2445e-01
7.750  18.000  2.0598e-01
7.750  18.250  8.6131e-02
7.750  18.500  3.8807e-02
7.750  18.750  2.4489e-02
7.750  19.000  1.8250e-02
7.750  19.250  1.5662e-02
7.750  19.500  1.4856e-02
7.750  19.750  1.4467e-02
7.750  20.000  1.4257e-02
7.750  20.250  1.4168e-02
7.750  20.500  1.4130e-02
7.750  20.750  1.4113e-02
7.750  21.000  1.4105e-02
7.750  21.250  1.4101e-02
7.750  21.500  1.4099e-02
7.750  21.750  1.4098e-02
7.750  22.000  1.4097e-02
7.750  22.250  1.4097e-02
7.750  22.500  1.4096e-02
7.750  22.750  1.4096e-02
7.750  23.000  1.4096e-02
7.750  23.250  1.4096e-02
7.750  23.500  1.4096e-02
7.750  23.750  1.4096e-02
7.750  24.000  1.4096e-02
8.000  17.000  2.6823e-01
8.000  17.250  2.5777e-01
8.000  17.500  2.4630e-01
8.000  17.750  2.5938e-01
8.000  18.000  2.6306e-01
8.000  18.250  2.0575e-01
8.000  18.500  8.5625e-02
8.000  18.750  3.8630e-02
8.000  19.000  2.4455e-02
8.000  19.250  1.8244e-02
8.000  19.500  1.5661e-02
8.000  19.750  1.4855e-02
8.000  20.000  1.4467e-02
8.000  20.250  1.4257e-02
8.000  20.500  1.4168e-02
8.000  20.750  1.4130e-02
8.000  21.000  1.4113e-02
8.000  21.250  1.4105e-02
8.000  21.500  1.4101e-02
8.000  21.750  1.4099e-02
8.000  22.000  1.4097e-02
8.000  22.250  1.4097e-02
8.000  22.500  1.4097e-02
8.000  22.750  1.4096e-02
8.000  23.000  1.4096e-02
8.000  23.250  1.4096e-02
8.000  23.500  1.4096e-02
8.000  23.750  1.4096e-02
8.000  24.000  1.4096e-02
8.250  17.000  2.7643e-01
8.250  17.250  2.6699e-01
8.250  17.500  2.5688e-01
8.250  17.750  2.4554e-01
8.250  18.000  2.1825e-01
8.250  18.250  1.7723e-01
8.250  18.500  1.3025e-01
8.250  18.750  8.5093e-02
8.250  19.000  4.8067e-02
8.250  19.250  1.9693e-02
8.250  19.500  -9.6162e-04
8.250  19.750  -1.4832e-02
8.250  20.000  -2.2853e-02
8.250  20.250  -2.5957e-02
8.250  20.500  -2.5080e-02
8.250  20.750  -2.1154e-02
8.250  21.000  -1.5115e-02
8.250  21.250  -7.8955e-03
8.250  21.500  -4.3060e-04
8.250  21.750  6.3458e-03
8.250  22.000  1.1500e-02
8.250  22.250  1.4097e-02
8.250  22.500  1.4097e-02
8.250  22.750  1.4097e-02
8.250  23.000  1.4096e-02
8.250  23.250  1.4096e-02
8.250  23.500  1.4097e-02
8.250  23.750  1.4096e-02
8.250  24.000  1.4096e-02
8.500  17.000  2.8350e-01
8.500  17.250  2.7516e-01
8.500  17.500  2.6601e-01
8.500  17.750  2.5610e-01
8.500  18.000  3.5053e-01
8.500  18.250  4.5713e-01
8.500  18.500  4.2345e-01
8.500  18.750  2.0549e-01
8.500  19.000  8.4505e-02
8.500  19.250  3.8235e-02
8.500  19.500  2.4386e-02
8.500  19.750  1.8238e-02
8.500  20.000  1.5659e-02
8.500  20.250  1.4855e-02
8.500  20.500  1.4467e-02
8.500  20.750  1.4257e-02
8.500  21.000  1.4168e-02
8.500  21.250  1.4130e-02
8.500  21.500  1.4113e-02
8.500  21.750  1.4105e-02
8.500  22.000  1.4101e-02
8.500  22.250  1.4099e-02
8.500  22.500  1.4097e-02
8.500  22.750  1.4097e-02
8.500  23.000  1.4096e-02
8.500  23.250  1.4096e-02
8.500  23.500  1.4096e-02
8.500  23.750  1.4096e-02
8.500  24.000  1.4096e-02
8.750  17.000  2.9005e-01
8.750  17.250  2.8211e-01
8.750  17.500  2.7426e-01
8.750  17.750  2.6544e-01
8.750  18.000  3.8899e-01
8.750  18.250  5.5301e-01
8.750  18.500  5.9566e-01
8.750  18.750  4.2380e-01
8.750  19.000  2.0545e-01
8.750  19.250  8.3892e-02
8.750  19.500  3.8015e-02
8.750  19.750  2.4351e-02
8.750  20.000  1.8236e-02
8.750  20.250  1.5660e-02
8.750  20.500  1.4855e-02
8.750  20.750  1.4467e-02
8.750  21.000  1.4257e-02
8.750  21.250  1.4168e-02
8.750  21.500  1.4130e-02
8.750  21.750  1.4113e-02
8.750  22.000  1.4105e-02
8.750  22.250  1.4101e-02
8.750  22.500  1.4099e-02
8.750  22.750  1.4097e-02
8.750  23.000  1.4097e-02
8.750  23.250  1.4096e-02
8.750  23.500  1.4096e-02
8.750  23.750  1.4096e-02
8.750  24.000  1.4096e-02
9.000  17.000  2.9658e-01
9.000  17.250  2.8871e-01
9.000  17.500  2.8135e-01
9.000  17.750  2.7430e-01
9.000  18.000  2.6639e-01
9.000  18.250  3.8824e-01
9.000  18.500  5.4990e-01
9.000  18.750  5.9286e-01
9.000  19.000  4.2444e-01
9.000  19.250  2.0552e-01
9.000  19.500  8.3289e-02
9.000  19.750  3.7792e-02
9.000  20.000  2.4317e-02
9.000  20.250  1.8236e-02
9.000  20.500  1.5660e-02
9.000  20.750  1.4855e-02
9.000  21.000  1.4467e-02
9.000  21.250  1.4257e-02
9.000  21.500  1.4168e-02
9.000  21.750  1.4130e-02
9.000  22.000  1.4113e-02
9.000  22.250  1.4105e-02
9.000  22.500  1.4101e-02
9.000  22.750  1.4099e-02
9.000  23.000  1.4097e-02
9.000  23.250  1.4097e-02
9.000  23.500  1.4096e-02
9.000  23.750  1.4096e-02
9.000  24.000  1.4096e-02
9.250  17.000  3.0207e-01
9.250  17.250  2.9484e-01
9.250  17.500  2.8833e-01
9.250  17.750  2.8261e-01
9.250  18.000  2.7667e-01
9.250  18.250  2.6943e-01
9.250  18.500  2.6109e-01
9.250  18.750  2.5075e-01
9.250  19.000  3.8288e-01
9.250  19.250  4.2575e-01
9.250  19.500  2.0583e-01
9.250  19.750  8.2779e-02
9.250  20.000  3.7584e-02
9.250  20.250  2.4287e-02
9.250  20.500  1.8235e-02
9.250  20.750  1.5661e-02
9.250  21.000  1.4856e-02
9.250  21.250  1.4467e-02
9.250  21.500  1.4255e-02
9.250  21.750  1.4166e-02
9.250  22.000  1.4128e-02
9.250  22.250  1.4111e-02
9.250  22.500  1.4104e-02
9.250  22.750  1.4100e-02
9.250  23.000  1.4098e-02
9.250  23.250  1.4097e-02
9.250  23.500  1.4097e-02
9.250  23.750  1.4097e-02
9.250  24.000  1.4096e-02
9.500  17.000  3.0637e-01
9.500  17.250  3.0127e-01
9.500  17.500  2.9601e-01
9.500  17.750  2.9166e-01
9.500  18.000  2.8671e-01
9.500  18.250  2.8152e-01
9.500  18.500  2.7527e-01
9.500  18.750  2.6922e-01
9.500  19.000  2.7093e-01
9.500  19.250  6.1868e-01
9.500  19.500  4.2807e-01
9.500  19.750  2.0642e-01
9.500  20.000  8.2433e-02
9.500  20.250  3.7408e-02
9.500  20.500  2.4264e-02
9.500  20.750  1.8232e-02
9.500  21.000  1.5658e-02
9.500  21.250  1.4854e-02
9.500  21.500  1.4465e-02
9.500  21.750  1.4254e-02
9.500  22.000  1.4165e-02
9.500  22.250  1.4127e-02
9.500  22.500  1.4110e-02
9.500  22.750  1.4102e-02
9.500  23.000  1.4098e-02
9.500  23.250  1.4096e-02
9.500  23.500  1.4095e-02
9.500  23.750  1.4094e-02
9.500  24.000  1.4094e-02
9.750  17.000  3.0747e-01
9.750  17.250  3.0724e-01
9.750  17.500  3.0517e-01
9.750  17.750  3.0247e-01
9.750  18.000  2.9843e-01
9.750  18.250  2.9404e-01
9.750  18.500  2.9081e-01
9.750  18.750  2.8860e-01
9.750  19.000  2.8957e-01
9.750  19.250  3.6430e-01
9.750  19.500  6.8196e-01
9.750  19.750  4.3295e-01
9.750  20.000  2.0734e-01
9.750  20.250  8.2325e-02
9.750  20.500  3.7276e-02
9.750  20.750  2.4250e-02
9.750  21.000  1.8236e-02
9.750  21.250  1.5659e-02
9.750  21.500  1.4855e-02
9.750  21.750  1.4466e-02
9.750  22.000  1.4255e-02
9.750  22.250  1.4165e-02
9.750  22.500  1.4127e-02
9.750  22.750  1.4110e-02
9.750  23.000  1.4102e-02
9.750  23.250  1.4098e-02
9.750  23.500  1.4096e-02
9.750  23.750  1.4095e-02
9.750  24.000  1.4094e-02
10.000  17.000  2.8544e-01
10.000  17.250  3.1106e-01
10.000  17.500  3.1570e-01
10.000  17.750  3.1590e-01
10.000  18.000  3.1324e-01
10.000  18.250  3.0967e-01
10.000  18.500  3.0901e-01
10.000  18.750  3.1289e-01
10.000  19.000  3.2222e-01
10.000  19.250  3.3379e-01
10.000  19.500  6.1705e-01
10.000  19.750  7.5461e-01
10.000  20.000  4.3945e-01
10.000  20.250  2.0861e-01
10.000  20.500  8.2355e-02
10.000  20.750  3.7192e-02
10.000  21.000  2.4250e-02
10.000  21.250  1.8241e-02
10.000  21.500  1.5661e-02
10.000  21.750  1.4856e-02
10.000  22.000  1.4466e-02
10.000  22.250  1.4255e-02
10.000  22.500  1.4165e-02
10.000  22.750  1.4127e-02
10.000  23.000  1.4110e-02
10.000  23.250  1.4102e-02
10.000  23.500  1.4098e-02
10.000  23.750  1.4096e-02
10.000  24.000  1.4095e-02
10.250  17.000  2.8444e-01
10.250  17.250  2.9480e-01
10.250  17.500  3.2533e-01
10.250  17.750  3.3231e-01
10.250  18.000  3.3325e-01
10.250  18.250  3.3354e-01
10.250  18.500  3.3696e-01
10.250  18.750  3.4889e-01
10.250  19.000  3.6880e-01
10.250  19.250  3.9490e-01
10.250  19.500  4.1684e-01
10.250  19.750  1.1490e+00
10.250  20.000  9.3934e-01
10.250  20.250  4.5601e-01
10.250  20.500  2.1049e-01
10.250  20.750  8.2566e-02
10.250  21.000  3.7159e-02
10.250  21.250  2.4264e-02
10.250  21.500  1.8248e-02
10.250  21.750  1.5664e-02
10.250  22.000  1.4857e-02
10.250  22.250  1.4467e-02
10.250  22.500  1.4255e-02
10.250  22.750  1.4166e-02
10.250  23.000  1.4127e-02
10.250  23.250  1.4110e-02
10.250  23.500  1.4102e-02
10.250  23.750  1.4098e-02
10.250  24.000  1.4096e-02
10.500  17.000  2.8389e-01
10.500  17.250  2.9698e-01
10.500  17.500  3.1522e-01
10.500  17.750  3.5103e-01
10.500  18.000  3.6218e-01
10.500  18.250  3.7172e-01
10.500  18.500  3.8693e-01
10.500  18.750  4.1019e-01
10.500  19.000  4.4216e-01
10.500  19.250  4.7977e-01
10.500  19.500  5.1724e-01
10.500  19.750  1.1378e+00
10.500  20.000  1.5089e+00
10.500  20.250  1.0678e+00
10.500  20.500  4.6472e-01
10.500  20.750  2.1322e-01
10.500  21.000  8.2951e-02
10.500  21.250  3.7178e-02
10.500  21.500  2.4293e-02
10.500  21.750  1.8257e-02
10.500  22.000  1.5667e-02
10.500  22.250  1.4859e-02
10.500  22.500  1.4467e-02
10.500  22.750  1.4256e-02
10.500  23.000  1.4166e-02
10.500  23.250  1.4127e-02
10.500  23.500  1.4110e-02
10.500  23.750  1.4102e-02
10.500  24.000  1.4098e-02
10.750  17.000  2.8376e-01
10.750  17.250  3.0041e-01
10.750  17.500  3.2355e-01
10.750  17.750  3.6019e-01
10.750  18.000  4.0260e-01
10.750  18.250  4.3982e-01
10.750  18.500  4.7641e-01
10.750  18.750  5.1836e-01
10.750  19.000  5.6195e-01
10.750  19.250  6.0753e-01
10.750  19.500  6.5256e-01
10.750  19.750  6.9708e-01
10.750  20.000  2.4107e+00
10.750  20.250  1.4577e+00
10.750  20.500  1.0843e+00
10.750  20.750  4.7374e-01
10.750  21.000  2.1628e-01
10.750  21.250  8.3493e-02
10.750  21.500  3.7261e-02
10.750  21.750  2.4341e-02
10.750  22.000  1.8270e-02
10.750  22.250  1.5669e-02
10.750  22.500  1.4861e-02
10.750  22.750  1.4468e-02
10.750  23.000  1.4256e-02
10.750  23.250  1.4166e-02
10.750  23.500  1.4128e-02
10.750  23.750  1.4111e-02
10.750  24.000  1.4102e-02
11.000  17.000  2.8462e-01
11.000  17.250  3.0448e-01
11.000  17.500  3.3125e-01
11.000  17.750  3.8053e-01
11.000  18.000  4.5358e-01
11.000  18.250  5.3867e-01
11.000  18.500  6.2206e-01
11.000  18.750  6.9085e-01
11.000  19.000  7.4739e-01
11.000  19.250  7.9451e-01
11.000  19.500  8.3685e-01
11.000  19.750  8.8031e-01
11.000  20.000  9.2663e-01
11.000  20.250  2.4094e+00
11.000  20.500  2.0244e+00
11.000  20.750  1.1370e+00
11.000  21.000  4.8221e-01
11.000  21.250  2.1747e-01
11.000  21.500  8.4162e-02
11.000  21.750  3.7414e-02
11.000  22.000  2.4412e-02
11.000  22.250  1.8288e-02
11.000  22.500  1.5672e-02
11.000  22.750  1.4862e-02
11.000  23.000  1.4470e-02
11.000  23.250  1.4256e-02
11.000  23.500  1.4166e-02
11.000  23.750  1.4128e-02
11.000  24.000  1.4111e-02
11.250  17.000  2.8564e-01
11.250  17.250  3.0873e-01
11.250  17.500  3.4015e-01
11.250  17.750  4.0081e-01
11.250  18.000  5.1261e-01
11.250  18.250  6.6217e-01
11.250  18.500  8.0750e-01
11.250  18.750  9.2142e-01
11.250  19.000  9.9535e-01
11.250  19.250  1.0478e+00
11.250  19.500  1.0830e+00
11.250  19.750  1.1148e+00
11.250  20.000  1.1490e+00
11.250  20.250  1.8628e+00
11.250  20.500  3.4765e+00
11.250  20.750  2.0918e+00
11.250  21.000  1.1167e+00
11.250  21.250  4.7324e-01
11.250  21.500  2.1621e-01
11.250  21.750  8.4747e-02
11.250  22.000  3.7643e-02
11.250  22.250  2.4509e-02
11.250  22.500  1.8314e-02
11.250  22.750  1.5677e-02
11.250  23.000  1.4865e-02
11.250  23.250  1.4471e-02
11.250  23.500  1.4257e-02
11.250  23.750  1.4167e-02
11.250  24.000  1.4128e-02
11.500  17.000  2.8762e-01
11.500  17.250  3.1376e-01
11.500  17.500  3.5077e-01
11.500  17.750  4.2252e-01
11.500  18.000  5.6495e-01
11.500  18.250  7.8003e-01
11.500  18.500  9.9962e-01
11.500  18.750  1.1712e+00
11.500  19.000  1.2846e+00
11.500  19.250  1.3438e+00
11.500  19.500  1.3730e+00
11.500  19.750  1.3966e+00
11.500  20.000  1.4162e+00
11.500  20.250  1.4392e+00
11.500  20.500  3.7297e+00
11.500  20.750  3.7913e+00
11.500  21.000  2.1442e+00
11.500  21.250  1.0500e+00
11.500  21.500  4.5637e-01
11.500  21.750  2.1082e-01
11.500  22.000  8.4874e-02
11.500  22.250  3.7955e-02
11.500  22.500  2.4635e-02
11.500  22.750  1.8351e-02
11.500  23.000  1.5683e-02
11.500  23.250  1.4868e-02
11.500  23.500  1.4473e-02
11.500  23.750  1.4258e-02
11.500  24.000  1.4167e-02
11.750  17.000  2.8932e-01
11.750  17.250  3.1856e-01
11.750  17.500  3.6183e-01
11.750  17.750  4.4328e-01
11.750  18.000  6.0049e-01
11.750  18.250  8.5609e-01
11.750  18.500  1.1514e+00
11.750  18.750  1.3930e+00
11.750  19.000  1.5563e+00
11.750  19.250  1.6434e+00
11.750  19.500  1.6770e+00
11.750  19.750  1.6861e+00
11.750  20.000  1.6938e+00
11.750  20.250  1.7073e+00
11.750  20.500  1.7241e+00
11.750  20.750  5.9479e+00
11.750  21.000  3.8311e+00
11.750  21.250  2.0419e+00
11.750  21.500  1.0027e+00
11.750  21.750  4.4217e-01
11.750  22.000  2.0257e-01
11.750  22.250  8.4311e-02
11.750  22.500  3.8324e-02
11.750  22.750  2.4791e-02
11.750  23.000  1.8400e-02
11.750  23.250  1.5692e-02
11.750  23.500  1.4872e-02
11.750  23.750  1.4475e-02
11.750  24.000  1.4258e-02
12.000  17.000  2.9130e-01
12.000  17.250  3.2416e-01
12.000  17.500  3.7159e-01
12.000  17.750  4.5969e-01
12.000  18.000  6.1854e-01
12.000  18.250  8.7460e-01
12.000  18.500  1.2075e+00
12.000  18.750  1.5263e+00
12.000  19.000  1.7551e+00
12.000  19.250  1.8920e+00
12.000  19.500  1.9522e+00
12.000  19.750  1.9542e+00
12.000  20.000  1.9453e+00
12.000  20.250  1.9463e+00
12.000  20.500  1.9578e+00
12.000  20.750  1.9760e+00
12.000  21.000  6.3431e+00
12.000  21.250  4.1023e+00
12.000  21.500  2.0151e+00
12.000  21.750  9.2837e-01
12.000  22.000  4.1670e-01
12.000  22.250  1.9591e-01
12.000  22.500  8.2843e-02
12.000  22.750  3.8666e-02
12.000  23.000  2.4971e-02
12.000  23.250  1.8463e-02
12.000  23.500  1.5703e-02
12.000  23.750  1.4877e-02
12.000  24.000  1.4477e-02
12.250  17.000  3.0231e-01
12.250  17.250  3.3359e-01
12.250  17.500  3.7861e-01
12.250  17.750  4.6962e-01
12.250  18.000  6.2259e-01
12.250  18.250  8.5371e-01
12.250  18.500  1.1681e+00
12.250  18.750  1.5210e+00
12.250  19.000  1.8198e+00
12.250  19.250  2.0225e+00
12.250  19.500  2.1355e+00
12.250  19.750  2.1707e+00
12.250  20.000  2.1522e+00
12.250  20.250  2.1345e+00
12.250  20.500  2.1354e+00
12.250  20.750  2.1514e+00
12.250  21.000  2.1826e+00
12.250  21.250  7.5149e+00
12.250  21.500  4.2677e+00
12.250  21.750  1.8634e+00
12.250  22.000  8.6277e-01
12.250  22.250  3.9563e-01
12.250  22.500  1.8533e-01
12.250  22.750  8.0637e-02
12.250  23.000  3.8972e-02
12.250  23.250  2.5146e-02
12.250  23.500  1.8528e-02
12.250  23.750  1.5714e-02
12.250  24.000  1.4882e-02
12.500  17.000  3.0834e-01
12.500  17.250  3.5476e-01
12.500  17.500  3.9701e-01
12.500  17.750  4.7520e-01
12.500  18.000  6.1824e-01
12.500  18.250  8.1625e-01
12.500  18.500  1.0811e+00
12.500  18.750  1.4020e+00
12.500  19.000  1.7336e+00
12.500  19.250  1.9909e+00
12.500  19.500  2.1661e+00
12.500  19.750  2.2659e+00
12.500  20.000  2.2888e+00
12.500  20.250  2.2663e+00
12.500  20.500  2.2502e+00
12.500  20.750  2.2629e+00
12.500  21.000  2.2956e+00
12.500  21.250  2.3636e+00
12.500  21.500  8.0966e+00
12.500  21.750  4.0665e+00
12.500  22.000  1.7770e+00
12.500  22.250  7.9755e-01
12.500  22.500  3.7496e-01
12.500  22.750  1.7095e-01
12.500  23.000  7.7873e-02
12.500  23.250  3.9153e-02
12.500  23.500  2.5306e-02
12.500  23.750  1.8592e-02
12.500  24.000  1.5724e-02
12.750  17.000  3.0602e-01
12.750  17.250  3.5651e-01
12.750  17.500  4.1590e-01
12.750  17.750  5.0500e-01
12.750  18.000  6.2218e-01
12.750  18.250  7.7832e-01
12.750  18.500  9.8827e-01
12.750  18.750  1.2424e+00
12.750  19.000  1.5286e+00
12.750  19.250  1.8138e+00
12.750  19.500  2.0313e+00
12.750  19.750  2.1953e+00
12.750  20.000  2.2907e+00
12.750  20.250  2.3280e+00
12.750  20.500  2.3097e+00
12.750  20.750  2.3140e+00
12.750  21.000  2.3420e+00
12.750  21.250  2.3898e+00
12.750  21.500  2.4117e+00
12.750  21.750  8.3599e+00
12.750  22.000  3.8530e+00
12.750  22.250  1.6818e+00
12.750  22.500  7.4659e-01
12.750  22.750  3.5337e-01
12.750  23.000  1.5927e-01
12.750  23.250  7.4991e-02
12.750  23.500  3.9179e-02
12.750  23.750  2.5440e-02
12.750  24.000  1.8648e-02
13.000  17.000  2.9446e-01
13.000  17.250  3.5100e-01
13.000  17.500  4.2413e-01
13.000  17.750  5.0431e-01
13.000  18.000  6.1259e-01
13.000  18.250  7.4675e-01
13.000  18.500  9.0861e-01
13.000  18.750  1.1014e+00
13.000  19.000  1.3180e+00
13.000  19.250  1.5516e+00
13.000  19.500  1.7819e+00
13.000  19.750  1.9737e+00
13.000  20.000  2.1342e+00
13.000  20.250  2.2463e+00
13.000  20.500  2.3070e+00
13.000  20.750  2.3171e+00
13.000  21.000  2.3397e+00
13.000  21.250  2.3827e+00
13.000  21.500  2.4078e+00
13.000  21.750  5.1036e+00
13.000  22.000  8.2551e+00
13.000  22.250  3.5252e+00
13.000  22.500  1.5747e+00
13.000  22.750  6.9219e-01
13.000  23.000  3.1742e-01
13.000  23.250  1.5353e-01
13.000  23.500  7.1799e-02
13.000  23.750  3.8987e-02
13.000  24.000  2.5514e-02
13.250  17.000  2.8230e-01
13.250  17.250  3.3566e-01
13.250  17.500  4.1829e-01
13.250  17.750  4.9907e-01
13.250  18.000  5.9424e-01
13.250  18.250  7.1013e-01
13.250  18.500  8.4291e-01
13.250  18.750  9.8799e-01
13.250  19.000  1.1480e+00
13.250  19.250  1.3180e+00
13.250  19.500  1.5001e+00
13.250  19.750  1.6872e+00
13.250  20.000  1.8684e+00
13.250  20.250  2.0311e+00
13.250  20.500  2.1669e+00
13.250  20.750  2.2469e+00
13.250  21.000  2.2939e+00
13.250  21.250  2.3131e+00
13.250  21.500  2.3331e+00
13.250  21.750  2.3391e+00
13.250  22.000  5.6025e+00
13.250  22.250  7.4091e+00
13.250  22.500  3.3319e+00
13.250  22.750  1.4557e+00
13.250  23.000  6.3764e-01
13.250  23.250  2.9386e-01
13.250  23.500  1.4384e-01
13.250  23.750  6.8827e-02
13.250  24.000  3.8667e-02
13.500  17.000  2.5994e-01
13.500  17.250  3.1798e-01
13.500  17.500  4.0364e-01
13.500  17.750  4.8220e-01
13.500  18.000  5.7175e-01
13.500  18.250  6.7244e-01
13.500  18.500  7.8665e-01
13.500  18.750  9.0583e-01
13.500  19.000  1.0279e+00
13.500  19.250  1.1525e+00
13.500  19.500  1.2858e+00
13.500  19.750  1.4320e+00
13.500  20.000  1.5929e+00
13.500  20.250  1.7694e+00
13.500  20.500  1.9339e+00
13.500  20.750  2.0626e+00
13.500  21.000  2.1326e+00
13.500  21.250  2.1812e+00
13.500  21.500  2.1804e+00
13.500  21.750  2.2073e+00
13.500  22.000  2.2161e+00
13.500  22.250  5.5802e+00
13.500  22.500  6.8033e+00
13.500  22.750  3.0356e+00
13.500  23.000  1.3279e+00
13.500  23.250  5.9144e-01
13.500  23.500  2.7405e-01
13.500  23.750  1.2930e-01
13.500  24.000  6.6017e-02
13.750  17.000  2.4602e-01
13.750  17.250  2.9349e-01
13.750  17.500  3.8161e-01
13.750  17.750  4.6061e-01
13.750  18.000  5.4503e-01
13.750  18.250  6.3665e-01
13.750  18.500  7.3523e-01
13.750  18.750  8.3931e-01
13.750  19.000  9.4453e-01
13.750  19.250  1.0459e+00
13.750  19.500  1.1465e+00
13.750  19.750  1.2551e+00
13.750  20.000  1.3824e+00
13.750  20.250  1.5300e+00
13.750  20.500  1.6952e+00
13.750  20.750  1.8545e+00
13.750  21.000  1.9705e+00
13.750  21.250  2.0184e+00
13.750  21.500  2.0265e+00
13.750  21.750  2.0327e+00
13.750  22.000  2.0495e+00
13.750  22.250  2.0730e+00
13.750  22.500  7.1041e+00
13.750  22.750  5.5678e+00
13.750  23.000  2.7002e+00
13.750  23.250  1.2068e+00
13.750  23.500  5.4272e-01
13.750  23.750  2.5515e-01
13.750  24.000  1.2097e-01
14.000  17.000  2.3520e-01
14.000  17.250  2.7861e-01
14.000  17.500  3.3546e-01
14.000  17.750  4.3523e-01
14.000  18.000  5.1537e-01
14.000  18.250  6.0055e-01
14.000  18.500  6.9068e-01
14.000  18.750  7.8384e-01
14.000  19.000  8.7790e-01
14.000  19.250  9.7077e-01
14.000  19.500  1.0584e+00
14.000  19.750  1.1455e+00
14.000  20.000  1.2399e+00
14.000  20.250  1.3538e+00
14.000  20.500  1.4939e+00
14.000  20.750  1.6513e+00
14.000  21.000  1.8016e+00
14.000  21.250  1.9084e+00
14.000  21.500  1.9259e+00
14.000  21.750  1.9132e+00
14.000  22.000  1.8972e+00
14.000  22.250  1.9149e+00
14.000  22.500  1.9457e+00
14.000  22.750  6.5212e+00
14.000  23.000  5.0939e+00
14.000  23.250  2.4076e+00
14.000  23.500  1.0956e+00
14.000  23.750  5.0035e-01
14.000  24.000  2.3504e-01
