InwC 496.874A  relative to Inci 1215.00A scaled to 1215A.
Hden   Phi(H)  Eq_Width (A)
7.000  17.000  9.5319e-03
7.000  17.250  1.1186e-02
7.000  17.500  1.2144e-02
7.000  17.750  1.2535e-02
7.000  18.000  1.2727e-02
7.000  18.250  1.2867e-02
7.000  18.500  1.2946e-02
7.000  18.750  1.2967e-02
7.000  19.000  1.2976e-02
7.000  19.250  1.2980e-02
7.000  19.500  1.2981e-02
7.000  19.750  1.2981e-02
7.000  20.000  1.2981e-02
7.000  20.250  1.2981e-02
7.000  20.500  1.2982e-02
7.000  20.750  1.2982e-02
7.000  21.000  1.2982e-02
7.000  21.250  1.2982e-02
7.000  21.500  1.2982e-02
7.000  21.750  1.2982e-02
7.000  22.000  1.2982e-02
7.000  22.250  1.2982e-02
7.000  22.500  1.2982e-02
7.000  22.750  1.2983e-02
7.000  23.000  1.2983e-02
7.000  23.250  1.2982e-02
7.000  23.500  1.2983e-02
7.000  23.750  1.2983e-02
7.000  24.000  1.2984e-02
7.250  17.000  6.6596e-03
7.250  17.250  9.5456e-03
7.250  17.500  1.1198e-02
7.250  17.750  1.2150e-02
7.250  18.000  1.2538e-02
7.250  18.250  1.2728e-02
7.250  18.500  1.2868e-02
7.250  18.750  1.2946e-02
7.250  19.000  1.2967e-02
7.250  19.250  1.2976e-02
7.250  19.500  1.2980e-02
7.250  19.750  1.2981e-02
7.250  20.000  1.2981e-02
7.250  20.250  1.2981e-02
7.250  20.500  1.2981e-02
7.250  20.750  1.2982e-02
7.250  21.000  1.2982e-02
7.250  21.250  1.2982e-02
7.250  21.500  1.2982e-02
7.250  21.750  1.2982e-02
7.250  22.000  1.2982e-02
7.250  22.250  1.2982e-02
7.250  22.500  1.2982e-02
7.250  22.750  1.2982e-02
7.250  23.000  1.2982e-02
7.250  23.250  1.2982e-02
7.250  23.500  1.2982e-02
7.250  23.750  1.2982e-02
7.250  24.000  1.2982e-02
7.500  17.000  3.5952e-03
7.500  17.250  6.6806e-03
7.500  17.500  9.5560e-03
7.500  17.750  1.1209e-02
7.500  18.000  1.2158e-02
7.500  18.250  1.2540e-02
7.500  18.500  1.2729e-02
7.500  18.750  1.2868e-02
7.500  19.000  1.2946e-02
7.500  19.250  1.2967e-02
7.500  19.500  1.2976e-02
7.500  19.750  1.2980e-02
7.500  20.000  1.2981e-02
7.500  20.250  1.2981e-02
7.500  20.500  1.2981e-02
7.500  20.750  1.2981e-02
7.500  21.000  1.2981e-02
7.500  21.250  1.2981e-02
7.500  21.500  1.2982e-02
7.500  21.750  1.2982e-02
7.500  22.000  1.2982e-02
7.500  22.250  1.2982e-02
7.500  22.500  1.2982e-02
7.500  22.750  1.2982e-02
7.500  23.000  1.2982e-02
7.500  23.250  1.2982e-02
7.500  23.500  1.2983e-02
7.500  23.750  1.2982e-02
7.500  24.000  1.2982e-02
7.750  17.000  1.9105e-03
7.750  17.250  3.6077e-03
7.750  17.500  6.6970e-03
7.750  17.750  9.5641e-03
7.750  18.000  1.1220e-02
7.750  18.250  1.2167e-02
7.750  18.500  1.2544e-02
7.750  18.750  1.2730e-02
7.750  19.000  1.2868e-02
7.750  19.250  1.2947e-02
7.750  19.500  1.2967e-02
7.750  19.750  1.2976e-02
7.750  20.000  1.2980e-02
7.750  20.250  1.2981e-02
7.750  20.500  1.2981e-02
7.750  20.750  1.2981e-02
7.750  21.000  1.2981e-02
7.750  21.250  1.2981e-02
7.750  21.500  1.2981e-02
7.750  21.750  1.2981e-02
7.750  22.000  1.2981e-02
7.750  22.250  1.2982e-02
7.750  22.500  1.2982e-02
7.750  22.750  1.2982e-02
7.750  23.000  1.2982e-02
7.750  23.250  1.2982e-02
7.750  23.500  1.2982e-02
7.750  23.750  1.2982e-02
7.750  24.000  1.2982e-02
8.000  17.000  1.0056e-03
8.000  17.250  1.9026e-03
8.000  17.500  3.5917e-03
8.000  17.750  6.6807e-03
8.000  18.000  9.5704e-03
8.000  18.250  1.1231e-02
8.000  18.500  1.2177e-02
8.000  18.750  1.2548e-02
8.000  19.000  1.2732e-02
8.000  19.250  1.2869e-02
8.000  19.500  1.2947e-02
8.000  19.750  1.2967e-02
8.000  20.000  1.2976e-02
8.000  20.250  1.2980e-02
8.000  20.500  1.2981e-02
8.000  20.750  1.2981e-02
8.000  21.000  1.2981e-02
8.000  21.250  1.2981e-02
8.000  21.500  1.2981e-02
8.000  21.750  1.2981e-02
8.000  22.000  1.2981e-02
8.000  22.250  1.2981e-02
8.000  22.500  1.2981e-02
8.000  22.750  1.2981e-02
8.000  23.000  1.2981e-02
8.000  23.250  1.2982e-02
8.000  23.500  1.2982e-02
8.000  23.750  1.2982e-02
8.000  24.000  1.2982e-02
8.250  17.000  5.3226e-04
8.250  17.250  1.0075e-03
8.250  17.500  1.9060e-03
8.250  17.750  3.5942e-03
8.250  18.000  6.6841e-03
8.250  18.250  9.5738e-03
8.250  18.500  1.1242e-02
8.250  18.750  1.2188e-02
8.250  19.000  1.2553e-02
8.250  19.250  1.2734e-02
8.250  19.500  1.2869e-02
8.250  19.750  1.2947e-02
8.250  20.000  1.2967e-02
8.250  20.250  1.2976e-02
8.250  20.500  1.2980e-02
8.250  20.750  1.2981e-02
8.250  21.000  1.2981e-02
8.250  21.250  1.2981e-02
8.250  21.500  1.2981e-02
8.250  21.750  1.2981e-02
8.250  22.000  1.2981e-02
8.250  22.250  1.2981e-02
8.250  22.500  1.2981e-02
8.250  22.750  1.2982e-02
8.250  23.000  1.2981e-02
8.250  23.250  1.2982e-02
8.250  23.500  1.2982e-02
8.250  23.750  1.2981e-02
8.250  24.000  1.2982e-02
8.500  17.000  2.8189e-04
8.500  17.250  5.3292e-04
8.500  17.500  1.0086e-03
8.500  17.750  1.9062e-03
8.500  18.000  3.5967e-03
8.500  18.250  6.6792e-03
8.500  18.500  9.5747e-03
8.500  18.750  1.1253e-02
8.500  19.000  1.2200e-02
8.500  19.250  1.2558e-02
8.500  19.500  1.2736e-02
8.500  19.750  1.2870e-02
8.500  20.000  1.2947e-02
8.500  20.250  1.2967e-02
8.500  20.500  1.2976e-02
8.500  20.750  1.2980e-02
8.500  21.000  1.2981e-02
8.500  21.250  1.2981e-02
8.500  21.500  1.2981e-02
8.500  21.750  1.2981e-02
8.500  22.000  1.2981e-02
8.500  22.250  1.2981e-02
8.500  22.500  1.2981e-02
8.500  22.750  1.2981e-02
8.500  23.000  1.2981e-02
8.500  23.250  1.2981e-02
8.500  23.500  1.2981e-02
8.500  23.750  1.2981e-02
8.500  24.000  1.2981e-02
8.750  17.000  1.4955e-04
8.750  17.250  2.8206e-04
8.750  17.500  5.3333e-04
8.750  17.750  1.0091e-03
8.750  18.000  1.9095e-03
8.750  18.250  3.6002e-03
8.750  18.500  6.6730e-03
8.750  18.750  9.5741e-03
8.750  19.000  1.1265e-02
8.750  19.250  1.2213e-02
8.750  19.500  1.2564e-02
8.750  19.750  1.2738e-02
8.750  20.000  1.2871e-02
8.750  20.250  1.2947e-02
8.750  20.500  1.2967e-02
8.750  20.750  1.2976e-02
8.750  21.000  1.2980e-02
8.750  21.250  1.2981e-02
8.750  21.500  1.2981e-02
8.750  21.750  1.2981e-02
8.750  22.000  1.2981e-02
8.750  22.250  1.2981e-02
8.750  22.500  1.2981e-02
8.750  22.750  1.2981e-02
8.750  23.000  1.2981e-02
8.750  23.250  1.2981e-02
8.750  23.500  1.2982e-02
8.750  23.750  1.2981e-02
8.750  24.000  1.2981e-02
9.000  17.000  7.9342e-05
9.000  17.250  1.4988e-04
9.000  17.500  2.8255e-04
9.000  17.750  5.3465e-04
9.000  18.000  1.0127e-03
9.000  18.250  1.9156e-03
9.000  18.500  3.6129e-03
9.000  18.750  6.6697e-03
9.000  19.000  9.5728e-03
9.000  19.250  1.1275e-02
9.000  19.500  1.2227e-02
9.000  19.750  1.2570e-02
9.000  20.000  1.2741e-02
9.000  20.250  1.2872e-02
9.000  20.500  1.2947e-02
9.000  20.750  1.2967e-02
9.000  21.000  1.2976e-02
9.000  21.250  1.2980e-02
9.000  21.500  1.2981e-02
9.000  21.750  1.2981e-02
9.000  22.000  1.2981e-02
9.000  22.250  1.2981e-02
9.000  22.500  1.2981e-02
9.000  22.750  1.2981e-02
9.000  23.000  1.2981e-02
9.000  23.250  1.2981e-02
9.000  23.500  1.2981e-02
9.000  23.750  1.2981e-02
9.000  24.000  1.2981e-02
9.250  17.000  4.1564e-05
9.250  17.250  7.9588e-05
9.250  17.500  1.5070e-04
9.250  17.750  2.8469e-04
9.250  18.000  5.3918e-04
9.250  18.250  1.0219e-03
9.250  18.500  1.9365e-03
9.250  18.750  3.6542e-03
9.250  19.000  6.6819e-03
9.250  19.250  9.5729e-03
9.250  19.500  1.1284e-02
9.250  19.750  1.2240e-02
9.250  20.000  1.2576e-02
9.250  20.250  1.2744e-02
9.250  20.500  1.2873e-02
9.250  20.750  1.2948e-02
9.250  21.000  1.2967e-02
9.250  21.250  1.2976e-02
9.250  21.500  1.2979e-02
9.250  21.750  1.2980e-02
9.250  22.000  1.2980e-02
9.250  22.250  1.2980e-02
9.250  22.500  1.2981e-02
9.250  22.750  1.2981e-02
9.250  23.000  1.2981e-02
9.250  23.250  1.2981e-02
9.250  23.500  1.2981e-02
9.250  23.750  1.2981e-02
9.250  24.000  1.2981e-02
9.500  17.000  2.1235e-05
9.500  17.250  4.1811e-05
9.500  17.500  8.0576e-05
9.500  17.750  1.5300e-04
9.500  18.000  2.8914e-04
9.500  18.250  5.4749e-04
9.500  18.500  1.0398e-03
9.500  18.750  1.9848e-03
9.500  19.000  3.7407e-03
9.500  19.250  6.7314e-03
9.500  19.500  9.5821e-03
9.500  19.750  1.1292e-02
9.500  20.000  1.2251e-02
9.500  20.250  1.2582e-02
9.500  20.500  1.2747e-02
9.500  20.750  1.2872e-02
9.500  21.000  1.2946e-02
9.500  21.250  1.2966e-02
9.500  21.500  1.2975e-02
9.500  21.750  1.2978e-02
9.500  22.000  1.2979e-02
9.500  22.250  1.2979e-02
9.500  22.500  1.2979e-02
9.500  22.750  1.2979e-02
9.500  23.000  1.2979e-02
9.500  23.250  1.2979e-02
9.500  23.500  1.2979e-02
9.500  23.750  1.2979e-02
9.500  24.000  1.2979e-02
9.750  17.000  1.0535e-05
9.750  17.250  2.1481e-05
9.750  17.500  4.2634e-05
9.750  17.750  8.2634e-05
9.750  18.000  1.5671e-04
9.750  18.250  2.9613e-04
9.750  18.500  5.6329e-04
9.750  18.750  1.0805e-03
9.750  19.000  2.0919e-03
9.750  19.250  3.9318e-03
9.750  19.500  6.8663e-03
9.750  19.750  9.6107e-03
9.750  20.000  1.1300e-02
9.750  20.250  1.2262e-02
9.750  20.500  1.2587e-02
9.750  20.750  1.2749e-02
9.750  21.000  1.2874e-02
9.750  21.250  1.2947e-02
9.750  21.500  1.2966e-02
9.750  21.750  1.2975e-02
9.750  22.000  1.2978e-02
9.750  22.250  1.2979e-02
9.750  22.500  1.2979e-02
9.750  22.750  1.2979e-02
9.750  23.000  1.2979e-02
9.750  23.250  1.2979e-02
9.750  23.500  1.2979e-02
9.750  23.750  1.2979e-02
9.750  24.000  1.2979e-02
10.000  17.000  4.6914e-06
10.000  17.250  1.0617e-05
10.000  17.500  2.2058e-05
10.000  17.750  4.4033e-05
10.000  18.000  8.5514e-05
10.000  18.250  1.6239e-04
10.000  18.500  3.0889e-04
10.000  18.750  5.9531e-04
10.000  19.000  1.1613e-03
10.000  19.250  2.2626e-03
10.000  19.500  4.2261e-03
10.000  19.750  7.0774e-03
10.000  20.000  9.6789e-03
10.000  20.250  1.1313e-02
10.000  20.500  1.2272e-02
10.000  20.750  1.2594e-02
10.000  21.000  1.2752e-02
10.000  21.250  1.2876e-02
10.000  21.500  1.2948e-02
10.000  21.750  1.2966e-02
10.000  22.000  1.2975e-02
10.000  22.250  1.2979e-02
10.000  22.500  1.2979e-02
10.000  22.750  1.2979e-02
10.000  23.000  1.2979e-02
10.000  23.250  1.2979e-02
10.000  23.500  1.2979e-02
10.000  23.750  1.2979e-02
10.000  24.000  1.2979e-02
10.250  17.000  2.2222e-06
10.250  17.250  4.7737e-06
10.250  17.500  1.1029e-05
10.250  17.750  2.2963e-05
10.250  18.000  4.6008e-05
10.250  18.250  8.9877e-05
10.250  18.500  1.7251e-04
10.250  18.750  3.3399e-04
10.250  19.000  6.5193e-04
10.250  19.250  1.2818e-03
10.250  19.500  2.4628e-03
10.250  19.750  4.5691e-03
10.250  20.000  7.4064e-03
10.250  20.250  9.8378e-03
10.250  20.500  1.1341e-02
10.250  20.750  1.2281e-02
10.250  21.000  1.2599e-02
10.250  21.250  1.2755e-02
10.250  21.500  1.2878e-02
10.250  21.750  1.2949e-02
10.250  22.000  1.2967e-02
10.250  22.250  1.2975e-02
10.250  22.500  1.2979e-02
10.250  22.750  1.2979e-02
10.250  23.000  1.2979e-02
10.250  23.250  1.2979e-02
10.250  23.500  1.2979e-02
10.250  23.750  1.2979e-02
10.250  24.000  1.2979e-02
10.500  17.000  1.1523e-06
10.500  17.250  2.3045e-06
10.500  17.500  5.0206e-06
10.500  17.750  1.1523e-05
10.500  18.000  2.4198e-05
10.500  18.250  4.9053e-05
10.500  18.500  9.7119e-05
10.500  18.750  1.8971e-04
10.500  19.000  3.7037e-04
10.500  19.250  7.2650e-04
10.500  19.500  1.4280e-03
10.500  19.750  2.7105e-03
10.500  20.000  4.9162e-03
10.500  20.250  7.7392e-03
10.500  20.500  1.0019e-02
10.500  20.750  1.1400e-02
10.500  21.000  1.2293e-02
10.500  21.250  1.2605e-02
10.500  21.500  1.2758e-02
10.500  21.750  1.2880e-02
10.500  22.000  1.2950e-02
10.500  22.250  1.2967e-02
10.500  22.500  1.2975e-02
10.500  22.750  1.2979e-02
10.500  23.000  1.2979e-02
10.500  23.250  1.2979e-02
10.500  23.500  1.2979e-02
10.500  23.750  1.2979e-02
10.500  24.000  1.2979e-02
10.750  17.000  1.0000e-07
10.750  17.250  1.1523e-06
10.750  17.500  2.3868e-06
10.750  17.750  5.5144e-06
10.750  18.000  1.2428e-05
10.750  18.250  2.6502e-05
10.750  18.500  5.4156e-05
10.750  18.750  1.0782e-04
10.750  19.000  2.1152e-04
10.750  19.250  4.1391e-04
10.750  19.500  8.1243e-04
10.750  19.750  1.5914e-03
10.750  20.000  3.0052e-03
10.750  20.250  5.2386e-03
10.750  20.500  8.0556e-03
10.750  20.750  1.0251e-02
10.750  21.000  1.1494e-02
10.750  21.250  1.2310e-02
10.750  21.500  1.2613e-02
10.750  21.750  1.2762e-02
10.750  22.000  1.2882e-02
10.750  22.250  1.2950e-02
10.750  22.500  1.2968e-02
10.750  22.750  1.2976e-02
10.750  23.000  1.2979e-02
10.750  23.250  1.2980e-02
10.750  23.500  1.2980e-02
10.750  23.750  1.2979e-02
10.750  24.000  1.2979e-02
11.000  17.000  1.0000e-07
11.000  17.250  1.0000e-07
11.000  17.500  1.1523e-06
11.000  17.750  2.6337e-06
11.000  18.000  6.0905e-06
11.000  18.250  1.3663e-05
11.000  18.500  2.9465e-05
11.000  18.750  6.0494e-05
11.000  19.000  1.2033e-04
11.000  19.250  2.3597e-04
11.000  19.500  4.6189e-04
11.000  19.750  9.0708e-04
11.000  20.000  1.7664e-03
11.000  20.250  3.2897e-03
11.000  20.500  5.6609e-03
11.000  20.750  8.4084e-03
11.000  21.000  1.0527e-02
11.000  21.250  1.1607e-02
11.000  21.500  1.2336e-02
11.000  21.750  1.2622e-02
11.000  22.000  1.2767e-02
11.000  22.250  1.2884e-02
11.000  22.500  1.2951e-02
11.000  22.750  1.2968e-02
11.000  23.000  1.2976e-02
11.000  23.250  1.2979e-02
11.000  23.500  1.2980e-02
11.000  23.750  1.2980e-02
11.000  24.000  1.2980e-02
11.250  17.000  1.0000e-07
11.250  17.250  1.0000e-07
11.250  17.500  1.0000e-07
11.250  17.750  1.3169e-06
11.250  18.000  2.8807e-06
11.250  18.250  6.6667e-06
11.250  18.500  1.5226e-05
11.250  18.750  3.2922e-05
11.250  19.000  6.7243e-05
11.250  19.250  1.3383e-04
11.250  19.500  2.6239e-04
11.250  19.750  5.1399e-04
11.250  20.000  1.0091e-03
11.250  20.250  1.9499e-03
11.250  20.500  3.6171e-03
11.250  20.750  6.0595e-03
11.250  21.000  8.7889e-03
11.250  21.250  1.0762e-02
11.250  21.500  1.1735e-02
11.250  21.750  1.2372e-02
11.250  22.000  1.2635e-02
11.250  22.250  1.2774e-02
11.250  22.500  1.2887e-02
11.250  22.750  1.2952e-02
11.250  23.000  1.2969e-02
11.250  23.250  1.2977e-02
11.250  23.500  1.2979e-02
11.250  23.750  1.2980e-02
11.250  24.000  1.2980e-02
11.500  17.000  1.0000e-07
11.500  17.250  1.0000e-07
11.500  17.500  1.0000e-07
11.500  17.750  1.0000e-07
11.500  18.000  1.3992e-06
11.500  18.250  3.1276e-06
11.500  18.500  7.4074e-06
11.500  18.750  1.6955e-05
11.500  19.000  3.6626e-05
11.500  19.250  7.4568e-05
11.500  19.500  1.4782e-04
11.500  19.750  2.9095e-04
11.500  20.000  5.7037e-04
11.500  20.250  1.1160e-03
11.500  20.500  2.1455e-03
11.500  20.750  3.9674e-03
11.500  21.000  6.5174e-03
11.500  21.250  9.2567e-03
11.500  21.500  1.0989e-02
11.500  21.750  1.1856e-02
11.500  22.000  1.2413e-02
11.500  22.250  1.2653e-02
11.500  22.500  1.2784e-02
11.500  22.750  1.2892e-02
11.500  23.000  1.2954e-02
11.500  23.250  1.2970e-02
11.500  23.500  1.2977e-02
11.500  23.750  1.2980e-02
11.500  24.000  1.2980e-02
11.750  17.000  1.0000e-07
11.750  17.250  1.0000e-07
11.750  17.500  1.0000e-07
11.750  17.750  1.0000e-07
11.750  18.000  1.0000e-07
11.750  18.250  1.4815e-06
11.750  18.500  3.4568e-06
11.750  18.750  8.2305e-06
11.750  19.000  1.8848e-05
11.750  19.250  4.0494e-05
11.750  19.500  8.2058e-05
11.750  19.750  1.6263e-04
11.750  20.000  3.2041e-04
11.750  20.250  6.2881e-04
11.750  20.500  1.2288e-03
11.750  20.750  2.3575e-03
11.750  21.000  4.3709e-03
11.750  21.250  7.1099e-03
11.750  21.500  9.8492e-03
11.750  21.750  1.1214e-02
11.750  22.000  1.1979e-02
11.750  22.250  1.2456e-02
11.750  22.500  1.2674e-02
11.750  22.750  1.2797e-02
11.750  23.000  1.2898e-02
11.750  23.250  1.2956e-02
11.750  23.500  1.2971e-02
11.750  23.750  1.2977e-02
11.750  24.000  1.2980e-02
12.000  17.000  1.0000e-07
12.000  17.250  1.0000e-07
12.000  17.500  1.0000e-07
12.000  17.750  1.0000e-07
12.000  18.000  1.0000e-07
12.000  18.250  1.0000e-07
12.000  18.500  1.6461e-06
12.000  18.750  3.8683e-06
12.000  19.000  9.3004e-06
12.000  19.250  2.1152e-05
12.000  19.500  4.4856e-05
12.000  19.750  9.0041e-05
12.000  20.000  1.7794e-04
12.000  20.250  3.5086e-04
12.000  20.500  6.8905e-04
12.000  20.750  1.3481e-03
12.000  21.000  2.6195e-03
12.000  21.250  4.9127e-03
12.000  21.500  7.8458e-03
12.000  21.750  1.0402e-02
12.000  22.000  1.1383e-02
12.000  22.250  1.2069e-02
12.000  22.500  1.2495e-02
12.000  22.750  1.2694e-02
12.000  23.000  1.2812e-02
12.000  23.250  1.2906e-02
12.000  23.500  1.2958e-02
12.000  23.750  1.2972e-02
12.000  24.000  1.2978e-02
12.250  17.000  1.0000e-07
12.250  17.250  1.0000e-07
12.250  17.500  1.0000e-07
12.250  17.750  1.0000e-07
12.250  18.000  1.0000e-07
12.250  18.250  1.0000e-07
12.250  18.500  8.2305e-07
12.250  18.750  1.8930e-06
12.250  19.000  4.4444e-06
12.250  19.250  1.0617e-05
12.250  19.500  2.3704e-05
12.250  19.750  4.9465e-05
12.250  20.000  9.8519e-05
12.250  20.250  1.9391e-04
12.250  20.500  3.8255e-04
12.250  20.750  7.5490e-04
12.250  21.000  1.5005e-03
12.250  21.250  2.9910e-03
12.250  21.500  5.5668e-03
12.250  21.750  8.6054e-03
12.250  22.000  1.0704e-02
12.250  22.250  1.1530e-02
12.250  22.500  1.2150e-02
12.250  22.750  1.2527e-02
12.250  23.000  1.2714e-02
12.250  23.250  1.2826e-02
12.250  23.500  1.2914e-02
12.250  23.750  1.2961e-02
12.250  24.000  1.2973e-02
12.500  17.000  1.0000e-07
12.500  17.250  1.0000e-07
12.500  17.500  1.0000e-07
12.500  17.750  1.0000e-07
12.500  18.000  1.0000e-07
12.500  18.250  1.0000e-07
12.500  18.500  1.0000e-07
12.500  18.750  9.8765e-07
12.500  19.000  2.1399e-06
12.500  19.250  5.1852e-06
12.500  19.500  1.2099e-05
12.500  19.750  2.6337e-05
12.500  20.000  5.4156e-05
12.500  20.250  1.0700e-04
12.500  20.500  2.1053e-04
12.500  20.750  4.1877e-04
12.500  21.000  8.4708e-04
12.500  21.250  1.7193e-03
12.500  21.500  3.4320e-03
12.500  21.750  6.2466e-03
12.500  22.000  9.2993e-03
12.500  22.250  1.0877e-02
12.500  22.500  1.1646e-02
12.500  22.750  1.2219e-02
12.500  23.000  1.2552e-02
12.500  23.250  1.2729e-02
12.500  23.500  1.2838e-02
12.500  23.750  1.2921e-02
12.500  24.000  1.2964e-02
12.750  17.000  1.0000e-07
12.750  17.250  1.0000e-07
12.750  17.500  1.0000e-07
12.750  17.750  1.0000e-07
12.750  18.000  1.0000e-07
12.750  18.250  1.0000e-07
12.750  18.500  1.0000e-07
12.750  18.750  1.0000e-07
12.750  19.000  1.1523e-06
12.750  19.250  2.5514e-06
12.750  19.500  5.9259e-06
12.750  19.750  1.3416e-05
12.750  20.000  2.8642e-05
12.750  20.250  5.8683e-05
12.750  20.500  1.1514e-04
12.750  20.750  2.2938e-04
12.750  21.000  4.6527e-04
12.750  21.250  9.7045e-04
12.750  21.500  1.9509e-03
12.750  21.750  3.8884e-03
12.750  22.000  6.9191e-03
12.750  22.250  9.8042e-03
12.750  22.500  1.1026e-02
12.750  22.750  1.1743e-02
12.750  23.000  1.2265e-02
12.750  23.250  1.2571e-02
12.750  23.500  1.2742e-02
12.750  23.750  1.2847e-02
12.750  24.000  1.2928e-02
13.000  17.000  1.0000e-07
13.000  17.250  1.0000e-07
13.000  17.500  1.0000e-07
13.000  17.750  1.0000e-07
13.000  18.000  1.0000e-07
13.000  18.250  1.0000e-07
13.000  18.500  1.0000e-07
13.000  18.750  1.0000e-07
13.000  19.000  1.0000e-07
13.000  19.250  1.3169e-06
13.000  19.500  2.8807e-06
13.000  19.750  6.5844e-06
13.000  20.000  1.4486e-05
13.000  20.250  3.0453e-05
13.000  20.500  6.2469e-05
13.000  20.750  1.2420e-04
13.000  21.000  2.5292e-04
13.000  21.250  5.2477e-04
13.000  21.500  1.0838e-03
13.000  21.750  2.1978e-03
13.000  22.000  4.4025e-03
13.000  22.250  7.4583e-03
13.000  22.500  1.0100e-02
13.000  22.750  1.1146e-02
13.000  23.000  1.1815e-02
13.000  23.250  1.2289e-02
13.000  23.500  1.2586e-02
13.000  23.750  1.2751e-02
13.000  24.000  1.2855e-02
13.250  17.000  1.0000e-07
13.250  17.250  1.0000e-07
13.250  17.500  1.0000e-07
13.250  17.750  1.0000e-07
13.250  18.000  1.0000e-07
13.250  18.250  1.0000e-07
13.250  18.500  1.0000e-07
13.250  18.750  1.0000e-07
13.250  19.000  1.0000e-07
13.250  19.250  1.0000e-07
13.250  19.500  1.5638e-06
13.250  19.750  3.2099e-06
13.250  20.000  7.0782e-06
13.250  20.250  1.5062e-05
13.250  20.500  3.1605e-05
13.250  20.750  6.4938e-05
13.250  21.000  1.3358e-04
13.250  21.250  2.7177e-04
13.250  21.500  5.6181e-04
13.250  21.750  1.1411e-03
13.250  22.000  2.3831e-03
13.250  22.250  4.6200e-03
13.250  22.500  7.7936e-03
13.250  22.750  1.0262e-02
13.250  23.000  1.1241e-02
13.250  23.250  1.1866e-02
13.250  23.500  1.2316e-02
13.250  23.750  1.2597e-02
13.250  24.000  1.2758e-02
13.500  17.000  1.0000e-07
13.500  17.250  1.0000e-07
13.500  17.500  1.0000e-07
13.500  17.750  1.0000e-07
13.500  18.000  1.0000e-07
13.500  18.250  1.0000e-07
13.500  18.500  1.0000e-07
13.500  18.750  1.0000e-07
13.500  19.000  1.0000e-07
13.500  19.250  1.0000e-07
13.500  19.500  9.0535e-07
13.500  19.750  1.7284e-06
13.500  20.000  3.5391e-06
13.500  20.250  7.4897e-06
13.500  20.500  1.5638e-05
13.500  20.750  3.2099e-05
13.500  21.000  6.5021e-05
13.500  21.250  1.3391e-04
13.500  21.500  2.6724e-04
13.500  21.750  5.5284e-04
13.500  22.000  1.1379e-03
13.500  22.250  2.3974e-03
13.500  22.500  4.7245e-03
13.500  22.750  7.9495e-03
13.500  23.000  1.0371e-02
13.500  23.250  1.1313e-02
13.500  23.500  1.1909e-02
13.500  23.750  1.2341e-02
13.500  24.000  1.2606e-02
13.750  17.000  1.0000e-07
13.750  17.250  1.0000e-07
13.750  17.500  1.0000e-07
13.750  17.750  1.0000e-07
13.750  18.000  1.0000e-07
13.750  18.250  1.0000e-07
13.750  18.500  1.0000e-07
13.750  18.750  1.0000e-07
13.750  19.000  1.0000e-07
13.750  19.250  1.0000e-07
13.750  19.500  1.0000e-07
13.750  19.750  9.8765e-07
13.750  20.000  1.8930e-06
13.750  20.250  3.8683e-06
13.750  20.500  7.9012e-06
13.750  20.750  1.6214e-05
13.750  21.000  3.2593e-05
13.750  21.250  6.4527e-05
13.750  21.500  1.2881e-04
13.750  21.750  2.5860e-04
13.750  22.000  5.3078e-04
13.750  22.250  1.1194e-03
13.750  22.500  2.4029e-03
13.750  22.750  4.7819e-03
13.750  23.000  8.0442e-03
13.750  23.250  1.0499e-02
13.750  23.500  1.1382e-02
13.750  23.750  1.1952e-02
13.750  24.000  1.2364e-02
14.000  17.000  1.0000e-07
14.000  17.250  1.0000e-07
14.000  17.500  1.0000e-07
14.000  17.750  1.0000e-07
14.000  18.000  1.0000e-07
14.000  18.250  1.0000e-07
14.000  18.500  1.0000e-07
14.000  18.750  1.0000e-07
14.000  19.000  1.0000e-07
14.000  19.250  1.0000e-07
14.000  19.500  1.0000e-07
14.000  19.750  1.0000e-07
14.000  20.000  1.0700e-06
14.000  20.250  2.1399e-06
14.000  20.500  4.1975e-06
14.000  20.750  8.3951e-06
14.000  21.000  1.6790e-05
14.000  21.250  3.3333e-05
14.000  21.500  6.4856e-05
14.000  21.750  1.2733e-04
14.000  22.000  2.5424e-04
14.000  22.250  5.2765e-04
14.000  22.500  1.1375e-03
14.000  22.750  2.4758e-03
14.000  23.000  5.0572e-03
14.000  23.250  8.2821e-03
14.000  23.500  1.0669e-02
14.000  23.750  1.1454e-02
14.000  24.000  1.1999e-02
