nFnu 1.30000m  relative to Inci 1215.00A scaled to 1215A.
Hden   Phi(H)  Eq_Width (A)
7.000  17.000  1.3497e-02
7.000  17.250  7.4569e-03
7.000  17.500  4.3497e-03
7.000  17.750  2.7805e-03
7.000  18.000  2.0251e-03
7.000  18.250  1.6138e-03
7.000  18.500  1.3826e-03
7.000  18.750  1.2844e-03
7.000  19.000  1.2344e-03
7.000  19.250  1.2072e-03
7.000  19.500  1.1966e-03
7.000  19.750  1.1925e-03
7.000  20.000  1.1908e-03
7.000  20.250  1.1900e-03
7.000  20.500  1.1895e-03
7.000  20.750  1.1894e-03
7.000  21.000  1.1892e-03
7.000  21.250  1.1892e-03
7.000  21.500  1.1891e-03
7.000  21.750  1.1891e-03
7.000  22.000  1.1891e-03
7.000  22.250  1.1891e-03
7.000  22.500  1.1891e-03
7.000  22.750  1.1892e-03
7.000  23.000  1.1892e-03
7.000  23.250  1.1891e-03
7.000  23.500  1.1892e-03
7.000  23.750  1.1892e-03
7.000  24.000  1.1893e-03
7.250  17.000  2.3433e-02
7.250  17.250  1.3479e-02
7.250  17.500  7.4502e-03
7.250  17.750  4.3457e-03
7.250  18.000  2.7792e-03
7.250  18.250  2.0248e-03
7.250  18.500  1.6137e-03
7.250  18.750  1.3826e-03
7.250  19.000  1.2844e-03
7.250  19.250  1.2344e-03
7.250  19.500  1.2072e-03
7.250  19.750  1.1966e-03
7.250  20.000  1.1925e-03
7.250  20.250  1.1908e-03
7.250  20.500  1.1900e-03
7.250  20.750  1.1895e-03
7.250  21.000  1.1894e-03
7.250  21.250  1.1892e-03
7.250  21.500  1.1892e-03
7.250  21.750  1.1891e-03
7.250  22.000  1.1891e-03
7.250  22.250  1.1891e-03
7.250  22.500  1.1891e-03
7.250  22.750  1.1891e-03
7.250  23.000  1.1891e-03
7.250  23.250  1.1891e-03
7.250  23.500  1.1891e-03
7.250  23.750  1.1891e-03
7.250  24.000  1.1891e-03
7.500  17.000  3.8110e-02
7.500  17.250  2.3379e-02
7.500  17.500  1.3466e-02
7.500  17.750  7.4448e-03
7.500  18.000  4.3412e-03
7.500  18.250  2.7775e-03
7.500  18.500  2.0244e-03
7.500  18.750  1.6137e-03
7.500  19.000  1.3826e-03
7.500  19.250  1.2844e-03
7.500  19.500  1.2344e-03
7.500  19.750  1.2072e-03
7.500  20.000  1.1966e-03
7.500  20.250  1.1925e-03
7.500  20.500  1.1908e-03
7.500  20.750  1.1900e-03
7.500  21.000  1.1896e-03
7.500  21.250  1.1894e-03
7.500  21.500  1.1892e-03
7.500  21.750  1.1891e-03
7.500  22.000  1.1891e-03
7.500  22.250  1.1891e-03
7.500  22.500  1.1891e-03
7.500  22.750  1.1891e-03
7.500  23.000  1.1891e-03
7.500  23.250  1.1891e-03
7.500  23.500  1.1892e-03
7.500  23.750  1.1891e-03
7.500  24.000  1.1891e-03
7.750  17.000  4.3080e-02
7.750  17.250  3.8150e-02
7.750  17.500  2.3337e-02
7.750  17.750  1.3458e-02
7.750  18.000  7.4403e-03
7.750  18.250  4.3364e-03
7.750  18.500  2.7755e-03
7.750  18.750  2.0239e-03
7.750  19.000  1.6137e-03
7.750  19.250  1.3826e-03
7.750  19.500  1.2844e-03
7.750  19.750  1.2344e-03
7.750  20.000  1.2072e-03
7.750  20.250  1.1966e-03
7.750  20.500  1.1925e-03
7.750  20.750  1.1908e-03
7.750  21.000  1.1900e-03
7.750  21.250  1.1895e-03
7.750  21.500  1.1894e-03
7.750  21.750  1.1892e-03
7.750  22.000  1.1891e-03
7.750  22.250  1.1891e-03
7.750  22.500  1.1891e-03
7.750  22.750  1.1891e-03
7.750  23.000  1.1891e-03
7.750  23.250  1.1891e-03
7.750  23.500  1.1891e-03
7.750  23.750  1.1891e-03
7.750  24.000  1.1891e-03
8.000  17.000  4.6088e-02
8.000  17.250  4.2747e-02
8.000  17.500  3.7779e-02
8.000  17.750  2.3291e-02
8.000  18.000  1.3451e-02
8.000  18.250  7.4367e-03
8.000  18.500  4.3309e-03
8.000  18.750  2.7731e-03
8.000  19.000  2.0232e-03
8.000  19.250  1.6135e-03
8.000  19.500  1.3825e-03
8.000  19.750  1.2844e-03
8.000  20.000  1.2344e-03
8.000  20.250  1.2072e-03
8.000  20.500  1.1966e-03
8.000  20.750  1.1925e-03
8.000  21.000  1.1908e-03
8.000  21.250  1.1900e-03
8.000  21.500  1.1895e-03
8.000  21.750  1.1894e-03
8.000  22.000  1.1892e-03
8.000  22.250  1.1891e-03
8.000  22.500  1.1891e-03
8.000  22.750  1.1891e-03
8.000  23.000  1.1891e-03
8.000  23.250  1.1891e-03
8.000  23.500  1.1891e-03
8.000  23.750  1.1891e-03
8.000  24.000  1.1891e-03
8.250  17.000  4.8652e-02
8.250  17.250  4.6541e-02
8.250  17.500  4.2980e-02
8.250  17.750  3.7798e-02
8.250  18.000  2.3272e-02
8.250  18.250  1.3450e-02
8.250  18.500  7.4335e-03
8.250  18.750  4.3251e-03
8.250  19.000  2.7703e-03
8.250  19.250  2.0224e-03
8.250  19.500  1.6134e-03
8.250  19.750  1.3825e-03
8.250  20.000  1.2844e-03
8.250  20.250  1.2344e-03
8.250  20.500  1.2072e-03
8.250  20.750  1.1966e-03
8.250  21.000  1.1925e-03
8.250  21.250  1.1908e-03
8.250  21.500  1.1900e-03
8.250  21.750  1.1895e-03
8.250  22.000  1.1893e-03
8.250  22.250  1.1892e-03
8.250  22.500  1.1891e-03
8.250  22.750  1.1892e-03
8.250  23.000  1.1891e-03
8.250  23.250  1.1891e-03
8.250  23.500  1.1891e-03
8.250  23.750  1.1891e-03
8.250  24.000  1.1891e-03
8.500  17.000  5.0719e-02
8.500  17.250  4.9286e-02
8.500  17.500  4.7126e-02
8.500  17.750  4.3309e-02
8.500  18.000  3.7862e-02
8.500  18.250  2.3261e-02
8.500  18.500  1.3452e-02
8.500  18.750  7.4306e-03
8.500  19.000  4.3184e-03
8.500  19.250  2.7672e-03
8.500  19.500  2.0215e-03
8.500  19.750  1.6133e-03
8.500  20.000  1.3824e-03
8.500  20.250  1.2844e-03
8.500  20.500  1.2344e-03
8.500  20.750  1.2072e-03
8.500  21.000  1.1966e-03
8.500  21.250  1.1925e-03
8.500  21.500  1.1908e-03
8.500  21.750  1.1900e-03
8.500  22.000  1.1895e-03
8.500  22.250  1.1893e-03
8.500  22.500  1.1892e-03
8.500  22.750  1.1891e-03
8.500  23.000  1.1891e-03
8.500  23.250  1.1891e-03
8.500  23.500  1.1891e-03
8.500  23.750  1.1891e-03
8.500  24.000  1.1891e-03
8.750  17.000  5.2345e-02
8.750  17.250  5.1531e-02
8.750  17.500  5.0237e-02
8.750  17.750  4.8124e-02
8.750  18.000  4.4022e-02
8.750  18.250  3.8115e-02
8.750  18.500  2.3254e-02
8.750  18.750  1.3457e-02
8.750  19.000  7.4280e-03
8.750  19.250  4.3114e-03
8.750  19.500  2.7638e-03
8.750  19.750  2.0206e-03
8.750  20.000  1.6131e-03
8.750  20.250  1.3824e-03
8.750  20.500  1.2844e-03
8.750  20.750  1.2344e-03
8.750  21.000  1.2072e-03
8.750  21.250  1.1966e-03
8.750  21.500  1.1925e-03
8.750  21.750  1.1908e-03
8.750  22.000  1.1900e-03
8.750  22.250  1.1895e-03
8.750  22.500  1.1893e-03
8.750  22.750  1.1892e-03
8.750  23.000  1.1891e-03
8.750  23.250  1.1891e-03
8.750  23.500  1.1891e-03
8.750  23.750  1.1891e-03
8.750  24.000  1.1891e-03
9.000  17.000  5.3511e-02
9.000  17.250  5.3360e-02
9.000  17.500  5.2923e-02
9.000  17.750  5.2052e-02
9.000  18.000  5.0012e-02
9.000  18.250  4.5554e-02
9.000  18.500  3.8645e-02
9.000  18.750  2.3247e-02
9.000  19.000  1.3465e-02
9.000  19.250  7.4267e-03
9.000  19.500  4.3043e-03
9.000  19.750  2.7602e-03
9.000  20.000  2.0196e-03
9.000  20.250  1.6129e-03
9.000  20.500  1.3823e-03
9.000  20.750  1.2843e-03
9.000  21.000  1.2344e-03
9.000  21.250  1.2072e-03
9.000  21.500  1.1966e-03
9.000  21.750  1.1925e-03
9.000  22.000  1.1908e-03
9.000  22.250  1.1900e-03
9.000  22.500  1.1895e-03
9.000  22.750  1.1893e-03
9.000  23.000  1.1892e-03
9.000  23.250  1.1891e-03
9.000  23.500  1.1891e-03
9.000  23.750  1.1891e-03
9.000  24.000  1.1891e-03
9.250  17.000  5.4204e-02
9.250  17.250  5.4716e-02
9.250  17.500  5.5299e-02
9.250  17.750  5.5866e-02
9.250  18.000  5.5828e-02
9.250  18.250  5.4011e-02
9.250  18.500  4.8787e-02
9.250  18.750  3.9961e-02
9.250  19.000  2.3237e-02
9.250  19.250  1.3475e-02
9.250  19.500  7.4273e-03
9.250  19.750  4.2980e-03
9.250  20.000  2.7569e-03
9.250  20.250  2.0187e-03
9.250  20.500  1.6128e-03
9.250  20.750  1.3823e-03
9.250  21.000  1.2843e-03
9.250  21.250  1.2344e-03
9.250  21.500  1.2070e-03
9.250  21.750  1.1965e-03
9.250  22.000  1.1923e-03
9.250  22.250  1.1906e-03
9.250  22.500  1.1899e-03
9.250  22.750  1.1895e-03
9.250  23.000  1.1893e-03
9.250  23.250  1.1892e-03
9.250  23.500  1.1891e-03
9.250  23.750  1.1891e-03
9.250  24.000  1.1891e-03
9.500  17.000  5.4601e-02
9.500  17.250  5.5812e-02
9.500  17.500  5.7411e-02
9.500  17.750  5.9621e-02
9.500  18.000  6.2017e-02
9.500  18.250  6.3584e-02
9.500  18.500  6.1811e-02
9.500  18.750  5.5028e-02
9.500  19.000  4.0068e-02
9.500  19.250  2.3220e-02
9.500  19.500  1.3486e-02
9.500  19.750  7.4300e-03
9.500  20.000  4.2933e-03
9.500  20.250  2.7538e-03
9.500  20.500  2.0179e-03
9.500  20.750  1.6126e-03
9.500  21.000  1.3821e-03
9.500  21.250  1.2842e-03
9.500  21.500  1.2342e-03
9.500  21.750  1.2069e-03
9.500  22.000  1.1965e-03
9.500  22.250  1.1923e-03
9.500  22.500  1.1905e-03
9.500  22.750  1.1897e-03
9.500  23.000  1.1893e-03
9.500  23.250  1.1891e-03
9.500  23.500  1.1891e-03
9.500  23.750  1.1890e-03
9.500  24.000  1.1889e-03
9.750  17.000  5.4583e-02
9.750  17.250  5.6498e-02
9.750  17.500  5.9240e-02
9.750  17.750  6.3405e-02
9.750  18.000  6.9208e-02
9.750  18.250  7.4643e-02
9.750  18.500  7.6856e-02
9.750  18.750  7.3055e-02
9.750  19.000  6.3603e-02
9.750  19.250  4.0250e-02
9.750  19.500  2.3204e-02
9.750  19.750  1.3497e-02
9.750  20.000  7.4346e-03
9.750  20.250  4.2907e-03
9.750  20.500  2.7515e-03
9.750  20.750  2.0174e-03
9.750  21.000  1.6124e-03
9.750  21.250  1.3821e-03
9.750  21.500  1.2842e-03
9.750  21.750  1.2342e-03
9.750  22.000  1.2070e-03
9.750  22.250  1.1965e-03
9.750  22.500  1.1923e-03
9.750  22.750  1.1905e-03
9.750  23.000  1.1897e-03
9.750  23.250  1.1894e-03
9.750  23.500  1.1891e-03
9.750  23.750  1.1891e-03
9.750  24.000  1.1890e-03
10.000  17.000  5.4079e-02
10.000  17.250  5.7010e-02
10.000  17.500  6.1108e-02
10.000  17.750  6.7650e-02
10.000  18.000  7.7529e-02
10.000  18.250  8.7204e-02
10.000  18.500  9.3489e-02
10.000  18.750  9.3555e-02
10.000  19.000  8.6856e-02
10.000  19.250  6.8389e-02
10.000  19.500  4.0341e-02
10.000  19.750  2.3148e-02
10.000  20.000  1.3501e-02
10.000  20.250  7.4398e-03
10.000  20.500  4.2895e-03
10.000  20.750  2.7497e-03
10.000  21.000  2.0170e-03
10.000  21.250  1.6123e-03
10.000  21.500  1.3820e-03
10.000  21.750  1.2842e-03
10.000  22.000  1.2342e-03
10.000  22.250  1.2070e-03
10.000  22.500  1.1965e-03
10.000  22.750  1.1923e-03
10.000  23.000  1.1905e-03
10.000  23.250  1.1897e-03
10.000  23.500  1.1894e-03
10.000  23.750  1.1891e-03
10.000  24.000  1.1891e-03
10.250  17.000  5.3823e-02
10.250  17.250  5.7420e-02
10.250  17.500  6.3458e-02
10.250  17.750  7.3158e-02
10.250  18.000  8.7202e-02
10.250  18.250  1.0102e-01
10.250  18.500  1.1097e-01
10.250  18.750  1.1542e-01
10.250  19.000  1.1261e-01
10.250  19.250  1.0202e-01
10.250  19.500  7.1783e-02
10.250  19.750  4.0310e-02
10.250  20.000  2.3106e-02
10.250  20.250  1.3499e-02
10.250  20.500  7.4450e-03
10.250  20.750  4.2900e-03
10.250  21.000  2.7486e-03
10.250  21.250  2.0170e-03
10.250  21.500  1.6123e-03
10.250  21.750  1.3820e-03
10.250  22.000  1.2842e-03
10.250  22.250  1.2342e-03
10.250  22.500  1.2070e-03
10.250  22.750  1.1965e-03
10.250  23.000  1.1923e-03
10.250  23.250  1.1905e-03
10.250  23.500  1.1897e-03
10.250  23.750  1.1894e-03
10.250  24.000  1.1891e-03
10.500  17.000  5.4137e-02
10.500  17.250  5.8654e-02
10.500  17.500  6.6844e-02
10.500  17.750  8.0651e-02
10.500  18.000  9.8691e-02
10.500  18.250  1.1634e-01
10.500  18.500  1.2873e-01
10.500  18.750  1.3614e-01
10.500  19.000  1.3711e-01
10.500  19.250  1.3047e-01
10.500  19.500  1.1375e-01
10.500  19.750  7.1667e-02
10.500  20.000  4.0040e-02
10.500  20.250  2.2967e-02
10.500  20.500  1.3469e-02
10.500  20.750  7.4473e-03
10.500  21.000  4.2916e-03
10.500  21.250  2.7482e-03
10.500  21.500  2.0172e-03
10.500  21.750  1.6123e-03
10.500  22.000  1.3820e-03
10.500  22.250  1.2843e-03
10.500  22.500  1.2343e-03
10.500  22.750  1.2070e-03
10.500  23.000  1.1965e-03
10.500  23.250  1.1923e-03
10.500  23.500  1.1905e-03
10.500  23.750  1.1897e-03
10.500  24.000  1.1894e-03
10.750  17.000  5.5147e-02
10.750  17.250  6.0822e-02
10.750  17.500  7.2199e-02
10.750  17.750  9.0198e-02
10.750  18.000  1.1174e-01
10.750  18.250  1.3144e-01
10.750  18.500  1.4623e-01
10.750  18.750  1.5628e-01
10.750  19.000  1.5981e-01
10.750  19.250  1.5726e-01
10.750  19.500  1.4720e-01
10.750  19.750  1.2543e-01
10.750  20.000  7.1600e-02
10.750  20.250  3.9331e-02
10.750  20.500  2.2702e-02
10.750  20.750  1.3402e-02
10.750  21.000  7.4417e-03
10.750  21.250  4.2937e-03
10.750  21.500  2.7486e-03
10.750  21.750  2.0177e-03
10.750  22.000  1.6123e-03
10.750  22.250  1.3819e-03
10.750  22.500  1.2843e-03
10.750  22.750  1.2343e-03
10.750  23.000  1.2070e-03
10.750  23.250  1.1965e-03
10.750  23.500  1.1923e-03
10.750  23.750  1.1905e-03
10.750  24.000  1.1897e-03
11.000  17.000  5.6947e-02
11.000  17.250  6.3891e-02
11.000  17.500  7.8844e-02
11.000  17.750  1.0108e-01
11.000  18.000  1.2498e-01
11.000  18.250  1.4631e-01
11.000  18.500  1.6346e-01
11.000  18.750  1.7538e-01
11.000  19.000  1.8153e-01
11.000  19.250  1.8219e-01
11.000  19.500  1.7701e-01
11.000  19.750  1.6504e-01
11.000  20.000  1.3476e-01
11.000  20.250  7.0645e-02
11.000  20.500  3.9076e-02
11.000  20.750  2.2439e-02
11.000  21.000  1.3291e-02
11.000  21.250  7.4198e-03
11.000  21.500  4.2958e-03
11.000  21.750  2.7495e-03
11.000  22.000  2.0184e-03
11.000  22.250  1.6124e-03
11.000  22.500  1.3818e-03
11.000  22.750  1.2843e-03
11.000  23.000  1.2344e-03
11.000  23.250  1.2070e-03
11.000  23.500  1.1965e-03
11.000  23.750  1.1923e-03
11.000  24.000  1.1906e-03
11.250  17.000  5.9694e-02
11.250  17.250  6.7539e-02
11.250  17.500  8.5653e-02
11.250  17.750  1.1155e-01
11.250  18.000  1.3781e-01
11.250  18.250  1.6043e-01
11.250  18.500  1.7854e-01
11.250  18.750  1.9304e-01
11.250  19.000  2.0151e-01
11.250  19.250  2.0553e-01
11.250  19.500  2.0400e-01
11.250  19.750  1.9690e-01
11.250  20.000  1.8309e-01
11.250  20.250  1.3606e-01
11.250  20.500  7.0190e-02
11.250  20.750  3.8395e-02
11.250  21.000  2.2159e-02
11.250  21.250  1.3128e-02
11.250  21.500  7.3784e-03
11.250  21.750  4.2950e-03
11.250  22.000  2.7509e-03
11.250  22.250  2.0193e-03
11.250  22.500  1.6126e-03
11.250  22.750  1.3816e-03
11.250  23.000  1.2843e-03
11.250  23.250  1.2344e-03
11.250  23.500  1.2070e-03
11.250  23.750  1.1965e-03
11.250  24.000  1.1923e-03
11.500  17.000  6.3852e-02
11.500  17.250  7.2035e-02
11.500  17.500  9.2008e-02
11.500  17.750  1.2047e-01
11.500  18.000  1.4897e-01
11.500  18.250  1.7284e-01
11.500  18.500  1.9257e-01
11.500  18.750  2.0883e-01
11.500  19.000  2.2016e-01
11.500  19.250  2.2629e-01
11.500  19.500  2.2709e-01
11.500  19.750  2.2398e-01
11.500  20.000  2.1578e-01
11.500  20.250  2.0098e-01
11.500  20.500  1.3678e-01
11.500  20.750  6.9354e-02
11.500  21.000  3.7856e-02
11.500  21.250  2.1986e-02
11.500  21.500  1.2942e-02
11.500  21.750  7.3101e-03
11.500  22.000  4.2890e-03
11.500  22.250  2.7526e-03
11.500  22.500  2.0202e-03
11.500  22.750  1.6128e-03
11.500  23.000  1.3815e-03
11.500  23.250  1.2842e-03
11.500  23.500  1.2344e-03
11.500  23.750  1.2071e-03
11.500  24.000  1.1965e-03
11.750  17.000  6.9922e-02
11.750  17.250  7.7496e-02
11.750  17.500  9.7849e-02
11.750  17.750  1.2746e-01
11.750  18.000  1.5740e-01
11.750  18.250  1.8319e-01
11.750  18.500  2.0499e-01
11.750  18.750  2.2245e-01
11.750  19.000  2.3634e-01
11.750  19.250  2.4459e-01
11.750  19.500  2.4825e-01
11.750  19.750  2.4681e-01
11.750  20.000  2.4216e-01
11.750  20.250  2.3287e-01
11.750  20.500  2.1682e-01
11.750  20.750  1.3662e-01
11.750  21.000  6.8448e-02
11.750  21.250  3.7422e-02
11.750  21.500  2.2139e-02
11.750  21.750  1.2735e-02
11.750  22.000  7.2196e-03
11.750  22.250  4.2755e-03
11.750  22.500  2.7541e-03
11.750  22.750  2.0211e-03
11.750  23.000  1.6129e-03
11.750  23.250  1.3812e-03
11.750  23.500  1.2841e-03
11.750  23.750  1.2344e-03
11.750  24.000  1.2071e-03
12.000  17.000  7.8716e-02
12.000  17.250  8.4368e-02
12.000  17.500  1.0323e-01
12.000  17.750  1.3205e-01
12.000  18.000  1.6275e-01
12.000  18.250  1.9093e-01
12.000  18.500  2.1519e-01
12.000  18.750  2.3531e-01
12.000  19.000  2.5091e-01
12.000  19.250  2.6096e-01
12.000  19.500  2.6625e-01
12.000  19.750  2.6661e-01
12.000  20.000  2.6343e-01
12.000  20.250  2.5706e-01
12.000  20.500  2.4657e-01
12.000  20.750  2.2744e-01
12.000  21.000  1.3508e-01
12.000  21.250  6.7874e-02
12.000  21.500  3.7508e-02
12.000  21.750  2.2434e-02
12.000  22.000  1.2515e-02
12.000  22.250  7.1473e-03
12.000  22.500  4.2531e-03
12.000  22.750  2.7547e-03
12.000  23.000  2.0216e-03
12.000  23.250  1.6130e-03
12.000  23.500  1.3808e-03
12.000  23.750  1.2840e-03
12.000  24.000  1.2343e-03
12.250  17.000  9.1114e-02
12.250  17.250  9.3167e-02
12.250  17.500  1.0843e-01
12.250  17.750  1.3455e-01
12.250  18.000  1.6523e-01
12.250  18.250  1.9576e-01
12.250  18.500  2.2337e-01
12.250  18.750  2.4635e-01
12.250  19.000  2.6356e-01
12.250  19.250  2.7472e-01
12.250  19.500  2.8098e-01
12.250  19.750  2.8293e-01
12.250  20.000  2.8049e-01
12.250  20.250  2.7557e-01
12.250  20.500  2.6827e-01
12.250  20.750  2.5712e-01
12.250  21.000  2.3241e-01
12.250  21.250  1.3230e-01
12.250  21.500  6.7910e-02
12.250  21.750  3.7638e-02
12.250  22.000  2.2297e-02
12.250  22.250  1.2299e-02
12.250  22.500  7.0456e-03
12.250  22.750  4.2222e-03
12.250  23.000  2.7536e-03
12.250  23.250  2.0214e-03
12.250  23.500  1.6127e-03
12.250  23.750  1.3802e-03
12.250  24.000  1.2837e-03
12.500  17.000  1.0648e-01
12.500  17.250  1.0390e-01
12.500  17.500  1.1413e-01
12.500  17.750  1.3615e-01
12.500  18.000  1.6599e-01
12.500  18.250  1.9788e-01
12.500  18.500  2.2842e-01
12.500  18.750  2.5422e-01
12.500  19.000  2.7392e-01
12.500  19.250  2.8617e-01
12.500  19.500  2.9287e-01
12.500  19.750  2.9556e-01
12.500  20.000  2.9446e-01
12.500  20.250  2.9011e-01
12.500  20.500  2.8391e-01
12.500  20.750  2.7582e-01
12.500  21.000  2.6394e-01
12.500  21.250  2.3921e-01
12.500  21.500  1.3051e-01
12.500  21.750  6.7027e-02
12.500  22.000  3.7997e-02
12.500  22.250  2.1770e-02
12.500  22.500  1.2074e-02
12.500  22.750  6.9119e-03
12.500  23.000  4.1828e-03
12.500  23.250  2.7495e-03
12.500  23.500  2.0201e-03
12.500  23.750  1.6118e-03
12.500  24.000  1.3794e-03
12.750  17.000  1.1937e-01
12.750  17.250  1.1437e-01
12.750  17.500  1.2054e-01
12.750  17.750  1.3932e-01
12.750  18.000  1.6670e-01
12.750  18.250  1.9839e-01
12.750  18.500  2.2992e-01
12.750  18.750  2.5850e-01
12.750  19.000  2.8048e-01
12.750  19.250  2.9484e-01
12.750  19.500  3.0172e-01
12.750  19.750  3.0469e-01
12.750  20.000  3.0437e-01
12.750  20.250  3.0185e-01
12.750  20.500  2.9514e-01
12.750  20.750  2.8901e-01
12.750  21.000  2.8057e-01
12.750  21.250  2.6858e-01
12.750  21.500  2.3277e-01
12.750  21.750  1.2585e-01
12.750  22.000  6.6206e-02
12.750  22.250  3.8146e-02
12.750  22.500  2.1238e-02
12.750  22.750  1.1824e-02
12.750  23.000  6.7900e-03
12.750  23.250  4.1363e-03
12.750  23.500  2.7408e-03
12.750  23.750  2.0165e-03
12.750  24.000  1.6099e-03
13.000  17.000  8.0898e-02
13.000  17.250  9.7945e-02
13.000  17.500  1.2929e-01
13.000  17.750  1.4508e-01
13.000  18.000  1.6894e-01
13.000  18.250  1.9863e-01
13.000  18.500  2.3002e-01
13.000  18.750  2.5914e-01
13.000  19.000  2.8295e-01
13.000  19.250  2.9948e-01
13.000  19.500  3.0833e-01
13.000  19.750  3.1139e-01
13.000  20.000  3.1104e-01
13.000  20.250  3.0897e-01
13.000  20.500  3.0516e-01
13.000  20.750  2.9937e-01
13.000  21.000  2.9246e-01
13.000  21.250  2.8430e-01
13.000  21.500  2.7069e-01
13.000  21.750  2.2028e-01
13.000  22.000  1.2047e-01
13.000  22.250  6.4893e-02
13.000  22.500  3.7628e-02
13.000  22.750  2.0640e-02
13.000  23.000  1.1483e-02
13.000  23.250  6.6934e-03
13.000  23.500  4.0802e-03
13.000  23.750  2.7253e-03
13.000  24.000  2.0090e-03
13.250  17.000  7.9249e-02
13.250  17.250  9.4095e-02
13.250  17.500  1.2462e-01
13.250  17.750  1.5085e-01
13.250  18.000  1.7302e-01
13.250  18.250  2.0007e-01
13.250  18.500  2.2994e-01
13.250  18.750  2.5854e-01
13.250  19.000  2.8292e-01
13.250  19.250  3.0039e-01
13.250  19.500  3.1112e-01
13.250  19.750  3.1578e-01
13.250  20.000  3.1632e-01
13.250  20.250  3.1463e-01
13.250  20.500  3.1130e-01
13.250  20.750  3.0660e-01
13.250  21.000  3.0168e-01
13.250  21.250  2.9356e-01
13.250  21.500  2.8498e-01
13.250  21.750  2.6496e-01
13.250  22.000  2.0421e-01
13.250  22.250  1.1318e-01
13.250  22.500  6.3080e-02
13.250  22.750  3.6304e-02
13.250  23.000  1.9968e-02
13.250  23.250  1.1182e-02
13.250  23.500  6.5466e-03
13.250  23.750  4.0171e-03
13.250  24.000  2.7012e-03
13.500  17.000  7.7324e-02
13.500  17.250  9.2162e-02
13.500  17.500  1.1842e-01
13.500  17.750  1.4899e-01
13.500  18.000  1.7981e-01
13.500  18.250  2.0332e-01
13.500  18.500  2.3019e-01
13.500  18.750  2.5768e-01
13.500  19.000  2.8205e-01
13.500  19.250  3.0112e-01
13.500  19.500  3.1272e-01
13.500  19.750  3.1845e-01
13.500  20.000  3.2036e-01
13.500  20.250  3.2017e-01
13.500  20.500  3.1634e-01
13.500  20.750  3.1142e-01
13.500  21.000  3.0551e-01
13.500  21.250  2.9897e-01
13.500  21.500  2.9056e-01
13.500  21.750  2.7840e-01
13.500  22.000  2.5207e-01
13.500  22.250  1.8445e-01
13.500  22.500  1.0411e-01
13.500  22.750  5.9646e-02
13.500  23.000  3.4509e-02
13.500  23.250  1.9245e-02
13.500  23.500  1.0851e-02
13.500  23.750  6.3416e-03
13.500  24.000  3.9400e-03
13.750  17.000  7.5761e-02
13.750  17.250  9.0019e-02
13.750  17.500  1.1465e-01
13.750  17.750  1.4481e-01
13.750  18.000  1.8145e-01
13.750  18.250  2.0790e-01
13.750  18.500  2.3382e-01
13.750  18.750  2.5827e-01
13.750  19.000  2.8154e-01
13.750  19.250  3.0095e-01
13.750  19.500  3.1463e-01
13.750  19.750  3.2207e-01
13.750  20.000  3.2496e-01
13.750  20.250  3.2489e-01
13.750  20.500  3.2269e-01
13.750  20.750  3.1770e-01
13.750  21.000  3.1122e-01
13.750  21.250  3.0313e-01
13.750  21.500  2.9640e-01
13.750  21.750  2.8625e-01
13.750  22.000  2.6923e-01
13.750  22.250  2.3382e-01
13.750  22.500  1.6240e-01
13.750  22.750  9.3702e-02
13.750  23.000  5.4969e-02
13.750  23.250  3.2536e-02
13.750  23.500  1.8359e-02
13.750  23.750  1.0450e-02
13.750  24.000  6.1348e-03
14.000  17.000  7.4091e-02
14.000  17.250  8.7172e-02
14.000  17.500  1.1135e-01
14.000  17.750  1.3905e-01
14.000  18.000  1.7866e-01
14.000  18.250  2.1542e-01
14.000  18.500  2.4105e-01
14.000  18.750  2.6205e-01
14.000  19.000  2.8292e-01
14.000  19.250  3.0209e-01
14.000  19.500  3.1683e-01
14.000  19.750  3.2670e-01
14.000  20.000  3.3106e-01
14.000  20.250  3.3152e-01
14.000  20.500  3.2991e-01
14.000  20.750  3.2577e-01
14.000  21.000  3.1944e-01
14.000  21.250  3.1158e-01
14.000  21.500  3.0434e-01
14.000  21.750  2.9557e-01
14.000  22.000  2.8267e-01
14.000  22.250  2.5666e-01
14.000  22.500  2.0857e-01
14.000  22.750  1.4011e-01
14.000  23.000  8.3723e-02
14.000  23.250  5.0261e-02
14.000  23.500  3.0418e-02
14.000  23.750  1.7320e-02
14.000  24.000  9.9394e-03
