InwD 1143.64A  relative to Inci 1215.00A scaled to 1215A.
Hden   Phi(H)  Eq_Width (A)
7.000  17.000  1.2851e-02
7.000  17.250  9.5650e-03
7.000  17.500  6.5290e-03
7.000  17.750  4.0200e-03
7.000  18.000  2.2930e-03
7.000  18.250  1.2580e-03
7.000  18.500  6.2500e-04
7.000  18.750  3.2000e-04
7.000  19.000  1.5900e-04
7.000  19.250  6.9000e-05
7.000  19.500  3.0000e-05
7.000  19.750  1.4000e-05
7.000  20.000  7.0000e-06
7.000  20.250  3.0000e-06
7.000  20.500  2.0000e-06
7.000  20.750  1.0000e-06
7.000  21.000  1.0000e-06
7.000  21.250  1.0000e-10
7.000  21.500  1.0000e-10
7.000  21.750  1.0000e-10
7.000  22.000  1.0000e-10
7.000  22.250  1.0000e-10
7.000  22.500  1.0000e-10
7.000  22.750  1.0000e-10
7.000  23.000  1.0000e-10
7.000  23.250  1.0000e-10
7.000  23.500  1.0000e-10
7.000  23.750  1.0000e-10
7.000  24.000  1.0000e-10
7.250  17.000  1.3782e-02
7.250  17.250  1.2677e-02
7.250  17.500  9.4730e-03
7.250  17.750  6.4850e-03
7.250  18.000  3.9960e-03
7.250  18.250  2.2800e-03
7.250  18.500  1.2520e-03
7.250  18.750  6.2300e-04
7.250  19.000  3.1900e-04
7.250  19.250  1.5900e-04
7.250  19.500  6.8000e-05
7.250  19.750  3.0000e-05
7.250  20.000  1.5000e-05
7.250  20.250  7.0000e-06
7.250  20.500  3.0000e-06
7.250  20.750  2.0000e-06
7.250  21.000  1.0000e-06
7.250  21.250  1.0000e-10
7.250  21.500  1.0000e-10
7.250  21.750  1.0000e-10
7.250  22.000  1.0000e-10
7.250  22.250  1.0000e-10
7.250  22.500  1.0000e-10
7.250  22.750  1.0000e-10
7.250  23.000  1.0000e-10
7.250  23.250  1.0000e-10
7.250  23.500  1.0000e-10
7.250  23.750  1.0000e-10
7.250  24.000  1.0000e-10
7.500  17.000  1.5131e-02
7.500  17.250  1.3164e-02
7.500  17.500  1.2579e-02
7.500  17.750  9.4210e-03
7.500  18.000  6.4630e-03
7.500  18.250  3.9820e-03
7.500  18.500  2.2720e-03
7.500  18.750  1.2480e-03
7.500  19.000  6.2100e-04
7.500  19.250  3.1900e-04
7.500  19.500  1.5800e-04
7.500  19.750  6.8000e-05
7.500  20.000  3.0000e-05
7.500  20.250  1.5000e-05
7.500  20.500  7.0000e-06
7.500  20.750  3.0000e-06
7.500  21.000  2.0000e-06
7.500  21.250  1.0000e-06
7.500  21.500  1.0000e-10
7.500  21.750  1.0000e-10
7.500  22.000  1.0000e-10
7.500  22.250  1.0000e-10
7.500  22.500  1.0000e-10
7.500  22.750  1.0000e-10
7.500  23.000  1.0000e-10
7.500  23.250  1.0000e-10
7.500  23.500  1.0000e-10
7.500  23.750  1.0000e-10
7.500  24.000  1.0000e-10
7.750  17.000  1.2913e-02
7.750  17.250  1.3721e-02
7.750  17.500  1.2674e-02
7.750  17.750  1.2524e-02
7.750  18.000  9.3950e-03
7.750  18.250  6.4560e-03
7.750  18.500  3.9750e-03
7.750  18.750  2.2670e-03
7.750  19.000  1.2460e-03
7.750  19.250  6.2000e-04
7.750  19.500  3.1800e-04
7.750  19.750  1.5800e-04
7.750  20.000  6.8000e-05
7.750  20.250  3.0000e-05
7.750  20.500  1.5000e-05
7.750  20.750  7.0000e-06
7.750  21.000  3.0000e-06
7.750  21.250  2.0000e-06
7.750  21.500  1.0000e-06
7.750  21.750  1.0000e-10
7.750  22.000  1.0000e-10
7.750  22.250  1.0000e-10
7.750  22.500  1.0000e-10
7.750  22.750  1.0000e-10
7.750  23.000  1.0000e-10
7.750  23.250  1.0000e-10
7.750  23.500  1.0000e-10
7.750  23.750  1.0000e-10
7.750  24.000  1.0000e-10
8.000  17.000  1.0597e-02
8.000  17.250  1.1332e-02
8.000  17.500  1.2458e-02
8.000  17.750  1.2231e-02
8.000  18.000  1.2495e-02
8.000  18.250  9.3820e-03
8.000  18.500  6.4570e-03
8.000  18.750  3.9720e-03
8.000  19.000  2.2640e-03
8.000  19.250  1.2440e-03
8.000  19.500  6.2000e-04
8.000  19.750  3.1800e-04
8.000  20.000  1.5800e-04
8.000  20.250  6.8000e-05
8.000  20.500  3.0000e-05
8.000  20.750  1.5000e-05
8.000  21.000  7.0000e-06
8.000  21.250  3.0000e-06
8.000  21.500  2.0000e-06
8.000  21.750  1.0000e-06
8.000  22.000  1.0000e-10
8.000  22.250  1.0000e-10
8.000  22.500  1.0000e-10
8.000  22.750  1.0000e-10
8.000  23.000  1.0000e-10
8.000  23.250  1.0000e-10
8.000  23.500  1.0000e-10
8.000  23.750  1.0000e-10
8.000  24.000  1.0000e-10
8.250  17.000  8.6520e-03
8.250  17.250  9.3270e-03
8.250  17.500  1.0280e-02
8.250  17.750  1.1676e-02
8.250  18.000  1.1955e-02
8.250  18.250  1.2471e-02
8.250  18.500  9.3780e-03
8.250  18.750  6.4650e-03
8.250  19.000  3.9710e-03
8.250  19.250  2.2620e-03
8.250  19.500  1.2430e-03
8.250  19.750  6.1900e-04
8.250  20.000  3.1800e-04
8.250  20.250  1.5800e-04
8.250  20.500  6.8000e-05
8.250  20.750  3.0000e-05
8.250  21.000  1.5000e-05
8.250  21.250  7.0000e-06
8.250  21.500  3.0000e-06
8.250  21.750  2.0000e-06
8.250  22.000  1.0000e-06
8.250  22.250  1.0000e-10
8.250  22.500  1.0000e-10
8.250  22.750  1.0000e-06
8.250  23.000  1.0000e-10
8.250  23.250  1.0000e-10
8.250  23.500  1.0000e-06
8.250  23.750  1.0000e-10
8.250  24.000  1.0000e-10
8.500  17.000  7.0640e-03
8.500  17.250  7.6410e-03
8.500  17.500  8.4960e-03
8.500  17.750  9.6250e-03
8.500  18.000  1.1172e-02
8.500  18.250  1.1749e-02
8.500  18.500  1.2448e-02
8.500  18.750  9.3800e-03
8.500  19.000  6.4760e-03
8.500  19.250  3.9730e-03
8.500  19.500  2.2610e-03
8.500  19.750  1.2430e-03
8.500  20.000  6.1900e-04
8.500  20.250  3.1800e-04
8.500  20.500  1.5800e-04
8.500  20.750  6.8000e-05
8.500  21.000  3.0000e-05
8.500  21.250  1.5000e-05
8.500  21.500  7.0000e-06
8.500  21.750  3.0000e-06
8.500  22.000  2.0000e-06
8.500  22.250  1.0000e-06
8.500  22.500  1.0000e-10
8.500  22.750  1.0000e-10
8.500  23.000  1.0000e-10
8.500  23.250  1.0000e-10
8.500  23.500  1.0000e-10
8.500  23.750  1.0000e-10
8.500  24.000  1.0000e-10
8.750  17.000  5.8430e-03
8.750  17.250  6.3280e-03
8.750  17.500  7.0290e-03
8.750  17.750  7.9790e-03
8.750  18.000  9.2410e-03
8.750  18.250  1.0869e-02
8.750  18.500  1.1628e-02
8.750  18.750  1.2422e-02
8.750  19.000  9.3830e-03
8.750  19.250  6.4910e-03
8.750  19.500  3.9750e-03
8.750  19.750  2.2600e-03
8.750  20.000  1.2420e-03
8.750  20.250  6.1900e-04
8.750  20.500  3.1800e-04
8.750  20.750  1.5800e-04
8.750  21.000  6.8000e-05
8.750  21.250  3.0000e-05
8.750  21.500  1.5000e-05
8.750  21.750  7.0000e-06
8.750  22.000  3.0000e-06
8.750  22.250  2.0000e-06
8.750  22.500  1.0000e-06
8.750  22.750  1.0000e-10
8.750  23.000  1.0000e-10
8.750  23.250  1.0000e-10
8.750  23.500  1.0000e-10
8.750  23.750  1.0000e-10
8.750  24.000  1.0000e-10
9.000  17.000  4.8900e-03
9.000  17.250  5.3290e-03
9.000  17.500  5.9140e-03
9.000  17.750  6.6880e-03
9.000  18.000  7.7220e-03
9.000  18.250  9.0500e-03
9.000  18.500  1.0708e-02
9.000  18.750  1.1541e-02
9.000  19.000  1.2392e-02
9.000  19.250  9.3840e-03
9.000  19.500  6.5060e-03
9.000  19.750  3.9780e-03
9.000  20.000  2.2600e-03
9.000  20.250  1.2420e-03
9.000  20.500  6.1900e-04
9.000  20.750  3.1800e-04
9.000  21.000  1.5800e-04
9.000  21.250  6.8000e-05
9.000  21.500  3.0000e-05
9.000  21.750  1.5000e-05
9.000  22.000  7.0000e-06
9.000  22.250  3.0000e-06
9.000  22.500  2.0000e-06
9.000  22.750  1.0000e-06
9.000  23.000  1.0000e-10
9.000  23.250  1.0000e-10
9.000  23.500  1.0000e-10
9.000  23.750  1.0000e-10
9.000  24.000  1.0000e-10
9.250  17.000  4.1000e-03
9.250  17.250  4.5400e-03
9.250  17.500  5.0840e-03
9.250  17.750  5.7270e-03
9.250  18.000  6.5530e-03
9.250  18.250  7.6350e-03
9.250  18.500  9.0080e-03
9.250  18.750  1.0658e-02
9.250  19.000  1.1464e-02
9.250  19.250  1.2354e-02
9.250  19.500  9.3800e-03
9.250  19.750  6.5200e-03
9.250  20.000  3.9810e-03
9.250  20.250  2.2590e-03
9.250  20.500  1.2410e-03
9.250  20.750  6.1900e-04
9.250  21.000  3.1800e-04
9.250  21.250  1.5800e-04
9.250  21.500  6.9000e-05
9.250  21.750  3.0000e-05
9.250  22.000  1.4000e-05
9.250  22.250  7.0000e-06
9.250  22.500  4.0000e-06
9.250  22.750  2.0000e-06
9.250  23.000  1.0000e-06
9.250  23.250  1.0000e-06
9.250  23.500  1.0000e-06
9.250  23.750  1.0000e-10
9.250  24.000  1.0000e-10
9.500  17.000  3.4400e-03
9.500  17.250  3.8700e-03
9.500  17.500  4.4150e-03
9.500  17.750  5.0290e-03
9.500  18.000  5.7240e-03
9.500  18.250  6.5900e-03
9.500  18.500  7.7050e-03
9.500  18.750  9.1060e-03
9.500  19.000  1.0527e-02
9.500  19.250  1.1387e-02
9.500  19.500  1.2314e-02
9.500  19.750  9.3690e-03
9.500  20.000  6.5300e-03
9.500  20.250  3.9830e-03
9.500  20.500  2.2590e-03
9.500  20.750  1.2410e-03
9.500  21.000  6.1800e-04
9.500  21.250  3.1700e-04
9.500  21.500  1.5900e-04
9.500  21.750  6.9000e-05
9.500  22.000  3.0000e-05
9.500  22.250  1.4000e-05
9.500  22.500  7.0000e-06
9.500  22.750  4.0000e-06
9.500  23.000  2.0000e-06
9.500  23.250  1.0000e-06
9.500  23.500  1.0000e-06
9.500  23.750  1.0000e-10
9.500  24.000  1.0000e-10
9.750  17.000  2.8900e-03
9.750  17.250  3.2600e-03
9.750  17.500  3.8000e-03
9.750  17.750  4.4470e-03
9.750  18.000  5.1370e-03
9.750  18.250  5.8840e-03
9.750  18.500  6.7630e-03
9.750  18.750  7.8700e-03
9.750  19.000  9.2880e-03
9.750  19.250  1.0322e-02
9.750  19.500  1.1292e-02
9.750  19.750  1.2271e-02
9.750  20.000  9.3520e-03
9.750  20.250  6.5350e-03
9.750  20.500  3.9850e-03
9.750  20.750  2.2590e-03
9.750  21.000  1.2420e-03
9.750  21.250  6.1800e-04
9.750  21.500  3.1700e-04
9.750  21.750  1.5900e-04
9.750  22.000  6.8000e-05
9.750  22.250  3.0000e-05
9.750  22.500  1.4000e-05
9.750  22.750  7.0000e-06
9.750  23.000  4.0000e-06
9.750  23.250  2.0000e-06
9.750  23.500  1.0000e-06
9.750  23.750  1.0000e-06
9.750  24.000  1.0000e-06
10.000  17.000  2.5000e-03
10.000  17.250  2.7200e-03
10.000  17.500  3.2200e-03
10.000  17.750  3.8900e-03
10.000  18.000  4.6410e-03
10.000  18.250  5.3830e-03
10.000  18.500  6.1210e-03
10.000  18.750  6.9730e-03
10.000  19.000  8.0810e-03
10.000  19.250  9.4980e-03
10.000  19.500  1.0183e-02
10.000  19.750  1.1218e-02
10.000  20.000  1.2244e-02
10.000  20.250  9.3340e-03
10.000  20.500  6.5370e-03
10.000  20.750  3.9860e-03
10.000  21.000  2.2580e-03
10.000  21.250  1.2410e-03
10.000  21.500  6.1800e-04
10.000  21.750  3.1700e-04
10.000  22.000  1.5900e-04
10.000  22.250  6.9000e-05
10.000  22.500  3.0000e-05
10.000  22.750  1.4000e-05
10.000  23.000  7.0000e-06
10.000  23.250  4.0000e-06
10.000  23.500  2.0000e-06
10.000  23.750  1.0000e-06
10.000  24.000  1.0000e-06
10.250  17.000  2.3600e-03
10.250  17.250  2.3500e-03
10.250  17.500  2.7000e-03
10.250  17.750  3.3200e-03
10.250  18.000  4.1130e-03
10.250  18.250  4.9120e-03
10.250  18.500  5.6350e-03
10.250  18.750  6.3420e-03
10.250  19.000  7.1830e-03
10.250  19.250  8.3150e-03
10.250  19.500  9.7430e-03
10.250  19.750  1.0145e-02
10.250  20.000  1.1157e-02
10.250  20.250  1.2231e-02
10.250  20.500  9.3130e-03
10.250  20.750  6.5360e-03
10.250  21.000  3.9870e-03
10.250  21.250  2.2580e-03
10.250  21.500  1.2410e-03
10.250  21.750  6.1800e-04
10.250  22.000  3.1800e-04
10.250  22.250  1.5900e-04
10.250  22.500  6.9000e-05
10.250  22.750  3.0000e-05
10.250  23.000  1.4000e-05
10.250  23.250  7.0000e-06
10.250  23.500  4.0000e-06
10.250  23.750  2.0000e-06
10.250  24.000  1.0000e-06
10.500  17.000  2.4900e-03
10.500  17.250  2.2400e-03
10.500  17.500  2.3400e-03
10.500  17.750  2.8200e-03
10.500  18.000  3.5500e-03
10.500  18.250  4.3770e-03
10.500  18.500  5.1430e-03
10.500  18.750  5.8250e-03
10.500  19.000  6.5160e-03
10.500  19.250  7.3860e-03
10.500  19.500  8.5730e-03
10.500  19.750  9.8340e-03
10.500  20.000  1.0314e-02
10.500  20.250  1.1248e-02
10.500  20.500  1.2304e-02
10.500  20.750  9.3000e-03
10.500  21.000  6.5300e-03
10.500  21.250  3.9870e-03
10.500  21.500  2.2580e-03
10.500  21.750  1.2410e-03
10.500  22.000  6.1800e-04
10.500  22.250  3.1800e-04
10.500  22.500  1.5900e-04
10.500  22.750  6.9000e-05
10.500  23.000  3.1000e-05
10.500  23.250  1.4000e-05
10.500  23.500  7.0000e-06
10.500  23.750  4.0000e-06
10.500  24.000  2.0000e-06
10.750  17.000  2.8400e-03
10.750  17.250  2.4100e-03
10.750  17.500  2.2800e-03
10.750  17.750  2.5200e-03
10.750  18.000  3.0800e-03
10.750  18.250  3.8053e-03
10.750  18.500  4.5730e-03
10.750  18.750  5.2870e-03
10.750  19.000  5.9390e-03
10.750  19.250  6.6670e-03
10.750  19.500  7.6000e-03
10.750  19.750  8.8990e-03
10.750  20.000  1.0056e-02
10.750  20.250  1.0881e-02
10.750  20.500  1.1597e-02
10.750  20.750  1.2491e-02
10.750  21.000  9.3090e-03
10.750  21.250  6.5250e-03
10.750  21.500  3.9870e-03
10.750  21.750  2.2580e-03
10.750  22.000  1.2410e-03
10.750  22.250  6.1800e-04
10.750  22.500  3.1700e-04
10.750  22.750  1.5900e-04
10.750  23.000  6.9000e-05
10.750  23.250  3.0000e-05
10.750  23.500  1.4000e-05
10.750  23.750  7.0000e-06
10.750  24.000  4.0000e-06
11.000  17.000  3.3700e-03
11.000  17.250  2.8100e-03
11.000  17.500  2.5100e-03
11.000  17.750  2.5300e-03
11.000  18.000  2.8400e-03
11.000  18.250  3.3400e-03
11.000  18.500  3.9900e-03
11.000  18.750  4.6870e-03
11.000  19.000  5.3500e-03
11.000  19.250  6.0220e-03
11.000  19.500  6.8180e-03
11.000  19.750  8.1206e-03
11.000  20.000  9.6199e-03
11.000  20.250  1.0802e-02
11.000  20.500  1.1402e-02
11.000  20.750  1.2209e-02
11.000  21.000  1.2826e-02
11.000  21.250  9.3680e-03
11.000  21.500  6.5180e-03
11.000  21.750  3.9860e-03
11.000  22.000  2.2600e-03
11.000  22.250  1.2410e-03
11.000  22.500  6.1800e-04
11.000  22.750  3.1800e-04
11.000  23.000  1.5900e-04
11.000  23.250  6.8000e-05
11.000  23.500  3.0000e-05
11.000  23.750  1.4000e-05
11.000  24.000  7.0000e-06
11.250  17.000  4.1300e-03
11.250  17.250  3.4100e-03
11.250  17.500  2.9125e-03
11.250  17.750  2.6660e-03
11.250  18.000  2.6507e-03
11.250  18.250  2.8467e-03
11.250  18.500  3.2342e-03
11.250  18.750  3.7932e-03
11.250  19.000  4.5039e-03
11.250  19.250  5.3463e-03
11.250  19.500  6.3007e-03
11.250  19.750  7.3471e-03
11.250  20.000  8.4657e-03
11.250  20.250  9.6365e-03
11.250  20.500  1.0840e-02
11.250  20.750  1.2056e-02
11.250  21.000  1.3264e-02
11.250  21.250  1.3343e-02
11.250  21.500  9.4910e-03
11.250  21.750  6.5180e-03
11.250  22.000  3.9850e-03
11.250  22.250  2.2600e-03
11.250  22.500  1.2410e-03
11.250  22.750  6.1800e-04
11.250  23.000  3.1800e-04
11.250  23.250  1.5800e-04
11.250  23.500  6.8000e-05
11.250  23.750  3.0000e-05
11.250  24.000  1.4000e-05
11.500  17.000  5.1600e-03
11.500  17.250  4.2400e-03
11.500  17.500  3.7100e-03
11.500  17.750  3.4700e-03
11.500  18.000  3.3300e-03
11.500  18.250  3.2300e-03
11.500  18.500  3.4879e-03
11.500  18.750  4.1305e-03
11.500  19.000  5.0817e-03
11.500  19.250  6.2654e-03
11.500  19.500  7.6054e-03
11.500  19.750  9.0256e-03
11.500  20.000  1.0450e-02
11.500  20.250  1.1803e-02
11.500  20.500  1.3007e-02
11.500  20.750  1.3987e-02
11.500  21.000  1.4667e-02
11.500  21.250  1.4971e-02
11.500  21.500  1.3976e-02
11.500  21.750  9.6890e-03
11.500  22.000  6.5290e-03
11.500  22.250  3.9840e-03
11.500  22.500  2.2600e-03
11.500  22.750  1.2430e-03
11.500  23.000  6.1700e-04
11.500  23.250  3.1800e-04
11.500  23.500  1.5800e-04
11.500  23.750  6.9000e-05
11.500  24.000  3.0000e-05
11.750  17.000  6.5600e-03
11.750  17.250  5.3600e-03
11.750  17.500  4.6700e-03
11.750  17.750  4.3100e-03
11.750  18.000  4.0100e-03
11.750  18.250  3.6800e-03
11.750  18.500  3.4400e-03
11.750  18.750  3.8971e-03
11.750  19.000  5.0666e-03
11.750  19.250  6.7736e-03
11.750  19.500  8.8434e-03
11.750  19.750  1.1101e-02
11.750  20.000  1.3371e-02
11.750  20.250  1.5480e-02
11.750  20.500  1.7252e-02
11.750  20.750  1.8512e-02
11.750  21.000  1.9085e-02
11.750  21.250  1.8797e-02
11.750  21.500  1.7472e-02
11.750  21.750  1.4643e-02
11.750  22.000  9.9550e-03
11.750  22.250  6.5550e-03
11.750  22.500  3.9810e-03
11.750  22.750  2.2600e-03
11.750  23.000  1.2430e-03
11.750  23.250  6.1700e-04
11.750  23.500  3.1800e-04
11.750  23.750  1.5800e-04
11.750  24.000  6.8000e-05
12.000  17.000  8.4600e-03
12.000  17.250  6.8400e-03
12.000  17.500  5.9100e-03
12.000  17.750  5.3500e-03
12.000  18.000  4.8700e-03
12.000  18.250  4.4100e-03
12.000  18.500  3.9600e-03
12.000  18.750  3.6160e-03
12.000  19.000  3.6250e-03
12.000  19.250  4.0210e-03
12.000  19.500  4.7717e-03
12.000  19.750  5.8451e-03
12.000  20.000  7.2091e-03
12.000  20.250  8.8315e-03
12.000  20.500  1.0680e-02
12.000  20.750  1.2723e-02
12.000  21.000  1.4928e-02
12.000  21.250  1.7263e-02
12.000  21.500  1.9696e-02
12.000  21.750  2.0571e-02
12.000  22.000  1.5333e-02
12.000  22.250  1.0156e-02
12.000  22.500  6.5970e-03
12.000  22.750  3.9800e-03
12.000  23.000  2.2610e-03
12.000  23.250  1.2440e-03
12.000  23.500  6.1700e-04
12.000  23.750  3.1700e-04
12.000  24.000  1.5800e-04
12.250  17.000  1.1010e-02
12.250  17.250  8.7800e-03
12.250  17.500  7.4200e-03
12.250  17.750  6.5600e-03
12.250  18.000  5.8970e-03
12.250  18.250  5.3310e-03
12.250  18.500  4.7660e-03
12.250  18.750  4.2350e-03
12.250  19.000  3.8250e-03
12.250  19.250  3.6720e-03
12.250  19.500  4.2922e-03
12.250  19.750  5.6804e-03
12.250  20.000  7.6650e-03
12.250  20.250  1.0075e-02
12.250  20.500  1.2738e-02
12.250  20.750  1.5483e-02
12.250  21.000  1.8139e-02
12.250  21.250  2.0534e-02
12.250  21.500  2.2497e-02
12.250  21.750  2.3856e-02
12.250  22.000  2.2935e-02
12.250  22.250  1.5962e-02
12.250  22.500  1.0441e-02
12.250  22.750  6.6500e-03
12.250  23.000  3.9780e-03
12.250  23.250  2.2610e-03
12.250  23.500  1.2450e-03
12.250  23.750  6.1600e-04
12.250  24.000  3.1700e-04
12.500  17.000  1.4144e-02
12.500  17.250  1.1129e-02
12.500  17.500  9.1520e-03
12.500  17.750  7.9300e-03
12.500  18.000  7.1280e-03
12.500  18.250  6.4570e-03
12.500  18.500  5.8280e-03
12.500  18.750  5.1520e-03
12.500  19.000  4.5140e-03
12.500  19.250  4.0110e-03
12.500  19.500  3.8460e-03
12.500  19.750  5.0578e-03
12.500  20.000  7.5998e-03
12.500  20.250  1.1077e-02
12.500  20.500  1.5095e-02
12.500  20.750  1.9259e-02
12.500  21.000  2.3172e-02
12.500  21.250  2.6442e-02
12.500  21.500  2.8672e-02
12.500  21.750  2.9468e-02
12.500  22.000  2.8434e-02
12.500  22.250  2.4505e-02
12.500  22.500  1.6561e-02
12.500  22.750  1.0806e-02
12.500  23.000  6.7080e-03
12.500  23.250  3.9770e-03
12.500  23.500  2.2610e-03
12.500  23.750  1.2450e-03
12.500  24.000  6.1600e-04
12.750  17.000  1.6618e-02
12.750  17.250  1.3491e-02
12.750  17.500  1.1075e-02
12.750  17.750  9.6090e-03
12.750  18.000  8.6190e-03
12.750  18.250  7.8430e-03
12.750  18.500  7.0900e-03
12.750  18.750  6.3200e-03
12.750  19.000  5.5130e-03
12.750  19.250  4.7730e-03
12.750  19.500  4.2110e-03
12.750  19.750  4.0600e-03
12.750  20.000  4.7857e-03
12.750  20.250  6.3921e-03
12.750  20.500  8.7453e-03
12.750  20.750  1.1711e-02
12.750  21.000  1.5156e-02
12.750  21.250  1.8946e-02
12.750  21.500  2.2947e-02
12.750  21.750  2.7025e-02
12.750  22.000  3.1046e-02
12.750  22.250  3.2806e-02
12.750  22.500  2.5939e-02
12.750  22.750  1.7191e-02
12.750  23.000  1.1089e-02
12.750  23.250  6.7660e-03
12.750  23.500  3.9790e-03
12.750  23.750  2.2610e-03
12.750  24.000  1.2470e-03
13.000  17.000  1.0385e-02
13.000  17.250  1.1329e-02
13.000  17.500  1.3370e-02
13.000  17.750  1.1788e-02
13.000  18.000  1.0501e-02
13.000  18.250  9.5040e-03
13.000  18.500  8.6090e-03
13.000  18.750  7.6980e-03
13.000  19.000  6.7540e-03
13.000  19.250  5.8410e-03
13.000  19.500  5.0240e-03
13.000  19.750  4.4560e-03
13.000  20.000  4.3130e-03
13.000  20.250  5.1048e-03
13.000  20.500  6.8727e-03
13.000  20.750  9.5083e-03
13.000  21.000  1.2903e-02
13.000  21.250  1.6949e-02
13.000  21.500  2.1538e-02
13.000  21.750  2.6560e-02
13.000  22.000  3.1909e-02
13.000  22.250  3.6701e-02
13.000  22.500  3.6418e-02
13.000  22.750  2.7381e-02
13.000  23.000  1.8071e-02
13.000  23.250  1.1224e-02
13.000  23.500  6.8260e-03
13.000  23.750  3.9810e-03
13.000  24.000  2.2610e-03
13.250  17.000  1.0604e-02
13.250  17.250  1.1412e-02
13.250  17.500  1.3660e-02
13.250  17.750  1.3907e-02
13.250  18.000  1.2667e-02
13.250  18.250  1.1460e-02
13.250  18.500  1.0380e-02
13.250  18.750  9.2990e-03
13.250  19.000  8.2120e-03
13.250  19.250  7.1240e-03
13.250  19.500  6.1320e-03
13.250  19.750  5.2980e-03
13.250  20.000  5.7972e-03
13.250  20.250  7.7145e-03
13.250  20.500  1.0761e-02
13.250  20.750  1.4649e-02
13.250  21.000  1.9088e-02
13.250  21.250  2.3792e-02
13.250  21.500  2.8471e-02
13.250  21.750  3.2837e-02
13.250  22.000  3.6600e-02
13.250  22.250  3.9474e-02
13.250  22.500  4.1168e-02
13.250  22.750  3.9397e-02
13.250  23.000  2.8798e-02
13.250  23.250  1.8679e-02
13.250  23.500  1.1442e-02
13.250  23.750  6.8790e-03
13.250  24.000  3.9850e-03
13.500  17.000  1.0758e-02
13.500  17.250  1.1812e-02
13.500  17.500  1.3730e-02
13.500  17.750  1.4913e-02
13.500  18.000  1.5034e-02
13.500  18.250  1.3599e-02
13.500  18.500  1.2260e-02
13.500  18.750  1.1048e-02
13.500  19.000  9.8280e-03
13.500  19.250  8.6440e-03
13.500  19.500  7.4680e-03
13.500  19.750  6.4430e-03
13.500  20.000  5.6410e-03
13.500  20.250  5.1850e-03
13.500  20.500  6.5253e-03
13.500  20.750  9.6805e-03
13.500  21.000  1.4192e-02
13.500  21.250  1.9601e-02
13.500  21.500  2.5449e-02
13.500  21.750  3.1278e-02
13.500  22.000  3.6628e-02
13.500  22.250  4.1042e-02
13.500  22.500  4.4060e-02
13.500  22.750  4.5224e-02
13.500  23.000  4.2158e-02
13.500  23.250  2.9995e-02
13.500  23.500  1.9186e-02
13.500  23.750  1.1756e-02
13.500  24.000  6.9270e-03
13.750  17.000  1.0885e-02
13.750  17.250  1.2118e-02
13.750  17.500  1.4125e-02
13.750  17.750  1.5584e-02
13.750  18.000  1.6602e-02
13.750  18.250  1.5719e-02
13.750  18.500  1.4430e-02
13.750  18.750  1.2940e-02
13.750  19.000  1.1546e-02
13.750  19.250  1.0207e-02
13.750  19.500  8.9350e-03
13.750  19.750  7.7660e-03
13.750  20.000  6.8090e-03
13.750  20.250  6.1310e-03
13.750  20.500  5.8140e-03
13.750  20.750  7.4743e-03
13.750  21.000  1.1126e-02
13.750  21.250  1.6245e-02
13.750  21.500  2.2306e-02
13.750  21.750  2.8785e-02
13.750  22.000  3.5158e-02
13.750  22.250  4.0898e-02
13.750  22.500  4.5483e-02
13.750  22.750  4.8388e-02
13.750  23.000  4.9087e-02
13.750  23.250  4.5044e-02
13.750  23.500  3.1304e-02
13.750  23.750  1.9655e-02
13.750  24.000  1.1925e-02
14.000  17.000  1.0884e-02
14.000  17.250  1.2163e-02
14.000  17.500  1.4532e-02
14.000  17.750  1.5983e-02
14.000  18.000  1.7593e-02
14.000  18.250  1.7891e-02
14.000  18.500  1.6714e-02
14.000  18.750  1.4995e-02
14.000  19.000  1.3384e-02
14.000  19.250  1.1902e-02
14.000  19.500  1.0495e-02
14.000  19.750  9.2270e-03
14.000  20.000  8.1340e-03
14.000  20.250  7.3010e-03
14.000  20.500  6.8320e-03
14.000  20.750  8.4254e-03
14.000  21.000  1.2121e-02
14.000  21.250  1.7400e-02
14.000  21.500  2.3742e-02
14.000  21.750  3.0630e-02
14.000  22.000  3.7543e-02
14.000  22.250  4.3962e-02
14.000  22.500  4.9369e-02
14.000  22.750  5.3244e-02
14.000  23.000  5.5069e-02
14.000  23.250  5.4323e-02
14.000  23.500  4.8341e-02
14.000  23.750  3.2439e-02
14.000  24.000  2.0145e-02
