InwT 7500.00A  relative to Inci 1215.00A scaled to 1215A.
Hden   Phi(H)  Eq_Width (A)
7.000  17.000  1.5007e-02
7.000  17.250  9.6503e-03
7.000  17.500  6.9907e-03
7.000  17.750  5.6967e-03
7.000  18.000  5.0956e-03
7.000  18.250  4.7730e-03
7.000  18.500  4.5942e-03
7.000  18.750  4.5184e-03
7.000  19.000  4.4798e-03
7.000  19.250  4.4588e-03
7.000  19.500  4.4505e-03
7.000  19.750  4.4472e-03
7.000  20.000  4.4458e-03
7.000  20.250  4.4452e-03
7.000  20.500  4.4449e-03
7.000  20.750  4.4447e-03
7.000  21.000  4.4446e-03
7.000  21.250  4.4446e-03
7.000  21.500  4.4445e-03
7.000  21.750  4.4445e-03
7.000  22.000  4.4445e-03
7.000  22.250  4.4446e-03
7.000  22.500  4.4445e-03
7.000  22.750  4.4450e-03
7.000  23.000  4.4450e-03
7.000  23.250  4.4446e-03
7.000  23.500  4.4449e-03
7.000  23.750  4.4449e-03
7.000  24.000  4.4452e-03
7.250  17.000  2.4628e-02
7.250  17.250  1.4986e-02
7.250  17.500  9.6427e-03
7.250  17.750  6.9864e-03
7.250  18.000  5.6954e-03
7.250  18.250  5.0952e-03
7.250  18.500  4.7729e-03
7.250  18.750  4.5942e-03
7.250  19.000  4.5184e-03
7.250  19.250  4.4798e-03
7.250  19.500  4.4588e-03
7.250  19.750  4.4505e-03
7.250  20.000  4.4472e-03
7.250  20.250  4.4458e-03
7.250  20.500  4.4451e-03
7.250  20.750  4.4449e-03
7.250  21.000  4.4447e-03
7.250  21.250  4.4446e-03
7.250  21.500  4.4446e-03
7.250  21.750  4.4446e-03
7.250  22.000  4.4445e-03
7.250  22.250  4.4445e-03
7.250  22.500  4.4445e-03
7.250  22.750  4.4445e-03
7.250  23.000  4.4445e-03
7.250  23.250  4.4445e-03
7.250  23.500  4.4445e-03
7.250  23.750  4.4445e-03
7.250  24.000  4.4445e-03
7.500  17.000  3.8944e-02
7.500  17.250  2.4549e-02
7.500  17.500  1.4971e-02
7.500  17.750  9.6367e-03
7.500  18.000  6.9817e-03
7.500  18.250  5.6938e-03
7.500  18.500  5.0948e-03
7.500  18.750  4.7728e-03
7.500  19.000  4.5942e-03
7.500  19.250  4.5184e-03
7.500  19.500  4.4798e-03
7.500  19.750  4.4588e-03
7.500  20.000  4.4505e-03
7.500  20.250  4.4472e-03
7.500  20.500  4.4458e-03
7.500  20.750  4.4451e-03
7.500  21.000  4.4449e-03
7.500  21.250  4.4447e-03
7.500  21.500  4.4446e-03
7.500  21.750  4.4445e-03
7.500  22.000  4.4445e-03
7.500  22.250  4.4445e-03
7.500  22.500  4.4445e-03
7.500  22.750  4.4445e-03
7.500  23.000  4.4445e-03
7.500  23.250  4.4445e-03
7.500  23.500  4.4450e-03
7.500  23.750  4.4445e-03
7.500  24.000  4.4445e-03
7.750  17.000  4.3828e-02
7.750  17.250  3.8939e-02
7.750  17.500  2.4488e-02
7.750  17.750  1.4960e-02
7.750  18.000  9.6318e-03
7.750  18.250  6.9768e-03
7.750  18.500  5.6919e-03
7.750  18.750  5.0943e-03
7.750  19.000  4.7728e-03
7.750  19.250  4.5942e-03
7.750  19.500  4.5184e-03
7.750  19.750  4.4798e-03
7.750  20.000  4.4588e-03
7.750  20.250  4.4505e-03
7.750  20.500  4.4472e-03
7.750  20.750  4.4458e-03
7.750  21.000  4.4451e-03
7.750  21.250  4.4448e-03
7.750  21.500  4.4446e-03
7.750  21.750  4.4445e-03
7.750  22.000  4.4445e-03
7.750  22.250  4.4445e-03
7.750  22.500  4.4444e-03
7.750  22.750  4.4445e-03
7.750  23.000  4.4444e-03
7.750  23.250  4.4445e-03
7.750  23.500  4.4445e-03
7.750  23.750  4.4445e-03
7.750  24.000  4.4445e-03
8.000  17.000  4.6922e-02
8.000  17.250  4.3488e-02
8.000  17.500  3.8553e-02
8.000  17.750  2.4434e-02
8.000  18.000  1.4953e-02
8.000  18.250  9.6279e-03
8.000  18.500  6.9714e-03
8.000  18.750  5.6897e-03
8.000  19.000  5.0937e-03
8.000  19.250  4.7727e-03
8.000  19.500  4.5942e-03
8.000  19.750  4.5184e-03
8.000  20.000  4.4798e-03
8.000  20.250  4.4588e-03
8.000  20.500  4.4505e-03
8.000  20.750  4.4472e-03
8.000  21.000  4.4458e-03
8.000  21.250  4.4451e-03
8.000  21.500  4.4448e-03
8.000  21.750  4.4446e-03
8.000  22.000  4.4445e-03
8.000  22.250  4.4445e-03
8.000  22.500  4.4444e-03
8.000  22.750  4.4444e-03
8.000  23.000  4.4444e-03
8.000  23.250  4.4444e-03
8.000  23.500  4.4444e-03
8.000  23.750  4.4444e-03
8.000  24.000  4.4445e-03
8.250  17.000  4.9701e-02
8.250  17.250  4.7389e-02
8.250  17.500  4.3716e-02
8.250  17.750  3.8549e-02
8.250  18.000  2.4405e-02
8.250  18.250  1.4952e-02
8.250  18.500  9.6245e-03
8.250  18.750  6.9656e-03
8.250  19.000  5.6872e-03
8.250  19.250  5.0931e-03
8.250  19.500  4.7726e-03
8.250  19.750  4.5942e-03
8.250  20.000  4.5184e-03
8.250  20.250  4.4798e-03
8.250  20.500  4.4588e-03
8.250  20.750  4.4505e-03
8.250  21.000  4.4472e-03
8.250  21.250  4.4458e-03
8.250  21.500  4.4451e-03
8.250  21.750  4.4448e-03
8.250  22.000  4.4446e-03
8.250  22.250  4.4445e-03
8.250  22.500  4.4445e-03
8.250  22.750  4.4447e-03
8.250  23.000  4.4444e-03
8.250  23.250  4.4445e-03
8.250  23.500  4.4447e-03
8.250  23.750  4.4444e-03
8.250  24.000  4.4445e-03
8.500  17.000  5.2127e-02
8.500  17.250  5.0373e-02
8.500  17.500  4.8008e-02
8.500  17.750  4.4051e-02
8.500  18.000  3.8596e-02
8.500  18.250  2.4385e-02
8.500  18.500  1.4954e-02
8.500  18.750  9.6214e-03
8.500  19.000  6.9590e-03
8.500  19.250  5.6844e-03
8.500  19.500  5.0923e-03
8.500  19.750  4.7724e-03
8.500  20.000  4.5941e-03
8.500  20.250  4.5184e-03
8.500  20.500  4.4798e-03
8.500  20.750  4.4588e-03
8.500  21.000  4.4505e-03
8.500  21.250  4.4472e-03
8.500  21.500  4.4458e-03
8.500  21.750  4.4451e-03
8.500  22.000  4.4448e-03
8.500  22.250  4.4446e-03
8.500  22.500  4.4445e-03
8.500  22.750  4.4445e-03
8.500  23.000  4.4444e-03
8.500  23.250  4.4444e-03
8.500  23.500  4.4444e-03
8.500  23.750  4.4444e-03
8.500  24.000  4.4444e-03
8.750  17.000  5.4228e-02
8.750  17.250  5.2995e-02
8.750  17.500  5.1391e-02
8.750  17.750  4.9072e-02
8.750  18.000  4.4797e-02
8.750  18.250  3.8836e-02
8.750  18.500  2.4372e-02
8.750  18.750  1.4960e-02
8.750  19.000  9.6187e-03
8.750  19.250  6.9520e-03
8.750  19.500  5.6812e-03
8.750  19.750  5.0915e-03
8.750  20.000  4.7723e-03
8.750  20.250  4.5941e-03
8.750  20.500  4.5184e-03
8.750  20.750  4.4798e-03
8.750  21.000  4.4588e-03
8.750  21.250  4.4505e-03
8.750  21.500  4.4472e-03
8.750  21.750  4.4458e-03
8.750  22.000  4.4451e-03
8.750  22.250  4.4448e-03
8.750  22.500  4.4446e-03
8.750  22.750  4.4445e-03
8.750  23.000  4.4445e-03
8.750  23.250  4.4444e-03
8.750  23.500  4.4445e-03
8.750  23.750  4.4444e-03
8.750  24.000  4.4444e-03
9.000  17.000  5.5966e-02
9.000  17.250  5.5313e-02
9.000  17.500  5.4483e-02
9.000  17.750  5.3327e-02
9.000  18.000  5.1066e-02
9.000  18.250  4.6383e-02
9.000  18.500  3.9346e-02
9.000  18.750  2.4360e-02
9.000  19.000  1.4968e-02
9.000  19.250  9.6174e-03
9.000  19.500  6.9450e-03
9.000  19.750  5.6780e-03
9.000  20.000  5.0907e-03
9.000  20.250  4.7722e-03
9.000  20.500  4.5940e-03
9.000  20.750  4.5184e-03
9.000  21.000  4.4798e-03
9.000  21.250  4.4588e-03
9.000  21.500  4.4505e-03
9.000  21.750  4.4472e-03
9.000  22.000  4.4458e-03
9.000  22.250  4.4451e-03
9.000  22.500  4.4448e-03
9.000  22.750  4.4446e-03
9.000  23.000  4.4445e-03
9.000  23.250  4.4445e-03
9.000  23.500  4.4444e-03
9.000  23.750  4.4444e-03
9.000  24.000  4.4444e-03
9.250  17.000  5.7322e-02
9.250  17.250  5.7249e-02
9.250  17.500  5.7376e-02
9.250  17.750  5.7614e-02
9.250  18.000  5.7333e-02
9.250  18.250  5.5258e-02
9.250  18.500  4.9671e-02
9.250  18.750  4.0611e-02
9.250  19.000  2.4345e-02
9.250  19.250  1.4979e-02
9.250  19.500  9.6180e-03
9.250  19.750  6.9388e-03
9.250  20.000  5.6750e-03
9.250  20.250  5.0900e-03
9.250  20.500  4.7720e-03
9.250  20.750  4.5940e-03
9.250  21.000  4.5184e-03
9.250  21.250  4.4798e-03
9.250  21.500  4.4583e-03
9.250  21.750  4.4500e-03
9.250  22.000  4.4466e-03
9.250  22.250  4.4453e-03
9.250  22.500  4.4449e-03
9.250  22.750  4.4446e-03
9.250  23.000  4.4445e-03
9.250  23.250  4.4445e-03
9.250  23.500  4.4444e-03
9.250  23.750  4.4444e-03
9.250  24.000  4.4444e-03
9.500  17.000  5.8495e-02
9.500  17.250  5.9035e-02
9.500  17.500  6.0112e-02
9.500  17.750  6.1969e-02
9.500  18.000  6.4154e-02
9.500  18.250  6.5539e-02
9.500  18.500  6.3394e-02
9.500  18.750  5.5982e-02
9.500  19.000  4.0680e-02
9.500  19.250  2.4321e-02
9.500  19.500  1.4990e-02
9.500  19.750  9.6207e-03
9.500  20.000  6.9342e-03
9.500  20.250  5.6723e-03
9.500  20.500  5.0893e-03
9.500  20.750  4.7717e-03
9.500  21.000  4.5935e-03
9.500  21.250  4.5179e-03
9.500  21.500  4.4793e-03
9.500  21.750  4.4579e-03
9.500  22.000  4.4497e-03
9.500  22.250  4.4464e-03
9.500  22.500  4.4450e-03
9.500  22.750  4.4444e-03
9.500  23.000  4.4440e-03
9.500  23.250  4.4439e-03
9.500  23.500  4.4438e-03
9.500  23.750  4.4437e-03
9.500  24.000  4.4437e-03
9.750  17.000  5.9362e-02
9.750  17.250  6.0521e-02
9.750  17.500  6.2674e-02
9.750  17.750  6.6495e-02
9.750  18.000  7.2231e-02
9.750  18.250  7.7620e-02
9.750  18.500  7.9556e-02
9.750  18.750  7.5031e-02
9.750  19.000  6.4523e-02
9.750  19.250  4.0888e-02
9.750  19.500  2.4294e-02
9.750  19.750  1.5000e-02
9.750  20.000  9.6254e-03
9.750  20.250  6.9317e-03
9.750  20.500  5.6701e-03
9.750  20.750  5.0888e-03
9.750  21.000  4.7717e-03
9.750  21.250  4.5935e-03
9.750  21.500  4.5179e-03
9.750  21.750  4.4793e-03
9.750  22.000  4.4581e-03
9.750  22.250  4.4497e-03
9.750  22.500  4.4464e-03
9.750  22.750  4.4450e-03
9.750  23.000  4.4444e-03
9.750  23.250  4.4440e-03
9.750  23.500  4.4439e-03
9.750  23.750  4.4438e-03
9.750  24.000  4.4437e-03
10.000  17.000  5.9853e-02
10.000  17.250  6.1972e-02
10.000  17.500  6.5441e-02
10.000  17.750  7.1695e-02
10.000  18.000  8.1728e-02
10.000  18.250  9.1558e-02
10.000  18.500  9.7743e-02
10.000  18.750  9.7146e-02
10.000  19.000  8.9232e-02
10.000  19.250  6.8849e-02
10.000  19.500  4.0988e-02
10.000  19.750  2.4215e-02
10.000  20.000  1.5003e-02
10.000  20.250  9.6307e-03
10.000  20.500  6.9305e-03
10.000  20.750  5.6686e-03
10.000  21.000  5.0886e-03
10.000  21.250  4.7717e-03
10.000  21.500  4.5935e-03
10.000  21.750  4.5179e-03
10.000  22.000  4.4793e-03
10.000  22.250  4.4582e-03
10.000  22.500  4.4497e-03
10.000  22.750  4.4464e-03
10.000  23.000  4.4450e-03
10.000  23.250  4.4444e-03
10.000  23.500  4.4440e-03
10.000  23.750  4.4439e-03
10.000  24.000  4.4438e-03
10.250  17.000  6.0665e-02
10.250  17.250  6.3481e-02
10.250  17.500  6.8924e-02
10.250  17.750  7.8502e-02
10.250  18.000  9.2976e-02
10.250  18.250  1.0719e-01
10.250  18.500  1.1720e-01
10.250  18.750  1.2123e-01
10.250  19.000  1.1738e-01
10.250  19.250  1.0483e-01
10.250  19.500  7.1845e-02
10.250  19.750  4.0903e-02
10.250  20.000  2.4134e-02
10.250  20.250  1.4990e-02
10.250  20.500  9.6348e-03
10.250  20.750  6.9309e-03
10.250  21.000  5.6675e-03
10.250  21.250  5.0885e-03
10.250  21.500  4.7716e-03
10.250  21.750  4.5937e-03
10.250  22.000  4.5179e-03
10.250  22.250  4.4794e-03
10.250  22.500  4.4583e-03
10.250  22.750  4.4498e-03
10.250  23.000  4.4464e-03
10.250  23.250  4.4450e-03
10.250  23.500  4.4444e-03
10.250  23.750  4.4440e-03
10.250  24.000  4.4439e-03
10.500  17.000  6.2118e-02
10.500  17.250  6.5976e-02
10.500  17.500  7.3773e-02
10.500  17.750  8.7768e-02
10.500  18.000  1.0658e-01
10.500  18.250  1.2496e-01
10.500  18.500  1.3743e-01
10.500  18.750  1.4449e-01
10.500  19.000  1.4444e-01
10.500  19.250  1.3600e-01
10.500  19.500  1.1611e-01
10.500  19.750  7.1666e-02
10.500  20.000  4.0500e-02
10.500  20.250  2.3955e-02
10.500  20.500  1.4947e-02
10.500  20.750  9.6333e-03
10.500  21.000  6.9322e-03
10.500  21.250  5.6671e-03
10.500  21.500  5.0886e-03
10.500  21.750  4.7716e-03
10.500  22.000  4.5937e-03
10.500  22.250  4.5182e-03
10.500  22.500  4.4794e-03
10.500  22.750  4.4583e-03
10.500  23.000  4.4499e-03
10.500  23.250  4.4465e-03
10.500  23.500  4.4450e-03
10.500  23.750  4.4444e-03
10.500  24.000  4.4440e-03
10.750  17.000  6.4322e-02
10.750  17.250  6.9551e-02
10.750  17.500  8.0958e-02
10.750  17.750  9.9662e-02
10.750  18.000  1.2232e-01
10.750  18.250  1.4286e-01
10.750  18.500  1.5787e-01
10.750  18.750  1.6760e-01
10.750  19.000  1.7004e-01
10.750  19.250  1.6588e-01
10.750  19.500  1.5338e-01
10.750  19.750  1.2763e-01
10.750  20.000  7.1514e-02
10.750  20.250  3.9581e-02
10.750  20.500  2.3596e-02
10.750  20.750  1.4860e-02
10.750  21.000  9.6226e-03
10.750  21.250  6.9335e-03
10.750  21.500  5.6672e-03
10.750  21.750  5.0890e-03
10.750  22.000  4.7716e-03
10.750  22.250  4.5937e-03
10.750  22.500  4.5183e-03
10.750  22.750  4.4796e-03
10.750  23.000  4.4583e-03
10.750  23.250  4.4500e-03
10.750  23.500  4.4466e-03
10.750  23.750  4.4451e-03
10.750  24.000  4.4444e-03
11.000  17.000  6.7383e-02
11.000  17.250  7.4148e-02
11.000  17.500  8.9734e-02
11.000  17.750  1.1336e-01
11.000  18.000  1.3872e-01
11.000  18.250  1.6104e-01
11.000  18.500  1.7858e-01
11.000  18.750  1.9018e-01
11.000  19.000  1.9530e-01
11.000  19.250  1.9442e-01
11.000  19.500  1.8719e-01
11.000  19.750  1.7253e-01
11.000  20.000  1.3740e-01
11.000  20.250  7.0209e-02
11.000  20.500  3.9210e-02
11.000  20.750  2.3249e-02
11.000  21.000  1.4722e-02
11.000  21.250  9.5944e-03
11.000  21.500  6.9340e-03
11.000  21.750  5.6677e-03
11.000  22.000  5.0893e-03
11.000  22.250  4.7715e-03
11.000  22.500  4.5935e-03
11.000  22.750  4.5183e-03
11.000  23.000  4.4798e-03
11.000  23.250  4.4583e-03
11.000  23.500  4.4500e-03
11.000  23.750  4.4467e-03
11.000  24.000  4.4452e-03
11.250  17.000  7.1497e-02
11.250  17.250  7.9400e-02
11.250  17.500  9.8799e-02
11.250  17.750  1.2687e-01
11.250  18.000  1.5506e-01
11.250  18.250  1.7886e-01
11.250  18.500  1.9735e-01
11.250  18.750  2.1175e-01
11.250  19.000  2.1933e-01
11.250  19.250  2.2201e-01
11.250  19.500  2.1863e-01
11.250  19.750  2.0921e-01
11.250  20.000  1.9242e-01
11.250  20.250  1.3866e-01
11.250  20.500  6.9636e-02
11.250  20.750  3.8314e-02
11.250  21.000  2.2840e-02
11.250  21.250  1.4536e-02
11.250  21.500  9.5461e-03
11.250  21.750  6.9308e-03
11.250  22.000  5.6683e-03
11.250  22.250  5.0896e-03
11.250  22.500  4.7714e-03
11.250  22.750  4.5933e-03
11.250  23.000  4.5182e-03
11.250  23.250  4.4798e-03
11.250  23.500  4.4584e-03
11.250  23.750  4.4500e-03
11.250  24.000  4.4467e-03
11.500  17.000  7.7186e-02
11.500  17.250  8.5645e-02
11.500  17.500  1.0742e-01
11.500  17.750  1.3876e-01
11.500  18.000  1.6978e-01
11.500  18.250  1.9510e-01
11.500  18.500  2.1543e-01
11.500  18.750  2.3170e-01
11.500  19.000  2.4237e-01
11.500  19.250  2.4728e-01
11.500  19.500  2.4633e-01
11.500  19.750  2.4113e-01
11.500  20.000  2.3037e-01
11.500  20.250  2.1231e-01
11.500  20.500  1.3955e-01
11.500  20.750  6.8575e-02
11.500  21.000  3.7561e-02
11.500  21.250  2.2514e-02
11.500  21.500  1.4318e-02
11.500  21.750  9.4728e-03
11.500  22.000  6.9223e-03
11.500  22.250  5.6686e-03
11.500  22.500  5.0898e-03
11.500  22.750  4.7713e-03
11.500  23.000  4.5931e-03
11.500  23.250  4.5181e-03
11.500  23.500  4.4798e-03
11.500  23.750  4.4585e-03
11.500  24.000  4.4500e-03
11.750  17.000  8.4962e-02
11.750  17.250  9.2996e-02
11.750  17.500  1.1550e-01
11.750  17.750  1.4845e-01
11.750  18.000  1.8140e-01
11.750  18.250  2.0912e-01
11.750  18.500  2.3187e-01
11.750  18.750  2.4943e-01
11.750  19.000  2.6290e-01
11.750  19.250  2.7005e-01
11.750  19.500  2.7218e-01
11.750  19.750  2.6866e-01
11.750  20.000  2.6161e-01
11.750  20.250  2.4943e-01
11.750  20.500  2.2972e-01
11.750  20.750  1.3976e-01
11.750  21.000  6.7405e-02
11.750  21.250  3.6845e-02
11.750  21.500  2.2464e-02
11.750  21.750  1.4091e-02
11.750  22.000  9.3764e-03
11.750  22.250  6.9066e-03
11.750  22.500  5.6681e-03
11.750  22.750  5.0895e-03
11.750  23.000  4.7708e-03
11.750  23.250  4.5928e-03
11.750  23.500  4.5179e-03
11.750  23.750  4.4797e-03
11.750  24.000  4.4586e-03
12.000  17.000  9.5621e-02
12.000  17.250  1.0187e-01
12.000  17.500  1.2297e-01
12.000  17.750  1.5525e-01
12.000  18.000  1.8928e-01
12.000  18.250  2.1999e-01
12.000  18.500  2.4576e-01
12.000  18.750  2.6640e-01
12.000  19.000  2.8168e-01
12.000  19.250  2.9067e-01
12.000  19.500  2.9444e-01
12.000  19.750  2.9280e-01
12.000  20.000  2.8721e-01
12.000  20.250  2.7807e-01
12.000  20.500  2.6437e-01
12.000  20.750  2.4088e-01
12.000  21.000  1.3818e-01
12.000  21.250  6.6597e-02
12.000  21.500  3.6578e-02
12.000  21.750  2.2552e-02
12.000  22.000  1.3856e-02
12.000  22.250  9.3013e-03
12.000  22.500  6.8829e-03
12.000  22.750  5.6671e-03
12.000  23.000  5.0886e-03
12.000  23.250  4.7701e-03
12.000  23.500  4.5922e-03
12.000  23.750  4.5177e-03
12.000  24.000  4.4796e-03
12.250  17.000  1.0978e-01
12.250  17.250  1.1263e-01
12.250  17.500  1.2994e-01
12.250  17.750  1.5929e-01
12.250  18.000  1.9353e-01
12.250  18.250  2.2721e-01
12.250  18.500  2.5706e-01
12.250  18.750  2.8115e-01
12.250  19.000  2.9824e-01
12.250  19.250  3.0826e-01
12.250  19.500  3.1285e-01
12.250  19.750  3.1277e-01
12.250  20.000  3.0788e-01
12.250  20.250  3.0022e-01
12.250  20.500  2.8986e-01
12.250  20.750  2.7526e-01
12.250  21.000  2.4538e-01
12.250  21.250  1.3496e-01
12.250  21.500  6.6231e-02
12.250  21.750  3.6344e-02
12.250  22.000  2.2309e-02
12.250  22.250  1.3636e-02
12.250  22.500  9.1976e-03
12.250  22.750  6.8521e-03
12.250  23.000  5.6642e-03
12.250  23.250  5.0869e-03
12.250  23.500  4.7690e-03
12.250  23.750  4.5914e-03
12.250  24.000  4.5174e-03
12.500  17.000  1.2583e-01
12.500  17.250  1.2458e-01
12.500  17.500  1.3660e-01
12.500  17.750  1.6164e-01
12.500  18.000  1.9544e-01
12.500  18.250  2.3109e-01
12.500  18.500  2.6456e-01
12.500  18.750  2.9200e-01
12.500  19.000  3.1198e-01
12.500  19.250  3.2311e-01
12.500  19.500  3.2787e-01
12.500  19.750  3.2831e-01
12.500  20.000  3.2469e-01
12.500  20.250  3.1755e-01
12.500  20.500  3.0833e-01
12.500  20.750  2.9698e-01
12.500  21.000  2.8142e-01
12.500  21.250  2.5192e-01
12.500  21.500  1.3204e-01
12.500  21.750  6.4833e-02
12.500  22.000  3.6388e-02
12.500  22.250  2.1761e-02
12.500  22.500  1.3416e-02
12.500  22.750  9.0629e-03
12.500  23.000  6.8141e-03
12.500  23.250  5.6589e-03
12.500  23.500  5.0841e-03
12.500  23.750  4.7672e-03
12.500  24.000  4.5905e-03
12.750  17.000  1.3489e-01
12.750  17.250  1.3241e-01
12.750  17.500  1.4156e-01
12.750  17.750  1.6482e-01
12.750  18.000  1.9690e-01
12.750  18.250  2.3299e-01
12.750  18.500  2.6794e-01
12.750  18.750  2.9863e-01
12.750  19.000  3.2119e-01
12.750  19.250  3.3462e-01
12.750  19.500  3.3933e-01
12.750  19.750  3.3970e-01
12.750  20.000  3.3663e-01
12.750  20.250  3.3132e-01
12.750  20.500  3.2149e-01
12.750  20.750  3.1225e-01
12.750  21.000  3.0046e-01
12.750  21.250  2.8486e-01
12.750  21.500  2.4104e-01
12.750  21.750  1.2639e-01
12.750  22.000  6.3513e-02
12.750  22.250  3.6333e-02
12.750  22.500  2.1239e-02
12.750  22.750  1.3178e-02
12.750  23.000  8.9453e-03
12.750  23.250  6.7706e-03
12.750  23.500  5.6495e-03
12.750  23.750  5.0791e-03
12.750  24.000  4.7642e-03
13.000  17.000  9.3088e-02
13.000  17.250  1.1288e-01
13.000  17.500  1.4869e-01
13.000  17.750  1.7037e-01
13.000  18.000  1.9978e-01
13.000  18.250  2.3442e-01
13.000  18.500  2.6970e-01
13.000  18.750  3.0122e-01
13.000  19.000  3.2580e-01
13.000  19.250  3.4158e-01
13.000  19.500  3.4829e-01
13.000  19.750  3.4841e-01
13.000  20.000  3.4487e-01
13.000  20.250  3.3972e-01
13.000  20.500  3.3284e-01
13.000  20.750  3.2399e-01
13.000  21.000  3.1391e-01
13.000  21.250  3.0278e-01
13.000  21.500  2.8261e-01
13.000  21.750  2.2657e-01
13.000  22.000  1.1999e-01
13.000  22.250  6.1771e-02
13.000  22.500  3.5783e-02
13.000  22.750  2.0676e-02
13.000  23.000  1.2848e-02
13.000  23.250  8.8616e-03
13.000  23.500  6.7188e-03
13.000  23.750  5.6337e-03
13.000  24.000  5.0703e-03
13.250  17.000  9.1466e-02
13.250  17.250  1.0885e-01
13.250  17.500  1.4365e-01
13.250  17.750  1.7616e-01
13.250  18.000  2.0457e-01
13.250  18.250  2.3701e-01
13.250  18.500  2.7113e-01
13.250  18.750  3.0246e-01
13.250  19.000  3.2782e-01
13.250  19.250  3.4458e-01
13.250  19.500  3.5320e-01
13.250  19.750  3.5478e-01
13.250  20.000  3.5180e-01
13.250  20.250  3.4662e-01
13.250  20.500  3.3992e-01
13.250  20.750  3.3204e-01
13.250  21.000  3.2421e-01
13.250  21.250  3.1342e-01
13.250  21.500  2.9893e-01
13.250  21.750  2.7551e-01
13.250  22.000  2.0877e-01
13.250  22.250  1.1238e-01
13.250  22.500  6.0091e-02
13.250  22.750  3.4579e-02
13.250  23.000  2.0072e-02
13.250  23.250  1.2577e-02
13.250  23.500  8.7305e-03
13.250  23.750  6.6612e-03
13.250  24.000  5.6097e-03
13.500  17.000  8.9697e-02
13.500  17.250  1.0688e-01
13.500  17.500  1.3733e-01
13.500  17.750  1.7415e-01
13.500  18.000  2.1191e-01
13.500  18.250  2.4141e-01
13.500  18.500  2.7283e-01
13.500  18.750  3.0336e-01
13.500  19.000  3.2902e-01
13.500  19.250  3.4763e-01
13.500  19.500  3.5713e-01
13.500  19.750  3.5967e-01
13.500  20.000  3.5778e-01
13.500  20.250  3.5366e-01
13.500  20.500  3.4598e-01
13.500  20.750  3.3760e-01
13.500  21.000  3.2871e-01
13.500  21.250  3.1978e-01
13.500  21.500  3.0597e-01
13.500  21.750  2.9173e-01
13.500  22.000  2.6317e-01
13.500  22.250  1.8872e-01
13.500  22.500  1.0358e-01
13.500  22.750  5.7007e-02
13.500  23.000  3.3017e-02
13.500  23.250  1.9468e-02
13.500  23.500  1.2296e-02
13.500  23.750  8.5429e-03
13.500  24.000  6.5909e-03
13.750  17.000  8.8500e-02
13.750  17.250  1.0485e-01
13.750  17.500  1.3348e-01
13.750  17.750  1.7002e-01
13.750  18.000  2.1393e-01
13.750  18.250  2.4697e-01
13.750  18.500  2.7812e-01
13.750  18.750  3.0581e-01
13.750  19.000  3.3060e-01
13.750  19.250  3.4979e-01
13.750  19.500  3.6162e-01
13.750  19.750  3.6592e-01
13.750  20.000  3.6486e-01
13.750  20.250  3.6049e-01
13.750  20.500  3.5403e-01
13.750  20.750  3.4504e-01
13.750  21.000  3.3527e-01
13.750  21.250  3.2480e-01
13.750  21.500  3.1282e-01
13.750  21.750  3.0142e-01
13.750  22.000  2.8483e-01
13.750  22.250  2.4861e-01
13.750  22.500  1.6753e-01
13.750  22.750  9.3600e-02
13.750  23.000  5.2973e-02
13.750  23.250  3.1397e-02
13.750  23.500  1.8738e-02
13.750  23.750  1.1967e-02
13.750  24.000  8.3647e-03
14.000  17.000  8.7440e-02
14.000  17.250  1.0235e-01
14.000  17.500  1.3025e-01
14.000  17.750  1.6410e-01
14.000  18.000  2.1141e-01
14.000  18.250  2.5540e-01
14.000  18.500  2.8695e-01
14.000  18.750  3.1159e-01
14.000  19.000  3.3412e-01
14.000  19.250  3.5336e-01
14.000  19.500  3.6662e-01
14.000  19.750  3.7353e-01
14.000  20.000  3.7392e-01
14.000  20.250  3.6985e-01
14.000  20.500  3.6364e-01
14.000  20.750  3.5511e-01
14.000  21.000  3.4502e-01
14.000  21.250  3.3450e-01
14.000  21.500  3.2185e-01
14.000  21.750  3.1223e-01
14.000  22.000  3.0125e-01
14.000  22.250  2.8025e-01
14.000  22.500  2.3081e-01
14.000  22.750  1.4676e-01
14.000  23.000  8.4863e-02
14.000  23.250  4.9139e-02
14.000  23.500  2.9766e-02
14.000  23.750  1.7929e-02
14.000  24.000  1.1551e-02
