Inwd 992.439A  relative to Inci 1215.00A scaled to 1215A.
Hden   Phi(H)  Eq_Width (A)
7.000  17.000  7.4272e-04
7.000  17.250  3.1416e-04
7.000  17.500  1.2305e-04
7.000  17.750  4.6420e-05
7.000  18.000  2.0494e-05
7.000  18.250  7.5720e-06
7.000  18.500  1.6461e-06
7.000  18.750  1.0000e-07
7.000  19.000  1.0000e-07
7.000  19.250  1.0000e-07
7.000  19.500  1.0000e-07
7.000  19.750  1.0000e-07
7.000  20.000  1.0000e-07
7.000  20.250  1.0000e-07
7.000  20.500  1.0000e-07
7.000  20.750  1.0000e-07
7.000  21.000  1.0000e-07
7.000  21.250  1.0000e-07
7.000  21.500  1.0000e-07
7.000  21.750  1.0000e-07
7.000  22.000  1.0000e-07
7.000  22.250  1.0000e-07
7.000  22.500  1.0000e-07
7.000  22.750  1.0000e-07
7.000  23.000  1.0000e-07
7.000  23.250  1.0000e-07
7.000  23.500  1.0000e-07
7.000  23.750  1.0000e-07
7.000  24.000  1.0000e-07
7.250  17.000  8.9366e-04
7.250  17.250  7.4831e-04
7.250  17.500  3.1465e-04
7.250  17.750  1.2247e-04
7.250  18.000  4.6091e-05
7.250  18.250  2.0329e-05
7.250  18.500  7.4897e-06
7.250  18.750  1.5638e-06
7.250  19.000  1.0000e-07
7.250  19.250  1.0000e-07
7.250  19.500  1.0000e-07
7.250  19.750  1.0000e-07
7.250  20.000  1.0000e-07
7.250  20.250  1.0000e-07
7.250  20.500  1.0000e-07
7.250  20.750  1.0000e-07
7.250  21.000  1.0000e-07
7.250  21.250  1.0000e-07
7.250  21.500  1.0000e-07
7.250  21.750  1.0000e-07
7.250  22.000  1.0000e-07
7.250  22.250  1.0000e-07
7.250  22.500  1.0000e-07
7.250  22.750  1.0000e-07
7.250  23.000  1.0000e-07
7.250  23.250  1.0000e-07
7.250  23.500  1.0000e-07
7.250  23.750  1.0000e-07
7.250  24.000  1.0000e-07
7.500  17.000  9.1794e-04
7.500  17.250  9.1309e-04
7.500  17.500  7.5835e-04
7.500  17.750  3.1695e-04
7.500  18.000  1.2214e-04
7.500  18.250  4.5761e-05
7.500  18.500  2.0165e-05
7.500  18.750  7.4897e-06
7.500  19.000  1.5638e-06
7.500  19.250  1.0000e-07
7.500  19.500  1.0000e-07
7.500  19.750  1.0000e-07
7.500  20.000  1.0000e-07
7.500  20.250  1.0000e-07
7.500  20.500  1.0000e-07
7.500  20.750  1.0000e-07
7.500  21.000  1.0000e-07
7.500  21.250  1.0000e-07
7.500  21.500  1.0000e-07
7.500  21.750  1.0000e-07
7.500  22.000  1.0000e-07
7.500  22.250  1.0000e-07
7.500  22.500  1.0000e-07
7.500  22.750  1.0000e-07
7.500  23.000  1.0000e-07
7.500  23.250  1.0000e-07
7.500  23.500  1.0000e-07
7.500  23.750  1.0000e-07
7.500  24.000  1.0000e-07
7.750  17.000  9.4609e-04
7.750  17.250  9.4708e-04
7.750  17.500  9.4239e-04
7.750  17.750  7.7391e-04
7.750  18.000  3.2099e-04
7.750  18.250  1.2222e-04
7.750  18.500  4.5514e-05
7.750  18.750  2.0082e-05
7.750  19.000  7.4897e-06
7.750  19.250  1.5638e-06
7.750  19.500  1.0000e-07
7.750  19.750  1.0000e-07
7.750  20.000  1.0000e-07
7.750  20.250  1.0000e-07
7.750  20.500  1.0000e-07
7.750  20.750  1.0000e-07
7.750  21.000  1.0000e-07
7.750  21.250  1.0000e-07
7.750  21.500  1.0000e-07
7.750  21.750  1.0000e-07
7.750  22.000  1.0000e-07
7.750  22.250  1.0000e-07
7.750  22.500  1.0000e-07
7.750  22.750  1.0000e-07
7.750  23.000  1.0000e-07
7.750  23.250  1.0000e-07
7.750  23.500  1.0000e-07
7.750  23.750  1.0000e-07
7.750  24.000  1.0000e-07
8.000  17.000  9.6420e-04
8.000  17.250  9.6757e-04
8.000  17.500  9.7300e-04
8.000  17.750  9.6930e-04
8.000  18.000  7.9399e-04
8.000  18.250  3.2658e-04
8.000  18.500  1.2280e-04
8.000  18.750  4.5350e-05
8.000  19.000  2.0082e-05
8.000  19.250  7.4897e-06
8.000  19.500  1.5638e-06
8.000  19.750  1.0000e-07
8.000  20.000  1.0000e-07
8.000  20.250  1.0000e-07
8.000  20.500  1.0000e-07
8.000  20.750  1.0000e-07
8.000  21.000  1.0000e-07
8.000  21.250  1.0000e-07
8.000  21.500  1.0000e-07
8.000  21.750  1.0000e-07
8.000  22.000  1.0000e-07
8.000  22.250  1.0000e-07
8.000  22.500  1.0000e-07
8.000  22.750  1.0000e-07
8.000  23.000  1.0000e-07
8.000  23.250  1.0000e-07
8.000  23.500  1.0000e-07
8.000  23.750  1.0000e-07
8.000  24.000  1.0000e-07
8.250  17.000  9.9671e-04
8.250  17.250  1.0037e-03
8.250  17.500  1.0067e-03
8.250  17.750  1.0131e-03
8.250  18.000  1.0097e-03
8.250  18.250  8.1646e-04
8.250  18.500  3.3325e-04
8.250  18.750  1.2354e-04
8.250  19.000  4.5267e-05
8.250  19.250  2.0165e-05
8.250  19.500  7.5720e-06
8.250  19.750  1.6461e-06
8.250  20.000  1.0000e-07
8.250  20.250  1.0000e-07
8.250  20.500  1.0000e-07
8.250  20.750  1.0000e-07
8.250  21.000  1.0000e-07
8.250  21.250  1.0000e-07
8.250  21.500  1.0000e-07
8.250  21.750  1.0000e-07
8.250  22.000  1.0000e-07
8.250  22.250  1.0000e-07
8.250  22.500  1.0000e-07
8.250  22.750  1.0000e-07
8.250  23.000  1.0000e-07
8.250  23.250  1.0000e-07
8.250  23.500  1.0000e-07
8.250  23.750  1.0000e-07
8.250  24.000  1.0000e-07
8.500  17.000  1.0201e-03
8.500  17.250  1.0331e-03
8.500  17.500  1.0409e-03
8.500  17.750  1.0440e-03
8.500  18.000  1.0527e-03
8.500  18.250  1.0509e-03
8.500  18.500  8.3695e-04
8.500  18.750  3.3975e-04
8.500  19.000  1.2436e-04
8.500  19.250  4.5267e-05
8.500  19.500  2.0247e-05
8.500  19.750  7.7366e-06
8.500  20.000  1.6461e-06
8.500  20.250  1.0000e-07
8.500  20.500  1.0000e-07
8.500  20.750  1.0000e-07
8.500  21.000  1.0000e-07
8.500  21.250  1.0000e-07
8.500  21.500  1.0000e-07
8.500  21.750  1.0000e-07
8.500  22.000  1.0000e-07
8.500  22.250  1.0000e-07
8.500  22.500  1.0000e-07
8.500  22.750  1.0000e-07
8.500  23.000  1.0000e-07
8.500  23.250  1.0000e-07
8.500  23.500  1.0000e-07
8.500  23.750  1.0000e-07
8.500  24.000  1.0000e-07
8.750  17.000  1.0292e-03
8.750  17.250  1.0492e-03
8.750  17.500  1.0622e-03
8.750  17.750  1.0688e-03
8.750  18.000  1.0747e-03
8.750  18.250  1.0878e-03
8.750  18.500  1.0892e-03
8.750  18.750  8.5473e-04
8.750  19.000  3.4477e-04
8.750  19.250  1.2477e-04
8.750  19.500  4.5267e-05
8.750  19.750  2.0329e-05
8.750  20.000  7.9012e-06
8.750  20.250  1.7284e-06
8.750  20.500  1.0000e-07
8.750  20.750  1.0000e-07
8.750  21.000  1.0000e-07
8.750  21.250  1.0000e-07
8.750  21.500  1.0000e-07
8.750  21.750  1.0000e-07
8.750  22.000  1.0000e-07
8.750  22.250  1.0000e-07
8.750  22.500  1.0000e-07
8.750  22.750  1.0000e-07
8.750  23.000  1.0000e-07
8.750  23.250  1.0000e-07
8.750  23.500  1.0000e-07
8.750  23.750  1.0000e-07
8.750  24.000  1.0000e-07
9.000  17.000  1.0245e-03
9.000  17.250  1.0504e-03
9.000  17.500  1.0705e-03
9.000  17.750  1.0841e-03
9.000  18.000  1.0909e-03
9.000  18.250  1.0991e-03
9.000  18.500  1.1168e-03
9.000  18.750  1.1230e-03
9.000  19.000  8.6691e-04
9.000  19.250  3.4807e-04
9.000  19.500  1.2469e-04
9.000  19.750  4.5185e-05
9.000  20.000  2.0412e-05
9.000  20.250  7.9835e-06
9.000  20.500  1.8107e-06
9.000  20.750  1.0000e-07
9.000  21.000  1.0000e-07
9.000  21.250  1.0000e-07
9.000  21.500  1.0000e-07
9.000  21.750  1.0000e-07
9.000  22.000  1.0000e-07
9.000  22.250  1.0000e-07
9.000  22.500  1.0000e-07
9.000  22.750  1.0000e-07
9.000  23.000  1.0000e-07
9.000  23.250  1.0000e-07
9.000  23.500  1.0000e-07
9.000  23.750  1.0000e-07
9.000  24.000  1.0000e-07
9.250  17.000  1.0059e-03
9.250  17.250  1.0401e-03
9.250  17.500  1.0663e-03
9.250  17.750  1.0868e-03
9.250  18.000  1.0990e-03
9.250  18.250  1.1070e-03
9.250  18.500  1.1181e-03
9.250  18.750  1.1395e-03
9.250  19.000  1.1519e-03
9.250  19.250  8.7440e-04
9.250  19.500  3.4996e-04
9.250  19.750  1.2436e-04
9.250  20.000  4.4856e-05
9.250  20.250  2.0494e-05
9.250  20.500  8.1481e-06
9.250  20.750  1.8930e-06
9.250  21.000  1.0000e-07
9.250  21.250  1.0000e-07
9.250  21.500  1.0000e-07
9.250  21.750  1.0000e-07
9.250  22.000  1.0000e-07
9.250  22.250  1.0000e-07
9.250  22.500  1.0000e-07
9.250  22.750  1.0000e-07
9.250  23.000  1.0000e-07
9.250  23.250  1.0000e-07
9.250  23.500  1.0000e-07
9.250  23.750  1.0000e-07
9.250  24.000  1.0000e-07
9.500  17.000  9.7193e-04
9.500  17.250  1.0192e-03
9.500  17.500  1.0535e-03
9.500  17.750  1.0810e-03
9.500  18.000  1.1012e-03
9.500  18.250  1.1123e-03
9.500  18.500  1.1211e-03
9.500  18.750  1.1388e-03
9.500  19.000  1.1603e-03
9.500  19.250  1.1769e-03
9.500  19.500  8.7877e-04
9.500  19.750  3.5226e-04
9.500  20.000  1.2395e-04
9.500  20.250  4.4527e-05
9.500  20.500  2.0412e-05
9.500  20.750  8.2305e-06
9.500  21.000  1.8930e-06
9.500  21.250  1.0000e-07
9.500  21.500  1.0000e-07
9.500  21.750  1.0000e-07
9.500  22.000  1.0000e-07
9.500  22.250  1.0000e-07
9.500  22.500  1.0000e-07
9.500  22.750  1.0000e-07
9.500  23.000  1.0000e-07
9.500  23.250  1.0000e-07
9.500  23.500  1.0000e-07
9.500  23.750  1.0000e-07
9.500  24.000  1.0000e-07
9.750  17.000  9.1276e-04
9.750  17.250  9.8774e-04
9.750  17.500  1.0365e-03
9.750  17.750  1.0719e-03
9.750  18.000  1.0985e-03
9.750  18.250  1.1181e-03
9.750  18.500  1.1276e-03
9.750  18.750  1.1369e-03
9.750  19.000  1.1612e-03
9.750  19.250  1.1830e-03
9.750  19.500  1.1937e-03
9.750  19.750  8.8099e-04
9.750  20.000  3.5490e-04
9.750  20.250  1.2395e-04
9.750  20.500  4.4198e-05
9.750  20.750  2.0412e-05
9.750  21.000  8.2305e-06
9.750  21.250  1.9753e-06
9.750  21.500  1.0000e-07
9.750  21.750  1.0000e-07
9.750  22.000  1.0000e-07
9.750  22.250  1.0000e-07
9.750  22.500  1.0000e-07
9.750  22.750  1.0000e-07
9.750  23.000  1.0000e-07
9.750  23.250  1.0000e-07
9.750  23.500  1.0000e-07
9.750  23.750  1.0000e-07
9.750  24.000  1.0000e-07
10.000  17.000  8.1185e-04
10.000  17.250  9.3663e-04
10.000  17.500  1.0145e-03
10.000  17.750  1.0640e-03
10.000  18.000  1.0988e-03
10.000  18.250  1.1243e-03
10.000  18.500  1.1412e-03
10.000  18.750  1.1476e-03
10.000  19.000  1.1598e-03
10.000  19.250  1.1797e-03
10.000  19.500  1.1993e-03
10.000  19.750  1.1933e-03
10.000  20.000  8.7926e-04
10.000  20.250  3.5877e-04
10.000  20.500  1.2428e-04
10.000  20.750  4.3951e-05
10.000  21.000  2.0329e-05
10.000  21.250  8.2305e-06
10.000  21.500  1.9753e-06
10.000  21.750  1.0000e-07
10.000  22.000  1.0000e-07
10.000  22.250  1.0000e-07
10.000  22.500  1.0000e-07
10.000  22.750  1.0000e-07
10.000  23.000  1.0000e-07
10.000  23.250  1.0000e-07
10.000  23.500  1.0000e-07
10.000  23.750  1.0000e-07
10.000  24.000  1.0000e-07
10.250  17.000  6.8601e-04
10.250  17.250  8.4749e-04
10.250  17.500  9.7909e-04
10.250  17.750  1.0586e-03
10.250  18.000  1.1076e-03
10.250  18.250  1.1385e-03
10.250  18.500  1.1598e-03
10.250  18.750  1.1718e-03
10.250  19.000  1.1734e-03
10.250  19.250  1.1849e-03
10.250  19.500  1.1853e-03
10.250  19.750  1.1950e-03
10.250  20.000  1.1675e-03
10.250  20.250  8.7160e-04
10.250  20.500  3.6329e-04
10.250  20.750  1.2535e-04
10.250  21.000  4.3868e-05
10.250  21.250  2.0247e-05
10.250  21.500  8.2305e-06
10.250  21.750  1.9753e-06
10.250  22.000  1.0000e-07
10.250  22.250  1.0000e-07
10.250  22.500  1.0000e-07
10.250  22.750  1.0000e-07
10.250  23.000  1.0000e-07
10.250  23.250  1.0000e-07
10.250  23.500  1.0000e-07
10.250  23.750  1.0000e-07
10.250  24.000  1.0000e-07
10.500  17.000  5.4519e-04
10.500  17.250  7.3103e-04
10.500  17.500  9.1095e-04
10.500  17.750  1.0500e-03
10.500  18.000  1.1278e-03
10.500  18.250  1.1699e-03
10.500  18.500  1.1933e-03
10.500  18.750  1.2065e-03
10.500  19.000  1.2077e-03
10.500  19.250  1.2077e-03
10.500  19.500  1.2069e-03
10.500  19.750  1.1930e-03
10.500  20.000  1.1666e-03
10.500  20.250  1.1160e-03
10.500  20.500  8.5498e-04
10.500  20.750  3.6840e-04
10.500  21.000  1.2708e-04
10.500  21.250  4.3868e-05
10.500  21.500  2.0247e-05
10.500  21.750  8.1481e-06
10.500  22.000  1.9753e-06
10.500  22.250  1.0000e-07
10.500  22.500  1.0000e-07
10.500  22.750  1.0000e-07
10.500  23.000  1.0000e-07
10.500  23.250  1.0000e-07
10.500  23.500  1.0000e-07
10.500  23.750  1.0000e-07
10.500  24.000  1.0000e-07
10.750  17.000  4.1580e-04
10.750  17.250  5.9070e-04
10.750  17.500  8.1399e-04
10.750  17.750  1.0212e-03
10.750  18.000  1.1556e-03
10.750  18.250  1.2228e-03
10.750  18.500  1.2507e-03
10.750  18.750  1.2626e-03
10.750  19.000  1.2652e-03
10.750  19.250  1.2578e-03
10.750  19.500  1.2426e-03
10.750  19.750  1.2226e-03
10.750  20.000  1.1844e-03
10.750  20.250  1.1262e-03
10.750  20.500  1.0595e-03
10.750  20.750  8.2683e-04
10.750  21.000  3.7210e-04
10.750  21.250  1.2938e-04
10.750  21.500  4.4280e-05
10.750  21.750  2.0247e-05
10.750  22.000  8.0658e-06
10.750  22.250  1.8930e-06
10.750  22.500  1.0000e-07
10.750  22.750  1.0000e-07
10.750  23.000  1.0000e-07
10.750  23.250  1.0000e-07
10.750  23.500  1.0000e-07
10.750  23.750  1.0000e-07
10.750  24.000  1.0000e-07
11.000  17.000  3.1021e-04
11.000  17.250  4.5177e-04
11.000  17.500  6.7514e-04
11.000  17.750  9.5630e-04
11.000  18.000  1.1747e-03
11.000  18.250  1.2942e-03
11.000  18.500  1.3459e-03
11.000  18.750  1.3609e-03
11.000  19.000  1.3592e-03
11.000  19.250  1.3471e-03
11.000  19.500  1.3225e-03
11.000  19.750  1.2844e-03
11.000  20.000  1.2300e-03
11.000  20.250  1.1652e-03
11.000  20.500  1.0980e-03
11.000  20.750  1.0552e-03
11.000  21.000  8.0609e-04
11.000  21.250  3.7160e-04
11.000  21.500  1.3276e-04
11.000  21.750  4.4691e-05
11.000  22.000  2.0247e-05
11.000  22.250  7.9835e-06
11.000  22.500  1.8930e-06
11.000  22.750  1.0000e-07
11.000  23.000  1.0000e-07
11.000  23.250  1.0000e-07
11.000  23.500  1.0000e-07
11.000  23.750  1.0000e-07
11.000  24.000  1.0000e-07
11.250  17.000  2.2856e-04
11.250  17.250  3.3342e-04
11.250  17.500  5.1835e-04
11.250  17.750  8.2148e-04
11.250  18.000  1.1495e-03
11.250  18.250  1.3717e-03
11.250  18.500  1.4800e-03
11.250  18.750  1.5134e-03
11.250  19.000  1.5080e-03
11.250  19.250  1.4877e-03
11.250  19.500  1.4513e-03
11.250  19.750  1.3965e-03
11.250  20.000  1.3245e-03
11.250  20.250  1.2382e-03
11.250  20.500  1.1627e-03
11.250  20.750  1.1360e-03
11.250  21.000  1.0700e-03
11.250  21.250  7.9975e-04
11.250  21.500  3.7251e-04
11.250  21.750  1.3580e-04
11.250  22.000  4.5432e-05
11.250  22.250  2.0247e-05
11.250  22.500  7.8189e-06
11.250  22.750  1.8107e-06
11.250  23.000  1.0000e-07
11.250  23.250  1.0000e-07
11.250  23.500  1.0000e-07
11.250  23.750  1.0000e-07
11.250  24.000  1.0000e-07
11.500  17.000  1.6782e-04
11.500  17.250  2.4156e-04
11.500  17.500  3.7605e-04
11.500  17.750  6.3251e-04
11.500  18.000  1.0222e-03
11.500  18.250  1.4008e-03
11.500  18.500  1.6321e-03
11.500  18.750  1.7223e-03
11.500  19.000  1.7263e-03
11.500  19.250  1.6917e-03
11.500  19.500  1.6376e-03
11.500  19.750  1.5621e-03
11.500  20.000  1.4650e-03
11.500  20.250  1.3526e-03
11.500  20.500  1.2579e-03
11.500  20.750  1.2191e-03
11.500  21.000  1.1960e-03
11.500  21.250  1.1139e-03
11.500  21.500  7.9449e-04
11.500  21.750  3.7531e-04
11.500  22.000  1.3819e-04
11.500  22.250  4.6337e-05
11.500  22.500  2.0329e-05
11.500  22.750  7.5720e-06
11.500  23.000  1.7284e-06
11.500  23.250  1.0000e-07
11.500  23.500  1.0000e-07
11.500  23.750  1.0000e-07
11.500  24.000  1.0000e-07
11.750  17.000  1.2305e-04
11.750  17.250  1.7416e-04
11.750  17.500  2.6420e-04
11.750  17.750  4.4519e-04
11.750  18.000  7.8634e-04
11.750  18.250  1.2802e-03
11.750  18.500  1.7224e-03
11.750  18.750  1.9440e-03
11.750  19.000  1.9965e-03
11.750  19.250  1.9563e-03
11.750  19.500  1.8763e-03
11.750  19.750  1.7715e-03
11.750  20.000  1.6437e-03
11.750  20.250  1.5017e-03
11.750  20.500  1.3673e-03
11.750  20.750  1.3010e-03
11.750  21.000  1.2946e-03
11.750  21.250  1.2655e-03
11.750  21.500  1.1561e-03
11.750  21.750  7.6436e-04
11.750  22.000  3.6354e-04
11.750  22.250  1.4041e-04
11.750  22.500  4.7490e-05
11.750  22.750  2.0412e-05
11.750  23.000  7.3251e-06
11.750  23.250  1.6461e-06
11.750  23.500  1.0000e-07
11.750  23.750  1.0000e-07
11.750  24.000  1.0000e-07
12.000  17.000  9.0288e-05
12.000  17.250  1.2568e-04
12.000  17.500  1.8346e-04
12.000  17.750  2.9654e-04
12.000  18.000  5.3366e-04
12.000  18.250  9.8346e-04
12.000  18.500  1.5914e-03
12.000  18.750  2.0623e-03
12.000  19.000  2.2506e-03
12.000  19.250  2.2491e-03
12.000  19.500  2.1483e-03
12.000  19.750  2.0042e-03
12.000  20.000  1.8370e-03
12.000  20.250  1.6574e-03
12.000  20.500  1.4920e-03
12.000  20.750  1.3924e-03
12.000  21.000  1.3798e-03
12.000  21.250  1.3498e-03
12.000  21.500  1.2568e-03
12.000  21.750  1.0675e-03
12.000  22.000  6.8634e-04
12.000  22.250  3.4864e-04
12.000  22.500  1.4008e-04
12.000  22.750  4.8807e-05
12.000  23.000  2.0576e-05
12.000  23.250  7.0782e-06
12.000  23.500  1.4815e-06
12.000  23.750  1.0000e-07
12.000  24.000  1.0000e-07
12.250  17.000  6.6173e-05
12.250  17.250  9.0947e-05
12.250  17.500  1.2774e-04
12.250  17.750  1.9407e-04
12.250  18.000  3.3358e-04
12.250  18.250  6.4461e-04
12.250  18.500  1.2242e-03
12.250  18.750  1.8960e-03
12.250  19.000  2.3286e-03
12.250  19.250  2.4653e-03
12.250  19.500  2.4099e-03
12.250  19.750  2.2497e-03
12.250  20.000  2.0333e-03
12.250  20.250  1.8128e-03
12.250  20.500  1.6140e-03
12.250  20.750  1.4920e-03
12.250  21.000  1.4523e-03
12.250  21.250  1.4353e-03
12.250  21.500  1.3156e-03
12.250  21.750  1.1390e-03
12.250  22.000  9.1350e-04
12.250  22.250  5.8444e-04
12.250  22.500  3.1078e-04
12.250  22.750  1.3671e-04
12.250  23.000  4.9959e-05
12.250  23.250  2.0905e-05
12.250  23.500  6.9136e-06
12.250  23.750  1.3992e-06
12.250  24.000  1.0000e-07
12.500  17.000  4.8395e-05
12.500  17.250  6.5926e-05
12.500  17.500  8.9712e-05
12.500  17.750  1.2798e-04
12.500  18.000  2.0337e-04
12.500  18.250  3.7901e-04
12.500  18.500  7.8436e-04
12.500  18.750  1.4467e-03
12.500  19.000  2.0987e-03
12.500  19.250  2.4470e-03
12.500  19.500  2.5267e-03
12.500  19.750  2.4440e-03
12.500  20.000  2.2399e-03
12.500  20.250  1.9699e-03
12.500  20.500  1.7244e-03
12.500  20.750  1.6030e-03
12.500  21.000  1.5802e-03
12.500  21.250  1.5243e-03
12.500  21.500  1.3871e-03
12.500  21.750  1.1971e-03
12.500  22.000  9.8716e-04
12.500  22.250  7.4099e-04
12.500  22.500  4.7424e-04
12.500  22.750  2.6823e-04
12.500  23.000  1.2601e-04
12.500  23.250  5.0864e-05
12.500  23.500  2.1564e-05
12.500  23.750  6.7490e-06
12.500  24.000  1.2346e-06
12.750  17.000  3.5309e-05
12.750  17.250  4.7984e-05
12.750  17.500  6.3457e-05
12.750  17.750  8.6008e-05
12.750  18.000  1.2576e-04
12.750  18.250  2.1407e-04
12.750  18.500  4.3350e-04
12.750  18.750  9.0593e-04
12.750  19.000  1.5428e-03
12.750  19.250  2.0965e-03
12.750  19.500  2.3632e-03
12.750  19.750  2.4267e-03
12.750  20.000  2.3341e-03
12.750  20.250  2.1807e-03
12.750  20.500  1.8859e-03
12.750  20.750  1.7183e-03
12.750  21.000  1.6694e-03
12.750  21.250  1.6715e-03
12.750  21.500  1.4838e-03
12.750  21.750  1.2838e-03
12.750  22.000  1.0663e-03
12.750  22.250  8.3399e-04
12.750  22.500  5.9934e-04
12.750  22.750  3.9893e-04
12.750  23.000  2.2527e-04
12.750  23.250  1.1399e-04
12.750  23.500  4.9959e-05
12.750  23.750  2.1975e-05
12.750  24.000  6.7490e-06
13.000  17.000  2.5103e-05
13.000  17.250  3.4074e-05
13.000  17.500  4.5185e-05
13.000  17.750  5.8848e-05
13.000  18.000  8.0412e-05
13.000  18.250  1.2346e-04
13.000  18.500  2.2724e-04
13.000  18.750  4.6864e-04
13.000  19.000  9.1300e-04
13.000  19.250  1.4525e-03
13.000  19.500  1.9026e-03
13.000  19.750  2.1396e-03
13.000  20.000  2.2013e-03
13.000  20.250  2.2009e-03
13.000  20.500  2.1371e-03
13.000  20.750  1.9416e-03
13.000  21.000  1.9043e-03
13.000  21.250  1.8368e-03
13.000  21.500  1.6656e-03
13.000  21.750  1.4274e-03
13.000  22.000  1.1885e-03
13.000  22.250  9.3934e-04
13.000  22.500  6.9712e-04
13.000  22.750  4.8321e-04
13.000  23.000  3.1613e-04
13.000  23.250  1.9276e-04
13.000  23.500  1.0074e-04
13.000  23.750  4.7407e-05
13.000  24.000  2.1481e-05
13.250  17.000  1.7942e-05
13.250  17.250  2.4527e-05
13.250  17.500  3.1605e-05
13.250  17.750  4.0494e-05
13.250  18.000  5.2922e-05
13.250  18.250  7.4486e-05
13.250  18.500  1.2074e-04
13.250  18.750  2.2494e-04
13.250  19.000  4.3210e-04
13.250  19.250  7.6453e-04
13.250  19.500  1.1774e-03
13.250  19.750  1.5221e-03
13.250  20.000  1.7424e-03
13.250  20.250  1.8584e-03
13.250  20.500  2.0170e-03
13.250  20.750  2.1428e-03
13.250  21.000  2.1957e-03
13.250  21.250  2.1311e-03
13.250  21.500  1.9700e-03
13.250  21.750  1.6247e-03
13.250  22.000  1.3393e-03
13.250  22.250  1.0752e-03
13.250  22.500  8.1934e-04
13.250  22.750  5.8519e-04
13.250  23.000  4.0214e-04
13.250  23.250  2.6527e-04
13.250  23.500  1.7012e-04
13.250  23.750  8.9547e-05
13.250  24.000  4.4280e-05
13.500  17.000  1.2593e-05
13.500  17.250  1.7366e-05
13.500  17.500  2.2222e-05
13.500  17.750  2.7572e-05
13.500  18.000  3.5062e-05
13.500  18.250  4.6584e-05
13.500  18.500  6.7243e-05
13.500  18.750  1.0815e-04
13.500  19.000  1.8774e-04
13.500  19.250  3.2156e-04
13.500  19.500  5.2222e-04
13.500  19.750  7.7243e-04
13.500  20.000  9.9695e-04
13.500  20.250  1.3119e-03
13.500  20.500  1.4053e-03
13.500  20.750  1.6159e-03
13.500  21.000  1.8168e-03
13.500  21.250  2.0687e-03
13.500  21.500  1.8164e-03
13.500  21.750  1.7442e-03
13.500  22.000  1.5192e-03
13.500  22.250  1.2636e-03
13.500  22.500  9.4148e-04
13.500  22.750  7.1893e-04
13.500  23.000  5.0107e-04
13.500  23.250  3.4535e-04
13.500  23.500  2.3276e-04
13.500  23.750  1.4313e-04
13.500  24.000  7.9835e-05
13.750  17.000  8.5597e-06
13.750  17.250  1.2016e-05
13.750  17.500  1.5391e-05
13.750  17.750  1.8765e-05
13.750  18.000  2.2963e-05
13.750  18.250  2.9218e-05
13.750  18.500  3.9012e-05
13.750  18.750  5.4897e-05
13.750  19.000  8.1070e-05
13.750  19.250  1.2337e-04
13.750  19.500  1.8724e-04
13.750  19.750  2.7827e-04
13.750  20.000  3.9992e-04
13.750  20.250  5.0486e-04
13.750  20.500  6.4914e-04
13.750  20.750  7.9885e-04
13.750  21.000  9.5885e-04
13.750  21.250  1.0539e-03
13.750  21.500  1.2384e-03
13.750  21.750  1.2754e-03
13.750  22.000  1.3367e-03
13.750  22.250  1.3342e-03
13.750  22.500  1.1643e-03
13.750  22.750  8.8132e-04
13.750  23.000  6.5276e-04
13.750  23.250  4.5383e-04
13.750  23.500  3.0609e-04
13.750  23.750  2.1169e-04
13.750  24.000  1.3144e-04
14.000  17.000  5.6790e-06
14.000  17.250  8.0658e-06
14.000  17.500  1.0453e-05
14.000  17.750  1.2593e-05
14.000  18.000  1.4897e-05
14.000  18.250  1.8107e-05
14.000  18.500  2.2634e-05
14.000  18.750  2.8724e-05
14.000  19.000  3.7366e-05
14.000  19.250  4.8971e-05
14.000  19.500  6.5432e-05
14.000  19.750  8.8230e-05
14.000  20.000  1.1975e-04
14.000  20.250  1.6156e-04
14.000  20.500  2.0807e-04
14.000  20.750  2.5062e-04
14.000  21.000  3.1259e-04
14.000  21.250  4.2305e-04
14.000  21.500  4.6107e-04
14.000  21.750  5.9300e-04
14.000  22.000  7.8337e-04
14.000  22.250  1.0518e-03
14.000  22.500  1.2988e-03
14.000  22.750  1.2108e-03
14.000  23.000  9.4058e-04
14.000  23.250  6.5572e-04
14.000  23.500  4.3860e-04
14.000  23.750  2.8370e-04
14.000  24.000  1.9663e-04
