InwT 1262.79A  relative to Inci 1215.00A scaled to 1215A.
Hden   Phi(H)  Eq_Width (A)
7.000  17.000  3.0083e-02
7.000  17.250  2.4950e-02
7.000  17.500  2.0968e-02
7.000  17.750  1.8146e-02
7.000  18.000  1.6391e-02
7.000  18.250  1.5369e-02
7.000  18.500  1.4759e-02
7.000  18.750  1.4474e-02
7.000  19.000  1.4326e-02
7.000  19.250  1.4242e-02
7.000  19.500  1.4207e-02
7.000  19.750  1.4193e-02
7.000  20.000  1.4186e-02
7.000  20.250  1.4183e-02
7.000  20.500  1.4182e-02
7.000  20.750  1.4181e-02
7.000  21.000  1.4181e-02
7.000  21.250  1.4180e-02
7.000  21.500  1.4180e-02
7.000  21.750  1.4180e-02
7.000  22.000  1.4180e-02
7.000  22.250  1.4180e-02
7.000  22.500  1.4180e-02
7.000  22.750  1.4182e-02
7.000  23.000  1.4182e-02
7.000  23.250  1.4180e-02
7.000  23.500  1.4181e-02
7.000  23.750  1.4181e-02
7.000  24.000  1.4182e-02
7.250  17.000  3.1014e-02
7.250  17.250  2.9949e-02
7.250  17.500  2.4876e-02
7.250  17.750  2.0931e-02
7.250  18.000  1.8125e-02
7.250  18.250  1.6380e-02
7.250  18.500  1.5364e-02
7.250  18.750  1.4757e-02
7.250  19.000  1.4474e-02
7.250  19.250  1.4326e-02
7.250  19.500  1.4242e-02
7.250  19.750  1.4207e-02
7.250  20.000  1.4193e-02
7.250  20.250  1.4186e-02
7.250  20.500  1.4183e-02
7.250  20.750  1.4182e-02
7.250  21.000  1.4181e-02
7.250  21.250  1.4180e-02
7.250  21.500  1.4180e-02
7.250  21.750  1.4180e-02
7.250  22.000  1.4180e-02
7.250  22.250  1.4180e-02
7.250  22.500  1.4180e-02
7.250  22.750  1.4180e-02
7.250  23.000  1.4180e-02
7.250  23.250  1.4180e-02
7.250  23.500  1.4180e-02
7.250  23.750  1.4180e-02
7.250  24.000  1.4180e-02
7.500  17.000  4.7007e-02
7.500  17.250  3.0552e-02
7.500  17.500  2.9876e-02
7.500  17.750  2.4834e-02
7.500  18.000  2.0911e-02
7.500  18.250  1.8113e-02
7.500  18.500  1.6373e-02
7.500  18.750  1.5361e-02
7.500  19.000  1.4756e-02
7.500  19.250  1.4473e-02
7.500  19.500  1.4325e-02
7.500  19.750  1.4242e-02
7.500  20.000  1.4207e-02
7.500  20.250  1.4193e-02
7.500  20.500  1.4186e-02
7.500  20.750  1.4183e-02
7.500  21.000  1.4182e-02
7.500  21.250  1.4181e-02
7.500  21.500  1.4180e-02
7.500  21.750  1.4180e-02
7.500  22.000  1.4180e-02
7.500  22.250  1.4180e-02
7.500  22.500  1.4180e-02
7.500  22.750  1.4180e-02
7.500  23.000  1.4180e-02
7.500  23.250  1.4180e-02
7.500  23.500  1.4182e-02
7.500  23.750  1.4180e-02
7.500  24.000  1.4180e-02
7.750  17.000  1.3365e-01
7.750  17.250  4.4923e-02
7.750  17.500  3.0185e-02
7.750  17.750  2.9027e-02
7.750  18.000  2.4812e-02
7.750  18.250  2.0903e-02
7.750  18.500  1.8106e-02
7.750  18.750  1.6369e-02
7.750  19.000  1.5359e-02
7.750  19.250  1.4755e-02
7.750  19.500  1.4473e-02
7.750  19.750  1.4325e-02
7.750  20.000  1.4242e-02
7.750  20.250  1.4207e-02
7.750  20.500  1.4193e-02
7.750  20.750  1.4186e-02
7.750  21.000  1.4183e-02
7.750  21.250  1.4182e-02
7.750  21.500  1.4181e-02
7.750  21.750  1.4180e-02
7.750  22.000  1.4180e-02
7.750  22.250  1.4180e-02
7.750  22.500  1.4180e-02
7.750  22.750  1.4180e-02
7.750  23.000  1.4180e-02
7.750  23.250  1.4180e-02
7.750  23.500  1.4180e-02
7.750  23.750  1.4180e-02
7.750  24.000  1.4180e-02
8.000  17.000  1.9875e-01
8.000  17.250  1.3296e-01
8.000  17.500  8.1769e-02
8.000  17.750  4.7596e-02
8.000  18.000  2.9812e-02
8.000  18.250  2.4801e-02
8.000  18.500  2.0902e-02
8.000  18.750  1.8102e-02
8.000  19.000  1.6366e-02
8.000  19.250  1.5358e-02
8.000  19.500  1.4755e-02
8.000  19.750  1.4473e-02
8.000  20.000  1.4325e-02
8.000  20.250  1.4242e-02
8.000  20.500  1.4207e-02
8.000  20.750  1.4193e-02
8.000  21.000  1.4186e-02
8.000  21.250  1.4183e-02
8.000  21.500  1.4182e-02
8.000  21.750  1.4181e-02
8.000  22.000  1.4180e-02
8.000  22.250  1.4180e-02
8.000  22.500  1.4180e-02
8.000  22.750  1.4180e-02
8.000  23.000  1.4180e-02
8.000  23.250  1.4180e-02
8.000  23.500  1.4180e-02
8.000  23.750  1.4180e-02
8.000  24.000  1.4180e-02
8.250  17.000  2.4310e-01
8.250  17.250  1.9580e-01
8.250  17.500  1.3049e-01
8.250  17.750  7.7624e-02
8.250  18.000  4.3200e-02
8.250  18.250  2.3465e-02
8.250  18.500  1.4668e-02
8.250  18.750  1.3054e-02
8.250  19.000  1.4870e-02
8.250  19.250  1.6364e-02
8.250  19.500  1.5357e-02
8.250  19.750  1.4755e-02
8.250  20.000  1.4473e-02
8.250  20.250  1.4325e-02
8.250  20.500  1.4242e-02
8.250  20.750  1.4207e-02
8.250  21.000  1.4193e-02
8.250  21.250  1.4186e-02
8.250  21.500  1.4183e-02
8.250  21.750  1.4182e-02
8.250  22.000  1.4181e-02
8.250  22.250  1.4180e-02
8.250  22.500  1.4180e-02
8.250  22.750  1.4181e-02
8.250  23.000  1.4180e-02
8.250  23.250  1.4180e-02
8.250  23.500  1.4181e-02
8.250  23.750  1.4180e-02
8.250  24.000  1.4180e-02
8.500  17.000  2.7317e-01
8.500  17.250  2.4047e-01
8.500  17.500  1.9275e-01
8.500  17.750  1.2804e-01
8.500  18.000  7.7108e-02
8.500  18.250  4.5470e-02
8.500  18.500  2.9774e-02
8.500  18.750  2.4797e-02
8.500  19.000  2.0911e-02
8.500  19.250  1.8099e-02
8.500  19.500  1.6363e-02
8.500  19.750  1.5356e-02
8.500  20.000  1.4754e-02
8.500  20.250  1.4473e-02
8.500  20.500  1.4325e-02
8.500  20.750  1.4242e-02
8.500  21.000  1.4207e-02
8.500  21.250  1.4193e-02
8.500  21.500  1.4186e-02
8.500  21.750  1.4183e-02
8.500  22.000  1.4182e-02
8.500  22.250  1.4181e-02
8.500  22.500  1.4180e-02
8.500  22.750  1.4180e-02
8.500  23.000  1.4180e-02
8.500  23.250  1.4180e-02
8.500  23.500  1.4180e-02
8.500  23.750  1.4180e-02
8.500  24.000  1.4180e-02
8.750  17.000  2.9355e-01
8.750  17.250  2.7096e-01
8.750  17.500  2.3745e-01
8.750  17.750  1.8864e-01
8.750  18.000  1.2402e-01
8.750  18.250  7.4324e-02
8.750  18.500  4.4352e-02
8.750  18.750  2.9752e-02
8.750  19.000  2.4799e-02
8.750  19.250  2.0919e-02
8.750  19.500  1.8099e-02
8.750  19.750  1.6362e-02
8.750  20.000  1.5356e-02
8.750  20.250  1.4754e-02
8.750  20.500  1.4473e-02
8.750  20.750  1.4325e-02
8.750  21.000  1.4242e-02
8.750  21.250  1.4207e-02
8.750  21.500  1.4193e-02
8.750  21.750  1.4186e-02
8.750  22.000  1.4183e-02
8.750  22.250  1.4182e-02
8.750  22.500  1.4181e-02
8.750  22.750  1.4180e-02
8.750  23.000  1.4180e-02
8.750  23.250  1.4180e-02
8.750  23.500  1.4180e-02
8.750  23.750  1.4180e-02
8.750  24.000  1.4180e-02
9.000  17.000  3.0737e-01
9.000  17.250  2.9170e-01
9.000  17.500  2.6813e-01
9.000  17.750  2.3292e-01
9.000  18.000  1.8251e-01
9.000  18.250  1.1706e-01
9.000  18.500  6.9128e-02
9.000  18.750  4.2201e-02
9.000  19.000  2.9726e-02
9.000  19.250  2.4799e-02
9.000  19.500  2.0927e-02
9.000  19.750  1.8099e-02
9.000  20.000  1.6361e-02
9.000  20.250  1.5355e-02
9.000  20.500  1.4754e-02
9.000  20.750  1.4472e-02
9.000  21.000  1.4325e-02
9.000  21.250  1.4242e-02
9.000  21.500  1.4207e-02
9.000  21.750  1.4193e-02
9.000  22.000  1.4186e-02
9.000  22.250  1.4183e-02
9.000  22.500  1.4182e-02
9.000  22.750  1.4181e-02
9.000  23.000  1.4180e-02
9.000  23.250  1.4180e-02
9.000  23.500  1.4180e-02
9.000  23.750  1.4180e-02
9.000  24.000  1.4180e-02
9.250  17.000  3.1665e-01
9.250  17.250  3.0581e-01
9.250  17.500  2.8912e-01
9.250  17.750  2.6351e-01
9.250  18.000  2.2520e-01
9.250  18.250  1.7149e-01
9.250  18.500  1.0461e-01
9.250  18.750  5.9899e-02
9.250  19.000  3.8403e-02
9.250  19.250  2.9692e-02
9.250  19.500  2.4796e-02
9.250  19.750  2.0934e-02
9.250  20.000  1.8098e-02
9.250  20.250  1.6360e-02
9.250  20.500  1.5355e-02
9.250  20.750  1.4754e-02
9.250  21.000  1.4472e-02
9.250  21.250  1.4325e-02
9.250  21.500  1.4241e-02
9.250  21.750  1.4206e-02
9.250  22.000  1.4191e-02
9.250  22.250  1.4185e-02
9.250  22.500  1.4182e-02
9.250  22.750  1.4181e-02
9.250  23.000  1.4181e-02
9.250  23.250  1.4180e-02
9.250  23.500  1.4180e-02
9.250  23.750  1.4180e-02
9.250  24.000  1.4180e-02
9.500  17.000  3.2278e-01
9.500  17.250  3.1526e-01
9.500  17.500  3.0350e-01
9.500  17.750  2.8489e-01
9.500  18.000  2.5572e-01
9.500  18.250  2.1206e-01
9.500  18.500  1.5317e-01
9.500  18.750  8.2766e-02
9.500  19.000  4.3202e-02
9.500  19.250  3.1458e-02
9.500  19.500  2.9655e-02
9.500  19.750  2.4788e-02
9.500  20.000  2.0940e-02
9.500  20.250  1.8098e-02
9.500  20.500  1.6359e-02
9.500  20.750  1.5354e-02
9.500  21.000  1.4752e-02
9.500  21.250  1.4471e-02
9.500  21.500  1.4323e-02
9.500  21.750  1.4240e-02
9.500  22.000  1.4205e-02
9.500  22.250  1.4190e-02
9.500  22.500  1.4184e-02
9.500  22.750  1.4181e-02
9.500  23.000  1.4179e-02
9.500  23.250  1.4178e-02
9.500  23.500  1.4178e-02
9.500  23.750  1.4178e-02
9.500  24.000  1.4177e-02
9.750  17.000  3.2673e-01
9.750  17.250  3.2147e-01
9.750  17.500  3.1318e-01
9.750  17.750  2.9965e-01
9.750  18.000  2.7718e-01
9.750  18.250  2.4231e-01
9.750  18.500  1.9305e-01
9.750  18.750  1.3061e-01
9.750  19.000  8.3096e-02
9.750  19.250  5.3862e-02
9.750  19.500  3.7753e-02
9.750  19.750  2.9615e-02
9.750  20.000  2.4775e-02
9.750  20.250  2.0943e-02
9.750  20.500  1.8098e-02
9.750  20.750  1.6359e-02
9.750  21.000  1.5354e-02
9.750  21.250  1.4752e-02
9.750  21.500  1.4471e-02
9.750  21.750  1.4324e-02
9.750  22.000  1.4240e-02
9.750  22.250  1.4205e-02
9.750  22.500  1.4190e-02
9.750  22.750  1.4184e-02
9.750  23.000  1.4181e-02
9.750  23.250  1.4179e-02
9.750  23.500  1.4178e-02
9.750  23.750  1.4178e-02
9.750  24.000  1.4178e-02
10.000  17.000  3.2919e-01
10.000  17.250  3.2543e-01
10.000  17.500  3.1948e-01
10.000  17.750  3.0945e-01
10.000  18.000  2.9226e-01
10.000  18.250  2.6495e-01
10.000  18.500  2.2522e-01
10.000  18.750  1.7254e-01
10.000  19.000  1.0557e-01
10.000  19.250  5.8640e-02
10.000  19.500  3.5453e-02
10.000  19.750  2.8922e-02
10.000  20.000  2.9587e-02
10.000  20.250  2.4760e-02
10.000  20.500  2.0943e-02
10.000  20.750  1.8098e-02
10.000  21.000  1.6359e-02
10.000  21.250  1.5354e-02
10.000  21.500  1.4753e-02
10.000  21.750  1.4471e-02
10.000  22.000  1.4324e-02
10.000  22.250  1.4240e-02
10.000  22.500  1.4205e-02
10.000  22.750  1.4190e-02
10.000  23.000  1.4184e-02
10.000  23.250  1.4181e-02
10.000  23.500  1.4179e-02
10.000  23.750  1.4178e-02
10.000  24.000  1.4178e-02
10.250  17.000  3.3082e-01
10.250  17.250  3.2788e-01
10.250  17.500  3.2347e-01
10.250  17.750  3.1588e-01
10.250  18.000  3.0257e-01
10.250  18.250  2.8157e-01
10.250  18.500  2.5060e-01
10.250  18.750  2.0778e-01
10.250  19.000  1.5199e-01
10.250  19.250  1.0570e-01
10.250  19.500  7.2926e-02
10.250  19.750  5.1054e-02
10.250  20.000  3.7473e-02
10.250  20.250  2.9570e-02
10.250  20.500  2.4744e-02
10.250  20.750  2.0942e-02
10.250  21.000  1.8098e-02
10.250  21.250  1.6359e-02
10.250  21.500  1.5354e-02
10.250  21.750  1.4753e-02
10.250  22.000  1.4471e-02
10.250  22.250  1.4324e-02
10.250  22.500  1.4241e-02
10.250  22.750  1.4205e-02
10.250  23.000  1.4190e-02
10.250  23.250  1.4184e-02
10.250  23.500  1.4181e-02
10.250  23.750  1.4179e-02
10.250  24.000  1.4178e-02
10.500  17.000  3.3195e-01
10.500  17.250  3.2949e-01
10.500  17.500  3.2591e-01
10.500  17.750  3.1993e-01
10.500  18.000  3.0944e-01
10.500  18.250  2.9288e-01
10.500  18.500  2.6965e-01
10.500  18.750  2.3717e-01
10.500  19.000  1.9324e-01
10.500  19.250  1.3414e-01
10.500  19.500  8.5608e-02
10.500  19.750  5.3213e-02
10.500  20.000  3.4973e-02
10.500  20.250  2.8904e-02
10.500  20.500  2.9629e-02
10.500  20.750  2.4732e-02
10.500  21.000  2.0938e-02
10.500  21.250  1.8098e-02
10.500  21.500  1.6359e-02
10.500  21.750  1.5354e-02
10.500  22.000  1.4753e-02
10.500  22.250  1.4472e-02
10.500  22.500  1.4324e-02
10.500  22.750  1.4241e-02
10.500  23.000  1.4206e-02
10.500  23.250  1.4190e-02
10.500  23.500  1.4184e-02
10.500  23.750  1.4181e-02
10.500  24.000  1.4179e-02
10.750  17.000  3.3271e-01
10.750  17.250  3.3059e-01
10.750  17.500  3.2747e-01
10.750  17.750  3.2228e-01
10.750  18.000  3.1368e-01
10.750  18.250  3.0091e-01
10.750  18.500  2.8364e-01
10.750  18.750  2.5978e-01
10.750  19.000  2.2710e-01
10.750  19.250  1.8126e-01
10.750  19.500  1.1931e-01
10.750  19.750  7.2280e-02
10.750  20.000  4.4819e-02
10.750  20.250  3.2102e-02
10.750  20.500  2.9308e-02
10.750  20.750  2.9784e-02
10.750  21.000  2.4737e-02
10.750  21.250  2.0934e-02
10.750  21.500  1.8098e-02
10.750  21.750  1.6359e-02
10.750  22.000  1.5354e-02
10.750  22.250  1.4753e-02
10.750  22.500  1.4472e-02
10.750  22.750  1.4325e-02
10.750  23.000  1.4241e-02
10.750  23.250  1.4206e-02
10.750  23.500  1.4191e-02
10.750  23.750  1.4184e-02
10.750  24.000  1.4181e-02
11.000  17.000  3.3318e-01
11.000  17.250  3.3133e-01
11.000  17.500  3.2836e-01
11.000  17.750  3.2348e-01
11.000  18.000  3.1608e-01
11.000  18.250  3.0592e-01
11.000  18.500  2.9308e-01
11.000  18.750  2.7623e-01
11.000  19.000  2.5257e-01
11.000  19.250  2.1881e-01
11.000  19.500  1.7098e-01
11.000  19.750  1.0413e-01
11.000  20.000  5.7443e-02
11.000  20.250  3.5088e-02
11.000  20.500  2.8671e-02
11.000  20.750  2.9797e-02
11.000  21.000  3.0069e-02
11.000  21.250  2.4778e-02
11.000  21.500  2.0930e-02
11.000  21.750  1.8098e-02
11.000  22.000  1.6360e-02
11.000  22.250  1.5355e-02
11.000  22.500  1.4753e-02
11.000  22.750  1.4472e-02
11.000  23.000  1.4325e-02
11.000  23.250  1.4241e-02
11.000  23.500  1.4206e-02
11.000  23.750  1.4191e-02
11.000  24.000  1.4184e-02
11.250  17.000  3.3329e-01
11.250  17.250  3.3162e-01
11.250  17.500  3.2858e-01
11.250  17.750  3.2371e-01
11.250  18.000  3.1686e-01
11.250  18.250  3.0854e-01
11.250  18.500  2.9917e-01
11.250  18.750  2.8721e-01
11.250  19.000  2.7067e-01
11.250  19.250  2.4638e-01
11.250  19.500  2.1124e-01
11.250  19.750  1.6071e-01
11.250  20.000  1.1493e-01
11.250  20.250  7.9355e-02
11.250  20.500  5.3725e-02
11.250  20.750  3.7770e-02
11.250  21.000  3.1221e-02
11.250  21.250  3.0501e-02
11.250  21.500  2.4867e-02
11.250  21.750  2.0929e-02
11.250  22.000  1.8098e-02
11.250  22.250  1.6361e-02
11.250  22.500  1.5355e-02
11.250  22.750  1.4753e-02
11.250  23.000  1.4472e-02
11.250  23.250  1.4325e-02
11.250  23.500  1.4241e-02
11.250  23.750  1.4206e-02
11.250  24.000  1.4191e-02
11.500  17.000  3.3308e-01
11.500  17.250  3.3136e-01
11.500  17.500  3.2807e-01
11.500  17.750  3.2288e-01
11.500  18.000  3.1616e-01
11.500  18.250  3.0922e-01
11.500  18.500  3.0202e-01
11.500  18.750  2.9351e-01
11.500  19.000  2.8224e-01
11.500  19.250  2.6554e-01
11.500  19.500  2.4107e-01
11.500  19.750  2.0462e-01
11.500  20.000  1.5142e-01
11.500  20.250  1.0583e-01
11.500  20.500  7.3136e-02
11.500  20.750  5.1419e-02
11.500  21.000  3.8760e-02
11.500  21.250  3.3241e-02
11.500  21.500  3.1022e-02
11.500  21.750  2.5007e-02
11.500  22.000  2.0934e-02
11.500  22.250  1.8097e-02
11.500  22.500  1.6362e-02
11.500  22.750  1.5356e-02
11.500  23.000  1.4753e-02
11.500  23.250  1.4472e-02
11.500  23.500  1.4325e-02
11.500  23.750  1.4242e-02
11.500  24.000  1.4206e-02
11.750  17.000  3.3257e-01
11.750  17.250  3.3043e-01
11.750  17.500  3.2655e-01
11.750  17.750  3.2061e-01
11.750  18.000  3.1389e-01
11.750  18.250  3.0796e-01
11.750  18.500  3.0239e-01
11.750  18.750  2.9642e-01
11.750  19.000  2.8856e-01
11.750  19.250  2.7771e-01
11.750  19.500  2.6097e-01
11.750  19.750  2.3612e-01
11.750  20.000  1.9851e-01
11.750  20.250  1.4275e-01
11.750  20.500  9.7666e-02
11.750  20.750  6.8283e-02
11.750  21.000  5.0792e-02
11.750  21.250  4.1385e-02
11.750  21.500  3.6254e-02
11.750  21.750  3.1552e-02
11.750  22.000  2.5194e-02
11.750  22.250  2.0947e-02
11.750  22.500  1.8097e-02
11.750  22.750  1.6363e-02
11.750  23.000  1.5356e-02
11.750  23.250  1.4752e-02
11.750  23.500  1.4472e-02
11.750  23.750  1.4325e-02
11.750  24.000  1.4242e-02
12.000  17.000  3.3142e-01
12.000  17.250  3.2849e-01
12.000  17.500  3.2343e-01
12.000  17.750  3.1645e-01
12.000  18.000  3.1011e-01
12.000  18.250  3.0505e-01
12.000  18.500  3.0089e-01
12.000  18.750  2.9648e-01
12.000  19.000  2.9106e-01
12.000  19.250  2.8396e-01
12.000  19.500  2.7354e-01
12.000  19.750  2.5705e-01
12.000  20.000  2.3171e-01
12.000  20.250  1.9318e-01
12.000  20.500  1.3515e-01
12.000  20.750  8.8558e-02
12.000  21.000  5.9421e-02
12.000  21.250  4.4372e-02
12.000  21.500  4.0044e-02
12.000  21.750  3.9955e-02
12.000  22.000  3.2088e-02
12.000  22.250  2.5324e-02
12.000  22.500  2.0968e-02
12.000  22.750  1.8096e-02
12.000  23.000  1.6364e-02
12.000  23.250  1.5357e-02
12.000  23.500  1.4752e-02
12.000  23.750  1.4472e-02
12.000  24.000  1.4325e-02
12.250  17.000  3.2820e-01
12.250  17.250  3.2412e-01
12.250  17.500  3.1756e-01
12.250  17.750  3.1016e-01
12.250  18.000  3.0477e-01
12.250  18.250  3.0104e-01
12.250  18.500  2.9791e-01
12.250  18.750  2.9475e-01
12.250  19.000  2.9110e-01
12.250  19.250  2.8660e-01
12.250  19.500  2.8019e-01
12.250  19.750  2.7023e-01
12.250  20.000  2.5381e-01
12.250  20.250  2.2822e-01
12.250  20.500  1.8834e-01
12.250  20.750  1.2782e-01
12.250  21.000  8.2814e-02
12.250  21.250  5.8316e-02
12.250  21.500  4.7913e-02
12.250  21.750  4.5187e-02
12.250  22.000  4.2447e-02
12.250  22.250  3.2555e-02
12.250  22.500  2.5510e-02
12.250  22.750  2.0993e-02
12.250  23.000  1.8095e-02
12.250  23.250  1.6365e-02
12.250  23.500  1.5358e-02
12.250  23.750  1.4752e-02
12.250  24.000  1.4472e-02
12.500  17.000  3.1969e-01
12.500  17.250  3.1445e-01
12.500  17.500  3.0751e-01
12.500  17.750  3.0185e-01
12.500  18.000  2.9843e-01
12.500  18.250  2.9601e-01
12.500  18.500  2.9387e-01
12.500  18.750  2.9192e-01
12.500  19.000  2.8969e-01
12.500  19.250  2.8697e-01
12.500  19.500  2.8318e-01
12.500  19.750  2.7723e-01
12.500  20.000  2.6747e-01
12.500  20.250  2.5102e-01
12.500  20.500  2.2503e-01
12.500  20.750  1.8427e-01
12.500  21.000  1.2182e-01
12.500  21.250  7.8948e-02
12.500  21.500  5.9366e-02
12.500  21.750  5.3242e-02
12.500  22.000  5.0746e-02
12.500  22.250  4.3764e-02
12.500  22.500  3.2983e-02
12.500  22.750  2.5748e-02
12.500  23.000  2.1019e-02
12.500  23.250  1.8094e-02
12.500  23.500  1.6365e-02
12.500  23.750  1.5359e-02
12.500  24.000  1.4751e-02
12.750  17.000  2.9768e-01
12.750  17.250  2.9746e-01
12.750  17.500  2.9461e-01
12.750  17.750  2.9302e-01
12.750  18.000  2.9135e-01
12.750  18.250  2.8994e-01
12.750  18.500  2.8895e-01
12.750  18.750  2.8804e-01
12.750  19.000  2.8714e-01
12.750  19.250  2.8589e-01
12.750  19.500  2.8392e-01
12.750  19.750  2.8053e-01
12.750  20.000  2.7478e-01
12.750  20.250  2.6509e-01
12.750  20.500  2.4892e-01
12.750  20.750  2.2224e-01
12.750  21.000  1.8032e-01
12.750  21.250  1.1556e-01
12.750  21.500  7.4530e-02
12.750  21.750  5.9732e-02
12.750  22.000  5.7917e-02
12.750  22.250  5.5837e-02
12.750  22.500  4.4911e-02
12.750  22.750  3.3422e-02
12.750  23.000  2.5919e-02
12.750  23.250  2.1041e-02
12.750  23.500  1.8092e-02
12.750  23.750  1.6365e-02
12.750  24.000  1.5359e-02
13.000  17.000  7.8689e-02
13.000  17.250  1.4190e-01
13.000  17.500  2.8304e-01
13.000  17.750  2.8424e-01
13.000  18.000  2.8355e-01
13.000  18.250  2.8299e-01
13.000  18.500  2.8286e-01
13.000  18.750  2.8309e-01
13.000  19.000  2.8344e-01
13.000  19.250  2.8352e-01
13.000  19.500  2.8303e-01
13.000  19.750  2.8144e-01
13.000  20.000  2.7829e-01
13.000  20.250  2.7269e-01
13.000  20.500  2.6303e-01
13.000  20.750  2.4632e-01
13.000  21.000  2.1960e-01
13.000  21.250  1.7622e-01
13.000  21.500  1.1246e-01
13.000  21.750  7.4337e-02
13.000  22.000  6.2658e-02
13.000  22.250  6.2619e-02
13.000  22.500  5.9647e-02
13.000  22.750  4.6038e-02
13.000  23.000  3.4050e-02
13.000  23.250  2.5977e-02
13.000  23.500  2.1063e-02
13.000  23.750  1.8089e-02
13.000  24.000  1.6364e-02
13.250  17.000  4.9113e-02
13.250  17.250  8.7536e-02
13.250  17.500  1.8651e-01
13.250  17.750  2.6396e-01
13.250  18.000  2.7513e-01
13.250  18.250  2.7504e-01
13.250  18.500  2.7564e-01
13.250  18.750  2.7693e-01
13.250  19.000  2.7844e-01
13.250  19.250  2.7984e-01
13.250  19.500  2.8072e-01
13.250  19.750  2.8070e-01
13.250  20.000  2.7940e-01
13.250  20.250  2.7622e-01
13.250  20.500  2.7052e-01
13.250  20.750  2.6071e-01
13.250  21.000  2.4381e-01
13.250  21.250  2.1596e-01
13.250  21.500  1.7317e-01
13.250  21.750  1.3307e-01
13.250  22.000  1.0142e-01
13.250  22.250  7.9282e-02
13.250  22.500  6.7693e-02
13.250  22.750  6.2324e-02
13.250  23.000  4.7114e-02
13.250  23.250  3.4448e-02
13.250  23.500  2.6095e-02
13.250  23.750  2.1081e-02
13.250  24.000  1.8086e-02
13.500  17.000  3.0468e-02
13.500  17.250  5.6384e-02
13.500  17.500  1.1413e-01
13.500  17.750  1.9448e-01
13.500  18.000  2.6262e-01
13.500  18.250  2.6538e-01
13.500  18.500  2.6717e-01
13.500  18.750  2.6948e-01
13.500  19.000  2.7212e-01
13.500  19.250  2.7469e-01
13.500  19.500  2.7688e-01
13.500  19.750  2.7829e-01
13.500  20.000  2.7860e-01
13.500  20.250  2.7739e-01
13.500  20.500  2.7414e-01
13.500  20.750  2.6803e-01
13.500  21.000  2.5736e-01
13.500  21.250  2.3956e-01
13.500  21.500  2.1089e-01
13.500  21.750  1.6387e-01
13.500  22.000  1.2427e-01
13.500  22.250  9.7437e-02
13.500  22.500  8.0801e-02
13.500  22.750  7.1787e-02
13.500  23.000  6.4528e-02
13.500  23.250  4.7975e-02
13.500  23.500  3.4760e-02
13.500  23.750  2.6274e-02
13.500  24.000  2.1093e-02
13.750  17.000  1.8978e-02
13.750  17.250  3.5933e-02
13.750  17.500  7.2928e-02
13.750  17.750  1.3115e-01
13.750  18.000  2.0753e-01
13.750  18.250  2.4107e-01
13.750  18.500  2.5634e-01
13.750  18.750  2.6004e-01
13.750  19.000  2.6427e-01
13.750  19.250  2.6821e-01
13.750  19.500  2.7163e-01
13.750  19.750  2.7437e-01
13.750  20.000  2.7610e-01
13.750  20.250  2.7659e-01
13.750  20.500  2.7537e-01
13.750  20.750  2.7189e-01
13.750  21.000  2.6507e-01
13.750  21.250  2.5304e-01
13.750  21.500  2.3416e-01
13.750  21.750  2.0135e-01
13.750  22.000  1.5015e-01
13.750  22.250  1.0754e-01
13.750  22.500  8.1424e-02
13.750  22.750  7.2439e-02
13.750  23.000  7.5145e-02
13.750  23.250  6.6837e-02
13.750  23.500  4.8900e-02
13.750  23.750  3.5030e-02
13.750  24.000  2.6343e-02
14.000  17.000  1.1749e-02
14.000  17.250  2.2216e-02
14.000  17.500  4.6680e-02
14.000  17.750  8.4404e-02
14.000  18.000  1.4852e-01
14.000  18.250  2.1430e-01
14.000  18.500  2.4374e-01
14.000  18.750  2.4846e-01
14.000  19.000  2.5397e-01
14.000  19.250  2.5978e-01
14.000  19.500  2.6495e-01
14.000  19.750  2.6893e-01
14.000  20.000  2.7203e-01
14.000  20.250  2.7402e-01
14.000  20.500  2.7456e-01
14.000  20.750  2.7325e-01
14.000  21.000  2.6927e-01
14.000  21.250  2.6157e-01
14.000  21.500  2.4859e-01
14.000  21.750  2.2540e-01
14.000  22.000  1.8730e-01
14.000  22.250  1.3193e-01
14.000  22.500  8.0234e-02
14.000  22.750  7.6403e-02
14.000  23.000  8.2070e-02
14.000  23.250  8.0204e-02
14.000  23.500  6.9643e-02
14.000  23.750  4.9644e-02
14.000  24.000  3.5297e-02
