Inwd 6562.85A  relative to Inci 1215.00A scaled to 1215A.
Hden   Phi(H)  Eq_Width (A)
7.000  17.000  4.7964e-03
7.000  17.250  1.9244e-03
7.000  17.500  7.3432e-04
7.000  17.750  2.7267e-04
7.000  18.000  1.1802e-04
7.000  18.250  4.1975e-05
7.000  18.500  8.3128e-06
7.000  18.750  2.5514e-06
7.000  19.000  1.0000e-07
7.000  19.250  1.0000e-07
7.000  19.500  1.0000e-07
7.000  19.750  1.0000e-07
7.000  20.000  1.0000e-07
7.000  20.250  1.0000e-07
7.000  20.500  1.0000e-07
7.000  20.750  1.0000e-07
7.000  21.000  1.0000e-07
7.000  21.250  1.0000e-07
7.000  21.500  1.0000e-07
7.000  21.750  1.0000e-07
7.000  22.000  1.0000e-07
7.000  22.250  1.0000e-07
7.000  22.500  1.0000e-07
7.000  22.750  1.0000e-07
7.000  23.000  1.0000e-07
7.000  23.250  1.0000e-07
7.000  23.500  1.0000e-07
7.000  23.750  1.0000e-07
7.000  24.000  1.0000e-07
7.250  17.000  1.4623e-02
7.250  17.250  4.9092e-03
7.250  17.500  1.9205e-03
7.250  17.750  7.3481e-04
7.250  18.000  2.7309e-04
7.250  18.250  1.1893e-04
7.250  18.500  4.2387e-05
7.250  18.750  8.3951e-06
7.250  19.000  2.5514e-06
7.250  19.250  1.0000e-07
7.250  19.500  1.0000e-07
7.250  19.750  1.0000e-07
7.250  20.000  1.0000e-07
7.250  20.250  1.0000e-07
7.250  20.500  1.0000e-07
7.250  20.750  1.0000e-07
7.250  21.000  1.0000e-07
7.250  21.250  1.0000e-07
7.250  21.500  1.0000e-07
7.250  21.750  1.0000e-07
7.250  22.000  1.0000e-07
7.250  22.250  1.0000e-07
7.250  22.500  1.0000e-07
7.250  22.750  1.0000e-07
7.250  23.000  1.0000e-07
7.250  23.250  1.0000e-07
7.250  23.500  1.0000e-07
7.250  23.750  1.0000e-07
7.250  24.000  1.0000e-07
7.500  17.000  3.9107e-02
7.500  17.250  1.5706e-02
7.500  17.500  5.0798e-03
7.500  17.750  1.9172e-03
7.500  18.000  7.3309e-04
7.500  18.250  2.7350e-04
7.500  18.500  1.1959e-04
7.500  18.750  4.2716e-05
7.500  19.000  8.4774e-06
7.500  19.250  2.5514e-06
7.500  19.500  1.0000e-07
7.500  19.750  1.0000e-07
7.500  20.000  1.0000e-07
7.500  20.250  1.0000e-07
7.500  20.500  1.0000e-07
7.500  20.750  1.0000e-07
7.500  21.000  1.0000e-07
7.500  21.250  1.0000e-07
7.500  21.500  1.0000e-07
7.500  21.750  1.0000e-07
7.500  22.000  1.0000e-07
7.500  22.250  1.0000e-07
7.500  22.500  1.0000e-07
7.500  22.750  1.0000e-07
7.500  23.000  1.0000e-07
7.500  23.250  1.0000e-07
7.500  23.500  1.0000e-07
7.500  23.750  1.0000e-07
7.500  24.000  1.0000e-07
7.750  17.000  5.4796e-02
7.750  17.250  3.9814e-02
7.750  17.500  1.6923e-02
7.750  17.750  5.3350e-03
7.750  18.000  1.9137e-03
7.750  18.250  7.3185e-04
7.750  18.500  2.7292e-04
7.750  18.750  1.2000e-04
7.750  19.000  4.2963e-05
7.750  19.250  8.5597e-06
7.750  19.500  2.6337e-06
7.750  19.750  1.0000e-07
7.750  20.000  1.0000e-07
7.750  20.250  1.0000e-07
7.750  20.500  1.0000e-07
7.750  20.750  1.0000e-07
7.750  21.000  1.0000e-07
7.750  21.250  1.0000e-07
7.750  21.500  1.0000e-07
7.750  21.750  1.0000e-07
7.750  22.000  1.0000e-07
7.750  22.250  1.0000e-07
7.750  22.500  1.0000e-07
7.750  22.750  1.0000e-07
7.750  23.000  1.0000e-07
7.750  23.250  1.0000e-07
7.750  23.500  1.0000e-07
7.750  23.750  1.0000e-07
7.750  24.000  1.0000e-07
8.000  17.000  6.1967e-02
8.000  17.250  5.7422e-02
8.000  17.500  4.6973e-02
8.000  17.750  1.8096e-02
8.000  18.000  5.7012e-03
8.000  18.250  1.9104e-03
8.000  18.500  7.3325e-04
8.000  18.750  2.7177e-04
8.000  19.000  1.2016e-04
8.000  19.250  4.3210e-05
8.000  19.500  8.6420e-06
8.000  19.750  2.6337e-06
8.000  20.000  1.0000e-07
8.000  20.250  1.0000e-07
8.000  20.500  1.0000e-07
8.000  20.750  1.0000e-07
8.000  21.000  1.0000e-07
8.000  21.250  1.0000e-07
8.000  21.500  1.0000e-07
8.000  21.750  1.0000e-07
8.000  22.000  1.0000e-07
8.000  22.250  1.0000e-07
8.000  22.500  1.0000e-07
8.000  22.750  1.0000e-07
8.000  23.000  1.0000e-07
8.000  23.250  1.0000e-07
8.000  23.500  1.0000e-07
8.000  23.750  1.0000e-07
8.000  24.000  1.0000e-07
8.250  17.000  6.8344e-02
8.250  17.250  6.5000e-02
8.250  17.500  5.9798e-02
8.250  17.750  4.8470e-02
8.250  18.000  1.9103e-02
8.250  18.250  6.1905e-03
8.250  18.500  1.9086e-03
8.250  18.750  7.3317e-04
8.250  19.000  2.7062e-04
8.250  19.250  1.2008e-04
8.250  19.500  4.3292e-05
8.250  19.750  8.6420e-06
8.250  20.000  2.6337e-06
8.250  20.250  1.0000e-07
8.250  20.500  1.0000e-07
8.250  20.750  1.0000e-07
8.250  21.000  1.0000e-07
8.250  21.250  1.0000e-07
8.250  21.500  1.0000e-07
8.250  21.750  1.0000e-07
8.250  22.000  1.0000e-07
8.250  22.250  1.0000e-07
8.250  22.500  1.0000e-07
8.250  22.750  1.0000e-07
8.250  23.000  1.0000e-07
8.250  23.250  1.0000e-07
8.250  23.500  1.0000e-07
8.250  23.750  1.0000e-07
8.250  24.000  1.0000e-07
8.500  17.000  7.3954e-02
8.500  17.250  7.2011e-02
8.500  17.500  6.8192e-02
8.500  17.750  6.2158e-02
8.500  18.000  4.9277e-02
8.500  18.250  2.0000e-02
8.500  18.500  6.7566e-03
8.500  18.750  1.9101e-03
8.500  19.000  7.3901e-04
8.500  19.250  2.6905e-04
8.500  19.500  1.1984e-04
8.500  19.750  4.3457e-05
8.500  20.000  8.6420e-06
8.500  20.250  2.6337e-06
8.500  20.500  1.0000e-07
8.500  20.750  1.0000e-07
8.500  21.000  1.0000e-07
8.500  21.250  1.0000e-07
8.500  21.500  1.0000e-07
8.500  21.750  1.0000e-07
8.500  22.000  1.0000e-07
8.500  22.250  1.0000e-07
8.500  22.500  1.0000e-07
8.500  22.750  1.0000e-07
8.500  23.000  1.0000e-07
8.500  23.250  1.0000e-07
8.500  23.500  1.0000e-07
8.500  23.750  1.0000e-07
8.500  24.000  1.0000e-07
8.750  17.000  7.9416e-02
8.750  17.250  7.8722e-02
8.750  17.500  7.6540e-02
8.750  17.750  7.3101e-02
8.750  18.000  6.4114e-02
8.750  18.250  5.1051e-02
8.750  18.500  2.0736e-02
8.750  18.750  7.2876e-03
8.750  19.000  1.9068e-03
8.750  19.250  7.4584e-04
8.750  19.500  2.6823e-04
8.750  19.750  1.1975e-04
8.750  20.000  4.3704e-05
8.750  20.250  8.7243e-06
8.750  20.500  2.6337e-06
8.750  20.750  1.0000e-07
8.750  21.000  1.0000e-07
8.750  21.250  1.0000e-07
8.750  21.500  1.0000e-07
8.750  21.750  1.0000e-07
8.750  22.000  1.0000e-07
8.750  22.250  1.0000e-07
8.750  22.500  1.0000e-07
8.750  22.750  1.0000e-07
8.750  23.000  1.0000e-07
8.750  23.250  1.0000e-07
8.750  23.500  1.0000e-07
8.750  23.750  1.0000e-07
8.750  24.000  1.0000e-07
9.000  17.000  8.5513e-02
9.000  17.250  8.5976e-02
9.000  17.500  8.5096e-02
9.000  17.750  8.1720e-02
9.000  18.000  7.6371e-02
9.000  18.250  6.4234e-02
9.000  18.500  4.3315e-02
9.000  18.750  2.1148e-02
9.000  19.000  7.6662e-03
9.000  19.250  2.5853e-03
9.000  19.500  7.6230e-04
9.000  19.750  2.6815e-04
9.000  20.000  1.1984e-04
9.000  20.250  4.4198e-05
9.000  20.500  8.7243e-06
9.000  20.750  2.6337e-06
9.000  21.000  1.0000e-07
9.000  21.250  1.0000e-07
9.000  21.500  1.0000e-07
9.000  21.750  1.0000e-07
9.000  22.000  1.0000e-07
9.000  22.250  1.0000e-07
9.000  22.500  1.0000e-07
9.000  22.750  1.0000e-07
9.000  23.000  1.0000e-07
9.000  23.250  1.0000e-07
9.000  23.500  1.0000e-07
9.000  23.750  1.0000e-07
9.000  24.000  1.0000e-07
9.250  17.000  9.3101e-02
9.250  17.250  9.4807e-02
9.250  17.500  9.5048e-02
9.250  17.750  9.2447e-02
9.250  18.000  8.7778e-02
9.250  18.250  7.5928e-02
9.250  18.500  5.9553e-02
9.250  18.750  3.8313e-02
9.250  19.000  1.5635e-02
9.250  19.250  7.9351e-03
9.250  19.500  2.8053e-03
9.250  19.750  7.8905e-04
9.250  20.000  2.6963e-04
9.250  20.250  1.2033e-04
9.250  20.500  4.4938e-05
9.250  20.750  8.8889e-06
9.250  21.000  2.7160e-06
9.250  21.250  1.0000e-07
9.250  21.500  1.0000e-07
9.250  21.750  1.0000e-07
9.250  22.000  1.0000e-07
9.250  22.250  1.0000e-07
9.250  22.500  1.0000e-07
9.250  22.750  1.0000e-07
9.250  23.000  1.0000e-07
9.250  23.250  1.0000e-07
9.250  23.500  1.0000e-07
9.250  23.750  1.0000e-07
9.250  24.000  1.0000e-07
9.500  17.000  1.0356e-01
9.500  17.250  1.0638e-01
9.500  17.500  1.0742e-01
9.500  17.750  1.0464e-01
9.500  18.000  9.9259e-02
9.500  18.250  8.5686e-02
9.500  18.500  6.8647e-02
9.500  18.750  5.0863e-02
9.500  19.000  3.4071e-02
9.500  19.250  1.3980e-02
9.500  19.500  7.9150e-03
9.500  19.750  2.9837e-03
9.500  20.000  8.3342e-04
9.500  20.250  2.7440e-04
9.500  20.500  1.2148e-04
9.500  20.750  4.5926e-05
9.500  21.000  9.1358e-06
9.500  21.250  2.7984e-06
9.500  21.500  1.0000e-07
9.500  21.750  1.0000e-07
9.500  22.000  1.0000e-07
9.500  22.250  1.0000e-07
9.500  22.500  1.0000e-07
9.500  22.750  1.0000e-07
9.500  23.000  1.0000e-07
9.500  23.250  1.0000e-07
9.500  23.500  1.0000e-07
9.500  23.750  1.0000e-07
9.500  24.000  1.0000e-07
9.750  17.000  1.1738e-01
9.750  17.250  1.2170e-01
9.750  17.500  1.2306e-01
9.750  17.750  1.1934e-01
9.750  18.000  1.0793e-01
9.750  18.250  9.4966e-02
9.750  18.500  7.6178e-02
9.750  18.750  5.7137e-02
9.750  19.000  4.0068e-02
9.750  19.250  2.6327e-02
9.750  19.500  1.2888e-02
9.750  19.750  7.5491e-03
9.750  20.000  3.0567e-03
9.750  20.250  7.1374e-04
9.750  20.500  2.8263e-04
9.750  20.750  1.2296e-04
9.750  21.000  4.7490e-05
9.750  21.250  9.5473e-06
9.750  21.500  2.8807e-06
9.750  21.750  1.0000e-07
9.750  22.000  1.0000e-07
9.750  22.250  1.0000e-07
9.750  22.500  1.0000e-07
9.750  22.750  1.0000e-07
9.750  23.000  1.0000e-07
9.750  23.250  1.0000e-07
9.750  23.500  1.0000e-07
9.750  23.750  1.0000e-07
9.750  24.000  1.0000e-07
10.000  17.000  1.3512e-01
10.000  17.250  1.4176e-01
10.000  17.500  1.4257e-01
10.000  17.750  1.3577e-01
10.000  18.000  1.2020e-01
10.000  18.250  1.0394e-01
10.000  18.500  8.3087e-02
10.000  18.750  6.3225e-02
10.000  19.000  4.5423e-02
10.000  19.250  2.9435e-02
10.000  19.500  1.8409e-02
10.000  19.750  9.9430e-03
10.000  20.000  4.5869e-03
10.000  20.250  2.0298e-03
10.000  20.500  7.6329e-04
10.000  20.750  2.9597e-04
10.000  21.000  1.2543e-04
10.000  21.250  4.9383e-05
10.000  21.500  1.0041e-05
10.000  21.750  3.0453e-06
10.000  22.000  8.2305e-07
10.000  22.250  1.0000e-07
10.000  22.500  1.0000e-07
10.000  22.750  1.0000e-07
10.000  23.000  1.0000e-07
10.000  23.250  1.0000e-07
10.000  23.500  1.0000e-07
10.000  23.750  1.0000e-07
10.000  24.000  1.0000e-07
10.250  17.000  1.5791e-01
10.250  17.250  1.6643e-01
10.250  17.500  1.6646e-01
10.250  17.750  1.5470e-01
10.250  18.000  1.3335e-01
10.250  18.250  1.1264e-01
10.250  18.500  8.9202e-02
10.250  18.750  6.7842e-02
10.250  19.000  4.9150e-02
10.250  19.250  3.5114e-02
10.250  19.500  2.1431e-02
10.250  19.750  1.3956e-02
10.250  20.000  9.3945e-03
10.250  20.250  4.5816e-03
10.250  20.500  1.9522e-03
10.250  20.750  7.8132e-04
10.250  21.000  3.1391e-04
10.250  21.250  1.2823e-04
10.250  21.500  5.1440e-05
10.250  21.750  1.0700e-05
10.250  22.000  3.2922e-06
10.250  22.250  9.0535e-07
10.250  22.500  1.0000e-07
10.250  22.750  1.0000e-07
10.250  23.000  1.0000e-07
10.250  23.250  1.0000e-07
10.250  23.500  1.0000e-07
10.250  23.750  1.0000e-07
10.250  24.000  1.0000e-07
10.500  17.000  1.8444e-01
10.500  17.250  1.9621e-01
10.500  17.500  1.9275e-01
10.500  17.750  1.7380e-01
10.500  18.000  1.4621e-01
10.500  18.250  1.1782e-01
10.500  18.500  9.4095e-02
10.500  18.750  7.0446e-02
10.500  19.000  5.0078e-02
10.500  19.250  3.5541e-02
10.500  19.500  2.2502e-02
10.500  19.750  1.4295e-02
10.500  20.000  9.6340e-03
10.500  20.250  6.1807e-03
10.500  20.500  3.1632e-03
10.500  20.750  1.9633e-03
10.500  21.000  7.7226e-04
10.500  21.250  3.3407e-04
10.500  21.500  1.3119e-04
10.500  21.750  5.3086e-05
10.500  22.000  1.1358e-05
10.500  22.250  3.4568e-06
10.500  22.500  9.8765e-07
10.500  22.750  1.0000e-07
10.500  23.000  1.0000e-07
10.500  23.250  1.0000e-07
10.500  23.500  1.0000e-07
10.500  23.750  1.0000e-07
10.500  24.000  1.0000e-07
10.750  17.000  2.1216e-01
10.750  17.250  2.2755e-01
10.750  17.500  2.1946e-01
10.750  17.750  1.9152e-01
10.750  18.000  1.5720e-01
10.750  18.250  1.2455e-01
10.750  18.500  9.6879e-02
10.750  18.750  7.0512e-02
10.750  19.000  5.0388e-02
10.750  19.250  3.5525e-02
10.750  19.500  2.4253e-02
10.750  19.750  1.7153e-02
10.750  20.000  9.5667e-03
10.750  20.250  5.8047e-03
10.750  20.500  4.1554e-03
10.750  20.750  2.3262e-03
10.750  21.000  1.5725e-03
10.750  21.250  7.5045e-04
10.750  21.500  3.0091e-04
10.750  21.750  1.3350e-04
10.750  22.000  5.4156e-05
10.750  22.250  1.1852e-05
10.750  22.500  3.7037e-06
10.750  22.750  9.8765e-07
10.750  23.000  1.0000e-07
10.750  23.250  1.0000e-07
10.750  23.500  1.0000e-07
10.750  23.750  1.0000e-07
10.750  24.000  1.0000e-07
11.000  17.000  2.3936e-01
11.000  17.250  2.5685e-01
11.000  17.500  2.4315e-01
11.000  17.750  2.0640e-01
11.000  18.000  1.6596e-01
11.000  18.250  1.2927e-01
11.000  18.500  9.7435e-02
11.000  18.750  7.1410e-02
11.000  19.000  5.0248e-02
11.000  19.250  3.5041e-02
11.000  19.500  2.4083e-02
11.000  19.750  1.6406e-02
11.000  20.000  1.0414e-02
11.000  20.250  6.2631e-03
11.000  20.500  4.1124e-03
11.000  20.750  2.6978e-03
11.000  21.000  1.7216e-03
11.000  21.250  1.1695e-03
11.000  21.500  6.6107e-04
11.000  21.750  2.9490e-04
11.000  22.000  1.5885e-04
11.000  22.250  5.4486e-05
11.000  22.500  1.2099e-05
11.000  22.750  3.7860e-06
11.000  23.000  1.0700e-06
11.000  23.250  1.0000e-07
11.000  23.500  1.0000e-07
11.000  23.750  1.0000e-07
11.000  24.000  1.0000e-07
11.250  17.000  2.6461e-01
11.250  17.250  2.8269e-01
11.250  17.500  2.6275e-01
11.250  17.750  2.1840e-01
11.250  18.000  1.7225e-01
11.250  18.250  1.3221e-01
11.250  18.500  9.8856e-02
11.250  18.750  7.1485e-02
11.250  19.000  5.0094e-02
11.250  19.250  3.4771e-02
11.250  19.500  2.3878e-02
11.250  19.750  1.6261e-02
11.250  20.000  1.0964e-02
11.250  20.250  6.6914e-03
11.250  20.500  4.1411e-03
11.250  20.750  2.6571e-03
11.250  21.000  1.8170e-03
11.250  21.250  1.1418e-03
11.250  21.500  8.3185e-04
11.250  21.750  5.5605e-04
11.250  22.000  2.7144e-04
11.250  22.250  1.5597e-04
11.250  22.500  5.3827e-05
11.250  22.750  1.2099e-05
11.250  23.000  3.7860e-06
11.250  23.250  1.0700e-06
11.250  23.500  1.0000e-07
11.250  23.750  1.0000e-07
11.250  24.000  1.0000e-07
11.500  17.000  2.8788e-01
11.500  17.250  3.0489e-01
11.500  17.500  2.7946e-01
11.500  17.750  2.2893e-01
11.500  18.000  1.7728e-01
11.500  18.250  1.3404e-01
11.500  18.500  9.9092e-02
11.500  18.750  7.1407e-02
11.500  19.000  5.0270e-02
11.500  19.250  3.4774e-02
11.500  19.500  2.3937e-02
11.500  19.750  1.6201e-02
11.500  20.000  1.0981e-02
11.500  20.250  7.4156e-03
11.500  20.500  4.4747e-03
11.500  20.750  2.7019e-03
11.500  21.000  1.7649e-03
11.500  21.250  1.1549e-03
11.500  21.500  7.8947e-04
11.500  21.750  5.7086e-04
11.500  22.000  4.2354e-04
11.500  22.250  2.4831e-04
11.500  22.500  1.2576e-04
11.500  22.750  5.1276e-05
11.500  23.000  1.1770e-05
11.500  23.250  3.6214e-06
11.500  23.500  9.8765e-07
11.500  23.750  1.0000e-07
11.500  24.000  1.0000e-07
11.750  17.000  3.0814e-01
11.750  17.250  3.2313e-01
11.750  17.500  2.9436e-01
11.750  17.750  2.3969e-01
11.750  18.000  1.8334e-01
11.750  18.250  1.3618e-01
11.750  18.500  9.9424e-02
11.750  18.750  7.1650e-02
11.750  19.000  5.0695e-02
11.750  19.250  3.5209e-02
11.750  19.500  2.4132e-02
11.750  19.750  1.6417e-02
11.750  20.000  1.1079e-02
11.750  20.250  7.5147e-03
11.750  20.500  5.0798e-03
11.750  20.750  3.0184e-03
11.750  21.000  1.8005e-03
11.750  21.250  1.1533e-03
11.750  21.500  7.7802e-04
11.750  21.750  5.3695e-04
11.750  22.000  3.9827e-04
11.750  22.250  3.1235e-04
11.750  22.500  2.0626e-04
11.750  22.750  1.0848e-04
11.750  23.000  4.6337e-05
11.750  23.250  1.0864e-05
11.750  23.500  3.2922e-06
11.750  23.750  8.2305e-07
11.750  24.000  1.0000e-07
12.000  17.000  3.2434e-01
12.000  17.250  3.3758e-01
12.000  17.500  3.0737e-01
12.000  17.750  2.5105e-01
12.000  18.000  1.9184e-01
12.000  18.250  1.4066e-01
12.000  18.500  1.0155e-01
12.000  18.750  7.2700e-02
12.000  19.000  5.1597e-02
12.000  19.250  3.6193e-02
12.000  19.500  2.4988e-02
12.000  19.750  1.6995e-02
12.000  20.000  1.1477e-02
12.000  20.250  7.7587e-03
12.000  20.500  5.2647e-03
12.000  20.750  3.5343e-03
12.000  21.000  2.0891e-03
12.000  21.250  1.2240e-03
12.000  21.500  7.8617e-04
12.000  21.750  5.2337e-04
12.000  22.000  3.7449e-04
12.000  22.250  2.8453e-04
12.000  22.500  2.2173e-04
12.000  22.750  1.5111e-04
12.000  23.000  9.2346e-05
12.000  23.250  4.0658e-05
12.000  23.500  9.4650e-06
12.000  23.750  2.7160e-06
12.000  24.000  1.0000e-07
12.250  17.000  3.3720e-01
12.250  17.250  3.4835e-01
12.250  17.500  3.1823e-01
12.250  17.750  2.6298e-01
12.250  18.000  2.0264e-01
12.250  18.250  1.4892e-01
12.250  18.500  1.0668e-01
12.250  18.750  7.5648e-02
12.250  19.000  5.3628e-02
12.250  19.250  3.7894e-02
12.250  19.500  2.6489e-02
12.250  19.750  1.8154e-02
12.250  20.000  1.2293e-02
12.250  20.250  8.2900e-03
12.250  20.500  5.6074e-03
12.250  20.750  3.8070e-03
12.250  21.000  2.5626e-03
12.250  21.250  1.4677e-03
12.250  21.500  8.5383e-04
12.250  21.750  5.3506e-04
12.250  22.000  3.5745e-04
12.250  22.250  2.5663e-04
12.250  22.500  1.9317e-04
12.250  22.750  1.5226e-04
12.250  23.000  1.1095e-04
12.250  23.250  6.9300e-05
12.250  23.500  3.1770e-05
12.250  23.750  7.5720e-06
12.250  24.000  2.1399e-06
12.500  17.000  3.4399e-01
12.500  17.250  3.5570e-01
12.500  17.500  3.2678e-01
12.500  17.750  2.7439e-01
12.500  18.000  2.1489e-01
12.500  18.250  1.6054e-01
12.500  18.500  1.1580e-01
12.500  18.750  8.2136e-02
12.500  19.000  5.7751e-02
12.500  19.250  4.0839e-02
12.500  19.500  2.8801e-02
12.500  19.750  2.0014e-02
12.500  20.000  1.3655e-02
12.500  20.250  9.2258e-03
12.500  20.500  6.2252e-03
12.500  20.750  4.2145e-03
12.500  21.000  2.8594e-03
12.500  21.250  1.9040e-03
12.500  21.500  1.0673e-03
12.500  21.750  6.0658e-04
12.500  22.000  3.7325e-04
12.500  22.250  2.4864e-04
12.500  22.500  1.7687e-04
12.500  22.750  1.3177e-04
12.500  23.000  1.0354e-04
12.500  23.250  7.7037e-05
12.500  23.500  4.9218e-05
12.500  23.750  2.3621e-05
12.500  24.000  5.6790e-06
12.750  17.000  3.4482e-01
12.750  17.250  3.5771e-01
12.750  17.500  3.3315e-01
12.750  17.750  2.8412e-01
12.750  18.000  2.2756e-01
12.750  18.250  1.7389e-01
12.750  18.500  1.2834e-01
12.750  18.750  9.1972e-02
12.750  19.000  6.4944e-02
12.750  19.250  4.5617e-02
12.750  19.500  3.2270e-02
12.750  19.750  2.2745e-02
12.750  20.000  1.5744e-02
12.750  20.250  1.0711e-02
12.750  20.500  7.2300e-03
12.750  20.750  4.8871e-03
12.750  21.000  3.3145e-03
12.750  21.250  2.2463e-03
12.750  21.500  1.4538e-03
12.750  21.750  8.0519e-04
12.750  22.000  4.4609e-04
12.750  22.250  2.6930e-04
12.750  22.500  1.7671e-04
12.750  22.750  1.2403e-04
12.750  23.000  9.1111e-05
12.750  23.250  7.0700e-05
12.750  23.500  5.2840e-05
12.750  23.750  3.5144e-05
12.750  24.000  1.7037e-05
13.000  17.000  3.3306e-01
13.000  17.250  3.5162e-01
13.000  17.500  3.3697e-01
13.000  17.750  2.9256e-01
13.000  18.000  2.3940e-01
13.000  18.250  1.8757e-01
13.000  18.500  1.4203e-01
13.000  18.750  1.0448e-01
13.000  19.000  7.5030e-02
13.000  19.250  5.2915e-02
13.000  19.500  3.7381e-02
13.000  19.750  2.6503e-02
13.000  20.000  1.8630e-02
13.000  20.250  1.2887e-02
13.000  20.500  8.7746e-03
13.000  20.750  5.9359e-03
13.000  21.000  4.0259e-03
13.000  21.250  2.7391e-03
13.000  21.500  1.8448e-03
13.000  21.750  1.1593e-03
13.000  22.000  6.3342e-04
13.000  22.250  3.4041e-04
13.000  22.500  2.0173e-04
13.000  22.750  1.2930e-04
13.000  23.000  8.9218e-05
13.000  23.250  6.4691e-05
13.000  23.500  4.9053e-05
13.000  23.750  3.6626e-05
13.000  24.000  2.4691e-05
13.250  17.000  3.2428e-01
13.250  17.250  3.4401e-01
13.250  17.500  3.3580e-01
13.250  17.750  2.9961e-01
13.250  18.000  2.5059e-01
13.250  18.250  2.0084e-01
13.250  18.500  1.5568e-01
13.250  18.750  1.1764e-01
13.250  19.000  8.6811e-02
13.250  19.250  6.2441e-02
13.250  19.500  4.4350e-02
13.250  19.750  3.1400e-02
13.250  20.000  2.2327e-02
13.250  20.250  1.5742e-02
13.250  20.500  1.0913e-02
13.250  20.750  7.4610e-03
13.250  21.000  5.0853e-03
13.250  21.250  3.4640e-03
13.250  21.500  2.3534e-03
13.250  21.750  1.5784e-03
13.250  22.000  9.5523e-04
13.250  22.250  5.2000e-04
13.250  22.500  2.7605e-04
13.250  22.750  1.5844e-04
13.250  23.000  9.9012e-05
13.250  23.250  6.6914e-05
13.250  23.500  4.7572e-05
13.250  23.750  3.5309e-05
13.250  24.000  2.6337e-05
13.500  17.000  3.1194e-01
13.500  17.250  3.3432e-01
13.500  17.500  3.3205e-01
13.500  17.750  3.0340e-01
13.500  18.000  2.6086e-01
13.500  18.250  2.1363e-01
13.500  18.500  1.6937e-01
13.500  18.750  1.3051e-01
13.500  19.000  9.8452e-02
13.500  19.250  7.2681e-02
13.500  19.500  5.2696e-02
13.500  19.750  3.7612e-02
13.500  20.000  2.6747e-02
13.500  20.250  1.9087e-02
13.500  20.500  1.3523e-02
13.500  20.750  9.4406e-03
13.500  21.000  6.5147e-03
13.500  21.250  4.4846e-03
13.500  21.500  3.0598e-03
13.500  21.750  2.0970e-03
13.500  22.000  1.3971e-03
13.500  22.250  8.1704e-04
13.500  22.500  4.4444e-04
13.500  22.750  2.3366e-04
13.500  23.000  1.2996e-04
13.500  23.250  7.9753e-05
13.500  23.500  5.2593e-05
13.500  23.750  3.6626e-05
13.500  24.000  2.6914e-05
13.750  17.000  2.9912e-01
13.750  17.250  3.2247e-01
13.750  17.500  3.2613e-01
13.750  17.750  3.0515e-01
13.750  18.000  2.6837e-01
13.750  18.250  2.2492e-01
13.750  18.500  1.8201e-01
13.750  18.750  1.4285e-01
13.750  19.000  1.0950e-01
13.750  19.250  8.2389e-02
13.750  19.500  6.1037e-02
13.750  19.750  4.4513e-02
13.750  20.000  3.1953e-02
13.750  20.250  2.2822e-02
13.750  20.500  1.6328e-02
13.750  20.750  1.1653e-02
13.750  21.000  8.2311e-03
13.750  21.250  5.7574e-03
13.750  21.500  3.9991e-03
13.750  21.750  2.7821e-03
13.750  22.000  1.9280e-03
13.750  22.250  1.2723e-03
13.750  22.500  7.1226e-04
13.750  22.750  3.8881e-04
13.750  23.000  2.0469e-04
13.750  23.250  1.1119e-04
13.750  23.500  6.6831e-05
13.750  23.750  4.3539e-05
13.750  24.000  2.9712e-05
14.000  17.000  2.8486e-01
14.000  17.250  3.0978e-01
14.000  17.500  3.1709e-01
14.000  17.750  3.0434e-01
14.000  18.000  2.7444e-01
14.000  18.250  2.3512e-01
14.000  18.500  1.9380e-01
14.000  18.750  1.5414e-01
14.000  19.000  1.1952e-01
14.000  19.250  9.0957e-02
14.000  19.500  6.8235e-02
14.000  19.750  5.0745e-02
14.000  20.000  3.7225e-02
14.000  20.250  2.6900e-02
14.000  20.500  1.9315e-02
14.000  20.750  1.3878e-02
14.000  21.000  9.9894e-03
14.000  21.250  7.1681e-03
14.000  21.500  5.0775e-03
14.000  21.750  3.6107e-03
14.000  22.000  2.5744e-03
14.000  22.250  1.8142e-03
14.000  22.500  1.1703e-03
14.000  22.750  6.2691e-04
14.000  23.000  3.4650e-04
14.000  23.250  1.8296e-04
14.000  23.500  9.8025e-05
14.000  23.750  5.8025e-05
14.000  24.000  3.7202e-05
