nInu 3648.00A  relative to Inci 1215.00A scaled to 1215A.
Hden   Phi(H)  Eq_Width (A)
7.000  17.000  7.1883e-01
7.000  17.250  7.1883e-01
7.000  17.500  7.1883e-01
7.000  17.750  7.1883e-01
7.000  18.000  7.1883e-01
7.000  18.250  7.1883e-01
7.000  18.500  7.1883e-01
7.000  18.750  7.1883e-01
7.000  19.000  7.1883e-01
7.000  19.250  7.1883e-01
7.000  19.500  7.1883e-01
7.000  19.750  7.1883e-01
7.000  20.000  7.1883e-01
7.000  20.250  7.1883e-01
7.000  20.500  7.1883e-01
7.000  20.750  7.1883e-01
7.000  21.000  7.1883e-01
7.000  21.250  7.1883e-01
7.000  21.500  7.1883e-01
7.000  21.750  7.1883e-01
7.000  22.000  7.1883e-01
7.000  22.250  7.1883e-01
7.000  22.500  7.1883e-01
7.000  22.750  7.1883e-01
7.000  23.000  7.1883e-01
7.000  23.250  7.1883e-01
7.000  23.500  7.1883e-01
7.000  23.750  7.1883e-01
7.000  24.000  7.1883e-01
7.250  17.000  7.1883e-01
7.250  17.250  7.1883e-01
7.250  17.500  7.1883e-01
7.250  17.750  7.1883e-01
7.250  18.000  7.1883e-01
7.250  18.250  7.1883e-01
7.250  18.500  7.1883e-01
7.250  18.750  7.1883e-01
7.250  19.000  7.1883e-01
7.250  19.250  7.1883e-01
7.250  19.500  7.1883e-01
7.250  19.750  7.1883e-01
7.250  20.000  7.1883e-01
7.250  20.250  7.1883e-01
7.250  20.500  7.1883e-01
7.250  20.750  7.1883e-01
7.250  21.000  7.1883e-01
7.250  21.250  7.1883e-01
7.250  21.500  7.1883e-01
7.250  21.750  7.1883e-01
7.250  22.000  7.1883e-01
7.250  22.250  7.1883e-01
7.250  22.500  7.1883e-01
7.250  22.750  7.1883e-01
7.250  23.000  7.1883e-01
7.250  23.250  7.1883e-01
7.250  23.500  7.1883e-01
7.250  23.750  7.1883e-01
7.250  24.000  7.1883e-01
7.500  17.000  7.1883e-01
7.500  17.250  7.1883e-01
7.500  17.500  7.1883e-01
7.500  17.750  7.1883e-01
7.500  18.000  7.1883e-01
7.500  18.250  7.1883e-01
7.500  18.500  7.1883e-01
7.500  18.750  7.1883e-01
7.500  19.000  7.1883e-01
7.500  19.250  7.1883e-01
7.500  19.500  7.1883e-01
7.500  19.750  7.1883e-01
7.500  20.000  7.1883e-01
7.500  20.250  7.1883e-01
7.500  20.500  7.1883e-01
7.500  20.750  7.1883e-01
7.500  21.000  7.1883e-01
7.500  21.250  7.1883e-01
7.500  21.500  7.1883e-01
7.500  21.750  7.1883e-01
7.500  22.000  7.1883e-01
7.500  22.250  7.1883e-01
7.500  22.500  7.1883e-01
7.500  22.750  7.1883e-01
7.500  23.000  7.1883e-01
7.500  23.250  7.1883e-01
7.500  23.500  7.1883e-01
7.500  23.750  7.1883e-01
7.500  24.000  7.1883e-01
7.750  17.000  7.1882e-01
7.750  17.250  7.1882e-01
7.750  17.500  7.1883e-01
7.750  17.750  7.1883e-01
7.750  18.000  7.1883e-01
7.750  18.250  7.1883e-01
7.750  18.500  7.1883e-01
7.750  18.750  7.1883e-01
7.750  19.000  7.1883e-01
7.750  19.250  7.1883e-01
7.750  19.500  7.1883e-01
7.750  19.750  7.1883e-01
7.750  20.000  7.1883e-01
7.750  20.250  7.1883e-01
7.750  20.500  7.1883e-01
7.750  20.750  7.1883e-01
7.750  21.000  7.1883e-01
7.750  21.250  7.1883e-01
7.750  21.500  7.1883e-01
7.750  21.750  7.1883e-01
7.750  22.000  7.1883e-01
7.750  22.250  7.1883e-01
7.750  22.500  7.1883e-01
7.750  22.750  7.1883e-01
7.750  23.000  7.1883e-01
7.750  23.250  7.1883e-01
7.750  23.500  7.1883e-01
7.750  23.750  7.1883e-01
7.750  24.000  7.1883e-01
8.000  17.000  7.1882e-01
8.000  17.250  7.1882e-01
8.000  17.500  7.1882e-01
8.000  17.750  7.1883e-01
8.000  18.000  7.1883e-01
8.000  18.250  7.1883e-01
8.000  18.500  7.1883e-01
8.000  18.750  7.1883e-01
8.000  19.000  7.1883e-01
8.000  19.250  7.1883e-01
8.000  19.500  7.1883e-01
8.000  19.750  7.1883e-01
8.000  20.000  7.1883e-01
8.000  20.250  7.1883e-01
8.000  20.500  7.1883e-01
8.000  20.750  7.1883e-01
8.000  21.000  7.1883e-01
8.000  21.250  7.1883e-01
8.000  21.500  7.1883e-01
8.000  21.750  7.1883e-01
8.000  22.000  7.1883e-01
8.000  22.250  7.1883e-01
8.000  22.500  7.1883e-01
8.000  22.750  7.1883e-01
8.000  23.000  7.1883e-01
8.000  23.250  7.1883e-01
8.000  23.500  7.1883e-01
8.000  23.750  7.1883e-01
8.000  24.000  7.1883e-01
8.250  17.000  7.1881e-01
8.250  17.250  7.1881e-01
8.250  17.500  7.1882e-01
8.250  17.750  7.1882e-01
8.250  18.000  7.1883e-01
8.250  18.250  7.1883e-01
8.250  18.500  7.1883e-01
8.250  18.750  7.1883e-01
8.250  19.000  7.1883e-01
8.250  19.250  7.1883e-01
8.250  19.500  7.1883e-01
8.250  19.750  7.1883e-01
8.250  20.000  7.1883e-01
8.250  20.250  7.1883e-01
8.250  20.500  7.1883e-01
8.250  20.750  7.1883e-01
8.250  21.000  7.1883e-01
8.250  21.250  7.1883e-01
8.250  21.500  7.1883e-01
8.250  21.750  7.1883e-01
8.250  22.000  7.1883e-01
8.250  22.250  7.1883e-01
8.250  22.500  7.1883e-01
8.250  22.750  7.1883e-01
8.250  23.000  7.1883e-01
8.250  23.250  7.1883e-01
8.250  23.500  7.1883e-01
8.250  23.750  7.1883e-01
8.250  24.000  7.1883e-01
8.500  17.000  7.1880e-01
8.500  17.250  7.1880e-01
8.500  17.500  7.1880e-01
8.500  17.750  7.1881e-01
8.500  18.000  7.1882e-01
8.500  18.250  7.1883e-01
8.500  18.500  7.1883e-01
8.500  18.750  7.1883e-01
8.500  19.000  7.1883e-01
8.500  19.250  7.1883e-01
8.500  19.500  7.1883e-01
8.500  19.750  7.1883e-01
8.500  20.000  7.1883e-01
8.500  20.250  7.1883e-01
8.500  20.500  7.1883e-01
8.500  20.750  7.1883e-01
8.500  21.000  7.1883e-01
8.500  21.250  7.1883e-01
8.500  21.500  7.1883e-01
8.500  21.750  7.1883e-01
8.500  22.000  7.1883e-01
8.500  22.250  7.1883e-01
8.500  22.500  7.1883e-01
8.500  22.750  7.1883e-01
8.500  23.000  7.1883e-01
8.500  23.250  7.1883e-01
8.500  23.500  7.1883e-01
8.500  23.750  7.1883e-01
8.500  24.000  7.1883e-01
8.750  17.000  7.1878e-01
8.750  17.250  7.1878e-01
8.750  17.500  7.1879e-01
8.750  17.750  7.1878e-01
8.750  18.000  7.1879e-01
8.750  18.250  7.1881e-01
8.750  18.500  7.1883e-01
8.750  18.750  7.1883e-01
8.750  19.000  7.1883e-01
8.750  19.250  7.1883e-01
8.750  19.500  7.1883e-01
8.750  19.750  7.1883e-01
8.750  20.000  7.1883e-01
8.750  20.250  7.1883e-01
8.750  20.500  7.1883e-01
8.750  20.750  7.1883e-01
8.750  21.000  7.1883e-01
8.750  21.250  7.1883e-01
8.750  21.500  7.1883e-01
8.750  21.750  7.1883e-01
8.750  22.000  7.1883e-01
8.750  22.250  7.1883e-01
8.750  22.500  7.1883e-01
8.750  22.750  7.1883e-01
8.750  23.000  7.1883e-01
8.750  23.250  7.1883e-01
8.750  23.500  7.1883e-01
8.750  23.750  7.1883e-01
8.750  24.000  7.1883e-01
9.000  17.000  7.1876e-01
9.000  17.250  7.1876e-01
9.000  17.500  7.1876e-01
9.000  17.750  7.1875e-01
9.000  18.000  7.1874e-01
9.000  18.250  7.1875e-01
9.000  18.500  7.1880e-01
9.000  18.750  7.1883e-01
9.000  19.000  7.1883e-01
9.000  19.250  7.1883e-01
9.000  19.500  7.1883e-01
9.000  19.750  7.1883e-01
9.000  20.000  7.1883e-01
9.000  20.250  7.1883e-01
9.000  20.500  7.1883e-01
9.000  20.750  7.1883e-01
9.000  21.000  7.1883e-01
9.000  21.250  7.1883e-01
9.000  21.500  7.1883e-01
9.000  21.750  7.1883e-01
9.000  22.000  7.1883e-01
9.000  22.250  7.1883e-01
9.000  22.500  7.1883e-01
9.000  22.750  7.1883e-01
9.000  23.000  7.1883e-01
9.000  23.250  7.1883e-01
9.000  23.500  7.1883e-01
9.000  23.750  7.1883e-01
9.000  24.000  7.1883e-01
9.250  17.000  7.1874e-01
9.250  17.250  7.1873e-01
9.250  17.500  7.1873e-01
9.250  17.750  7.1871e-01
9.250  18.000  7.1868e-01
9.250  18.250  7.1866e-01
9.250  18.500  7.1868e-01
9.250  18.750  7.1877e-01
9.250  19.000  7.1882e-01
9.250  19.250  7.1883e-01
9.250  19.500  7.1883e-01
9.250  19.750  7.1883e-01
9.250  20.000  7.1883e-01
9.250  20.250  7.1883e-01
9.250  20.500  7.1883e-01
9.250  20.750  7.1883e-01
9.250  21.000  7.1883e-01
9.250  21.250  7.1883e-01
9.250  21.500  7.1883e-01
9.250  21.750  7.1883e-01
9.250  22.000  7.1883e-01
9.250  22.250  7.1883e-01
9.250  22.500  7.1883e-01
9.250  22.750  7.1883e-01
9.250  23.000  7.1883e-01
9.250  23.250  7.1883e-01
9.250  23.500  7.1883e-01
9.250  23.750  7.1883e-01
9.250  24.000  7.1883e-01
9.500  17.000  7.1870e-01
9.500  17.250  7.1870e-01
9.500  17.500  7.1868e-01
9.500  17.750  7.1865e-01
9.500  18.000  7.1861e-01
9.500  18.250  7.1856e-01
9.500  18.500  7.1853e-01
9.500  18.750  7.1858e-01
9.500  19.000  7.1870e-01
9.500  19.250  7.1881e-01
9.500  19.500  7.1882e-01
9.500  19.750  7.1883e-01
9.500  20.000  7.1883e-01
9.500  20.250  7.1883e-01
9.500  20.500  7.1883e-01
9.500  20.750  7.1883e-01
9.500  21.000  7.1883e-01
9.500  21.250  7.1883e-01
9.500  21.500  7.1883e-01
9.500  21.750  7.1883e-01
9.500  22.000  7.1883e-01
9.500  22.250  7.1883e-01
9.500  22.500  7.1883e-01
9.500  22.750  7.1883e-01
9.500  23.000  7.1883e-01
9.500  23.250  7.1883e-01
9.500  23.500  7.1883e-01
9.500  23.750  7.1883e-01
9.500  24.000  7.1883e-01
9.750  17.000  7.1866e-01
9.750  17.250  7.1865e-01
9.750  17.500  7.1863e-01
9.750  17.750  7.1858e-01
9.750  18.000  7.1852e-01
9.750  18.250  7.1843e-01
9.750  18.500  7.1835e-01
9.750  18.750  7.1836e-01
9.750  19.000  7.1848e-01
9.750  19.250  7.1865e-01
9.750  19.500  7.1878e-01
9.750  19.750  7.1882e-01
9.750  20.000  7.1883e-01
9.750  20.250  7.1883e-01
9.750  20.500  7.1883e-01
9.750  20.750  7.1883e-01
9.750  21.000  7.1883e-01
9.750  21.250  7.1883e-01
9.750  21.500  7.1883e-01
9.750  21.750  7.1883e-01
9.750  22.000  7.1883e-01
9.750  22.250  7.1883e-01
9.750  22.500  7.1883e-01
9.750  22.750  7.1883e-01
9.750  23.000  7.1883e-01
9.750  23.250  7.1883e-01
9.750  23.500  7.1883e-01
9.750  23.750  7.1883e-01
9.750  24.000  7.1883e-01
10.000  17.000  7.1860e-01
10.000  17.250  7.1859e-01
10.000  17.500  7.1855e-01
10.000  17.750  7.1849e-01
10.000  18.000  7.1839e-01
10.000  18.250  7.1825e-01
10.000  18.500  7.1811e-01
10.000  18.750  7.1805e-01
10.000  19.000  7.1813e-01
10.000  19.250  7.1843e-01
10.000  19.500  7.1861e-01
10.000  19.750  7.1875e-01
10.000  20.000  7.1881e-01
10.000  20.250  7.1883e-01
10.000  20.500  7.1883e-01
10.000  20.750  7.1883e-01
10.000  21.000  7.1883e-01
10.000  21.250  7.1883e-01
10.000  21.500  7.1883e-01
10.000  21.750  7.1883e-01
10.000  22.000  7.1883e-01
10.000  22.250  7.1883e-01
10.000  22.500  7.1883e-01
10.000  22.750  7.1883e-01
10.000  23.000  7.1883e-01
10.000  23.250  7.1883e-01
10.000  23.500  7.1883e-01
10.000  23.750  7.1883e-01
10.000  24.000  7.1883e-01
10.250  17.000  7.1850e-01
10.250  17.250  7.1849e-01
10.250  17.500  7.1844e-01
10.250  17.750  7.1835e-01
10.250  18.000  7.1819e-01
10.250  18.250  7.1799e-01
10.250  18.500  7.1777e-01
10.250  18.750  7.1763e-01
10.250  19.000  7.1767e-01
10.250  19.250  7.1780e-01
10.250  19.500  7.1832e-01
10.250  19.750  7.1850e-01
10.250  20.000  7.1862e-01
10.250  20.250  7.1878e-01
10.250  20.500  7.1882e-01
10.250  20.750  7.1883e-01
10.250  21.000  7.1883e-01
10.250  21.250  7.1883e-01
10.250  21.500  7.1883e-01
10.250  21.750  7.1883e-01
10.250  22.000  7.1883e-01
10.250  22.250  7.1883e-01
10.250  22.500  7.1883e-01
10.250  22.750  7.1883e-01
10.250  23.000  7.1883e-01
10.250  23.250  7.1883e-01
10.250  23.500  7.1883e-01
10.250  23.750  7.1883e-01
10.250  24.000  7.1883e-01
10.500  17.000  7.1834e-01
10.500  17.250  7.1834e-01
10.500  17.500  7.1828e-01
10.500  17.750  7.1814e-01
10.500  18.000  7.1788e-01
10.500  18.250  7.1756e-01
10.500  18.500  7.1731e-01
10.500  18.750  7.1717e-01
10.500  19.000  7.1727e-01
10.500  19.250  7.1742e-01
10.500  19.500  7.1791e-01
10.500  19.750  7.1828e-01
10.500  20.000  7.1841e-01
10.500  20.250  7.1859e-01
10.500  20.500  7.1877e-01
10.500  20.750  7.1881e-01
10.500  21.000  7.1882e-01
10.500  21.250  7.1883e-01
10.500  21.500  7.1883e-01
10.500  21.750  7.1883e-01
10.500  22.000  7.1883e-01
10.500  22.250  7.1883e-01
10.500  22.500  7.1883e-01
10.500  22.750  7.1883e-01
10.500  23.000  7.1883e-01
10.500  23.250  7.1883e-01
10.500  23.500  7.1883e-01
10.500  23.750  7.1883e-01
10.500  24.000  7.1883e-01
10.750  17.000  7.1807e-01
10.750  17.250  7.1810e-01
10.750  17.500  7.1802e-01
10.750  17.750  7.1780e-01
10.750  18.000  7.1742e-01
10.750  18.250  7.1699e-01
10.750  18.500  7.1674e-01
10.750  18.750  7.1670e-01
10.750  19.000  7.1683e-01
10.750  19.250  7.1699e-01
10.750  19.500  7.1723e-01
10.750  19.750  7.1719e-01
10.750  20.000  7.1815e-01
10.750  20.250  7.1848e-01
10.750  20.500  7.1853e-01
10.750  20.750  7.1874e-01
10.750  21.000  7.1879e-01
10.750  21.250  7.1882e-01
10.750  21.500  7.1883e-01
10.750  21.750  7.1883e-01
10.750  22.000  7.1883e-01
10.750  22.250  7.1883e-01
10.750  22.500  7.1883e-01
10.750  22.750  7.1883e-01
10.750  23.000  7.1883e-01
10.750  23.250  7.1883e-01
10.750  23.500  7.1883e-01
10.750  23.750  7.1883e-01
10.750  24.000  7.1883e-01
11.000  17.000  7.1757e-01
11.000  17.250  7.1770e-01
11.000  17.500  7.1761e-01
11.000  17.750  7.1730e-01
11.000  18.000  7.1678e-01
11.000  18.250  7.1629e-01
11.000  18.500  7.1608e-01
11.000  18.750  7.1615e-01
11.000  19.000  7.1633e-01
11.000  19.250  7.1654e-01
11.000  19.500  7.1676e-01
11.000  19.750  7.1690e-01
11.000  20.000  7.1707e-01
11.000  20.250  7.1808e-01
11.000  20.500  7.1831e-01
11.000  20.750  7.1852e-01
11.000  21.000  7.1870e-01
11.000  21.250  7.1877e-01
11.000  21.500  7.1881e-01
11.000  21.750  7.1882e-01
11.000  22.000  7.1883e-01
11.000  22.250  7.1883e-01
11.000  22.500  7.1883e-01
11.000  22.750  7.1883e-01
11.000  23.000  7.1883e-01
11.000  23.250  7.1883e-01
11.000  23.500  7.1883e-01
11.000  23.750  7.1883e-01
11.000  24.000  7.1883e-01
11.250  17.000  7.1686e-01
11.250  17.250  7.1703e-01
11.250  17.500  7.1694e-01
11.250  17.750  7.1656e-01
11.250  18.000  7.1596e-01
11.250  18.250  7.1552e-01
11.250  18.500  7.1543e-01
11.250  18.750  7.1554e-01
11.250  19.000  7.1576e-01
11.250  19.250  7.1604e-01
11.250  19.500  7.1626e-01
11.250  19.750  7.1645e-01
11.250  20.000  7.1651e-01
11.250  20.250  7.1685e-01
11.250  20.500  7.1793e-01
11.250  20.750  7.1828e-01
11.250  21.000  7.1845e-01
11.250  21.250  7.1869e-01
11.250  21.500  7.1875e-01
11.250  21.750  7.1880e-01
11.250  22.000  7.1882e-01
11.250  22.250  7.1882e-01
11.250  22.500  7.1882e-01
11.250  22.750  7.1883e-01
11.250  23.000  7.1883e-01
11.250  23.250  7.1883e-01
11.250  23.500  7.1883e-01
11.250  23.750  7.1883e-01
11.250  24.000  7.1883e-01
11.500  17.000  7.1618e-01
11.500  17.250  7.1615e-01
11.500  17.500  7.1601e-01
11.500  17.750  7.1558e-01
11.500  18.000  7.1501e-01
11.500  18.250  7.1476e-01
11.500  18.500  7.1474e-01
11.500  18.750  7.1489e-01
11.500  19.000  7.1512e-01
11.500  19.250  7.1544e-01
11.500  19.500  7.1572e-01
11.500  19.750  7.1598e-01
11.500  20.000  7.1607e-01
11.500  20.250  7.1591e-01
11.500  20.500  7.1661e-01
11.500  20.750  7.1783e-01
11.500  21.000  7.1820e-01
11.500  21.250  7.1849e-01
11.500  21.500  7.1866e-01
11.500  21.750  7.1874e-01
11.500  22.000  7.1879e-01
11.500  22.250  7.1881e-01
11.500  22.500  7.1882e-01
11.500  22.750  7.1882e-01
11.500  23.000  7.1883e-01
11.500  23.250  7.1883e-01
11.500  23.500  7.1883e-01
11.500  23.750  7.1883e-01
11.500  24.000  7.1883e-01
11.750  17.000  7.1583e-01
11.750  17.250  7.1534e-01
11.750  17.500  7.1492e-01
11.750  17.750  7.1440e-01
11.750  18.000  7.1401e-01
11.750  18.250  7.1392e-01
11.750  18.500  7.1403e-01
11.750  18.750  7.1421e-01
11.750  19.000  7.1444e-01
11.750  19.250  7.1476e-01
11.750  19.500  7.1517e-01
11.750  19.750  7.1546e-01
11.750  20.000  7.1566e-01
11.750  20.250  7.1557e-01
11.750  20.500  7.1513e-01
11.750  20.750  7.1616e-01
11.750  21.000  7.1768e-01
11.750  21.250  7.1816e-01
11.750  21.500  7.1844e-01
11.750  21.750  7.1861e-01
11.750  22.000  7.1871e-01
11.750  22.250  7.1876e-01
11.750  22.500  7.1880e-01
11.750  22.750  7.1881e-01
11.750  23.000  7.1882e-01
11.750  23.250  7.1882e-01
11.750  23.500  7.1883e-01
11.750  23.750  7.1883e-01
11.750  24.000  7.1883e-01
12.000  17.000  7.1592e-01
12.000  17.250  7.1496e-01
12.000  17.500  7.1407e-01
12.000  17.750  7.1340e-01
12.000  18.000  7.1315e-01
12.000  18.250  7.1320e-01
12.000  18.500  7.1334e-01
12.000  18.750  7.1347e-01
12.000  19.000  7.1367e-01
12.000  19.250  7.1403e-01
12.000  19.500  7.1446e-01
12.000  19.750  7.1488e-01
12.000  20.000  7.1517e-01
12.000  20.250  7.1522e-01
12.000  20.500  7.1486e-01
12.000  20.750  7.1410e-01
12.000  21.000  7.1542e-01
12.000  21.250  7.1745e-01
12.000  21.500  7.1808e-01
12.000  21.750  7.1838e-01
12.000  22.000  7.1857e-01
12.000  22.250  7.1867e-01
12.000  22.500  7.1874e-01
12.000  22.750  7.1879e-01
12.000  23.000  7.1880e-01
12.000  23.250  7.1881e-01
12.000  23.500  7.1882e-01
12.000  23.750  7.1882e-01
12.000  24.000  7.1883e-01
12.250  17.000  7.1638e-01
12.250  17.250  7.1524e-01
12.250  17.500  7.1400e-01
12.250  17.750  7.1305e-01
12.250  18.000  7.1269e-01
12.250  18.250  7.1264e-01
12.250  18.500  7.1265e-01
12.250  18.750  7.1269e-01
12.250  19.000  7.1285e-01
12.250  19.250  7.1319e-01
12.250  19.500  7.1366e-01
12.250  19.750  7.1417e-01
12.250  20.000  7.1457e-01
12.250  20.250  7.1477e-01
12.250  20.500  7.1458e-01
12.250  20.750  7.1384e-01
12.250  21.000  7.1250e-01
12.250  21.250  7.1482e-01
12.250  21.500  7.1715e-01
12.250  21.750  7.1801e-01
12.250  22.000  7.1830e-01
12.250  22.250  7.1849e-01
12.250  22.500  7.1862e-01
12.250  22.750  7.1870e-01
12.250  23.000  7.1876e-01
12.250  23.250  7.1878e-01
12.250  23.500  7.1880e-01
12.250  23.750  7.1882e-01
12.250  24.000  7.1882e-01
12.500  17.000  7.1713e-01
12.500  17.250  7.1618e-01
12.500  17.500  7.1501e-01
12.500  17.750  7.1386e-01
12.500  18.000  7.1292e-01
12.500  18.250  7.1233e-01
12.500  18.500  7.1203e-01
12.500  18.750  7.1195e-01
12.500  19.000  7.1202e-01
12.500  19.250  7.1230e-01
12.500  19.500  7.1277e-01
12.500  19.750  7.1333e-01
12.500  20.000  7.1386e-01
12.500  20.250  7.1420e-01
12.500  20.500  7.1420e-01
12.500  20.750  7.1367e-01
12.500  21.000  7.1239e-01
12.500  21.250  7.1023e-01
12.500  21.500  7.1389e-01
12.500  21.750  7.1686e-01
12.500  22.000  7.1784e-01
12.500  22.250  7.1819e-01
12.500  22.500  7.1839e-01
12.500  22.750  7.1854e-01
12.500  23.000  7.1865e-01
12.500  23.250  7.1872e-01
12.500  23.500  7.1876e-01
12.500  23.750  7.1879e-01
12.500  24.000  7.1881e-01
12.750  17.000  7.1797e-01
12.750  17.250  7.1743e-01
12.750  17.500  7.1661e-01
12.750  17.750  7.1534e-01
12.750  18.000  7.1384e-01
12.750  18.250  7.1251e-01
12.750  18.500  7.1167e-01
12.750  18.750  7.1127e-01
12.750  19.000  7.1120e-01
12.750  19.250  7.1141e-01
12.750  19.500  7.1185e-01
12.750  19.750  7.1241e-01
12.750  20.000  7.1300e-01
12.750  20.250  7.1349e-01
12.750  20.500  7.1368e-01
12.750  20.750  7.1337e-01
12.750  21.000  7.1231e-01
12.750  21.250  7.1030e-01
12.750  21.500  7.0811e-01
12.750  21.750  7.1268e-01
12.750  22.000  7.1640e-01
12.750  22.250  7.1755e-01
12.750  22.500  7.1799e-01
12.750  22.750  7.1824e-01
12.750  23.000  7.1844e-01
12.750  23.250  7.1858e-01
12.750  23.500  7.1866e-01
12.750  23.750  7.1871e-01
12.750  24.000  7.1876e-01
13.000  17.000  7.1848e-01
13.000  17.250  7.1815e-01
13.000  17.500  7.1742e-01
13.000  17.750  7.1640e-01
13.000  18.000  7.1492e-01
13.000  18.250  7.1320e-01
13.000  18.500  7.1172e-01
13.000  18.750  7.1083e-01
13.000  19.000  7.1051e-01
13.000  19.250  7.1054e-01
13.000  19.500  7.1092e-01
13.000  19.750  7.1146e-01
13.000  20.000  7.1209e-01
13.000  20.250  7.1265e-01
13.000  20.500  7.1297e-01
13.000  20.750  7.1287e-01
13.000  21.000  7.1207e-01
13.000  21.250  7.1027e-01
13.000  21.500  7.0748e-01
13.000  21.750  7.0510e-01
13.000  22.000  7.1107e-01
13.000  22.250  7.1584e-01
13.000  22.500  7.1708e-01
13.000  22.750  7.1769e-01
13.000  23.000  7.1804e-01
13.000  23.250  7.1826e-01
13.000  23.500  7.1845e-01
13.000  23.750  7.1857e-01
13.000  24.000  7.1864e-01
13.250  17.000  7.1862e-01
13.250  17.250  7.1843e-01
13.250  17.500  7.1799e-01
13.250  17.750  7.1719e-01
13.250  18.000  7.1596e-01
13.250  18.250  7.1426e-01
13.250  18.500  7.1238e-01
13.250  18.750  7.1087e-01
13.250  19.000  7.1005e-01
13.250  19.250  7.0982e-01
13.250  19.500  7.1004e-01
13.250  19.750  7.1051e-01
13.250  20.000  7.1111e-01
13.250  20.250  7.1171e-01
13.250  20.500  7.1213e-01
13.250  20.750  7.1219e-01
13.250  21.000  7.1160e-01
13.250  21.250  7.1006e-01
13.250  21.500  7.0739e-01
13.250  21.750  7.0330e-01
13.250  22.000  7.0217e-01
13.250  22.250  7.0947e-01
13.250  22.500  7.1455e-01
13.250  22.750  7.1634e-01
13.250  23.000  7.1720e-01
13.250  23.250  7.1769e-01
13.250  23.500  7.1799e-01
13.250  23.750  7.1826e-01
13.250  24.000  7.1842e-01
13.500  17.000  7.1871e-01
13.500  17.250  7.1859e-01
13.500  17.500  7.1834e-01
13.500  17.750  7.1781e-01
13.500  18.000  7.1684e-01
13.500  18.250  7.1545e-01
13.500  18.500  7.1359e-01
13.500  18.750  7.1160e-01
13.500  19.000  7.1010e-01
13.500  19.250  7.0934e-01
13.500  19.500  7.0929e-01
13.500  19.750  7.0961e-01
13.500  20.000  7.1015e-01
13.500  20.250  7.1072e-01
13.500  20.500  7.1120e-01
13.500  20.750  7.1134e-01
13.500  21.000  7.1091e-01
13.500  21.250  7.0956e-01
13.500  21.500  7.0708e-01
13.500  21.750  7.0258e-01
13.500  22.000  6.9706e-01
13.500  22.250  6.9780e-01
13.500  22.500  7.0658e-01
13.500  22.750  7.1284e-01
13.500  23.000  7.1520e-01
13.500  23.250  7.1640e-01
13.500  23.500  7.1711e-01
13.500  23.750  7.1761e-01
13.500  24.000  7.1794e-01
13.750  17.000  7.1875e-01
13.750  17.250  7.1869e-01
13.750  17.500  7.1854e-01
13.750  17.750  7.1821e-01
13.750  18.000  7.1756e-01
13.750  18.250  7.1650e-01
13.750  18.500  7.1492e-01
13.750  18.750  7.1292e-01
13.750  19.000  7.1088e-01
13.750  19.250  7.0947e-01
13.750  19.500  7.0887e-01
13.750  19.750  7.0889e-01
13.750  20.000  7.0924e-01
13.750  20.250  7.0972e-01
13.750  20.500  7.1016e-01
13.750  20.750  7.1035e-01
13.750  21.000  7.1000e-01
13.750  21.250  7.0876e-01
13.750  21.500  7.0638e-01
13.750  21.750  7.0165e-01
13.750  22.000  6.9407e-01
13.750  22.250  6.8732e-01
13.750  22.500  6.9263e-01
13.750  22.750  7.0335e-01
13.750  23.000  7.1037e-01
13.750  23.250  7.1347e-01
13.750  23.500  7.1517e-01
13.750  23.750  7.1618e-01
13.750  24.000  7.1696e-01
14.000  17.000  7.1878e-01
14.000  17.250  7.1874e-01
14.000  17.500  7.1866e-01
14.000  17.750  7.1847e-01
14.000  18.000  7.1805e-01
14.000  18.250  7.1729e-01
14.000  18.500  7.1612e-01
14.000  18.750  7.1446e-01
14.000  19.000  7.1236e-01
14.000  19.250  7.1029e-01
14.000  19.500  7.0893e-01
14.000  19.750  7.0846e-01
14.000  20.000  7.0850e-01
14.000  20.250  7.0883e-01
14.000  20.500  7.0914e-01
14.000  20.750  7.0929e-01
14.000  21.000  7.0894e-01
14.000  21.250  7.0771e-01
14.000  21.500  7.0533e-01
14.000  21.750  7.0029e-01
14.000  22.000  6.9107e-01
14.000  22.250  6.7766e-01
14.000  22.500  6.7265e-01
14.000  22.750  6.8579e-01
14.000  23.000  6.9825e-01
14.000  23.250  7.0668e-01
14.000  23.500  7.1070e-01
14.000  23.750  7.1317e-01
14.000  24.000  7.1474e-01
