nInu 1356.96A  relative to Inci 1215.00A scaled to 1215A.
Hden   Phi(H)  Eq_Width (A)
7.000  17.000  9.6913e-01
7.000  17.250  9.6748e-01
7.000  17.500  9.6901e-01
7.000  17.750  9.7528e-01
7.000  18.000  9.8327e-01
7.000  18.250  9.9321e-01
7.000  18.500  9.9532e-01
7.000  18.750  9.9532e-01
7.000  19.000  9.9532e-01
7.000  19.250  9.9533e-01
7.000  19.500  9.9533e-01
7.000  19.750  9.9533e-01
7.000  20.000  9.9533e-01
7.000  20.250  9.9533e-01
7.000  20.500  9.9533e-01
7.000  20.750  9.9533e-01
7.000  21.000  9.9533e-01
7.000  21.250  9.9533e-01
7.000  21.500  9.9533e-01
7.000  21.750  9.9533e-01
7.000  22.000  9.9533e-01
7.000  22.250  9.9533e-01
7.000  22.500  9.9533e-01
7.000  22.750  9.9533e-01
7.000  23.000  9.9533e-01
7.000  23.250  9.9533e-01
7.000  23.500  9.9533e-01
7.000  23.750  9.9533e-01
7.000  24.000  9.9533e-01
7.250  17.000  9.7219e-01
7.250  17.250  9.6889e-01
7.250  17.500  9.6725e-01
7.250  17.750  9.6997e-01
7.250  18.000  9.7552e-01
7.250  18.250  9.8359e-01
7.250  18.500  9.9327e-01
7.250  18.750  9.9532e-01
7.250  19.000  9.9532e-01
7.250  19.250  9.9532e-01
7.250  19.500  9.9532e-01
7.250  19.750  9.9533e-01
7.250  20.000  9.9533e-01
7.250  20.250  9.9533e-01
7.250  20.500  9.9533e-01
7.250  20.750  9.9533e-01
7.250  21.000  9.9533e-01
7.250  21.250  9.9533e-01
7.250  21.500  9.9533e-01
7.250  21.750  9.9533e-01
7.250  22.000  9.9533e-01
7.250  22.250  9.9533e-01
7.250  22.500  9.9533e-01
7.250  22.750  9.9533e-01
7.250  23.000  9.9533e-01
7.250  23.250  9.9533e-01
7.250  23.500  9.9533e-01
7.250  23.750  9.9533e-01
7.250  24.000  9.9533e-01
7.500  17.000  9.7571e-01
7.500  17.250  9.7157e-01
7.500  17.500  9.6814e-01
7.500  17.750  9.6650e-01
7.500  18.000  9.6960e-01
7.500  18.250  9.7516e-01
7.500  18.500  9.8380e-01
7.500  18.750  9.9327e-01
7.500  19.000  9.9532e-01
7.500  19.250  9.9532e-01
7.500  19.500  9.9532e-01
7.500  19.750  9.9532e-01
7.500  20.000  9.9533e-01
7.500  20.250  9.9533e-01
7.500  20.500  9.9533e-01
7.500  20.750  9.9533e-01
7.500  21.000  9.9533e-01
7.500  21.250  9.9533e-01
7.500  21.500  9.9533e-01
7.500  21.750  9.9533e-01
7.500  22.000  9.9533e-01
7.500  22.250  9.9533e-01
7.500  22.500  9.9533e-01
7.500  22.750  9.9533e-01
7.500  23.000  9.9533e-01
7.500  23.250  9.9533e-01
7.500  23.500  9.9533e-01
7.500  23.750  9.9533e-01
7.500  24.000  9.9533e-01
7.750  17.000  9.7943e-01
7.750  17.250  9.7484e-01
7.750  17.500  9.7031e-01
7.750  17.750  9.6648e-01
7.750  18.000  9.6484e-01
7.750  18.250  9.6875e-01
7.750  18.500  9.7476e-01
7.750  18.750  9.8397e-01
7.750  19.000  9.9339e-01
7.750  19.250  9.9531e-01
7.750  19.500  9.9532e-01
7.750  19.750  9.9532e-01
7.750  20.000  9.9533e-01
7.750  20.250  9.9533e-01
7.750  20.500  9.9532e-01
7.750  20.750  9.9533e-01
7.750  21.000  9.9533e-01
7.750  21.250  9.9533e-01
7.750  21.500  9.9533e-01
7.750  21.750  9.9533e-01
7.750  22.000  9.9533e-01
7.750  22.250  9.9533e-01
7.750  22.500  9.9533e-01
7.750  22.750  9.9533e-01
7.750  23.000  9.9533e-01
7.750  23.250  9.9533e-01
7.750  23.500  9.9533e-01
7.750  23.750  9.9533e-01
7.750  24.000  9.9533e-01
8.000  17.000  9.8292e-01
8.000  17.250  9.7852e-01
8.000  17.500  9.7334e-01
8.000  17.750  9.6788e-01
8.000  18.000  9.6319e-01
8.000  18.250  9.6185e-01
8.000  18.500  9.6659e-01
8.000  18.750  9.7378e-01
8.000  19.000  9.8399e-01
8.000  19.250  9.9341e-01
8.000  19.500  9.9531e-01
8.000  19.750  9.9532e-01
8.000  20.000  9.9532e-01
8.000  20.250  9.9533e-01
8.000  20.500  9.9533e-01
8.000  20.750  9.9532e-01
8.000  21.000  9.9533e-01
8.000  21.250  9.9533e-01
8.000  21.500  9.9533e-01
8.000  21.750  9.9533e-01
8.000  22.000  9.9533e-01
8.000  22.250  9.9533e-01
8.000  22.500  9.9533e-01
8.000  22.750  9.9533e-01
8.000  23.000  9.9533e-01
8.000  23.250  9.9533e-01
8.000  23.500  9.9533e-01
8.000  23.750  9.9533e-01
8.000  24.000  9.9533e-01
8.250  17.000  9.8554e-01
8.250  17.250  9.8160e-01
8.250  17.500  9.7643e-01
8.250  17.750  9.6992e-01
8.250  18.000  9.6238e-01
8.250  18.250  9.5692e-01
8.250  18.500  9.5700e-01
8.250  18.750  9.6421e-01
8.250  19.000  9.7217e-01
8.250  19.250  9.8403e-01
8.250  19.500  9.9352e-01
8.250  19.750  9.9531e-01
8.250  20.000  9.9532e-01
8.250  20.250  9.9532e-01
8.250  20.500  9.9532e-01
8.250  20.750  9.9533e-01
8.250  21.000  9.9533e-01
8.250  21.250  9.9533e-01
8.250  21.500  9.9533e-01
8.250  21.750  9.9533e-01
8.250  22.000  9.9533e-01
8.250  22.250  9.9533e-01
8.250  22.500  9.9533e-01
8.250  22.750  9.9533e-01
8.250  23.000  9.9533e-01
8.250  23.250  9.9533e-01
8.250  23.500  9.9533e-01
8.250  23.750  9.9533e-01
8.250  24.000  9.9533e-01
8.500  17.000  9.8735e-01
8.500  17.250  9.8394e-01
8.500  17.500  9.7908e-01
8.500  17.750  9.7218e-01
8.500  18.000  9.6270e-01
8.500  18.250  9.5301e-01
8.500  18.500  9.4819e-01
8.500  18.750  9.5130e-01
8.500  19.000  9.6037e-01
8.500  19.250  9.6928e-01
8.500  19.500  9.8392e-01
8.500  19.750  9.9361e-01
8.500  20.000  9.9530e-01
8.500  20.250  9.9532e-01
8.500  20.500  9.9532e-01
8.500  20.750  9.9532e-01
8.500  21.000  9.9533e-01
8.500  21.250  9.9533e-01
8.500  21.500  9.9533e-01
8.500  21.750  9.9533e-01
8.500  22.000  9.9533e-01
8.500  22.250  9.9533e-01
8.500  22.500  9.9533e-01
8.500  22.750  9.9533e-01
8.500  23.000  9.9533e-01
8.500  23.250  9.9533e-01
8.500  23.500  9.9533e-01
8.500  23.750  9.9533e-01
8.500  24.000  9.9533e-01
8.750  17.000  9.8836e-01
8.750  17.250  9.8539e-01
8.750  17.500  9.8090e-01
8.750  17.750  9.7401e-01
8.750  18.000  9.6351e-01
8.750  18.250  9.5067e-01
8.750  18.500  9.4037e-01
8.750  18.750  9.3779e-01
8.750  19.000  9.4535e-01
8.750  19.250  9.5559e-01
8.750  19.500  9.6634e-01
8.750  19.750  9.8377e-01
8.750  20.000  9.9359e-01
8.750  20.250  9.9530e-01
8.750  20.500  9.9532e-01
8.750  20.750  9.9532e-01
8.750  21.000  9.9532e-01
8.750  21.250  9.9533e-01
8.750  21.500  9.9533e-01
8.750  21.750  9.9533e-01
8.750  22.000  9.9533e-01
8.750  22.250  9.9533e-01
8.750  22.500  9.9533e-01
8.750  22.750  9.9533e-01
8.750  23.000  9.9533e-01
8.750  23.250  9.9533e-01
8.750  23.500  9.9533e-01
8.750  23.750  9.9533e-01
8.750  24.000  9.9533e-01
9.000  17.000  9.8873e-01
9.000  17.250  9.8602e-01
9.000  17.500  9.8178e-01
9.000  17.750  9.7499e-01
9.000  18.000  9.6416e-01
9.000  18.250  9.4940e-01
9.000  18.500  9.3491e-01
9.000  18.750  9.2614e-01
9.000  19.000  9.2620e-01
9.000  19.250  9.3817e-01
9.000  19.500  9.5060e-01
9.000  19.750  9.6190e-01
9.000  20.000  9.8374e-01
9.000  20.250  9.9365e-01
9.000  20.500  9.9529e-01
9.000  20.750  9.9532e-01
9.000  21.000  9.9532e-01
9.000  21.250  9.9532e-01
9.000  21.500  9.9533e-01
9.000  21.750  9.9533e-01
9.000  22.000  9.9533e-01
9.000  22.250  9.9533e-01
9.000  22.500  9.9533e-01
9.000  22.750  9.9533e-01
9.000  23.000  9.9533e-01
9.000  23.250  9.9533e-01
9.000  23.500  9.9533e-01
9.000  23.750  9.9533e-01
9.000  24.000  9.9533e-01
9.250  17.000  9.8864e-01
9.250  17.250  9.8603e-01
9.250  17.500  9.8186e-01
9.250  17.750  9.7505e-01
9.250  18.000  9.6404e-01
9.250  18.250  9.4844e-01
9.250  18.500  9.3058e-01
9.250  18.750  9.1448e-01
9.250  19.000  9.0621e-01
9.250  19.250  9.1111e-01
9.250  19.500  9.2885e-01
9.250  19.750  9.4544e-01
9.250  20.000  9.6318e-01
9.250  20.250  9.8420e-01
9.250  20.500  9.9365e-01
9.250  20.750  9.9527e-01
9.250  21.000  9.9532e-01
9.250  21.250  9.9532e-01
9.250  21.500  9.9533e-01
9.250  21.750  9.9533e-01
9.250  22.000  9.9533e-01
9.250  22.250  9.9533e-01
9.250  22.500  9.9533e-01
9.250  22.750  9.9533e-01
9.250  23.000  9.9533e-01
9.250  23.250  9.9533e-01
9.250  23.500  9.9533e-01
9.250  23.750  9.9533e-01
9.250  24.000  9.9533e-01
9.500  17.000  9.8821e-01
9.500  17.250  9.8560e-01
9.500  17.500  9.8136e-01
9.500  17.750  9.7437e-01
9.500  18.000  9.6309e-01
9.500  18.250  9.4663e-01
9.500  18.500  9.2568e-01
9.500  18.750  9.0318e-01
9.500  19.000  8.8443e-01
9.500  19.250  8.7786e-01
9.500  19.500  8.9235e-01
9.500  19.750  9.2028e-01
9.500  20.000  9.4350e-01
9.500  20.250  9.6691e-01
9.500  20.500  9.8476e-01
9.500  20.750  9.9354e-01
9.500  21.000  9.9524e-01
9.500  21.250  9.9532e-01
9.500  21.500  9.9532e-01
9.500  21.750  9.9532e-01
9.500  22.000  9.9533e-01
9.500  22.250  9.9533e-01
9.500  22.500  9.9533e-01
9.500  22.750  9.9533e-01
9.500  23.000  9.9533e-01
9.500  23.250  9.9533e-01
9.500  23.500  9.9533e-01
9.500  23.750  9.9533e-01
9.500  24.000  9.9533e-01
9.750  17.000  9.8742e-01
9.750  17.250  9.8484e-01
9.750  17.500  9.8049e-01
9.750  17.750  9.7319e-01
9.750  18.000  9.6128e-01
9.750  18.250  9.4301e-01
9.750  18.500  9.1966e-01
9.750  18.750  8.9209e-01
9.750  19.000  8.6425e-01
9.750  19.250  8.4137e-01
9.750  19.500  8.3951e-01
9.750  19.750  8.6716e-01
9.750  20.000  9.0992e-01
9.750  20.250  9.4034e-01
9.750  20.500  9.6961e-01
9.750  20.750  9.8467e-01
9.750  21.000  9.9349e-01
9.750  21.250  9.9521e-01
9.750  21.500  9.9531e-01
9.750  21.750  9.9532e-01
9.750  22.000  9.9532e-01
9.750  22.250  9.9533e-01
9.750  22.500  9.9533e-01
9.750  22.750  9.9533e-01
9.750  23.000  9.9533e-01
9.750  23.250  9.9533e-01
9.750  23.500  9.9533e-01
9.750  23.750  9.9533e-01
9.750  24.000  9.9533e-01
10.000  17.000  9.8618e-01
10.000  17.250  9.8376e-01
10.000  17.500  9.7939e-01
10.000  17.750  9.7170e-01
10.000  18.000  9.5853e-01
10.000  18.250  9.3790e-01
10.000  18.500  9.1140e-01
10.000  18.750  8.7978e-01
10.000  19.000  8.4546e-01
10.000  19.250  8.0790e-01
10.000  19.500  7.6686e-01
10.000  19.750  7.4236e-01
10.000  20.000  8.0368e-01
10.000  20.250  8.9257e-01
10.000  20.500  9.4414e-01
10.000  20.750  9.7310e-01
10.000  21.000  9.8571e-01
10.000  21.250  9.9331e-01
10.000  21.500  9.9514e-01
10.000  21.750  9.9531e-01
10.000  22.000  9.9532e-01
10.000  22.250  9.9532e-01
10.000  22.500  9.9533e-01
10.000  22.750  9.9533e-01
10.000  23.000  9.9533e-01
10.000  23.250  9.9533e-01
10.000  23.500  9.9533e-01
10.000  23.750  9.9533e-01
10.000  24.000  9.9533e-01
10.250  17.000  9.8423e-01
10.250  17.250  9.8223e-01
10.250  17.500  9.7786e-01
10.250  17.750  9.6969e-01
10.250  18.000  9.5477e-01
10.250  18.250  9.3178e-01
10.250  18.500  9.0180e-01
10.250  18.750  8.6647e-01
10.250  19.000  8.2614e-01
10.250  19.250  7.8342e-01
10.250  19.500  7.4334e-01
10.250  19.750  7.1491e-01
10.250  20.000  7.2570e-01
10.250  20.250  8.0577e-01
10.250  20.500  8.9787e-01
10.250  20.750  9.4954e-01
10.250  21.000  9.7194e-01
10.250  21.250  9.8499e-01
10.250  21.500  9.9296e-01
10.250  21.750  9.9506e-01
10.250  22.000  9.9531e-01
10.250  22.250  9.9532e-01
10.250  22.500  9.9532e-01
10.250  22.750  9.9533e-01
10.250  23.000  9.9533e-01
10.250  23.250  9.9533e-01
10.250  23.500  9.9533e-01
10.250  23.750  9.9533e-01
10.250  24.000  9.9533e-01
10.500  17.000  9.8122e-01
10.500  17.250  9.7994e-01
10.500  17.500  9.7572e-01
10.500  17.750  9.6687e-01
10.500  18.000  9.5015e-01
10.500  18.250  9.2417e-01
10.500  18.500  8.9200e-01
10.500  18.750  8.5513e-01
10.500  19.000  8.1680e-01
10.500  19.250  7.8237e-01
10.500  19.500  7.5064e-01
10.500  19.750  7.2201e-01
10.500  20.000  7.0668e-01
10.500  20.250  7.2864e-01
10.500  20.500  8.1423e-01
10.500  20.750  9.0515e-01
10.500  21.000  9.5085e-01
10.500  21.250  9.7239e-01
10.500  21.500  9.8464e-01
10.500  21.750  9.9237e-01
10.500  22.000  9.9496e-01
10.500  22.250  9.9530e-01
10.500  22.500  9.9532e-01
10.500  22.750  9.9532e-01
10.500  23.000  9.9533e-01
10.500  23.250  9.9533e-01
10.500  23.500  9.9533e-01
10.500  23.750  9.9533e-01
10.500  24.000  9.9533e-01
10.750  17.000  9.7680e-01
10.750  17.250  9.7639e-01
10.750  17.500  9.7244e-01
10.750  17.750  9.6258e-01
10.750  18.000  9.4393e-01
10.750  18.250  9.1571e-01
10.750  18.500  8.8176e-01
10.750  18.750  8.4523e-01
10.750  19.000  8.1105e-01
10.750  19.250  7.8005e-01
10.750  19.500  7.5475e-01
10.750  19.750  7.3670e-01
10.750  20.000  7.1610e-01
10.750  20.250  7.0302e-01
10.750  20.500  7.2938e-01
10.750  20.750  8.1893e-01
10.750  21.000  8.9951e-01
10.750  21.250  9.5154e-01
10.750  21.500  9.7089e-01
10.750  21.750  9.8307e-01
10.750  22.000  9.9182e-01
10.750  22.250  9.9484e-01
10.750  22.500  9.9529e-01
10.750  22.750  9.9531e-01
10.750  23.000  9.9532e-01
10.750  23.250  9.9533e-01
10.750  23.500  9.9533e-01
10.750  23.750  9.9533e-01
10.750  24.000  9.9533e-01
11.000  17.000  9.7033e-01
11.000  17.250  9.7118e-01
11.000  17.500  9.6722e-01
11.000  17.750  9.5638e-01
11.000  18.000  9.3551e-01
11.000  18.250  9.0433e-01
11.000  18.500  8.6885e-01
11.000  18.750  8.3311e-01
11.000  19.000  7.9890e-01
11.000  19.250  7.7154e-01
11.000  19.500  7.5856e-01
11.000  19.750  7.4688e-01
11.000  20.000  7.3022e-01
11.000  20.250  7.0878e-01
11.000  20.500  6.9582e-01
11.000  20.750  7.2533e-01
11.000  21.000  8.2164e-01
11.000  21.250  8.9820e-01
11.000  21.500  9.5441e-01
11.000  21.750  9.7125e-01
11.000  22.000  9.8085e-01
11.000  22.250  9.9162e-01
11.000  22.500  9.9469e-01
11.000  22.750  9.9528e-01
11.000  23.000  9.9531e-01
11.000  23.250  9.9532e-01
11.000  23.500  9.9532e-01
11.000  23.750  9.9533e-01
11.000  24.000  9.9533e-01
11.250  17.000  9.6472e-01
11.250  17.250  9.6313e-01
11.250  17.500  9.5951e-01
11.250  17.750  9.4718e-01
11.250  18.000  9.2288e-01
11.250  18.250  8.8699e-01
11.250  18.500  8.4947e-01
11.250  18.750  8.1125e-01
11.250  19.000  7.7474e-01
11.250  19.250  7.6002e-01
11.250  19.500  7.5657e-01
11.250  19.750  7.5103e-01
11.250  20.000  7.3975e-01
11.250  20.250  7.2127e-01
11.250  20.500  6.9748e-01
11.250  20.750  6.8462e-01
11.250  21.000  7.1981e-01
11.250  21.250  8.2502e-01
11.250  21.500  9.0220e-01
11.250  21.750  9.5023e-01
11.250  22.000  9.6736e-01
11.250  22.250  9.7851e-01
11.250  22.500  9.9065e-01
11.250  22.750  9.9454e-01
11.250  23.000  9.9526e-01
11.250  23.250  9.9530e-01
11.250  23.500  9.9532e-01
11.250  23.750  9.9533e-01
11.250  24.000  9.9533e-01
11.500  17.000  9.6217e-01
11.500  17.250  9.5521e-01
11.500  17.500  9.4776e-01
11.500  17.750  9.3340e-01
11.500  18.000  9.0330e-01
11.500  18.250  8.6139e-01
11.500  18.500  8.1914e-01
11.500  18.750  7.7330e-01
11.500  19.000  7.4408e-01
11.500  19.250  7.4329e-01
11.500  19.500  7.4596e-01
11.500  19.750  7.4760e-01
11.500  20.000  7.4319e-01
11.500  20.250  7.3077e-01
11.500  20.500  7.0948e-01
11.500  20.750  6.8333e-01
11.500  21.000  6.7165e-01
11.500  21.250  7.1519e-01
11.500  21.500  8.2380e-01
11.500  21.750  9.0482e-01
11.500  22.000  9.4889e-01
11.500  22.250  9.6467e-01
11.500  22.500  9.7699e-01
11.500  22.750  9.8959e-01
11.500  23.000  9.9430e-01
11.500  23.250  9.9524e-01
11.500  23.500  9.9529e-01
11.500  23.750  9.9532e-01
11.500  24.000  9.9532e-01
11.750  17.000  9.6456e-01
11.750  17.250  9.4980e-01
11.750  17.500  9.3465e-01
11.750  17.750  9.1250e-01
11.750  18.000  8.7355e-01
11.750  18.250  8.2496e-01
11.750  18.500  7.7291e-01
11.750  18.750  7.2032e-01
11.750  19.000  7.1037e-01
11.750  19.250  7.1725e-01
11.750  19.500  7.2785e-01
11.750  19.750  7.3617e-01
11.750  20.000  7.3916e-01
11.750  20.250  7.3421e-01
11.750  20.500  7.1932e-01
11.750  20.750  6.9455e-01
11.750  21.000  6.6659e-01
11.750  21.250  6.5849e-01
11.750  21.500  7.0727e-01
11.750  21.750  8.2897e-01
11.750  22.000  9.0750e-01
11.750  22.250  9.4566e-01
11.750  22.500  9.5948e-01
11.750  22.750  9.7665e-01
11.750  23.000  9.8859e-01
11.750  23.250  9.9403e-01
11.750  23.500  9.9522e-01
11.750  23.750  9.9528e-01
11.750  24.000  9.9532e-01
12.000  17.000  9.7621e-01
12.000  17.250  9.4708e-01
12.000  17.500  9.2090e-01
12.000  17.750  8.8452e-01
12.000  18.000  8.3365e-01
12.000  18.250  7.7454e-01
12.000  18.500  7.0207e-01
12.000  18.750  6.6541e-01
12.000  19.000  6.6915e-01
12.000  19.250  6.8455e-01
12.000  19.500  7.0207e-01
12.000  19.750  7.1712e-01
12.000  20.000  7.2711e-01
12.000  20.250  7.2974e-01
12.000  20.500  7.2313e-01
12.000  20.750  7.0505e-01
12.000  21.000  6.7664e-01
12.000  21.250  6.4773e-01
12.000  21.500  6.4313e-01
12.000  21.750  7.0762e-01
12.000  22.000  8.3474e-01
12.000  22.250  9.0945e-01
12.000  22.500  9.4087e-01
12.000  22.750  9.5573e-01
12.000  23.000  9.7499e-01
12.000  23.250  9.8784e-01
12.000  23.500  9.9359e-01
12.000  23.750  9.9518e-01
12.000  24.000  9.9527e-01
12.250  17.000  9.8113e-01
12.250  17.250  9.5544e-01
12.250  17.500  9.0091e-01
12.250  17.750  8.4678e-01
12.250  18.000  7.8045e-01
12.250  18.250  6.9216e-01
12.250  18.500  6.2071e-01
12.250  18.750  6.1039e-01
12.250  19.000  6.2353e-01
12.250  19.250  6.4486e-01
12.250  19.500  6.6781e-01
12.250  19.750  6.8947e-01
12.250  20.000  7.0653e-01
12.250  20.250  7.1662e-01
12.250  20.500  7.1852e-01
12.250  20.750  7.0902e-01
12.250  21.000  6.8700e-01
12.250  21.250  6.5458e-01
12.250  21.500  6.2633e-01
12.250  21.750  6.2710e-01
12.250  22.000  7.1010e-01
12.250  22.250  8.4295e-01
12.250  22.500  9.0588e-01
12.250  22.750  9.3480e-01
12.250  23.000  9.5298e-01
12.250  23.250  9.7476e-01
12.250  23.500  9.8655e-01
12.250  23.750  9.9330e-01
12.250  24.000  9.9514e-01
12.500  17.000  9.7727e-01
12.500  17.250  9.5740e-01
12.500  17.500  8.9798e-01
12.500  17.750  7.9436e-01
12.500  18.000  6.9575e-01
12.500  18.250  5.8072e-01
12.500  18.500  5.3852e-01
12.500  18.750  5.4470e-01
12.500  19.000  5.6975e-01
12.500  19.250  5.9780e-01
12.500  19.500  6.2657e-01
12.500  19.750  6.5384e-01
12.500  20.000  6.7732e-01
12.500  20.250  6.9506e-01
12.500  20.500  7.0405e-01
12.500  20.750  7.0374e-01
12.500  21.000  6.9062e-01
12.500  21.250  6.6239e-01
12.500  21.500  6.2803e-01
12.500  21.750  5.9498e-01
12.500  22.000  6.0602e-01
12.500  22.250  7.1519e-01
12.500  22.500  8.5002e-01
12.500  22.750  8.9786e-01
12.500  23.000  9.2785e-01
12.500  23.250  9.5236e-01
12.500  23.500  9.7497e-01
12.500  23.750  9.8617e-01
12.500  24.000  9.9294e-01
12.750  17.000  9.6099e-01
12.750  17.250  9.4134e-01
12.750  17.500  8.9386e-01
12.750  17.750  7.8103e-01
12.750  18.000  5.6271e-01
12.750  18.250  4.7296e-01
12.750  18.500  4.5338e-01
12.750  18.750  4.7898e-01
12.750  19.000  5.0846e-01
12.750  19.250  5.4251e-01
12.750  19.500  5.7744e-01
12.750  19.750  6.0977e-01
12.750  20.000  6.3937e-01
12.750  20.250  6.6391e-01
12.750  20.500  6.8121e-01
12.750  20.750  6.8825e-01
12.750  21.000  6.8376e-01
12.750  21.250  6.6390e-01
12.750  21.500  6.3178e-01
12.750  21.750  5.8426e-01
12.750  22.000  5.5121e-01
12.750  22.250  5.7867e-01
12.750  22.500  7.2768e-01
12.750  22.750  8.5234e-01
12.750  23.000  8.9306e-01
12.750  23.250  9.2462e-01
12.750  23.500  9.5250e-01
12.750  23.750  9.7416e-01
12.750  24.000  9.8552e-01
13.000  17.000  9.6225e-01
13.000  17.250  9.4613e-01
13.000  17.500  8.9250e-01
13.000  17.750  8.0429e-01
13.000  18.000  6.7236e-01
13.000  18.250  5.2845e-01
13.000  18.500  4.5633e-01
13.000  18.750  4.4325e-01
13.000  19.000  4.4278e-01
13.000  19.250  4.8097e-01
13.000  19.500  5.1931e-01
13.000  19.750  5.5774e-01
13.000  20.000  5.9307e-01
13.000  20.250  6.2396e-01
13.000  20.500  6.4793e-01
13.000  20.750  6.6281e-01
13.000  21.000  6.6606e-01
13.000  21.250  6.5432e-01
13.000  21.500  6.2893e-01
13.000  21.750  5.7743e-01
13.000  22.000  5.2043e-01
13.000  22.250  4.9338e-01
13.000  22.500  5.4915e-01
13.000  22.750  7.4014e-01
13.000  23.000  8.5232e-01
13.000  23.250  8.8946e-01
13.000  23.500  9.2438e-01
13.000  23.750  9.5278e-01
13.000  24.000  9.7342e-01
13.250  17.000  9.6471e-01
13.250  17.250  9.5506e-01
13.250  17.500  9.3145e-01
13.250  17.750  8.8345e-01
13.250  18.000  7.8695e-01
13.250  18.250  6.5210e-01
13.250  18.500  4.8732e-01
13.250  18.750  4.0798e-01
13.250  19.000  3.9373e-01
13.250  19.250  4.0891e-01
13.250  19.500  4.5747e-01
13.250  19.750  4.9720e-01
13.250  20.000  5.3845e-01
13.250  20.250  5.7475e-01
13.250  20.500  6.0557e-01
13.250  20.750  6.2731e-01
13.250  21.000  6.3782e-01
13.250  21.250  6.3308e-01
13.250  21.500  6.1497e-01
13.250  21.750  5.6491e-01
13.250  22.000  4.9716e-01
13.250  22.250  4.3897e-01
13.250  22.500  4.2898e-01
13.250  22.750  5.0887e-01
13.250  23.000  7.4516e-01
13.250  23.250  8.5227e-01
13.250  23.500  8.9079e-01
13.250  23.750  9.2339e-01
13.250  24.000  9.5265e-01
13.500  17.000  9.6917e-01
13.500  17.250  9.5955e-01
13.500  17.500  9.3939e-01
13.500  17.750  9.0633e-01
13.500  18.000  8.3525e-01
13.500  18.250  7.4230e-01
13.500  18.500  6.1937e-01
13.500  18.750  4.5927e-01
13.500  19.000  3.5287e-01
13.500  19.250  3.4900e-01
13.500  19.500  3.8664e-01
13.500  19.750  4.3005e-01
13.500  20.000  4.7568e-01
13.500  20.250  5.1783e-01
13.500  20.500  5.5429e-01
13.500  20.750  5.8251e-01
13.500  21.000  5.9951e-01
13.500  21.250  6.0095e-01
13.500  21.500  5.8844e-01
13.500  21.750  5.4399e-01
13.500  22.000  4.7360e-01
13.500  22.250  3.9995e-01
13.500  22.500  3.5493e-01
13.500  22.750  3.6287e-01
13.500  23.000  4.6242e-01
13.500  23.250  7.4720e-01
13.500  23.500  8.5716e-01
13.500  23.750  8.8503e-01
13.500  24.000  9.2063e-01
13.750  17.000  9.7428e-01
13.750  17.250  9.6295e-01
13.750  17.500  9.4457e-01
13.750  17.750  9.2164e-01
13.750  18.000  8.6883e-01
13.750  18.250  7.9156e-01
13.750  18.500  7.0223e-01
13.750  18.750  5.7275e-01
13.750  19.000  4.1185e-01
13.750  19.250  2.8170e-01
13.750  19.500  3.1047e-01
13.750  19.750  3.5789e-01
13.750  20.000  4.0502e-01
13.750  20.250  4.5229e-01
13.750  20.500  4.9460e-01
13.750  20.750  5.2890e-01
13.750  21.000  5.5197e-01
13.750  21.250  5.5921e-01
13.750  21.500  5.5280e-01
13.750  21.750  5.1254e-01
13.750  22.000  4.4635e-01
13.750  22.250  3.6790e-01
13.750  22.500  3.0446e-01
13.750  22.750  2.7568e-01
13.750  23.000  2.9900e-01
13.750  23.250  4.1224e-01
13.750  23.500  7.4501e-01
13.750  23.750  8.4658e-01
13.750  24.000  8.7544e-01
14.000  17.000  9.7950e-01
14.000  17.250  9.6915e-01
14.000  17.500  9.5051e-01
14.000  17.750  9.2738e-01
14.000  18.000  8.9092e-01
14.000  18.250  8.3119e-01
14.000  18.500  7.5759e-01
14.000  18.750  6.6095e-01
14.000  19.000  5.2624e-01
14.000  19.250  2.7616e-01
14.000  19.500  2.5783e-01
14.000  19.750  2.8174e-01
14.000  20.000  3.2771e-01
14.000  20.250  3.8002e-01
14.000  20.500  4.2769e-01
14.000  20.750  4.6679e-01
14.000  21.000  4.9586e-01
14.000  21.250  5.0876e-01
14.000  21.500  5.0830e-01
14.000  21.750  4.7349e-01
14.000  22.000  4.1255e-01
14.000  22.250  3.3691e-01
14.000  22.500  2.6757e-01
14.000  22.750  2.2046e-01
14.000  23.000  2.0812e-01
14.000  23.250  2.3931e-01
14.000  23.500  3.5406e-01
14.000  23.750  7.3447e-01
14.000  24.000  8.2087e-01
