nFnu 511.948A  relative to Inci 1215.00A scaled to 1215A.
Hden   Phi(H)  Eq_Width (A)
7.000  17.000  3.9114e-02
7.000  17.250  6.4854e-02
7.000  17.500  1.0377e-01
7.000  17.750  1.5712e-01
7.000  18.000  2.3126e-01
7.000  18.250  3.6903e-01
7.000  18.500  3.9684e-01
7.000  18.750  3.6575e-01
7.000  19.000  3.4874e-01
7.000  19.250  3.4072e-01
7.000  19.500  3.3651e-01
7.000  19.750  3.3470e-01
7.000  20.000  3.3389e-01
7.000  20.250  3.3351e-01
7.000  20.500  3.3332e-01
7.000  20.750  3.3322e-01
7.000  21.000  3.3317e-01
7.000  21.250  3.3314e-01
7.000  21.500  3.3312e-01
7.000  21.750  3.3311e-01
7.000  22.000  3.3311e-01
7.000  22.250  3.3311e-01
7.000  22.500  3.3310e-01
7.000  22.750  3.3311e-01
7.000  23.000  3.3310e-01
7.000  23.250  3.3310e-01
7.000  23.500  3.3310e-01
7.000  23.750  3.3310e-01
7.000  24.000  3.3311e-01
7.250  17.000  2.3476e-02
7.250  17.250  3.8403e-02
7.250  17.500  6.4199e-02
7.250  17.750  1.0329e-01
7.250  18.000  1.5677e-01
7.250  18.250  2.3133e-01
7.250  18.500  3.6810e-01
7.250  18.750  3.9589e-01
7.250  19.000  3.6545e-01
7.250  19.250  3.4864e-01
7.250  19.500  3.4069e-01
7.250  19.750  3.3650e-01
7.250  20.000  3.3469e-01
7.250  20.250  3.3388e-01
7.250  20.500  3.3351e-01
7.250  20.750  3.3332e-01
7.250  21.000  3.3322e-01
7.250  21.250  3.3317e-01
7.250  21.500  3.3314e-01
7.250  21.750  3.3312e-01
7.250  22.000  3.3311e-01
7.250  22.250  3.3311e-01
7.250  22.500  3.3311e-01
7.250  22.750  3.3310e-01
7.250  23.000  3.3310e-01
7.250  23.250  3.3310e-01
7.250  23.500  3.3310e-01
7.250  23.750  3.3310e-01
7.250  24.000  3.3310e-01
7.500  17.000  1.4771e-02
7.500  17.250  2.3087e-02
7.500  17.500  3.8026e-02
7.500  17.750  6.3914e-02
7.500  18.000  1.0315e-01
7.500  18.250  1.5693e-01
7.500  18.500  2.3182e-01
7.500  18.750  3.6818e-01
7.500  19.000  3.9544e-01
7.500  19.250  3.6526e-01
7.500  19.500  3.4857e-01
7.500  19.750  3.4067e-01
7.500  20.000  3.3650e-01
7.500  20.250  3.3469e-01
7.500  20.500  3.3389e-01
7.500  20.750  3.3351e-01
7.500  21.000  3.3332e-01
7.500  21.250  3.3322e-01
7.500  21.500  3.3317e-01
7.500  21.750  3.3314e-01
7.500  22.000  3.3312e-01
7.500  22.250  3.3311e-01
7.500  22.500  3.3311e-01
7.500  22.750  3.3310e-01
7.500  23.000  3.3310e-01
7.500  23.250  3.3310e-01
7.500  23.500  3.3310e-01
7.500  23.750  3.3310e-01
7.500  24.000  3.3313e-01
7.750  17.000  9.6669e-03
7.750  17.250  1.4589e-02
7.750  17.500  2.2880e-02
7.750  17.750  3.7827e-02
7.750  18.000  6.3839e-02
7.750  18.250  1.0333e-01
7.750  18.500  1.5731e-01
7.750  18.750  2.3281e-01
7.750  19.000  3.6866e-01
7.750  19.250  3.9536e-01
7.750  19.500  3.6515e-01
7.750  19.750  3.4852e-01
7.750  20.000  3.4067e-01
7.750  20.250  3.3650e-01
7.750  20.500  3.3469e-01
7.750  20.750  3.3388e-01
7.750  21.000  3.3351e-01
7.750  21.250  3.3332e-01
7.750  21.500  3.3322e-01
7.750  21.750  3.3317e-01
7.750  22.000  3.3314e-01
7.750  22.250  3.3312e-01
7.750  22.500  3.3311e-01
7.750  22.750  3.3311e-01
7.750  23.000  3.3311e-01
7.750  23.250  3.3310e-01
7.750  23.500  3.3310e-01
7.750  23.750  3.3310e-01
7.750  24.000  3.3310e-01
8.000  17.000  6.4730e-03
8.000  17.250  9.5341e-03
8.000  17.500  1.4424e-02
8.000  17.750  2.2702e-02
8.000  18.000  3.7650e-02
8.000  18.250  6.3805e-02
8.000  18.500  1.0355e-01
8.000  18.750  1.5786e-01
8.000  19.000  2.3371e-01
8.000  19.250  3.6953e-01
8.000  19.500  3.9553e-01
8.000  19.750  3.6510e-01
8.000  20.000  3.4850e-01
8.000  20.250  3.4066e-01
8.000  20.500  3.3650e-01
8.000  20.750  3.3469e-01
8.000  21.000  3.3388e-01
8.000  21.250  3.3351e-01
8.000  21.500  3.3332e-01
8.000  21.750  3.3322e-01
8.000  22.000  3.3317e-01
8.000  22.250  3.3314e-01
8.000  22.500  3.3312e-01
8.000  22.750  3.3311e-01
8.000  23.000  3.3311e-01
8.000  23.250  3.3311e-01
8.000  23.500  3.3310e-01
8.000  23.750  3.3310e-01
8.000  24.000  3.3310e-01
8.250  17.000  4.4712e-03
8.250  17.250  6.4294e-03
8.250  17.500  9.4881e-03
8.250  17.750  1.4366e-02
8.250  18.000  2.2641e-02
8.250  18.250  3.7628e-02
8.250  18.500  6.3935e-02
8.250  18.750  1.0412e-01
8.250  19.000  1.5895e-01
8.250  19.250  2.3619e-01
8.250  19.500  3.7078e-01
8.250  19.750  3.9590e-01
8.250  20.000  3.6509e-01
8.250  20.250  3.4850e-01
8.250  20.500  3.4065e-01
8.250  20.750  3.3650e-01
8.250  21.000  3.3469e-01
8.250  21.250  3.3388e-01
8.250  21.500  3.3351e-01
8.250  21.750  3.3332e-01
8.250  22.000  3.3322e-01
8.250  22.250  3.3317e-01
8.250  22.500  3.3314e-01
8.250  22.750  3.3312e-01
8.250  23.000  3.3311e-01
8.250  23.250  3.3311e-01
8.250  23.500  3.3311e-01
8.250  23.750  3.3310e-01
8.250  24.000  3.3310e-01
8.500  17.000  3.1965e-03
8.500  17.250  4.4475e-03
8.500  17.500  6.4046e-03
8.500  17.750  9.4545e-03
8.500  18.000  1.4335e-02
8.500  18.250  2.2588e-02
8.500  18.500  3.7613e-02
8.500  18.750  6.4183e-02
8.500  19.000  1.0498e-01
8.500  19.250  1.6069e-01
8.500  19.500  2.4143e-01
8.500  19.750  3.7244e-01
8.500  20.000  3.9640e-01
8.500  20.250  3.6508e-01
8.500  20.500  3.4850e-01
8.500  20.750  3.4065e-01
8.500  21.000  3.3650e-01
8.500  21.250  3.3469e-01
8.500  21.500  3.3389e-01
8.500  21.750  3.3351e-01
8.500  22.000  3.3332e-01
8.500  22.250  3.3322e-01
8.500  22.500  3.3317e-01
8.500  22.750  3.3314e-01
8.500  23.000  3.3312e-01
8.500  23.250  3.3311e-01
8.500  23.500  3.3311e-01
8.500  23.750  3.3310e-01
8.500  24.000  3.3310e-01
8.750  17.000  2.3687e-03
8.750  17.250  3.1915e-03
8.750  17.500  4.4403e-03
8.750  17.750  6.3934e-03
8.750  18.000  9.4406e-03
8.750  18.250  1.4310e-02
8.750  18.500  2.2564e-02
8.750  18.750  3.7691e-02
8.750  19.000  6.4707e-02
8.750  19.250  1.0657e-01
8.750  19.500  1.6381e-01
8.750  19.750  2.5085e-01
8.750  20.000  3.7441e-01
8.750  20.250  3.9701e-01
8.750  20.500  3.6510e-01
8.750  20.750  3.4851e-01
8.750  21.000  3.4065e-01
8.750  21.250  3.3650e-01
8.750  21.500  3.3469e-01
8.750  21.750  3.3388e-01
8.750  22.000  3.3351e-01
8.750  22.250  3.3332e-01
8.750  22.500  3.3322e-01
8.750  22.750  3.3317e-01
8.750  23.000  3.3314e-01
8.750  23.250  3.3312e-01
8.750  23.500  3.3311e-01
8.750  23.750  3.3311e-01
8.750  24.000  3.3311e-01
9.000  17.000  1.7840e-03
9.000  17.250  2.3892e-03
9.000  17.500  3.2100e-03
9.000  17.750  4.4524e-03
9.000  18.000  6.4009e-03
9.000  18.250  9.4422e-03
9.000  18.500  1.4311e-02
9.000  18.750  2.2620e-02
9.000  19.000  3.7993e-02
9.000  19.250  6.5826e-02
9.000  19.500  1.0950e-01
9.000  19.750  1.6926e-01
9.000  20.000  2.6471e-01
9.000  20.250  3.7692e-01
9.000  20.500  3.9771e-01
9.000  20.750  3.6515e-01
9.000  21.000  3.4853e-01
9.000  21.250  3.4066e-01
9.000  21.500  3.3650e-01
9.000  21.750  3.3469e-01
9.000  22.000  3.3388e-01
9.000  22.250  3.3351e-01
9.000  22.500  3.3332e-01
9.000  22.750  3.3322e-01
9.000  23.000  3.3317e-01
9.000  23.250  3.3314e-01
9.000  23.500  3.3312e-01
9.000  23.750  3.3311e-01
9.000  24.000  3.3311e-01
9.250  17.000  1.3306e-03
9.250  17.250  1.8263e-03
9.250  17.500  2.4409e-03
9.250  17.750  3.2616e-03
9.250  18.000  4.4964e-03
9.250  18.250  6.4342e-03
9.250  18.500  9.4838e-03
9.250  18.750  1.4419e-02
9.250  19.000  2.2929e-02
9.250  19.250  3.8882e-02
9.250  19.500  6.8159e-02
9.250  19.750  1.1451e-01
9.250  20.000  1.7778e-01
9.250  20.250  2.8144e-01
9.250  20.500  3.7995e-01
9.250  20.750  3.9843e-01
9.250  21.000  3.6519e-01
9.250  21.250  3.4856e-01
9.250  21.500  3.4066e-01
9.250  21.750  3.3644e-01
9.250  22.000  3.3439e-01
9.250  22.250  3.3383e-01
9.250  22.500  3.3350e-01
9.250  22.750  3.3332e-01
9.250  23.000  3.3322e-01
9.250  23.250  3.3317e-01
9.250  23.500  3.3314e-01
9.250  23.750  3.3312e-01
9.250  24.000  3.3311e-01
9.500  17.000  9.5416e-04
9.500  17.250  1.3823e-03
9.500  17.500  1.9050e-03
9.500  17.750  2.5316e-03
9.500  18.000  3.3505e-03
9.500  18.250  4.5766e-03
9.500  18.500  6.5253e-03
9.500  18.750  9.6458e-03
9.500  19.000  1.4765e-02
9.500  19.250  2.3746e-02
9.500  19.500  4.0735e-02
9.500  19.750  7.2082e-02
9.500  20.000  1.2199e-01
9.500  20.250  1.9431e-01
9.500  20.500  2.9738e-01
9.500  20.750  3.8362e-01
9.500  21.000  3.9908e-01
9.500  21.250  3.6520e-01
9.500  21.500  3.4843e-01
9.500  21.750  3.4027e-01
9.500  22.000  3.3576e-01
9.500  22.250  3.3373e-01
9.500  22.500  3.3279e-01
9.500  22.750  3.3231e-01
9.500  23.000  3.3205e-01
9.500  23.250  3.3192e-01
9.500  23.500  3.3240e-01
9.500  23.750  3.3237e-01
9.500  24.000  3.3235e-01
9.750  17.000  6.3737e-04
9.750  17.250  9.9695e-04
9.750  17.500  1.4651e-03
9.750  17.750  2.0196e-03
9.750  18.000  2.6587e-03
9.750  18.250  3.4815e-03
9.750  18.500  4.7276e-03
9.750  18.750  6.7540e-03
9.750  19.000  1.0067e-02
9.750  19.250  1.5593e-02
9.750  19.500  2.5358e-02
9.750  19.750  4.3864e-02
9.750  20.000  7.8017e-02
9.750  20.250  1.3249e-01
9.750  20.500  2.1635e-01
9.750  20.750  3.1042e-01
9.750  21.000  3.8818e-01
9.750  21.250  3.9992e-01
9.750  21.500  3.6529e-01
9.750  21.750  3.4857e-01
9.750  22.000  3.4028e-01
9.750  22.250  3.3581e-01
9.750  22.500  3.3382e-01
9.750  22.750  3.3293e-01
9.750  23.000  3.3248e-01
9.750  23.250  3.3224e-01
9.750  23.500  3.3212e-01
9.750  23.750  3.3204e-01
9.750  24.000  3.3200e-01
10.000  17.000  3.9144e-04
10.000  17.250  6.6387e-04
10.000  17.500  1.0628e-03
10.000  17.750  1.5729e-03
10.000  18.000  2.1621e-03
10.000  18.250  2.8298e-03
10.000  18.500  3.6913e-03
10.000  18.750  5.0295e-03
10.000  19.000  7.2433e-03
10.000  19.250  1.0901e-02
10.000  19.500  1.7022e-02
10.000  19.750  2.7972e-02
10.000  20.000  4.8516e-02
10.000  20.250  8.6469e-02
10.000  20.500  1.4655e-01
10.000  20.750  2.3593e-01
10.000  21.000  3.2341e-01
10.000  21.250  3.9312e-01
10.000  21.500  4.0079e-01
10.000  21.750  3.6538e-01
10.000  22.000  3.4864e-01
10.000  22.250  3.4042e-01
10.000  22.500  3.3583e-01
10.000  22.750  3.3388e-01
10.000  23.000  3.3302e-01
10.000  23.250  3.3260e-01
10.000  23.500  3.3237e-01
10.000  23.750  3.3226e-01
10.000  24.000  3.3219e-01
10.250  17.000  2.2502e-04
10.250  17.250  3.9366e-04
10.250  17.500  7.0774e-04
10.250  17.750  1.1463e-03
10.250  18.000  1.7070e-03
10.250  18.250  2.3533e-03
10.250  18.500  3.0871e-03
10.250  18.750  4.0593e-03
10.250  19.000  5.5760e-03
10.250  19.250  8.0870e-03
10.250  19.500  1.2233e-02
10.250  19.750  1.9198e-02
10.250  20.000  3.1656e-02
10.250  20.250  5.5016e-02
10.250  20.500  9.7610e-02
10.250  20.750  1.7491e-01
10.250  21.000  2.5896e-01
10.250  21.250  3.3512e-01
10.250  21.500  3.9894e-01
10.250  21.750  4.0186e-01
10.250  22.000  3.6549e-01
10.250  22.250  3.4870e-01
10.250  22.500  3.4061e-01
10.250  22.750  3.3589e-01
10.250  23.000  3.3391e-01
10.250  23.250  3.3307e-01
10.250  23.500  3.3267e-01
10.250  23.750  3.3245e-01
10.250  24.000  3.3235e-01
10.500  17.000  1.3728e-04
10.500  17.250  2.3366e-04
10.500  17.500  4.2239e-04
10.500  17.750  7.7210e-04
10.500  18.000  1.2670e-03
10.500  18.250  1.9036e-03
10.500  18.500  2.6392e-03
10.500  18.750  3.4886e-03
10.500  19.000  4.6244e-03
10.500  19.250  6.3997e-03
10.500  19.500  9.3100e-03
10.500  19.750  1.4073e-02
10.500  20.000  2.2093e-02
10.500  20.250  3.6468e-02
10.500  20.500  6.3294e-02
10.500  20.750  1.1126e-01
10.500  21.000  1.9214e-01
10.500  21.250  2.7914e-01
10.500  21.500  3.4745e-01
10.500  21.750  4.0635e-01
10.500  22.000  4.0332e-01
10.500  22.250  3.6556e-01
10.500  22.500  3.4877e-01
10.500  22.750  3.4068e-01
10.500  23.000  3.3623e-01
10.500  23.250  3.3395e-01
10.500  23.500  3.3310e-01
10.500  23.750  3.3271e-01
10.500  24.000  3.3251e-01
10.750  17.000  8.8230e-05
10.750  17.250  1.4263e-04
10.750  17.500  2.5449e-04
10.750  17.750  4.8305e-04
10.750  18.000  8.8395e-04
10.750  18.250  1.4675e-03
10.750  18.500  2.1993e-03
10.750  18.750  3.0379e-03
10.750  19.000  4.0237e-03
10.750  19.250  5.3779e-03
10.750  19.500  7.4900e-03
10.750  19.750  1.0906e-02
10.750  20.000  1.6416e-02
10.750  20.250  2.5664e-02
10.750  20.500  4.2329e-02
10.750  20.750  7.3245e-02
10.750  21.000  1.2724e-01
10.750  21.250  2.2333e-01
10.750  21.500  2.9781e-01
10.750  21.750  3.6084e-01
10.750  22.000  4.1542e-01
10.750  22.250  4.0497e-01
10.750  22.500  3.6573e-01
10.750  22.750  3.4887e-01
10.750  23.000  3.4072e-01
10.750  23.250  3.3643e-01
10.750  23.500  3.3422e-01
10.750  23.750  3.3317e-01
10.750  24.000  3.3273e-01
11.000  17.000  6.0165e-05
11.000  17.250  9.1358e-05
11.000  17.500  1.5646e-04
11.000  17.750  3.0230e-04
11.000  18.000  5.8971e-04
11.000  18.250  1.0603e-03
11.000  18.500  1.7311e-03
11.000  18.750  2.5575e-03
11.000  19.000  3.5017e-03
11.000  19.250  4.6652e-03
11.000  19.500  6.3133e-03
11.000  19.750  8.8683e-03
11.000  20.000  1.2895e-02
11.000  20.250  1.9260e-02
11.000  20.500  2.9946e-02
11.000  20.750  4.9293e-02
11.000  21.000  8.4933e-02
11.000  21.250  1.5149e-01
11.000  21.500  2.4164e-01
11.000  21.750  3.1470e-01
11.000  22.000  3.7916e-01
11.000  22.250  4.2555e-01
11.000  22.500  4.0671e-01
11.000  22.750  3.6600e-01
11.000  23.000  3.4900e-01
11.000  23.250  3.4076e-01
11.000  23.500  3.3650e-01
11.000  23.750  3.3455e-01
11.000  24.000  3.3345e-01
11.250  17.000  4.3128e-05
11.250  17.250  6.1399e-05
11.250  17.500  9.9753e-05
11.250  17.750  1.8938e-04
11.250  18.000  3.8379e-04
11.250  18.250  7.2617e-04
11.250  18.500  1.2603e-03
11.250  18.750  2.0170e-03
11.250  19.000  2.9358e-03
11.250  19.250  4.0151e-03
11.250  19.500  5.4257e-03
11.250  19.750  7.4774e-03
11.250  20.000  1.0588e-02
11.250  20.250  1.5338e-02
11.250  20.500  2.2717e-02
11.250  20.750  3.5091e-02
11.250  21.000  5.7554e-02
11.250  21.250  9.8860e-02
11.250  21.500  1.7941e-01
11.250  21.750  2.7326e-01
11.250  22.000  3.4213e-01
11.250  22.250  4.0141e-01
11.250  22.500  4.3412e-01
11.250  22.750  4.0858e-01
11.250  23.000  3.6639e-01
11.250  23.250  3.4920e-01
11.250  23.500  3.4081e-01
11.250  23.750  3.3653e-01
11.250  24.000  3.3466e-01
11.500  17.000  3.2593e-05
11.500  17.250  4.3457e-05
11.500  17.500  6.6091e-05
11.500  17.750  1.1860e-04
11.500  18.000  2.4008e-04
11.500  18.250  4.7440e-04
11.500  18.500  8.5967e-04
11.500  18.750  1.4582e-03
11.500  19.000  2.3050e-03
11.500  19.250  3.3321e-03
11.500  19.500  4.5956e-03
11.500  19.750  6.3565e-03
11.500  20.000  8.9254e-03
11.500  20.250  1.2688e-02
11.500  20.500  1.8249e-02
11.500  20.750  2.6798e-02
11.500  21.000  4.1173e-02
11.500  21.250  6.7563e-02
11.500  21.500  1.1432e-01
11.500  21.750  2.1039e-01
11.500  22.000  3.0279e-01
11.500  22.250  3.6910e-01
11.500  22.500  4.2592e-01
11.500  22.750  4.4143e-01
11.500  23.000  4.1024e-01
11.500  23.250  3.6690e-01
11.500  23.500  3.4945e-01
11.500  23.750  3.4087e-01
11.500  24.000  3.3655e-01
11.750  17.000  2.5761e-05
11.750  17.250  3.2346e-05
11.750  17.500  4.5761e-05
11.750  17.750  7.5473e-05
11.750  18.000  1.4420e-04
11.750  18.250  2.9128e-04
11.750  18.500  5.5835e-04
11.750  18.750  9.8502e-04
11.750  19.000  1.6528e-03
11.750  19.250  2.6000e-03
11.750  19.500  3.7576e-03
11.750  19.750  5.2872e-03
11.750  20.000  7.5021e-03
11.750  20.250  1.0699e-02
11.750  20.500  1.5221e-02
11.750  20.750  2.1733e-02
11.750  21.000  3.1784e-02
11.750  21.250  4.8804e-02
11.750  21.500  7.9089e-02
11.750  21.750  1.3272e-01
11.750  22.000  2.3957e-01
11.750  22.250  3.3719e-01
11.750  22.500  4.0126e-01
11.750  22.750  4.5064e-01
11.750  23.000  4.5001e-01
11.750  23.250  4.1178e-01
11.750  23.500  3.6751e-01
11.750  23.750  3.4974e-01
11.750  24.000  3.4093e-01
12.000  17.000  2.0988e-05
12.000  17.250  2.5103e-05
12.000  17.500  3.3169e-05
12.000  17.750  4.9959e-05
12.000  18.000  8.7078e-05
12.000  18.250  1.6922e-04
12.000  18.500  3.3770e-04
12.000  18.750  6.3547e-04
12.000  19.000  1.1059e-03
12.000  19.250  1.8497e-03
12.000  19.500  2.9125e-03
12.000  19.750  4.2552e-03
12.000  20.000  6.1464e-03
12.000  20.250  8.9472e-03
12.000  20.500  1.2885e-02
12.000  20.750  1.8253e-02
12.000  21.000  2.6050e-02
12.000  21.250  3.8141e-02
12.000  21.500  5.7923e-02
12.000  21.750  9.3460e-02
12.000  22.000  1.5344e-01
12.000  22.250  2.7312e-01
12.000  22.500  3.7578e-01
12.000  22.750  4.3751e-01
12.000  23.000  4.7555e-01
12.000  23.250  4.5721e-01
12.000  23.500  4.1301e-01
12.000  23.750  3.6806e-01
12.000  24.000  3.5003e-01
12.250  17.000  1.7695e-05
12.250  17.250  2.0247e-05
12.250  17.500  2.5021e-05
12.250  17.750  3.4733e-05
12.250  18.000  5.4897e-05
12.250  18.250  9.8519e-05
12.250  18.500  1.9284e-04
12.250  18.750  3.8296e-04
12.250  19.000  7.0741e-04
12.250  19.250  1.2253e-03
12.250  19.500  2.0624e-03
12.250  19.750  3.2681e-03
12.250  20.000  4.8740e-03
12.250  20.250  7.2540e-03
12.250  20.500  1.0762e-02
12.250  20.750  1.5585e-02
12.250  21.000  2.2131e-02
12.250  21.250  3.1705e-02
12.250  21.500  4.5925e-02
12.250  21.750  6.9465e-02
12.250  22.000  1.0993e-01
12.250  22.250  1.8250e-01
12.250  22.500  3.0806e-01
12.250  22.750  4.1191e-01
12.250  23.000  4.7273e-01
12.250  23.250  4.9703e-01
12.250  23.500  4.6307e-01
12.250  23.750  4.1396e-01
12.250  24.000  3.6854e-01
12.500  17.000  1.4815e-05
12.500  17.250  1.6708e-05
12.500  17.500  1.9671e-05
12.500  17.750  2.5350e-05
12.500  18.000  3.6708e-05
12.500  18.250  5.9918e-05
12.500  18.500  1.1012e-04
12.500  18.750  2.1753e-04
12.500  19.000  4.2831e-04
12.500  19.250  7.7885e-04
12.500  19.500  1.3486e-03
12.500  19.750  2.3023e-03
12.500  20.000  3.6978e-03
12.500  20.250  5.6705e-03
12.500  20.500  8.6776e-03
12.500  20.750  1.3114e-02
12.500  21.000  1.9175e-02
12.500  21.250  2.7315e-02
12.500  21.500  3.8637e-02
12.500  21.750  5.5581e-02
12.500  22.000  8.3258e-02
12.500  22.250  1.2839e-01
12.500  22.500  2.2963e-01
12.500  22.750  3.5521e-01
12.500  23.000  4.5399e-01
12.500  23.250  5.1085e-01
12.500  23.500  5.1850e-01
12.500  23.750  4.6806e-01
12.500  24.000  4.1452e-01
12.750  17.000  1.2510e-05
12.750  17.250  1.3827e-05
12.750  17.500  1.5885e-05
12.750  17.750  1.9506e-05
12.750  18.000  2.6091e-05
12.750  18.250  3.9012e-05
12.750  18.500  6.5761e-05
12.750  18.750  1.2296e-04
12.750  19.000  2.4165e-04
12.750  19.250  4.6691e-04
12.750  19.500  8.3967e-04
12.750  19.750  1.4723e-03
12.750  20.000  2.5639e-03
12.750  20.250  4.2449e-03
12.750  20.500  6.6788e-03
12.750  20.750  1.0518e-02
12.750  21.000  1.6233e-02
12.750  21.250  2.3742e-02
12.750  21.500  3.3632e-02
12.750  21.750  4.7352e-02
12.750  22.000  6.7430e-02
12.750  22.250  9.8206e-02
12.750  22.500  1.5038e-01
12.750  22.750  2.6986e-01
12.750  23.000  4.0544e-01
12.750  23.250  5.0345e-01
12.750  23.500  5.5018e-01
12.750  23.750  5.3505e-01
12.750  24.000  4.7246e-01
13.000  17.000  1.0617e-05
13.000  17.250  1.1523e-05
13.000  17.500  1.2922e-05
13.000  17.750  1.5226e-05
13.000  18.000  1.9424e-05
13.000  18.250  2.7160e-05
13.000  18.500  4.2305e-05
13.000  18.750  7.3086e-05
13.000  19.000  1.3687e-04
13.000  19.250  2.6420e-04
13.000  19.500  4.9728e-04
13.000  19.750  8.8963e-04
13.000  20.000  1.5887e-03
13.000  20.250  2.8137e-03
13.000  20.500  4.8418e-03
13.000  20.750  8.0519e-03
13.000  21.000  1.2871e-02
13.000  21.250  1.9907e-02
13.000  21.500  2.9054e-02
13.000  21.750  4.0920e-02
13.000  22.000  5.7081e-02
13.000  22.250  7.9885e-02
13.000  22.500  1.1594e-01
13.000  22.750  1.7500e-01
13.000  23.000  3.3633e-01
13.000  23.250  4.7211e-01
13.000  23.500  5.6066e-01
13.000  23.750  5.9060e-01
13.000  24.000  5.4932e-01
13.250  17.000  8.9712e-06
13.250  17.250  9.6296e-06
13.250  17.500  1.0617e-05
13.250  17.750  1.2181e-05
13.250  18.000  1.4979e-05
13.250  18.250  2.0000e-05
13.250  18.500  2.9383e-05
13.250  18.750  4.7572e-05
13.250  19.000  8.2798e-05
13.250  19.250  1.5177e-04
13.250  19.500  2.8313e-04
13.250  19.750  5.2074e-04
13.250  20.000  9.3416e-04
13.250  20.250  1.6695e-03
13.250  20.500  3.0145e-03
13.250  20.750  5.3813e-03
13.250  21.000  9.1845e-03
13.250  21.250  1.4871e-02
13.250  21.500  2.3100e-02
13.250  21.750  3.4094e-02
13.250  22.000  4.8745e-02
13.250  22.250  6.7322e-02
13.250  22.500  9.3120e-02
13.250  22.750  1.3374e-01
13.250  23.000  2.0286e-01
13.250  23.250  4.1151e-01
13.250  23.500  5.6006e-01
13.250  23.750  6.3535e-01
13.250  24.000  6.3344e-01
13.500  17.000  7.6543e-06
13.500  17.250  8.0658e-06
13.500  17.500  8.8066e-06
13.500  17.750  9.9588e-06
13.500  18.000  1.1852e-05
13.500  18.250  1.5391e-05
13.500  18.500  2.1811e-05
13.500  18.750  3.3663e-05
13.500  19.000  5.5802e-05
13.500  19.250  9.6626e-05
13.500  19.500  1.7300e-04
13.500  19.750  3.1547e-04
13.500  20.000  5.7119e-04
13.500  20.250  1.0203e-03
13.500  20.500  1.8056e-03
13.500  20.750  3.2590e-03
13.500  21.000  5.7326e-03
13.500  21.250  1.0080e-02
13.500  21.500  1.6579e-02
13.500  21.750  2.5772e-02
13.500  22.000  3.9067e-02
13.500  22.250  5.6556e-02
13.500  22.500  7.8985e-02
13.500  22.750  1.0918e-01
13.500  23.000  1.5620e-01
13.500  23.250  2.3750e-01
13.500  23.500  5.0712e-01
13.500  23.750  6.6696e-01
13.500  24.000  7.1203e-01
13.750  17.000  6.5021e-06
13.750  17.250  6.8313e-06
13.750  17.500  7.4074e-06
13.750  17.750  8.2305e-06
13.750  18.000  9.7119e-06
13.750  18.250  1.2263e-05
13.750  18.500  1.6955e-05
13.750  18.750  2.5514e-05
13.750  19.000  4.1152e-05
13.750  19.250  6.9218e-05
13.750  19.500  1.1934e-04
13.750  19.750  2.1070e-04
13.750  20.000  3.7868e-04
13.750  20.250  6.7761e-04
13.750  20.500  1.1920e-03
13.750  20.750  2.0737e-03
13.750  21.000  3.6335e-03
13.750  21.250  6.3366e-03
13.750  21.500  1.0902e-02
13.750  21.750  1.8423e-02
13.750  22.000  2.9063e-02
13.750  22.250  4.4605e-02
13.750  22.500  6.6449e-02
13.750  22.750  9.4503e-02
13.750  23.000  1.3160e-01
13.750  23.250  1.9263e-01
13.750  23.500  2.9507e-01
13.750  23.750  6.7521e-01
13.750  24.000  7.9857e-01
14.000  17.000  5.5967e-06
14.000  17.250  5.8436e-06
14.000  17.500  6.1728e-06
14.000  17.750  6.9136e-06
14.000  18.000  8.0658e-06
14.000  18.250  1.0041e-05
14.000  18.500  1.3663e-05
14.000  18.750  2.0247e-05
14.000  19.000  3.2263e-05
14.000  19.250  5.3992e-05
14.000  19.500  9.2099e-05
14.000  19.750  1.5868e-04
14.000  20.000  2.7745e-04
14.000  20.250  4.9160e-04
14.000  20.500  8.6922e-04
14.000  20.750  1.5058e-03
14.000  21.000  2.5649e-03
14.000  21.250  4.4052e-03
14.000  21.500  7.5101e-03
14.000  21.750  1.2818e-02
14.000  22.000  2.1158e-02
14.000  22.250  3.3833e-02
14.000  22.500  5.3121e-02
14.000  22.750  8.1039e-02
14.000  23.000  1.1791e-01
14.000  23.250  1.6665e-01
14.000  23.500  2.4940e-01
14.000  23.750  3.8336e-01
14.000  24.000  9.0248e-01
