S  4 1417.00A  relative to Inci 1215.00A scaled to 1215A.
Hden   Phi(H)  Eq_Width (A)
7.000  17.000  8.3062e-04
7.000  17.250  7.2140e-04
7.000  17.500  6.2658e-04
7.000  17.750  5.4016e-04
7.000  18.000  4.3942e-04
7.000  18.250  8.3951e-06
7.000  18.500  1.0000e-07
7.000  18.750  1.0000e-07
7.000  19.000  1.0000e-07
7.000  19.250  1.0000e-07
7.000  19.500  1.0000e-07
7.000  19.750  1.0000e-07
7.000  20.000  1.0000e-07
7.000  20.250  1.0000e-07
7.000  20.500  1.0000e-07
7.000  20.750  1.0000e-07
7.000  21.000  1.0000e-07
7.000  21.250  1.0000e-07
7.000  21.500  1.0000e-07
7.000  21.750  1.0000e-07
7.000  22.000  1.0000e-07
7.000  22.250  1.0000e-07
7.000  22.500  1.0000e-07
7.000  22.750  1.0000e-07
7.000  23.000  1.0000e-07
7.000  23.250  1.0000e-07
7.000  23.500  1.0000e-07
7.000  23.750  1.0000e-07
7.000  24.000  1.0000e-07
7.250  17.000  1.0230e-03
7.250  17.250  8.9366e-04
7.250  17.500  7.7630e-04
7.250  17.750  6.8016e-04
7.250  18.000  5.9292e-04
7.250  18.250  4.4058e-04
7.250  18.500  8.3951e-06
7.250  18.750  1.0000e-07
7.250  19.000  1.0000e-07
7.250  19.250  1.0000e-07
7.250  19.500  1.0000e-07
7.250  19.750  1.0000e-07
7.250  20.000  1.0000e-07
7.250  20.250  1.0000e-07
7.250  20.500  1.0000e-07
7.250  20.750  1.0000e-07
7.250  21.000  1.0000e-07
7.250  21.250  1.0000e-07
7.250  21.500  1.0000e-07
7.250  21.750  1.0000e-07
7.250  22.000  1.0000e-07
7.250  22.250  1.0000e-07
7.250  22.500  1.0000e-07
7.250  22.750  1.0000e-07
7.250  23.000  1.0000e-07
7.250  23.250  1.0000e-07
7.250  23.500  1.0000e-07
7.250  23.750  1.0000e-07
7.250  24.000  1.0000e-07
7.500  17.000  1.2161e-03
7.500  17.250  1.0868e-03
7.500  17.500  9.4675e-04
7.500  17.750  8.2362e-04
7.500  18.000  7.2774e-04
7.500  18.250  6.4387e-04
7.500  18.500  4.3276e-04
7.500  18.750  8.3951e-06
7.500  19.000  1.0000e-07
7.500  19.250  1.0000e-07
7.500  19.500  1.0000e-07
7.500  19.750  1.0000e-07
7.500  20.000  1.0000e-07
7.500  20.250  1.0000e-07
7.500  20.500  1.0000e-07
7.500  20.750  1.0000e-07
7.500  21.000  1.0000e-07
7.500  21.250  1.0000e-07
7.500  21.500  1.0000e-07
7.500  21.750  1.0000e-07
7.500  22.000  1.0000e-07
7.500  22.250  1.0000e-07
7.500  22.500  1.0000e-07
7.500  22.750  1.0000e-07
7.500  23.000  1.0000e-07
7.500  23.250  1.0000e-07
7.500  23.500  1.0000e-07
7.500  23.750  1.0000e-07
7.500  24.000  1.0000e-07
7.750  17.000  1.3836e-03
7.750  17.250  1.2759e-03
7.750  17.500  1.1376e-03
7.750  17.750  9.8947e-04
7.750  18.000  8.6239e-04
7.750  18.250  7.7078e-04
7.750  18.500  6.9358e-04
7.750  18.750  4.1844e-04
7.750  19.000  8.3128e-06
7.750  19.250  1.0000e-07
7.750  19.500  1.0000e-07
7.750  19.750  1.0000e-07
7.750  20.000  1.0000e-07
7.750  20.250  1.0000e-07
7.750  20.500  1.0000e-07
7.750  20.750  1.0000e-07
7.750  21.000  1.0000e-07
7.750  21.250  1.0000e-07
7.750  21.500  1.0000e-07
7.750  21.750  1.0000e-07
7.750  22.000  1.0000e-07
7.750  22.250  1.0000e-07
7.750  22.500  1.0000e-07
7.750  22.750  1.0000e-07
7.750  23.000  1.0000e-07
7.750  23.250  1.0000e-07
7.750  23.500  1.0000e-07
7.750  23.750  1.0000e-07
7.750  24.000  1.0000e-07
8.000  17.000  1.5202e-03
8.000  17.250  1.4091e-03
8.000  17.500  1.2963e-03
8.000  17.750  1.1505e-03
8.000  18.000  9.9556e-04
8.000  18.250  8.6469e-04
8.000  18.500  7.7588e-04
8.000  18.750  7.0963e-04
8.000  19.000  4.1770e-04
8.000  19.250  8.3951e-06
8.000  19.500  1.0000e-07
8.000  19.750  1.0000e-07
8.000  20.000  1.0000e-07
8.000  20.250  1.0000e-07
8.000  20.500  1.0000e-07
8.000  20.750  1.0000e-07
8.000  21.000  1.0000e-07
8.000  21.250  1.0000e-07
8.000  21.500  1.0000e-07
8.000  21.750  1.0000e-07
8.000  22.000  1.0000e-07
8.000  22.250  1.0000e-07
8.000  22.500  1.0000e-07
8.000  22.750  1.0000e-07
8.000  23.000  1.0000e-07
8.000  23.250  1.0000e-07
8.000  23.500  1.0000e-07
8.000  23.750  1.0000e-07
8.000  24.000  1.0000e-07
8.250  17.000  1.7296e-03
8.250  17.250  1.5632e-03
8.250  17.500  1.4464e-03
8.250  17.750  1.3272e-03
8.250  18.000  1.1770e-03
8.250  18.250  1.0204e-03
8.250  18.500  8.9654e-04
8.250  18.750  8.3383e-04
8.250  19.000  7.9292e-04
8.250  19.250  3.7704e-04
8.250  19.500  8.2305e-06
8.250  19.750  1.0000e-07
8.250  20.000  1.0000e-07
8.250  20.250  1.0000e-07
8.250  20.500  1.0000e-07
8.250  20.750  1.0000e-07
8.250  21.000  1.0000e-07
8.250  21.250  1.0000e-07
8.250  21.500  1.0000e-07
8.250  21.750  1.0000e-07
8.250  22.000  1.0000e-07
8.250  22.250  1.0000e-07
8.250  22.500  1.0000e-07
8.250  22.750  1.0000e-07
8.250  23.000  1.0000e-07
8.250  23.250  1.0000e-07
8.250  23.500  1.0000e-07
8.250  23.750  1.0000e-07
8.250  24.000  1.0000e-07
8.500  17.000  1.8679e-03
8.500  17.250  1.7670e-03
8.500  17.500  1.5951e-03
8.500  17.750  1.4735e-03
8.500  18.000  1.3510e-03
8.500  18.250  1.1986e-03
8.500  18.500  1.0710e-03
8.500  18.750  9.5498e-04
8.500  19.000  8.1496e-04
8.500  19.250  6.1520e-04
8.500  19.500  3.2000e-04
8.500  19.750  8.1481e-06
8.500  20.000  1.0000e-07
8.500  20.250  1.0000e-07
8.500  20.500  1.0000e-07
8.500  20.750  1.0000e-07
8.500  21.000  1.0000e-07
8.500  21.250  1.0000e-07
8.500  21.500  1.0000e-07
8.500  21.750  1.0000e-07
8.500  22.000  1.0000e-07
8.500  22.250  1.0000e-07
8.500  22.500  1.0000e-07
8.500  22.750  1.0000e-07
8.500  23.000  1.0000e-07
8.500  23.250  1.0000e-07
8.500  23.500  1.0000e-07
8.500  23.750  1.0000e-07
8.500  24.000  1.0000e-07
8.750  17.000  1.7186e-03
8.750  17.250  1.9046e-03
8.750  17.500  1.7997e-03
8.750  17.750  1.6238e-03
8.750  18.000  1.4983e-03
8.750  18.250  1.3726e-03
8.750  18.500  1.2474e-03
8.750  18.750  1.1171e-03
8.750  19.000  9.6817e-04
8.750  19.250  7.8747e-04
8.750  19.500  5.6163e-04
8.750  19.750  2.7737e-04
8.750  20.000  8.1481e-06
8.750  20.250  1.0000e-07
8.750  20.500  1.0000e-07
8.750  20.750  1.0000e-07
8.750  21.000  1.0000e-07
8.750  21.250  1.0000e-07
8.750  21.500  1.0000e-07
8.750  21.750  1.0000e-07
8.750  22.000  1.0000e-07
8.750  22.250  1.0000e-07
8.750  22.500  1.0000e-07
8.750  22.750  1.0000e-07
8.750  23.000  1.0000e-07
8.750  23.250  1.0000e-07
8.750  23.500  1.0000e-07
8.750  23.750  1.0000e-07
8.750  24.000  1.0000e-07
9.000  17.000  1.2626e-03
9.000  17.250  1.7606e-03
9.000  17.500  1.9440e-03
9.000  17.750  1.8347e-03
9.000  18.000  1.6561e-03
9.000  18.250  1.5272e-03
9.000  18.500  1.4063e-03
9.000  18.750  1.2741e-03
9.000  19.000  1.1252e-03
9.000  19.250  9.5409e-04
9.000  19.500  7.5514e-04
9.000  19.750  5.2276e-04
9.000  20.000  2.5136e-04
9.000  20.250  8.1481e-06
9.000  20.500  1.0000e-07
9.000  20.750  1.0000e-07
9.000  21.000  1.0000e-07
9.000  21.250  1.0000e-07
9.000  21.500  1.0000e-07
9.000  21.750  1.0000e-07
9.000  22.000  1.0000e-07
9.000  22.250  1.0000e-07
9.000  22.500  1.0000e-07
9.000  22.750  1.0000e-07
9.000  23.000  1.0000e-07
9.000  23.250  1.0000e-07
9.000  23.500  1.0000e-07
9.000  23.750  1.0000e-07
9.000  24.000  1.0000e-07
9.250  17.000  7.0412e-04
9.250  17.250  1.3063e-03
9.250  17.500  1.8119e-03
9.250  17.750  1.9921e-03
9.250  18.000  1.8798e-03
9.250  18.250  1.7012e-03
9.250  18.500  1.5752e-03
9.250  18.750  1.9483e-03
9.250  19.000  2.6658e-03
9.250  19.250  3.3860e-03
9.250  19.500  3.7671e-03
9.250  19.750  3.4672e-03
9.250  20.000  2.1445e-03
9.250  20.250  2.3687e-04
9.250  20.500  8.3951e-06
9.250  20.750  1.0000e-07
9.250  21.000  1.0000e-07
9.250  21.250  1.0000e-07
9.250  21.500  1.0000e-07
9.250  21.750  1.0000e-07
9.250  22.000  1.0000e-07
9.250  22.250  1.0000e-07
9.250  22.500  1.0000e-07
9.250  22.750  1.0000e-07
9.250  23.000  1.0000e-07
9.250  23.250  1.0000e-07
9.250  23.500  1.0000e-07
9.250  23.750  1.0000e-07
9.250  24.000  1.0000e-07
9.500  17.000  2.7679e-04
9.500  17.250  7.3523e-04
9.500  17.500  1.3619e-03
9.500  17.750  1.8742e-03
9.500  18.000  2.0504e-03
9.500  18.250  1.9408e-03
9.500  18.500  1.7641e-03
9.500  18.750  2.0776e-03
9.500  19.000  2.7908e-03
9.500  19.250  3.6175e-03
9.500  19.500  4.2714e-03
9.500  19.750  4.4664e-03
9.500  20.000  3.9160e-03
9.500  20.250  2.3342e-03
9.500  20.500  2.4263e-04
9.500  20.750  8.8889e-06
9.500  21.000  1.0000e-07
9.500  21.250  1.0000e-07
9.500  21.500  1.0000e-07
9.500  21.750  1.0000e-07
9.500  22.000  1.0000e-07
9.500  22.250  1.0000e-07
9.500  22.500  1.0000e-07
9.500  22.750  1.0000e-07
9.500  23.000  1.0000e-07
9.500  23.250  1.0000e-07
9.500  23.500  1.0000e-07
9.500  23.750  1.0000e-07
9.500  24.000  1.0000e-07
9.750  17.000  7.1440e-05
9.750  17.250  2.8831e-04
9.750  17.500  7.7267e-04
9.750  17.750  1.4219e-03
9.750  18.000  1.9384e-03
9.750  18.250  2.1157e-03
9.750  18.500  2.0035e-03
9.750  18.750  2.3240e-03
9.750  19.000  3.0694e-03
9.750  19.250  3.9924e-03
9.750  19.500  4.8458e-03
9.750  19.750  5.3821e-03
9.750  20.000  5.3540e-03
9.750  20.250  4.5143e-03
9.750  20.500  2.6156e-03
9.750  20.750  2.6922e-04
9.750  21.000  9.5473e-06
9.750  21.250  1.0000e-07
9.750  21.500  1.0000e-07
9.750  21.750  1.0000e-07
9.750  22.000  1.0000e-07
9.750  22.250  1.0000e-07
9.750  22.500  1.0000e-07
9.750  22.750  1.0000e-07
9.750  23.000  1.0000e-07
9.750  23.250  1.0000e-07
9.750  23.500  1.0000e-07
9.750  23.750  1.0000e-07
9.750  24.000  1.0000e-07
10.000  17.000  1.2181e-05
10.000  17.250  7.3086e-05
10.000  17.500  3.0148e-04
10.000  17.750  8.0584e-04
10.000  18.000  1.4690e-03
10.000  18.250  1.9855e-03
10.000  18.500  2.1445e-03
10.000  18.750  2.0114e-03
10.000  19.000  2.3739e-03
10.000  19.250  3.2174e-03
10.000  19.500  4.2651e-03
10.000  19.750  5.2401e-03
10.000  20.000  5.8657e-03
10.000  20.250  5.8650e-03
10.000  20.500  4.9612e-03
10.000  20.750  2.8776e-03
10.000  21.000  2.9029e-04
10.000  21.250  1.0288e-05
10.000  21.500  1.0000e-07
10.000  21.750  1.0000e-07
10.000  22.000  1.0000e-07
10.000  22.250  1.0000e-07
10.000  22.500  1.0000e-07
10.000  22.750  1.0000e-07
10.000  23.000  1.0000e-07
10.000  23.250  1.0000e-07
10.000  23.500  1.0000e-07
10.000  23.750  1.0000e-07
10.000  24.000  1.0000e-07
10.250  17.000  1.4815e-06
10.250  17.250  1.1605e-05
10.250  17.500  7.4897e-05
10.250  17.750  3.0955e-04
10.250  18.000  8.2247e-04
10.250  18.250  1.4806e-03
10.250  18.500  1.9581e-03
10.250  18.750  2.0807e-03
10.250  19.000  1.9487e-03
10.250  19.250  2.3269e-03
10.250  19.500  3.1909e-03
10.250  19.750  4.2614e-03
10.250  20.000  5.2589e-03
10.250  20.250  5.9041e-03
10.250  20.500  5.9177e-03
10.250  20.750  5.0203e-03
10.250  21.000  2.9326e-03
10.250  21.250  3.2519e-04
10.250  21.500  1.0864e-05
10.250  21.750  1.0000e-07
10.250  22.000  1.0000e-07
10.250  22.250  1.0000e-07
10.250  22.500  1.0000e-07
10.250  22.750  1.0000e-07
10.250  23.000  1.0000e-07
10.250  23.250  1.0000e-07
10.250  23.500  1.0000e-07
10.250  23.750  1.0000e-07
10.250  24.000  1.0000e-07
10.500  17.000  1.0000e-07
10.500  17.250  1.3992e-06
10.500  17.500  1.1523e-05
10.500  17.750  7.5226e-05
10.500  18.000  3.1029e-04
10.500  18.250  8.1004e-04
10.500  18.500  1.4130e-03
10.500  18.750  1.8244e-03
10.500  19.000  1.9356e-03
10.500  19.250  1.8449e-03
10.500  19.500  2.2455e-03
10.500  19.750  3.1040e-03
10.500  20.000  4.1526e-03
10.500  20.250  5.1234e-03
10.500  20.500  5.7487e-03
10.500  20.750  5.7605e-03
10.500  21.000  4.8911e-03
10.500  21.250  2.8725e-03
10.500  21.500  3.4502e-04
10.500  21.750  9.1358e-06
10.500  22.000  1.0000e-07
10.500  22.250  1.0000e-07
10.500  22.500  1.0000e-07
10.500  22.750  1.0000e-07
10.500  23.000  1.0000e-07
10.500  23.250  1.0000e-07
10.500  23.500  1.0000e-07
10.500  23.750  1.0000e-07
10.500  24.000  1.0000e-07
10.750  17.000  1.0000e-07
10.750  17.250  1.0000e-07
10.750  17.500  1.3169e-06
10.750  17.750  1.1605e-05
10.750  18.000  7.4074e-05
10.750  18.250  3.0000e-04
10.750  18.500  7.5119e-04
10.750  18.750  1.2695e-03
10.750  19.000  1.6316e-03
10.750  19.250  1.7640e-03
10.750  19.500  1.7248e-03
10.750  19.750  2.1621e-03
10.750  20.000  3.0383e-03
10.750  20.250  4.0917e-03
10.750  20.500  5.0604e-03
10.750  20.750  5.6826e-03
10.750  21.000  5.6965e-03
10.750  21.250  4.8402e-03
10.750  21.500  2.8519e-03
10.750  21.750  3.5712e-04
10.750  22.000  4.6091e-06
10.750  22.250  1.0000e-07
10.750  22.500  1.0000e-07
10.750  22.750  1.0000e-07
10.750  23.000  1.0000e-07
10.750  23.250  1.0000e-07
10.750  23.500  1.0000e-07
10.750  23.750  1.0000e-07
10.750  24.000  1.0000e-07
11.000  17.000  1.0000e-07
11.000  17.250  1.0000e-07
11.000  17.500  1.0000e-07
11.000  17.750  1.3169e-06
11.000  18.000  1.1440e-05
11.000  18.250  7.0206e-05
11.000  18.500  2.7259e-04
11.000  18.750  6.5737e-04
11.000  19.000  1.0915e-03
11.000  19.250  1.4255e-03
11.000  19.500  1.5989e-03
11.000  19.750  1.6195e-03
11.000  20.000  1.5832e-03
11.000  20.250  1.5956e-03
11.000  20.500  1.6850e-03
11.000  20.750  1.8937e-03
11.000  21.000  2.2731e-03
11.000  21.250  2.7531e-03
11.000  21.500  4.2769e-03
11.000  21.750  3.0407e-03
11.000  22.000  3.1745e-04
11.000  22.250  1.0000e-07
11.000  22.500  1.0000e-07
11.000  22.750  1.0000e-07
11.000  23.000  1.0000e-07
11.000  23.250  1.0000e-07
11.000  23.500  1.0000e-07
11.000  23.750  1.0000e-07
11.000  24.000  1.0000e-07
11.250  17.000  1.0000e-07
11.250  17.250  1.0000e-07
11.250  17.500  1.0000e-07
11.250  17.750  1.0000e-07
11.250  18.000  1.3169e-06
11.250  18.250  1.0535e-05
11.250  18.500  6.2140e-05
11.250  18.750  2.3424e-04
11.250  19.000  5.4782e-04
11.250  19.250  9.1712e-04
11.250  19.500  1.2504e-03
11.250  19.750  1.4644e-03
11.250  20.000  1.5266e-03
11.250  20.250  1.5110e-03
11.250  20.500  1.5100e-03
11.250  20.750  1.5453e-03
11.250  21.000  1.6714e-03
11.250  21.250  1.9607e-03
11.250  21.500  2.3085e-03
11.250  21.750  3.3303e-03
11.250  22.000  2.5900e-03
11.250  22.250  2.3243e-04
11.250  22.500  1.0000e-07
11.250  22.750  1.0000e-07
11.250  23.000  1.0000e-07
11.250  23.250  1.0000e-07
11.250  23.500  1.0000e-07
11.250  23.750  1.0000e-07
11.250  24.000  1.0000e-07
11.500  17.000  1.0000e-07
11.500  17.250  1.0000e-07
11.500  17.500  1.0000e-07
11.500  17.750  1.0000e-07
11.500  18.000  1.0000e-07
11.500  18.250  1.0700e-06
11.500  18.500  8.7243e-06
11.500  18.750  5.1358e-05
11.500  19.000  1.9021e-04
11.500  19.250  4.4749e-04
11.500  19.500  7.7300e-04
11.500  19.750  1.1018e-03
11.500  20.000  1.3441e-03
11.500  20.250  1.4313e-03
11.500  20.500  1.4235e-03
11.500  20.750  1.4008e-03
11.500  21.000  1.3788e-03
11.500  21.250  1.4216e-03
11.500  21.500  1.5573e-03
11.500  21.750  1.9281e-03
11.500  22.000  2.9123e-03
11.500  22.250  2.2734e-03
11.500  22.500  1.4222e-04
11.500  22.750  1.0000e-07
11.500  23.000  1.0000e-07
11.500  23.250  1.0000e-07
11.500  23.500  1.0000e-07
11.500  23.750  1.0000e-07
11.500  24.000  1.0000e-07
11.750  17.000  1.0000e-07
11.750  17.250  1.0000e-07
11.750  17.500  1.0000e-07
11.750  17.750  1.0000e-07
11.750  18.000  1.0000e-07
11.750  18.250  1.0000e-07
11.750  18.500  8.2305e-07
11.750  18.750  6.5844e-06
11.750  19.000  4.0000e-05
11.750  19.250  1.5169e-04
11.750  19.500  3.6033e-04
11.750  19.750  6.4774e-04
11.750  20.000  9.6815e-04
11.750  20.250  1.2151e-03
11.750  20.500  1.3127e-03
11.750  20.750  1.3055e-03
11.750  21.000  1.2435e-03
11.750  21.250  1.4774e-03
11.750  21.500  1.9228e-03
11.750  21.750  2.3569e-03
11.750  22.000  2.5569e-03
11.750  22.250  2.2998e-03
11.750  22.500  1.3628e-03
11.750  22.750  7.2263e-05
11.750  23.000  1.0000e-07
11.750  23.250  1.0000e-07
11.750  23.500  1.0000e-07
11.750  23.750  1.0000e-07
11.750  24.000  1.0000e-07
12.000  17.000  1.0000e-07
12.000  17.250  1.0000e-07
12.000  17.500  1.0000e-07
12.000  17.750  1.0000e-07
12.000  18.000  1.0000e-07
12.000  18.250  1.0000e-07
12.000  18.500  1.0000e-07
12.000  18.750  1.0000e-07
12.000  19.000  4.7737e-06
12.000  19.250  3.0535e-05
12.000  19.500  1.1695e-04
12.000  19.750  2.8403e-04
12.000  20.000  5.3407e-04
12.000  20.250  8.2955e-04
12.000  20.500  1.0655e-03
12.000  20.750  1.1571e-03
12.000  21.000  1.1384e-03
12.000  21.250  1.0691e-03
12.000  21.500  1.2125e-03
12.000  21.750  1.5082e-03
12.000  22.000  1.7944e-03
12.000  22.250  1.9093e-03
12.000  22.500  1.6910e-03
12.000  22.750  9.7786e-04
12.000  23.000  2.2222e-05
12.000  23.250  1.0000e-07
12.000  23.500  1.0000e-07
12.000  23.750  1.0000e-07
12.000  24.000  1.0000e-07
12.250  17.000  1.0000e-07
12.250  17.250  1.0000e-07
12.250  17.500  1.0000e-07
12.250  17.750  1.0000e-07
12.250  18.000  1.0000e-07
12.250  18.250  1.0000e-07
12.250  18.500  1.0000e-07
12.250  18.750  1.0000e-07
12.250  19.000  1.0000e-07
12.250  19.250  3.4568e-06
12.250  19.500  2.2634e-05
12.250  19.750  8.7160e-05
12.250  20.000  2.1877e-04
12.250  20.250  4.3062e-04
12.250  20.500  6.8741e-04
12.250  20.750  8.9251e-04
12.250  21.000  9.7399e-04
12.250  21.250  9.5951e-04
12.250  21.500  8.4584e-04
12.250  21.750  8.5341e-04
12.250  22.000  9.6666e-04
12.250  22.250  1.0897e-03
12.250  22.500  1.1267e-03
12.250  22.750  9.8161e-04
12.250  23.000  5.5868e-04
12.250  23.250  4.1152e-06
12.250  23.500  1.0000e-07
12.250  23.750  1.0000e-07
12.250  24.000  1.0000e-07
12.500  17.000  1.0000e-07
12.500  17.250  1.0000e-07
12.500  17.500  1.0000e-07
12.500  17.750  1.0000e-07
12.500  18.000  1.0000e-07
12.500  18.250  1.0000e-07
12.500  18.500  1.0000e-07
12.500  18.750  1.0000e-07
12.500  19.000  1.0000e-07
12.500  19.250  1.0000e-07
12.500  19.500  2.4691e-06
12.500  19.750  1.6461e-05
12.500  20.000  6.3292e-05
12.500  20.250  1.6453e-04
12.500  20.500  3.3564e-04
12.500  20.750  5.4741e-04
12.500  21.000  7.1967e-04
12.500  21.250  7.9687e-04
12.500  21.500  7.6387e-04
12.500  21.750  6.4774e-04
12.500  22.000  5.9253e-04
12.500  22.250  5.9768e-04
12.500  22.500  6.1615e-04
12.500  22.750  6.0089e-04
12.500  23.000  5.0485e-04
12.500  23.250  2.8099e-04
12.500  23.500  1.2346e-06
12.500  23.750  1.0000e-07
12.500  24.000  1.0000e-07
12.750  17.000  1.0000e-07
12.750  17.250  1.0000e-07
12.750  17.500  1.0000e-07
12.750  17.750  1.0000e-07
12.750  18.000  1.0000e-07
12.750  18.250  1.0000e-07
12.750  18.500  1.0000e-07
12.750  18.750  1.0000e-07
12.750  19.000  1.0000e-07
12.750  19.250  1.0000e-07
12.750  19.500  1.0000e-07
12.750  19.750  1.7284e-06
12.750  20.000  1.1358e-05
12.750  20.250  4.5021e-05
12.750  20.500  1.1992e-04
12.750  20.750  2.5251e-04
12.750  21.000  4.2025e-04
12.750  21.250  5.6387e-04
12.750  21.500  6.2395e-04
12.750  21.750  5.9004e-04
12.750  22.000  6.6876e-04
12.750  22.250  8.4314e-04
12.750  22.500  1.0216e-03
12.750  22.750  1.1125e-03
12.750  23.000  1.0244e-03
12.750  23.250  6.6568e-04
12.750  23.500  1.3374e-04
12.750  23.750  1.0000e-07
12.750  24.000  1.0000e-07
13.000  17.000  1.0000e-07
13.000  17.250  1.0000e-07
13.000  17.500  1.0000e-07
13.000  17.750  1.0000e-07
13.000  18.000  1.0000e-07
13.000  18.250  1.0000e-07
13.000  18.500  1.0000e-07
13.000  18.750  1.0000e-07
13.000  19.000  1.0000e-07
13.000  19.250  1.0000e-07
13.000  19.500  1.0000e-07
13.000  19.750  1.0000e-07
13.000  20.000  1.1523e-06
13.000  20.250  7.2428e-06
13.000  20.500  2.9877e-05
13.000  20.750  8.5597e-05
13.000  21.000  1.8247e-04
13.000  21.250  3.0840e-04
13.000  21.500  4.1942e-04
13.000  21.750  4.6420e-04
13.000  22.000  4.3078e-04
13.000  22.250  4.9879e-04
13.000  22.500  6.5285e-04
13.000  22.750  8.1237e-04
13.000  23.000  8.9671e-04
13.000  23.250  8.2528e-04
13.000  23.500  5.1745e-04
13.000  23.750  6.7654e-05
13.000  24.000  1.0000e-07
13.250  17.000  1.0000e-07
13.250  17.250  1.0000e-07
13.250  17.500  1.0000e-07
13.250  17.750  1.0000e-07
13.250  18.000  1.0000e-07
13.250  18.250  1.0000e-07
13.250  18.500  1.0000e-07
13.250  18.750  1.0000e-07
13.250  19.000  1.0000e-07
13.250  19.250  1.0000e-07
13.250  19.500  1.0000e-07
13.250  19.750  1.0000e-07
13.250  20.000  1.0000e-07
13.250  20.250  1.0000e-07
13.250  20.500  4.1152e-06
13.250  20.750  1.7860e-05
13.250  21.000  5.3498e-05
13.250  21.250  1.1827e-04
13.250  21.500  2.0584e-04
13.250  21.750  2.9021e-04
13.250  22.000  3.3045e-04
13.250  22.250  3.0700e-04
13.250  22.500  3.4835e-04
13.250  22.750  4.4835e-04
13.250  23.000  5.5461e-04
13.250  23.250  6.1474e-04
13.250  23.500  5.7636e-04
13.250  23.750  3.8708e-04
13.250  24.000  3.7119e-05
13.500  17.000  1.0000e-07
13.500  17.250  1.0000e-07
13.500  17.500  1.0000e-07
13.500  17.750  1.0000e-07
13.500  18.000  1.0000e-07
13.500  18.250  1.0000e-07
13.500  18.500  1.0000e-07
13.500  18.750  1.0000e-07
13.500  19.000  1.0000e-07
13.500  19.250  1.0000e-07
13.500  19.500  1.0000e-07
13.500  19.750  1.0000e-07
13.500  20.000  1.0000e-07
13.500  20.250  1.0000e-07
13.500  20.500  1.0000e-07
13.500  20.750  2.3045e-06
13.500  21.000  9.9588e-06
13.500  21.250  3.1440e-05
13.500  21.500  7.3416e-05
13.500  21.750  1.3144e-04
13.500  22.000  1.9514e-04
13.500  22.250  2.3111e-04
13.500  22.500  2.2626e-04
13.500  22.750  1.8823e-04
13.500  23.000  1.7243e-04
13.500  23.250  2.1358e-04
13.500  23.500  3.0807e-04
13.500  23.750  3.5572e-04
13.500  24.000  3.0757e-04
13.750  17.000  1.0000e-07
13.750  17.250  1.0000e-07
13.750  17.500  1.0000e-07
13.750  17.750  1.0000e-07
13.750  18.000  1.0000e-07
13.750  18.250  1.0000e-07
13.750  18.500  1.0000e-07
13.750  18.750  1.0000e-07
13.750  19.000  1.0000e-07
13.750  19.250  1.0000e-07
13.750  19.500  1.0000e-07
13.750  19.750  1.0000e-07
13.750  20.000  1.0000e-07
13.750  20.250  1.0000e-07
13.750  20.500  1.0000e-07
13.750  20.750  1.0000e-07
13.750  21.000  1.3992e-06
13.750  21.250  5.8436e-06
13.750  21.500  1.8930e-05
13.750  21.750  4.6584e-05
13.750  22.000  8.6091e-05
13.750  22.250  1.3045e-04
13.750  22.500  1.6395e-04
13.750  22.750  1.6979e-04
13.750  23.000  1.5687e-04
13.750  23.250  1.6576e-04
13.750  23.500  2.1712e-04
13.750  23.750  2.9342e-04
13.750  24.000  3.0239e-04
14.000  17.000  1.0000e-07
14.000  17.250  1.0000e-07
14.000  17.500  1.0000e-07
14.000  17.750  1.0000e-07
14.000  18.000  1.0000e-07
14.000  18.250  1.0000e-07
14.000  18.500  1.0000e-07
14.000  18.750  1.0000e-07
14.000  19.000  1.0000e-07
14.000  19.250  1.0000e-07
14.000  19.500  1.0000e-07
14.000  19.750  1.0000e-07
14.000  20.000  1.0000e-07
14.000  20.250  1.0000e-07
14.000  20.500  1.0000e-07
14.000  20.750  1.0000e-07
14.000  21.000  1.0000e-07
14.000  21.250  9.0535e-07
14.000  21.500  3.7860e-06
14.000  21.750  1.2510e-05
14.000  22.000  3.0206e-05
14.000  22.250  5.6790e-05
14.000  22.500  8.9383e-05
14.000  22.750  1.1959e-04
14.000  23.000  1.3333e-04
14.000  23.250  1.3514e-04
14.000  23.500  1.6173e-04
14.000  23.750  2.1144e-04
14.000  24.000  2.5342e-04
