Inwd 1085.03A  relative to Inci 1215.00A scaled to 1215A.
Hden   Phi(H)  Eq_Width (A)
7.000  17.000  5.0951e-03
7.000  17.250  5.0944e-03
7.000  17.500  5.0359e-03
7.000  17.750  4.9083e-03
7.000  18.000  3.0240e-03
7.000  18.250  2.7344e-03
7.000  18.500  6.8601e-04
7.000  18.750  7.6379e-05
7.000  19.000  2.0494e-05
7.000  19.250  3.7037e-06
7.000  19.500  1.0000e-07
7.000  19.750  1.0000e-07
7.000  20.000  1.0000e-07
7.000  20.250  1.0000e-07
7.000  20.500  1.0000e-07
7.000  20.750  1.0000e-07
7.000  21.000  1.0000e-07
7.000  21.250  1.0000e-07
7.000  21.500  1.0000e-07
7.000  21.750  1.0000e-07
7.000  22.000  1.0000e-07
7.000  22.250  1.0000e-07
7.000  22.500  1.0000e-07
7.000  22.750  1.0000e-07
7.000  23.000  1.0000e-07
7.000  23.250  1.0000e-07
7.000  23.500  1.0000e-07
7.000  23.750  1.0000e-07
7.000  24.000  1.0000e-07
7.250  17.000  5.0219e-03
7.250  17.250  5.0577e-03
7.250  17.500  5.0587e-03
7.250  17.750  5.0003e-03
7.250  18.000  4.8730e-03
7.250  18.250  3.3025e-03
7.250  18.500  3.0077e-03
7.250  18.750  6.8272e-04
7.250  19.000  7.6296e-05
7.250  19.250  2.0494e-05
7.250  19.500  3.7860e-06
7.250  19.750  1.0000e-07
7.250  20.000  1.0000e-07
7.250  20.250  1.0000e-07
7.250  20.500  1.0000e-07
7.250  20.750  1.0000e-07
7.250  21.000  1.0000e-07
7.250  21.250  1.0000e-07
7.250  21.500  1.0000e-07
7.250  21.750  1.0000e-07
7.250  22.000  1.0000e-07
7.250  22.250  1.0000e-07
7.250  22.500  1.0000e-07
7.250  22.750  1.0000e-07
7.250  23.000  1.0000e-07
7.250  23.250  1.0000e-07
7.250  23.500  1.0000e-07
7.250  23.750  1.0000e-07
7.250  24.000  1.0000e-07
7.500  17.000  4.9123e-03
7.500  17.250  4.9621e-03
7.500  17.500  5.0009e-03
7.500  17.750  5.0045e-03
7.500  18.000  4.9471e-03
7.500  18.250  4.8185e-03
7.500  18.500  3.6291e-03
7.500  18.750  3.3044e-03
7.500  19.000  6.7564e-04
7.500  19.250  7.6214e-05
7.500  19.500  2.0494e-05
7.500  19.750  3.7860e-06
7.500  20.000  1.0000e-07
7.500  20.250  1.0000e-07
7.500  20.500  1.0000e-07
7.500  20.750  1.0000e-07
7.500  21.000  1.0000e-07
7.500  21.250  1.0000e-07
7.500  21.500  1.0000e-07
7.500  21.750  1.0000e-07
7.500  22.000  1.0000e-07
7.500  22.250  1.0000e-07
7.500  22.500  1.0000e-07
7.500  22.750  1.0000e-07
7.500  23.000  1.0000e-07
7.500  23.250  1.0000e-07
7.500  23.500  1.0000e-07
7.500  23.750  1.0000e-07
7.500  24.000  1.0000e-07
7.750  17.000  4.7667e-03
7.750  17.250  4.8277e-03
7.750  17.500  4.8798e-03
7.750  17.750  4.9226e-03
7.750  18.000  4.9289e-03
7.750  18.250  4.8716e-03
7.750  18.500  4.7391e-03
7.750  18.750  3.9184e-03
7.750  19.000  3.5451e-03
7.750  19.250  6.6848e-04
7.750  19.500  7.5967e-05
7.750  19.750  2.0494e-05
7.750  20.000  3.7860e-06
7.750  20.250  1.0000e-07
7.750  20.500  1.0000e-07
7.750  20.750  1.0000e-07
7.750  21.000  1.0000e-07
7.750  21.250  1.0000e-07
7.750  21.500  1.0000e-07
7.750  21.750  1.0000e-07
7.750  22.000  1.0000e-07
7.750  22.250  1.0000e-07
7.750  22.500  1.0000e-07
7.750  22.750  1.0000e-07
7.750  23.000  1.0000e-07
7.750  23.250  1.0000e-07
7.750  23.500  1.0000e-07
7.750  23.750  1.0000e-07
7.750  24.000  1.0000e-07
8.000  17.000  4.5193e-03
8.000  17.250  4.5947e-03
8.000  17.500  4.6647e-03
8.000  17.750  4.7326e-03
8.000  18.000  4.7909e-03
8.000  18.250  4.8067e-03
8.000  18.500  4.7499e-03
8.000  18.750  4.6117e-03
8.000  19.000  4.0579e-03
8.000  19.250  3.6463e-03
8.000  19.500  6.5901e-04
8.000  19.750  7.5556e-05
8.000  20.000  2.0412e-05
8.000  20.250  3.7860e-06
8.000  20.500  1.0000e-07
8.000  20.750  1.0000e-07
8.000  21.000  1.0000e-07
8.000  21.250  1.0000e-07
8.000  21.500  1.0000e-07
8.000  21.750  1.0000e-07
8.000  22.000  1.0000e-07
8.000  22.250  1.0000e-07
8.000  22.500  1.0000e-07
8.000  22.750  1.0000e-07
8.000  23.000  1.0000e-07
8.000  23.250  1.0000e-07
8.000  23.500  1.0000e-07
8.000  23.750  1.0000e-07
8.000  24.000  1.0000e-07
8.250  17.000  4.3225e-03
8.250  17.250  4.3980e-03
8.250  17.500  4.4698e-03
8.250  17.750  4.5374e-03
8.250  18.000  4.6048e-03
8.250  18.250  4.6639e-03
8.250  18.500  4.6786e-03
8.250  18.750  4.6166e-03
8.250  19.000  4.4708e-03
8.250  19.250  4.0666e-03
8.250  19.500  3.6412e-03
8.250  19.750  6.4905e-04
8.250  20.000  7.4979e-05
8.250  20.250  2.0329e-05
8.250  20.500  3.7860e-06
8.250  20.750  1.0000e-07
8.250  21.000  1.0000e-07
8.250  21.250  1.0000e-07
8.250  21.500  1.0000e-07
8.250  21.750  1.0000e-07
8.250  22.000  1.0000e-07
8.250  22.250  1.0000e-07
8.250  22.500  1.0000e-07
8.250  22.750  1.0000e-07
8.250  23.000  1.0000e-07
8.250  23.250  1.0000e-07
8.250  23.500  1.0000e-07
8.250  23.750  1.0000e-07
8.250  24.000  1.0000e-07
8.500  17.000  4.1222e-03
8.500  17.250  4.1928e-03
8.500  17.500  4.2632e-03
8.500  17.750  4.3288e-03
8.500  18.000  4.3908e-03
8.500  18.250  4.4524e-03
8.500  18.500  4.5075e-03
8.500  18.750  4.5180e-03
8.500  19.000  4.4461e-03
8.500  19.250  4.2961e-03
8.500  19.500  3.9728e-03
8.500  19.750  3.5509e-03
8.500  20.000  6.3819e-04
8.500  20.250  7.4239e-05
8.500  20.500  2.0165e-05
8.500  20.750  3.7037e-06
8.500  21.000  1.0000e-07
8.500  21.250  1.0000e-07
8.500  21.500  1.0000e-07
8.500  21.750  1.0000e-07
8.500  22.000  1.0000e-07
8.500  22.250  1.0000e-07
8.500  22.500  1.0000e-07
8.500  22.750  1.0000e-07
8.500  23.000  1.0000e-07
8.500  23.250  1.0000e-07
8.500  23.500  1.0000e-07
8.500  23.750  1.0000e-07
8.500  24.000  1.0000e-07
8.750  17.000  3.9263e-03
8.750  17.250  3.9920e-03
8.750  17.500  4.0565e-03
8.750  17.750  4.1189e-03
8.750  18.000  4.1754e-03
8.750  18.250  4.2244e-03
8.750  18.500  4.2728e-03
8.750  18.750  4.3163e-03
8.750  19.000  4.3159e-03
8.750  19.250  4.2351e-03
8.750  19.500  4.0784e-03
8.750  19.750  3.8026e-03
8.750  20.000  3.3946e-03
8.750  20.250  6.2173e-04
8.750  20.500  7.3498e-05
8.750  20.750  2.0082e-05
8.750  21.000  3.7037e-06
8.750  21.250  1.0000e-07
8.750  21.500  1.0000e-07
8.750  21.750  1.0000e-07
8.750  22.000  1.0000e-07
8.750  22.250  1.0000e-07
8.750  22.500  1.0000e-07
8.750  22.750  1.0000e-07
8.750  23.000  1.0000e-07
8.750  23.250  1.0000e-07
8.750  23.500  1.0000e-07
8.750  23.750  1.0000e-07
8.750  24.000  1.0000e-07
9.000  17.000  3.7401e-03
9.000  17.250  3.8028e-03
9.000  17.500  3.8640e-03
9.000  17.750  3.9210e-03
9.000  18.000  3.9713e-03
9.000  18.250  4.0103e-03
9.000  18.500  4.0398e-03
9.000  18.750  4.0643e-03
9.000  19.000  4.0863e-03
9.000  19.250  4.0672e-03
9.000  19.500  3.9747e-03
9.000  19.750  3.8045e-03
9.000  20.000  3.5556e-03
9.000  20.250  3.1694e-03
9.000  20.500  6.1021e-04
9.000  20.750  7.3004e-05
9.000  21.000  2.0000e-05
9.000  21.250  3.7037e-06
9.000  21.500  1.0000e-07
9.000  21.750  1.0000e-07
9.000  22.000  1.0000e-07
9.000  22.250  1.0000e-07
9.000  22.500  1.0000e-07
9.000  22.750  1.0000e-07
9.000  23.000  1.0000e-07
9.000  23.250  1.0000e-07
9.000  23.500  1.0000e-07
9.000  23.750  1.0000e-07
9.000  24.000  1.0000e-07
9.250  17.000  3.5602e-03
9.250  17.250  3.6308e-03
9.250  17.500  3.6932e-03
9.250  17.750  3.7494e-03
9.250  18.000  3.7951e-03
9.250  18.250  3.8273e-03
9.250  18.500  3.8412e-03
9.250  18.750  3.8384e-03
9.250  19.000  3.8278e-03
9.250  19.250  3.8154e-03
9.250  19.500  3.7704e-03
9.250  19.750  3.6560e-03
9.250  20.000  3.4627e-03
9.250  20.250  3.2391e-03
9.250  20.500  2.8884e-03
9.250  20.750  5.9802e-04
9.250  21.000  7.2675e-05
9.250  21.250  2.0082e-05
9.250  21.500  3.7037e-06
9.250  21.750  1.0000e-07
9.250  22.000  1.0000e-07
9.250  22.250  1.0000e-07
9.250  22.500  1.0000e-07
9.250  22.750  1.0000e-07
9.250  23.000  1.0000e-07
9.250  23.250  1.0000e-07
9.250  23.500  1.0000e-07
9.250  23.750  1.0000e-07
9.250  24.000  1.0000e-07
9.500  17.000  3.3681e-03
9.500  17.250  3.4729e-03
9.500  17.500  3.5470e-03
9.500  17.750  3.6081e-03
9.500  18.000  3.6567e-03
9.500  18.250  3.6866e-03
9.500  18.500  3.6923e-03
9.500  18.750  3.6694e-03
9.500  19.000  3.6228e-03
9.500  19.250  3.5664e-03
9.500  19.500  3.5106e-03
9.500  19.750  3.4261e-03
9.500  20.000  3.2844e-03
9.500  20.250  3.0953e-03
9.500  20.500  2.9010e-03
9.500  20.750  2.6030e-03
9.500  21.000  5.8749e-04
9.500  21.250  7.2346e-05
9.500  21.500  2.0329e-05
9.500  21.750  3.7860e-06
9.500  22.000  1.0000e-07
9.500  22.250  1.0000e-07
9.500  22.500  1.0000e-07
9.500  22.750  1.0000e-07
9.500  23.000  1.0000e-07
9.500  23.250  1.0000e-07
9.500  23.500  1.0000e-07
9.500  23.750  1.0000e-07
9.500  24.000  1.0000e-07
9.750  17.000  3.1174e-03
9.750  17.250  3.3050e-03
9.750  17.500  3.4177e-03
9.750  17.750  3.4951e-03
9.750  18.000  3.5525e-03
9.750  18.250  3.5891e-03
9.750  18.500  3.5933e-03
9.750  18.750  3.5598e-03
9.750  19.000  3.4883e-03
9.750  19.250  3.3905e-03
9.750  19.500  3.2839e-03
9.750  19.750  3.1772e-03
9.750  20.000  3.0521e-03
9.750  20.250  2.9041e-03
9.750  20.500  2.7699e-03
9.750  20.750  2.6543e-03
9.750  21.000  2.3969e-03
9.750  21.250  5.7975e-04
9.750  21.500  7.2428e-05
9.750  21.750  2.0658e-05
9.750  22.000  3.8683e-06
9.750  22.250  1.0000e-07
9.750  22.500  1.0000e-07
9.750  22.750  1.0000e-07
9.750  23.000  1.0000e-07
9.750  23.250  1.0000e-07
9.750  23.500  1.0000e-07
9.750  23.750  1.0000e-07
9.750  24.000  1.0000e-07
10.000  17.000  2.7599e-03
10.000  17.250  3.0815e-03
10.000  17.500  3.2804e-03
10.000  17.750  3.4000e-03
10.000  18.000  3.4783e-03
10.000  18.250  3.5266e-03
10.000  18.500  3.5372e-03
10.000  18.750  3.5005e-03
10.000  19.000  3.4160e-03
10.000  19.250  3.2892e-03
10.000  19.500  3.1408e-03
10.000  19.750  2.9894e-03
10.000  20.000  2.8409e-03
10.000  20.250  2.7105e-03
10.000  20.500  2.6392e-03
10.000  20.750  2.6219e-03
10.000  21.000  2.5398e-03
10.000  21.250  2.3226e-03
10.000  21.500  5.7152e-04
10.000  21.750  7.2675e-05
10.000  22.000  2.1235e-05
10.000  22.250  4.0329e-06
10.000  22.500  1.0000e-07
10.000  22.750  1.0000e-07
10.000  23.000  1.0000e-07
10.000  23.250  1.0000e-07
10.000  23.500  1.0000e-07
10.000  23.750  1.0000e-07
10.000  24.000  1.0000e-07
10.250  17.000  2.2830e-03
10.250  17.250  2.7377e-03
10.250  17.500  3.0920e-03
10.250  17.750  3.3011e-03
10.250  18.000  3.4234e-03
10.250  18.250  3.4914e-03
10.250  18.500  3.5125e-03
10.250  18.750  3.4818e-03
10.250  19.000  3.3909e-03
10.250  19.250  3.2464e-03
10.250  19.500  3.0682e-03
10.250  19.750  2.8819e-03
10.250  20.000  2.7056e-03
10.250  20.250  2.9492e-03
10.250  20.500  3.4828e-03
10.250  20.750  4.0036e-03
10.250  21.000  4.2087e-03
10.250  21.250  3.7954e-03
10.250  21.500  2.4607e-03
10.250  21.750  5.5951e-04
10.250  22.000  7.3251e-05
10.250  22.250  2.1893e-05
10.250  22.500  4.1975e-06
10.250  22.750  1.0000e-07
10.250  23.000  1.0000e-07
10.250  23.250  1.0000e-07
10.250  23.500  1.0000e-07
10.250  23.750  1.0000e-07
10.250  24.000  1.0000e-07
10.500  17.000  1.7835e-03
10.500  17.250  2.2980e-03
10.500  17.500  2.7859e-03
10.500  17.750  3.1614e-03
10.500  18.000  3.3728e-03
10.500  18.250  3.4756e-03
10.500  18.500  3.5128e-03
10.500  18.750  3.4919e-03
10.500  19.000  3.4042e-03
10.500  19.250  3.2475e-03
10.500  19.500  3.0470e-03
10.500  19.750  2.8388e-03
10.500  20.000  2.6441e-03
10.500  20.250  2.9233e-03
10.500  20.500  3.5788e-03
10.500  20.750  4.3316e-03
10.500  21.000  4.9029e-03
10.500  21.250  5.0136e-03
10.500  21.500  4.3850e-03
10.500  21.750  2.7379e-03
10.500  22.000  5.4568e-04
10.500  22.250  7.4156e-05
10.500  22.500  2.2469e-05
10.500  22.750  4.4444e-06
10.500  23.000  1.0000e-07
10.500  23.250  1.0000e-07
10.500  23.500  1.0000e-07
10.500  23.750  1.0000e-07
10.500  24.000  1.0000e-07
10.750  17.000  1.3320e-03
10.750  17.250  1.7951e-03
10.750  17.500  2.3728e-03
10.750  17.750  2.9172e-03
10.750  18.000  3.2836e-03
10.750  18.250  3.4658e-03
10.750  18.500  3.5281e-03
10.750  18.750  3.5208e-03
10.750  19.000  3.4439e-03
10.750  19.250  3.2869e-03
10.750  19.500  3.0660e-03
10.750  19.750  2.8377e-03
10.750  20.000  2.6338e-03
10.750  20.250  2.8971e-03
10.750  20.500  3.5606e-03
10.750  20.750  4.3906e-03
10.750  21.000  5.1532e-03
10.750  21.250  5.6147e-03
10.750  21.500  5.5413e-03
10.750  21.750  4.6992e-03
10.750  22.000  2.8547e-03
10.750  22.250  5.4033e-04
10.750  22.500  7.4486e-05
10.750  22.750  2.2963e-05
10.750  23.000  4.6914e-06
10.750  23.250  8.2305e-07
10.750  23.500  1.0000e-07
10.750  23.750  1.0000e-07
10.750  24.000  1.0000e-07
11.000  17.000  9.6733e-04
11.000  17.250  1.3180e-03
11.000  17.500  1.8512e-03
11.000  17.750  2.5328e-03
11.000  18.000  3.0880e-03
11.000  18.250  3.4105e-03
11.000  18.500  3.5509e-03
11.000  18.750  3.5709e-03
11.000  19.000  3.5064e-03
11.000  19.250  3.3532e-03
11.000  19.500  3.1234e-03
11.000  19.750  2.8682e-03
11.000  20.000  2.6528e-03
11.000  20.250  2.7496e-03
11.000  20.500  3.1226e-03
11.000  20.750  3.6385e-03
11.000  21.000  4.1640e-03
11.000  21.250  4.5658e-03
11.000  21.500  4.7106e-03
11.000  21.750  4.4650e-03
11.000  22.000  3.6957e-03
11.000  22.250  2.2695e-03
11.000  22.500  5.4733e-04
11.000  22.750  7.4650e-05
11.000  23.000  2.3128e-05
11.000  23.250  4.7737e-06
11.000  23.500  9.0535e-07
11.000  23.750  1.0000e-07
11.000  24.000  1.0000e-07
11.250  17.000  6.8840e-04
11.250  17.250  9.2749e-04
11.250  17.500  1.3240e-03
11.250  17.750  1.9774e-03
11.250  18.000  2.7170e-03
11.250  18.250  3.2557e-03
11.250  18.500  3.5401e-03
11.250  18.750  3.6342e-03
11.250  19.000  3.5935e-03
11.250  19.250  3.4475e-03
11.250  19.500  3.2107e-03
11.250  19.750  2.9315e-03
11.250  20.000  2.6939e-03
11.250  20.250  2.5697e-03
11.250  20.500  2.8417e-03
11.250  20.750  3.4421e-03
11.250  21.000  4.1935e-03
11.250  21.250  4.9187e-03
11.250  21.500  5.4402e-03
11.250  21.750  5.5808e-03
11.250  22.000  5.1631e-03
11.250  22.250  4.0098e-03
11.250  22.500  2.1799e-03
11.250  22.750  6.3169e-04
11.250  23.000  7.4815e-05
11.250  23.250  2.2963e-05
11.250  23.500  4.8560e-06
11.250  23.750  9.0535e-07
11.250  24.000  1.0000e-07
11.500  17.000  4.8222e-04
11.500  17.250  6.3687e-04
11.500  17.500  8.9358e-04
11.500  17.750  1.3788e-03
11.500  18.000  2.1409e-03
11.500  18.250  2.9286e-03
11.500  18.500  3.4461e-03
11.500  18.750  3.6831e-03
11.500  19.000  3.7053e-03
11.500  19.250  3.5738e-03
11.500  19.500  3.3338e-03
11.500  19.750  3.0331e-03
11.500  20.000  2.7647e-03
11.500  20.250  2.6202e-03
11.500  20.500  2.7156e-03
11.500  20.750  2.8210e-03
11.500  21.000  3.0914e-03
11.500  21.250  3.4128e-03
11.500  21.500  3.6757e-03
11.500  21.750  3.7723e-03
11.500  22.000  3.7993e-03
11.500  22.250  3.7928e-03
11.500  22.500  3.5240e-03
11.500  22.750  2.0557e-03
11.500  23.000  7.2148e-04
11.500  23.250  7.5309e-05
11.500  23.500  2.2469e-05
11.500  23.750  4.6914e-06
11.500  24.000  8.2305e-07
11.750  17.000  3.2782e-04
11.750  17.250  4.3226e-04
11.750  17.500  5.8905e-04
11.750  17.750  8.9638e-04
11.750  18.000  1.4907e-03
11.750  18.250  2.3818e-03
11.750  18.500  3.2249e-03
11.750  18.750  3.6890e-03
11.750  19.000  3.8378e-03
11.750  19.250  3.7536e-03
11.750  19.500  3.5109e-03
11.750  19.750  3.1854e-03
11.750  20.000  2.8778e-03
11.750  20.250  2.6952e-03
11.750  20.500  2.7924e-03
11.750  20.750  2.7675e-03
11.750  21.000  3.1900e-03
11.750  21.250  3.4616e-03
11.750  21.500  3.4939e-03
11.750  21.750  3.4388e-03
11.750  22.000  3.3250e-03
11.750  22.250  3.2380e-03
11.750  22.500  3.1690e-03
11.750  22.750  2.7889e-03
11.750  23.000  1.5679e-03
11.750  23.250  6.5761e-04
11.750  23.500  7.6955e-05
11.750  23.750  2.1646e-05
11.750  24.000  4.5267e-06
12.000  17.000  2.0247e-04
12.000  17.250  2.9144e-04
12.000  17.500  3.8848e-04
12.000  17.750  5.7243e-04
12.000  18.000  9.6025e-04
12.000  18.250  1.7150e-03
12.000  18.500  2.7635e-03
12.000  18.750  3.6049e-03
12.000  19.000  3.9901e-03
12.000  19.250  4.0115e-03
12.000  19.500  3.7848e-03
12.000  19.750  3.4152e-03
12.000  20.000  3.0629e-03
12.000  20.250  2.8228e-03
12.000  20.500  2.8670e-03
12.000  20.750  2.9160e-03
12.000  21.000  3.2686e-03
12.000  21.250  3.4930e-03
12.000  21.500  3.3159e-03
12.000  21.750  3.1070e-03
12.000  22.000  2.8739e-03
12.000  22.250  2.6923e-03
12.000  22.500  2.5788e-03
12.000  22.750  2.4435e-03
12.000  23.000  2.0158e-03
12.000  23.250  1.1995e-03
12.000  23.500  6.4033e-04
12.000  23.750  8.1646e-05
12.000  24.000  2.0576e-05
12.250  17.000  1.2444e-04
12.250  17.250  1.8016e-04
12.250  17.500  2.5984e-04
12.250  17.750  3.7012e-04
12.250  18.000  6.0543e-04
12.250  18.250  1.1354e-03
12.250  18.500  2.1318e-03
12.250  18.750  3.3133e-03
12.250  19.000  4.0613e-03
12.250  19.250  4.3225e-03
12.250  19.500  4.1942e-03
12.250  19.750  3.7998e-03
12.250  20.000  3.3301e-03
12.250  20.250  3.0347e-03
12.250  20.500  2.9939e-03
12.250  20.750  3.1219e-03
12.250  21.000  3.2894e-03
12.250  21.250  3.4709e-03
12.250  21.500  3.2107e-03
12.250  21.750  2.8607e-03
12.250  22.000  2.5206e-03
12.250  22.250  2.2555e-03
12.250  22.500  2.1195e-03
12.250  22.750  1.9691e-03
12.250  23.000  1.7731e-03
12.250  23.250  1.4223e-03
12.250  23.500  8.8840e-04
12.250  23.750  5.2165e-04
12.250  24.000  8.6173e-05
12.500  17.000  8.0576e-05
12.500  17.250  1.1086e-04
12.500  17.500  1.6296e-04
12.500  17.750  2.4683e-04
12.500  18.000  3.8749e-04
12.500  18.250  7.2049e-04
12.500  18.500  1.4975e-03
12.500  18.750  2.7644e-03
12.500  19.000  3.9933e-03
12.500  19.250  4.6142e-03
12.500  19.500  4.6765e-03
12.500  19.750  4.3919e-03
12.500  20.000  3.8484e-03
12.500  20.250  3.3555e-03
12.500  20.500  3.2248e-03
12.500  20.750  3.3863e-03
12.500  21.000  3.5349e-03
12.500  21.250  3.4721e-03
12.500  21.500  3.1737e-03
12.500  21.750  2.7195e-03
12.500  22.000  2.2933e-03
12.500  22.250  1.9816e-03
12.500  22.500  1.8130e-03
12.500  22.750  1.6810e-03
12.500  23.000  1.4384e-03
12.500  23.250  1.2411e-03
12.500  23.500  8.9424e-04
12.500  23.750  6.3053e-04
12.500  24.000  3.9218e-04
12.750  17.000  5.3909e-05
12.750  17.250  7.3086e-05
12.750  17.500  1.0189e-04
12.750  17.750  1.5218e-04
12.750  18.000  2.5391e-04
12.750  18.250  4.5506e-04
12.750  18.500  9.5004e-04
12.750  18.750  2.0146e-03
12.750  19.000  3.4184e-03
12.750  19.250  4.6407e-03
12.750  19.500  5.1356e-03
12.750  19.750  5.0360e-03
12.750  20.000  4.6179e-03
12.750  20.250  4.0765e-03
12.750  20.500  3.6352e-03
12.750  20.750  3.5784e-03
12.750  21.000  3.9419e-03
12.750  21.250  3.6330e-03
12.750  21.500  3.2366e-03
12.750  21.750  2.7156e-03
12.750  22.000  2.2144e-03
12.750  22.250  1.8142e-03
12.750  22.500  1.5711e-03
12.750  22.750  1.4109e-03
12.750  23.000  1.2680e-03
12.750  23.250  1.0328e-03
12.750  23.500  8.5556e-04
12.750  23.750  6.1449e-04
12.750  24.000  4.4132e-04
13.000  17.000  3.5885e-05
13.000  17.250  4.8230e-05
13.000  17.500  6.5926e-05
13.000  17.750  9.6872e-05
13.000  18.000  1.5432e-04
13.000  18.250  2.7745e-04
13.000  18.500  5.7350e-04
13.000  18.750  1.2598e-03
13.000  19.000  2.4882e-03
13.000  19.250  4.0265e-03
13.000  19.500  5.1782e-03
13.000  19.750  5.6050e-03
13.000  20.000  5.4257e-03
13.000  20.250  4.9349e-03
13.000  20.500  4.5977e-03
13.000  20.750  4.3493e-03
13.000  21.000  4.2448e-03
13.000  21.250  3.9949e-03
13.000  21.500  3.4774e-03
13.000  21.750  2.8480e-03
13.000  22.000  2.3055e-03
13.000  22.250  1.8237e-03
13.000  22.500  1.5159e-03
13.000  22.750  1.3379e-03
13.000  23.000  1.1626e-03
13.000  23.250  9.5424e-04
13.000  23.500  7.4741e-04
13.000  23.750  6.0049e-04
13.000  24.000  4.2527e-04
13.250  17.000  2.5021e-05
13.250  17.250  3.3580e-05
13.250  17.500  4.5103e-05
13.250  17.750  6.3621e-05
13.250  18.000  9.9259e-05
13.250  18.250  1.7210e-04
13.250  18.500  3.3909e-04
13.250  18.750  7.1317e-04
13.250  19.000  1.4539e-03
13.250  19.250  2.6170e-03
13.250  19.500  3.9221e-03
13.250  19.750  5.0844e-03
13.250  20.000  5.6022e-03
13.250  20.250  5.3963e-03
13.250  20.500  5.2172e-03
13.250  20.750  5.3143e-03
13.250  21.000  5.0642e-03
13.250  21.250  4.7018e-03
13.250  21.500  4.0398e-03
13.250  21.750  3.1783e-03
13.250  22.000  2.5557e-03
13.250  22.250  1.9826e-03
13.250  22.500  1.4911e-03
13.250  22.750  1.2805e-03
13.250  23.000  1.0267e-03
13.250  23.250  9.0091e-04
13.250  23.500  7.4165e-04
13.250  23.750  5.6346e-04
13.250  24.000  4.3564e-04
13.500  17.000  1.7284e-05
13.500  17.250  2.3868e-05
13.500  17.500  3.2346e-05
13.500  17.750  4.5185e-05
13.500  18.000  6.8066e-05
13.500  18.250  1.1169e-04
13.500  18.500  1.9835e-04
13.500  18.750  3.8066e-04
13.500  19.000  7.3811e-04
13.500  19.250  1.3254e-03
13.500  19.500  2.1867e-03
13.500  19.750  3.2224e-03
13.500  20.000  3.9460e-03
13.500  20.250  4.6651e-03
13.500  20.500  4.8081e-03
13.500  20.750  5.0969e-03
13.500  21.000  5.1921e-03
13.500  21.250  5.4371e-03
13.500  21.500  4.4783e-03
13.500  21.750  3.6492e-03
13.500  22.000  2.7896e-03
13.500  22.250  2.2031e-03
13.500  22.500  1.6333e-03
13.500  22.750  1.3004e-03
13.500  23.000  1.0580e-03
13.500  23.250  8.7506e-04
13.500  23.500  7.3885e-04
13.500  23.750  6.1605e-04
13.500  24.000  4.4897e-04
13.750  17.000  1.1770e-05
13.750  17.250  1.6872e-05
13.750  17.500  2.3210e-05
13.750  17.750  3.2510e-05
13.750  18.000  4.7490e-05
13.750  18.250  7.4239e-05
13.750  18.500  1.2099e-04
13.750  18.750  2.0412e-04
13.750  19.000  3.4733e-04
13.750  19.250  5.7473e-04
13.750  19.500  8.8930e-04
13.750  19.750  1.3219e-03
13.750  20.000  1.8772e-03
13.750  20.250  2.2714e-03
13.750  20.500  2.7264e-03
13.750  20.750  3.2347e-03
13.750  21.000  3.5197e-03
13.750  21.250  3.4091e-03
13.750  21.500  3.7828e-03
13.750  21.750  3.4663e-03
13.750  22.000  2.9240e-03
13.750  22.250  2.4313e-03
13.750  22.500  1.9750e-03
13.750  22.750  1.4680e-03
13.750  23.000  1.0991e-03
13.750  23.250  9.5062e-04
13.750  23.500  7.3959e-04
13.750  23.750  6.3959e-04
13.750  24.000  5.4691e-04
14.000  17.000  7.9012e-06
14.000  17.250  1.1770e-05
14.000  17.500  1.6708e-05
14.000  17.750  2.3292e-05
14.000  18.000  3.3416e-05
14.000  18.250  4.9218e-05
14.000  18.500  7.3827e-05
14.000  18.750  1.1152e-04
14.000  19.000  1.6609e-04
14.000  19.250  2.4403e-04
14.000  19.500  3.4609e-04
14.000  19.750  4.7325e-04
14.000  20.000  6.3399e-04
14.000  20.250  8.3531e-04
14.000  20.500  1.0123e-03
14.000  20.750  1.1930e-03
14.000  21.000  1.4389e-03
14.000  21.250  1.7277e-03
14.000  21.500  1.7291e-03
14.000  21.750  1.9493e-03
14.000  22.000  2.2902e-03
14.000  22.250  2.4621e-03
14.000  22.500  2.3226e-03
14.000  22.750  1.9103e-03
14.000  23.000  1.4663e-03
14.000  23.250  1.0766e-03
14.000  23.500  8.9498e-04
14.000  23.750  7.3868e-04
14.000  24.000  6.9070e-04
