InwD 840.000A  relative to Inci 1215.00A scaled to 1215A.
Hden   Phi(H)  Eq_Width (A)
7.000  17.000  2.2223e-01
7.000  17.250  2.3166e-01
7.000  17.500  2.3961e-01
7.000  17.750  2.3453e-01
7.000  18.000  2.1785e-01
7.000  18.250  1.7724e-01
7.000  18.500  6.7210e-02
7.000  18.750  1.5500e-02
7.000  19.000  7.1000e-03
7.000  19.250  3.0900e-03
7.000  19.500  1.3300e-03
7.000  19.750  6.0000e-04
7.000  20.000  3.0000e-04
7.000  20.250  1.5000e-04
7.000  20.500  8.0000e-05
7.000  20.750  5.0000e-05
7.000  21.000  2.0000e-05
7.000  21.250  1.0000e-05
7.000  21.500  1.0000e-05
7.000  21.750  1.0000e-05
7.000  22.000  1.0000e-10
7.000  22.250  1.0000e-10
7.000  22.500  1.0000e-10
7.000  22.750  1.0000e-10
7.000  23.000  1.0000e-10
7.000  23.250  1.0000e-10
7.000  23.500  1.0000e-10
7.000  23.750  1.0000e-10
7.000  24.000  1.0000e-10
7.250  17.000  2.2133e-01
7.250  17.250  2.2247e-01
7.250  17.500  2.3202e-01
7.250  17.750  2.4014e-01
7.250  18.000  2.3476e-01
7.250  18.250  2.1827e-01
7.250  18.500  1.7702e-01
7.250  18.750  6.6900e-02
7.250  19.000  1.5440e-02
7.250  19.250  7.0800e-03
7.250  19.500  3.0900e-03
7.250  19.750  1.3300e-03
7.250  20.000  6.0000e-04
7.250  20.250  3.0000e-04
7.250  20.500  1.5000e-04
7.250  20.750  8.0000e-05
7.250  21.000  4.0000e-05
7.250  21.250  2.0000e-05
7.250  21.500  1.0000e-05
7.250  21.750  1.0000e-05
7.250  22.000  1.0000e-10
7.250  22.250  1.0000e-10
7.250  22.500  1.0000e-10
7.250  22.750  1.0000e-10
7.250  23.000  1.0000e-10
7.250  23.250  1.0000e-10
7.250  23.500  1.0000e-10
7.250  23.750  1.0000e-10
7.250  24.000  1.0000e-10
7.500  17.000  2.2451e-01
7.500  17.250  2.2124e-01
7.500  17.500  2.2252e-01
7.500  17.750  2.3234e-01
7.500  18.000  2.4042e-01
7.500  18.250  2.3531e-01
7.500  18.500  2.1861e-01
7.500  18.750  1.7683e-01
7.500  19.000  6.6600e-02
7.500  19.250  1.5410e-02
7.500  19.500  7.0600e-03
7.500  19.750  3.0800e-03
7.500  20.000  1.3300e-03
7.500  20.250  6.0000e-04
7.500  20.500  2.9000e-04
7.500  20.750  1.5000e-04
7.500  21.000  8.0000e-05
7.500  21.250  5.0000e-05
7.500  21.500  2.0000e-05
7.500  21.750  1.0000e-05
7.500  22.000  1.0000e-05
7.500  22.250  1.0000e-05
7.500  22.500  1.0000e-10
7.500  22.750  1.0000e-10
7.500  23.000  1.0000e-10
7.500  23.250  1.0000e-10
7.500  23.500  1.0000e-10
7.500  23.750  1.0000e-10
7.500  24.000  1.0000e-10
7.750  17.000  2.2633e-01
7.750  17.250  2.2425e-01
7.750  17.500  2.2102e-01
7.750  17.750  2.2253e-01
7.750  18.000  2.3274e-01
7.750  18.250  2.4111e-01
7.750  18.500  2.3578e-01
7.750  18.750  2.1915e-01
7.750  19.000  1.7679e-01
7.750  19.250  6.6220e-02
7.750  19.500  1.5380e-02
7.750  19.750  7.0600e-03
7.750  20.000  3.0800e-03
7.750  20.250  1.3200e-03
7.750  20.500  6.0000e-04
7.750  20.750  2.9000e-04
7.750  21.000  1.5000e-04
7.750  21.250  8.0000e-05
7.750  21.500  5.0000e-05
7.750  21.750  2.0000e-05
7.750  22.000  1.0000e-05
7.750  22.250  1.0000e-05
7.750  22.500  1.0000e-10
7.750  22.750  1.0000e-10
7.750  23.000  1.0000e-10
7.750  23.250  1.0000e-10
7.750  23.500  1.0000e-10
7.750  23.750  1.0000e-10
7.750  24.000  1.0000e-10
8.000  17.000  2.2477e-01
8.000  17.250  2.2476e-01
8.000  17.500  2.2285e-01
8.000  17.750  2.2025e-01
8.000  18.000  2.2211e-01
8.000  18.250  2.3284e-01
8.000  18.500  2.4142e-01
8.000  18.750  2.3631e-01
8.000  19.000  2.1957e-01
8.000  19.250  1.7673e-01
8.000  19.500  6.5870e-02
8.000  19.750  1.5370e-02
8.000  20.000  7.0500e-03
8.000  20.250  3.0800e-03
8.000  20.500  1.3200e-03
8.000  20.750  6.0000e-04
8.000  21.000  2.9000e-04
8.000  21.250  1.5000e-04
8.000  21.500  8.0000e-05
8.000  21.750  5.0000e-05
8.000  22.000  2.0000e-05
8.000  22.250  1.0000e-05
8.000  22.500  1.0000e-05
8.000  22.750  1.0000e-10
8.000  23.000  1.0000e-10
8.000  23.250  1.0000e-10
8.000  23.500  1.0000e-10
8.000  23.750  1.0000e-10
8.000  24.000  1.0000e-10
8.250  17.000  2.2271e-01
8.250  17.250  2.2428e-01
8.250  17.500  2.2447e-01
8.250  17.750  2.2273e-01
8.250  18.000  2.2055e-01
8.250  18.250  2.2277e-01
8.250  18.500  2.3365e-01
8.250  18.750  2.4283e-01
8.250  19.000  2.3787e-01
8.250  19.250  2.2091e-01
8.250  19.500  1.7684e-01
8.250  19.750  6.5450e-02
8.250  20.000  1.5360e-02
8.250  20.250  7.0400e-03
8.250  20.500  3.0700e-03
8.250  20.750  1.3300e-03
8.250  21.000  6.0000e-04
8.250  21.250  3.0000e-04
8.250  21.500  1.5000e-04
8.250  21.750  8.0000e-05
8.250  22.000  4.0000e-05
8.250  22.250  2.0000e-05
8.250  22.500  1.0000e-05
8.250  22.750  1.0000e-05
8.250  23.000  1.0000e-05
8.250  23.250  1.0000e-10
8.250  23.500  1.0000e-10
8.250  23.750  1.0000e-10
8.250  24.000  1.0000e-10
8.500  17.000  2.1943e-01
8.500  17.250  2.2217e-01
8.500  17.500  2.2396e-01
8.500  17.750  2.2441e-01
8.500  18.000  2.2336e-01
8.500  18.250  2.2105e-01
8.500  18.500  2.2342e-01
8.500  18.750  2.3495e-01
8.500  19.000  2.4496e-01
8.500  19.250  2.4065e-01
8.500  19.500  2.2372e-01
8.500  19.750  1.7705e-01
8.500  20.000  6.4980e-02
8.500  20.250  1.5350e-02
8.500  20.500  7.0500e-03
8.500  20.750  3.0800e-03
8.500  21.000  1.3200e-03
8.500  21.250  6.0000e-04
8.500  21.500  2.9000e-04
8.500  21.750  1.5000e-04
8.500  22.000  8.0000e-05
8.500  22.250  5.0000e-05
8.500  22.500  2.0000e-05
8.500  22.750  1.0000e-05
8.500  23.000  1.0000e-10
8.500  23.250  1.0000e-10
8.500  23.500  1.0000e-10
8.500  23.750  1.0000e-10
8.500  24.000  1.0000e-10
8.750  17.000  2.1585e-01
8.750  17.250  2.1889e-01
8.750  17.500  2.2201e-01
8.750  17.750  2.2434e-01
8.750  18.000  2.2528e-01
8.750  18.250  2.2421e-01
8.750  18.500  2.2212e-01
8.750  18.750  2.2505e-01
8.750  19.000  2.3781e-01
8.750  19.250  2.4947e-01
8.750  19.500  2.4646e-01
8.750  19.750  2.2889e-01
8.750  20.000  1.7756e-01
8.750  20.250  6.4430e-02
8.750  20.500  1.5350e-02
8.750  20.750  7.0500e-03
8.750  21.000  3.0700e-03
8.750  21.250  1.3200e-03
8.750  21.500  6.0000e-04
8.750  21.750  3.0000e-04
8.750  22.000  1.5000e-04
8.750  22.250  8.0000e-05
8.750  22.500  4.0000e-05
8.750  22.750  2.0000e-05
8.750  23.000  1.0000e-05
8.750  23.250  1.0000e-05
8.750  23.500  1.0000e-10
8.750  23.750  1.0000e-10
8.750  24.000  1.0000e-10
9.000  17.000  2.1197e-01
9.000  17.250  2.1560e-01
9.000  17.500  2.1913e-01
9.000  17.750  2.2297e-01
9.000  18.000  2.2582e-01
9.000  18.250  2.2676e-01
9.000  18.500  2.2589e-01
9.000  18.750  2.2452e-01
9.000  19.000  2.2887e-01
9.000  19.250  2.4412e-01
9.000  19.500  2.5930e-01
9.000  19.750  2.5849e-01
9.000  20.000  2.3877e-01
9.000  20.250  1.7865e-01
9.000  20.500  6.3800e-02
9.000  20.750  1.5350e-02
9.000  21.000  7.0400e-03
9.000  21.250  3.0800e-03
9.000  21.500  1.3300e-03
9.000  21.750  6.0000e-04
9.000  22.000  3.0000e-04
9.000  22.250  1.5000e-04
9.000  22.500  8.0000e-05
9.000  22.750  5.0000e-05
9.000  23.000  2.0000e-05
9.000  23.250  1.0000e-05
9.000  23.500  1.0000e-05
9.000  23.750  1.0000e-10
9.000  24.000  1.0000e-10
9.250  17.000  2.0627e-01
9.250  17.250  2.1200e-01
9.250  17.500  2.1674e-01
9.250  17.750  2.2124e-01
9.250  18.000  2.2537e-01
9.250  18.250  2.2810e-01
9.250  18.500  2.2949e-01
9.250  18.750  2.3002e-01
9.250  19.000  2.3074e-01
9.250  19.250  2.3855e-01
9.250  19.500  2.5891e-01
9.250  19.750  2.7899e-01
9.250  20.000  2.8007e-01
9.250  20.250  2.5488e-01
9.250  20.500  1.8073e-01
9.250  20.750  6.3190e-02
9.250  21.000  1.5350e-02
9.250  21.250  7.0500e-03
9.250  21.500  3.0800e-03
9.250  21.750  1.3200e-03
9.250  22.000  6.1000e-04
9.250  22.250  3.0000e-04
9.250  22.500  1.5000e-04
9.250  22.750  8.0000e-05
9.250  23.000  5.0000e-05
9.250  23.250  2.0000e-05
9.250  23.500  1.0000e-05
9.250  23.750  1.0000e-05
9.250  24.000  1.0000e-10
9.500  17.000  1.9769e-01
9.500  17.250  2.0751e-01
9.500  17.500  2.1489e-01
9.500  17.750  2.2042e-01
9.500  18.000  2.2493e-01
9.500  18.250  2.2899e-01
9.500  18.500  2.3251e-01
9.500  18.750  2.3598e-01
9.500  19.000  2.3970e-01
9.500  19.250  2.4572e-01
9.500  19.500  2.5989e-01
9.500  19.750  2.8661e-01
9.500  20.000  3.1162e-01
9.500  20.250  3.1174e-01
9.500  20.500  2.7545e-01
9.500  20.750  1.8440e-01
9.500  21.000  6.2780e-02
9.500  21.250  1.5350e-02
9.500  21.500  7.0500e-03
9.500  21.750  3.0800e-03
9.500  22.000  1.3200e-03
9.500  22.250  6.0000e-04
9.500  22.500  2.9000e-04
9.500  22.750  1.6000e-04
9.500  23.000  8.0000e-05
9.500  23.250  5.0000e-05
9.500  23.500  3.0000e-05
9.500  23.750  2.0000e-05
9.500  24.000  1.0000e-05
9.750  17.000  1.8447e-01
9.750  17.250  2.0038e-01
9.750  17.500  2.1253e-01
9.750  17.750  2.2080e-01
9.750  18.000  2.2593e-01
9.750  18.250  2.3053e-01
9.750  18.500  2.3599e-01
9.750  18.750  2.4280e-01
9.750  19.000  2.5195e-01
9.750  19.250  2.6312e-01
9.750  19.500  2.7671e-01
9.750  19.750  2.9818e-01
9.750  20.000  3.3091e-01
9.750  20.250  3.5925e-01
9.750  20.500  3.5180e-01
9.750  20.750  2.9768e-01
9.750  21.000  1.8988e-01
9.750  21.250  6.2220e-02
9.750  21.500  1.5340e-02
9.750  21.750  7.0500e-03
9.750  22.000  3.0800e-03
9.750  22.250  1.3200e-03
9.750  22.500  6.1000e-04
9.750  22.750  3.0000e-04
9.750  23.000  1.5000e-04
9.750  23.250  8.0000e-05
9.750  23.500  5.0000e-05
9.750  23.750  3.0000e-05
9.750  24.000  1.0000e-05
10.000  17.000  1.6593e-01
10.000  17.250  1.8866e-01
10.000  17.500  2.0780e-01
10.000  17.750  2.2094e-01
10.000  18.000  2.2925e-01
10.000  18.250  2.3497e-01
10.000  18.500  2.4211e-01
10.000  18.750  2.5312e-01
10.000  19.000  2.6836e-01
10.000  19.250  2.8708e-01
10.000  19.500  3.0669e-01
10.000  19.750  3.2904e-01
10.000  20.000  3.5599e-01
10.000  20.250  3.9408e-01
10.000  20.500  4.2364e-01
10.000  20.750  3.9429e-01
10.000  21.000  3.1882e-01
10.000  21.250  1.9546e-01
10.000  21.500  6.1870e-02
10.000  21.750  1.5340e-02
10.000  22.000  7.0600e-03
10.000  22.250  3.0700e-03
10.000  22.500  1.3200e-03
10.000  22.750  6.0000e-04
10.000  23.000  2.9000e-04
10.000  23.250  1.5000e-04
10.000  23.500  8.0000e-05
10.000  23.750  4.0000e-05
10.000  24.000  2.0000e-05
10.250  17.000  1.4005e-01
10.250  17.250  1.6316e-01
10.250  17.500  1.9832e-01
10.250  17.750  2.1911e-01
10.250  18.000  2.3360e-01
10.250  18.250  2.4473e-01
10.250  18.500  2.5571e-01
10.250  18.750  2.7211e-01
10.250  19.000  2.9419e-01
10.250  19.250  3.2057e-01
10.250  19.500  3.4891e-01
10.250  19.750  3.7610e-01
10.250  20.000  4.0385e-01
10.250  20.250  4.3635e-01
10.250  20.500  4.7679e-01
10.250  20.750  4.9610e-01
10.250  21.000  4.4322e-01
10.250  21.250  3.3715e-01
10.250  21.500  2.0053e-01
10.250  21.750  6.1710e-02
10.250  22.000  1.5350e-02
10.250  22.250  7.0600e-03
10.250  22.500  3.0800e-03
10.250  22.750  1.3300e-03
10.250  23.000  6.0000e-04
10.250  23.250  2.9000e-04
10.250  23.500  1.5000e-04
10.250  23.750  8.0000e-05
10.250  24.000  4.0000e-05
10.500  17.000  1.2526e-01
10.500  17.250  1.4665e-01
10.500  17.500  1.7459e-01
10.500  17.750  2.1401e-01
10.500  18.000  2.3915e-01
10.500  18.250  2.6083e-01
10.500  18.500  2.8294e-01
10.500  18.750  3.0757e-01
10.500  19.000  3.3698e-01
10.500  19.250  3.7020e-01
10.500  19.500  4.0508e-01
10.500  19.750  4.3903e-01
10.500  20.000  4.7088e-01
10.500  20.250  5.0258e-01
10.500  20.500  5.3780e-01
10.500  20.750  5.7829e-01
10.500  21.000  5.6947e-01
10.500  21.250  4.8485e-01
10.500  21.500  3.5278e-01
10.500  21.750  2.0408e-01
10.500  22.000  6.1930e-02
10.500  22.250  1.5310e-02
10.500  22.500  7.0600e-03
10.500  22.750  3.0800e-03
10.500  23.000  1.3200e-03
10.500  23.250  6.1000e-04
10.500  23.500  2.9000e-04
10.500  23.750  1.5000e-04
10.500  24.000  8.0000e-05
10.750  17.000  1.1408e-01
10.750  17.250  1.3248e-01
10.750  17.500  1.5967e-01
10.750  17.750  1.9935e-01
10.750  18.000  2.4555e-01
10.750  18.250  2.8895e-01
10.750  18.500  3.2888e-01
10.750  18.750  3.6774e-01
10.750  19.000  4.0461e-01
10.750  19.250  4.4204e-01
10.750  19.500  4.8013e-01
10.750  19.750  5.1839e-01
10.750  20.000  5.5417e-01
10.750  20.250  5.8759e-01
10.750  20.500  6.2274e-01
10.750  20.750  6.5991e-01
10.750  21.000  6.9624e-01
10.750  21.250  6.4844e-01
10.750  21.500  5.2175e-01
10.750  21.750  3.6843e-01
10.750  22.000  2.0317e-01
10.750  22.250  6.2110e-02
10.750  22.500  1.5320e-02
10.750  22.750  7.0700e-03
10.750  23.000  3.0800e-03
10.750  23.250  1.3200e-03
10.750  23.500  6.0000e-04
10.750  23.750  3.0000e-04
10.750  24.000  1.6000e-04
11.000  17.000  1.0655e-01
11.000  17.250  1.2206e-01
11.000  17.500  1.4576e-01
11.000  17.750  1.8802e-01
11.000  18.000  2.5030e-01
11.000  18.250  3.2290e-01
11.000  18.500  3.9321e-01
11.000  18.750  4.5151e-01
11.000  19.000  4.9844e-01
11.000  19.250  5.3804e-01
11.000  19.500  5.7519e-01
11.000  19.750  6.1308e-01
11.000  20.000  6.5096e-01
11.000  20.250  6.8560e-01
11.000  20.500  7.2108e-01
11.000  20.750  7.5985e-01
11.000  21.000  7.9810e-01
11.000  21.250  8.3464e-01
11.000  21.500  7.0537e-01
11.000  21.750  5.4533e-01
11.000  22.000  3.8768e-01
11.000  22.250  1.9680e-01
11.000  22.500  6.2330e-02
11.000  22.750  1.5340e-02
11.000  23.000  7.0800e-03
11.000  23.250  3.0800e-03
11.000  23.500  1.3300e-03
11.000  23.750  6.1000e-04
11.000  24.000  2.9000e-04
11.250  17.000  1.0094e-01
11.250  17.250  1.1493e-01
11.250  17.500  1.3607e-01
11.250  17.750  1.7704e-01
11.250  18.000  2.5223e-01
11.250  18.250  3.5416e-01
11.250  18.500  4.5731e-01
11.250  18.750  5.4411e-01
11.250  19.000  6.0615e-01
11.250  19.250  6.5189e-01
11.250  19.500  6.8760e-01
11.250  19.750  7.2082e-01
11.250  20.000  7.5588e-01
11.250  20.250  7.9207e-01
11.250  20.500  8.2697e-01
11.250  20.750  8.6574e-01
11.250  21.000  9.0792e-01
11.250  21.250  9.5069e-01
11.250  21.500  9.5747e-01
11.250  21.750  7.8821e-01
11.250  22.000  5.8291e-01
11.250  22.250  4.0279e-01
11.250  22.500  1.9275e-01
11.250  22.750  6.2210e-02
11.250  23.000  1.5380e-02
11.250  23.250  7.0900e-03
11.250  23.500  3.0800e-03
11.250  23.750  1.3200e-03
11.250  24.000  6.0000e-04
11.500  17.000  9.6769e-02
11.500  17.250  1.1020e-01
11.500  17.500  1.3042e-01
11.500  17.750  1.6956e-01
11.500  18.000  2.4767e-01
11.500  18.250  3.6880e-01
11.500  18.500  5.0206e-01
11.500  18.750  6.1951e-01
11.500  19.000  7.0815e-01
11.500  19.250  7.6453e-01
11.500  19.500  8.0277e-01
11.500  19.750  8.3521e-01
11.500  20.000  8.6524e-01
11.500  20.250  8.9573e-01
11.500  20.500  9.2865e-01
11.500  20.750  9.6497e-01
11.500  21.000  1.0083e+00
11.500  21.250  1.0612e+00
11.500  21.500  1.1062e+00
11.500  21.750  1.0831e+00
11.500  22.000  8.4302e-01
11.500  22.250  6.0634e-01
11.500  22.500  4.0644e-01
11.500  22.750  1.8855e-01
11.500  23.000  6.1850e-02
11.500  23.250  1.5440e-02
11.500  23.500  7.1000e-03
11.500  23.750  3.0800e-03
11.500  24.000  1.3200e-03
11.750  17.000  9.3211e-02
11.750  17.250  1.0660e-01
11.750  17.500  1.2707e-01
11.750  17.750  1.6481e-01
11.750  18.000  2.3776e-01
11.750  18.250  3.6022e-01
11.750  18.500  5.1308e-01
11.750  18.750  6.5903e-01
11.750  19.000  7.7765e-01
11.750  19.250  8.5797e-01
11.750  19.500  9.0404e-01
11.750  19.750  9.3681e-01
11.750  20.000  9.6618e-01
11.750  20.250  9.9577e-01
11.750  20.500  1.0245e+00
11.750  20.750  1.0563e+00
11.750  21.000  1.0979e+00
11.750  21.250  1.1520e+00
11.750  21.500  1.2057e+00
11.750  21.750  1.2625e+00
11.750  22.000  1.1795e+00
11.750  22.250  8.8478e-01
11.750  22.500  6.3683e-01
11.750  22.750  3.9647e-01
11.750  23.000  1.8022e-01
11.750  23.250  6.1200e-02
11.750  23.500  1.5500e-02
11.750  23.750  7.1200e-03
11.750  24.000  3.0900e-03
12.000  17.000  8.9763e-02
12.000  17.250  1.0389e-01
12.000  17.500  1.2433e-01
12.000  17.750  1.6093e-01
12.000  18.000  2.2587e-01
12.000  18.250  3.3385e-01
12.000  18.500  4.8365e-01
12.000  18.750  6.4862e-01
12.000  19.000  7.9642e-01
12.000  19.250  9.0909e-01
12.000  19.500  9.8079e-01
12.000  19.750  1.0181e+00
12.000  20.000  1.0469e+00
12.000  20.250  1.0759e+00
12.000  20.500  1.1066e+00
12.000  20.750  1.1378e+00
12.000  21.000  1.1757e+00
12.000  21.250  1.2288e+00
12.000  21.500  1.2823e+00
12.000  21.750  1.3540e+00
12.000  22.000  1.4243e+00
12.000  22.250  1.2483e+00
12.000  22.500  9.1523e-01
12.000  22.750  6.4341e-01
12.000  23.000  3.7611e-01
12.000  23.250  1.7141e-01
12.000  23.500  6.0450e-02
12.000  23.750  1.5570e-02
12.000  24.000  7.1400e-03
12.250  17.000  9.1060e-02
12.250  17.250  1.0284e-01
12.250  17.500  1.2153e-01
12.250  17.750  1.5668e-01
12.250  18.000  2.1402e-01
12.250  18.250  3.0309e-01
12.250  18.500  4.3081e-01
12.250  18.750  5.8948e-01
12.250  19.000  7.5234e-01
12.250  19.250  8.9893e-01
12.250  19.500  1.0077e+00
12.250  19.750  1.0727e+00
12.250  20.000  1.1052e+00
12.250  20.250  1.1333e+00
12.250  20.500  1.1650e+00
12.250  20.750  1.2010e+00
12.250  21.000  1.2433e+00
12.250  21.250  1.2953e+00
12.250  21.500  1.3448e+00
12.250  21.750  1.4130e+00
12.250  22.000  1.4875e+00
12.250  22.250  1.5279e+00
12.250  22.500  1.2674e+00
12.250  22.750  9.1405e-01
12.250  23.000  6.3491e-01
12.250  23.250  3.5323e-01
12.250  23.500  1.6251e-01
12.250  23.750  5.9220e-02
12.250  24.000  1.5620e-02
12.500  17.000  8.6638e-02
12.500  17.250  1.0389e-01
12.500  17.500  1.2230e-01
12.500  17.750  1.5249e-01
12.500  18.000  2.0309e-01
12.500  18.250  2.7499e-01
12.500  18.500  3.7621e-01
12.500  18.750  5.0816e-01
12.500  19.000  6.6459e-01
12.500  19.250  8.2287e-01
12.500  19.500  9.6424e-01
12.500  19.750  1.0723e+00
12.500  20.000  1.1355e+00
12.500  20.250  1.1708e+00
12.500  20.500  1.2010e+00
12.500  20.750  1.2433e+00
12.500  21.000  1.2958e+00
12.500  21.250  1.3522e+00
12.500  21.500  1.3976e+00
12.500  21.750  1.4582e+00
12.500  22.000  1.5338e+00
12.500  22.250  1.6122e+00
12.500  22.500  1.6067e+00
12.500  22.750  1.2642e+00
12.500  23.000  9.1187e-01
12.500  23.250  6.0941e-01
12.500  23.500  3.2253e-01
12.500  23.750  1.5269e-01
12.500  24.000  5.7700e-02
12.750  17.000  8.1803e-02
12.750  17.250  1.0083e-01
12.750  17.500  1.2274e-01
12.750  17.750  1.5465e-01
12.750  18.000  1.9655e-01
12.750  18.250  2.5271e-01
12.750  18.500  3.3049e-01
12.750  18.750  4.3112e-01
12.750  19.000  5.5606e-01
12.750  19.250  7.0378e-01
12.750  19.500  8.5547e-01
12.750  19.750  9.9755e-01
12.750  20.000  1.1088e+00
12.750  20.250  1.1806e+00
12.750  20.500  1.2203e+00
12.750  20.750  1.2634e+00
12.750  21.000  1.3294e+00
12.750  21.250  1.3900e+00
12.750  21.500  1.4432e+00
12.750  21.750  1.5002e+00
12.750  22.000  1.5689e+00
12.750  22.250  1.6464e+00
12.750  22.500  1.7456e+00
12.750  22.750  1.6439e+00
12.750  23.000  1.2442e+00
12.750  23.250  8.8740e-01
12.750  23.500  5.7087e-01
12.750  23.750  2.9777e-01
12.750  24.000  1.4206e-01
13.000  17.000  7.5860e-02
13.000  17.250  9.4825e-02
13.000  17.500  1.1981e-01
13.000  17.750  1.4803e-01
13.000  18.000  1.8699e-01
13.000  18.250  2.3551e-01
13.000  18.500  2.9618e-01
13.000  18.750  3.7209e-01
13.000  19.000  4.6481e-01
13.000  19.250  5.7849e-01
13.000  19.500  7.1384e-01
13.000  19.750  8.5877e-01
13.000  20.000  1.0049e+00
13.000  20.250  1.1221e+00
13.000  20.500  1.2097e+00
13.000  20.750  1.2774e+00
13.000  21.000  1.3361e+00
13.000  21.250  1.4110e+00
13.000  21.500  1.4711e+00
13.000  21.750  1.5274e+00
13.000  22.000  1.5932e+00
13.000  22.250  1.6701e+00
13.000  22.500  1.7904e+00
13.000  22.750  1.8631e+00
13.000  23.000  1.6801e+00
13.000  23.250  1.2264e+00
13.000  23.500  8.4105e-01
13.000  23.750  5.2504e-01
13.000  24.000  2.7282e-01
13.250  17.000  6.8939e-02
13.250  17.250  8.7133e-02
13.250  17.500  1.1230e-01
13.250  17.750  1.4147e-01
13.250  18.000  1.7571e-01
13.250  18.250  2.1856e-01
13.250  18.500  2.7016e-01
13.250  18.750  3.2963e-01
13.250  19.000  3.9915e-01
13.250  19.250  4.8078e-01
13.250  19.500  5.8011e-01
13.250  19.750  7.0074e-01
13.250  20.000  8.4261e-01
13.250  20.250  9.8799e-01
13.250  20.500  1.1180e+00
13.250  20.750  1.2259e+00
13.250  21.000  1.3119e+00
13.250  21.250  1.3863e+00
13.250  21.500  1.4570e+00
13.250  21.750  1.5143e+00
13.250  22.000  1.5938e+00
13.250  22.250  1.6477e+00
13.250  22.500  1.7209e+00
13.250  22.750  1.8280e+00
13.250  23.000  1.8860e+00
13.250  23.250  1.6637e+00
13.250  23.500  1.1819e+00
13.250  23.750  7.8836e-01
13.250  24.000  4.7772e-01
13.500  17.000  6.1661e-02
13.500  17.250  7.9430e-02
13.500  17.500  1.0564e-01
13.500  17.750  1.3249e-01
13.500  18.000  1.6462e-01
13.500  18.250  2.0279e-01
13.500  18.500  2.4854e-01
13.500  18.750  3.0028e-01
13.500  19.000  3.5638e-01
13.500  19.250  4.1864e-01
13.500  19.500  4.9153e-01
13.500  19.750  5.8126e-01
13.500  20.000  6.9319e-01
13.500  20.250  8.3083e-01
13.500  20.500  9.7588e-01
13.500  20.750  1.1090e+00
13.500  21.000  1.2074e+00
13.500  21.250  1.3120e+00
13.500  21.500  1.3783e+00
13.500  21.750  1.4375e+00
13.500  22.000  1.5035e+00
13.500  22.250  1.5851e+00
13.500  22.500  1.6416e+00
13.500  22.750  1.7329e+00
13.500  23.000  1.7686e+00
13.500  23.250  1.7851e+00
13.500  23.500  1.5822e+00
13.500  23.750  1.1281e+00
13.500  24.000  7.3284e-01
13.750  17.000  5.6148e-02
13.750  17.250  7.0858e-02
13.750  17.500  9.6901e-02
13.750  17.750  1.2282e-01
13.750  18.000  1.5282e-01
13.750  18.250  1.8841e-01
13.750  18.500  2.2915e-01
13.750  18.750  2.7592e-01
13.750  19.000  3.2723e-01
13.750  19.250  3.8109e-01
13.750  19.500  4.3937e-01
13.750  19.750  5.0725e-01
13.750  20.000  5.9247e-01
13.750  20.250  6.9988e-01
13.750  20.500  8.3128e-01
13.750  20.750  9.7385e-01
13.750  21.000  1.0980e+00
13.750  21.250  1.1830e+00
13.750  21.500  1.2506e+00
13.750  21.750  1.3253e+00
13.750  22.000  1.3869e+00
13.750  22.250  1.4685e+00
13.750  22.500  1.5627e+00
13.750  22.750  1.6374e+00
13.750  23.000  1.6802e+00
13.750  23.250  1.7321e+00
13.750  23.500  1.7086e+00
13.750  23.750  1.5436e+00
13.750  24.000  1.0700e+00
14.000  17.000  5.1570e-02
14.000  17.250  6.4914e-02
14.000  17.500  8.2819e-02
14.000  17.750  1.1311e-01
14.000  18.000  1.4147e-01
14.000  18.250  1.7457e-01
14.000  18.500  2.1279e-01
14.000  18.750  2.5595e-01
14.000  19.000  3.0362e-01
14.000  19.250  3.5508e-01
14.000  19.500  4.0838e-01
14.000  19.750  4.6548e-01
14.000  20.000  5.3147e-01
14.000  20.250  6.1424e-01
14.000  20.500  7.1995e-01
14.000  20.750  8.4760e-01
14.000  21.000  9.8418e-01
14.000  21.250  1.1040e+00
14.000  21.500  1.1720e+00
14.000  21.750  1.2236e+00
14.000  22.000  1.2774e+00
14.000  22.250  1.3549e+00
14.000  22.500  1.4559e+00
14.000  22.750  1.5576e+00
14.000  23.000  1.6366e+00
14.000  23.250  1.6559e+00
14.000  23.500  1.6799e+00
14.000  23.750  1.6880e+00
14.000  24.000  1.5152e+00
