nFnu 1458.33A  relative to Inci 1215.00A scaled to 1215A.
Hden   Phi(H)  Eq_Width (A)
7.000  17.000  4.3410e-01
7.000  17.250  4.2482e-01
7.000  17.500  4.1239e-01
7.000  17.750  4.0608e-01
7.000  18.000  4.0840e-01
7.000  18.250  4.1462e-01
7.000  18.500  3.9641e-01
7.000  18.750  3.7562e-01
7.000  19.000  3.6675e-01
7.000  19.250  3.6216e-01
7.000  19.500  3.6001e-01
7.000  19.750  3.5918e-01
7.000  20.000  3.5883e-01
7.000  20.250  3.5867e-01
7.000  20.500  3.5859e-01
7.000  20.750  3.5855e-01
7.000  21.000  3.5853e-01
7.000  21.250  3.5852e-01
7.000  21.500  3.5851e-01
7.000  21.750  3.5851e-01
7.000  22.000  3.5851e-01
7.000  22.250  3.5850e-01
7.000  22.500  3.5850e-01
7.000  22.750  3.5851e-01
7.000  23.000  3.5850e-01
7.000  23.250  3.5850e-01
7.000  23.500  3.5850e-01
7.000  23.750  3.5850e-01
7.000  24.000  3.5851e-01
7.250  17.000  4.4021e-01
7.250  17.250  4.3262e-01
7.250  17.500  4.2291e-01
7.250  17.750  4.1048e-01
7.250  18.000  4.0439e-01
7.250  18.250  4.0826e-01
7.250  18.500  4.1456e-01
7.250  18.750  3.9627e-01
7.250  19.000  3.7559e-01
7.250  19.250  3.6674e-01
7.250  19.500  3.6216e-01
7.250  19.750  3.6001e-01
7.250  20.000  3.5918e-01
7.250  20.250  3.5883e-01
7.250  20.500  3.5867e-01
7.250  20.750  3.5859e-01
7.250  21.000  3.5855e-01
7.250  21.250  3.5853e-01
7.250  21.500  3.5852e-01
7.250  21.750  3.5851e-01
7.250  22.000  3.5851e-01
7.250  22.250  3.5850e-01
7.250  22.500  3.5850e-01
7.250  22.750  3.5850e-01
7.250  23.000  3.5850e-01
7.250  23.250  3.5850e-01
7.250  23.500  3.5850e-01
7.250  23.750  3.5850e-01
7.250  24.000  3.5850e-01
7.500  17.000  4.4475e-01
7.500  17.250  4.3848e-01
7.500  17.500  4.3043e-01
7.500  17.750  4.1996e-01
7.500  18.000  4.0694e-01
7.500  18.250  4.0249e-01
7.500  18.500  4.0825e-01
7.500  18.750  4.1468e-01
7.500  19.000  3.9618e-01
7.500  19.250  3.7557e-01
7.500  19.500  3.6673e-01
7.500  19.750  3.6215e-01
7.500  20.000  3.6001e-01
7.500  20.250  3.5918e-01
7.500  20.500  3.5883e-01
7.500  20.750  3.5867e-01
7.500  21.000  3.5859e-01
7.500  21.250  3.5855e-01
7.500  21.500  3.5853e-01
7.500  21.750  3.5852e-01
7.500  22.000  3.5851e-01
7.500  22.250  3.5851e-01
7.500  22.500  3.5850e-01
7.500  22.750  3.5850e-01
7.500  23.000  3.5850e-01
7.500  23.250  3.5850e-01
7.500  23.500  3.5850e-01
7.500  23.750  3.5850e-01
7.500  24.000  3.5853e-01
7.750  17.000  4.4768e-01
7.750  17.250  4.4297e-01
7.750  17.500  4.3622e-01
7.750  17.750  4.2709e-01
7.750  18.000  4.1530e-01
7.750  18.250  4.0199e-01
7.750  18.500  4.0022e-01
7.750  18.750  4.0839e-01
7.750  19.000  4.1487e-01
7.750  19.250  3.9613e-01
7.750  19.500  3.7556e-01
7.750  19.750  3.6671e-01
7.750  20.000  3.6216e-01
7.750  20.250  3.6001e-01
7.750  20.500  3.5918e-01
7.750  20.750  3.5883e-01
7.750  21.000  3.5867e-01
7.750  21.250  3.5859e-01
7.750  21.500  3.5855e-01
7.750  21.750  3.5853e-01
7.750  22.000  3.5852e-01
7.750  22.250  3.5851e-01
7.750  22.500  3.5850e-01
7.750  22.750  3.5850e-01
7.750  23.000  3.5850e-01
7.750  23.250  3.5850e-01
7.750  23.500  3.5850e-01
7.750  23.750  3.5850e-01
7.750  24.000  3.5850e-01
8.000  17.000  4.4888e-01
8.000  17.250  4.4542e-01
8.000  17.500  4.4032e-01
8.000  17.750  4.3265e-01
8.000  18.000  4.2157e-01
8.000  18.250  4.0798e-01
8.000  18.500  3.9591e-01
8.000  18.750  3.9768e-01
8.000  19.000  4.0853e-01
8.000  19.250  4.1501e-01
8.000  19.500  3.9609e-01
8.000  19.750  3.7555e-01
8.000  20.000  3.6671e-01
8.000  20.250  3.6216e-01
8.000  20.500  3.6001e-01
8.000  20.750  3.5918e-01
8.000  21.000  3.5883e-01
8.000  21.250  3.5867e-01
8.000  21.500  3.5859e-01
8.000  21.750  3.5855e-01
8.000  22.000  3.5853e-01
8.000  22.250  3.5852e-01
8.000  22.500  3.5851e-01
8.000  22.750  3.5851e-01
8.000  23.000  3.5850e-01
8.000  23.250  3.5850e-01
8.000  23.500  3.5850e-01
8.000  23.750  3.5850e-01
8.000  24.000  3.5850e-01
8.250  17.000  4.4972e-01
8.250  17.250  4.4713e-01
8.250  17.500  4.4334e-01
8.250  17.750  4.3721e-01
8.250  18.000  4.2713e-01
8.250  18.250  4.1312e-01
8.250  18.500  3.9878e-01
8.250  18.750  3.8904e-01
8.250  19.000  3.9553e-01
8.250  19.250  4.0884e-01
8.250  19.500  4.1533e-01
8.250  19.750  3.9606e-01
8.250  20.000  3.7556e-01
8.250  20.250  3.6672e-01
8.250  20.500  3.6215e-01
8.250  20.750  3.6001e-01
8.250  21.000  3.5918e-01
8.250  21.250  3.5883e-01
8.250  21.500  3.5867e-01
8.250  21.750  3.5859e-01
8.250  22.000  3.5855e-01
8.250  22.250  3.5853e-01
8.250  22.500  3.5852e-01
8.250  22.750  3.5851e-01
8.250  23.000  3.5851e-01
8.250  23.250  3.5851e-01
8.250  23.500  3.5850e-01
8.250  23.750  3.5850e-01
8.250  24.000  3.5850e-01
8.500  17.000  4.5015e-01
8.500  17.250  4.4806e-01
8.500  17.500  4.4516e-01
8.500  17.750  4.4018e-01
8.500  18.000  4.3146e-01
8.500  18.250  4.1760e-01
8.500  18.500  4.0206e-01
8.500  18.750  3.8895e-01
8.500  19.000  3.8352e-01
8.500  19.250  3.9460e-01
8.500  19.500  4.0916e-01
8.500  19.750  4.1575e-01
8.500  20.000  3.9603e-01
8.500  20.250  3.7554e-01
8.500  20.500  3.6672e-01
8.500  20.750  3.6215e-01
8.500  21.000  3.6001e-01
8.500  21.250  3.5918e-01
8.500  21.500  3.5883e-01
8.500  21.750  3.5867e-01
8.500  22.000  3.5859e-01
8.500  22.250  3.5855e-01
8.500  22.500  3.5853e-01
8.500  22.750  3.5851e-01
8.500  23.000  3.5851e-01
8.500  23.250  3.5850e-01
8.500  23.500  3.5850e-01
8.500  23.750  3.5850e-01
8.500  24.000  3.5850e-01
8.750  17.000  4.5037e-01
8.750  17.250  4.4857e-01
8.750  17.500  4.4607e-01
8.750  17.750  4.4204e-01
8.750  18.000  4.3453e-01
8.750  18.250  4.2159e-01
8.750  18.500  4.0515e-01
8.750  18.750  3.9002e-01
8.750  19.000  3.7936e-01
8.750  19.250  3.8096e-01
8.750  19.500  3.9557e-01
8.750  19.750  4.0962e-01
8.750  20.000  4.1623e-01
8.750  20.250  3.9600e-01
8.750  20.500  3.7553e-01
8.750  20.750  3.6671e-01
8.750  21.000  3.6215e-01
8.750  21.250  3.6001e-01
8.750  21.500  3.5918e-01
8.750  21.750  3.5883e-01
8.750  22.000  3.5867e-01
8.750  22.250  3.5859e-01
8.750  22.500  3.5855e-01
8.750  22.750  3.5853e-01
8.750  23.000  3.5852e-01
8.750  23.250  3.5851e-01
8.750  23.500  3.5851e-01
8.750  23.750  3.5851e-01
8.750  24.000  3.5850e-01
9.000  17.000  4.5029e-01
9.000  17.250  4.4881e-01
9.000  17.500  4.4655e-01
9.000  17.750  4.4294e-01
9.000  18.000  4.3625e-01
9.000  18.250  4.2444e-01
9.000  18.500  4.0800e-01
9.000  18.750  3.9145e-01
9.000  19.000  3.7799e-01
9.000  19.250  3.7066e-01
9.000  19.500  3.7965e-01
9.000  19.750  3.9939e-01
9.000  20.000  4.1030e-01
9.000  20.250  4.1678e-01
9.000  20.500  3.9597e-01
9.000  20.750  3.7552e-01
9.000  21.000  3.6671e-01
9.000  21.250  3.6215e-01
9.000  21.500  3.6001e-01
9.000  21.750  3.5918e-01
9.000  22.000  3.5883e-01
9.000  22.250  3.5867e-01
9.000  22.500  3.5859e-01
9.000  22.750  3.5855e-01
9.000  23.000  3.5853e-01
9.000  23.250  3.5852e-01
9.000  23.500  3.5851e-01
9.000  23.750  3.5851e-01
9.000  24.000  3.5850e-01
9.250  17.000  4.4991e-01
9.250  17.250  4.4869e-01
9.250  17.500  4.4673e-01
9.250  17.750  4.4338e-01
9.250  18.000  4.3704e-01
9.250  18.250  4.2624e-01
9.250  18.500  4.1026e-01
9.250  18.750  3.9274e-01
9.250  19.000  3.7660e-01
9.250  19.250  3.6689e-01
9.250  19.500  3.6639e-01
9.250  19.750  3.8202e-01
9.250  20.000  4.0675e-01
9.250  20.250  4.1134e-01
9.250  20.500  4.1743e-01
9.250  20.750  3.9594e-01
9.250  21.000  3.7551e-01
9.250  21.250  3.6671e-01
9.250  21.500  3.6216e-01
9.250  21.750  3.5995e-01
9.250  22.000  3.5886e-01
9.250  22.250  3.5877e-01
9.250  22.500  3.5867e-01
9.250  22.750  3.5859e-01
9.250  23.000  3.5855e-01
9.250  23.250  3.5853e-01
9.250  23.500  3.5852e-01
9.250  23.750  3.5851e-01
9.250  24.000  3.5850e-01
9.500  17.000  4.4913e-01
9.500  17.250  4.4811e-01
9.500  17.500  4.4650e-01
9.500  17.750  4.4344e-01
9.500  18.000  4.3748e-01
9.500  18.250  4.2702e-01
9.500  18.500  4.1175e-01
9.500  18.750  3.9275e-01
9.500  19.000  3.7315e-01
9.500  19.250  3.5829e-01
9.500  19.500  3.5460e-01
9.500  19.750  3.6426e-01
9.500  20.000  3.8835e-01
9.500  20.250  4.1010e-01
9.500  20.500  4.1296e-01
9.500  20.750  4.1819e-01
9.500  21.000  3.9589e-01
9.500  21.250  3.7546e-01
9.500  21.500  3.6655e-01
9.500  21.750  3.6173e-01
9.500  22.000  3.5922e-01
9.500  22.250  3.5815e-01
9.500  22.500  3.5765e-01
9.500  22.750  3.5738e-01
9.500  23.000  3.5722e-01
9.500  23.250  3.5716e-01
9.500  23.500  3.5770e-01
9.500  23.750  3.5769e-01
9.500  24.000  3.5768e-01
9.750  17.000  4.4806e-01
9.750  17.250  4.4702e-01
9.750  17.500  4.4571e-01
9.750  17.750  4.4306e-01
9.750  18.000  4.3752e-01
9.750  18.250  4.2715e-01
9.750  18.500  4.1156e-01
9.750  18.750  3.9130e-01
9.750  19.000  3.6872e-01
9.750  19.250  3.4801e-01
9.750  19.500  3.3645e-01
9.750  19.750  3.3933e-01
9.750  20.000  3.6502e-01
9.750  20.250  3.9845e-01
9.750  20.500  4.1348e-01
9.750  20.750  4.1518e-01
9.750  21.000  4.1920e-01
9.750  21.250  3.9584e-01
9.750  21.500  3.7549e-01
9.750  21.750  3.6666e-01
9.750  22.000  3.6173e-01
9.750  22.250  3.5927e-01
9.750  22.500  3.5825e-01
9.750  22.750  3.5780e-01
9.750  23.000  3.5757e-01
9.750  23.250  3.5743e-01
9.750  23.500  3.5736e-01
9.750  23.750  3.5732e-01
9.750  24.000  3.5729e-01
10.000  17.000  4.4692e-01
10.000  17.250  4.4562e-01
10.000  17.500  4.4430e-01
10.000  17.750  4.4207e-01
10.000  18.000  4.3704e-01
10.000  18.250  4.2657e-01
10.000  18.500  4.0974e-01
10.000  18.750  3.8834e-01
10.000  19.000  3.6366e-01
10.000  19.250  3.3659e-01
10.000  19.500  3.0746e-01
10.000  19.750  2.8935e-01
10.000  20.000  3.1711e-01
10.000  20.250  3.6632e-01
10.000  20.500  4.1067e-01
10.000  20.750  4.1807e-01
10.000  21.000  4.1837e-01
10.000  21.250  4.2047e-01
10.000  21.500  3.9577e-01
10.000  21.750  3.7549e-01
10.000  22.000  3.6669e-01
10.000  22.250  3.6188e-01
10.000  22.500  3.5929e-01
10.000  22.750  3.5831e-01
10.000  23.000  3.5790e-01
10.000  23.250  3.5769e-01
10.000  23.500  3.5757e-01
10.000  23.750  3.5752e-01
10.000  24.000  3.5748e-01
10.250  17.000  4.4558e-01
10.250  17.250  4.4394e-01
10.250  17.500  4.4260e-01
10.250  17.750  4.4045e-01
10.250  18.000  4.3551e-01
10.250  18.250  4.2488e-01
10.250  18.500  4.0685e-01
10.250  18.750  3.8397e-01
10.250  19.000  3.5703e-01
10.250  19.250  3.2844e-01
10.250  19.500  3.0262e-01
10.250  19.750  2.8458e-01
10.250  20.000  2.8751e-01
10.250  20.250  3.2509e-01
10.250  20.500  3.7912e-01
10.250  20.750  4.2025e-01
10.250  21.000  4.2161e-01
10.250  21.250  4.2252e-01
10.250  21.500  4.2189e-01
10.250  21.750  3.9570e-01
10.250  22.000  3.7548e-01
10.250  22.250  3.6670e-01
10.250  22.500  3.6206e-01
10.250  22.750  3.5935e-01
10.250  23.000  3.5834e-01
10.250  23.250  3.5796e-01
10.250  23.500  3.5777e-01
10.250  23.750  3.5766e-01
10.250  24.000  3.5762e-01
10.500  17.000  4.4468e-01
10.500  17.250  4.4230e-01
10.500  17.500  4.4046e-01
10.500  17.750  4.3841e-01
10.500  18.000  4.3317e-01
10.500  18.250  4.2166e-01
10.500  18.500  4.0303e-01
10.500  18.750  3.7944e-01
10.500  19.000  3.5450e-01
10.500  19.250  3.3142e-01
10.500  19.500  3.1070e-01
10.500  19.750  2.9297e-01
10.500  20.000  2.8290e-01
10.500  20.250  2.9217e-01
10.500  20.500  3.3463e-01
10.500  20.750  3.9151e-01
10.500  21.000  4.2895e-01
10.500  21.250  4.2705e-01
10.500  21.500  4.2854e-01
10.500  21.750  4.2298e-01
10.500  22.000  3.9562e-01
10.500  22.250  3.7544e-01
10.500  22.500  3.6670e-01
10.500  22.750  3.6212e-01
10.500  23.000  3.5971e-01
10.500  23.250  3.5839e-01
10.500  23.500  3.5798e-01
10.500  23.750  3.5781e-01
10.500  24.000  3.5772e-01
10.750  17.000  4.4445e-01
10.750  17.250  4.4112e-01
10.750  17.500  4.3840e-01
10.750  17.750  4.3530e-01
10.750  18.000  4.2917e-01
10.750  18.250  4.1664e-01
10.750  18.500  3.9764e-01
10.750  18.750  3.7475e-01
10.750  19.000  3.5221e-01
10.750  19.250  3.3192e-01
10.750  19.500  3.1552e-01
10.750  19.750  3.0326e-01
10.750  20.000  2.9010e-01
10.750  20.250  2.8211e-01
10.750  20.500  2.9447e-01
10.750  20.750  3.4124e-01
10.750  21.000  4.0196e-01
10.750  21.250  4.3572e-01
10.750  21.500  4.3445e-01
10.750  21.750  4.3692e-01
10.750  22.000  4.2398e-01
10.750  22.250  3.9553e-01
10.750  22.500  3.7540e-01
10.750  22.750  3.6670e-01
10.750  23.000  3.6214e-01
10.750  23.250  3.5991e-01
10.750  23.500  3.5867e-01
10.750  23.750  3.5806e-01
10.750  24.000  3.5783e-01
11.000  17.000  4.4459e-01
11.000  17.250  4.4061e-01
11.000  17.500  4.3650e-01
11.000  17.750  4.3161e-01
11.000  18.000  4.2344e-01
11.000  18.250  4.0884e-01
11.000  18.500  3.8865e-01
11.000  18.750  3.6657e-01
11.000  19.000  3.4463e-01
11.000  19.250  3.2734e-01
11.000  19.500  3.1879e-01
11.000  19.750  3.1023e-01
11.000  20.000  2.9931e-01
11.000  20.250  2.8634e-01
11.000  20.500  2.8468e-01
11.000  20.750  3.0277e-01
11.000  21.000  3.4676e-01
11.000  21.250  4.1077e-01
11.000  21.500  4.4817e-01
11.000  21.750  4.4717e-01
11.000  22.000  4.4703e-01
11.000  22.250  4.2485e-01
11.000  22.500  3.9542e-01
11.000  22.750  3.7537e-01
11.000  23.000  3.6670e-01
11.000  23.250  3.6215e-01
11.000  23.500  3.5998e-01
11.000  23.750  3.5902e-01
11.000  24.000  3.5836e-01
11.250  17.000  4.4779e-01
11.250  17.250  4.4022e-01
11.250  17.500  4.3471e-01
11.250  17.750  4.2736e-01
11.250  18.000  4.1584e-01
11.250  18.250  3.9720e-01
11.250  18.500  3.7473e-01
11.250  18.750  3.5127e-01
11.250  19.000  3.2843e-01
11.250  19.250  3.1979e-01
11.250  19.500  3.1715e-01
11.250  19.750  3.1338e-01
11.250  20.000  3.0609e-01
11.250  20.250  3.0381e-01
11.250  20.500  3.0932e-01
11.250  20.750  3.2310e-01
11.250  21.000  3.4566e-01
11.250  21.250  3.7748e-01
11.250  21.500  4.1905e-01
11.250  21.750  4.5856e-01
11.250  22.000  4.6048e-01
11.250  22.250  4.5544e-01
11.250  22.500  4.2467e-01
11.250  22.750  3.9531e-01
11.250  23.000  3.7534e-01
11.250  23.250  3.6670e-01
11.250  23.500  3.6215e-01
11.250  23.750  3.6000e-01
11.250  24.000  3.5913e-01
11.500  17.000  4.5593e-01
11.500  17.250  4.4231e-01
11.500  17.500  4.3219e-01
11.500  17.750  4.2185e-01
11.500  18.000  4.0525e-01
11.500  18.250  3.8110e-01
11.500  18.500  3.5453e-01
11.500  18.750  3.2549e-01
11.500  19.000  3.0856e-01
11.500  19.250  3.0830e-01
11.500  19.500  3.0994e-01
11.500  19.750  3.1105e-01
11.500  20.000  3.0890e-01
11.500  20.250  3.0181e-01
11.500  20.500  2.9149e-01
11.500  20.750  2.8467e-01
11.500  21.000  2.8922e-01
11.500  21.250  3.1304e-01
11.500  21.500  3.6399e-01
11.500  21.750  4.3588e-01
11.500  22.000  4.7713e-01
11.500  22.250  4.7627e-01
11.500  22.500  4.6030e-01
11.500  22.750  4.2427e-01
11.500  23.000  3.9515e-01
11.500  23.250  3.7530e-01
11.500  23.500  3.6670e-01
11.500  23.750  3.6215e-01
11.500  24.000  3.6001e-01
11.750  17.000  4.2536e-01
11.750  17.250  4.4892e-01
11.750  17.500  4.3107e-01
11.750  17.750  4.1365e-01
11.750  18.000  3.9003e-01
11.750  18.250  3.5986e-01
11.750  18.500  3.2560e-01
11.750  18.750  2.9264e-01
11.750  19.000  2.8765e-01
11.750  19.250  2.9213e-01
11.750  19.500  2.9839e-01
11.750  19.750  3.0364e-01
11.750  20.000  3.0634e-01
11.750  20.250  3.0469e-01
11.750  20.500  2.9714e-01
11.750  20.750  2.8880e-01
11.750  21.000  2.8653e-01
11.750  21.250  2.9719e-01
11.750  21.500  3.2765e-01
11.750  21.750  3.8476e-01
11.750  22.000  4.6017e-01
11.750  22.250  4.9816e-01
11.750  22.500  4.8996e-01
11.750  22.750  4.6319e-01
11.750  23.000  4.2396e-01
11.750  23.250  3.9495e-01
11.750  23.500  3.7530e-01
11.750  23.750  3.6669e-01
11.750  24.000  3.6214e-01
12.000  17.000  2.5349e-01
12.000  17.250  4.4026e-01
12.000  17.500  4.3239e-01
12.000  17.750  4.0316e-01
12.000  18.000  3.7020e-01
12.000  18.250  3.3216e-01
12.000  18.500  2.8522e-01
12.000  18.750  2.6346e-01
12.000  19.000  2.6510e-01
12.000  19.250  2.7325e-01
12.000  19.500  2.8318e-01
12.000  19.750  2.9210e-01
12.000  20.000  2.9885e-01
12.000  20.250  3.0220e-01
12.000  20.500  3.0056e-01
12.000  20.750  3.0610e-01
12.000  21.000  3.2108e-01
12.000  21.250  3.4411e-01
12.000  21.500  3.7381e-01
12.000  21.750  4.0876e-01
12.000  22.000  4.4760e-01
12.000  22.250  4.8893e-01
12.000  22.500  5.2134e-01
12.000  22.750  5.0830e-01
12.000  23.000  4.6492e-01
12.000  23.250  4.2360e-01
12.000  23.500  3.9468e-01
12.000  23.750  3.7525e-01
12.000  24.000  3.6668e-01
12.250  17.000  1.4345e-01
12.250  17.250  2.7622e-01
12.250  17.500  4.2649e-01
12.250  17.750  3.9011e-01
12.250  18.000  3.4486e-01
12.250  18.250  2.8825e-01
12.250  18.500  2.4523e-01
12.250  18.750  2.3830e-01
12.250  19.000  2.4295e-01
12.250  19.250  2.5263e-01
12.250  19.500  2.6468e-01
12.250  19.750  2.7685e-01
12.250  20.000  2.8711e-01
12.250  20.250  2.9458e-01
12.250  20.500  3.0601e-01
12.250  20.750  3.2275e-01
12.250  21.000  3.4417e-01
12.250  21.250  3.6965e-01
12.250  21.500  3.9855e-01
12.250  21.750  4.3025e-01
12.250  22.000  4.6412e-01
12.250  22.250  4.9953e-01
12.250  22.500  5.3586e-01
12.250  22.750  5.5801e-01
12.250  23.000  5.2069e-01
12.250  23.250  4.6589e-01
12.250  23.500  4.2300e-01
12.250  23.750  3.9442e-01
12.250  24.000  3.7518e-01
12.500  17.000  9.1468e-02
12.500  17.250  1.4764e-01
12.500  17.500  2.6178e-01
12.500  17.750  3.6744e-01
12.500  18.000  3.0311e-01
12.500  18.250  2.0798e-01
12.500  18.500  1.2894e-01
12.500  18.750  6.5365e-02
12.500  19.000  1.6604e-02
12.500  19.250  -1.7978e-02
12.500  19.500  -3.9020e-02
12.500  19.750  -4.7160e-02
12.500  20.000  -4.3038e-02
12.500  20.250  -2.7292e-02
12.500  20.500  -5.6154e-04
12.500  20.750  3.6515e-02
12.500  21.000  8.3300e-02
12.500  21.250  1.3915e-01
12.500  21.500  2.0344e-01
12.500  21.750  2.7551e-01
12.500  22.000  3.5474e-01
12.500  22.250  4.4048e-01
12.500  22.500  5.3209e-01
12.500  22.750  6.0620e-01
12.500  23.000  5.8828e-01
12.500  23.250  5.2843e-01
12.500  23.500  4.6720e-01
12.500  23.750  4.2261e-01
12.500  24.000  3.9411e-01
12.750  17.000  6.1347e-02
12.750  17.250  8.9290e-02
12.750  17.500  1.3896e-01
12.750  17.750  1.9854e-01
12.750  18.000  2.1384e-01
12.750  18.250  1.8967e-01
12.750  18.500  1.8036e-01
12.750  18.750  1.8769e-01
12.750  19.000  1.9763e-01
12.750  19.250  2.0975e-01
12.750  19.500  2.2358e-01
12.750  19.750  2.3829e-01
12.750  20.000  2.5344e-01
12.750  20.250  2.6750e-01
12.750  20.500  2.7859e-01
12.750  20.750  2.8651e-01
12.750  21.000  2.9988e-01
12.750  21.250  3.2105e-01
12.750  21.500  3.5012e-01
12.750  21.750  3.8715e-01
12.750  22.000  4.3225e-01
12.750  22.250  4.8549e-01
12.750  22.500  5.4696e-01
12.750  22.750  6.1673e-01
12.750  23.000  6.6646e-01
12.750  23.250  6.1082e-01
12.750  23.500  5.3428e-01
12.750  23.750  4.6748e-01
12.750  24.000  4.2208e-01
13.000  17.000  2.4151e-02
13.000  17.250  3.2822e-02
13.000  17.500  6.2199e-02
13.000  17.750  9.4851e-02
13.000  18.000  1.2528e-01
13.000  18.250  1.4524e-01
13.000  18.500  1.5310e-01
13.000  18.750  1.6030e-01
13.000  19.000  1.7343e-01
13.000  19.250  1.8714e-01
13.000  19.500  2.0156e-01
13.000  19.750  2.1690e-01
13.000  20.000  2.3287e-01
13.000  20.250  2.4848e-01
13.000  20.500  2.6305e-01
13.000  20.750  2.7490e-01
13.000  21.000  2.8291e-01
13.000  21.250  2.8730e-01
13.000  21.500  2.8692e-01
13.000  21.750  2.7688e-01
13.000  22.000  2.8322e-01
13.000  22.250  3.2108e-01
13.000  22.500  4.0042e-01
13.000  22.750  5.3119e-01
13.000  23.000  6.7960e-01
13.000  23.250  6.9739e-01
13.000  23.500  6.2727e-01
13.000  23.750  5.3915e-01
13.000  24.000  4.6750e-01
13.250  17.000  2.1084e-02
13.250  17.250  2.4338e-02
13.250  17.500  3.3517e-02
13.250  17.750  5.0177e-02
13.250  18.000  7.8098e-02
13.250  18.250  1.0718e-01
13.250  18.500  1.3083e-01
13.250  18.750  1.4031e-01
13.250  19.000  1.4910e-01
13.250  19.250  1.6281e-01
13.250  19.500  1.7868e-01
13.250  19.750  1.9459e-01
13.250  20.000  2.1099e-01
13.250  20.250  2.2739e-01
13.250  20.500  2.4324e-01
13.250  20.750  2.5771e-01
13.250  21.000  2.6897e-01
13.250  21.250  2.7538e-01
13.250  21.500  2.7869e-01
13.250  21.750  2.6921e-01
13.250  22.000  2.6088e-01
13.250  22.250  2.6131e-01
13.250  22.500  3.2946e-01
13.250  22.750  4.5538e-01
13.250  23.000  6.0670e-01
13.250  23.250  7.2799e-01
13.250  23.500  7.2034e-01
13.250  23.750  6.4258e-01
13.250  24.000  5.4274e-01
13.500  17.000  1.9194e-02
13.500  17.250  2.1517e-02
13.500  17.500  2.8028e-02
13.500  17.750  3.7330e-02
13.500  18.000  5.6371e-02
13.500  18.250  7.7639e-02
13.500  18.500  1.0040e-01
13.500  18.750  1.2103e-01
13.500  19.000  1.3057e-01
13.500  19.250  1.3965e-01
13.500  19.500  1.5402e-01
13.500  19.750  1.7115e-01
13.500  20.000  1.8840e-01
13.500  20.250  2.0552e-01
13.500  20.500  2.2204e-01
13.500  20.750  2.3726e-01
13.500  21.000  2.4921e-01
13.500  21.250  2.5812e-01
13.500  21.500  2.6041e-01
13.500  21.750  2.5185e-01
13.500  22.000  2.3831e-01
13.500  22.250  2.6589e-01
13.500  22.500  3.3594e-01
13.500  22.750  4.3513e-01
13.500  23.000  5.5012e-01
13.500  23.250  6.6759e-01
13.500  23.500  7.6002e-01
13.500  23.750  7.5764e-01
13.500  24.000  6.5640e-01
13.750  17.000  1.8154e-02
13.750  17.250  2.0741e-02
13.750  17.500  2.5765e-02
13.750  17.750  3.0709e-02
13.750  18.000  4.2867e-02
13.750  18.250  5.9536e-02
13.750  18.500  7.7031e-02
13.750  18.750  9.7437e-02
13.750  19.000  1.1454e-01
13.750  19.250  1.2018e-01
13.750  19.500  1.3109e-01
13.750  19.750  1.4692e-01
13.750  20.000  1.6485e-01
13.750  20.250  1.8270e-01
13.750  20.500  2.0020e-01
13.750  20.750  2.1630e-01
13.750  21.000  2.2943e-01
13.750  21.250  2.3719e-01
13.750  21.500  2.4027e-01
13.750  21.750  2.3242e-01
13.750  22.000  2.4879e-01
13.750  22.250  2.9473e-01
13.750  22.500  3.6444e-01
13.750  22.750  4.5216e-01
13.750  23.000  5.5211e-01
13.750  23.250  6.5851e-01
13.750  23.500  7.6558e-01
13.750  23.750  8.3940e-01
13.750  24.000  7.9251e-01
14.000  17.000  1.7602e-02
14.000  17.250  1.9855e-02
14.000  17.500  2.4625e-02
14.000  17.750  2.8886e-02
14.000  18.000  3.5633e-02
14.000  18.250  4.7008e-02
14.000  18.500  6.0669e-02
14.000  18.750  7.7022e-02
14.000  19.000  9.5270e-02
14.000  19.250  1.0734e-01
14.000  19.500  1.1243e-01
14.000  19.750  1.2363e-01
14.000  20.000  1.4030e-01
14.000  20.250  1.5901e-01
14.000  20.500  1.7727e-01
14.000  20.750  1.9443e-01
14.000  21.000  2.0908e-01
14.000  21.250  2.1901e-01
14.000  21.500  2.2312e-01
14.000  21.750  2.1579e-01
14.000  22.000  2.0219e-01
14.000  22.250  1.9112e-01
14.000  22.500  1.9629e-01
14.000  22.750  2.2775e-01
14.000  23.000  2.9230e-01
14.000  23.250  3.8548e-01
14.000  23.500  5.4044e-01
14.000  23.750  8.8272e-01
14.000  24.000  9.3615e-01
