nFnu 7000.00A  relative to Inci 1215.00A scaled to 1215A.
Hden   Phi(H)  Eq_Width (A)
7.000  17.000  1.6490e-01
7.000  17.250  1.7704e-01
7.000  17.500  1.9029e-01
7.000  17.750  1.9031e-01
7.000  18.000  1.8388e-01
7.000  18.250  1.5662e-01
7.000  18.500  1.4055e-01
7.000  18.750  1.3259e-01
7.000  19.000  1.2982e-01
7.000  19.250  1.2843e-01
7.000  19.500  1.2781e-01
7.000  19.750  1.2758e-01
7.000  20.000  1.2749e-01
7.000  20.250  1.2745e-01
7.000  20.500  1.2743e-01
7.000  20.750  1.2742e-01
7.000  21.000  1.2741e-01
7.000  21.250  1.2741e-01
7.000  21.500  1.2741e-01
7.000  21.750  1.2741e-01
7.000  22.000  1.2741e-01
7.000  22.250  1.2741e-01
7.000  22.500  1.2741e-01
7.000  22.750  1.2741e-01
7.000  23.000  1.2741e-01
7.000  23.250  1.2741e-01
7.000  23.500  1.2741e-01
7.000  23.750  1.2741e-01
7.000  24.000  1.2741e-01
7.250  17.000  1.5817e-01
7.250  17.250  1.7107e-01
7.250  17.500  1.8445e-01
7.250  17.750  1.9754e-01
7.250  18.000  1.9419e-01
7.250  18.250  1.8362e-01
7.250  18.500  1.5657e-01
7.250  18.750  1.4054e-01
7.250  19.000  1.3259e-01
7.250  19.250  1.2982e-01
7.250  19.500  1.2843e-01
7.250  19.750  1.2781e-01
7.250  20.000  1.2758e-01
7.250  20.250  1.2749e-01
7.250  20.500  1.2745e-01
7.250  20.750  1.2743e-01
7.250  21.000  1.2742e-01
7.250  21.250  1.2741e-01
7.250  21.500  1.2741e-01
7.250  21.750  1.2741e-01
7.250  22.000  1.2741e-01
7.250  22.250  1.2741e-01
7.250  22.500  1.2741e-01
7.250  22.750  1.2741e-01
7.250  23.000  1.2741e-01
7.250  23.250  1.2741e-01
7.250  23.500  1.2741e-01
7.250  23.750  1.2741e-01
7.250  24.000  1.2741e-01
7.500  17.000  1.5181e-01
7.500  17.250  1.6476e-01
7.500  17.500  1.8072e-01
7.500  17.750  1.9601e-01
7.500  18.000  2.0861e-01
7.500  18.250  1.9861e-01
7.500  18.500  1.8339e-01
7.500  18.750  1.5651e-01
7.500  19.000  1.4052e-01
7.500  19.250  1.3258e-01
7.500  19.500  1.2982e-01
7.500  19.750  1.2843e-01
7.500  20.000  1.2781e-01
7.500  20.250  1.2758e-01
7.500  20.500  1.2749e-01
7.500  20.750  1.2745e-01
7.500  21.000  1.2743e-01
7.500  21.250  1.2742e-01
7.500  21.500  1.2741e-01
7.500  21.750  1.2741e-01
7.500  22.000  1.2741e-01
7.500  22.250  1.2741e-01
7.500  22.500  1.2741e-01
7.500  22.750  1.2741e-01
7.500  23.000  1.2741e-01
7.500  23.250  1.2741e-01
7.500  23.500  1.2741e-01
7.500  23.750  1.2741e-01
7.500  24.000  1.2742e-01
7.750  17.000  1.4750e-01
7.750  17.250  1.5833e-01
7.750  17.500  1.7548e-01
7.750  17.750  1.9686e-01
7.750  18.000  2.1443e-01
7.750  18.250  2.2438e-01
7.750  18.500  2.0418e-01
7.750  18.750  1.8318e-01
7.750  19.000  1.5647e-01
7.750  19.250  1.4050e-01
7.750  19.500  1.3258e-01
7.750  19.750  1.2981e-01
7.750  20.000  1.2843e-01
7.750  20.250  1.2781e-01
7.750  20.500  1.2758e-01
7.750  20.750  1.2749e-01
7.750  21.000  1.2745e-01
7.750  21.250  1.2743e-01
7.750  21.500  1.2742e-01
7.750  21.750  1.2741e-01
7.750  22.000  1.2741e-01
7.750  22.250  1.2741e-01
7.750  22.500  1.2741e-01
7.750  22.750  1.2741e-01
7.750  23.000  1.2741e-01
7.750  23.250  1.2741e-01
7.750  23.500  1.2741e-01
7.750  23.750  1.2741e-01
7.750  24.000  1.2741e-01
8.000  17.000  1.4571e-01
8.000  17.250  1.5265e-01
8.000  17.500  1.6818e-01
8.000  17.750  1.9373e-01
8.000  18.000  2.2397e-01
8.000  18.250  2.4330e-01
8.000  18.500  2.4138e-01
8.000  18.750  2.0934e-01
8.000  19.000  1.8292e-01
8.000  19.250  1.5640e-01
8.000  19.500  1.4047e-01
8.000  19.750  1.3258e-01
8.000  20.000  1.2981e-01
8.000  20.250  1.2843e-01
8.000  20.500  1.2781e-01
8.000  20.750  1.2758e-01
8.000  21.000  1.2749e-01
8.000  21.250  1.2745e-01
8.000  21.500  1.2743e-01
8.000  21.750  1.2742e-01
8.000  22.000  1.2741e-01
8.000  22.250  1.2741e-01
8.000  22.500  1.2741e-01
8.000  22.750  1.2741e-01
8.000  23.000  1.2741e-01
8.000  23.250  1.2741e-01
8.000  23.500  1.2741e-01
8.000  23.750  1.2741e-01
8.000  24.000  1.2741e-01
8.250  17.000  1.4845e-01
8.250  17.250  1.5182e-01
8.250  17.500  1.6343e-01
8.250  17.750  1.8860e-01
8.250  18.000  2.3000e-01
8.250  18.250  2.7119e-01
8.250  18.500  2.8219e-01
8.250  18.750  2.6263e-01
8.250  19.000  2.1518e-01
8.250  19.250  1.8265e-01
8.250  19.500  1.5636e-01
8.250  19.750  1.4044e-01
8.250  20.000  1.3259e-01
8.250  20.250  1.2982e-01
8.250  20.500  1.2843e-01
8.250  20.750  1.2781e-01
8.250  21.000  1.2758e-01
8.250  21.250  1.2749e-01
8.250  21.500  1.2745e-01
8.250  21.750  1.2743e-01
8.250  22.000  1.2742e-01
8.250  22.250  1.2741e-01
8.250  22.500  1.2741e-01
8.250  22.750  1.2741e-01
8.250  23.000  1.2741e-01
8.250  23.250  1.2741e-01
8.250  23.500  1.2741e-01
8.250  23.750  1.2741e-01
8.250  24.000  1.2741e-01
8.500  17.000  1.5348e-01
8.500  17.250  1.5474e-01
8.500  17.500  1.6271e-01
8.500  17.750  1.8443e-01
8.500  18.000  2.2997e-01
8.500  18.250  2.9433e-01
8.500  18.500  3.3268e-01
8.500  18.750  3.2345e-01
8.500  19.000  2.7927e-01
8.500  19.250  2.1924e-01
8.500  19.500  1.8232e-01
8.500  19.750  1.5632e-01
8.500  20.000  1.4041e-01
8.500  20.250  1.3258e-01
8.500  20.500  1.2982e-01
8.500  20.750  1.2843e-01
8.500  21.000  1.2781e-01
8.500  21.250  1.2758e-01
8.500  21.500  1.2749e-01
8.500  21.750  1.2745e-01
8.500  22.000  1.2743e-01
8.500  22.250  1.2742e-01
8.500  22.500  1.2741e-01
8.500  22.750  1.2741e-01
8.500  23.000  1.2741e-01
8.500  23.250  1.2741e-01
8.500  23.500  1.2741e-01
8.500  23.750  1.2741e-01
8.500  24.000  1.2741e-01
8.750  17.000  1.5962e-01
8.750  17.250  1.6019e-01
8.750  17.500  1.6615e-01
8.750  17.750  1.8437e-01
8.750  18.000  2.2808e-01
8.750  18.250  3.0593e-01
8.750  18.500  3.7847e-01
8.750  18.750  3.9694e-01
8.750  19.000  3.6333e-01
8.750  19.250  2.8633e-01
8.750  19.500  2.2324e-01
8.750  19.750  1.8175e-01
8.750  20.000  1.5627e-01
8.750  20.250  1.4037e-01
8.750  20.500  1.3258e-01
8.750  20.750  1.2982e-01
8.750  21.000  1.2843e-01
8.750  21.250  1.2781e-01
8.750  21.500  1.2758e-01
8.750  21.750  1.2749e-01
8.750  22.000  1.2745e-01
8.750  22.250  1.2743e-01
8.750  22.500  1.2742e-01
8.750  22.750  1.2741e-01
8.750  23.000  1.2741e-01
8.750  23.250  1.2741e-01
8.750  23.500  1.2741e-01
8.750  23.750  1.2741e-01
8.750  24.000  1.2741e-01
9.000  17.000  1.6643e-01
9.000  17.250  1.6692e-01
9.000  17.500  1.7258e-01
9.000  17.750  1.8965e-01
9.000  18.000  2.3195e-01
9.000  18.250  3.1262e-01
9.000  18.500  4.0846e-01
9.000  18.750  4.6480e-01
9.000  19.000  4.5831e-01
9.000  19.250  3.9915e-01
9.000  19.500  2.9493e-01
9.000  19.750  2.2499e-01
9.000  20.000  1.8104e-01
9.000  20.250  1.5621e-01
9.000  20.500  1.4032e-01
9.000  20.750  1.3258e-01
9.000  21.000  1.2981e-01
9.000  21.250  1.2843e-01
9.000  21.500  1.2781e-01
9.000  21.750  1.2758e-01
9.000  22.000  1.2749e-01
9.000  22.250  1.2745e-01
9.000  22.500  1.2743e-01
9.000  22.750  1.2742e-01
9.000  23.000  1.2741e-01
9.000  23.250  1.2741e-01
9.000  23.500  1.2741e-01
9.000  23.750  1.2741e-01
9.000  24.000  1.2741e-01
9.250  17.000  1.7383e-01
9.250  17.250  1.7455e-01
9.250  17.500  1.8092e-01
9.250  17.750  1.9918e-01
9.250  18.000  2.4482e-01
9.250  18.250  3.2790e-01
9.250  18.500  4.2775e-01
9.250  18.750  5.0899e-01
9.250  19.000  5.4066e-01
9.250  19.250  5.0604e-01
9.250  19.500  4.1258e-01
9.250  19.750  2.9910e-01
9.250  20.000  2.2618e-01
9.250  20.250  1.8031e-01
9.250  20.500  1.5612e-01
9.250  20.750  1.4027e-01
9.250  21.000  1.3257e-01
9.250  21.250  1.2982e-01
9.250  21.500  1.2843e-01
9.250  21.750  1.2779e-01
9.250  22.000  1.2747e-01
9.250  22.250  1.2747e-01
9.250  22.500  1.2745e-01
9.250  22.750  1.2743e-01
9.250  23.000  1.2742e-01
9.250  23.250  1.2741e-01
9.250  23.500  1.2741e-01
9.250  23.750  1.2741e-01
9.250  24.000  1.2741e-01
9.500  17.000  1.8248e-01
9.500  17.250  1.8340e-01
9.500  17.500  1.9099e-01
9.500  17.750  2.1227e-01
9.500  18.000  2.6501e-01
9.500  18.250  3.5503e-01
9.500  18.500  4.5768e-01
9.500  18.750  5.4044e-01
9.500  19.000  5.9240e-01
9.500  19.250  6.0102e-01
9.500  19.500  5.4612e-01
9.500  19.750  4.2154e-01
9.500  20.000  3.0294e-01
9.500  20.250  2.2384e-01
9.500  20.500  1.7916e-01
9.500  20.750  1.5602e-01
9.500  21.000  1.4022e-01
9.500  21.250  1.3255e-01
9.500  21.500  1.2976e-01
9.500  21.750  1.2828e-01
9.500  22.000  1.2753e-01
9.500  22.250  1.2722e-01
9.500  22.500  1.2707e-01
9.500  22.750  1.2699e-01
9.500  23.000  1.2694e-01
9.500  23.250  1.2692e-01
9.500  23.500  1.2712e-01
9.500  23.750  1.2712e-01
9.500  24.000  1.2711e-01
9.750  17.000  1.9264e-01
9.750  17.250  1.9365e-01
9.750  17.500  2.0245e-01
9.750  17.750  2.2859e-01
9.750  18.000  2.9079e-01
9.750  18.250  3.9129e-01
9.750  18.500  4.9809e-01
9.750  18.750  5.7757e-01
9.750  19.000  6.3042e-01
9.750  19.250  6.5983e-01
9.750  19.500  6.5200e-01
9.750  19.750  5.9514e-01
9.750  20.000  4.3223e-01
9.750  20.250  3.0132e-01
9.750  20.500  2.2101e-01
9.750  20.750  1.7787e-01
9.750  21.000  1.5592e-01
9.750  21.250  1.4015e-01
9.750  21.500  1.3256e-01
9.750  21.750  1.2979e-01
9.750  22.000  1.2828e-01
9.750  22.250  1.2754e-01
9.750  22.500  1.2725e-01
9.750  22.750  1.2713e-01
9.750  23.000  1.2706e-01
9.750  23.250  1.2702e-01
9.750  23.500  1.2700e-01
9.750  23.750  1.2698e-01
9.750  24.000  1.2697e-01
10.000  17.000  2.0488e-01
10.000  17.250  2.0589e-01
10.000  17.500  2.1652e-01
10.000  17.750  2.4848e-01
10.000  18.000  3.2072e-01
10.000  18.250  4.3137e-01
10.000  18.500  5.4264e-01
10.000  18.750  6.1941e-01
10.000  19.000  6.6918e-01
10.000  19.250  7.0763e-01
10.000  19.500  7.3875e-01
10.000  19.750  7.4762e-01
10.000  20.000  6.3546e-01
10.000  20.250  4.5117e-01
10.000  20.500  3.0087e-01
10.000  20.750  2.1793e-01
10.000  21.000  1.7653e-01
10.000  21.250  1.5564e-01
10.000  21.500  1.4008e-01
10.000  21.750  1.3256e-01
10.000  22.000  1.2980e-01
10.000  22.250  1.2833e-01
10.000  22.500  1.2755e-01
10.000  22.750  1.2727e-01
10.000  23.000  1.2716e-01
10.000  23.250  1.2710e-01
10.000  23.500  1.2707e-01
10.000  23.750  1.2705e-01
10.000  24.000  1.2704e-01
10.250  17.000  2.2076e-01
10.250  17.250  2.2093e-01
10.250  17.500  2.3415e-01
10.250  17.750  2.7371e-01
10.250  18.000  3.5724e-01
10.250  18.250  4.7352e-01
10.250  18.500  5.8548e-01
10.250  18.750  6.6106e-01
10.250  19.000  7.1091e-01
10.250  19.250  7.5038e-01
10.250  19.500  7.8414e-01
10.250  19.750  8.0515e-01
10.250  20.000  7.8496e-01
10.250  20.250  6.4159e-01
10.250  20.500  4.5295e-01
10.250  20.750  2.9485e-01
10.250  21.000  2.1501e-01
10.250  21.250  1.7560e-01
10.250  21.500  1.5537e-01
10.250  21.750  1.3999e-01
10.250  22.000  1.3255e-01
10.250  22.250  1.2980e-01
10.250  22.500  1.2840e-01
10.250  22.750  1.2757e-01
10.250  23.000  1.2728e-01
10.250  23.250  1.2718e-01
10.250  23.500  1.2713e-01
10.250  23.750  1.2710e-01
10.250  24.000  1.2709e-01
10.500  17.000  2.4293e-01
10.500  17.250  2.4153e-01
10.500  17.500  2.5735e-01
10.500  17.750  3.0547e-01
10.500  18.000  3.9753e-01
10.500  18.250  5.1727e-01
10.500  18.500  6.2434e-01
10.500  18.750  6.9643e-01
10.500  19.000  7.4398e-01
10.500  19.250  7.8016e-01
10.500  19.500  8.1035e-01
10.500  19.750  8.3708e-01
10.500  20.000  8.4533e-01
10.500  20.250  8.0765e-01
10.500  20.500  6.5058e-01
10.500  20.750  4.5538e-01
10.500  21.000  2.8866e-01
10.500  21.250  2.1248e-01
10.500  21.500  1.7525e-01
10.500  21.750  1.5480e-01
10.500  22.000  1.3983e-01
10.500  22.250  1.3253e-01
10.500  22.500  1.2980e-01
10.500  22.750  1.2842e-01
10.500  23.000  1.2770e-01
10.500  23.250  1.2730e-01
10.500  23.500  1.2719e-01
10.500  23.750  1.2715e-01
10.500  24.000  1.2712e-01
10.750  17.000  2.7285e-01
10.750  17.250  2.6921e-01
10.750  17.500  2.8877e-01
10.750  17.750  3.4440e-01
10.750  18.000  4.4299e-01
10.750  18.250  5.6276e-01
10.750  18.500  6.6284e-01
10.750  18.750  7.2959e-01
10.750  19.000  7.7816e-01
10.750  19.250  8.1486e-01
10.750  19.500  8.4067e-01
10.750  19.750  8.6429e-01
10.750  20.000  8.8275e-01
10.750  20.250  8.8188e-01
10.750  20.500  8.3351e-01
10.750  20.750  6.6453e-01
10.750  21.000  4.5152e-01
10.750  21.250  2.8438e-01
10.750  21.500  2.1084e-01
10.750  21.750  1.7560e-01
10.750  22.000  1.5406e-01
10.750  22.250  1.3967e-01
10.750  22.500  1.3250e-01
10.750  22.750  1.2979e-01
10.750  23.000  1.2842e-01
10.750  23.250  1.2777e-01
10.750  23.500  1.2740e-01
10.750  23.750  1.2721e-01
10.750  24.000  1.2715e-01
11.000  17.000  3.1134e-01
11.000  17.250  3.0521e-01
11.000  17.500  3.2784e-01
11.000  17.750  3.8957e-01
11.000  18.000  4.8920e-01
11.000  18.250  6.0420e-01
11.000  18.500  6.9478e-01
11.000  18.750  7.5752e-01
11.000  19.000  8.0591e-01
11.000  19.250  8.4519e-01
11.000  19.500  8.7389e-01
11.000  19.750  8.9410e-01
11.000  20.000  9.1228e-01
11.000  20.250  9.2694e-01
11.000  20.500  9.2034e-01
11.000  20.750  8.6140e-01
11.000  21.000  6.7913e-01
11.000  21.250  4.4677e-01
11.000  21.500  2.8038e-01
11.000  21.750  2.0984e-01
11.000  22.000  1.7647e-01
11.000  22.250  1.5302e-01
11.000  22.500  1.3947e-01
11.000  22.750  1.3246e-01
11.000  23.000  1.2978e-01
11.000  23.250  1.2842e-01
11.000  23.500  1.2779e-01
11.000  23.750  1.2752e-01
11.000  24.000  1.2732e-01
11.250  17.000  3.6186e-01
11.250  17.250  3.4957e-01
11.250  17.500  3.7375e-01
11.250  17.750  4.3862e-01
11.250  18.000  5.3878e-01
11.250  18.250  6.4439e-01
11.250  18.500  7.1917e-01
11.250  18.750  7.8862e-01
11.250  19.000  8.3495e-01
11.250  19.250  8.7323e-01
11.250  19.500  9.0330e-01
11.250  19.750  9.2500e-01
11.250  20.000  9.4244e-01
11.250  20.250  9.6000e-01
11.250  20.500  9.7204e-01
11.250  20.750  9.5719e-01
11.250  21.000  8.8656e-01
11.250  21.250  6.8859e-01
11.250  21.500  4.4329e-01
11.250  21.750  2.7880e-01
11.250  22.000  2.1007e-01
11.250  22.250  1.7671e-01
11.250  22.500  1.5212e-01
11.250  22.750  1.3923e-01
11.250  23.000  1.3240e-01
11.250  23.250  1.2975e-01
11.250  23.500  1.2841e-01
11.250  23.750  1.2780e-01
11.250  24.000  1.2756e-01
11.500  17.000  4.2672e-01
11.500  17.250  4.0716e-01
11.500  17.500  4.2603e-01
11.500  17.750  4.8977e-01
11.500  18.000  5.8818e-01
11.500  18.250  6.8258e-01
11.500  18.500  7.5058e-01
11.500  18.750  8.1072e-01
11.500  19.000  8.6087e-01
11.500  19.250  9.0027e-01
11.500  19.500  9.3243e-01
11.500  19.750  9.5592e-01
11.500  20.000  9.7409e-01
11.500  20.250  9.8989e-01
11.500  20.500  1.0063e+00
11.500  20.750  1.0135e+00
11.500  21.000  9.8602e-01
11.500  21.250  9.0063e-01
11.500  21.500  6.8914e-01
11.500  21.750  4.3428e-01
11.500  22.000  2.7609e-01
11.500  22.250  2.1017e-01
11.500  22.500  1.7557e-01
11.500  22.750  1.5125e-01
11.500  23.000  1.3895e-01
11.500  23.250  1.3232e-01
11.500  23.500  1.2972e-01
11.500  23.750  1.2840e-01
11.500  24.000  1.2780e-01
11.750  17.000  4.7592e-01
11.750  17.250  4.8025e-01
11.750  17.500  4.9046e-01
11.750  17.750  5.4486e-01
11.750  18.000  6.3552e-01
11.750  18.250  7.1814e-01
11.750  18.500  7.7951e-01
11.750  18.750  8.3729e-01
11.750  19.000  8.8550e-01
11.750  19.250  9.2727e-01
11.750  19.500  9.5899e-01
11.750  19.750  9.8336e-01
11.750  20.000  1.0029e+00
11.750  20.250  1.0182e+00
11.750  20.500  1.0346e+00
11.750  20.750  1.0484e+00
11.750  21.000  1.0461e+00
11.750  21.250  1.0002e+00
11.750  21.500  8.8922e-01
11.750  21.750  6.7103e-01
11.750  22.000  4.2131e-01
11.750  22.250  2.7407e-01
11.750  22.500  2.1110e-01
11.750  22.750  1.7351e-01
11.750  23.000  1.5017e-01
11.750  23.250  1.3859e-01
11.750  23.500  1.3222e-01
11.750  23.750  1.2967e-01
11.750  24.000  1.2839e-01
12.000  17.000  4.1630e-01
12.000  17.250  5.5117e-01
12.000  17.500  5.6850e-01
12.000  17.750  6.0767e-01
12.000  18.000  6.8115e-01
12.000  18.250  7.5278e-01
12.000  18.500  8.1464e-01
12.000  18.750  8.6893e-01
12.000  19.000  9.1668e-01
12.000  19.250  9.5133e-01
12.000  19.500  9.8132e-01
12.000  19.750  1.0064e+00
12.000  20.000  1.0254e+00
12.000  20.250  1.0425e+00
12.000  20.500  1.0571e+00
12.000  20.750  1.0733e+00
12.000  21.000  1.0822e+00
12.000  21.250  1.0631e+00
12.000  21.500  9.8200e-01
12.000  21.750  8.6987e-01
12.000  22.000  6.5264e-01
12.000  22.250  4.0772e-01
12.000  22.500  2.7183e-01
12.000  22.750  2.1077e-01
12.000  23.000  1.7086e-01
12.000  23.250  1.4894e-01
12.000  23.500  1.3813e-01
12.000  23.750  1.3209e-01
12.000  24.000  1.2960e-01
12.250  17.000  3.5792e-01
12.250  17.250  4.9283e-01
12.250  17.500  6.4658e-01
12.250  17.750  6.8110e-01
12.250  18.000  7.3301e-01
12.250  18.250  7.9412e-01
12.250  18.500  8.5290e-01
12.250  18.750  9.0333e-01
12.250  19.000  9.4440e-01
12.250  19.250  9.7592e-01
12.250  19.500  1.0032e+00
12.250  19.750  1.0255e+00
12.250  20.000  1.0435e+00
12.250  20.250  1.0593e+00
12.250  20.500  1.0749e+00
12.250  20.750  1.0891e+00
12.250  21.000  1.1054e+00
12.250  21.250  1.1034e+00
12.250  21.500  1.0435e+00
12.250  21.750  9.5439e-01
12.250  22.000  8.2737e-01
12.250  22.250  6.1326e-01
12.250  22.500  3.9389e-01
12.250  22.750  2.7017e-01
12.250  23.000  2.0791e-01
12.250  23.250  1.6791e-01
12.250  23.500  1.4741e-01
12.250  23.750  1.3751e-01
12.250  24.000  1.3191e-01
12.500  17.000  3.1965e-01
12.500  17.250  4.0965e-01
12.500  17.500  5.6911e-01
12.500  17.750  7.3931e-01
12.500  18.000  7.8839e-01
12.500  18.250  8.3897e-01
12.500  18.500  8.9407e-01
12.500  18.750  9.3848e-01
12.500  19.000  9.7528e-01
12.500  19.250  1.0018e+00
12.500  19.500  1.0218e+00
12.500  19.750  1.0393e+00
12.500  20.000  1.0559e+00
12.500  20.250  1.0710e+00
12.500  20.500  1.0853e+00
12.500  20.750  1.1015e+00
12.500  21.000  1.1188e+00
12.500  21.250  1.1288e+00
12.500  21.500  1.0871e+00
12.500  21.750  1.0150e+00
12.500  22.000  8.9604e-01
12.500  22.250  7.6080e-01
12.500  22.500  5.7113e-01
12.500  22.750  3.7975e-01
12.500  23.000  2.6542e-01
12.500  23.250  2.0187e-01
12.500  23.500  1.6383e-01
12.500  23.750  1.4533e-01
12.500  24.000  1.3663e-01
12.750  17.000  2.7858e-01
12.750  17.250  3.4856e-01
12.750  17.500  4.5944e-01
12.750  17.750  6.0906e-01
12.750  18.000  7.6805e-01
12.750  18.250  8.7988e-01
12.750  18.500  9.3207e-01
12.750  18.750  9.7232e-01
12.750  19.000  1.0023e+00
12.750  19.250  1.0249e+00
12.750  19.500  1.0389e+00
12.750  19.750  1.0522e+00
12.750  20.000  1.0648e+00
12.750  20.250  1.0778e+00
12.750  20.500  1.0899e+00
12.750  20.750  1.1068e+00
12.750  21.000  1.1272e+00
12.750  21.250  1.1429e+00
12.750  21.500  1.1170e+00
12.750  21.750  1.0627e+00
12.750  22.000  9.4576e-01
12.750  22.250  7.9851e-01
12.750  22.500  6.7946e-01
12.750  22.750  5.2166e-01
12.750  23.000  3.5662e-01
12.750  23.250  2.5331e-01
12.750  23.500  1.9325e-01
12.750  23.750  1.5887e-01
12.750  24.000  1.4241e-01
13.000  17.000  1.7429e-01
13.000  17.250  2.2730e-01
13.000  17.500  3.3856e-01
13.000  17.750  4.7229e-01
13.000  18.000  6.2964e-01
13.000  18.250  7.9070e-01
13.000  18.500  9.0786e-01
13.000  18.750  9.7791e-01
13.000  19.000  1.0223e+00
13.000  19.250  1.0440e+00
13.000  19.500  1.0564e+00
13.000  19.750  1.0631e+00
13.000  20.000  1.0704e+00
13.000  20.250  1.0788e+00
13.000  20.500  1.0924e+00
13.000  20.750  1.1094e+00
13.000  21.000  1.1290e+00
13.000  21.250  1.1503e+00
13.000  21.500  1.1351e+00
13.000  21.750  1.0967e+00
13.000  22.000  9.8478e-01
13.000  22.250  8.2221e-01
13.000  22.500  6.7164e-01
13.000  22.750  5.8303e-01
13.000  23.000  4.5821e-01
13.000  23.250  3.2273e-01
13.000  23.500  2.3466e-01
13.000  23.750  1.8216e-01
13.000  24.000  1.5228e-01
13.250  17.000  1.7123e-01
13.250  17.250  2.0468e-01
13.250  17.500  2.7186e-01
13.250  17.750  3.7643e-01
13.250  18.000  5.2776e-01
13.250  18.250  6.9567e-01
13.250  18.500  8.6641e-01
13.250  18.750  9.7974e-01
13.250  19.000  1.0429e+00
13.250  19.250  1.0676e+00
13.250  19.500  1.0615e+00
13.250  19.750  1.0741e+00
13.250  20.000  1.0759e+00
13.250  20.250  1.0796e+00
13.250  20.500  1.0884e+00
13.250  20.750  1.1047e+00
13.250  21.000  1.1262e+00
13.250  21.250  1.1489e+00
13.250  21.500  1.1421e+00
13.250  21.750  1.1165e+00
13.250  22.000  1.0136e+00
13.250  22.250  8.3777e-01
13.250  22.500  6.5210e-01
13.250  22.750  5.0722e-01
13.250  23.000  4.6412e-01
13.250  23.250  3.8646e-01
13.250  23.500  2.8127e-01
13.250  23.750  2.1216e-01
13.250  24.000  1.6839e-01
13.500  17.000  1.6824e-01
13.500  17.250  1.9750e-01
13.500  17.500  2.5791e-01
13.500  17.750  3.4205e-01
13.500  18.000  4.7489e-01
13.500  18.250  6.1835e-01
13.500  18.500  7.6897e-01
13.500  18.750  9.2301e-01
13.500  19.000  1.0449e+00
13.500  19.250  1.0905e+00
13.500  19.500  1.0904e+00
13.500  19.750  1.0864e+00
13.500  20.000  1.0832e+00
13.500  20.250  1.0837e+00
13.500  20.500  1.0874e+00
13.500  20.750  1.0976e+00
13.500  21.000  1.1152e+00
13.500  21.250  1.1419e+00
13.500  21.500  1.1379e+00
13.500  21.750  1.1191e+00
13.500  22.000  1.0215e+00
13.500  22.250  8.4509e-01
13.500  22.500  6.3937e-01
13.500  22.750  4.7365e-01
13.500  23.000  3.6319e-01
13.500  23.250  3.4264e-01
13.500  23.500  3.0177e-01
13.500  23.750  2.3903e-01
13.500  24.000  1.8640e-01
13.750  17.000  1.6642e-01
13.750  17.250  1.9658e-01
13.750  17.500  2.5110e-01
13.750  17.750  3.1823e-01
13.750  18.000  4.3056e-01
13.750  18.250  5.6556e-01
13.750  18.500  6.9951e-01
13.750  18.750  8.4051e-01
13.750  19.000  9.7951e-01
13.750  19.250  1.1076e+00
13.750  19.500  1.1220e+00
13.750  19.750  1.1091e+00
13.750  20.000  1.0990e+00
13.750  20.250  1.0928e+00
13.750  20.500  1.0923e+00
13.750  20.750  1.0969e+00
13.750  21.000  1.1090e+00
13.750  21.250  1.1287e+00
13.750  21.500  1.1281e+00
13.750  21.750  1.1178e+00
13.750  22.000  1.0226e+00
13.750  22.250  8.4491e-01
13.750  22.500  6.3235e-01
13.750  22.750  4.5649e-01
13.750  23.000  3.3572e-01
13.750  23.250  2.5930e-01
13.750  23.500  2.4923e-01
13.750  23.750  2.1921e-01
13.750  24.000  1.8482e-01
14.000  17.000  1.6564e-01
14.000  17.250  1.9305e-01
14.000  17.500  2.4535e-01
14.000  17.750  3.0971e-01
14.000  18.000  4.0006e-01
14.000  18.250  5.1914e-01
14.000  18.500  6.4429e-01
14.000  18.750  7.7164e-01
14.000  19.000  9.0086e-01
14.000  19.250  1.0796e+00
14.000  19.500  1.1365e+00
14.000  19.750  1.1492e+00
14.000  20.000  1.1291e+00
14.000  20.250  1.1118e+00
14.000  20.500  1.1049e+00
14.000  20.750  1.1049e+00
14.000  21.000  1.1124e+00
14.000  21.250  1.1287e+00
14.000  21.500  1.1269e+00
14.000  21.750  1.1164e+00
14.000  22.000  1.0250e+00
14.000  22.250  8.4549e-01
14.000  22.500  6.2642e-01
14.000  22.750  4.4782e-01
14.000  23.000  3.2650e-01
14.000  23.250  2.4100e-01
14.000  23.500  1.8463e-01
14.000  23.750  1.8035e-01
14.000  24.000  1.5387e-01
