Si 2 2334.00A  relative to Inci 1215.00A scaled to 1215A.
Hden   Phi(H)  Eq_Width (A)
7.000  17.000  6.4626e-04
7.000  17.250  6.0329e-04
7.000  17.500  5.0683e-04
7.000  17.750  2.9778e-04
7.000  18.000  1.0000e-07
7.000  18.250  1.0000e-07
7.000  18.500  1.0000e-07
7.000  18.750  1.0000e-07
7.000  19.000  1.0000e-07
7.000  19.250  1.0000e-07
7.000  19.500  1.0000e-07
7.000  19.750  1.0000e-07
7.000  20.000  1.0000e-07
7.000  20.250  1.0000e-07
7.000  20.500  1.0000e-07
7.000  20.750  1.0000e-07
7.000  21.000  1.0000e-07
7.000  21.250  1.0000e-07
7.000  21.500  1.0000e-07
7.000  21.750  1.0000e-07
7.000  22.000  1.0000e-07
7.000  22.250  1.0000e-07
7.000  22.500  1.0000e-07
7.000  22.750  1.0000e-07
7.000  23.000  1.0000e-07
7.000  23.250  1.0000e-07
7.000  23.500  1.0000e-07
7.000  23.750  1.0000e-07
7.000  24.000  1.0000e-07
7.250  17.000  7.5399e-04
7.250  17.250  7.6461e-04
7.250  17.500  7.2560e-04
7.250  17.750  6.1292e-04
7.250  18.000  3.4741e-04
7.250  18.250  1.0000e-07
7.250  18.500  1.0000e-07
7.250  18.750  1.0000e-07
7.250  19.000  1.0000e-07
7.250  19.250  1.0000e-07
7.250  19.500  1.0000e-07
7.250  19.750  1.0000e-07
7.250  20.000  1.0000e-07
7.250  20.250  1.0000e-07
7.250  20.500  1.0000e-07
7.250  20.750  1.0000e-07
7.250  21.000  1.0000e-07
7.250  21.250  1.0000e-07
7.250  21.500  1.0000e-07
7.250  21.750  1.0000e-07
7.250  22.000  1.0000e-07
7.250  22.250  1.0000e-07
7.250  22.500  1.0000e-07
7.250  22.750  1.0000e-07
7.250  23.000  1.0000e-07
7.250  23.250  1.0000e-07
7.250  23.500  1.0000e-07
7.250  23.750  1.0000e-07
7.250  24.000  1.0000e-07
7.500  17.000  8.4617e-04
7.500  17.250  8.9737e-04
7.500  17.500  9.3967e-04
7.500  17.750  9.1193e-04
7.500  18.000  7.7654e-04
7.500  18.250  4.1086e-04
7.500  18.500  1.0000e-07
7.500  18.750  1.0000e-07
7.500  19.000  1.0000e-07
7.500  19.250  1.0000e-07
7.500  19.500  1.0000e-07
7.500  19.750  1.0000e-07
7.500  20.000  1.0000e-07
7.500  20.250  1.0000e-07
7.500  20.500  1.0000e-07
7.500  20.750  1.0000e-07
7.500  21.000  1.0000e-07
7.500  21.250  1.0000e-07
7.500  21.500  1.0000e-07
7.500  21.750  1.0000e-07
7.500  22.000  1.0000e-07
7.500  22.250  1.0000e-07
7.500  22.500  1.0000e-07
7.500  22.750  1.0000e-07
7.500  23.000  1.0000e-07
7.500  23.250  1.0000e-07
7.500  23.500  1.0000e-07
7.500  23.750  1.0000e-07
7.500  24.000  1.0000e-07
7.750  17.000  9.5053e-04
7.750  17.250  1.0091e-03
7.750  17.500  1.1108e-03
7.750  17.750  1.2165e-03
7.750  18.000  1.2105e-03
7.750  18.250  1.0292e-03
7.750  18.500  5.0239e-04
7.750  18.750  1.0000e-07
7.750  19.000  1.0000e-07
7.750  19.250  1.0000e-07
7.750  19.500  1.0000e-07
7.750  19.750  1.0000e-07
7.750  20.000  1.0000e-07
7.750  20.250  1.0000e-07
7.750  20.500  1.0000e-07
7.750  20.750  1.0000e-07
7.750  21.000  1.0000e-07
7.750  21.250  1.0000e-07
7.750  21.500  1.0000e-07
7.750  21.750  1.0000e-07
7.750  22.000  1.0000e-07
7.750  22.250  1.0000e-07
7.750  22.500  1.0000e-07
7.750  22.750  1.0000e-07
7.750  23.000  1.0000e-07
7.750  23.250  1.0000e-07
7.750  23.500  1.0000e-07
7.750  23.750  1.0000e-07
7.750  24.000  1.0000e-07
8.000  17.000  1.0963e-03
8.000  17.250  1.1341e-03
8.000  17.500  1.2528e-03
8.000  17.750  1.4601e-03
8.000  18.000  1.6820e-03
8.000  18.250  1.7025e-03
8.000  18.500  1.3434e-03
8.000  18.750  6.1638e-04
8.000  19.000  1.0000e-07
8.000  19.250  1.0000e-07
8.000  19.500  1.0000e-07
8.000  19.750  1.0000e-07
8.000  20.000  1.0000e-07
8.000  20.250  1.0000e-07
8.000  20.500  1.0000e-07
8.000  20.750  1.0000e-07
8.000  21.000  1.0000e-07
8.000  21.250  1.0000e-07
8.000  21.500  1.0000e-07
8.000  21.750  1.0000e-07
8.000  22.000  1.0000e-07
8.000  22.250  1.0000e-07
8.000  22.500  1.0000e-07
8.000  22.750  1.0000e-07
8.000  23.000  1.0000e-07
8.000  23.250  1.0000e-07
8.000  23.500  1.0000e-07
8.000  23.750  1.0000e-07
8.000  24.000  1.0000e-07
8.250  17.000  1.2881e-03
8.250  17.250  1.3033e-03
8.250  17.500  1.4045e-03
8.250  17.750  1.6451e-03
8.250  18.000  2.0516e-03
8.250  18.250  2.4273e-03
8.250  18.500  2.3797e-03
8.250  18.750  1.7475e-03
8.250  19.000  7.1342e-04
8.250  19.250  1.0000e-07
8.250  19.500  1.0000e-07
8.250  19.750  1.0000e-07
8.250  20.000  1.0000e-07
8.250  20.250  1.0000e-07
8.250  20.500  1.0000e-07
8.250  20.750  1.0000e-07
8.250  21.000  1.0000e-07
8.250  21.250  1.0000e-07
8.250  21.500  1.0000e-07
8.250  21.750  1.0000e-07
8.250  22.000  1.0000e-07
8.250  22.250  1.0000e-07
8.250  22.500  1.0000e-07
8.250  22.750  1.0000e-07
8.250  23.000  1.0000e-07
8.250  23.250  1.0000e-07
8.250  23.500  1.0000e-07
8.250  23.750  1.0000e-07
8.250  24.000  1.0000e-07
8.500  17.000  1.5214e-03
8.500  17.250  1.5286e-03
8.500  17.500  1.6130e-03
8.500  17.750  1.8396e-03
8.500  18.000  2.3170e-03
8.500  18.250  2.9787e-03
8.500  18.500  3.3746e-03
8.500  18.750  3.0178e-03
8.500  19.000  2.0448e-03
8.500  19.250  6.8395e-04
8.500  19.500  1.0000e-07
8.500  19.750  1.0000e-07
8.500  20.000  1.0000e-07
8.500  20.250  1.0000e-07
8.500  20.500  1.0000e-07
8.500  20.750  1.0000e-07
8.500  21.000  1.0000e-07
8.500  21.250  1.0000e-07
8.500  21.500  1.0000e-07
8.500  21.750  1.0000e-07
8.500  22.000  1.0000e-07
8.500  22.250  1.0000e-07
8.500  22.500  1.0000e-07
8.500  22.750  1.0000e-07
8.500  23.000  1.0000e-07
8.500  23.250  1.0000e-07
8.500  23.500  1.0000e-07
8.500  23.750  1.0000e-07
8.500  24.000  1.0000e-07
8.750  17.000  1.7917e-03
8.750  17.250  1.8065e-03
8.750  17.500  1.8902e-03
8.750  17.750  2.1086e-03
8.750  18.000  2.5800e-03
8.750  18.250  3.3213e-03
8.750  18.500  4.0307e-03
8.750  18.750  4.2017e-03
8.750  19.000  3.5337e-03
8.750  19.250  1.9783e-03
8.750  19.500  5.3333e-04
8.750  19.750  1.0000e-07
8.750  20.000  1.0000e-07
8.750  20.250  1.0000e-07
8.750  20.500  1.0000e-07
8.750  20.750  1.0000e-07
8.750  21.000  1.0000e-07
8.750  21.250  1.0000e-07
8.750  21.500  1.0000e-07
8.750  21.750  1.0000e-07
8.750  22.000  1.0000e-07
8.750  22.250  1.0000e-07
8.750  22.500  1.0000e-07
8.750  22.750  1.0000e-07
8.750  23.000  1.0000e-07
8.750  23.250  1.0000e-07
8.750  23.500  1.0000e-07
8.750  23.750  1.0000e-07
8.750  24.000  1.0000e-07
9.000  17.000  2.1095e-03
9.000  17.250  2.1321e-03
9.000  17.500  2.2379e-03
9.000  17.750  2.4784e-03
9.000  18.000  2.9558e-03
9.000  18.250  3.6775e-03
9.000  18.500  4.3766e-03
9.000  18.750  4.7656e-03
9.000  19.000  4.6676e-03
9.000  19.250  3.7385e-03
9.000  19.500  1.7809e-03
9.000  19.750  3.8189e-04
9.000  20.000  1.0000e-07
9.000  20.250  1.0000e-07
9.000  20.500  1.0000e-07
9.000  20.750  1.0000e-07
9.000  21.000  1.0000e-07
9.000  21.250  1.0000e-07
9.000  21.500  1.0000e-07
9.000  21.750  1.0000e-07
9.000  22.000  1.0000e-07
9.000  22.250  1.0000e-07
9.000  22.500  1.0000e-07
9.000  22.750  1.0000e-07
9.000  23.000  1.0000e-07
9.000  23.250  1.0000e-07
9.000  23.500  1.0000e-07
9.000  23.750  1.0000e-07
9.000  24.000  1.0000e-07
9.250  17.000  2.5028e-03
9.250  17.250  2.5238e-03
9.250  17.500  2.6584e-03
9.250  17.750  2.9519e-03
9.250  18.000  3.4937e-03
9.250  18.250  4.2160e-03
9.250  18.500  4.7229e-03
9.250  18.750  4.9828e-03
9.250  19.000  4.8840e-03
9.250  19.250  4.4044e-03
9.250  19.500  3.1871e-03
9.250  19.750  1.3525e-03
9.250  20.000  1.5309e-05
9.250  20.250  1.0000e-07
9.250  20.500  1.0000e-07
9.250  20.750  1.0000e-07
9.250  21.000  1.0000e-07
9.250  21.250  1.0000e-07
9.250  21.500  1.0000e-07
9.250  21.750  1.0000e-07
9.250  22.000  1.0000e-07
9.250  22.250  1.0000e-07
9.250  22.500  1.0000e-07
9.250  22.750  1.0000e-07
9.250  23.000  1.0000e-07
9.250  23.250  1.0000e-07
9.250  23.500  1.0000e-07
9.250  23.750  1.0000e-07
9.250  24.000  1.0000e-07
9.500  17.000  3.0143e-03
9.500  17.250  3.0214e-03
9.500  17.500  3.1803e-03
9.500  17.750  3.5440e-03
9.500  18.000  4.2030e-03
9.500  18.250  4.9629e-03
9.500  18.500  5.3045e-03
9.500  18.750  5.0520e-03
9.500  19.000  4.5151e-03
9.500  19.250  3.9274e-03
9.500  19.500  3.2773e-03
9.500  19.750  2.2955e-03
9.500  20.000  8.6765e-04
9.500  20.250  1.0000e-07
9.500  20.500  1.0000e-07
9.500  20.750  1.0000e-07
9.500  21.000  1.0000e-07
9.500  21.250  1.0000e-07
9.500  21.500  1.0000e-07
9.500  21.750  1.0000e-07
9.500  22.000  1.0000e-07
9.500  22.250  1.0000e-07
9.500  22.500  1.0000e-07
9.500  22.750  1.0000e-07
9.500  23.000  1.0000e-07
9.500  23.250  1.0000e-07
9.500  23.500  1.0000e-07
9.500  23.750  1.0000e-07
9.500  24.000  1.0000e-07
9.750  17.000  3.6128e-03
9.750  17.250  3.6458e-03
9.750  17.500  3.8225e-03
9.750  17.750  4.2710e-03
9.750  18.000  5.0640e-03
9.750  18.250  5.8737e-03
9.750  18.500  5.8467e-03
9.750  18.750  5.1324e-03
9.750  19.000  3.9898e-03
9.750  19.250  3.0186e-03
9.750  19.500  2.1493e-03
9.750  19.750  1.7154e-03
9.750  20.000  1.3158e-03
9.750  20.250  4.0774e-04
9.750  20.500  1.0000e-07
9.750  20.750  1.0000e-07
9.750  21.000  1.0000e-07
9.750  21.250  1.0000e-07
9.750  21.500  1.0000e-07
9.750  21.750  1.0000e-07
9.750  22.000  1.0000e-07
9.750  22.250  1.0000e-07
9.750  22.500  1.0000e-07
9.750  22.750  1.0000e-07
9.750  23.000  1.0000e-07
9.750  23.250  1.0000e-07
9.750  23.500  1.0000e-07
9.750  23.750  1.0000e-07
9.750  24.000  1.0000e-07
10.000  17.000  4.1376e-03
10.000  17.250  4.3413e-03
10.000  17.500  4.6019e-03
10.000  17.750  5.1346e-03
10.000  18.000  6.0465e-03
10.000  18.250  6.7877e-03
10.000  18.500  6.3472e-03
10.000  18.750  5.0965e-03
10.000  19.000  3.5349e-03
10.000  19.250  2.1696e-03
10.000  19.500  1.0251e-03
10.000  19.750  5.3012e-04
10.000  20.000  2.4025e-04
10.000  20.250  2.4428e-04
10.000  20.500  3.5391e-05
10.000  20.750  1.0000e-07
10.000  21.000  1.0000e-07
10.000  21.250  1.0000e-07
10.000  21.500  1.0000e-07
10.000  21.750  1.0000e-07
10.000  22.000  1.0000e-07
10.000  22.250  1.0000e-07
10.000  22.500  1.0000e-07
10.000  22.750  1.0000e-07
10.000  23.000  1.0000e-07
10.000  23.250  1.0000e-07
10.000  23.500  1.0000e-07
10.000  23.750  1.0000e-07
10.000  24.000  1.0000e-07
10.250  17.000  4.3522e-03
10.250  17.250  4.9114e-03
10.250  17.500  5.4085e-03
10.250  17.750  6.0984e-03
10.250  18.000  7.0824e-03
10.250  18.250  7.5370e-03
10.250  18.500  6.6036e-03
10.250  18.750  4.8697e-03
10.250  19.000  3.0970e-03
10.250  19.250  1.7400e-03
10.250  19.500  9.6132e-04
10.250  19.750  5.0584e-04
10.250  20.000  2.0033e-04
10.250  20.250  1.1802e-04
10.250  20.500  1.1103e-04
10.250  20.750  1.0000e-07
10.250  21.000  1.0000e-07
10.250  21.250  1.0000e-07
10.250  21.500  1.0000e-07
10.250  21.750  1.0000e-07
10.250  22.000  1.0000e-07
10.250  22.250  1.0000e-07
10.250  22.500  1.0000e-07
10.250  22.750  1.0000e-07
10.250  23.000  1.0000e-07
10.250  23.250  1.0000e-07
10.250  23.500  1.0000e-07
10.250  23.750  1.0000e-07
10.250  24.000  1.0000e-07
10.500  17.000  4.2894e-03
10.500  17.250  5.1378e-03
10.500  17.500  6.0423e-03
10.500  17.750  6.9980e-03
10.500  18.000  7.9938e-03
10.500  18.250  8.1068e-03
10.500  18.500  6.5817e-03
10.500  18.750  4.5544e-03
10.500  19.000  2.9486e-03
10.500  19.250  1.7275e-03
10.500  19.500  9.5424e-04
10.500  19.750  5.0716e-04
10.500  20.000  2.7802e-04
10.500  20.250  1.2189e-04
10.500  20.500  6.6255e-05
10.500  20.750  5.2922e-05
10.500  21.000  1.0000e-07
10.500  21.250  1.0000e-07
10.500  21.500  1.0000e-07
10.500  21.750  1.0000e-07
10.500  22.000  1.0000e-07
10.500  22.250  1.0000e-07
10.500  22.500  1.0000e-07
10.500  22.750  1.0000e-07
10.500  23.000  1.0000e-07
10.500  23.250  1.0000e-07
10.500  23.500  1.0000e-07
10.500  23.750  1.0000e-07
10.500  24.000  1.0000e-07
10.750  17.000  4.1933e-03
10.750  17.250  5.1170e-03
10.750  17.500  6.3223e-03
10.750  17.750  7.6444e-03
10.750  18.000  8.7496e-03
10.750  18.250  8.4615e-03
10.750  18.500  6.5637e-03
10.750  18.750  4.4610e-03
10.750  19.000  2.7997e-03
10.750  19.250  1.6751e-03
10.750  19.500  9.6733e-04
10.750  19.750  5.4222e-04
10.750  20.000  3.1152e-04
10.750  20.250  1.8379e-04
10.750  20.500  6.9794e-05
10.750  20.750  3.9259e-05
10.750  21.000  7.4486e-05
10.750  21.250  1.0000e-07
10.750  21.500  1.0000e-07
10.750  21.750  1.0000e-07
10.750  22.000  1.0000e-07
10.750  22.250  1.0000e-07
10.750  22.500  1.0000e-07
10.750  22.750  1.0000e-07
10.750  23.000  1.0000e-07
10.750  23.250  1.0000e-07
10.750  23.500  1.0000e-07
10.750  23.750  1.0000e-07
10.750  24.000  1.0000e-07
11.000  17.000  4.1581e-03
11.000  17.250  5.1035e-03
11.000  17.500  6.3997e-03
11.000  17.750  8.0015e-03
11.000  18.000  9.1908e-03
11.000  18.250  8.5173e-03
11.000  18.500  6.3916e-03
11.000  18.750  4.2720e-03
11.000  19.000  2.6565e-03
11.000  19.250  1.6313e-03
11.000  19.500  1.0086e-03
11.000  19.750  5.9449e-04
11.000  20.000  3.4074e-04
11.000  20.250  1.9473e-04
11.000  20.500  1.1786e-04
11.000  20.750  4.6255e-05
11.000  21.000  2.6667e-05
11.000  21.250  1.5885e-05
11.000  21.500  1.0000e-07
11.000  21.750  1.0000e-07
11.000  22.000  1.0000e-07
11.000  22.250  1.0000e-07
11.000  22.500  1.0000e-07
11.000  22.750  1.0000e-07
11.000  23.000  1.0000e-07
11.000  23.250  1.0000e-07
11.000  23.500  1.0000e-07
11.000  23.750  1.0000e-07
11.000  24.000  1.0000e-07
11.250  17.000  4.1244e-03
11.250  17.250  5.1714e-03
11.250  17.500  6.5266e-03
11.250  17.750  8.2158e-03
11.250  18.000  9.3324e-03
11.250  18.250  8.3151e-03
11.250  18.500  6.0466e-03
11.250  18.750  3.9663e-03
11.250  19.000  2.5295e-03
11.250  19.250  1.6058e-03
11.250  19.500  1.0273e-03
11.250  19.750  6.3045e-04
11.250  20.000  3.7062e-04
11.250  20.250  2.1095e-04
11.250  20.500  1.2494e-04
11.250  20.750  7.7449e-05
11.250  21.000  3.5144e-05
11.250  21.250  2.2305e-05
11.250  21.500  5.2675e-06
11.250  21.750  1.0000e-07
11.250  22.000  1.0000e-07
11.250  22.250  1.0000e-07
11.250  22.500  1.0000e-07
11.250  22.750  1.0000e-07
11.250  23.000  1.0000e-07
11.250  23.250  1.0000e-07
11.250  23.500  1.0000e-07
11.250  23.750  1.0000e-07
11.250  24.000  1.0000e-07
11.500  17.000  3.9817e-03
11.500  17.250  5.1821e-03
11.500  17.500  6.7272e-03
11.500  17.750  8.3673e-03
11.500  18.000  9.1836e-03
11.500  18.250  7.7510e-03
11.500  18.500  5.5621e-03
11.500  18.750  3.6484e-03
11.500  19.000  2.3857e-03
11.500  19.250  1.5830e-03
11.500  19.500  1.0341e-03
11.500  19.750  6.4148e-04
11.500  20.000  3.8486e-04
11.500  20.250  2.2527e-04
11.500  20.500  1.3070e-04
11.500  20.750  8.2469e-05
11.500  21.000  5.2840e-05
11.500  21.250  2.9218e-05
11.500  21.500  1.4815e-05
11.500  21.750  2.3045e-06
11.500  22.000  1.0000e-07
11.500  22.250  1.0000e-07
11.500  22.500  1.0000e-07
11.500  22.750  1.0000e-07
11.500  23.000  1.0000e-07
11.500  23.250  1.0000e-07
11.500  23.500  1.0000e-07
11.500  23.750  1.0000e-07
11.500  24.000  1.0000e-07
11.750  17.000  3.6115e-03
11.750  17.250  4.9272e-03
11.750  17.500  6.6325e-03
11.750  17.750  8.2587e-03
11.750  18.000  8.5928e-03
11.750  18.250  6.8430e-03
11.750  18.500  4.8444e-03
11.750  18.750  3.2543e-03
11.750  19.000  2.2921e-03
11.750  19.250  1.5417e-03
11.750  19.500  1.0078e-03
11.750  19.750  6.4049e-04
11.750  20.000  3.9366e-04
11.750  20.250  2.3712e-04
11.750  20.500  1.4123e-04
11.750  20.750  8.4856e-05
11.750  21.000  5.6543e-05
11.750  21.250  3.6708e-05
11.750  21.500  2.1152e-05
11.750  21.750  1.3169e-05
11.750  22.000  1.4815e-06
11.750  22.250  1.0000e-07
11.750  22.500  1.0000e-07
11.750  22.750  1.0000e-07
11.750  23.000  1.0000e-07
11.750  23.250  1.0000e-07
11.750  23.500  1.0000e-07
11.750  23.750  1.0000e-07
11.750  24.000  1.0000e-07
12.000  17.000  2.9676e-03
12.000  17.250  4.2332e-03
12.000  17.500  5.8418e-03
12.000  17.750  7.2755e-03
12.000  18.000  7.2390e-03
12.000  18.250  5.5868e-03
12.000  18.500  3.9898e-03
12.000  18.750  2.8287e-03
12.000  19.000  2.0968e-03
12.000  19.250  1.4934e-03
12.000  19.500  9.6930e-04
12.000  19.750  6.1564e-04
12.000  20.000  3.8996e-04
12.000  20.250  2.4535e-04
12.000  20.500  1.4782e-04
12.000  20.750  9.3169e-05
12.000  21.000  5.7860e-05
12.000  21.250  3.8189e-05
12.000  21.500  2.4280e-05
12.000  21.750  1.7284e-05
12.000  22.000  8.2305e-06
12.000  22.250  1.0000e-07
12.000  22.500  1.0000e-07
12.000  22.750  1.0000e-07
12.000  23.000  1.0000e-07
12.000  23.250  1.0000e-07
12.000  23.500  1.0000e-07
12.000  23.750  1.0000e-07
12.000  24.000  1.0000e-07
12.250  17.000  2.3008e-03
12.250  17.250  3.0849e-03
12.250  17.500  4.2188e-03
12.250  17.750  5.0682e-03
12.250  18.000  4.9506e-03
12.250  18.250  4.0007e-03
12.250  18.500  3.2489e-03
12.250  18.750  2.5195e-03
12.250  19.000  1.9513e-03
12.250  19.250  1.3568e-03
12.250  19.500  9.1613e-04
12.250  19.750  6.0576e-04
12.250  20.000  3.8412e-04
12.250  20.250  2.4535e-04
12.250  20.500  1.5572e-04
12.250  20.750  9.6955e-05
12.250  21.000  6.3621e-05
12.250  21.250  4.1975e-05
12.250  21.500  2.6255e-05
12.250  21.750  1.8683e-05
12.250  22.000  1.3416e-05
12.250  22.250  7.7366e-06
12.250  22.500  1.0000e-07
12.250  22.750  1.0000e-07
12.250  23.000  1.0000e-07
12.250  23.250  1.0000e-07
12.250  23.500  1.0000e-07
12.250  23.750  1.0000e-07
12.250  24.000  1.0000e-07
12.500  17.000  1.6705e-03
12.500  17.250  1.9814e-03
12.500  17.500  2.3512e-03
12.500  17.750  2.5288e-03
12.500  18.000  2.5189e-03
12.500  18.250  2.5703e-03
12.500  18.500  2.4779e-03
12.500  18.750  2.0314e-03
12.500  19.000  1.6114e-03
12.500  19.250  1.2586e-03
12.500  19.500  8.4790e-04
12.500  19.750  5.4996e-04
12.500  20.000  3.6658e-04
12.500  20.250  2.3959e-04
12.500  20.500  1.5646e-04
12.500  20.750  1.0091e-04
12.500  21.000  6.6996e-05
12.500  21.250  4.5267e-05
12.500  21.500  2.8807e-05
12.500  21.750  1.9671e-05
12.500  22.000  1.4979e-05
12.500  22.250  1.1934e-05
12.500  22.500  5.6790e-06
12.500  22.750  1.0000e-07
12.500  23.000  1.0000e-07
12.500  23.250  1.0000e-07
12.500  23.500  1.0000e-07
12.500  23.750  1.0000e-07
12.500  24.000  1.0000e-07
12.750  17.000  1.0797e-03
12.750  17.250  1.1614e-03
12.750  17.500  1.2915e-03
12.750  17.750  1.3922e-03
12.750  18.000  1.4246e-03
12.750  18.250  1.7010e-03
12.750  18.500  1.7794e-03
12.750  18.750  1.6880e-03
12.750  19.000  1.3644e-03
12.750  19.250  1.0384e-03
12.750  19.500  7.3819e-04
12.750  19.750  5.0420e-04
12.750  20.000  3.4527e-04
12.750  20.250  2.3111e-04
12.750  20.500  1.5358e-04
12.750  20.750  1.0214e-04
12.750  21.000  6.9218e-05
12.750  21.250  4.7407e-05
12.750  21.500  3.1276e-05
12.750  21.750  2.1564e-05
12.750  22.000  1.4979e-05
12.750  22.250  1.1770e-05
12.750  22.500  1.0700e-05
12.750  22.750  4.4444e-06
12.750  23.000  1.0000e-07
12.750  23.250  1.0000e-07
12.750  23.500  1.0000e-07
12.750  23.750  1.0000e-07
12.750  24.000  1.0000e-07
13.000  17.000  8.9095e-04
13.000  17.250  8.3407e-04
13.000  17.500  8.6321e-04
13.000  17.750  9.6148e-04
13.000  18.000  1.1064e-03
13.000  18.250  1.2360e-03
13.000  18.500  1.3111e-03
13.000  18.750  1.2835e-03
13.000  19.000  1.1430e-03
13.000  19.250  8.7761e-04
13.000  19.500  6.5045e-04
13.000  19.750  4.6066e-04
13.000  20.000  3.1720e-04
13.000  20.250  2.1638e-04
13.000  20.500  1.4815e-04
13.000  20.750  1.0049e-04
13.000  21.000  6.8971e-05
13.000  21.250  4.8724e-05
13.000  21.500  3.2675e-05
13.000  21.750  2.3210e-05
13.000  22.000  1.6296e-05
13.000  22.250  1.1934e-05
13.000  22.500  9.2181e-06
13.000  22.750  9.3004e-06
13.000  23.000  2.8807e-06
13.000  23.250  1.0000e-07
13.000  23.500  1.0000e-07
13.000  23.750  1.0000e-07
13.000  24.000  1.0000e-07
13.250  17.000  7.7852e-04
13.250  17.250  7.4148e-04
13.250  17.500  7.1934e-04
13.250  17.750  7.5457e-04
13.250  18.000  8.3992e-04
13.250  18.250  9.2658e-04
13.250  18.500  9.5572e-04
13.250  18.750  9.5591e-04
13.250  19.000  9.3970e-04
13.250  19.250  9.0898e-04
13.250  19.500  8.6568e-04
13.250  19.750  8.1170e-04
13.250  20.000  7.4895e-04
13.250  20.250  6.7935e-04
13.250  20.500  6.0480e-04
13.250  20.750  5.2722e-04
13.250  21.000  4.4851e-04
13.250  21.250  3.7059e-04
13.250  21.500  2.9537e-04
13.250  21.750  2.2475e-04
13.250  22.000  1.6066e-04
13.250  22.250  1.0499e-04
13.250  22.500  5.9655e-05
13.250  22.750  2.6575e-05
13.250  23.000  7.6543e-06
13.250  23.250  1.9753e-06
13.250  23.500  1.0000e-07
13.250  23.750  1.0000e-07
13.250  24.000  1.0000e-07
13.500  17.000  6.6675e-04
13.500  17.250  6.3514e-04
13.500  17.500  6.0955e-04
13.500  17.750  6.1770e-04
13.500  18.000  6.6066e-04
13.500  18.250  7.0230e-04
13.500  18.500  7.1202e-04
13.500  18.750  6.7761e-04
13.500  19.000  6.1416e-04
13.500  19.250  5.3235e-04
13.500  19.500  4.4477e-04
13.500  19.750  3.5185e-04
13.500  20.000  2.6379e-04
13.500  20.250  1.8831e-04
13.500  20.500  1.3325e-04
13.500  20.750  9.3251e-05
13.500  21.000  6.5679e-05
13.500  21.250  4.7160e-05
13.500  21.500  3.3416e-05
13.500  21.750  2.4198e-05
13.500  22.000  1.7119e-05
13.500  22.250  1.2510e-05
13.500  22.500  9.6296e-06
13.500  22.750  7.4897e-06
13.500  23.000  5.8436e-06
13.500  23.250  5.7613e-06
13.500  23.500  1.3992e-06
13.500  23.750  1.0000e-07
13.500  24.000  1.0000e-07
13.750  17.000  5.5802e-04
13.750  17.250  5.3078e-04
13.750  17.500  5.1070e-04
13.750  17.750  5.1391e-04
13.750  18.000  5.3284e-04
13.750  18.250  5.4346e-04
13.750  18.500  5.3737e-04
13.750  18.750  5.0255e-04
13.750  19.000  4.5193e-04
13.750  19.250  3.9984e-04
13.750  19.500  3.4173e-04
13.750  19.750  2.8494e-04
13.750  20.000  2.2708e-04
13.750  20.250  1.7004e-04
13.750  20.500  1.2362e-04
13.750  20.750  8.8313e-05
13.750  21.000  6.2963e-05
13.750  21.250  4.5350e-05
13.750  21.500  3.2263e-05
13.750  21.750  2.3374e-05
13.750  22.000  1.6626e-05
13.750  22.250  1.2099e-05
13.750  22.500  9.4650e-06
13.750  22.750  7.4897e-06
13.750  23.000  5.6790e-06
13.750  23.250  4.1975e-06
13.750  23.500  3.9506e-06
13.750  23.750  8.2305e-07
13.750  24.000  1.0000e-07
14.000  17.000  4.5490e-04
14.000  17.250  4.3481e-04
14.000  17.500  4.2091e-04
14.000  17.750  4.2370e-04
14.000  18.000  4.3605e-04
14.000  18.250  4.3177e-04
14.000  18.500  4.1440e-04
14.000  18.750  3.8115e-04
14.000  19.000  3.3893e-04
14.000  19.250  3.0700e-04
14.000  19.500  2.5572e-04
14.000  19.750  2.2255e-04
14.000  20.000  1.8428e-04
14.000  20.250  1.4889e-04
14.000  20.500  1.1292e-04
14.000  20.750  8.2469e-05
14.000  21.000  5.9835e-05
14.000  21.250  4.3374e-05
14.000  21.500  3.0864e-05
14.000  21.750  2.2222e-05
14.000  22.000  1.5802e-05
14.000  22.250  1.1276e-05
14.000  22.500  8.7243e-06
14.000  22.750  7.1605e-06
14.000  23.000  5.5144e-06
14.000  23.250  4.0329e-06
14.000  23.500  2.9630e-06
14.000  23.750  2.4691e-06
14.000  24.000  1.0000e-07
