N  3 1752.00A  relative to Inci 1215.00A scaled to 1215A.
Hden   Phi(H)  Eq_Width (A)
7.000  17.000  5.8947e-04
7.000  17.250  4.9720e-04
7.000  17.500  5.5803e-04
7.000  17.750  6.1210e-04
7.000  18.000  4.2132e-04
7.000  18.250  1.3992e-06
7.000  18.500  1.0000e-07
7.000  18.750  1.0000e-07
7.000  19.000  1.0000e-07
7.000  19.250  1.0000e-07
7.000  19.500  1.0000e-07
7.000  19.750  1.0000e-07
7.000  20.000  1.0000e-07
7.000  20.250  1.0000e-07
7.000  20.500  1.0000e-07
7.000  20.750  1.0000e-07
7.000  21.000  1.0000e-07
7.000  21.250  1.0000e-07
7.000  21.500  1.0000e-07
7.000  21.750  1.0000e-07
7.000  22.000  1.0000e-07
7.000  22.250  1.0000e-07
7.000  22.500  1.0000e-07
7.000  22.750  1.0000e-07
7.000  23.000  1.0000e-07
7.000  23.250  1.0000e-07
7.000  23.500  1.0000e-07
7.000  23.750  1.0000e-07
7.000  24.000  1.0000e-07
7.250  17.000  8.0675e-04
7.250  17.250  6.1860e-04
7.250  17.500  5.7756e-04
7.250  17.750  6.0805e-04
7.250  18.000  5.7881e-04
7.250  18.250  3.5860e-04
7.250  18.500  1.3992e-06
7.250  18.750  1.0000e-07
7.250  19.000  1.0000e-07
7.250  19.250  1.0000e-07
7.250  19.500  1.0000e-07
7.250  19.750  1.0000e-07
7.250  20.000  1.0000e-07
7.250  20.250  1.0000e-07
7.250  20.500  1.0000e-07
7.250  20.750  1.0000e-07
7.250  21.000  1.0000e-07
7.250  21.250  1.0000e-07
7.250  21.500  1.0000e-07
7.250  21.750  1.0000e-07
7.250  22.000  1.0000e-07
7.250  22.250  1.0000e-07
7.250  22.500  1.0000e-07
7.250  22.750  1.0000e-07
7.250  23.000  1.0000e-07
7.250  23.250  1.0000e-07
7.250  23.500  1.0000e-07
7.250  23.750  1.0000e-07
7.250  24.000  1.0000e-07
7.500  17.000  1.1459e-03
7.500  17.250  8.2848e-04
7.500  17.500  6.6386e-04
7.500  17.750  6.1429e-04
7.500  18.000  5.9442e-04
7.500  18.250  5.1885e-04
7.500  18.500  3.0222e-04
7.500  18.750  1.3992e-06
7.500  19.000  1.0000e-07
7.500  19.250  1.0000e-07
7.500  19.500  1.0000e-07
7.500  19.750  1.0000e-07
7.500  20.000  1.0000e-07
7.500  20.250  1.0000e-07
7.500  20.500  1.0000e-07
7.500  20.750  1.0000e-07
7.500  21.000  1.0000e-07
7.500  21.250  1.0000e-07
7.500  21.500  1.0000e-07
7.500  21.750  1.0000e-07
7.500  22.000  1.0000e-07
7.500  22.250  1.0000e-07
7.500  22.500  1.0000e-07
7.500  22.750  1.0000e-07
7.500  23.000  1.0000e-07
7.500  23.250  1.0000e-07
7.500  23.500  1.0000e-07
7.500  23.750  1.0000e-07
7.500  24.000  1.0000e-07
7.750  17.000  1.6421e-03
7.750  17.250  1.1480e-03
7.750  17.500  8.3070e-04
7.750  17.750  6.6628e-04
7.750  18.000  5.8921e-04
7.750  18.250  5.3626e-04
7.750  18.500  4.4417e-04
7.750  18.750  2.4971e-04
7.750  19.000  1.3169e-06
7.750  19.250  1.0000e-07
7.750  19.500  1.0000e-07
7.750  19.750  1.0000e-07
7.750  20.000  1.0000e-07
7.750  20.250  1.0000e-07
7.750  20.500  1.0000e-07
7.750  20.750  1.0000e-07
7.750  21.000  1.0000e-07
7.750  21.250  1.0000e-07
7.750  21.500  1.0000e-07
7.750  21.750  1.0000e-07
7.750  22.000  1.0000e-07
7.750  22.250  1.0000e-07
7.750  22.500  1.0000e-07
7.750  22.750  1.0000e-07
7.750  23.000  1.0000e-07
7.750  23.250  1.0000e-07
7.750  23.500  1.0000e-07
7.750  23.750  1.0000e-07
7.750  24.000  1.0000e-07
8.000  17.000  2.2579e-03
8.000  17.250  1.5810e-03
8.000  17.500  1.0982e-03
8.000  17.750  7.8658e-04
8.000  18.000  6.1611e-04
8.000  18.250  5.3537e-04
8.000  18.500  4.8384e-04
8.000  18.750  4.0097e-04
8.000  19.000  2.2626e-04
8.000  19.250  1.3169e-06
8.000  19.500  1.0000e-07
8.000  19.750  1.0000e-07
8.000  20.000  1.0000e-07
8.000  20.250  1.0000e-07
8.000  20.500  1.0000e-07
8.000  20.750  1.0000e-07
8.000  21.000  1.0000e-07
8.000  21.250  1.0000e-07
8.000  21.500  1.0000e-07
8.000  21.750  1.0000e-07
8.000  22.000  1.0000e-07
8.000  22.250  1.0000e-07
8.000  22.500  1.0000e-07
8.000  22.750  1.0000e-07
8.000  23.000  1.0000e-07
8.000  23.250  1.0000e-07
8.000  23.500  1.0000e-07
8.000  23.750  1.0000e-07
8.000  24.000  1.0000e-07
8.250  17.000  2.8883e-03
8.250  17.250  2.1234e-03
8.250  17.500  1.4849e-03
8.250  17.750  1.0309e-03
8.250  18.000  7.4165e-04
8.250  18.250  5.6460e-04
8.250  18.500  4.5680e-04
8.250  18.750  3.7908e-04
8.250  19.000  2.9227e-04
8.250  19.250  1.5720e-04
8.250  19.500  1.1523e-06
8.250  19.750  1.0000e-07
8.250  20.000  1.0000e-07
8.250  20.250  1.0000e-07
8.250  20.500  1.0000e-07
8.250  20.750  1.0000e-07
8.250  21.000  1.0000e-07
8.250  21.250  1.0000e-07
8.250  21.500  1.0000e-07
8.250  21.750  1.0000e-07
8.250  22.000  1.0000e-07
8.250  22.250  1.0000e-07
8.250  22.500  1.0000e-07
8.250  22.750  1.0000e-07
8.250  23.000  1.0000e-07
8.250  23.250  1.0000e-07
8.250  23.500  1.0000e-07
8.250  23.750  1.0000e-07
8.250  24.000  1.0000e-07
8.500  17.000  3.2514e-03
8.500  17.250  2.6027e-03
8.500  17.500  1.9109e-03
8.500  17.750  1.3366e-03
8.500  18.000  9.3152e-04
8.500  18.250  6.5157e-04
8.500  18.500  4.6337e-04
8.500  18.750  3.4018e-04
8.500  19.000  2.5529e-04
8.500  19.250  1.8200e-04
8.500  19.500  9.3580e-05
8.500  19.750  1.0700e-06
8.500  20.000  1.0000e-07
8.500  20.250  1.0000e-07
8.500  20.500  1.0000e-07
8.500  20.750  1.0000e-07
8.500  21.000  1.0000e-07
8.500  21.250  1.0000e-07
8.500  21.500  1.0000e-07
8.500  21.750  1.0000e-07
8.500  22.000  1.0000e-07
8.500  22.250  1.0000e-07
8.500  22.500  1.0000e-07
8.500  22.750  1.0000e-07
8.500  23.000  1.0000e-07
8.500  23.250  1.0000e-07
8.500  23.500  1.0000e-07
8.500  23.750  1.0000e-07
8.500  24.000  1.0000e-07
8.750  17.000  3.1198e-03
8.750  17.250  2.7980e-03
8.750  17.500  2.2377e-03
8.750  17.750  1.6435e-03
8.750  18.000  1.1524e-03
8.750  18.250  8.0988e-04
8.750  18.500  5.6539e-04
8.750  18.750  3.9046e-04
8.750  19.000  2.6856e-04
8.750  19.250  1.8318e-04
8.750  19.500  1.1779e-04
8.750  19.750  5.5885e-05
8.750  20.000  9.0535e-07
8.750  20.250  1.0000e-07
8.750  20.500  1.0000e-07
8.750  20.750  1.0000e-07
8.750  21.000  1.0000e-07
8.750  21.250  1.0000e-07
8.750  21.500  1.0000e-07
8.750  21.750  1.0000e-07
8.750  22.000  1.0000e-07
8.750  22.250  1.0000e-07
8.750  22.500  1.0000e-07
8.750  22.750  1.0000e-07
8.750  23.000  1.0000e-07
8.750  23.250  1.0000e-07
8.750  23.500  1.0000e-07
8.750  23.750  1.0000e-07
8.750  24.000  1.0000e-07
9.000  17.000  2.5140e-03
9.000  17.250  2.5832e-03
9.000  17.500  2.3138e-03
9.000  17.750  1.8495e-03
9.000  18.000  1.3604e-03
9.000  18.250  9.6074e-04
9.000  18.500  1.2712e-03
9.000  18.750  2.1105e-03
9.000  19.000  3.0455e-03
9.000  19.250  3.6431e-03
9.000  19.500  3.4700e-03
9.000  19.750  2.0932e-03
9.000  20.000  3.6379e-05
9.000  20.250  1.0000e-07
9.000  20.500  1.0000e-07
9.000  20.750  1.0000e-07
9.000  21.000  1.0000e-07
9.000  21.250  1.0000e-07
9.000  21.500  1.0000e-07
9.000  21.750  1.0000e-07
9.000  22.000  1.0000e-07
9.000  22.250  1.0000e-07
9.000  22.500  1.0000e-07
9.000  22.750  1.0000e-07
9.000  23.000  1.0000e-07
9.000  23.250  1.0000e-07
9.000  23.500  1.0000e-07
9.000  23.750  1.0000e-07
9.000  24.000  1.0000e-07
9.250  17.000  1.6902e-03
9.250  17.250  2.0346e-03
9.250  17.500  2.0900e-03
9.250  17.750  1.8691e-03
9.250  18.000  1.4925e-03
9.250  18.250  1.1045e-03
9.250  18.500  1.4893e-03
9.250  18.750  2.5190e-03
9.250  19.000  3.7760e-03
9.250  19.250  4.8425e-03
9.250  19.500  5.3007e-03
9.250  19.750  4.7329e-03
9.250  20.000  2.7213e-03
9.250  20.250  2.5103e-05
9.250  20.500  1.0000e-07
9.250  20.750  1.0000e-07
9.250  21.000  1.0000e-07
9.250  21.250  1.0000e-07
9.250  21.500  1.0000e-07
9.250  21.750  1.0000e-07
9.250  22.000  1.0000e-07
9.250  22.250  1.0000e-07
9.250  22.500  1.0000e-07
9.250  22.750  1.0000e-07
9.250  23.000  1.0000e-07
9.250  23.250  1.0000e-07
9.250  23.500  1.0000e-07
9.250  23.750  1.0000e-07
9.250  24.000  1.0000e-07
9.500  17.000  9.2733e-04
9.500  17.250  1.3546e-03
9.500  17.500  1.6357e-03
9.500  17.750  1.6767e-03
9.500  18.000  1.4958e-03
9.500  18.250  1.1992e-03
9.500  18.500  9.0156e-04
9.500  18.750  1.2612e-03
9.500  19.000  2.1660e-03
9.500  19.250  3.2580e-03
9.500  19.500  4.1796e-03
9.500  19.750  4.5728e-03
9.500  20.000  4.0799e-03
9.500  20.250  2.3430e-03
9.500  20.500  1.8848e-05
9.500  20.750  1.0000e-07
9.500  21.000  1.0000e-07
9.500  21.250  1.0000e-07
9.500  21.500  1.0000e-07
9.500  21.750  1.0000e-07
9.500  22.000  1.0000e-07
9.500  22.250  1.0000e-07
9.500  22.500  1.0000e-07
9.500  22.750  1.0000e-07
9.500  23.000  1.0000e-07
9.500  23.250  1.0000e-07
9.500  23.500  1.0000e-07
9.500  23.750  1.0000e-07
9.500  24.000  1.0000e-07
9.750  17.000  3.8288e-04
9.750  17.250  7.3325e-04
9.750  17.500  1.0817e-03
9.750  17.750  1.3073e-03
9.750  18.000  1.3368e-03
9.750  18.250  1.1921e-03
9.750  18.500  9.5737e-04
9.750  18.750  1.1892e-03
9.750  19.000  1.8502e-03
9.750  19.250  2.7108e-03
9.750  19.500  3.5414e-03
9.750  19.750  4.1124e-03
9.750  20.000  4.1943e-03
9.750  20.250  3.5573e-03
9.750  20.500  1.9720e-03
9.750  20.750  1.5144e-05
9.750  21.000  1.0000e-07
9.750  21.250  1.0000e-07
9.750  21.500  1.0000e-07
9.750  21.750  1.0000e-07
9.750  22.000  1.0000e-07
9.750  22.250  1.0000e-07
9.750  22.500  1.0000e-07
9.750  22.750  1.0000e-07
9.750  23.000  1.0000e-07
9.750  23.250  1.0000e-07
9.750  23.500  1.0000e-07
9.750  23.750  1.0000e-07
9.750  24.000  1.0000e-07
10.000  17.000  1.0140e-04
10.000  17.250  2.9407e-04
10.000  17.500  5.7267e-04
10.000  17.750  8.4807e-04
10.000  18.000  1.0246e-03
10.000  18.250  1.0412e-03
10.000  18.500  9.1671e-04
10.000  18.750  7.4370e-04
10.000  19.000  9.5714e-04
10.000  19.250  1.5187e-03
10.000  19.500  2.2396e-03
10.000  19.750  2.9313e-03
10.000  20.000  3.4049e-03
10.000  20.250  3.4718e-03
10.000  20.500  2.9433e-03
10.000  20.750  1.6306e-03
10.000  21.000  1.1852e-05
10.000  21.250  1.0000e-07
10.000  21.500  1.0000e-07
10.000  21.750  1.0000e-07
10.000  22.000  1.0000e-07
10.000  22.250  1.0000e-07
10.000  22.500  1.0000e-07
10.000  22.750  1.0000e-07
10.000  23.000  1.0000e-07
10.000  23.250  1.0000e-07
10.000  23.500  1.0000e-07
10.000  23.750  1.0000e-07
10.000  24.000  1.0000e-07
10.250  17.000  1.5720e-05
10.250  17.250  7.2593e-05
10.250  17.500  2.2082e-04
10.250  17.750  4.3185e-04
10.250  18.000  6.4041e-04
10.250  18.250  7.6222e-04
10.250  18.500  7.5687e-04
10.250  18.750  6.6461e-04
10.250  19.000  8.0943e-04
10.250  19.250  1.1886e-03
10.250  19.500  1.6927e-03
10.250  19.750  2.2125e-03
10.250  20.000  2.6385e-03
10.250  20.250  2.8614e-03
10.250  20.500  2.7718e-03
10.250  20.750  2.2605e-03
10.250  21.000  1.2180e-03
10.250  21.250  9.3004e-06
10.250  21.500  1.0000e-07
10.250  21.750  1.0000e-07
10.250  22.000  1.0000e-07
10.250  22.250  1.0000e-07
10.250  22.500  1.0000e-07
10.250  22.750  1.0000e-07
10.250  23.000  1.0000e-07
10.250  23.250  1.0000e-07
10.250  23.500  1.0000e-07
10.250  23.750  1.0000e-07
10.250  24.000  1.0000e-07
10.500  17.000  1.9753e-06
10.500  17.250  1.1029e-05
10.500  17.500  5.2346e-05
10.500  17.750  1.5975e-04
10.500  18.000  3.1111e-04
10.500  18.250  4.4889e-04
10.500  18.500  5.1827e-04
10.500  18.750  5.0872e-04
10.500  19.000  4.5045e-04
10.500  19.250  5.5857e-04
10.500  19.500  8.2849e-04
10.500  19.750  1.1841e-03
10.500  20.000  1.5492e-03
10.500  20.250  1.8476e-03
10.500  20.500  2.0033e-03
10.500  20.750  1.9400e-03
10.500  21.000  1.5817e-03
10.500  21.250  8.5210e-04
10.500  21.500  6.6667e-06
10.500  21.750  1.0000e-07
10.500  22.000  1.0000e-07
10.500  22.250  1.0000e-07
10.500  22.500  1.0000e-07
10.500  22.750  1.0000e-07
10.500  23.000  1.0000e-07
10.500  23.250  1.0000e-07
10.500  23.500  1.0000e-07
10.500  23.750  1.0000e-07
10.500  24.000  1.0000e-07
10.750  17.000  1.0000e-07
10.750  17.250  1.3169e-06
10.750  17.500  7.7366e-06
10.750  17.750  3.7778e-05
10.750  18.000  1.1103e-04
10.750  18.250  2.0675e-04
10.750  18.500  2.8716e-04
10.750  18.750  3.2642e-04
10.750  19.000  3.2165e-04
10.750  19.250  2.8971e-04
10.750  19.500  2.5037e-04
10.750  19.750  3.4846e-04
10.750  20.000  5.6780e-04
10.750  20.250  8.4005e-04
10.750  20.500  1.0969e-03
10.750  20.750  1.2700e-03
10.750  21.000  1.2911e-03
10.750  21.250  1.0918e-03
10.750  21.500  6.0379e-04
10.750  21.750  4.6091e-06
10.750  22.000  1.0000e-07
10.750  22.250  1.0000e-07
10.750  22.500  1.0000e-07
10.750  22.750  1.0000e-07
10.750  23.000  1.0000e-07
10.750  23.250  1.0000e-07
10.750  23.500  1.0000e-07
10.750  23.750  1.0000e-07
10.750  24.000  1.0000e-07
11.000  17.000  1.0000e-07
11.000  17.250  1.0000e-07
11.000  17.500  9.0535e-07
11.000  17.750  5.5967e-06
11.000  18.000  2.6420e-05
11.000  18.250  7.0947e-05
11.000  18.500  1.2650e-04
11.000  18.750  1.7309e-04
11.000  19.000  1.9654e-04
11.000  19.250  1.9687e-04
11.000  19.500  1.8107e-04
11.000  19.750  1.5778e-04
11.000  20.000  2.3855e-04
11.000  20.250  4.1155e-04
11.000  20.500  6.2451e-04
11.000  20.750  8.2516e-04
11.000  21.000  9.6125e-04
11.000  21.250  9.8050e-04
11.000  21.500  8.3064e-04
11.000  21.750  4.5942e-04
11.000  22.000  2.6337e-06
11.000  22.250  1.0000e-07
11.000  22.500  1.0000e-07
11.000  22.750  1.0000e-07
11.000  23.000  1.0000e-07
11.000  23.250  1.0000e-07
11.000  23.500  1.0000e-07
11.000  23.750  1.0000e-07
11.000  24.000  1.0000e-07
11.250  17.000  1.0000e-07
11.250  17.250  1.0000e-07
11.250  17.500  1.0000e-07
11.250  17.750  1.0000e-07
11.250  18.000  4.0329e-06
11.250  18.250  1.6790e-05
11.250  18.500  4.2305e-05
11.250  18.750  7.4403e-05
11.250  19.000  1.0148e-04
11.250  19.250  1.1704e-04
11.250  19.500  1.2041e-04
11.250  19.750  1.1284e-04
11.250  20.000  9.8848e-05
11.250  20.250  1.4534e-04
11.250  20.500  2.4582e-04
11.250  20.750  3.6970e-04
11.250  21.000  4.8637e-04
11.250  21.250  5.6524e-04
11.250  21.500  5.7572e-04
11.250  21.750  4.8722e-04
11.250  22.000  2.6914e-04
11.250  22.250  1.2346e-06
11.250  22.500  1.0000e-07
11.250  22.750  1.0000e-07
11.250  23.000  1.0000e-07
11.250  23.250  1.0000e-07
11.250  23.500  1.0000e-07
11.250  23.750  1.0000e-07
11.250  24.000  1.0000e-07
11.500  17.000  1.0000e-07
11.500  17.250  1.0000e-07
11.500  17.500  1.0000e-07
11.500  17.750  1.0000e-07
11.500  18.000  1.0000e-07
11.500  18.250  2.6337e-06
11.500  18.500  9.8765e-06
11.500  18.750  2.4527e-05
11.500  19.000  4.3457e-05
11.500  19.250  5.9918e-05
11.500  19.500  7.0617e-05
11.500  19.750  7.4650e-05
11.500  20.000  7.1358e-05
11.500  20.250  6.2634e-05
11.500  20.500  1.1717e-04
11.500  20.750  2.2639e-04
11.500  21.000  3.5627e-04
11.500  21.250  4.7277e-04
11.500  21.500  5.4188e-04
11.500  21.750  5.2957e-04
11.500  22.000  4.0181e-04
11.500  22.250  1.6765e-04
11.500  22.500  1.0000e-07
11.500  22.750  1.0000e-07
11.500  23.000  1.0000e-07
11.500  23.250  1.0000e-07
11.500  23.500  1.0000e-07
11.500  23.750  1.0000e-07
11.500  24.000  1.0000e-07
11.750  17.000  1.0000e-07
11.750  17.250  1.0000e-07
11.750  17.500  1.0000e-07
11.750  17.750  1.0000e-07
11.750  18.000  1.0000e-07
11.750  18.250  1.0000e-07
11.750  18.500  1.5638e-06
11.750  18.750  5.7613e-06
11.750  19.000  1.4403e-05
11.750  19.250  2.5761e-05
11.750  19.500  3.5885e-05
11.750  19.750  4.3457e-05
11.750  20.000  4.7325e-05
11.750  20.250  4.5844e-05
11.750  20.500  4.0412e-05
11.750  20.750  8.7801e-05
11.750  21.000  1.7967e-04
11.750  21.250  2.8632e-04
11.750  21.500  3.7805e-04
11.750  21.750  4.2515e-04
11.750  22.000  3.9792e-04
11.750  22.250  2.6667e-04
11.750  22.500  6.6173e-05
11.750  22.750  1.0000e-07
11.750  23.000  1.0000e-07
11.750  23.250  1.0000e-07
11.750  23.500  1.0000e-07
11.750  23.750  1.0000e-07
11.750  24.000  1.0000e-07
12.000  17.000  1.0000e-07
12.000  17.250  1.0000e-07
12.000  17.500  1.0000e-07
12.000  17.750  1.0000e-07
12.000  18.000  1.0000e-07
12.000  18.250  1.0000e-07
12.000  18.500  1.0000e-07
12.000  18.750  9.0535e-07
12.000  19.000  3.3745e-06
12.000  19.250  8.6420e-06
12.000  19.500  1.5556e-05
12.000  19.750  2.2058e-05
12.000  20.000  2.7572e-05
12.000  20.250  3.0782e-05
12.000  20.500  3.0041e-05
12.000  20.750  2.6337e-05
12.000  21.000  2.1399e-05
12.000  21.250  6.1062e-05
12.000  21.500  1.3419e-04
12.000  21.750  2.1121e-04
12.000  22.000  2.6256e-04
12.000  22.250  2.5866e-04
12.000  22.500  1.6996e-04
12.000  22.750  2.5844e-05
12.000  23.000  1.0000e-07
12.000  23.250  1.0000e-07
12.000  23.500  1.0000e-07
12.000  23.750  1.0000e-07
12.000  24.000  1.0000e-07
12.250  17.000  1.0000e-07
12.250  17.250  1.0000e-07
12.250  17.500  1.0000e-07
12.250  17.750  1.0000e-07
12.250  18.000  1.0000e-07
12.250  18.250  1.0000e-07
12.250  18.500  1.0000e-07
12.250  18.750  1.0000e-07
12.250  19.000  1.0000e-07
12.250  19.250  2.0576e-06
12.250  19.500  5.3498e-06
12.250  19.750  9.6296e-06
12.250  20.000  1.4074e-05
12.250  20.250  1.8025e-05
12.250  20.500  2.0247e-05
12.250  20.750  1.9918e-05
12.250  21.000  1.7531e-05
12.250  21.250  1.3992e-05
12.250  21.500  4.2224e-05
12.250  21.750  9.4096e-05
12.250  22.000  1.4818e-04
12.250  22.250  1.8306e-04
12.250  22.500  1.7730e-04
12.250  22.750  1.0947e-04
12.250  23.000  5.4321e-06
12.250  23.250  1.0000e-07
12.250  23.500  1.0000e-07
12.250  23.750  1.0000e-07
12.250  24.000  1.0000e-07
12.500  17.000  1.0000e-07
12.500  17.250  1.0000e-07
12.500  17.500  1.0000e-07
12.500  17.750  1.0000e-07
12.500  18.000  1.0000e-07
12.500  18.250  1.0000e-07
12.500  18.500  1.0000e-07
12.500  18.750  1.0000e-07
12.500  19.000  1.0000e-07
12.500  19.250  1.0000e-07
12.500  19.500  1.3169e-06
12.500  19.750  3.3745e-06
12.500  20.000  6.1728e-06
12.500  20.250  9.2181e-06
12.500  20.500  1.1934e-05
12.500  20.750  1.3580e-05
12.500  21.000  1.3498e-05
12.500  21.250  1.1934e-05
12.500  21.500  2.5346e-05
12.500  21.750  5.1190e-05
12.500  22.000  8.0684e-05
12.500  22.250  1.0505e-04
12.500  22.500  1.1549e-04
12.500  22.750  1.0324e-04
12.500  23.000  5.9506e-05
12.500  23.250  9.0535e-07
12.500  23.500  1.0000e-07
12.500  23.750  1.0000e-07
12.500  24.000  1.0000e-07
12.750  17.000  1.0000e-07
12.750  17.250  1.0000e-07
12.750  17.500  1.0000e-07
12.750  17.750  1.0000e-07
12.750  18.000  1.0000e-07
12.750  18.250  1.0000e-07
12.750  18.500  1.0000e-07
12.750  18.750  1.0000e-07
12.750  19.000  1.0000e-07
12.750  19.250  1.0000e-07
12.750  19.500  1.0000e-07
12.750  19.750  9.0535e-07
12.750  20.000  2.2222e-06
12.750  20.250  4.0329e-06
12.750  20.500  6.0905e-06
12.750  20.750  8.0658e-06
12.750  21.000  9.3004e-06
12.750  21.250  9.3004e-06
12.750  21.500  8.0658e-06
12.750  21.750  1.4012e-05
12.750  22.000  2.6154e-05
12.750  22.250  4.0390e-05
12.750  22.500  5.2619e-05
12.750  22.750  5.8739e-05
12.750  23.000  5.4650e-05
12.750  23.250  3.3992e-05
12.750  23.500  1.0000e-07
12.750  23.750  1.0000e-07
12.750  24.000  1.0000e-07
13.000  17.000  1.0000e-07
13.000  17.250  1.0000e-07
13.000  17.500  1.0000e-07
13.000  17.750  1.0000e-07
13.000  18.000  1.0000e-07
13.000  18.250  1.0000e-07
13.000  18.500  1.0000e-07
13.000  18.750  1.0000e-07
13.000  19.000  1.0000e-07
13.000  19.250  1.0000e-07
13.000  19.500  1.0000e-07
13.000  19.750  1.0000e-07
13.000  20.000  1.0000e-07
13.000  20.250  1.3992e-06
13.000  20.500  2.6337e-06
13.000  20.750  4.1152e-06
13.000  21.000  5.5144e-06
13.000  21.250  6.4198e-06
13.000  21.500  6.5021e-06
13.000  21.750  5.6790e-06
13.000  22.000  1.0417e-05
13.000  22.250  1.9851e-05
13.000  22.500  3.0683e-05
13.000  22.750  3.9616e-05
13.000  23.000  4.3354e-05
13.000  23.250  3.8601e-05
13.000  23.500  2.2140e-05
13.000  23.750  1.0000e-07
13.000  24.000  1.0000e-07
13.250  17.000  1.0000e-07
13.250  17.250  1.0000e-07
13.250  17.500  1.0000e-07
13.250  17.750  1.0000e-07
13.250  18.000  1.0000e-07
13.250  18.250  1.0000e-07
13.250  18.500  1.0000e-07
13.250  18.750  1.0000e-07
13.250  19.000  1.0000e-07
13.250  19.250  1.0000e-07
13.250  19.500  1.0000e-07
13.250  19.750  1.0000e-07
13.250  20.000  1.0000e-07
13.250  20.250  1.0000e-07
13.250  20.500  9.0535e-07
13.250  20.750  1.7284e-06
13.250  21.000  2.7160e-06
13.250  21.250  3.6214e-06
13.250  21.500  4.2798e-06
13.250  21.750  4.3621e-06
13.250  22.000  4.0329e-06
13.250  22.250  8.9896e-06
13.250  22.500  1.8117e-05
13.250  22.750  2.8088e-05
13.250  23.000  3.5576e-05
13.250  23.250  3.7254e-05
13.250  23.500  2.9794e-05
13.250  23.750  1.3663e-05
13.250  24.000  1.0000e-07
13.500  17.000  1.0000e-07
13.500  17.250  1.0000e-07
13.500  17.500  1.0000e-07
13.500  17.750  1.0000e-07
13.500  18.000  1.0000e-07
13.500  18.250  1.0000e-07
13.500  18.500  1.0000e-07
13.500  18.750  1.0000e-07
13.500  19.000  1.0000e-07
13.500  19.250  1.0000e-07
13.500  19.500  1.0000e-07
13.500  19.750  1.0000e-07
13.500  20.000  1.0000e-07
13.500  20.250  1.0000e-07
13.500  20.500  1.0000e-07
13.500  20.750  1.0000e-07
13.500  21.000  1.0700e-06
13.500  21.250  1.7284e-06
13.500  21.500  2.3045e-06
13.500  21.750  2.7160e-06
13.500  22.000  2.9630e-06
13.500  22.250  2.8807e-06
13.500  22.500  6.8003e-06
13.500  22.750  1.3866e-05
13.500  23.000  2.1506e-05
13.500  23.250  2.7147e-05
13.500  23.500  2.8216e-05
13.500  23.750  2.2140e-05
13.500  24.000  8.3951e-06
13.750  17.000  1.0000e-07
13.750  17.250  1.0000e-07
13.750  17.500  1.0000e-07
13.750  17.750  1.0000e-07
13.750  18.000  1.0000e-07
13.750  18.250  1.0000e-07
13.750  18.500  1.0000e-07
13.750  18.750  1.0000e-07
13.750  19.000  1.0000e-07
13.750  19.250  1.0000e-07
13.750  19.500  1.0000e-07
13.750  19.750  1.0000e-07
13.750  20.000  1.0000e-07
13.750  20.250  1.0000e-07
13.750  20.500  1.0000e-07
13.750  20.750  1.0000e-07
13.750  21.000  1.0000e-07
13.750  21.250  1.0000e-07
13.750  21.500  1.0700e-06
13.750  21.750  1.4815e-06
13.750  22.000  1.8107e-06
13.750  22.250  2.0576e-06
13.750  22.500  2.2222e-06
13.750  22.750  2.3045e-06
13.750  23.000  3.1276e-06
13.750  23.250  5.8436e-06
13.750  23.500  1.2263e-05
13.750  23.750  2.2058e-05
13.750  24.000  1.5720e-05
14.000  17.000  1.0000e-07
14.000  17.250  1.0000e-07
14.000  17.500  1.0000e-07
14.000  17.750  1.0000e-07
14.000  18.000  1.0000e-07
14.000  18.250  1.0000e-07
14.000  18.500  1.0000e-07
14.000  18.750  1.0000e-07
14.000  19.000  1.0000e-07
14.000  19.250  1.0000e-07
14.000  19.500  1.0000e-07
14.000  19.750  1.0000e-07
14.000  20.000  1.0000e-07
14.000  20.250  1.0000e-07
14.000  20.500  1.0000e-07
14.000  20.750  1.0000e-07
14.000  21.000  1.0000e-07
14.000  21.250  1.0000e-07
14.000  21.500  1.0000e-07
14.000  21.750  1.0000e-07
14.000  22.000  9.8765e-07
14.000  22.250  1.2346e-06
14.000  22.500  1.5638e-06
14.000  22.750  1.8107e-06
14.000  23.000  2.3045e-06
14.000  23.250  3.3745e-06
14.000  23.500  6.1728e-06
14.000  23.750  1.1605e-05
14.000  24.000  1.6790e-05
