InwC 960.000A  relative to Inci 1215.00A scaled to 1215A.
Hden   Phi(H)  Eq_Width (A)
7.000  17.000  6.2872e-02
7.000  17.250  1.0335e-01
7.000  17.500  1.6883e-01
7.000  17.750  2.6837e-01
7.000  18.000  3.4484e-01
7.000  18.250  3.5730e-01
7.000  18.500  3.6151e-01
7.000  18.750  3.6120e-01
7.000  19.000  3.6083e-01
7.000  19.250  3.6077e-01
7.000  19.500  3.6068e-01
7.000  19.750  3.6068e-01
7.000  20.000  3.6069e-01
7.000  20.250  3.6069e-01
7.000  20.500  3.6069e-01
7.000  20.750  3.6068e-01
7.000  21.000  3.6069e-01
7.000  21.250  3.6069e-01
7.000  21.500  3.6068e-01
7.000  21.750  3.6069e-01
7.000  22.000  3.6069e-01
7.000  22.250  3.6069e-01
7.000  22.500  3.6069e-01
7.000  22.750  3.6069e-01
7.000  23.000  3.6069e-01
7.000  23.250  3.6069e-01
7.000  23.500  3.6069e-01
7.000  23.750  3.6069e-01
7.000  24.000  3.6069e-01
7.250  17.000  3.7059e-02
7.250  17.250  6.1566e-02
7.250  17.500  1.0204e-01
7.250  17.750  1.6846e-01
7.250  18.000  2.6926e-01
7.250  18.250  3.4497e-01
7.250  18.500  3.5737e-01
7.250  18.750  3.6150e-01
7.250  19.000  3.6120e-01
7.250  19.250  3.6083e-01
7.250  19.500  3.6077e-01
7.250  19.750  3.6067e-01
7.250  20.000  3.6068e-01
7.250  20.250  3.6068e-01
7.250  20.500  3.6069e-01
7.250  20.750  3.6068e-01
7.250  21.000  3.6069e-01
7.250  21.250  3.6069e-01
7.250  21.500  3.6069e-01
7.250  21.750  3.6069e-01
7.250  22.000  3.6069e-01
7.250  22.250  3.6069e-01
7.250  22.500  3.6069e-01
7.250  22.750  3.6069e-01
7.250  23.000  3.6069e-01
7.250  23.250  3.6069e-01
7.250  23.500  3.6069e-01
7.250  23.750  3.6069e-01
7.250  24.000  3.6069e-01
7.500  17.000  2.2097e-02
7.500  17.250  3.6180e-02
7.500  17.500  6.0537e-02
7.500  17.750  1.0144e-01
7.500  18.000  1.6849e-01
7.500  18.250  2.7116e-01
7.500  18.500  3.4507e-01
7.500  18.750  3.5746e-01
7.500  19.000  3.6150e-01
7.500  19.250  3.6120e-01
7.500  19.500  3.6083e-01
7.500  19.750  3.6077e-01
7.500  20.000  3.6068e-01
7.500  20.250  3.6068e-01
7.500  20.500  3.6069e-01
7.500  20.750  3.6069e-01
7.500  21.000  3.6069e-01
7.500  21.250  3.6068e-01
7.500  21.500  3.6069e-01
7.500  21.750  3.6068e-01
7.500  22.000  3.6069e-01
7.500  22.250  3.6069e-01
7.500  22.500  3.6069e-01
7.500  22.750  3.6069e-01
7.500  23.000  3.6069e-01
7.500  23.250  3.6069e-01
7.500  23.500  3.6069e-01
7.500  23.750  3.6069e-01
7.500  24.000  3.6072e-01
7.750  17.000  1.3747e-02
7.750  17.250  2.1534e-02
7.750  17.500  3.5518e-02
7.750  17.750  5.9971e-02
7.750  18.000  1.0158e-01
7.750  18.250  1.7047e-01
7.750  18.500  2.7458e-01
7.750  18.750  3.4518e-01
7.750  19.000  3.5755e-01
7.750  19.250  3.6151e-01
7.750  19.500  3.6120e-01
7.750  19.750  3.6082e-01
7.750  20.000  3.6078e-01
7.750  20.250  3.6068e-01
7.750  20.500  3.6068e-01
7.750  20.750  3.6068e-01
7.750  21.000  3.6068e-01
7.750  21.250  3.6069e-01
7.750  21.500  3.6069e-01
7.750  21.750  3.6069e-01
7.750  22.000  3.6069e-01
7.750  22.250  3.6069e-01
7.750  22.500  3.6068e-01
7.750  22.750  3.6069e-01
7.750  23.000  3.6069e-01
7.750  23.250  3.6069e-01
7.750  23.500  3.6069e-01
7.750  23.750  3.6069e-01
7.750  24.000  3.6069e-01
8.000  17.000  9.1456e-03
8.000  17.250  1.3277e-02
8.000  17.500  2.0874e-02
8.000  17.750  3.4736e-02
8.000  18.000  5.9541e-02
8.000  18.250  1.0243e-01
8.000  18.500  1.7401e-01
8.000  18.750  2.7891e-01
8.000  19.000  3.4525e-01
8.000  19.250  3.5761e-01
8.000  19.500  3.6151e-01
8.000  19.750  3.6120e-01
8.000  20.000  3.6082e-01
8.000  20.250  3.6078e-01
8.000  20.500  3.6068e-01
8.000  20.750  3.6068e-01
8.000  21.000  3.6068e-01
8.000  21.250  3.6068e-01
8.000  21.500  3.6069e-01
8.000  21.750  3.6069e-01
8.000  22.000  3.6069e-01
8.000  22.250  3.6069e-01
8.000  22.500  3.6069e-01
8.000  22.750  3.6069e-01
8.000  23.000  3.6068e-01
8.000  23.250  3.6069e-01
8.000  23.500  3.6069e-01
8.000  23.750  3.6069e-01
8.000  24.000  3.6069e-01
8.250  17.000  6.7440e-03
8.250  17.250  8.9088e-03
8.250  17.500  1.2976e-02
8.250  17.750  2.0591e-02
8.250  18.000  3.4762e-02
8.250  18.250  6.0847e-02
8.250  18.500  1.0664e-01
8.250  18.750  1.8367e-01
8.250  19.000  2.8879e-01
8.250  19.250  3.4537e-01
8.250  19.500  3.5772e-01
8.250  19.750  3.6151e-01
8.250  20.000  3.6121e-01
8.250  20.250  3.6083e-01
8.250  20.500  3.6077e-01
8.250  20.750  3.6067e-01
8.250  21.000  3.6068e-01
8.250  21.250  3.6068e-01
8.250  21.500  3.6069e-01
8.250  21.750  3.6068e-01
8.250  22.000  3.6069e-01
8.250  22.250  3.6069e-01
8.250  22.500  3.6069e-01
8.250  22.750  3.6069e-01
8.250  23.000  3.6069e-01
8.250  23.250  3.6069e-01
8.250  23.500  3.6069e-01
8.250  23.750  3.6069e-01
8.250  24.000  3.6069e-01
8.500  17.000  5.4387e-03
8.500  17.250  6.5653e-03
8.500  17.500  8.7132e-03
8.500  17.750  1.2772e-02
8.500  18.000  2.0584e-02
8.500  18.250  3.5707e-02
8.500  18.500  6.4382e-02
8.500  18.750  1.1517e-01
8.500  19.000  2.0033e-01
8.500  19.250  3.0155e-01
8.500  19.500  3.4549e-01
8.500  19.750  3.5787e-01
8.500  20.000  3.6150e-01
8.500  20.250  3.6120e-01
8.500  20.500  3.6083e-01
8.500  20.750  3.6077e-01
8.500  21.000  3.6068e-01
8.500  21.250  3.6068e-01
8.500  21.500  3.6069e-01
8.500  21.750  3.6069e-01
8.500  22.000  3.6068e-01
8.500  22.250  3.6069e-01
8.500  22.500  3.6068e-01
8.500  22.750  3.6068e-01
8.500  23.000  3.6068e-01
8.500  23.250  3.6068e-01
8.500  23.500  3.6069e-01
8.500  23.750  3.6069e-01
8.500  24.000  3.6069e-01
8.750  17.000  4.6993e-03
8.750  17.250  5.2865e-03
8.750  17.500  6.4219e-03
8.750  17.750  8.5760e-03
8.750  18.000  1.2816e-02
8.750  18.250  2.1235e-02
8.750  18.500  3.8242e-02
8.750  18.750  7.1215e-02
8.750  19.000  1.2957e-01
8.750  19.250  2.2397e-01
8.750  19.500  3.1688e-01
8.750  19.750  3.4562e-01
8.750  20.000  3.5803e-01
8.750  20.250  3.6151e-01
8.750  20.500  3.6119e-01
8.750  20.750  3.6083e-01
8.750  21.000  3.6077e-01
8.750  21.250  3.6068e-01
8.750  21.500  3.6068e-01
8.750  21.750  3.6068e-01
8.750  22.000  3.6069e-01
8.750  22.250  3.6069e-01
8.750  22.500  3.6069e-01
8.750  22.750  3.6069e-01
8.750  23.000  3.6069e-01
8.750  23.250  3.6069e-01
8.750  23.500  3.6069e-01
8.750  23.750  3.6069e-01
8.750  24.000  3.6069e-01
9.000  17.000  4.2502e-03
9.000  17.250  4.5646e-03
9.000  17.500  5.1694e-03
9.000  17.750  6.3407e-03
9.000  18.000  8.6593e-03
9.000  18.250  1.3331e-02
9.000  18.500  2.3007e-02
9.000  18.750  4.2958e-02
9.000  19.000  8.1890e-02
9.000  19.250  1.5043e-01
9.000  19.500  2.5160e-01
9.000  19.750  3.2694e-01
9.000  20.000  3.4579e-01
9.000  20.250  3.5823e-01
9.000  20.500  3.6151e-01
9.000  20.750  3.6119e-01
9.000  21.000  3.6082e-01
9.000  21.250  3.6077e-01
9.000  21.500  3.6068e-01
9.000  21.750  3.6068e-01
9.000  22.000  3.6068e-01
9.000  22.250  3.6068e-01
9.000  22.500  3.6069e-01
9.000  22.750  3.6068e-01
9.000  23.000  3.6068e-01
9.000  23.250  3.6069e-01
9.000  23.500  3.6069e-01
9.000  23.750  3.6069e-01
9.000  24.000  3.6069e-01
9.250  17.000  3.9470e-03
9.250  17.250  4.1240e-03
9.250  17.500  4.4677e-03
9.250  17.750  5.1468e-03
9.250  18.000  6.5700e-03
9.250  18.250  9.2149e-03
9.250  18.500  1.4657e-02
9.250  18.750  2.6112e-02
9.250  19.000  4.9990e-02
9.250  19.250  9.6131e-02
9.250  19.500  1.7589e-01
9.250  19.750  2.7902e-01
9.250  20.000  3.3504e-01
9.250  20.250  3.4607e-01
9.250  20.500  3.5847e-01
9.250  20.750  3.6151e-01
9.250  21.000  3.6118e-01
9.250  21.250  3.6083e-01
9.250  21.500  3.6077e-01
9.250  21.750  3.6062e-01
9.250  22.000  3.6035e-01
9.250  22.250  3.6062e-01
9.250  22.500  3.6068e-01
9.250  22.750  3.6068e-01
9.250  23.000  3.6068e-01
9.250  23.250  3.6068e-01
9.250  23.500  3.6069e-01
9.250  23.750  3.6069e-01
9.250  24.000  3.6068e-01
9.500  17.000  3.7337e-03
9.500  17.250  3.8294e-03
9.500  17.500  4.0497e-03
9.500  17.750  4.5200e-03
9.500  18.000  5.4366e-03
9.500  18.250  7.0696e-03
9.500  18.500  1.0277e-02
9.500  18.750  1.6882e-02
9.500  19.000  3.0753e-02
9.500  19.250  5.9262e-02
9.500  19.500  1.1361e-01
9.500  19.750  2.0547e-01
9.500  20.000  3.0309e-01
9.500  20.250  3.3605e-01
9.500  20.500  3.4644e-01
9.500  20.750  3.5876e-01
9.500  21.000  3.6149e-01
9.500  21.250  3.6114e-01
9.500  21.500  3.6067e-01
9.500  21.750  3.6035e-01
9.500  22.000  3.5988e-01
9.500  22.250  3.5964e-01
9.500  22.500  3.5950e-01
9.500  22.750  3.5939e-01
9.500  23.000  3.5931e-01
9.500  23.250  3.5928e-01
9.500  23.500  3.5985e-01
9.500  23.750  3.5985e-01
9.500  24.000  3.5985e-01
9.750  17.000  3.6060e-03
9.750  17.250  3.6139e-03
9.750  17.500  3.7621e-03
9.750  17.750  4.1333e-03
9.750  18.000  4.8003e-03
9.750  18.250  5.9463e-03
9.750  18.500  8.0139e-03
9.750  18.750  1.2024e-02
9.750  19.000  2.0281e-02
9.750  19.250  3.7367e-02
9.750  19.500  7.1694e-02
9.750  19.750  1.3562e-01
9.750  20.000  2.3736e-01
9.750  20.250  3.1872e-01
9.750  20.500  3.3677e-01
9.750  20.750  3.4688e-01
9.750  21.000  3.5915e-01
9.750  21.250  3.6150e-01
9.750  21.500  3.6117e-01
9.750  21.750  3.6077e-01
9.750  22.000  3.6035e-01
9.750  22.250  3.5993e-01
9.750  22.500  3.5974e-01
9.750  22.750  3.5965e-01
9.750  23.000  3.5958e-01
9.750  23.250  3.5952e-01
9.750  23.500  3.5949e-01
9.750  23.750  3.5947e-01
9.750  24.000  3.5945e-01
10.000  17.000  3.5700e-03
10.000  17.250  3.4677e-03
10.000  17.500  3.5291e-03
10.000  17.750  3.8272e-03
10.000  18.000  4.4204e-03
10.000  18.250  5.3118e-03
10.000  18.500  6.7968e-03
10.000  18.750  9.5159e-03
10.000  19.000  1.4790e-02
10.000  19.250  2.5909e-02
10.000  19.500  5.0771e-02
10.000  19.750  1.0260e-01
10.000  20.000  1.8644e-01
10.000  20.250  2.7982e-01
10.000  20.500  3.2663e-01
10.000  20.750  3.3757e-01
10.000  21.000  3.4758e-01
10.000  21.250  3.5962e-01
10.000  21.500  3.6148e-01
10.000  21.750  3.6118e-01
10.000  22.000  3.6081e-01
10.000  22.250  3.6049e-01
10.000  22.500  3.5996e-01
10.000  22.750  3.5980e-01
10.000  23.000  3.5975e-01
10.000  23.250  3.5970e-01
10.000  23.500  3.5966e-01
10.000  23.750  3.5965e-01
10.000  24.000  3.5963e-01
10.250  17.000  3.6228e-03
10.250  17.250  3.4101e-03
10.250  17.500  3.3809e-03
10.250  17.750  3.6146e-03
10.250  18.000  4.1491e-03
10.250  18.250  4.9308e-03
10.250  18.500  6.1134e-03
10.250  18.750  8.1632e-03
10.250  19.000  1.1989e-02
10.250  19.250  1.9173e-02
10.250  19.500  3.3632e-02
10.250  19.750  6.3707e-02
10.250  20.000  1.2052e-01
10.250  20.250  2.1179e-01
10.250  20.500  2.9822e-01
10.250  20.750  3.2854e-01
10.250  21.000  3.3800e-01
10.250  21.250  3.4843e-01
10.250  21.500  3.6011e-01
10.250  21.750  3.6147e-01
10.250  22.000  3.6119e-01
10.250  22.250  3.6082e-01
10.250  22.500  3.6068e-01
10.250  22.750  3.6001e-01
10.250  23.000  3.5983e-01
10.250  23.250  3.5980e-01
10.250  23.500  3.5978e-01
10.250  23.750  3.5975e-01
10.250  24.000  3.5975e-01
10.500  17.000  3.7363e-03
10.500  17.250  3.4356e-03
10.500  17.500  3.3200e-03
10.500  17.750  3.4824e-03
10.500  18.000  3.9265e-03
10.500  18.250  4.6438e-03
10.500  18.500  5.6411e-03
10.500  18.750  7.1421e-03
10.500  19.000  9.5377e-03
10.500  19.250  1.3766e-02
10.500  19.500  2.1965e-02
10.500  19.750  4.4058e-02
10.500  20.000  7.9399e-02
10.500  20.250  1.2397e-01
10.500  20.500  1.7376e-01
10.500  20.750  2.2475e-01
10.500  21.000  2.7293e-01
10.500  21.250  3.1427e-01
10.500  21.500  3.4476e-01
10.500  21.750  3.6039e-01
10.500  22.000  3.6145e-01
10.500  22.250  3.6117e-01
10.500  22.500  3.6082e-01
10.500  22.750  3.6074e-01
10.500  23.000  3.6037e-01
10.500  23.250  3.5988e-01
10.500  23.500  3.5983e-01
10.500  23.750  3.5982e-01
10.500  24.000  3.5981e-01
10.750  17.000  3.8657e-03
10.750  17.250  3.5151e-03
10.750  17.500  3.3373e-03
10.750  17.750  3.4385e-03
10.750  18.000  3.7694e-03
10.750  18.250  4.3309e-03
10.750  18.500  5.1326e-03
10.750  18.750  6.1723e-03
10.750  19.000  7.7279e-03
10.750  19.250  1.0370e-02
10.750  19.500  1.5184e-02
10.750  19.750  2.4509e-02
10.750  20.000  4.3425e-02
10.750  20.250  7.5877e-02
10.750  20.500  1.1914e-01
10.750  20.750  1.6884e-01
10.750  21.000  2.2059e-01
10.750  21.250  2.7002e-01
10.750  21.500  3.1273e-01
10.750  21.750  3.4436e-01
10.750  22.000  3.6052e-01
10.750  22.250  3.6144e-01
10.750  22.500  3.6115e-01
10.750  22.750  3.6082e-01
10.750  23.000  3.6076e-01
10.750  23.250  3.6058e-01
10.750  23.500  3.6017e-01
10.750  23.750  3.5990e-01
10.750  24.000  3.5984e-01
11.000  17.000  3.9722e-03
11.000  17.250  3.6106e-03
11.000  17.500  3.3989e-03
11.000  17.750  3.4472e-03
11.000  18.000  3.6788e-03
11.000  18.250  4.0538e-03
11.000  18.500  4.5866e-03
11.000  18.750  5.3467e-03
11.000  19.000  6.4326e-03
11.000  19.250  7.9609e-03
11.000  19.500  1.0897e-02
11.000  19.750  1.6433e-02
11.000  20.000  2.6753e-02
11.000  20.250  4.7348e-02
11.000  20.500  8.0830e-02
11.000  20.750  1.2426e-01
11.000  21.000  1.7347e-01
11.000  21.250  2.2430e-01
11.000  21.500  2.7258e-01
11.000  21.750  3.1415e-01
11.000  22.000  3.4484e-01
11.000  22.250  3.6050e-01
11.000  22.500  3.6140e-01
11.000  22.750  3.6113e-01
11.000  23.000  3.6082e-01
11.000  23.250  3.6076e-01
11.000  23.500  3.6064e-01
11.000  23.750  3.6052e-01
11.000  24.000  3.6021e-01
11.250  17.000  3.9891e-03
11.250  17.250  3.6731e-03
11.250  17.500  3.4543e-03
11.250  17.750  3.4663e-03
11.250  18.000  3.6201e-03
11.250  18.250  3.8335e-03
11.250  18.500  4.1464e-03
11.250  18.750  3.3356e-03
11.250  19.000  1.9986e-03
11.250  19.250  1.3130e-03
11.250  19.500  2.4567e-03
11.250  19.750  6.6076e-03
11.250  20.000  1.4943e-02
11.250  20.250  2.8642e-02
11.250  20.500  5.0532e-02
11.250  20.750  8.7241e-02
11.250  21.000  1.3583e-01
11.250  21.250  1.9056e-01
11.250  21.500  2.4569e-01
11.250  21.750  2.9547e-01
11.250  22.000  3.3416e-01
11.250  22.250  3.5602e-01
11.250  22.500  3.6028e-01
11.250  22.750  3.6137e-01
11.250  23.000  3.6112e-01
11.250  23.250  3.6082e-01
11.250  23.500  3.6077e-01
11.250  23.750  3.6067e-01
11.250  24.000  3.6063e-01
11.500  17.000  3.8533e-03
11.500  17.250  3.6477e-03
11.500  17.500  3.4551e-03
11.500  17.750  3.4486e-03
11.500  18.000  3.5412e-03
11.500  18.250  3.6553e-03
11.500  18.500  7.3653e-04
11.500  18.750  -4.7535e-03
11.500  19.000  -1.1196e-02
11.500  19.250  -1.6971e-02
11.500  19.500  -2.0461e-02
11.500  19.750  -2.0045e-02
11.500  20.000  -1.4105e-02
11.500  20.250  -1.0217e-03
11.500  20.500  2.0824e-02
11.500  20.750  5.3051e-02
11.500  21.000  9.6364e-02
11.500  21.250  1.4765e-01
11.500  21.500  2.0223e-01
11.500  21.750  2.5526e-01
11.500  22.000  3.0192e-01
11.500  22.250  3.3737e-01
11.500  22.500  3.5676e-01
11.500  22.750  3.6005e-01
11.500  23.000  3.6132e-01
11.500  23.250  3.6110e-01
11.500  23.500  3.6082e-01
11.500  23.750  3.6077e-01
11.500  24.000  3.6067e-01
11.750  17.000  3.4819e-03
11.750  17.250  3.4582e-03
11.750  17.500  1.2443e-03
11.750  17.750  -3.0165e-03
11.750  18.000  -8.5970e-03
11.750  18.250  -1.4771e-02
11.750  18.500  -2.0810e-02
11.750  18.750  -2.5989e-02
11.750  19.000  -2.9580e-02
11.750  19.250  -3.0856e-02
11.750  19.500  -2.9090e-02
11.750  19.750  -2.3557e-02
11.750  20.000  -1.3527e-02
11.750  20.250  1.7245e-03
11.750  20.500  2.2925e-02
11.750  20.750  5.0803e-02
11.750  21.000  8.6083e-02
11.750  21.250  1.2949e-01
11.750  21.500  1.8176e-01
11.750  21.750  2.4117e-01
11.750  22.000  2.9621e-01
11.750  22.250  3.3294e-01
11.750  22.500  3.4632e-01
11.750  22.750  3.5686e-01
11.750  23.000  3.5981e-01
11.750  23.250  3.6126e-01
11.750  23.500  3.6112e-01
11.750  23.750  3.6082e-01
11.750  24.000  3.6077e-01
12.000  17.000  2.8369e-03
12.000  17.250  3.0300e-03
12.000  17.500  3.0832e-03
12.000  17.750  3.1947e-03
12.000  18.000  3.3230e-03
12.000  18.250  3.3615e-03
12.000  18.500  3.3717e-03
12.000  18.750  3.4628e-03
12.000  19.000  3.6679e-03
12.000  19.250  4.0338e-03
12.000  19.500  4.6241e-03
12.000  19.750  5.5020e-03
12.000  20.000  6.8170e-03
12.000  20.250  8.9368e-03
12.000  20.500  1.2602e-02
12.000  20.750  1.9300e-02
12.000  21.000  3.2088e-02
12.000  21.250  5.7259e-02
12.000  21.500  1.0467e-01
12.000  21.750  1.9308e-01
12.000  22.000  3.0018e-01
12.000  22.250  3.2133e-01
12.000  22.500  3.3426e-01
12.000  22.750  3.4871e-01
12.000  23.000  3.5667e-01
12.000  23.250  3.5959e-01
12.000  23.500  3.6117e-01
12.000  23.750  3.6109e-01
12.000  24.000  3.6082e-01
12.250  17.000  2.0415e-03
12.250  17.250  2.3943e-03
12.250  17.500  2.6510e-03
12.250  17.750  2.9157e-03
12.250  18.000  3.0559e-03
12.250  18.250  3.0562e-03
12.250  18.500  3.0677e-03
12.250  18.750  3.1476e-03
12.250  19.000  3.2966e-03
12.250  19.250  3.5457e-03
12.250  19.500  3.9370e-03
12.250  19.750  4.5487e-03
12.250  20.000  5.4330e-03
12.250  20.250  6.7604e-03
12.250  20.500  8.9081e-03
12.250  20.750  1.2642e-02
12.250  21.000  1.9543e-02
12.250  21.250  3.2950e-02
12.250  21.500  5.8851e-02
12.250  21.750  1.1095e-01
12.250  22.000  2.0659e-01
12.250  22.250  3.0344e-01
12.250  22.500  3.2258e-01
12.250  22.750  3.3678e-01
12.250  23.000  3.5017e-01
12.250  23.250  3.5646e-01
12.250  23.500  3.5936e-01
12.250  23.750  3.6109e-01
12.250  24.000  3.6106e-01
12.500  17.000  1.3923e-03
12.500  17.250  1.7955e-03
12.500  17.500  2.1598e-03
12.500  17.750  2.4093e-03
12.500  18.000  2.5300e-03
12.500  18.250  2.5960e-03
12.500  18.500  2.6744e-03
12.500  18.750  2.7869e-03
12.500  19.000  2.9388e-03
12.500  19.250  3.1407e-03
12.500  19.500  3.4202e-03
12.500  19.750  3.8288e-03
12.500  20.000  4.4419e-03
12.500  20.250  5.3255e-03
12.500  20.500  6.6494e-03
12.500  20.750  8.8047e-03
12.500  21.000  1.2608e-02
12.500  21.250  1.9780e-02
12.500  21.500  3.3592e-02
12.500  21.750  6.1988e-02
12.500  22.000  1.1911e-01
12.500  22.250  2.2334e-01
12.500  22.500  3.0724e-01
12.500  22.750  3.2471e-01
12.500  23.000  3.3916e-01
12.500  23.250  3.5076e-01
12.500  23.500  3.5623e-01
12.500  23.750  3.5920e-01
12.500  24.000  3.6102e-01
12.750  17.000  9.7901e-04
12.750  17.250  1.3064e-03
12.750  17.500  1.5615e-03
12.750  17.750  1.7292e-03
12.750  18.000  1.8793e-03
12.750  18.250  2.0426e-03
12.750  18.500  2.1953e-03
12.750  18.750  2.3632e-03
12.750  19.000  2.5483e-03
12.750  19.250  2.7546e-03
12.750  19.500  2.9900e-03
12.750  19.750  3.2880e-03
12.750  20.000  3.7041e-03
12.750  20.250  4.3120e-03
12.750  20.500  5.1793e-03
12.750  20.750  6.4886e-03
12.750  21.000  8.6695e-03
12.750  21.250  1.2562e-02
12.750  21.500  1.9908e-02
12.750  21.750  3.5018e-02
12.750  22.000  6.6574e-02
12.750  22.250  1.2994e-01
12.750  22.500  2.4443e-01
12.750  22.750  3.0923e-01
12.750  23.000  3.2643e-01
12.750  23.250  3.4072e-01
12.750  23.500  3.5102e-01
12.750  23.750  3.5603e-01
12.750  24.000  3.5902e-01
13.000  17.000  6.2041e-04
13.000  17.250  8.4584e-04
13.000  17.500  1.0129e-03
13.000  17.750  1.1426e-03
13.000  18.000  1.2993e-03
13.000  18.250  1.4815e-03
13.000  18.500  1.6784e-03
13.000  18.750  1.8889e-03
13.000  19.000  2.1132e-03
13.000  19.250  2.3460e-03
13.000  19.500  2.5833e-03
13.000  19.750  2.8376e-03
13.000  20.000  3.1426e-03
13.000  20.250  3.5592e-03
13.000  20.500  4.1535e-03
13.000  20.750  5.0024e-03
13.000  21.000  6.3018e-03
13.000  21.250  8.5049e-03
13.000  21.500  1.2467e-02
13.000  21.750  2.0334e-02
13.000  22.000  3.7018e-02
13.000  22.250  7.2571e-02
13.000  22.500  1.4537e-01
13.000  22.750  2.6425e-01
13.000  23.000  3.1010e-01
13.000  23.250  3.2716e-01
13.000  23.500  3.4146e-01
13.000  23.750  3.5114e-01
13.000  24.000  3.5581e-01
13.250  17.000  3.9918e-04
13.250  17.250  5.4642e-04
13.250  17.500  6.6469e-04
13.250  17.750  7.4469e-04
13.250  18.000  8.5144e-04
13.250  18.250  1.0046e-03
13.250  18.500  1.1910e-03
13.250  18.750  1.4073e-03
13.250  19.000  1.6490e-03
13.250  19.250  1.9061e-03
13.250  19.500  2.1667e-03
13.250  19.750  2.4216e-03
13.250  20.000  2.6879e-03
13.250  20.250  2.9923e-03
13.250  20.500  3.3928e-03
13.250  20.750  3.9635e-03
13.250  21.000  4.7906e-03
13.250  21.250  6.0773e-03
13.250  21.500  8.2765e-03
13.250  21.750  1.2383e-02
13.250  22.000  2.1042e-02
13.250  22.250  3.9762e-02
13.250  22.500  8.0059e-02
13.250  22.750  1.5775e-01
13.250  23.000  2.7448e-01
13.250  23.250  3.1020e-01
13.250  23.500  3.2724e-01
13.250  23.750  3.4206e-01
13.250  24.000  3.5106e-01
13.500  17.000  2.6658e-04
13.500  17.250  3.5761e-04
13.500  17.500  4.3325e-04
13.500  17.750  4.8519e-04
13.500  18.000  5.5193e-04
13.500  18.250  6.5786e-04
13.500  18.500  8.0148e-04
13.500  18.750  9.8239e-04
13.500  19.000  1.2026e-03
13.500  19.250  1.4545e-03
13.500  19.500  1.7216e-03
13.500  19.750  1.9876e-03
13.500  20.000  2.2458e-03
13.500  20.250  2.5092e-03
13.500  20.500  2.8081e-03
13.500  20.750  3.1977e-03
13.500  21.000  3.7441e-03
13.500  21.250  4.5426e-03
13.500  21.500  5.7988e-03
13.500  21.750  7.9763e-03
13.500  22.000  1.2295e-02
13.500  22.250  2.1862e-02
13.500  22.500  4.3194e-02
13.500  22.750  8.8682e-02
13.500  23.000  1.6818e-01
13.500  23.250  2.7891e-01
13.500  23.500  3.1013e-01
13.500  23.750  3.2750e-01
13.500  24.000  3.4228e-01
13.750  17.000  1.8642e-04
13.750  17.250  2.4477e-04
13.750  17.500  2.9243e-04
13.750  17.750  3.2658e-04
13.750  18.000  3.6658e-04
13.750  18.250  4.3144e-04
13.750  18.500  5.2691e-04
13.750  18.750  6.5761e-04
13.750  19.000  8.2815e-04
13.750  19.250  1.0415e-03
13.750  19.500  1.2887e-03
13.750  19.750  1.5509e-03
13.750  20.000  1.8118e-03
13.750  20.250  2.0638e-03
13.750  20.500  2.3201e-03
13.750  20.750  2.6097e-03
13.750  21.000  2.9835e-03
13.750  21.250  3.5020e-03
13.750  21.500  4.2686e-03
13.750  21.750  5.4933e-03
13.750  22.000  7.7171e-03
13.750  22.250  1.2478e-02
13.750  22.500  2.3531e-02
13.750  22.750  4.8451e-02
13.750  23.000  9.6704e-02
13.750  23.250  1.7918e-01
13.750  23.500  2.8265e-01
13.750  23.750  3.0912e-01
13.750  24.000  3.2675e-01
14.000  17.000  1.3572e-04
14.000  17.250  1.7638e-04
14.000  17.500  2.0856e-04
14.000  17.750  2.2963e-04
14.000  18.000  2.5416e-04
14.000  18.250  2.9267e-04
14.000  18.500  3.5193e-04
14.000  18.750  4.3630e-04
14.000  19.000  5.5309e-04
14.000  19.250  7.0988e-04
14.000  19.500  9.0807e-04
14.000  19.750  1.1404e-03
14.000  20.000  1.3905e-03
14.000  20.250  1.6397e-03
14.000  20.500  1.8801e-03
14.000  20.750  2.1249e-03
14.000  21.000  2.4012e-03
14.000  21.250  2.7601e-03
14.000  21.500  3.2682e-03
14.000  21.750  3.9937e-03
14.000  22.000  5.2195e-03
14.000  22.250  7.6660e-03
14.000  22.500  1.3262e-02
14.000  22.750  2.6549e-02
14.000  23.000  5.4612e-02
14.000  23.250  1.0459e-01
14.000  23.500  1.8682e-01
14.000  23.750  2.8362e-01
14.000  24.000  3.0660e-01
