He 2 6560.44A  relative to Inci 1215.00A scaled to 1215A.
Hden   Phi(H)  Eq_Width (A)
7.000  17.000  4.9523e-04
7.000  17.250  4.8008e-04
7.000  17.500  4.6222e-04
7.000  17.750  4.4181e-04
7.000  18.000  4.1350e-04
7.000  18.250  3.6313e-04
7.000  18.500  1.0741e-04
7.000  18.750  8.7243e-06
7.000  19.000  2.0576e-06
7.000  19.250  1.0000e-07
7.000  19.500  1.0000e-07
7.000  19.750  1.0000e-07
7.000  20.000  1.0000e-07
7.000  20.250  1.0000e-07
7.000  20.500  1.0000e-07
7.000  20.750  1.0000e-07
7.000  21.000  1.0000e-07
7.000  21.250  1.0000e-07
7.000  21.500  1.0000e-07
7.000  21.750  1.0000e-07
7.000  22.000  1.0000e-07
7.000  22.250  1.0000e-07
7.000  22.500  1.0000e-07
7.000  22.750  1.0000e-07
7.000  23.000  1.0000e-07
7.000  23.250  1.0000e-07
7.000  23.500  1.0000e-07
7.000  23.750  1.0000e-07
7.000  24.000  1.0000e-07
7.250  17.000  5.0016e-04
7.250  17.250  4.8848e-04
7.250  17.500  4.7391e-04
7.250  17.750  4.5679e-04
7.250  18.000  4.3712e-04
7.250  18.250  4.0947e-04
7.250  18.500  3.6008e-04
7.250  18.750  1.0650e-04
7.250  19.000  8.8889e-06
7.250  19.250  2.0576e-06
7.250  19.500  1.0000e-07
7.250  19.750  1.0000e-07
7.250  20.000  1.0000e-07
7.250  20.250  1.0000e-07
7.250  20.500  1.0000e-07
7.250  20.750  1.0000e-07
7.250  21.000  1.0000e-07
7.250  21.250  1.0000e-07
7.250  21.500  1.0000e-07
7.250  21.750  1.0000e-07
7.250  22.000  1.0000e-07
7.250  22.250  1.0000e-07
7.250  22.500  1.0000e-07
7.250  22.750  1.0000e-07
7.250  23.000  1.0000e-07
7.250  23.250  1.0000e-07
7.250  23.500  1.0000e-07
7.250  23.750  1.0000e-07
7.250  24.000  1.0000e-07
7.500  17.000  5.0107e-04
7.500  17.250  4.9276e-04
7.500  17.500  4.8165e-04
7.500  17.750  4.6782e-04
7.500  18.000  4.5144e-04
7.500  18.250  4.3267e-04
7.500  18.500  4.0601e-04
7.500  18.750  3.5737e-04
7.500  19.000  1.0494e-04
7.500  19.250  8.9712e-06
7.500  19.500  2.1399e-06
7.500  19.750  1.0000e-07
7.500  20.000  1.0000e-07
7.500  20.250  1.0000e-07
7.500  20.500  1.0000e-07
7.500  20.750  1.0000e-07
7.500  21.000  1.0000e-07
7.500  21.250  1.0000e-07
7.500  21.500  1.0000e-07
7.500  21.750  1.0000e-07
7.500  22.000  1.0000e-07
7.500  22.250  1.0000e-07
7.500  22.500  1.0000e-07
7.500  22.750  1.0000e-07
7.500  23.000  1.0000e-07
7.500  23.250  1.0000e-07
7.500  23.500  1.0000e-07
7.500  23.750  1.0000e-07
7.500  24.000  1.0000e-07
7.750  17.000  4.9761e-04
7.750  17.250  4.9366e-04
7.750  17.500  4.8576e-04
7.750  17.750  4.7506e-04
7.750  18.000  4.6165e-04
7.750  18.250  4.4601e-04
7.750  18.500  4.2840e-04
7.750  18.750  4.0329e-04
7.750  19.000  3.5547e-04
7.750  19.250  1.0346e-04
7.750  19.500  9.1358e-06
7.750  19.750  2.1399e-06
7.750  20.000  1.0000e-07
7.750  20.250  1.0000e-07
7.750  20.500  1.0000e-07
7.750  20.750  1.0000e-07
7.750  21.000  1.0000e-07
7.750  21.250  1.0000e-07
7.750  21.500  1.0000e-07
7.750  21.750  1.0000e-07
7.750  22.000  1.0000e-07
7.750  22.250  1.0000e-07
7.750  22.500  1.0000e-07
7.750  22.750  1.0000e-07
7.750  23.000  1.0000e-07
7.750  23.250  1.0000e-07
7.750  23.500  1.0000e-07
7.750  23.750  1.0000e-07
7.750  24.000  1.0000e-07
8.000  17.000  4.8305e-04
8.000  17.250  4.8362e-04
8.000  17.500  4.8091e-04
8.000  17.750  4.7473e-04
8.000  18.000  4.6535e-04
8.000  18.250  4.5300e-04
8.000  18.500  4.3844e-04
8.000  18.750  4.2280e-04
8.000  19.000  3.9975e-04
8.000  19.250  3.5300e-04
8.000  19.500  1.0189e-04
8.000  19.750  9.3004e-06
8.000  20.000  2.2222e-06
8.000  20.250  1.0000e-07
8.000  20.500  1.0000e-07
8.000  20.750  1.0000e-07
8.000  21.000  1.0000e-07
8.000  21.250  1.0000e-07
8.000  21.500  1.0000e-07
8.000  21.750  1.0000e-07
8.000  22.000  1.0000e-07
8.000  22.250  1.0000e-07
8.000  22.500  1.0000e-07
8.000  22.750  1.0000e-07
8.000  23.000  1.0000e-07
8.000  23.250  1.0000e-07
8.000  23.500  1.0000e-07
8.000  23.750  1.0000e-07
8.000  24.000  1.0000e-07
8.250  17.000  4.7350e-04
8.250  17.250  4.7737e-04
8.250  17.500  4.7802e-04
8.250  17.750  4.7523e-04
8.250  18.000  4.6856e-04
8.250  18.250  4.5877e-04
8.250  18.500  4.4675e-04
8.250  18.750  4.3309e-04
8.250  19.000  4.1918e-04
8.250  19.250  3.9992e-04
8.250  19.500  3.5399e-04
8.250  19.750  1.0000e-04
8.250  20.000  9.3827e-06
8.250  20.250  2.3045e-06
8.250  20.500  1.0000e-07
8.250  20.750  1.0000e-07
8.250  21.000  1.0000e-07
8.250  21.250  1.0000e-07
8.250  21.500  1.0000e-07
8.250  21.750  1.0000e-07
8.250  22.000  1.0000e-07
8.250  22.250  1.0000e-07
8.250  22.500  1.0000e-07
8.250  22.750  1.0000e-07
8.250  23.000  1.0000e-07
8.250  23.250  1.0000e-07
8.250  23.500  1.0000e-07
8.250  23.750  1.0000e-07
8.250  24.000  1.0000e-07
8.500  17.000  4.6230e-04
8.500  17.250  4.6971e-04
8.500  17.500  4.7358e-04
8.500  17.750  4.7391e-04
8.500  18.000  4.7037e-04
8.500  18.250  4.6255e-04
8.500  18.500  4.5226e-04
8.500  18.750  4.4082e-04
8.500  19.000  4.2914e-04
8.500  19.250  4.1811e-04
8.500  19.500  4.0247e-04
8.500  19.750  3.5720e-04
8.500  20.000  9.7942e-05
8.500  20.250  9.5473e-06
8.500  20.500  2.3868e-06
8.500  20.750  1.0000e-07
8.500  21.000  1.0000e-07
8.500  21.250  1.0000e-07
8.500  21.500  1.0000e-07
8.500  21.750  1.0000e-07
8.500  22.000  1.0000e-07
8.500  22.250  1.0000e-07
8.500  22.500  1.0000e-07
8.500  22.750  1.0000e-07
8.500  23.000  1.0000e-07
8.500  23.250  1.0000e-07
8.500  23.500  1.0000e-07
8.500  23.750  1.0000e-07
8.500  24.000  1.0000e-07
8.750  17.000  4.4979e-04
8.750  17.250  4.6091e-04
8.750  17.500  4.6848e-04
8.750  17.750  4.7202e-04
8.750  18.000  4.7136e-04
8.750  18.250  4.6626e-04
8.750  18.500  4.5728e-04
8.750  18.750  4.4700e-04
8.750  19.000  4.3671e-04
8.750  19.250  4.2634e-04
8.750  19.500  4.1975e-04
8.750  19.750  4.0807e-04
8.750  20.000  3.6362e-04
8.750  20.250  9.5473e-05
8.750  20.500  9.7119e-06
8.750  20.750  2.4691e-06
8.750  21.000  1.0000e-07
8.750  21.250  1.0000e-07
8.750  21.500  1.0000e-07
8.750  21.750  1.0000e-07
8.750  22.000  1.0000e-07
8.750  22.250  1.0000e-07
8.750  22.500  1.0000e-07
8.750  22.750  1.0000e-07
8.750  23.000  1.0000e-07
8.750  23.250  1.0000e-07
8.750  23.500  1.0000e-07
8.750  23.750  1.0000e-07
8.750  24.000  1.0000e-07
9.000  17.000  4.3588e-04
9.000  17.250  4.5078e-04
9.000  17.500  4.6222e-04
9.000  17.750  4.6947e-04
9.000  18.000  4.7202e-04
9.000  18.250  4.6971e-04
9.000  18.500  4.6337e-04
9.000  18.750  4.5383e-04
9.000  19.000  4.4420e-04
9.000  19.250  4.3630e-04
9.000  19.500  4.2947e-04
9.000  19.750  4.2988e-04
9.000  20.000  4.1852e-04
9.000  20.250  3.7481e-04
9.000  20.500  9.3169e-05
9.000  20.750  9.9588e-06
9.000  21.000  2.5514e-06
9.000  21.250  1.0000e-07
9.000  21.500  1.0000e-07
9.000  21.750  1.0000e-07
9.000  22.000  1.0000e-07
9.000  22.250  1.0000e-07
9.000  22.500  1.0000e-07
9.000  22.750  1.0000e-07
9.000  23.000  1.0000e-07
9.000  23.250  1.0000e-07
9.000  23.500  1.0000e-07
9.000  23.750  1.0000e-07
9.000  24.000  1.0000e-07
9.250  17.000  4.1959e-04
9.250  17.250  4.3893e-04
9.250  17.500  4.5440e-04
9.250  17.750  4.6560e-04
9.250  18.000  4.7185e-04
9.250  18.250  4.7267e-04
9.250  18.500  4.6905e-04
9.250  18.750  4.6165e-04
9.250  19.000  4.5218e-04
9.250  19.250  4.4494e-04
9.250  19.500  4.3959e-04
9.250  19.750  4.3621e-04
9.250  20.000  4.3802e-04
9.250  20.250  4.3885e-04
9.250  20.500  3.9383e-04
9.250  20.750  9.0782e-05
9.250  21.000  1.0123e-05
9.250  21.250  2.7160e-06
9.250  21.500  1.0000e-07
9.250  21.750  1.0000e-07
9.250  22.000  1.0000e-07
9.250  22.250  1.0000e-07
9.250  22.500  1.0000e-07
9.250  22.750  1.0000e-07
9.250  23.000  1.0000e-07
9.250  23.250  1.0000e-07
9.250  23.500  1.0000e-07
9.250  23.750  1.0000e-07
9.250  24.000  1.0000e-07
9.500  17.000  3.9819e-04
9.500  17.250  4.2494e-04
9.500  17.500  4.4469e-04
9.500  17.750  4.5975e-04
9.500  18.000  4.6988e-04
9.500  18.250  4.7440e-04
9.500  18.500  4.7374e-04
9.500  18.750  4.6914e-04
9.500  19.000  4.6189e-04
9.500  19.250  4.5391e-04
9.500  19.500  4.4881e-04
9.500  19.750  4.4469e-04
9.500  20.000  4.4963e-04
9.500  20.250  4.6387e-04
9.500  20.500  4.7539e-04
9.500  20.750  4.2741e-04
9.500  21.000  8.8971e-05
9.500  21.250  1.0288e-05
9.500  21.500  2.7984e-06
9.500  21.750  1.0000e-07
9.500  22.000  1.0000e-07
9.500  22.250  1.0000e-07
9.500  22.500  1.0000e-07
9.500  22.750  1.0000e-07
9.500  23.000  1.0000e-07
9.500  23.250  1.0000e-07
9.500  23.500  1.0000e-07
9.500  23.750  1.0000e-07
9.500  24.000  1.0000e-07
9.750  17.000  3.6650e-04
9.750  17.250  4.0593e-04
9.750  17.500  4.3309e-04
9.750  17.750  4.5226e-04
9.750  18.000  4.6601e-04
9.750  18.250  4.7424e-04
9.750  18.500  4.7695e-04
9.750  18.750  4.7514e-04
9.750  19.000  4.7012e-04
9.750  19.250  4.6477e-04
9.750  19.500  4.5835e-04
9.750  19.750  4.5671e-04
9.750  20.000  4.5951e-04
9.750  20.250  4.7358e-04
9.750  20.500  5.1029e-04
9.750  20.750  5.5078e-04
9.750  21.000  4.9029e-04
9.750  21.250  8.7819e-05
9.750  21.500  1.0453e-05
9.750  21.750  2.9630e-06
9.750  22.000  1.0000e-07
9.750  22.250  1.0000e-07
9.750  22.500  1.0000e-07
9.750  22.750  1.0000e-07
9.750  23.000  1.0000e-07
9.750  23.250  1.0000e-07
9.750  23.500  1.0000e-07
9.750  23.750  1.0000e-07
9.750  24.000  1.0000e-07
10.000  17.000  3.1992e-04
10.000  17.250  3.7728e-04
10.000  17.500  4.1745e-04
10.000  17.750  4.4362e-04
10.000  18.000  4.6132e-04
10.000  18.250  4.7276e-04
10.000  18.500  4.7860e-04
10.000  18.750  4.7984e-04
10.000  19.000  4.7720e-04
10.000  19.250  4.7325e-04
10.000  19.500  4.6914e-04
10.000  19.750  4.6626e-04
10.000  20.000  4.6971e-04
10.000  20.250  4.8272e-04
10.000  20.500  5.2494e-04
10.000  20.750  6.0123e-04
10.000  21.000  6.8650e-04
10.000  21.250  5.5325e-04
10.000  21.500  8.7407e-05
10.000  21.750  1.0453e-05
10.000  22.000  3.0453e-06
10.000  22.250  1.0000e-07
10.000  22.500  1.0000e-07
10.000  22.750  1.0000e-07
10.000  23.000  1.0000e-07
10.000  23.250  1.0000e-07
10.000  23.500  1.0000e-07
10.000  23.750  1.0000e-07
10.000  24.000  1.0000e-07
10.250  17.000  2.5827e-04
10.250  17.250  3.3128e-04
10.250  17.500  3.9342e-04
10.250  17.750  4.3259e-04
10.250  18.000  4.5671e-04
10.250  18.250  4.7136e-04
10.250  18.500  4.7967e-04
10.250  18.750  4.8354e-04
10.250  19.000  4.8272e-04
10.250  19.250  4.8033e-04
10.250  19.500  4.7802e-04
10.250  19.750  4.7720e-04
10.250  20.000  4.8091e-04
10.250  20.250  4.9251e-04
10.250  20.500  5.2955e-04
10.250  20.750  6.2461e-04
10.250  21.000  7.4222e-04
10.250  21.250  8.0263e-04
10.250  21.500  6.6066e-04
10.250  21.750  8.7490e-05
10.250  22.000  1.0453e-05
10.250  22.250  3.1276e-06
10.250  22.500  1.0000e-07
10.250  22.750  1.0000e-07
10.250  23.000  1.0000e-07
10.250  23.250  1.0000e-07
10.250  23.500  1.0000e-07
10.250  23.750  1.0000e-07
10.250  24.000  1.0000e-07
10.500  17.000  1.9597e-04
10.500  17.250  2.7391e-04
10.500  17.500  3.5284e-04
10.500  17.750  4.1564e-04
10.500  18.000  4.5177e-04
10.500  18.250  4.7103e-04
10.500  18.500  4.8115e-04
10.500  18.750  4.8683e-04
10.500  19.000  4.8831e-04
10.500  19.250  4.8774e-04
10.500  19.500  4.8683e-04
10.500  19.750  4.8642e-04
10.500  20.000  4.9012e-04
10.500  20.250  5.0000e-04
10.500  20.500  5.3473e-04
10.500  20.750  6.2255e-04
10.500  21.000  7.5827e-04
10.500  21.250  8.3556e-04
10.500  21.500  8.4881e-04
10.500  21.750  6.4700e-04
10.500  22.000  8.8724e-05
10.500  22.250  1.0453e-05
10.500  22.500  3.1276e-06
10.500  22.750  1.0000e-07
10.500  23.000  1.0000e-07
10.500  23.250  1.0000e-07
10.500  23.500  1.0000e-07
10.500  23.750  1.0000e-07
10.500  24.000  1.0000e-07
10.750  17.000  1.4165e-04
10.750  17.250  2.0889e-04
10.750  17.500  2.9860e-04
10.750  17.750  3.8453e-04
10.750  18.000  4.4165e-04
10.750  18.250  4.7021e-04
10.750  18.500  4.8354e-04
10.750  18.750  4.9144e-04
10.750  19.000  4.9481e-04
10.750  19.250  4.9671e-04
10.750  19.500  4.9720e-04
10.750  19.750  4.9753e-04
10.750  20.000  5.0049e-04
10.750  20.250  5.0996e-04
10.750  20.500  5.3621e-04
10.750  20.750  6.0930e-04
10.750  21.000  7.3383e-04
10.750  21.250  8.0091e-04
10.750  21.500  8.7992e-04
10.750  21.750  7.7556e-04
10.750  22.000  5.6198e-04
10.750  22.250  9.2099e-05
10.750  22.500  1.0288e-05
10.750  22.750  3.1276e-06
10.750  23.000  1.0000e-07
10.750  23.250  1.0000e-07
10.750  23.500  1.0000e-07
10.750  23.750  1.0000e-07
10.750  24.000  1.0000e-07
11.000  17.000  9.9835e-05
11.000  17.250  1.4856e-04
11.000  17.500  2.2938e-04
11.000  17.750  3.3449e-04
11.000  18.000  4.1802e-04
11.000  18.250  4.6428e-04
11.000  18.500  4.8790e-04
11.000  18.750  4.9901e-04
11.000  19.000  5.0436e-04
11.000  19.250  5.0922e-04
11.000  19.500  5.1235e-04
11.000  19.750  5.1325e-04
11.000  20.000  5.1588e-04
11.000  20.250  5.2634e-04
11.000  20.500  5.5309e-04
11.000  20.750  6.0198e-04
11.000  21.000  7.1210e-04
11.000  21.250  7.4444e-04
11.000  21.500  7.4214e-04
11.000  21.750  6.9770e-04
11.000  22.000  6.3753e-04
11.000  22.250  4.3358e-04
11.000  22.500  9.9259e-05
11.000  22.750  1.0123e-05
11.000  23.000  3.1276e-06
11.000  23.250  1.0000e-07
11.000  23.500  1.0000e-07
11.000  23.750  1.0000e-07
11.000  24.000  1.0000e-07
11.250  17.000  7.0041e-05
11.250  17.250  1.0107e-04
11.250  17.500  1.5984e-04
11.250  17.750  2.6000e-04
11.250  18.000  3.7070e-04
11.250  18.250  4.4642e-04
11.250  18.500  4.8881e-04
11.250  18.750  5.1070e-04
11.250  19.000  5.1984e-04
11.250  19.250  5.2782e-04
11.250  19.500  5.3374e-04
11.250  19.750  5.3671e-04
11.250  20.000  5.3794e-04
11.250  20.250  5.4938e-04
11.250  20.500  5.8658e-04
11.250  20.750  6.6477e-04
11.250  21.000  7.2996e-04
11.250  21.250  7.1778e-04
11.250  21.500  6.5877e-04
11.250  21.750  6.1786e-04
11.250  22.000  5.8033e-04
11.250  22.250  4.3391e-04
11.250  22.500  3.1045e-04
11.250  22.750  1.0494e-04
11.250  23.000  9.8765e-06
11.250  23.250  3.0453e-06
11.250  23.500  1.0000e-07
11.250  23.750  1.0000e-07
11.250  24.000  1.0000e-07
11.500  17.000  4.9465e-05
11.500  17.250  6.8148e-05
11.500  17.500  1.0444e-04
11.500  17.750  1.7877e-04
11.500  18.000  2.9424e-04
11.500  18.250  4.0757e-04
11.500  18.500  4.8395e-04
11.500  18.750  5.2634e-04
11.500  19.000  5.4609e-04
11.500  19.250  5.5794e-04
11.500  19.500  5.6560e-04
11.500  19.750  5.7004e-04
11.500  20.000  5.7243e-04
11.500  20.250  5.8132e-04
11.500  20.500  6.2305e-04
11.500  20.750  7.2683e-04
11.500  21.000  7.3687e-04
11.500  21.250  7.4033e-04
11.500  21.500  5.9473e-04
11.500  21.750  5.2000e-04
11.500  22.000  4.9004e-04
11.500  22.250  4.5909e-04
11.500  22.500  3.1514e-04
11.500  22.750  2.9136e-04
11.500  23.000  9.6708e-05
11.500  23.250  9.6296e-06
11.500  23.500  2.8807e-06
11.500  23.750  1.0000e-07
11.500  24.000  1.0000e-07
11.750  17.000  3.5309e-05
11.750  17.250  4.6831e-05
11.750  17.500  6.7819e-05
11.750  17.750  1.1391e-04
11.750  18.000  2.0527e-04
11.750  18.250  3.3893e-04
11.750  18.500  4.6691e-04
11.750  18.750  5.4593e-04
11.750  19.000  5.8560e-04
11.750  19.250  6.0280e-04
11.750  19.500  6.1095e-04
11.750  19.750  6.1737e-04
11.750  20.000  6.2091e-04
11.750  20.250  6.2881e-04
11.750  20.500  6.6016e-04
11.750  20.750  7.2288e-04
11.750  21.000  7.2988e-04
11.750  21.250  6.9918e-04
11.750  21.500  5.8979e-04
11.750  21.750  4.5300e-04
11.750  22.000  3.8576e-04
11.750  22.250  3.8173e-04
11.750  22.500  3.0000e-04
11.750  22.750  2.1185e-04
11.750  23.000  1.6502e-04
11.750  23.250  8.6420e-05
11.750  23.500  9.4650e-06
11.750  23.750  2.7160e-06
11.750  24.000  1.0000e-07
12.000  17.000  2.5432e-05
12.000  17.250  3.3004e-05
12.000  17.500  4.5597e-05
12.000  17.750  7.2263e-05
12.000  18.000  1.3210e-04
12.000  18.250  2.5029e-04
12.000  18.500  4.1860e-04
12.000  18.750  5.5868e-04
12.000  19.000  6.3498e-04
12.000  19.250  6.6683e-04
12.000  19.500  6.7745e-04
12.000  19.750  6.8132e-04
12.000  20.000  6.8551e-04
12.000  20.250  6.9021e-04
12.000  20.500  7.2140e-04
12.000  20.750  7.9885e-04
12.000  21.000  9.6444e-04
12.000  21.250  9.9136e-04
12.000  21.500  5.7802e-04
12.000  21.750  4.0370e-04
12.000  22.000  3.3877e-04
12.000  22.250  2.8321e-04
12.000  22.500  2.6099e-04
12.000  22.750  2.1416e-04
12.000  23.000  1.5144e-04
12.000  23.250  9.6132e-05
12.000  23.500  6.1728e-05
12.000  23.750  9.4650e-06
12.000  24.000  2.5514e-06
12.250  17.000  1.8354e-05
12.250  17.250  2.3868e-05
12.250  17.500  3.2099e-05
12.250  17.750  4.7984e-05
12.250  18.000  8.3704e-05
12.250  18.250  1.6905e-04
12.250  18.500  3.3407e-04
12.250  18.750  5.3053e-04
12.250  19.000  6.6617e-04
12.250  19.250  7.3531e-04
12.250  19.500  7.6362e-04
12.250  19.750  7.6905e-04
12.250  20.000  7.6461e-04
12.250  20.250  7.6543e-04
12.250  20.500  7.8683e-04
12.250  20.750  8.6889e-04
12.250  21.000  1.0014e-03
12.250  21.250  7.4807e-04
12.250  21.500  5.9218e-04
12.250  21.750  4.1802e-04
12.250  22.000  3.1317e-04
12.250  22.250  2.6412e-04
12.250  22.500  2.6914e-04
12.250  22.750  1.9440e-04
12.250  23.000  1.4922e-04
12.250  23.250  1.2008e-04
12.250  23.500  1.0560e-04
12.250  23.750  5.3580e-05
12.250  24.000  9.4650e-06
12.500  17.000  1.3251e-05
12.500  17.250  1.7449e-05
12.500  17.500  2.3457e-05
12.500  17.750  3.3909e-05
12.500  18.000  5.5638e-05
12.500  18.250  1.0823e-04
12.500  18.500  2.3226e-04
12.500  18.750  4.3498e-04
12.500  19.000  6.3967e-04
12.500  19.250  7.6634e-04
12.500  19.500  8.2519e-04
12.500  19.750  8.5975e-04
12.500  20.000  8.6074e-04
12.500  20.250  8.5465e-04
12.500  20.500  8.6148e-04
12.500  20.750  9.3613e-04
12.500  21.000  1.0423e-03
12.500  21.250  7.4798e-04
12.500  21.500  6.2486e-04
12.500  21.750  4.3251e-04
12.500  22.000  3.0848e-04
12.500  22.250  2.3506e-04
12.500  22.500  2.2510e-04
12.500  22.750  2.1621e-04
12.500  23.000  1.6930e-04
12.500  23.250  1.0782e-04
12.500  23.500  7.3745e-05
12.500  23.750  7.3004e-05
12.500  24.000  3.5556e-05
12.750  17.000  9.6296e-06
12.750  17.250  1.2922e-05
12.750  17.500  1.7366e-05
12.750  17.750  2.4609e-05
12.750  18.000  3.8025e-05
12.750  18.250  6.7984e-05
12.750  18.500  1.4165e-04
12.750  18.750  2.9654e-04
12.750  19.000  5.0198e-04
12.750  19.250  6.9613e-04
12.750  19.500  8.1514e-04
12.750  19.750  8.7498e-04
12.750  20.000  9.2387e-04
12.750  20.250  9.5514e-04
12.750  20.500  9.3605e-04
12.750  20.750  9.5399e-04
12.750  21.000  1.1109e-03
12.750  21.250  9.5638e-04
12.750  21.500  6.4733e-04
12.750  21.750  5.0016e-04
12.750  22.000  3.4066e-04
12.750  22.250  2.4362e-04
12.750  22.500  2.0123e-04
12.750  22.750  1.9210e-04
12.750  23.000  1.5292e-04
12.750  23.250  1.1267e-04
12.750  23.500  7.3909e-05
12.750  23.750  5.8683e-05
12.750  24.000  3.9671e-05
13.000  17.000  6.9959e-06
13.000  17.250  9.5473e-06
13.000  17.500  1.2840e-05
13.000  17.750  1.7860e-05
13.000  18.000  2.6337e-05
13.000  18.250  4.3292e-05
13.000  18.500  8.2963e-05
13.000  18.750  1.7144e-04
13.000  19.000  3.2354e-04
13.000  19.250  5.1786e-04
13.000  19.500  6.8749e-04
13.000  19.750  8.0189e-04
13.000  20.000  8.7383e-04
13.000  20.250  9.3053e-04
13.000  20.500  1.0224e-03
13.000  20.750  1.0867e-03
13.000  21.000  1.0604e-03
13.000  21.250  9.5300e-04
13.000  21.500  7.5449e-04
13.000  21.750  5.2914e-04
13.000  22.000  3.7202e-04
13.000  22.250  2.6494e-04
13.000  22.500  2.1819e-04
13.000  22.750  1.6716e-04
13.000  23.000  1.5177e-04
13.000  23.250  1.2247e-04
13.000  23.500  8.3292e-05
13.000  23.750  5.5967e-05
13.000  24.000  3.9012e-05
13.250  17.000  5.0206e-06
13.250  17.250  6.9959e-06
13.250  17.500  9.4650e-06
13.250  17.750  1.2922e-05
13.250  18.000  1.8272e-05
13.250  18.250  2.7901e-05
13.250  18.500  4.7984e-05
13.250  18.750  9.0700e-05
13.250  19.000  1.6872e-04
13.250  19.250  2.8667e-04
13.250  19.500  4.3086e-04
13.250  19.750  5.7547e-04
13.250  20.000  6.8848e-04
13.250  20.250  7.4798e-04
13.250  20.500  8.5342e-04
13.250  20.750  1.0343e-03
13.250  21.000  1.0917e-03
13.250  21.250  9.7053e-04
13.250  21.500  8.1942e-04
13.250  21.750  5.7860e-04
13.250  22.000  4.9243e-04
13.250  22.250  2.8412e-04
13.250  22.500  2.1663e-04
13.250  22.750  1.6247e-04
13.250  23.000  1.3103e-04
13.250  23.250  1.1780e-04
13.250  23.500  9.8354e-05
13.250  23.750  6.3128e-05
13.250  24.000  4.2387e-05
13.500  17.000  3.5391e-06
13.500  17.250  5.1029e-06
13.500  17.500  6.9136e-06
13.500  17.750  9.3004e-06
13.500  18.000  1.2757e-05
13.500  18.250  1.8436e-05
13.500  18.500  2.8395e-05
13.500  18.750  4.7078e-05
13.500  19.000  8.0576e-05
13.500  19.250  1.3111e-04
13.500  19.500  2.0379e-04
13.500  19.750  2.9942e-04
13.500  20.000  3.8033e-04
13.500  20.250  4.8593e-04
13.500  20.500  5.5654e-04
13.500  20.750  6.8296e-04
13.500  21.000  7.8313e-04
13.500  21.250  9.1284e-04
13.500  21.500  7.7638e-04
13.500  21.750  5.7037e-04
13.500  22.000  4.2453e-04
13.500  22.250  3.0658e-04
13.500  22.500  2.1004e-04
13.500  22.750  1.7144e-04
13.500  23.000  1.1975e-04
13.500  23.250  9.5967e-05
13.500  23.500  8.3374e-05
13.500  23.750  8.8889e-05
13.500  24.000  4.8889e-05
13.750  17.000  2.4691e-06
13.750  17.250  3.6214e-06
13.750  17.500  5.0206e-06
13.750  17.750  6.6667e-06
13.750  18.000  8.8889e-06
13.750  18.250  1.2099e-05
13.750  18.500  1.7119e-05
13.750  18.750  2.5103e-05
13.750  19.000  3.7284e-05
13.750  19.250  5.4815e-05
13.750  19.500  7.7119e-05
13.750  19.750  1.0823e-04
13.750  20.000  1.5292e-04
13.750  20.250  1.9103e-04
13.750  20.500  2.4230e-04
13.750  20.750  3.0930e-04
13.750  21.000  3.6716e-04
13.750  21.250  3.8123e-04
13.750  21.500  4.5391e-04
13.750  21.750  4.3267e-04
13.750  22.000  3.5523e-04
13.750  22.250  2.8815e-04
13.750  22.500  2.1926e-04
13.750  22.750  1.6263e-04
13.750  23.000  1.1794e-04
13.750  23.250  1.0123e-04
13.750  23.500  7.7366e-05
13.750  23.750  7.4568e-05
13.750  24.000  5.4403e-05
14.000  17.000  1.6461e-06
14.000  17.250  2.5514e-06
14.000  17.500  3.5391e-06
14.000  17.750  4.6914e-06
14.000  18.000  6.0905e-06
14.000  18.250  7.8189e-06
14.000  18.500  1.0288e-05
14.000  18.750  1.3580e-05
14.000  19.000  1.7860e-05
14.000  19.250  2.3128e-05
14.000  19.500  2.9218e-05
14.000  19.750  3.6461e-05
14.000  20.000  4.6420e-05
14.000  20.250  6.1399e-05
14.000  20.500  7.6626e-05
14.000  20.750  9.3663e-05
14.000  21.000  1.1712e-04
14.000  21.250  1.4535e-04
14.000  21.500  1.5128e-04
14.000  21.750  1.7473e-04
14.000  22.000  2.0807e-04
14.000  22.250  2.2807e-04
14.000  22.500  2.1671e-04
14.000  22.750  1.7226e-04
14.000  23.000  1.3547e-04
14.000  23.250  9.1605e-05
14.000  23.500  7.2181e-05
14.000  23.750  6.1152e-05
14.000  24.000  5.4650e-05
