InwT 1175.06A  relative to Inci 1215.00A scaled to 1215A.
Hden   Phi(H)  Eq_Width (A)
7.000  17.000  9.9252e-01
7.000  17.250  9.9066e-01
7.000  17.500  9.8315e-01
7.000  17.750  9.1631e-01
7.000  18.000  3.7559e-01
7.000  18.250  3.8756e-01
7.000  18.500  3.8381e-01
7.000  18.750  3.7342e-01
7.000  19.000  3.6771e-01
7.000  19.250  3.6474e-01
7.000  19.500  3.6331e-01
7.000  19.750  3.6276e-01
7.000  20.000  3.6253e-01
7.000  20.250  3.6242e-01
7.000  20.500  3.6237e-01
7.000  20.750  3.6234e-01
7.000  21.000  3.6233e-01
7.000  21.250  3.6232e-01
7.000  21.500  3.6231e-01
7.000  21.750  3.6232e-01
7.000  22.000  3.6231e-01
7.000  22.250  3.6231e-01
7.000  22.500  3.6231e-01
7.000  22.750  3.6231e-01
7.000  23.000  3.6231e-01
7.000  23.250  3.6231e-01
7.000  23.500  3.6231e-01
7.000  23.750  3.6231e-01
7.000  24.000  3.6232e-01
7.250  17.000  9.9390e-01
7.250  17.250  9.9141e-01
7.250  17.500  9.8955e-01
7.250  17.750  9.8147e-01
7.250  18.000  8.9641e-01
7.250  18.250  7.1514e-01
7.250  18.500  5.1251e-01
7.250  18.750  3.8370e-01
7.250  19.000  3.7339e-01
7.250  19.250  3.6770e-01
7.250  19.500  3.6473e-01
7.250  19.750  3.6330e-01
7.250  20.000  3.6276e-01
7.250  20.250  3.6253e-01
7.250  20.500  3.6242e-01
7.250  20.750  3.6237e-01
7.250  21.000  3.6235e-01
7.250  21.250  3.6233e-01
7.250  21.500  3.6232e-01
7.250  21.750  3.6232e-01
7.250  22.000  3.6231e-01
7.250  22.250  3.6231e-01
7.250  22.500  3.6231e-01
7.250  22.750  3.6231e-01
7.250  23.000  3.6231e-01
7.250  23.250  3.6231e-01
7.250  23.500  3.6231e-01
7.250  23.750  3.6231e-01
7.250  24.000  3.6231e-01
7.500  17.000  9.9558e-01
7.500  17.250  9.9233e-01
7.500  17.500  9.8994e-01
7.500  17.750  9.8792e-01
7.500  18.000  9.7542e-01
7.500  18.250  8.6803e-01
7.500  18.500  3.7504e-01
7.500  18.750  3.8747e-01
7.500  19.000  3.8364e-01
7.500  19.250  3.7337e-01
7.500  19.500  3.6769e-01
7.500  19.750  3.6473e-01
7.500  20.000  3.6330e-01
7.500  20.250  3.6276e-01
7.500  20.500  3.6253e-01
7.500  20.750  3.6242e-01
7.500  21.000  3.6237e-01
7.500  21.250  3.6234e-01
7.500  21.500  3.6233e-01
7.500  21.750  3.6232e-01
7.500  22.000  3.6232e-01
7.500  22.250  3.6232e-01
7.500  22.500  3.6231e-01
7.500  22.750  3.6231e-01
7.500  23.000  3.6231e-01
7.500  23.250  3.6231e-01
7.500  23.500  3.6231e-01
7.500  23.750  3.6231e-01
7.500  24.000  3.6234e-01
7.750  17.000  9.9708e-01
7.750  17.250  9.9363e-01
7.750  17.500  9.9046e-01
7.750  17.750  9.8795e-01
7.750  18.000  9.8517e-01
7.750  18.250  9.6230e-01
7.750  18.500  8.2216e-01
7.750  18.750  6.3940e-01
7.750  19.000  4.7760e-01
7.750  19.250  3.8362e-01
7.750  19.500  3.7335e-01
7.750  19.750  3.6768e-01
7.750  20.000  3.6474e-01
7.750  20.250  3.6331e-01
7.750  20.500  3.6276e-01
7.750  20.750  3.6253e-01
7.750  21.000  3.6242e-01
7.750  21.250  3.6237e-01
7.750  21.500  3.6234e-01
7.750  21.750  3.6233e-01
7.750  22.000  3.6232e-01
7.750  22.250  3.6232e-01
7.750  22.500  3.6231e-01
7.750  22.750  3.6231e-01
7.750  23.000  3.6231e-01
7.750  23.250  3.6231e-01
7.750  23.500  3.6231e-01
7.750  23.750  3.6231e-01
7.750  24.000  3.6231e-01
8.000  17.000  9.9793e-01
8.000  17.250  9.9498e-01
8.000  17.500  9.9151e-01
8.000  17.750  9.8806e-01
8.000  18.000  9.8490e-01
8.000  18.250  9.8012e-01
8.000  18.500  9.3683e-01
8.000  18.750  7.6399e-01
8.000  19.000  5.3650e-01
8.000  19.250  3.8767e-01
8.000  19.500  3.8362e-01
8.000  19.750  3.7335e-01
8.000  20.000  3.6768e-01
8.000  20.250  3.6474e-01
8.000  20.500  3.6331e-01
8.000  20.750  3.6276e-01
8.000  21.000  3.6253e-01
8.000  21.250  3.6242e-01
8.000  21.500  3.6237e-01
8.000  21.750  3.6234e-01
8.000  22.000  3.6233e-01
8.000  22.250  3.6232e-01
8.000  22.500  3.6232e-01
8.000  22.750  3.6231e-01
8.000  23.000  3.6231e-01
8.000  23.250  3.6231e-01
8.000  23.500  3.6231e-01
8.000  23.750  3.6231e-01
8.000  24.000  3.6231e-01
8.250  17.000  9.9800e-01
8.250  17.250  9.9580e-01
8.250  17.500  9.9265e-01
8.250  17.750  9.8871e-01
8.250  18.000  9.8402e-01
8.250  18.250  9.7941e-01
8.250  18.500  9.6942e-01
8.250  18.750  8.7535e-01
8.250  19.000  6.7317e-01
8.250  19.250  4.8729e-01
8.250  19.500  3.8788e-01
8.250  19.750  3.8363e-01
8.250  20.000  3.7336e-01
8.250  20.250  3.6768e-01
8.250  20.500  3.6473e-01
8.250  20.750  3.6330e-01
8.250  21.000  3.6276e-01
8.250  21.250  3.6253e-01
8.250  21.500  3.6242e-01
8.250  21.750  3.6237e-01
8.250  22.000  3.6234e-01
8.250  22.250  3.6233e-01
8.250  22.500  3.6232e-01
8.250  22.750  3.6232e-01
8.250  23.000  3.6231e-01
8.250  23.250  3.6231e-01
8.250  23.500  3.6231e-01
8.250  23.750  3.6231e-01
8.250  24.000  3.6231e-01
8.500  17.000  9.9729e-01
8.500  17.250  9.9590e-01
8.500  17.500  9.9334e-01
8.500  17.750  9.8941e-01
8.500  18.000  9.8387e-01
8.500  18.250  9.7743e-01
8.500  18.500  9.7052e-01
8.500  18.750  9.4783e-01
8.500  19.000  7.8115e-01
8.500  19.250  5.8805e-01
8.500  19.500  4.5173e-01
8.500  19.750  3.8815e-01
8.500  20.000  3.8365e-01
8.500  20.250  3.7334e-01
8.500  20.500  3.6768e-01
8.500  20.750  3.6473e-01
8.500  21.000  3.6330e-01
8.500  21.250  3.6276e-01
8.500  21.500  3.6253e-01
8.500  21.750  3.6242e-01
8.500  22.000  3.6237e-01
8.500  22.250  3.6234e-01
8.500  22.500  3.6233e-01
8.500  22.750  3.6232e-01
8.500  23.000  3.6231e-01
8.500  23.250  3.6231e-01
8.500  23.500  3.6231e-01
8.500  23.750  3.6231e-01
8.500  24.000  3.6231e-01
8.750  17.000  9.9581e-01
8.750  17.250  9.9516e-01
8.750  17.500  9.9323e-01
8.750  17.750  9.8968e-01
8.750  18.000  9.8396e-01
8.750  18.250  9.7638e-01
8.750  18.500  9.6766e-01
8.750  18.750  9.5642e-01
8.750  19.000  9.0337e-01
8.750  19.250  7.1607e-01
8.750  19.500  4.9186e-01
8.750  19.750  3.9705e-01
8.750  20.000  3.8847e-01
8.750  20.250  3.8369e-01
8.750  20.500  3.7333e-01
8.750  20.750  3.6768e-01
8.750  21.000  3.6473e-01
8.750  21.250  3.6330e-01
8.750  21.500  3.6276e-01
8.750  21.750  3.6253e-01
8.750  22.000  3.6242e-01
8.750  22.250  3.6237e-01
8.750  22.500  3.6234e-01
8.750  22.750  3.6233e-01
8.750  23.000  3.6232e-01
8.750  23.250  3.6232e-01
8.750  23.500  3.6232e-01
8.750  23.750  3.6231e-01
8.750  24.000  3.6231e-01
9.000  17.000  9.9356e-01
9.000  17.250  9.9360e-01
9.000  17.500  9.9224e-01
9.000  17.750  9.8908e-01
9.000  18.000  9.8356e-01
9.000  18.250  9.7563e-01
9.000  18.500  9.6590e-01
9.000  18.750  9.5453e-01
9.000  19.000  9.3511e-01
9.000  19.250  8.1035e-01
9.000  19.500  6.1452e-01
9.000  19.750  4.3137e-01
9.000  20.000  3.7604e-01
9.000  20.250  3.8883e-01
9.000  20.500  3.8373e-01
9.000  20.750  3.7333e-01
9.000  21.000  3.6767e-01
9.000  21.250  3.6473e-01
9.000  21.500  3.6330e-01
9.000  21.750  3.6276e-01
9.000  22.000  3.6253e-01
9.000  22.250  3.6242e-01
9.000  22.500  3.6237e-01
9.000  22.750  3.6234e-01
9.000  23.000  3.6233e-01
9.000  23.250  3.6232e-01
9.000  23.500  3.6232e-01
9.000  23.750  3.6231e-01
9.000  24.000  3.6231e-01
9.250  17.000  9.9054e-01
9.250  17.250  9.9119e-01
9.250  17.500  9.9036e-01
9.250  17.750  9.8753e-01
9.250  18.000  9.8222e-01
9.250  18.250  9.7458e-01
9.250  18.500  9.6434e-01
9.250  18.750  9.5148e-01
9.250  19.000  9.3528e-01
9.250  19.250  9.0543e-01
9.250  19.500  7.3919e-01
9.250  19.750  5.3880e-01
9.250  20.000  4.1558e-01
9.250  20.250  3.7659e-01
9.250  20.500  3.8924e-01
9.250  20.750  3.8376e-01
9.250  21.000  3.7332e-01
9.250  21.250  3.6768e-01
9.250  21.500  3.6473e-01
9.250  21.750  3.6324e-01
9.250  22.000  3.6243e-01
9.250  22.250  3.6247e-01
9.250  22.500  3.6242e-01
9.250  22.750  3.6237e-01
9.250  23.000  3.6234e-01
9.250  23.250  3.6233e-01
9.250  23.500  3.6232e-01
9.250  23.750  3.6232e-01
9.250  24.000  3.6231e-01
9.500  17.000  9.8672e-01
9.500  17.250  9.8794e-01
9.500  17.500  9.8759e-01
9.500  17.750  9.8504e-01
9.500  18.000  9.7993e-01
9.500  18.250  9.7230e-01
9.500  18.500  9.6171e-01
9.500  18.750  9.4704e-01
9.500  19.000  9.2841e-01
9.500  19.250  9.0645e-01
9.500  19.500  8.6243e-01
9.500  19.750  6.6675e-01
9.500  20.000  4.4552e-01
9.500  20.250  3.6558e-01
9.500  20.500  3.7735e-01
9.500  20.750  3.8969e-01
9.500  21.000  3.8377e-01
9.500  21.250  3.7327e-01
9.500  21.500  3.6752e-01
9.500  21.750  3.6430e-01
9.500  22.000  3.6250e-01
9.500  22.250  3.6172e-01
9.500  22.500  3.6134e-01
9.500  22.750  3.6112e-01
9.500  23.000  3.6099e-01
9.500  23.250  3.6093e-01
9.500  23.500  3.6149e-01
9.500  23.750  3.6148e-01
9.500  24.000  3.6148e-01
9.750  17.000  9.8206e-01
9.750  17.250  9.8379e-01
9.750  17.500  9.8390e-01
9.750  17.750  9.8158e-01
9.750  18.000  9.7639e-01
9.750  18.250  9.6822e-01
9.750  18.500  9.5695e-01
9.750  18.750  9.4127e-01
9.750  19.000  9.2063e-01
9.750  19.250  8.9611e-01
9.750  19.500  8.6947e-01
9.750  19.750  7.8468e-01
9.750  20.000  5.7808e-01
9.750  20.250  3.9396e-01
9.750  20.500  3.6708e-01
9.750  20.750  3.7833e-01
9.750  21.000  3.9027e-01
9.750  21.250  3.8381e-01
9.750  21.500  3.7330e-01
9.750  21.750  3.6762e-01
9.750  22.000  3.6431e-01
9.750  22.250  3.6255e-01
9.750  22.500  3.6182e-01
9.750  22.750  3.6149e-01
9.750  23.000  3.6131e-01
9.750  23.250  3.6120e-01
9.750  23.500  3.6114e-01
9.750  23.750  3.6111e-01
9.750  24.000  3.6108e-01
10.000  17.000  9.7650e-01
10.000  17.250  9.7871e-01
10.000  17.500  9.7926e-01
10.000  17.750  9.7699e-01
10.000  18.000  9.7124e-01
10.000  18.250  9.6218e-01
10.000  18.500  9.5023e-01
10.000  18.750  9.3392e-01
10.000  19.000  9.1251e-01
10.000  19.250  8.8228e-01
10.000  19.500  8.3807e-01
10.000  19.750  7.8577e-01
10.000  20.000  7.0020e-01
10.000  20.250  4.8802e-01
10.000  20.500  3.6838e-01
10.000  20.750  3.5426e-01
10.000  21.000  3.7978e-01
10.000  21.250  3.9100e-01
10.000  21.500  3.8381e-01
10.000  21.750  3.7330e-01
10.000  22.000  3.6766e-01
10.000  22.250  3.6445e-01
10.000  22.500  3.6258e-01
10.000  22.750  3.6188e-01
10.000  23.000  3.6159e-01
10.000  23.250  3.6144e-01
10.000  23.500  3.6134e-01
10.000  23.750  3.6130e-01
10.000  24.000  3.6127e-01
10.250  17.000  9.6988e-01
10.250  17.250  9.7253e-01
10.250  17.500  9.7338e-01
10.250  17.750  9.7093e-01
10.250  18.000  9.6420e-01
10.250  18.250  9.5438e-01
10.250  18.500  9.4183e-01
10.250  18.750  9.2514e-01
10.250  19.000  9.0233e-01
10.250  19.250  8.7443e-01
10.250  19.500  8.4398e-01
10.250  19.750  8.1091e-01
10.250  20.000  7.7218e-01
10.250  20.250  6.7899e-01
10.250  20.500  5.5087e-01
10.250  20.750  4.3271e-01
10.250  21.000  3.7041e-01
10.250  21.250  3.8167e-01
10.250  21.500  3.9183e-01
10.250  21.750  3.8382e-01
10.250  22.000  3.7331e-01
10.250  22.250  3.6767e-01
10.250  22.500  3.6463e-01
10.250  22.750  3.6263e-01
10.250  23.000  3.6191e-01
10.250  23.250  3.6165e-01
10.250  23.500  3.6151e-01
10.250  23.750  3.6143e-01
10.250  24.000  3.6140e-01
10.500  17.000  9.6173e-01
10.500  17.250  9.6503e-01
10.500  17.500  9.6601e-01
10.500  17.750  9.6302e-01
10.500  18.000  9.5506e-01
10.500  18.250  9.4438e-01
10.500  18.500  9.3230e-01
10.500  18.750  9.1724e-01
10.500  19.000  9.0053e-01
10.500  19.250  8.8340e-01
10.500  19.500  8.6300e-01
10.500  19.750  8.3608e-01
10.500  20.000  8.0415e-01
10.500  20.250  7.6242e-01
10.500  20.500  6.5337e-01
10.500  20.750  5.2625e-01
10.500  21.000  4.2245e-01
10.500  21.250  3.7265e-01
10.500  21.500  3.8458e-01
10.500  21.750  3.9255e-01
10.500  22.000  3.8380e-01
10.500  22.250  3.7328e-01
10.500  22.500  3.6767e-01
10.500  22.750  3.6470e-01
10.500  23.000  3.6300e-01
10.500  23.250  3.6196e-01
10.500  23.500  3.6167e-01
10.500  23.750  3.6156e-01
10.500  24.000  3.6149e-01
10.750  17.000  9.5089e-01
10.750  17.250  9.5556e-01
10.750  17.500  9.5670e-01
10.750  17.750  9.5255e-01
10.750  18.000  9.4325e-01
10.750  18.250  9.3274e-01
10.750  18.500  9.2206e-01
10.750  18.750  9.1036e-01
10.750  19.000  8.9975e-01
10.750  19.250  8.8879e-01
10.750  19.500  8.7511e-01
10.750  19.750  8.5525e-01
10.750  20.000  8.2729e-01
10.750  20.250  7.9325e-01
10.750  20.500  7.4518e-01
10.750  20.750  6.1109e-01
10.750  21.000  4.8604e-01
10.750  21.250  4.0548e-01
10.750  21.500  3.7575e-01
10.750  21.750  3.8875e-01
10.750  22.000  3.9334e-01
10.750  22.250  3.8380e-01
10.750  22.500  3.7325e-01
10.750  22.750  3.6767e-01
10.750  23.000  3.6472e-01
10.750  23.250  3.6321e-01
10.750  23.500  3.6224e-01
10.750  23.750  3.6175e-01
10.750  24.000  3.6158e-01
11.000  17.000  9.3555e-01
11.000  17.250  9.4298e-01
11.000  17.500  9.4445e-01
11.000  17.750  9.3915e-01
11.000  18.000  9.2825e-01
11.000  18.250  9.1775e-01
11.000  18.500  9.0873e-01
11.000  18.750  9.0084e-01
11.000  19.000  8.9437e-01
11.000  19.250  8.8871e-01
11.000  19.500  8.7996e-01
11.000  19.750  8.6580e-01
11.000  20.000  8.4410e-01
11.000  20.250  8.1399e-01
11.000  20.500  7.7625e-01
11.000  20.750  7.1873e-01
11.000  21.000  5.5214e-01
11.000  21.250  4.3187e-01
11.000  21.500  3.8405e-01
11.000  21.750  3.8117e-01
11.000  22.000  3.9399e-01
11.000  22.250  3.9418e-01
11.000  22.500  3.8377e-01
11.000  22.750  3.7323e-01
11.000  23.000  3.6767e-01
11.000  23.250  3.6472e-01
11.000  23.500  3.6327e-01
11.000  23.750  3.6260e-01
11.000  24.000  3.6205e-01
11.250  17.000  9.1306e-01
11.250  17.250  9.2478e-01
11.250  17.500  9.2781e-01
11.250  17.750  9.2147e-01
11.250  18.000  9.0871e-01
11.250  18.250  8.9777e-01
11.250  18.500  8.9056e-01
11.250  18.750  8.8588e-01
11.250  19.000  8.8339e-01
11.250  19.250  8.8117e-01
11.250  19.500  8.7674e-01
11.250  19.750  8.6748e-01
11.250  20.000  8.5194e-01
11.250  20.250  8.2868e-01
11.250  20.500  7.9581e-01
11.250  20.750  7.5325e-01
11.250  21.000  6.8551e-01
11.250  21.250  4.8172e-01
11.250  21.500  3.6795e-01
11.250  21.750  3.5903e-01
11.250  22.000  3.8724e-01
11.250  22.250  3.9880e-01
11.250  22.500  3.9445e-01
11.250  22.750  3.8375e-01
11.250  23.000  3.7321e-01
11.250  23.250  3.6768e-01
11.250  23.500  3.6472e-01
11.250  23.750  3.6329e-01
11.250  24.000  3.6271e-01
11.500  17.000  8.8283e-01
11.500  17.250  8.9776e-01
11.500  17.500  9.0362e-01
11.500  17.750  8.9722e-01
11.500  18.000  8.8205e-01
11.500  18.250  8.7092e-01
11.500  18.500  8.6558e-01
11.500  18.750  8.6387e-01
11.500  19.000  8.6441e-01
11.500  19.250  8.6472e-01
11.500  19.500  8.6295e-01
11.500  19.750  8.5837e-01
11.500  20.000  8.4828e-01
11.500  20.250  8.3211e-01
11.500  20.500  8.0796e-01
11.500  20.750  7.7252e-01
11.500  21.000  7.2589e-01
11.500  21.250  6.4875e-01
11.500  21.500  5.3881e-01
11.500  21.750  4.3363e-01
11.500  22.000  3.7984e-01
11.500  22.250  3.9468e-01
11.500  22.500  4.0229e-01
11.500  22.750  3.9460e-01
11.500  23.000  3.8372e-01
11.500  23.250  3.7318e-01
11.500  23.500  3.6767e-01
11.500  23.750  3.6472e-01
11.500  24.000  3.6330e-01
11.750  17.000  8.4575e-01
11.750  17.250  8.6084e-01
11.750  17.500  8.6815e-01
11.750  17.750  8.6194e-01
11.750  18.000  8.4527e-01
11.750  18.250  8.3531e-01
11.750  18.500  8.3198e-01
11.750  18.750  8.3232e-01
11.750  19.000  8.3434e-01
11.750  19.250  8.3615e-01
11.750  19.500  8.3651e-01
11.750  19.750  8.3451e-01
11.750  20.000  8.3079e-01
11.750  20.250  8.2250e-01
11.750  20.500  8.0779e-01
11.750  20.750  7.8252e-01
11.750  21.000  7.4402e-01
11.750  21.250  6.9536e-01
11.750  21.500  6.2079e-01
11.750  21.750  5.2291e-01
11.750  22.000  4.3310e-01
11.750  22.250  3.8875e-01
11.750  22.500  4.0181e-01
11.750  22.750  4.0503e-01
11.750  23.000  3.9495e-01
11.750  23.250  3.8367e-01
11.750  23.500  3.7319e-01
11.750  23.750  3.6767e-01
11.750  24.000  3.6472e-01
12.000  17.000  8.0042e-01
12.000  17.250  8.1469e-01
12.000  17.500  8.1933e-01
12.000  17.750  8.1222e-01
12.000  18.000  7.9707e-01
12.000  18.250  7.9007e-01
12.000  18.500  7.8785e-01
12.000  18.750  7.8899e-01
12.000  19.000  7.9188e-01
12.000  19.250  7.9537e-01
12.000  19.500  7.9860e-01
12.000  19.750  8.0125e-01
12.000  20.000  8.0373e-01
12.000  20.250  8.0491e-01
12.000  20.500  7.9839e-01
12.000  20.750  7.8313e-01
12.000  21.000  7.5454e-01
12.000  21.250  7.1168e-01
12.000  21.500  6.6672e-01
12.000  21.750  5.8086e-01
12.000  22.000  4.9141e-01
12.000  22.250  4.2500e-01
12.000  22.500  3.9885e-01
12.000  22.750  4.1138e-01
12.000  23.000  4.0745e-01
12.000  23.250  3.9527e-01
12.000  23.500  3.8357e-01
12.000  23.750  3.7315e-01
12.000  24.000  3.6766e-01
12.250  17.000  7.1891e-01
12.250  17.250  7.5965e-01
12.250  17.500  7.5703e-01
12.250  17.750  7.4717e-01
12.250  18.000  7.3732e-01
12.250  18.250  7.3300e-01
12.250  18.500  7.3245e-01
12.250  18.750  7.3633e-01
12.250  19.000  7.4263e-01
12.250  19.250  7.5032e-01
12.250  19.500  7.5835e-01
12.250  19.750  7.6646e-01
12.250  20.000  7.7420e-01
12.250  20.250  7.8083e-01
12.250  20.500  7.8321e-01
12.250  20.750  7.7570e-01
12.250  21.000  7.5754e-01
12.250  21.250  7.2350e-01
12.250  21.500  6.8097e-01
12.250  21.750  6.3139e-01
12.250  22.000  5.3247e-01
12.250  22.250  4.3218e-01
12.250  22.500  3.8732e-01
12.250  22.750  4.1377e-01
12.250  23.000  4.1903e-01
12.250  23.250  4.0947e-01
12.250  23.500  3.9547e-01
12.250  23.750  3.8349e-01
12.250  24.000  3.7311e-01
12.500  17.000  5.6533e-01
12.500  17.250  6.8090e-01
12.500  17.500  6.9250e-01
12.500  17.750  6.7908e-01
12.500  18.000  6.6905e-01
12.500  18.250  6.6464e-01
12.500  18.500  6.7112e-01
12.500  18.750  6.8182e-01
12.500  19.000  6.9430e-01
12.500  19.250  7.0724e-01
12.500  19.500  7.2005e-01
12.500  19.750  7.3260e-01
12.500  20.000  7.4418e-01
12.500  20.250  7.5400e-01
12.500  20.500  7.6095e-01
12.500  20.750  7.6225e-01
12.500  21.000  7.5259e-01
12.500  21.250  7.2896e-01
12.500  21.500  6.9321e-01
12.500  21.750  6.3996e-01
12.500  22.000  5.9148e-01
12.500  22.250  4.7427e-01
12.500  22.500  4.1056e-01
12.500  22.750  4.0890e-01
12.500  23.000  4.2764e-01
12.500  23.250  4.2528e-01
12.500  23.500  4.1176e-01
12.500  23.750  3.9581e-01
12.500  24.000  3.8340e-01
12.750  17.000  3.8483e-01
12.750  17.250  5.4785e-01
12.750  17.500  6.2190e-01
12.750  17.750  6.1209e-01
12.750  18.000  5.9259e-01
12.750  18.250  5.9572e-01
12.750  18.500  6.0963e-01
12.750  18.750  6.2780e-01
12.750  19.000  6.4661e-01
12.750  19.250  6.6493e-01
12.750  19.500  6.8252e-01
12.750  19.750  6.9866e-01
12.750  20.000  7.1354e-01
12.750  20.250  7.2609e-01
12.750  20.500  7.3570e-01
12.750  20.750  7.4190e-01
12.750  21.000  7.4107e-01
12.750  21.250  7.2859e-01
12.750  21.500  6.9975e-01
12.750  21.750  6.4959e-01
12.750  22.000  5.9162e-01
12.750  22.250  5.4983e-01
12.750  22.500  4.1486e-01
12.750  22.750  3.9046e-01
12.750  23.000  4.3049e-01
12.750  23.250  4.4023e-01
12.750  23.500  4.3113e-01
12.750  23.750  4.1342e-01
12.750  24.000  3.9611e-01
13.000  17.000  1.0116e-01
13.000  17.250  2.0049e-01
13.000  17.500  4.3980e-01
13.000  17.750  5.2307e-01
13.000  18.000  5.2843e-01
13.000  18.250  5.3353e-01
13.000  18.500  5.4918e-01
13.000  18.750  5.7183e-01
13.000  19.000  5.9649e-01
13.000  19.250  6.2054e-01
13.000  19.500  6.4301e-01
13.000  19.750  6.6316e-01
13.000  20.000  6.8100e-01
13.000  20.250  6.9581e-01
13.000  20.500  7.0825e-01
13.000  20.750  7.1675e-01
13.000  21.000  7.2081e-01
13.000  21.250  7.1346e-01
13.000  21.500  6.9660e-01
13.000  21.750  6.5413e-01
13.000  22.000  5.9293e-01
13.000  22.250  5.3298e-01
13.000  22.500  5.0995e-01
13.000  22.750  3.8368e-01
13.000  23.000  4.1142e-01
13.000  23.250  4.4684e-01
13.000  23.500  4.5234e-01
13.000  23.750  4.3687e-01
13.000  24.000  4.1495e-01
13.250  17.000  7.1261e-02
13.250  17.250  1.1381e-01
13.250  17.500  2.1984e-01
13.250  17.750  3.6109e-01
13.250  18.000  4.5244e-01
13.250  18.250  4.7259e-01
13.250  18.500  4.8870e-01
13.250  18.750  5.1268e-01
13.250  19.000  5.4124e-01
13.250  19.250  5.7130e-01
13.250  19.500  5.9931e-01
13.250  19.750  6.2400e-01
13.250  20.000  6.4551e-01
13.250  20.250  6.6356e-01
13.250  20.500  6.7791e-01
13.250  20.750  6.8830e-01
13.250  21.000  6.9430e-01
13.250  21.250  6.9333e-01
13.250  21.500  6.8309e-01
13.250  21.750  6.4866e-01
13.250  22.000  5.9108e-01
13.250  22.250  5.2239e-01
13.250  22.500  4.7387e-01
13.250  22.750  4.7010e-01
13.250  23.000  4.4560e-01
13.250  23.250  4.3294e-01
13.250  23.500  4.6373e-01
13.250  23.750  4.6471e-01
13.250  24.000  4.4229e-01
13.500  17.000  5.1875e-02
13.500  17.250  7.8262e-02
13.500  17.500  1.4498e-01
13.500  17.750  2.3910e-01
13.500  18.000  3.5233e-01
13.500  18.250  4.0474e-01
13.500  18.500  4.2876e-01
13.500  18.750  4.5230e-01
13.500  19.000  4.8186e-01
13.500  19.250  5.1561e-01
13.500  19.500  5.4922e-01
13.500  19.750  5.7930e-01
13.500  20.000  6.0540e-01
13.500  20.250  6.2722e-01
13.500  20.500  6.4452e-01
13.500  20.750  6.5739e-01
13.500  21.000  6.6464e-01
13.500  21.250  6.6585e-01
13.500  21.500  6.6066e-01
13.500  21.750  6.3270e-01
13.500  22.000  5.7998e-01
13.500  22.250  5.0970e-01
13.500  22.500  4.4793e-01
13.500  22.750  4.2172e-01
13.500  23.000  4.4075e-01
13.500  23.250  3.9875e-01
13.500  23.500  4.5454e-01
13.500  23.750  4.8637e-01
13.500  24.000  4.7734e-01
13.750  17.000  3.9918e-02
13.750  17.250  5.9929e-02
13.750  17.500  1.0300e-01
13.750  17.750  1.5531e-01
13.750  18.000  2.4674e-01
13.750  18.250  3.2309e-01
13.750  18.500  3.6367e-01
13.750  18.750  3.9178e-01
13.750  19.000  4.2145e-01
13.750  19.250  4.5545e-01
13.750  19.500  4.9244e-01
13.750  19.750  5.2796e-01
13.750  20.000  5.5953e-01
13.750  20.250  5.8604e-01
13.750  20.500  6.0763e-01
13.750  20.750  6.2359e-01
13.750  21.000  6.3313e-01
13.750  21.250  6.3511e-01
13.750  21.500  6.3269e-01
13.750  21.750  6.1005e-01
13.750  22.000  5.6259e-01
13.750  22.250  4.9365e-01
13.750  22.500  4.2608e-01
13.750  22.750  3.8516e-01
13.750  23.000  3.8348e-01
13.750  23.250  4.2910e-01
13.750  23.500  4.3505e-01
13.750  23.750  4.9251e-01
13.750  24.000  5.1014e-01
14.000  17.000  3.2377e-02
14.000  17.250  4.5652e-02
14.000  17.500  7.6041e-02
14.000  17.750  1.1395e-01
14.000  18.000  1.6604e-01
14.000  18.250  2.3497e-01
14.000  18.500  2.9144e-01
14.000  18.750  3.2957e-01
14.000  19.000  3.6093e-01
14.000  19.250  3.9385e-01
14.000  19.500  4.3090e-01
14.000  19.750  4.6993e-01
14.000  20.000  5.0681e-01
14.000  20.250  5.3888e-01
14.000  20.500  5.6528e-01
14.000  20.750  5.8534e-01
14.000  21.000  5.9851e-01
14.000  21.250  6.0325e-01
14.000  21.500  6.0219e-01
14.000  21.750  5.8310e-01
14.000  22.000  5.4178e-01
14.000  22.250  4.7679e-01
14.000  22.500  4.0722e-01
14.000  22.750  3.5773e-01
14.000  23.000  3.4341e-01
14.000  23.250  3.6528e-01
14.000  23.500  4.3496e-01
14.000  23.750  4.8652e-01
14.000  24.000  5.4062e-01
