S  5 1198.00A  relative to Inci 1215.00A scaled to 1215A.
Hden   Phi(H)  Eq_Width (A)
7.000  17.000  9.9432e-04
7.000  17.250  1.1820e-03
7.000  17.500  1.2621e-03
7.000  17.750  1.2801e-03
7.000  18.000  1.2704e-03
7.000  18.250  3.0395e-04
7.000  18.500  1.0000e-07
7.000  18.750  1.0000e-07
7.000  19.000  1.0000e-07
7.000  19.250  1.0000e-07
7.000  19.500  1.0000e-07
7.000  19.750  1.0000e-07
7.000  20.000  1.0000e-07
7.000  20.250  1.0000e-07
7.000  20.500  1.0000e-07
7.000  20.750  1.0000e-07
7.000  21.000  1.0000e-07
7.000  21.250  1.0000e-07
7.000  21.500  1.0000e-07
7.000  21.750  1.0000e-07
7.000  22.000  1.0000e-07
7.000  22.250  1.0000e-07
7.000  22.500  1.0000e-07
7.000  22.750  1.0000e-07
7.000  23.000  1.0000e-07
7.000  23.250  1.0000e-07
7.000  23.500  1.0000e-07
7.000  23.750  1.0000e-07
7.000  24.000  1.0000e-07
7.250  17.000  9.5959e-04
7.250  17.250  1.0960e-03
7.250  17.500  1.3007e-03
7.250  17.750  1.3960e-03
7.250  18.000  1.4163e-03
7.250  18.250  1.4038e-03
7.250  18.500  3.1918e-04
7.250  18.750  1.0000e-07
7.250  19.000  1.0000e-07
7.250  19.250  1.0000e-07
7.250  19.500  1.0000e-07
7.250  19.750  1.0000e-07
7.250  20.000  1.0000e-07
7.250  20.250  1.0000e-07
7.250  20.500  1.0000e-07
7.250  20.750  1.0000e-07
7.250  21.000  1.0000e-07
7.250  21.250  1.0000e-07
7.250  21.500  1.0000e-07
7.250  21.750  1.0000e-07
7.250  22.000  1.0000e-07
7.250  22.250  1.0000e-07
7.250  22.500  1.0000e-07
7.250  22.750  1.0000e-07
7.250  23.000  1.0000e-07
7.250  23.250  1.0000e-07
7.250  23.500  1.0000e-07
7.250  23.750  1.0000e-07
7.250  24.000  1.0000e-07
7.500  17.000  9.3144e-04
7.500  17.250  1.0426e-03
7.500  17.500  1.1891e-03
7.500  17.750  1.4089e-03
7.500  18.000  1.5160e-03
7.500  18.250  1.5412e-03
7.500  18.500  1.5230e-03
7.500  18.750  3.3210e-04
7.500  19.000  1.0000e-07
7.500  19.250  1.0000e-07
7.500  19.500  1.0000e-07
7.500  19.750  1.0000e-07
7.500  20.000  1.0000e-07
7.500  20.250  1.0000e-07
7.500  20.500  1.0000e-07
7.500  20.750  1.0000e-07
7.500  21.000  1.0000e-07
7.500  21.250  1.0000e-07
7.500  21.500  1.0000e-07
7.500  21.750  1.0000e-07
7.500  22.000  1.0000e-07
7.500  22.250  1.0000e-07
7.500  22.500  1.0000e-07
7.500  22.750  1.0000e-07
7.500  23.000  1.0000e-07
7.500  23.250  1.0000e-07
7.500  23.500  1.0000e-07
7.500  23.750  1.0000e-07
7.500  24.000  1.0000e-07
7.750  17.000  9.3877e-04
7.750  17.250  9.9646e-04
7.750  17.500  1.1154e-03
7.750  17.750  1.2714e-03
7.750  18.000  1.5047e-03
7.750  18.250  1.6235e-03
7.750  18.500  1.6582e-03
7.750  18.750  1.6337e-03
7.750  19.000  3.4387e-04
7.750  19.250  1.0000e-07
7.750  19.500  1.0000e-07
7.750  19.750  1.0000e-07
7.750  20.000  1.0000e-07
7.750  20.250  1.0000e-07
7.750  20.500  1.0000e-07
7.750  20.750  1.0000e-07
7.750  21.000  1.0000e-07
7.750  21.250  1.0000e-07
7.750  21.500  1.0000e-07
7.750  21.750  1.0000e-07
7.750  22.000  1.0000e-07
7.750  22.250  1.0000e-07
7.750  22.500  1.0000e-07
7.750  22.750  1.0000e-07
7.750  23.000  1.0000e-07
7.750  23.250  1.0000e-07
7.750  23.500  1.0000e-07
7.750  23.750  1.0000e-07
7.750  24.000  1.0000e-07
8.000  17.000  9.8222e-04
8.000  17.250  9.7218e-04
8.000  17.500  1.0321e-03
8.000  17.750  1.1585e-03
8.000  18.000  1.3225e-03
8.000  18.250  1.5667e-03
8.000  18.500  1.6934e-03
8.000  18.750  1.7416e-03
8.000  19.000  1.7376e-03
8.000  19.250  3.5481e-04
8.000  19.500  1.0000e-07
8.000  19.750  1.0000e-07
8.000  20.000  1.0000e-07
8.000  20.250  1.0000e-07
8.000  20.500  1.0000e-07
8.000  20.750  1.0000e-07
8.000  21.000  1.0000e-07
8.000  21.250  1.0000e-07
8.000  21.500  1.0000e-07
8.000  21.750  1.0000e-07
8.000  22.000  1.0000e-07
8.000  22.250  1.0000e-07
8.000  22.500  1.0000e-07
8.000  22.750  1.0000e-07
8.000  23.000  1.0000e-07
8.000  23.250  1.0000e-07
8.000  23.500  1.0000e-07
8.000  23.750  1.0000e-07
8.000  24.000  1.0000e-07
8.250  17.000  9.8099e-04
8.250  17.250  1.0273e-03
8.250  17.500  1.0173e-03
8.250  17.750  1.0787e-03
8.250  18.000  1.2091e-03
8.250  18.250  1.3788e-03
8.250  18.500  1.6326e-03
8.250  18.750  1.7755e-03
8.250  19.000  1.8355e-03
8.250  19.250  1.8437e-03
8.250  19.500  3.6346e-04
8.250  19.750  1.0000e-07
8.250  20.000  1.0000e-07
8.250  20.250  1.0000e-07
8.250  20.500  1.0000e-07
8.250  20.750  1.0000e-07
8.250  21.000  1.0000e-07
8.250  21.250  1.0000e-07
8.250  21.500  1.0000e-07
8.250  21.750  1.0000e-07
8.250  22.000  1.0000e-07
8.250  22.250  1.0000e-07
8.250  22.500  1.0000e-07
8.250  22.750  1.0000e-07
8.250  23.000  1.0000e-07
8.250  23.250  1.0000e-07
8.250  23.500  1.0000e-07
8.250  23.750  1.0000e-07
8.250  24.000  1.0000e-07
8.500  17.000  7.8272e-04
8.500  17.250  1.0188e-03
8.500  17.500  1.0675e-03
8.500  17.750  1.0557e-03
8.500  18.000  1.1182e-03
8.500  18.250  1.2505e-03
8.500  18.500  1.4238e-03
8.500  18.750  1.6779e-03
8.500  19.000  1.8253e-03
8.500  19.250  1.9031e-03
8.500  19.500  1.9318e-03
8.500  19.750  3.7169e-04
8.500  20.000  1.0000e-07
8.500  20.250  1.0000e-07
8.500  20.500  1.0000e-07
8.500  20.750  1.0000e-07
8.500  21.000  1.0000e-07
8.500  21.250  1.0000e-07
8.500  21.500  1.0000e-07
8.500  21.750  1.0000e-07
8.500  22.000  1.0000e-07
8.500  22.250  1.0000e-07
8.500  22.500  1.0000e-07
8.500  22.750  1.0000e-07
8.500  23.000  1.0000e-07
8.500  23.250  1.0000e-07
8.500  23.500  1.0000e-07
8.500  23.750  1.0000e-07
8.500  24.000  1.0000e-07
8.750  17.000  4.7811e-04
8.750  17.250  8.1037e-04
8.750  17.500  1.0544e-03
8.750  17.750  1.1047e-03
8.750  18.000  1.0920e-03
8.750  18.250  1.1526e-03
8.750  18.500  1.2826e-03
8.750  18.750  1.4498e-03
8.750  19.000  1.7000e-03
8.750  19.250  1.8449e-03
8.750  19.500  1.9491e-03
8.750  19.750  2.0448e-03
8.750  20.000  3.8173e-04
8.750  20.250  1.0000e-07
8.750  20.500  1.0000e-07
8.750  20.750  1.0000e-07
8.750  21.000  1.0000e-07
8.750  21.250  1.0000e-07
8.750  21.500  1.0000e-07
8.750  21.750  1.0000e-07
8.750  22.000  1.0000e-07
8.750  22.250  1.0000e-07
8.750  22.500  1.0000e-07
8.750  22.750  1.0000e-07
8.750  23.000  1.0000e-07
8.750  23.250  1.0000e-07
8.750  23.500  1.0000e-07
8.750  23.750  1.0000e-07
8.750  24.000  1.0000e-07
9.000  17.000  2.2716e-04
9.000  17.250  4.9786e-04
9.000  17.500  8.3959e-04
9.000  17.750  1.0895e-03
9.000  18.000  1.1419e-03
9.000  18.250  1.1280e-03
9.000  18.500  1.1821e-03
9.000  18.750  1.2959e-03
9.000  19.000  1.4374e-03
9.000  19.250  1.6784e-03
9.000  19.500  1.8456e-03
9.000  19.750  2.0245e-03
9.000  20.000  2.1635e-03
9.000  20.250  3.9687e-04
9.000  20.500  1.0000e-07
9.000  20.750  1.0000e-07
9.000  21.000  1.0000e-07
9.000  21.250  1.0000e-07
9.000  21.500  1.0000e-07
9.000  21.750  1.0000e-07
9.000  22.000  1.0000e-07
9.000  22.250  1.0000e-07
9.000  22.500  1.0000e-07
9.000  22.750  1.0000e-07
9.000  23.000  1.0000e-07
9.000  23.250  1.0000e-07
9.000  23.500  1.0000e-07
9.000  23.750  1.0000e-07
9.000  24.000  1.0000e-07
9.250  17.000  8.3951e-05
9.250  17.250  2.3992e-04
9.250  17.500  5.2165e-04
9.250  17.750  8.7226e-04
9.250  18.000  1.1289e-03
9.250  18.250  1.1843e-03
9.250  18.500  1.1647e-03
9.250  18.750  1.1970e-03
9.250  19.000  1.2771e-03
9.250  19.250  1.4014e-03
9.250  19.500  1.6625e-03
9.250  19.750  1.9023e-03
9.250  20.000  2.1710e-03
9.250  20.250  2.2944e-03
9.250  20.500  4.2494e-04
9.250  20.750  1.0000e-07
9.250  21.000  1.0000e-07
9.250  21.250  1.0000e-07
9.250  21.500  1.0000e-07
9.250  21.750  1.0000e-07
9.250  22.000  1.0000e-07
9.250  22.250  1.0000e-07
9.250  22.500  1.0000e-07
9.250  22.750  1.0000e-07
9.250  23.000  1.0000e-07
9.250  23.250  1.0000e-07
9.250  23.500  1.0000e-07
9.250  23.750  1.0000e-07
9.250  24.000  1.0000e-07
9.500  17.000  2.3374e-05
9.500  17.250  9.0041e-05
9.500  17.500  2.5663e-04
9.500  17.750  5.5103e-04
9.500  18.000  9.1177e-04
9.500  18.250  1.1751e-03
9.500  18.500  1.2303e-03
9.500  18.750  1.6504e-03
9.500  19.000  2.4252e-03
9.500  19.250  3.3405e-03
9.500  19.500  4.1822e-03
9.500  19.750  4.7361e-03
9.500  20.000  4.7881e-03
9.500  20.250  4.1240e-03
9.500  20.500  2.5297e-03
9.500  20.750  4.6428e-04
9.500  21.000  1.0000e-07
9.500  21.250  1.0000e-07
9.500  21.500  1.0000e-07
9.500  21.750  1.0000e-07
9.500  22.000  1.0000e-07
9.500  22.250  1.0000e-07
9.500  22.500  1.0000e-07
9.500  22.750  1.0000e-07
9.500  23.000  1.0000e-07
9.500  23.250  1.0000e-07
9.500  23.500  1.0000e-07
9.500  23.750  1.0000e-07
9.500  24.000  1.0000e-07
9.750  17.000  4.8560e-06
9.750  17.250  2.5267e-05
9.750  17.500  9.8025e-05
9.750  17.750  2.7695e-04
9.750  18.000  5.8576e-04
9.750  18.250  9.5770e-04
9.750  18.500  1.2254e-03
9.750  18.750  1.2716e-03
9.750  19.000  1.7422e-03
9.750  19.250  2.6231e-03
9.750  19.500  3.6698e-03
9.750  19.750  4.6380e-03
9.750  20.000  5.2831e-03
9.750  20.250  5.3608e-03
9.750  20.500  4.6265e-03
9.750  20.750  2.8360e-03
9.750  21.000  5.1021e-04
9.750  21.250  1.0000e-07
9.750  21.500  1.0000e-07
9.750  21.750  1.0000e-07
9.750  22.000  1.0000e-07
9.750  22.250  1.0000e-07
9.750  22.500  1.0000e-07
9.750  22.750  1.0000e-07
9.750  23.000  1.0000e-07
9.750  23.250  1.0000e-07
9.750  23.500  1.0000e-07
9.750  23.750  1.0000e-07
9.750  24.000  1.0000e-07
10.000  17.000  1.0000e-07
10.000  17.250  5.1852e-06
10.000  17.500  2.7654e-05
10.000  17.750  1.0733e-04
10.000  18.000  2.9918e-04
10.000  18.250  6.2247e-04
10.000  18.500  1.0030e-03
10.000  18.750  1.2747e-03
10.000  19.000  1.3194e-03
10.000  19.250  1.8209e-03
10.000  19.500  2.7624e-03
10.000  19.750  3.8830e-03
10.000  20.000  4.9217e-03
10.000  20.250  5.6176e-03
10.000  20.500  5.7097e-03
10.000  20.750  4.9373e-03
10.000  21.000  3.0393e-03
10.000  21.250  5.6337e-04
10.000  21.500  1.0000e-07
10.000  21.750  1.0000e-07
10.000  22.000  1.0000e-07
10.000  22.250  1.0000e-07
10.000  22.500  1.0000e-07
10.000  22.750  1.0000e-07
10.000  23.000  1.0000e-07
10.000  23.250  1.0000e-07
10.000  23.500  1.0000e-07
10.000  23.750  1.0000e-07
10.000  24.000  1.0000e-07
10.250  17.000  1.0000e-07
10.250  17.250  1.0000e-07
10.250  17.500  5.6790e-06
10.250  17.750  3.0453e-05
10.250  18.000  1.1704e-04
10.250  18.250  3.2049e-04
10.250  18.500  6.5399e-04
10.250  18.750  1.0449e-03
10.250  19.000  1.3346e-03
10.250  19.250  1.3978e-03
10.250  19.500  1.3587e-03
10.250  19.750  1.3955e-03
10.250  20.000  1.5486e-03
10.250  20.250  1.8458e-03
10.250  20.500  2.4002e-03
10.250  20.750  2.9286e-03
10.250  21.000  3.3820e-03
10.250  21.250  3.1770e-03
10.250  21.500  6.1160e-04
10.250  21.750  1.0000e-07
10.250  22.000  1.0000e-07
10.250  22.250  1.0000e-07
10.250  22.500  1.0000e-07
10.250  22.750  1.0000e-07
10.250  23.000  1.0000e-07
10.250  23.250  1.0000e-07
10.250  23.500  1.0000e-07
10.250  23.750  1.0000e-07
10.250  24.000  1.0000e-07
10.500  17.000  1.0000e-07
10.500  17.250  1.0000e-07
10.500  17.500  8.2305e-07
10.500  17.750  6.2551e-06
10.500  18.000  3.3416e-05
10.500  18.250  1.2609e-04
10.500  18.500  3.3712e-04
10.500  18.750  6.8058e-04
10.500  19.000  1.0970e-03
10.500  19.250  1.4314e-03
10.500  19.500  1.5401e-03
10.500  19.750  1.5461e-03
10.500  20.000  1.6415e-03
10.500  20.250  1.8542e-03
10.500  20.500  2.2044e-03
10.500  20.750  2.7207e-03
10.500  21.000  3.2367e-03
10.500  21.250  3.5334e-03
10.500  21.500  3.0812e-03
10.500  21.750  5.6230e-04
10.500  22.000  1.0000e-07
10.500  22.250  1.0000e-07
10.500  22.500  1.0000e-07
10.500  22.750  1.0000e-07
10.500  23.000  1.0000e-07
10.500  23.250  1.0000e-07
10.500  23.500  1.0000e-07
10.500  23.750  1.0000e-07
10.500  24.000  1.0000e-07
10.750  17.000  1.0000e-07
10.750  17.250  1.0000e-07
10.750  17.500  1.0000e-07
10.750  17.750  9.0535e-07
10.750  18.000  6.9136e-06
10.750  18.250  3.6379e-05
10.750  18.500  1.3325e-04
10.750  18.750  3.5086e-04
10.750  19.000  7.1235e-04
10.750  19.250  1.1788e-03
10.750  19.500  1.5919e-03
10.750  19.750  1.7764e-03
10.750  20.000  1.8491e-03
10.750  20.250  2.0170e-03
10.750  20.500  2.2792e-03
10.750  20.750  2.6234e-03
10.750  21.000  3.0194e-03
10.750  21.250  3.4230e-03
10.750  21.500  3.4224e-03
10.750  21.750  2.8477e-03
10.750  22.000  3.9679e-04
10.750  22.250  1.0000e-07
10.750  22.500  1.0000e-07
10.750  22.750  1.0000e-07
10.750  23.000  1.0000e-07
10.750  23.250  1.0000e-07
10.750  23.500  1.0000e-07
10.750  23.750  1.0000e-07
10.750  24.000  1.0000e-07
11.000  17.000  1.0000e-07
11.000  17.250  1.0000e-07
11.000  17.500  1.0000e-07
11.000  17.750  1.0000e-07
11.000  18.000  1.0700e-06
11.000  18.250  7.5720e-06
11.000  18.500  3.8683e-05
11.000  18.750  1.3942e-04
11.000  19.000  3.6502e-04
11.000  19.250  7.5844e-04
11.000  19.500  1.3083e-03
11.000  19.750  1.8441e-03
11.000  20.000  2.1349e-03
11.000  20.250  2.2931e-03
11.000  20.500  2.5330e-03
11.000  20.750  2.8004e-03
11.000  21.000  3.0596e-03
11.000  21.250  3.2953e-03
11.000  21.500  3.3836e-03
11.000  21.750  3.3323e-03
11.000  22.000  2.4187e-03
11.000  22.250  1.6708e-04
11.000  22.500  1.0000e-07
11.000  22.750  1.0000e-07
11.000  23.000  1.0000e-07
11.000  23.250  1.0000e-07
11.000  23.500  1.0000e-07
11.000  23.750  1.0000e-07
11.000  24.000  1.0000e-07
11.250  17.000  1.0000e-07
11.250  17.250  1.0000e-07
11.250  17.500  1.0000e-07
11.250  17.750  1.0000e-07
11.250  18.000  1.0000e-07
11.250  18.250  1.1523e-06
11.250  18.500  7.9012e-06
11.250  18.750  4.0494e-05
11.250  19.000  1.4461e-04
11.250  19.250  3.8222e-04
11.250  19.500  8.2601e-04
11.250  19.750  1.4996e-03
11.250  20.000  2.2009e-03
11.250  20.250  2.6215e-03
11.250  20.500  2.8729e-03
11.250  20.750  3.1537e-03
11.250  21.000  3.3408e-03
11.250  21.250  3.4251e-03
11.250  21.500  3.2856e-03
11.250  21.750  3.0796e-03
11.250  22.000  2.8295e-03
11.250  22.250  1.8907e-03
11.250  22.500  3.3333e-05
11.250  22.750  1.0000e-07
11.250  23.000  1.0000e-07
11.250  23.250  1.0000e-07
11.250  23.500  1.0000e-07
11.250  23.750  1.0000e-07
11.250  24.000  1.0000e-07
11.500  17.000  1.0000e-07
11.500  17.250  1.0000e-07
11.500  17.500  1.0000e-07
11.500  17.750  1.0000e-07
11.500  18.000  1.0000e-07
11.500  18.250  1.0000e-07
11.500  18.500  1.1523e-06
11.500  18.750  7.9835e-06
11.500  19.000  4.1646e-05
11.500  19.250  1.4881e-04
11.500  19.500  4.0346e-04
11.500  19.750  9.1877e-04
11.500  20.000  1.7495e-03
11.500  20.250  2.6393e-03
11.500  20.500  3.1942e-03
11.500  20.750  3.5101e-03
11.500  21.000  3.7595e-03
11.500  21.250  3.7658e-03
11.500  21.500  3.5446e-03
11.500  21.750  2.9550e-03
11.500  22.000  2.7453e-03
11.500  22.250  2.5547e-03
11.500  22.500  1.4656e-03
11.500  22.750  1.6049e-05
11.500  23.000  1.0000e-07
11.500  23.250  1.0000e-07
11.500  23.500  1.0000e-07
11.500  23.750  1.0000e-07
11.500  24.000  1.0000e-07
11.750  17.000  1.0000e-07
11.750  17.250  1.0000e-07
11.750  17.500  1.0000e-07
11.750  17.750  1.0000e-07
11.750  18.000  1.0000e-07
11.750  18.250  1.0000e-07
11.750  18.500  1.0000e-07
11.750  18.750  1.0700e-06
11.750  19.000  7.9012e-06
11.750  19.250  4.1893e-05
11.750  19.500  1.5111e-04
11.750  19.750  4.2765e-04
11.750  20.000  1.0269e-03
11.750  20.250  2.0232e-03
11.750  20.500  3.0882e-03
11.750  20.750  3.7520e-03
11.750  21.000  4.1064e-03
11.750  21.250  4.2296e-03
11.750  21.500  3.9354e-03
11.750  21.750  3.3640e-03
11.750  22.000  2.6815e-03
11.750  22.250  2.3702e-03
11.750  22.500  1.8342e-03
11.750  22.750  1.1112e-03
11.750  23.000  1.2181e-05
11.750  23.250  1.0000e-07
11.750  23.500  1.0000e-07
11.750  23.750  1.0000e-07
11.750  24.000  1.0000e-07
12.000  17.000  1.0000e-07
12.000  17.250  1.0000e-07
12.000  17.500  1.0000e-07
12.000  17.750  1.0000e-07
12.000  18.000  1.0000e-07
12.000  18.250  1.0000e-07
12.000  18.500  1.0000e-07
12.000  18.750  1.0000e-07
12.000  19.000  9.0535e-07
12.000  19.250  7.4897e-06
12.000  19.500  4.0741e-05
12.000  19.750  1.5086e-04
12.000  20.000  4.4955e-04
12.000  20.250  1.1302e-03
12.000  20.500  2.2574e-03
12.000  20.750  3.4191e-03
12.000  21.000  4.1592e-03
12.000  21.250  4.4872e-03
12.000  21.500  4.3573e-03
12.000  21.750  3.7597e-03
12.000  22.000  2.9587e-03
12.000  22.250  2.2796e-03
12.000  22.500  1.9903e-03
12.000  22.750  1.5994e-03
12.000  23.000  9.1926e-04
12.000  23.250  9.1358e-06
12.000  23.500  1.0000e-07
12.000  23.750  1.0000e-07
12.000  24.000  1.0000e-07
12.250  17.000  1.0000e-07
12.250  17.250  1.0000e-07
12.250  17.500  1.0000e-07
12.250  17.750  1.0000e-07
12.250  18.000  1.0000e-07
12.250  18.250  1.0000e-07
12.250  18.500  1.0000e-07
12.250  18.750  1.0000e-07
12.250  19.000  1.0000e-07
12.250  19.250  8.2305e-07
12.250  19.500  6.9959e-06
12.250  19.750  3.8189e-05
12.250  20.000  1.4691e-04
12.250  20.250  4.6156e-04
12.250  20.500  1.1898e-03
12.250  20.750  2.3584e-03
12.250  21.000  3.5244e-03
12.250  21.250  4.2691e-03
12.250  21.500  4.4549e-03
12.250  21.750  4.0960e-03
12.250  22.000  3.3504e-03
12.250  22.250  2.4834e-03
12.250  22.500  1.8839e-03
12.250  22.750  1.5690e-03
12.250  23.000  1.2973e-03
12.250  23.250  7.4790e-04
12.250  23.500  7.1605e-06
12.250  23.750  1.0000e-07
12.250  24.000  1.0000e-07
12.500  17.000  1.0000e-07
12.500  17.250  1.0000e-07
12.500  17.500  1.0000e-07
12.500  17.750  1.0000e-07
12.500  18.000  1.0000e-07
12.500  18.250  1.0000e-07
12.500  18.500  1.0000e-07
12.500  18.750  1.0000e-07
12.500  19.000  1.0000e-07
12.500  19.250  1.0000e-07
12.500  19.500  1.0000e-07
12.500  19.750  6.2551e-06
12.500  20.000  3.4403e-05
12.500  20.250  1.3778e-04
12.500  20.500  4.5152e-04
12.500  20.750  1.1717e-03
12.500  21.000  2.2721e-03
12.500  21.250  3.3302e-03
12.500  21.500  3.9411e-03
12.500  21.750  4.0058e-03
12.500  22.000  3.5268e-03
12.500  22.250  2.7715e-03
12.500  22.500  1.9829e-03
12.500  22.750  1.5095e-03
12.500  23.000  1.2492e-03
12.500  23.250  1.0149e-03
12.500  23.500  5.7193e-04
12.500  23.750  5.1852e-06
12.500  24.000  1.0000e-07
12.750  17.000  1.0000e-07
12.750  17.250  1.0000e-07
12.750  17.500  1.0000e-07
12.750  17.750  1.0000e-07
12.750  18.000  1.0000e-07
12.750  18.250  1.0000e-07
12.750  18.500  1.0000e-07
12.750  18.750  1.0000e-07
12.750  19.000  1.0000e-07
12.750  19.250  1.0000e-07
12.750  19.500  1.0000e-07
12.750  19.750  1.0000e-07
12.750  20.000  5.2675e-06
12.750  20.250  2.9712e-05
12.750  20.500  1.2247e-04
12.750  20.750  4.1160e-04
12.750  21.000  1.0494e-03
12.750  21.250  1.9947e-03
12.750  21.500  2.8532e-03
12.750  21.750  3.3228e-03
12.750  22.000  3.2950e-03
12.750  22.250  2.8346e-03
12.750  22.500  2.1721e-03
12.750  22.750  1.5079e-03
12.750  23.000  1.1774e-03
12.750  23.250  9.7967e-04
12.750  23.500  7.1984e-04
12.750  23.750  2.8008e-04
12.750  24.000  3.6214e-06
13.000  17.000  1.0000e-07
13.000  17.250  1.0000e-07
13.000  17.500  1.0000e-07
13.000  17.750  1.0000e-07
13.000  18.000  1.0000e-07
13.000  18.250  1.0000e-07
13.000  18.500  1.0000e-07
13.000  18.750  1.0000e-07
13.000  19.000  1.0000e-07
13.000  19.250  1.0000e-07
13.000  19.500  1.0000e-07
13.000  19.750  1.0000e-07
13.000  20.000  1.0000e-07
13.000  20.250  4.0329e-06
13.000  20.500  2.3374e-05
13.000  20.750  1.0173e-04
13.000  21.000  3.3770e-04
13.000  21.250  8.4963e-04
13.000  21.500  1.5733e-03
13.000  21.750  2.2407e-03
13.000  22.000  2.5900e-03
13.000  22.250  2.5364e-03
13.000  22.500  2.1449e-03
13.000  22.750  1.6323e-03
13.000  23.000  1.1428e-03
13.000  23.250  9.0930e-04
13.000  23.500  7.5852e-04
13.000  23.750  5.4650e-04
13.000  24.000  1.6840e-04
13.250  17.000  1.0000e-07
13.250  17.250  1.0000e-07
13.250  17.500  1.0000e-07
13.250  17.750  1.0000e-07
13.250  18.000  1.0000e-07
13.250  18.250  1.0000e-07
13.250  18.500  1.0000e-07
13.250  18.750  1.0000e-07
13.250  19.000  1.0000e-07
13.250  19.250  1.0000e-07
13.250  19.500  1.0000e-07
13.250  19.750  1.0000e-07
13.250  20.000  1.0000e-07
13.250  20.250  1.0000e-07
13.250  20.500  2.6337e-06
13.250  20.750  1.6049e-05
13.250  21.000  7.1193e-05
13.250  21.250  2.3753e-04
13.250  21.500  6.0321e-04
13.250  21.750  1.1558e-03
13.250  22.000  1.6570e-03
13.250  22.250  1.9165e-03
13.250  22.500  1.8563e-03
13.250  22.750  1.5608e-03
13.250  23.000  1.1906e-03
13.250  23.250  8.5860e-04
13.250  23.500  6.9358e-04
13.250  23.750  5.5276e-04
13.250  24.000  3.8757e-04
13.500  17.000  1.0000e-07
13.500  17.250  1.0000e-07
13.500  17.500  1.0000e-07
13.500  17.750  1.0000e-07
13.500  18.000  1.0000e-07
13.500  18.250  1.0000e-07
13.500  18.500  1.0000e-07
13.500  18.750  1.0000e-07
13.500  19.000  1.0000e-07
13.500  19.250  1.0000e-07
13.500  19.500  1.0000e-07
13.500  19.750  1.0000e-07
13.500  20.000  1.0000e-07
13.500  20.250  1.0000e-07
13.500  20.500  1.0000e-07
13.500  20.750  1.7284e-06
13.500  21.000  9.9588e-06
13.500  21.250  4.5761e-05
13.500  21.500  1.5967e-04
13.500  21.750  4.1802e-04
13.500  22.000  8.2420e-04
13.500  22.250  1.1979e-03
13.500  22.500  1.3762e-03
13.500  22.750  1.3127e-03
13.500  23.000  1.1116e-03
13.500  23.250  8.7514e-04
13.500  23.500  6.5078e-04
13.500  23.750  5.2008e-04
13.500  24.000  4.1012e-04
13.750  17.000  1.0000e-07
13.750  17.250  1.0000e-07
13.750  17.500  1.0000e-07
13.750  17.750  1.0000e-07
13.750  18.000  1.0000e-07
13.750  18.250  1.0000e-07
13.750  18.500  1.0000e-07
13.750  18.750  1.0000e-07
13.750  19.000  1.0000e-07
13.750  19.250  1.0000e-07
13.750  19.500  1.0000e-07
13.750  19.750  1.0000e-07
13.750  20.000  1.0000e-07
13.750  20.250  1.0000e-07
13.750  20.500  1.0000e-07
13.750  20.750  1.0000e-07
13.750  21.000  1.0700e-06
13.750  21.250  6.5021e-06
13.750  21.500  3.0535e-05
13.750  21.750  1.1111e-04
13.750  22.000  2.9300e-04
13.750  22.250  5.7111e-04
13.750  22.500  8.4082e-04
13.750  22.750  9.5877e-04
13.750  23.000  9.0947e-04
13.750  23.250  7.7523e-04
13.750  23.500  6.3877e-04
13.750  23.750  4.9070e-04
13.750  24.000  3.7325e-04
14.000  17.000  1.0000e-07
14.000  17.250  1.0000e-07
14.000  17.500  1.0000e-07
14.000  17.750  1.0000e-07
14.000  18.000  1.0000e-07
14.000  18.250  1.0000e-07
14.000  18.500  1.0000e-07
14.000  18.750  1.0000e-07
14.000  19.000  1.0000e-07
14.000  19.250  1.0000e-07
14.000  19.500  1.0000e-07
14.000  19.750  1.0000e-07
14.000  20.000  1.0000e-07
14.000  20.250  1.0000e-07
14.000  20.500  1.0000e-07
14.000  20.750  1.0000e-07
14.000  21.000  1.0000e-07
14.000  21.250  1.0000e-07
14.000  21.500  4.6091e-06
14.000  21.750  2.2140e-05
14.000  22.000  7.6872e-05
14.000  22.250  1.9654e-04
14.000  22.500  3.8469e-04
14.000  22.750  5.7597e-04
14.000  23.000  6.5358e-04
14.000  23.250  6.1753e-04
14.000  23.500  5.3070e-04
14.000  23.750  4.5432e-04
14.000  24.000  3.4741e-04
