InwT 897.800A  relative to Inci 1215.00A scaled to 1215A.
Hden   Phi(H)  Eq_Width (A)
 7.000	17.000	2.6550e-01
 7.000	17.250	2.7965e-01
 7.000	17.500	3.0281e-01
 7.000	17.750	3.2201e-01
 7.000	18.000	3.4348e-01
 7.000	18.250	3.8057e-01
 7.000	18.500	4.5840e-01
 7.000	18.750	4.9301e-01
 7.000	19.000	5.2528e-01
 7.000	19.250	5.4244e-01
 7.000	19.500	5.4586e-01
 7.000	19.750	5.4514e-01
 7.000	20.000	5.4489e-01
 7.000	20.250	5.4472e-01
 7.000	20.500	5.4464e-01
 7.000	20.750	5.4458e-01
 7.000	21.000	5.4456e-01
 7.000	21.250	5.4455e-01
 7.000	21.500	5.4454e-01
 7.000	21.750	5.4454e-01
 7.000	22.000	5.4454e-01
 7.000	22.250	5.4453e-01
 7.000	22.500	5.4453e-01
 7.000	22.750	5.4453e-01
 7.000	23.000	5.4453e-01
 7.000	23.250	5.4453e-01
 7.000	23.500	5.4453e-01
 7.000	23.750	5.4453e-01
 7.000	24.000	5.4453e-01
 7.250	17.000	2.6843e-01
 7.250	17.250	2.6543e-01
 7.250	17.500	2.7997e-01
 7.250	17.750	3.0326e-01
 7.250	18.000	3.2220e-01
 7.250	18.250	3.4409e-01
 7.250	18.500	3.8152e-01
 7.250	18.750	4.5881e-01
 7.250	19.000	4.9314e-01
 7.250	19.250	5.2527e-01
 7.250	19.500	5.4242e-01
 7.250	19.750	5.4585e-01
 7.250	20.000	5.4515e-01
 7.250	20.250	5.4488e-01
 7.250	20.500	5.4473e-01
 7.250	20.750	5.4463e-01
 7.250	21.000	5.4459e-01
 7.250	21.250	5.4456e-01
 7.250	21.500	5.4455e-01
 7.250	21.750	5.4454e-01
 7.250	22.000	5.4453e-01
 7.250	22.250	5.4453e-01
 7.250	22.500	5.4453e-01
 7.250	22.750	5.4453e-01
 7.250	23.000	5.4453e-01
 7.250	23.250	5.4453e-01
 7.250	23.500	5.4453e-01
 7.250	23.750	5.4453e-01
 7.250	24.000	5.4453e-01
 7.500	17.000	2.7955e-01
 7.500	17.250	2.6793e-01
 7.500	17.500	2.6515e-01
 7.500	17.750	2.8003e-01
 7.500	18.000	3.0345e-01
 7.500	18.250	3.2270e-01
 7.500	18.500	3.4464e-01
 7.500	18.750	3.8219e-01
 7.500	19.000	4.5927e-01
 7.500	19.250	4.9318e-01
 7.500	19.500	5.2527e-01
 7.500	19.750	5.4242e-01
 7.500	20.000	5.4586e-01
 7.500	20.250	5.4515e-01
 7.500	20.500	5.4489e-01
 7.500	20.750	5.4473e-01
 7.500	21.000	5.4463e-01
 7.500	21.250	5.4459e-01
 7.500	21.500	5.4456e-01
 7.500	21.750	5.4454e-01
 7.500	22.000	5.4454e-01
 7.500	22.250	5.4454e-01
 7.500	22.500	5.4453e-01
 7.500	22.750	5.4453e-01
 7.500	23.000	5.4453e-01
 7.500	23.250	5.4453e-01
 7.500	23.500	5.4453e-01
 7.500	23.750	5.4453e-01
 7.500	24.000	5.4453e-01
 7.750	17.000	2.9020e-01
 7.750	17.250	2.7879e-01
 7.750	17.500	2.6731e-01
 7.750	17.750	2.6492e-01
 7.750	18.000	2.8002e-01
 7.750	18.250	3.0386e-01
 7.750	18.500	3.2349e-01
 7.750	18.750	3.4577e-01
 7.750	19.000	3.8320e-01
 7.750	19.250	4.6009e-01
 7.750	19.500	4.9329e-01
 7.750	19.750	5.2531e-01
 7.750	20.000	5.4243e-01
 7.750	20.250	5.4585e-01
 7.750	20.500	5.4514e-01
 7.750	20.750	5.4488e-01
 7.750	21.000	5.4472e-01
 7.750	21.250	5.4464e-01
 7.750	21.500	5.4459e-01
 7.750	21.750	5.4456e-01
 7.750	22.000	5.4455e-01
 7.750	22.250	5.4454e-01
 7.750	22.500	5.4453e-01
 7.750	22.750	5.4453e-01
 7.750	23.000	5.4453e-01
 7.750	23.250	5.4453e-01
 7.750	23.500	5.4453e-01
 7.750	23.750	5.4453e-01
 7.750	24.000	5.4453e-01
 8.000	17.000	2.9716e-01
 8.000	17.250	2.8782e-01
 8.000	17.500	2.7680e-01
 8.000	17.750	2.6624e-01
 8.000	18.000	2.6425e-01
 8.000	18.250	2.8027e-01
 8.000	18.500	3.0448e-01
 8.000	18.750	3.2426e-01
 8.000	19.000	3.4684e-01
 8.000	19.250	3.8448e-01
 8.000	19.500	4.6103e-01
 8.000	19.750	4.9361e-01
 8.000	20.000	5.2536e-01
 8.000	20.250	5.4244e-01
 8.000	20.500	5.4583e-01
 8.000	20.750	5.4515e-01
 8.000	21.000	5.4488e-01
 8.000	21.250	5.4472e-01
 8.000	21.500	5.4464e-01
 8.000	21.750	5.4459e-01
 8.000	22.000	5.4456e-01
 8.000	22.250	5.4455e-01
 8.000	22.500	5.4454e-01
 8.000	22.750	5.4453e-01
 8.000	23.000	5.4453e-01
 8.000	23.250	5.4453e-01
 8.000	23.500	5.4453e-01
 8.000	23.750	5.4453e-01
 8.000	24.000	5.4453e-01
 8.250	17.000	3.0374e-01
 8.250	17.250	2.9612e-01
 8.250	17.500	2.8708e-01
 8.250	17.750	2.7651e-01
 8.250	18.000	2.6658e-01
 8.250	18.250	2.6496e-01
 8.250	18.500	2.8111e-01
 8.250	18.750	3.0597e-01
 8.250	19.000	3.2628e-01
 8.250	19.250	3.4905e-01
 8.250	19.500	3.8719e-01
 8.250	19.750	4.6242e-01
 8.250	20.000	4.9391e-01
 8.250	20.250	5.2547e-01
 8.250	20.500	5.4246e-01
 8.250	20.750	5.4585e-01
 8.250	21.000	5.4515e-01
 8.250	21.250	5.4488e-01
 8.250	21.500	5.4472e-01
 8.250	21.750	5.4463e-01
 8.250	22.000	5.4459e-01
 8.250	22.250	5.4456e-01
 8.250	22.500	5.4455e-01
 8.250	22.750	5.4454e-01
 8.250	23.000	5.4454e-01
 8.250	23.250	5.4453e-01
 8.250	23.500	5.4453e-01
 8.250	23.750	5.4453e-01
 8.250	24.000	5.4453e-01
 8.500	17.000	3.0840e-01
 8.500	17.250	3.0270e-01
 8.500	17.500	2.9542e-01
 8.500	17.750	2.8704e-01
 8.500	18.000	2.7731e-01
 8.500	18.250	2.6714e-01
 8.500	18.500	2.6567e-01
 8.500	18.750	2.8265e-01
 8.500	19.000	3.0860e-01
 8.500	19.250	3.2962e-01
 8.500	19.500	3.5311e-01
 8.500	19.750	3.9155e-01
 8.500	20.000	4.6418e-01
 8.500	20.250	4.9433e-01
 8.500	20.500	5.2562e-01
 8.500	20.750	5.4249e-01
 8.500	21.000	5.4583e-01
 8.500	21.250	5.4515e-01
 8.500	21.500	5.4489e-01
 8.500	21.750	5.4473e-01
 8.500	22.000	5.4463e-01
 8.500	22.250	5.4459e-01
 8.500	22.500	5.4456e-01
 8.500	22.750	5.4454e-01
 8.500	23.000	5.4453e-01
 8.500	23.250	5.4453e-01
 8.500	23.500	5.4453e-01
 8.500	23.750	5.4453e-01
 8.500	24.000	5.4453e-01
 8.750	17.000	3.1181e-01
 8.750	17.250	3.0733e-01
 8.750	17.500	3.0232e-01
 8.750	17.750	2.9601e-01
 8.750	18.000	2.8818e-01
 8.750	18.250	2.7839e-01
 8.750	18.500	2.6850e-01
 8.750	18.750	2.6769e-01
 8.750	19.000	2.8608e-01
 8.750	19.250	3.1427e-01
 8.750	19.500	3.3722e-01
 8.750	19.750	3.6212e-01
 8.750	20.000	3.9925e-01
 8.750	20.250	4.6683e-01
 8.750	20.500	4.9479e-01
 8.750	20.750	5.2581e-01
 8.750	21.000	5.4255e-01
 8.750	21.250	5.4584e-01
 8.750	21.500	5.4515e-01
 8.750	21.750	5.4488e-01
 8.750	22.000	5.4473e-01
 8.750	22.250	5.4464e-01
 8.750	22.500	5.4459e-01
 8.750	22.750	5.4456e-01
 8.750	23.000	5.4455e-01
 8.750	23.250	5.4454e-01
 8.750	23.500	5.4454e-01
 8.750	23.750	5.4454e-01
 8.750	24.000	5.4453e-01
 9.000	17.000	3.1413e-01
 9.000	17.250	3.1090e-01
 9.000	17.500	3.0745e-01
 9.000	17.750	3.0371e-01
 9.000	18.000	2.9798e-01
 9.000	18.250	2.9014e-01
 9.000	18.500	2.8076e-01
 9.000	18.750	2.7161e-01
 9.000	19.000	2.7256e-01
 9.000	19.250	2.9396e-01
 9.000	19.500	3.2689e-01
 9.000	19.750	3.5327e-01
 9.000	20.000	3.7880e-01
 9.000	20.250	4.1277e-01
 9.000	20.500	4.7064e-01
 9.000	20.750	4.9538e-01
 9.000	21.000	5.2604e-01
 9.000	21.250	5.4262e-01
 9.000	21.500	5.4589e-01
 9.000	21.750	5.4515e-01
 9.000	22.000	5.4489e-01
 9.000	22.250	5.4472e-01
 9.000	22.500	5.4464e-01
 9.000	22.750	5.4459e-01
 9.000	23.000	5.4456e-01
 9.000	23.250	5.4455e-01
 9.000	23.500	5.4454e-01
 9.000	23.750	5.4454e-01
 9.000	24.000	5.4453e-01
 9.250	17.000	3.1413e-01
 9.250	17.250	3.1310e-01
 9.250	17.500	3.1195e-01
 9.250	17.750	3.1009e-01
 9.250	18.000	3.0677e-01
 9.250	18.250	3.0099e-01
 9.250	18.500	2.9375e-01
 9.250	18.750	2.8601e-01
 9.250	19.000	2.7959e-01
 9.250	19.250	2.8489e-01
 9.250	19.500	3.1316e-01
 9.250	19.750	3.5319e-01
 9.250	20.000	3.8201e-01
 9.250	20.250	4.0651e-01
 9.250	20.500	4.3226e-01
 9.250	20.750	4.7640e-01
 9.250	21.000	4.9605e-01
 9.250	21.250	5.2631e-01
 9.250	21.500	5.4268e-01
 9.250	21.750	5.4583e-01
 9.250	22.000	5.4492e-01
 9.250	22.250	5.4485e-01
 9.250	22.500	5.4472e-01
 9.250	22.750	5.4463e-01
 9.250	23.000	5.4459e-01
 9.250	23.250	5.4456e-01
 9.250	23.500	5.4455e-01
 9.250	23.750	5.4454e-01
 9.250	24.000	5.4453e-01
 9.500	17.000	3.1142e-01
 9.500	17.250	3.1467e-01
 9.500	17.500	3.1627e-01
 9.500	17.750	3.1632e-01
 9.500	18.000	3.1460e-01
 9.500	18.250	3.1136e-01
 9.500	18.500	3.0670e-01
 9.500	18.750	3.0212e-01
 9.500	19.000	2.9848e-01
 9.500	19.250	2.9905e-01
 9.500	19.500	3.1283e-01
 9.500	19.750	3.4986e-01
 9.500	20.000	3.9613e-01
 9.500	20.250	4.2584e-01
 9.500	20.500	4.4457e-01
 9.500	20.750	4.5804e-01
 9.500	21.000	4.8513e-01
 9.500	21.250	4.9683e-01
 9.500	21.500	5.2647e-01
 9.500	21.750	5.4247e-01
 9.500	22.000	5.4527e-01
 9.500	22.250	5.4371e-01
 9.500	22.500	5.4263e-01
 9.500	22.750	5.4230e-01
 9.500	23.000	5.4208e-01
 9.500	23.250	5.4198e-01
 9.500	23.500	5.4295e-01
 9.500	23.750	5.4291e-01
 9.500	24.000	5.4289e-01
 9.750	17.000	3.0387e-01
 9.750	17.250	3.1424e-01
 9.750	17.500	3.2066e-01
 9.750	17.750	3.2335e-01
 9.750	18.000	3.2301e-01
 9.750	18.250	3.2151e-01
 9.750	18.500	3.2020e-01
 9.750	18.750	3.1980e-01
 9.750	19.000	3.2275e-01
 9.750	19.250	3.2921e-01
 9.750	19.500	3.4026e-01
 9.750	19.750	3.6411e-01
 9.750	20.000	4.0867e-01
 9.750	20.250	4.5862e-01
 9.750	20.500	4.8491e-01
 9.750	20.750	4.8981e-01
 9.750	21.000	4.8544e-01
 9.750	21.250	4.9536e-01
 9.750	21.500	4.9776e-01
 9.750	21.750	5.2690e-01
 9.750	22.000	5.4259e-01
 9.750	22.250	5.4528e-01
 9.750	22.500	5.4384e-01
 9.750	22.750	5.4284e-01
 9.750	23.000	5.4258e-01
 9.750	23.250	5.4240e-01
 9.750	23.500	5.4232e-01
 9.750	23.750	5.4226e-01
 9.750	24.000	5.4222e-01
10.000	17.000	2.8998e-01
10.000	17.250	3.0967e-01
10.000	17.500	3.2418e-01
10.000	17.750	3.3133e-01
10.000	18.000	3.3374e-01
10.000	18.250	3.3397e-01
10.000	18.500	3.3591e-01
10.000	18.750	3.4189e-01
10.000	19.000	3.5290e-01
10.000	19.250	3.6925e-01
10.000	19.500	3.8781e-01
10.000	19.750	4.1075e-01
10.000	20.000	4.4097e-01
10.000	20.250	4.9151e-01
10.000	20.500	5.3992e-01
10.000	20.750	5.5645e-01
10.000	21.000	5.3925e-01
10.000	21.250	5.1153e-01
10.000	21.500	5.0553e-01
10.000	21.750	4.9928e-01
10.000	22.000	5.2734e-01
10.000	22.250	5.4281e-01
10.000	22.500	5.4535e-01
10.000	22.750	5.4383e-01
10.000	23.000	5.4297e-01
10.000	23.250	5.4275e-01
10.000	23.500	5.4259e-01
10.000	23.750	5.4254e-01
10.000	24.000	5.4250e-01
10.250	17.000	2.6312e-01
10.250	17.250	2.8395e-01
10.250	17.500	3.2403e-01
10.250	17.750	3.3984e-01
10.250	18.000	3.4788e-01
10.250	18.250	3.5339e-01
10.250	18.500	3.6029e-01
10.250	18.750	3.7459e-01
10.250	19.000	3.9609e-01
10.250	19.250	4.2330e-01
10.250	19.500	4.5379e-01
10.250	19.750	4.8273e-01
10.250	20.000	5.1188e-01
10.250	20.250	5.4650e-01
10.250	20.500	5.9613e-01
10.250	20.750	6.3705e-01
10.250	21.000	6.3323e-01
10.250	21.250	5.8243e-01
10.250	21.500	5.3240e-01
10.250	21.750	5.1781e-01
10.250	22.000	5.0151e-01
10.250	22.250	5.2785e-01
10.250	22.500	5.4309e-01
10.250	22.750	5.4546e-01
10.250	23.000	5.4388e-01
10.250	23.250	5.4304e-01
10.250	23.500	5.4285e-01
10.250	23.750	5.4273e-01
10.250	24.000	5.4267e-01
10.500	17.000	2.5481e-01
10.500	17.250	2.7560e-01
10.500	17.500	3.0297e-01
10.500	17.750	3.4799e-01
10.500	18.000	3.6824e-01
10.500	18.250	3.8486e-01
10.500	18.500	4.0475e-01
10.500	18.750	4.3073e-01
10.500	19.000	4.6387e-01
10.500	19.250	5.0210e-01
10.500	19.500	5.4233e-01
10.500	19.750	5.8062e-01
10.500	20.000	6.1420e-01
10.500	20.250	6.4459e-01
10.500	20.500	6.7809e-01
10.500	20.750	7.2297e-01
10.500	21.000	7.4517e-01
10.500	21.250	6.9920e-01
10.500	21.500	6.1783e-01
10.500	21.750	5.5733e-01
10.500	22.000	5.2831e-01
10.500	22.250	5.0460e-01
10.500	22.500	5.2853e-01
10.500	22.750	5.4336e-01
10.500	23.000	5.4584e-01
10.500	23.250	5.4417e-01
10.500	23.500	5.4320e-01
10.500	23.750	5.4290e-01
10.500	24.000	5.4282e-01
10.750	17.000	2.4889e-01
10.750	17.250	2.6984e-01
10.750	17.500	2.9934e-01
10.750	17.750	3.4447e-01
10.750	18.000	3.9636e-01
10.750	18.250	4.4194e-01
10.750	18.500	4.8440e-01
10.750	18.750	5.2908e-01
10.750	19.000	5.7307e-01
10.750	19.250	6.1935e-01
10.750	19.500	6.6506e-01
10.750	19.750	7.0965e-01
10.750	20.000	7.4880e-01
10.750	20.250	7.8085e-01
10.750	20.500	8.1024e-01
10.750	20.750	8.3960e-01
10.750	21.000	8.7199e-01
10.750	21.250	8.6046e-01
10.750	21.500	7.7228e-01
10.750	21.750	6.6278e-01
10.750	22.000	5.8279e-01
10.750	22.250	5.3348e-01
10.750	22.500	5.0833e-01
10.750	22.750	5.2945e-01
10.750	23.000	5.4367e-01
10.750	23.250	5.4606e-01
10.750	23.500	5.4488e-01
10.750	23.750	5.4388e-01
10.750	24.000	5.4324e-01
11.000	17.000	2.4556e-01
11.000	17.250	2.6669e-01
11.000	17.500	2.9625e-01
11.000	17.750	3.5077e-01
11.000	18.000	4.3100e-01
11.000	18.250	5.2371e-01
11.000	18.500	6.1140e-01
11.000	18.750	6.8293e-01
11.000	19.000	7.4011e-01
11.000	19.250	7.8804e-01
11.000	19.500	8.3164e-01
11.000	19.750	8.7545e-01
11.000	20.000	9.1768e-01
11.000	20.250	9.5238e-01
11.000	20.500	9.8251e-01
11.000	20.750	1.0099e+00
11.000	21.000	1.0311e+00
11.000	21.250	1.0413e+00
11.000	21.500	9.9805e-01
11.000	21.750	8.2909e-01
11.000	22.000	6.9637e-01
11.000	22.250	6.0818e-01
11.000	22.500	5.3192e-01
11.000	22.750	5.1252e-01
11.000	23.000	5.3076e-01
11.000	23.250	5.4413e-01
11.000	23.500	5.4618e-01
11.000	23.750	5.4517e-01
11.000	24.000	5.4461e-01
11.250	17.000	2.4353e-01
11.250	17.250	2.6552e-01
11.250	17.500	2.9651e-01
11.250	17.750	3.5779e-01
11.250	18.000	4.7059e-01
11.250	18.250	6.2106e-01
11.250	18.500	7.6636e-01
11.250	18.750	8.8143e-01
11.250	19.000	9.5877e-01
11.250	19.250	1.0110e+00
11.250	19.500	1.0488e+00
11.250	19.750	1.0823e+00
11.250	20.000	1.1187e+00
11.250	20.250	1.1554e+00
11.250	20.500	1.1882e+00
11.250	20.750	1.2174e+00
11.250	21.000	1.2408e+00
11.250	21.250	1.2493e+00
11.250	21.500	1.2324e+00
11.250	21.750	1.1253e+00
11.250	22.000	9.0257e-01
11.250	22.250	7.3051e-01
11.250	22.500	6.2910e-01
11.250	22.750	5.3391e-01
11.250	23.000	5.1699e-01
11.250	23.250	5.3261e-01
11.250	23.500	5.4475e-01
11.250	23.750	5.4635e-01
11.250	24.000	5.4529e-01
11.500	17.000	2.4291e-01
11.500	17.250	2.6630e-01
11.500	17.500	3.0037e-01
11.500	17.750	3.6814e-01
11.500	18.000	5.0342e-01
11.500	18.250	7.0799e-01
11.500	18.500	9.1907e-01
11.500	18.750	1.0877e+00
11.500	19.000	1.2013e+00
11.500	19.250	1.2634e+00
11.500	19.500	1.2994e+00
11.500	19.750	1.3265e+00
11.500	20.000	1.3491e+00
11.500	20.250	1.3737e+00
11.500	20.500	1.4037e+00
11.500	20.750	1.4351e+00
11.500	21.000	1.4626e+00
11.500	21.250	1.4825e+00
11.500	21.500	1.4847e+00
11.500	21.750	1.4226e+00
11.500	22.000	1.2311e+00
11.500	22.250	9.5137e-01
11.500	22.500	7.6647e-01
11.500	22.750	6.3636e-01
11.500	23.000	5.3466e-01
11.500	23.250	5.2125e-01
11.500	23.500	5.3503e-01
11.500	23.750	5.4557e-01
11.500	24.000	5.4654e-01
11.750	17.000	2.4315e-01
11.750	17.250	2.6803e-01
11.750	17.500	3.0614e-01
11.750	17.750	3.7963e-01
11.750	18.000	5.2256e-01
11.750	18.250	7.5570e-01
11.750	18.500	1.0289e+00
11.750	18.750	1.2594e+00
11.750	19.000	1.4208e+00
11.750	19.250	1.5145e+00
11.750	19.500	1.5530e+00
11.750	19.750	1.5704e+00
11.750	20.000	1.5853e+00
11.750	20.250	1.6026e+00
11.750	20.500	1.6199e+00
11.750	20.750	1.6454e+00
11.750	21.000	1.6783e+00
11.750	21.250	1.7089e+00
11.750	21.500	1.7227e+00
11.750	21.750	1.7000e+00
11.750	22.000	1.5767e+00
11.750	22.250	1.3113e+00
11.750	22.500	9.8374e-01
11.750	22.750	7.7572e-01
11.750	23.000	6.3142e-01
11.750	23.250	5.3260e-01
11.750	23.500	5.2516e-01
11.750	23.750	5.3776e-01
11.750	24.000	5.4651e-01
12.000	17.000	2.4158e-01
12.000	17.250	2.7086e-01
12.000	17.500	3.1162e-01
12.000	17.750	3.8897e-01
12.000	18.000	5.2884e-01
12.000	18.250	7.5520e-01
12.000	18.500	1.0527e+00
12.000	18.750	1.3461e+00
12.000	19.000	1.5675e+00
12.000	19.250	1.7077e+00
12.000	19.500	1.7751e+00
12.000	19.750	1.7920e+00
12.000	20.000	1.7943e+00
12.000	20.250	1.8029e+00
12.000	20.500	1.8175e+00
12.000	20.750	1.8362e+00
12.000	21.000	1.8652e+00
12.000	21.250	1.9057e+00
12.000	21.500	1.9296e+00
12.000	21.750	1.9326e+00
12.000	22.000	1.8657e+00
12.000	22.250	1.6985e+00
12.000	22.500	1.3366e+00
12.000	22.750	9.8717e-01
12.000	23.000	7.8245e-01
12.000	23.250	6.1513e-01
12.000	23.500	5.2858e-01
12.000	23.750	5.2824e-01
12.000	24.000	5.4040e-01
12.250	17.000	2.5454e-01
12.250	17.250	2.7663e-01
12.250	17.500	3.1594e-01
12.250	17.750	3.9426e-01
12.250	18.000	5.2593e-01
12.250	18.250	7.2591e-01
12.250	18.500	1.0005e+00
12.250	18.750	1.3147e+00
12.250	19.000	1.5910e+00
12.250	19.250	1.7937e+00
12.250	19.500	1.9141e+00
12.250	19.750	1.9642e+00
12.250	20.000	1.9619e+00
12.250	20.250	1.9586e+00
12.250	20.500	1.9668e+00
12.250	20.750	1.9873e+00
12.250	21.000	2.0188e+00
12.250	21.250	2.0618e+00
12.250	21.500	2.0913e+00
12.250	21.750	2.1077e+00
12.250	22.000	2.0837e+00
12.250	22.250	1.9581e+00
12.250	22.500	1.6900e+00
12.250	22.750	1.2898e+00
12.250	23.000	9.8302e-01
12.250	23.250	7.6401e-01
12.250	23.500	5.9199e-01
12.250	23.750	5.2251e-01
12.250	24.000	5.3051e-01
12.500	17.000	2.5040e-01
12.500	17.250	2.8954e-01
12.500	17.500	3.2837e-01
12.500	17.750	3.9685e-01
12.500	18.000	5.1794e-01
12.500	18.250	6.8638e-01
12.500	18.500	9.1367e-01
12.500	18.750	1.1927e+00
12.500	19.000	1.4904e+00
12.500	19.250	1.7373e+00
12.500	19.500	1.9164e+00
12.500	19.750	2.0247e+00
12.500	20.000	2.0688e+00
12.500	20.250	2.0640e+00
12.500	20.500	2.0628e+00
12.500	20.750	2.0852e+00
12.500	21.000	2.1243e+00
12.500	21.250	2.1720e+00
12.500	21.500	2.2007e+00
12.500	21.750	2.2267e+00
12.500	22.000	2.2257e+00
12.500	22.250	2.1726e+00
12.500	22.500	1.9759e+00
12.500	22.750	1.6240e+00
12.500	23.000	1.2459e+00
12.500	23.250	9.4928e-01
12.500	23.500	7.3144e-01
12.500	23.750	5.6538e-01
12.500	24.000	5.1474e-01
12.750	17.000	2.4495e-01
12.750	17.250	2.9080e-01
12.750	17.500	3.4099e-01
12.750	17.750	4.1720e-01
12.750	18.000	5.1653e-01
12.750	18.250	6.4947e-01
12.750	18.500	8.2788e-01
12.750	18.750	1.0465e+00
12.750	19.000	1.2996e+00
12.750	19.250	1.5611e+00
12.750	19.500	1.7780e+00
12.750	19.750	1.9467e+00
12.750	20.000	2.0551e+00
12.750	20.250	2.1067e+00
12.750	20.500	2.1139e+00
12.750	20.750	2.1288e+00
12.750	21.000	2.1812e+00
12.750	21.250	2.2314e+00
12.750	21.500	2.2639e+00
12.750	21.750	2.2894e+00
12.750	22.000	2.3078e+00
12.750	22.250	2.2986e+00
12.750	22.500	2.2379e+00
12.750	22.750	1.9689e+00
12.750	23.000	1.5557e+00
12.750	23.250	1.1835e+00
12.750	23.500	9.0566e-01
12.750	23.750	6.9077e-01
12.750	24.000	5.3960e-01
13.000	17.000	2.3323e-01
13.000	17.250	2.8152e-01
13.000	17.500	3.4322e-01
13.000	17.750	4.1067e-01
13.000	18.000	5.0472e-01
13.000	18.250	6.1860e-01
13.000	18.500	7.5664e-01
13.000	18.750	9.2245e-01
13.000	19.000	1.1109e+00
13.000	19.250	1.3216e+00
13.000	19.500	1.5377e+00
13.000	19.750	1.7324e+00
13.000	20.000	1.9018e+00
13.000	20.250	2.0306e+00
13.000	20.500	2.1068e+00
13.000	20.750	2.1470e+00
13.000	21.000	2.1816e+00
13.000	21.250	2.2494e+00
13.000	21.500	2.2807e+00
13.000	21.750	2.3314e+00
13.000	22.000	2.3261e+00
13.000	22.250	2.3419e+00
13.000	22.500	2.3642e+00
13.000	22.750	2.2951e+00
13.000	23.000	1.9438e+00
13.000	23.250	1.5218e+00
13.000	23.500	1.1216e+00
13.000	23.750	8.4877e-01
13.000	24.000	6.4508e-01
13.250	17.000	2.2194e-01
13.250	17.250	2.6647e-01
13.250	17.500	3.3363e-01
13.250	17.750	4.0350e-01
13.250	18.000	4.8489e-01
13.250	18.250	5.8402e-01
13.250	18.500	6.9877e-01
13.250	18.750	8.2444e-01
13.250	19.000	9.6414e-01
13.250	19.250	1.1160e+00
13.250	19.500	1.2826e+00
13.250	19.750	1.4631e+00
13.250	20.000	1.6465e+00
13.250	20.250	1.8195e+00
13.250	20.500	1.9643e+00
13.250	20.750	2.0666e+00
13.250	21.000	2.1471e+00
13.250	21.250	2.1779e+00
13.250	21.500	2.2168e+00
13.250	21.750	2.2485e+00
13.250	22.000	2.2815e+00
13.250	22.250	2.2984e+00
13.250	22.500	2.3032e+00
13.250	22.750	2.3172e+00
13.250	23.000	2.2176e+00
13.250	23.250	1.8988e+00
13.250	23.500	1.4548e+00
13.250	23.750	1.0505e+00
13.250	24.000	7.8696e-01
13.500	17.000	2.0288e-01
13.500	17.250	2.5053e-01
13.500	17.500	3.2039e-01
13.500	17.750	3.8768e-01
13.500	18.000	4.6354e-01
13.500	18.250	5.5063e-01
13.500	18.500	6.4950e-01
13.500	18.750	7.5505e-01
13.500	19.000	8.6239e-01
13.500	19.250	9.7440e-01
13.500	19.500	1.0965e+00
13.500	19.750	1.2347e+00
13.500	20.000	1.3910e+00
13.500	20.250	1.5675e+00
13.500	20.500	1.7363e+00
13.500	20.750	1.8804e+00
13.500	21.000	1.9628e+00
13.500	21.250	2.0423e+00
13.500	21.500	2.0681e+00
13.500	21.750	2.1044e+00
13.500	22.000	2.1432e+00
13.500	22.250	2.1939e+00
13.500	22.500	2.2116e+00
13.500	22.750	2.1629e+00
13.500	23.000	2.1238e+00
13.500	23.250	2.0132e+00
13.500	23.500	1.7754e+00
13.500	23.750	1.3739e+00
13.500	24.000	9.7944e-01
13.750	17.000	1.9069e-01
13.750	17.250	2.2979e-01
13.750	17.500	3.0092e-01
13.750	17.750	3.6717e-01
13.750	18.000	4.3879e-01
13.750	18.250	5.1865e-01
13.750	18.500	6.0471e-01
13.750	18.750	6.9706e-01
13.750	19.000	7.9178e-01
13.750	19.250	8.8458e-01
13.750	19.500	9.7836e-01
13.750	19.750	1.0806e+00
13.750	20.000	1.2020e+00
13.750	20.250	1.3458e+00
13.750	20.500	1.5102e+00
13.750	20.750	1.6729e+00
13.750	21.000	1.7992e+00
13.750	21.250	1.8621e+00
13.750	21.500	1.8981e+00
13.750	21.750	1.9291e+00
13.750	22.000	1.9629e+00
13.750	22.250	2.0160e+00
13.750	22.500	2.0703e+00
13.750	22.750	2.0613e+00
13.750	23.000	2.0300e+00
13.750	23.250	1.9570e+00
13.750	23.500	1.8403e+00
13.750	23.750	1.6712e+00
13.750	24.000	1.2949e+00
14.000	17.000	1.8111e-01
14.000	17.250	2.1679e-01
14.000	17.500	2.6346e-01
14.000	17.750	3.4496e-01
14.000	18.000	4.1269e-01
14.000	18.250	4.8651e-01
14.000	18.500	5.6590e-01
14.000	18.750	6.4948e-01
14.000	19.000	7.3528e-01
14.000	19.250	8.2152e-01
14.000	19.500	9.0413e-01
14.000	19.750	9.8733e-01
14.000	20.000	1.0780e+00
14.000	20.250	1.1881e+00
14.000	20.500	1.3251e+00
14.000	20.750	1.4806e+00
14.000	21.000	1.6334e+00
14.000	21.250	1.7490e+00
14.000	21.500	1.7831e+00
14.000	21.750	1.7907e+00
14.000	22.000	1.7960e+00
14.000	22.250	1.8430e+00
14.000	22.500	1.9041e+00
14.000	22.750	1.9561e+00
14.000	23.000	1.9553e+00
14.000	23.250	1.8884e+00
14.000	23.500	1.8227e+00
14.000	23.750	1.7327e+00
14.000	24.000	1.6250e+00
