InwT 2392.03A  relative to Inci 1215.00A scaled to 1215A.
Hden   Phi(H)  Eq_Width (A)
 7.000	17.000	2.2834e-01
 7.000	17.250	2.7445e-01
 7.000	17.500	3.3432e-01
 7.000	17.750	4.0587e-01
 7.000	18.000	4.7392e-01
 7.000	18.250	5.1805e-01
 7.000	18.500	5.2007e-01
 7.000	18.750	5.0647e-01
 7.000	19.000	4.9708e-01
 7.000	19.250	4.9384e-01
 7.000	19.500	4.9166e-01
 7.000	19.750	4.9039e-01
 7.000	20.000	4.9014e-01
 7.000	20.250	4.9003e-01
 7.000	20.500	4.8998e-01
 7.000	20.750	4.8995e-01
 7.000	21.000	4.8994e-01
 7.000	21.250	4.8993e-01
 7.000	21.500	4.8992e-01
 7.000	21.750	4.8993e-01
 7.000	22.000	4.8993e-01
 7.000	22.250	4.8992e-01
 7.000	22.500	4.8993e-01
 7.000	22.750	4.8993e-01
 7.000	23.000	4.8992e-01
 7.000	23.250	4.8992e-01
 7.000	23.500	4.8992e-01
 7.000	23.750	4.8992e-01
 7.000	24.000	4.8993e-01
 7.250	17.000	1.9808e-01
 7.250	17.250	2.3522e-01
 7.250	17.500	2.8421e-01
 7.250	17.750	3.4652e-01
 7.250	18.000	4.1806e-01
 7.250	18.250	4.8142e-01
 7.250	18.500	5.1981e-01
 7.250	18.750	5.2010e-01
 7.250	19.000	5.0645e-01
 7.250	19.250	4.9708e-01
 7.250	19.500	4.9383e-01
 7.250	19.750	4.9165e-01
 7.250	20.000	4.9040e-01
 7.250	20.250	4.9014e-01
 7.250	20.500	4.9003e-01
 7.250	20.750	4.8998e-01
 7.250	21.000	4.8996e-01
 7.250	21.250	4.8994e-01
 7.250	21.500	4.8994e-01
 7.250	21.750	4.8993e-01
 7.250	22.000	4.8993e-01
 7.250	22.250	4.8992e-01
 7.250	22.500	4.8993e-01
 7.250	22.750	4.8993e-01
 7.250	23.000	4.8992e-01
 7.250	23.250	4.8992e-01
 7.250	23.500	4.8992e-01
 7.250	23.750	4.8992e-01
 7.250	24.000	4.8993e-01
 7.500	17.000	1.7521e-01
 7.500	17.250	2.0441e-01
 7.500	17.500	2.4554e-01
 7.500	17.750	2.9953e-01
 7.500	18.000	3.6439e-01
 7.500	18.250	4.3524e-01
 7.500	18.500	4.8862e-01
 7.500	18.750	5.2133e-01
 7.500	19.000	5.2014e-01
 7.500	19.250	5.0641e-01
 7.500	19.500	4.9707e-01
 7.500	19.750	4.9383e-01
 7.500	20.000	4.9166e-01
 7.500	20.250	4.9040e-01
 7.500	20.500	4.9014e-01
 7.500	20.750	4.9004e-01
 7.500	21.000	4.8998e-01
 7.500	21.250	4.8995e-01
 7.500	21.500	4.8994e-01
 7.500	21.750	4.8993e-01
 7.500	22.000	4.8993e-01
 7.500	22.250	4.8993e-01
 7.500	22.500	4.8992e-01
 7.500	22.750	4.8992e-01
 7.500	23.000	4.8993e-01
 7.500	23.250	4.8993e-01
 7.500	23.500	4.8993e-01
 7.500	23.750	4.8992e-01
 7.500	24.000	4.8992e-01
 7.750	17.000	1.5840e-01
 7.750	17.250	1.8064e-01
 7.750	17.500	2.1458e-01
 7.750	17.750	2.6283e-01
 7.750	18.000	3.2349e-01
 7.750	18.250	3.9114e-01
 7.750	18.500	4.5522e-01
 7.750	18.750	4.9651e-01
 7.750	19.000	5.2272e-01
 7.750	19.250	5.2019e-01
 7.750	19.500	5.0638e-01
 7.750	19.750	4.9707e-01
 7.750	20.000	4.9384e-01
 7.750	20.250	4.9165e-01
 7.750	20.500	4.9039e-01
 7.750	20.750	4.9014e-01
 7.750	21.000	4.9003e-01
 7.750	21.250	4.8998e-01
 7.750	21.500	4.8995e-01
 7.750	21.750	4.8994e-01
 7.750	22.000	4.8993e-01
 7.750	22.250	4.8993e-01
 7.750	22.500	4.8992e-01
 7.750	22.750	4.8993e-01
 7.750	23.000	4.8993e-01
 7.750	23.250	4.8992e-01
 7.750	23.500	4.8992e-01
 7.750	23.750	4.8992e-01
 7.750	24.000	4.8992e-01
 8.000	17.000	1.4551e-01
 8.000	17.250	1.6203e-01
 8.000	17.500	1.8857e-01
 8.000	17.750	2.3125e-01
 8.000	18.000	2.9118e-01
 8.000	18.250	3.5898e-01
 8.000	18.500	4.2168e-01
 8.000	18.750	4.7485e-01
 8.000	19.000	5.0162e-01
 8.000	19.250	5.2302e-01
 8.000	19.500	5.2017e-01
 8.000	19.750	5.0636e-01
 8.000	20.000	4.9706e-01
 8.000	20.250	4.9383e-01
 8.000	20.500	4.9163e-01
 8.000	20.750	4.9040e-01
 8.000	21.000	4.9014e-01
 8.000	21.250	4.9003e-01
 8.000	21.500	4.8998e-01
 8.000	21.750	4.8995e-01
 8.000	22.000	4.8994e-01
 8.000	22.250	4.8993e-01
 8.000	22.500	4.8993e-01
 8.000	22.750	4.8992e-01
 8.000	23.000	4.8992e-01
 8.000	23.250	4.8993e-01
 8.000	23.500	4.8993e-01
 8.000	23.750	4.8993e-01
 8.000	24.000	4.8993e-01
 8.250	17.000	1.3716e-01
 8.250	17.250	1.4959e-01
 8.250	17.500	1.6989e-01
 8.250	17.750	2.0501e-01
 8.250	18.000	2.6366e-01
 8.250	18.250	3.3731e-01
 8.250	18.500	4.0527e-01
 8.250	18.750	4.5379e-01
 8.250	19.000	4.9356e-01
 8.250	19.250	5.0357e-01
 8.250	19.500	5.2429e-01
 8.250	19.750	5.2019e-01
 8.250	20.000	5.0632e-01
 8.250	20.250	4.9706e-01
 8.250	20.500	4.9383e-01
 8.250	20.750	4.9165e-01
 8.250	21.000	4.9040e-01
 8.250	21.250	4.9014e-01
 8.250	21.500	4.9003e-01
 8.250	21.750	4.8998e-01
 8.250	22.000	4.8996e-01
 8.250	22.250	4.8994e-01
 8.250	22.500	4.8993e-01
 8.250	22.750	4.8993e-01
 8.250	23.000	4.8993e-01
 8.250	23.250	4.8993e-01
 8.250	23.500	4.8993e-01
 8.250	23.750	4.8992e-01
 8.250	24.000	4.8992e-01
 8.500	17.000	1.3093e-01
 8.500	17.250	1.4095e-01
 8.500	17.500	1.5666e-01
 8.500	17.750	1.8456e-01
 8.500	18.000	2.3678e-01
 8.500	18.250	3.1449e-01
 8.500	18.500	3.9343e-01
 8.500	18.750	4.4776e-01
 8.500	19.000	4.7667e-01
 8.500	19.250	4.9522e-01
 8.500	19.500	5.0546e-01
 8.500	19.750	5.2405e-01
 8.500	20.000	5.2018e-01
 8.500	20.250	5.0627e-01
 8.500	20.500	4.9707e-01
 8.500	20.750	4.9383e-01
 8.500	21.000	4.9163e-01
 8.500	21.250	4.9040e-01
 8.500	21.500	4.9014e-01
 8.500	21.750	4.9004e-01
 8.500	22.000	4.8998e-01
 8.500	22.250	4.8995e-01
 8.500	22.500	4.8994e-01
 8.500	22.750	4.8993e-01
 8.500	23.000	4.8992e-01
 8.500	23.250	4.8992e-01
 8.500	23.500	4.8993e-01
 8.500	23.750	4.8993e-01
 8.500	24.000	4.8993e-01
 8.750	17.000	1.2576e-01
 8.750	17.250	1.3459e-01
 8.750	17.500	1.4763e-01
 8.750	17.750	1.7026e-01
 8.750	18.000	2.1444e-01
 8.750	18.250	2.8818e-01
 8.750	18.500	3.7388e-01
 8.750	18.750	4.4098e-01
 8.750	19.000	4.7487e-01
 8.750	19.250	4.9753e-01
 8.750	19.500	4.9966e-01
 8.750	19.750	5.0854e-01
 8.750	20.000	5.2313e-01
 8.750	20.250	5.2012e-01
 8.750	20.500	5.0622e-01
 8.750	20.750	4.9706e-01
 8.750	21.000	4.9384e-01
 8.750	21.250	4.9162e-01
 8.750	21.500	4.9040e-01
 8.750	21.750	4.9014e-01
 8.750	22.000	4.9003e-01
 8.750	22.250	4.8998e-01
 8.750	22.500	4.8995e-01
 8.750	22.750	4.8994e-01
 8.750	23.000	4.8993e-01
 8.750	23.250	4.8993e-01
 8.750	23.500	4.8993e-01
 8.750	23.750	4.8993e-01
 8.750	24.000	4.8992e-01
 9.000	17.000	1.2093e-01
 9.000	17.250	1.2939e-01
 9.000	17.500	1.4120e-01
 9.000	17.750	1.6089e-01
 9.000	18.000	1.9899e-01
 9.000	18.250	2.6490e-01
 9.000	18.500	3.4772e-01
 9.000	18.750	4.2341e-01
 9.000	19.000	4.7154e-01
 9.000	19.250	4.9363e-01
 9.000	19.500	5.0719e-01
 9.000	19.750	5.0019e-01
 9.000	20.000	5.1319e-01
 9.000	20.250	5.2249e-01
 9.000	20.500	5.2002e-01
 9.000	20.750	5.0615e-01
 9.000	21.000	4.9707e-01
 9.000	21.250	4.9384e-01
 9.000	21.500	4.9166e-01
 9.000	21.750	4.9040e-01
 9.000	22.000	4.9014e-01
 9.000	22.250	4.9003e-01
 9.000	22.500	4.8998e-01
 9.000	22.750	4.8995e-01
 9.000	23.000	4.8994e-01
 9.000	23.250	4.8993e-01
 9.000	23.500	4.8993e-01
 9.000	23.750	4.8993e-01
 9.000	24.000	4.8992e-01
 9.250	17.000	1.1609e-01
 9.250	17.250	1.2468e-01
 9.250	17.500	1.3631e-01
 9.250	17.750	1.5502e-01
 9.250	18.000	1.9056e-01
 9.250	18.250	2.5110e-01
 9.250	18.500	3.2462e-01
 9.250	18.750	3.9072e-01
 9.250	19.000	4.4642e-01
 9.250	19.250	4.8485e-01
 9.250	19.500	5.0153e-01
 9.250	19.750	5.1017e-01
 9.250	20.000	5.0632e-01
 9.250	20.250	5.2085e-01
 9.250	20.500	5.2201e-01
 9.250	20.750	5.1986e-01
 9.250	21.000	5.0608e-01
 9.250	21.250	4.9706e-01
 9.250	21.500	4.9383e-01
 9.250	21.750	4.9160e-01
 9.250	22.000	4.9018e-01
 9.250	22.250	4.9010e-01
 9.250	22.500	4.9003e-01
 9.250	22.750	4.8998e-01
 9.250	23.000	4.8995e-01
 9.250	23.250	4.8994e-01
 9.250	23.500	4.8993e-01
 9.250	23.750	4.8993e-01
 9.250	24.000	4.8992e-01
 9.500	17.000	1.1113e-01
 9.500	17.250	1.2019e-01
 9.500	17.500	1.3233e-01
 9.500	17.750	1.5146e-01
 9.500	18.000	1.8666e-01
 9.500	18.250	2.4518e-01
 9.500	18.500	3.0944e-01
 9.500	18.750	3.6110e-01
 9.500	19.000	4.0273e-01
 9.500	19.250	4.3792e-01
 9.500	19.500	4.6967e-01
 9.500	19.750	4.9753e-01
 9.500	20.000	5.0806e-01
 9.500	20.250	5.1552e-01
 9.500	20.500	5.2622e-01
 9.500	20.750	5.2195e-01
 9.500	21.000	5.1973e-01
 9.500	21.250	5.0595e-01
 9.500	21.500	4.9695e-01
 9.500	21.750	4.9356e-01
 9.500	22.000	4.9108e-01
 9.500	22.250	4.8910e-01
 9.500	22.500	4.8811e-01
 9.500	22.750	4.8785e-01
 9.500	23.000	4.8768e-01
 9.500	23.250	4.8760e-01
 9.500	23.500	4.8849e-01
 9.500	23.750	4.8846e-01
 9.500	24.000	4.8845e-01
 9.750	17.000	1.0568e-01
 9.750	17.250	1.1550e-01
 9.750	17.500	1.2854e-01
 9.750	17.750	1.4910e-01
 9.750	18.000	1.8698e-01
 9.750	18.250	2.4443e-01
 9.750	18.500	2.9971e-01
 9.750	18.750	3.3803e-01
 9.750	19.000	3.6222e-01
 9.750	19.250	3.8236e-01
 9.750	19.500	4.0699e-01
 9.750	19.750	4.4145e-01
 9.750	20.000	4.8188e-01
 9.750	20.250	5.1026e-01
 9.750	20.500	5.2641e-01
 9.750	20.750	5.2806e-01
 9.750	21.000	5.2196e-01
 9.750	21.250	5.1969e-01
 9.750	21.500	5.0582e-01
 9.750	21.750	4.9701e-01
 9.750	22.000	4.9356e-01
 9.750	22.250	4.9106e-01
 9.750	22.500	4.8920e-01
 9.750	22.750	4.8830e-01
 9.750	23.000	4.8810e-01
 9.750	23.250	4.8796e-01
 9.750	23.500	4.8791e-01
 9.750	23.750	4.8787e-01
 9.750	24.000	4.8784e-01
10.000	17.000	9.9776e-02
10.000	17.250	1.1053e-01
10.000	17.500	1.2493e-01
10.000	17.750	1.4774e-01
10.000	18.000	1.8803e-01
10.000	18.250	2.4385e-01
10.000	18.500	2.9256e-01
10.000	18.750	3.2077e-01
10.000	19.000	3.3258e-01
10.000	19.250	3.3569e-01
10.000	19.500	3.2862e-01
10.000	19.750	3.3021e-01
10.000	20.000	3.7283e-01
10.000	20.250	4.4504e-01
10.000	20.500	5.1534e-01
10.000	20.750	5.4126e-01
10.000	21.000	5.2894e-01
10.000	21.250	5.2195e-01
10.000	21.500	5.1963e-01
10.000	21.750	5.0567e-01
10.000	22.000	4.9703e-01
10.000	22.250	4.9366e-01
10.000	22.500	4.9110e-01
10.000	22.750	4.8919e-01
10.000	23.000	4.8841e-01
10.000	23.250	4.8825e-01
10.000	23.500	4.8814e-01
10.000	23.750	4.8811e-01
10.000	24.000	4.8808e-01
10.250	17.000	9.3623e-02
10.250	17.250	1.0505e-01
10.250	17.500	1.2154e-01
10.250	17.750	1.4745e-01
10.250	18.000	1.8997e-01
10.250	18.250	2.4380e-01
10.250	18.500	2.8535e-01
10.250	18.750	3.0694e-01
10.250	19.000	3.1158e-01
10.250	19.250	3.1047e-01
10.250	19.500	3.1145e-01
10.250	19.750	3.1911e-01
10.250	20.000	3.4439e-01
10.250	20.250	3.9467e-01
10.250	20.500	4.6825e-01
10.250	20.750	5.3337e-01
10.250	21.000	5.4736e-01
10.250	21.250	5.2990e-01
10.250	21.500	5.2292e-01
10.250	21.750	5.1944e-01
10.250	22.000	5.0546e-01
10.250	22.250	4.9702e-01
10.250	22.500	4.9376e-01
10.250	22.750	4.9116e-01
10.250	23.000	4.8922e-01
10.250	23.250	4.8846e-01
10.250	23.500	4.8834e-01
10.250	23.750	4.8826e-01
10.250	24.000	4.8822e-01
10.500	17.000	8.8380e-02
10.500	17.250	1.0036e-01
10.500	17.500	1.1864e-01
10.500	17.750	1.4815e-01
10.500	18.000	1.9198e-01
10.500	18.250	2.4298e-01
10.500	18.500	2.7947e-01
10.500	18.750	2.9895e-01
10.500	19.000	3.0744e-01
10.500	19.250	3.1231e-01
10.500	19.500	3.1816e-01
10.500	19.750	3.2543e-01
10.500	20.000	3.3977e-01
10.500	20.250	3.7026e-01
10.500	20.500	4.2273e-01
10.500	20.750	4.9437e-01
10.500	21.000	5.5215e-01
10.500	21.250	5.4943e-01
10.500	21.500	5.3097e-01
10.500	21.750	5.2391e-01
10.500	22.000	5.1871e-01
10.500	22.250	5.0523e-01
10.500	22.500	4.9702e-01
10.500	22.750	4.9380e-01
10.500	23.000	4.9146e-01
10.500	23.250	4.8946e-01
10.500	23.500	4.8860e-01
10.500	23.750	4.8838e-01
10.500	24.000	4.8833e-01
10.750	17.000	8.3894e-02
10.750	17.250	9.6557e-02
10.750	17.500	1.1712e-01
10.750	17.750	1.4908e-01
10.750	18.000	1.9262e-01
10.750	18.250	2.4054e-01
10.750	18.500	2.7417e-01
10.750	18.750	2.9528e-01
10.750	19.000	3.0829e-01
10.750	19.250	3.1781e-01
10.750	19.500	3.2631e-01
10.750	19.750	3.3549e-01
10.750	20.000	3.4512e-01
10.750	20.250	3.6102e-01
10.750	20.500	3.9313e-01
10.750	20.750	4.4673e-01
10.750	21.000	5.1657e-01
10.750	21.250	5.6648e-01
10.750	21.500	5.4864e-01
10.750	21.750	5.3031e-01
10.750	22.000	5.2500e-01
10.750	22.250	5.1751e-01
10.750	22.500	5.0497e-01
10.750	22.750	4.9698e-01
10.750	23.000	4.9381e-01
10.750	23.250	4.9159e-01
10.750	23.500	4.9007e-01
10.750	23.750	4.8920e-01
10.750	24.000	4.8868e-01
11.000	17.000	7.9916e-02
11.000	17.250	9.3394e-02
11.000	17.500	1.1594e-01
11.000	17.750	1.4965e-01
11.000	18.000	1.9208e-01
11.000	18.250	2.3669e-01
11.000	18.500	2.6971e-01
11.000	18.750	2.9350e-01
11.000	19.000	3.0996e-01
11.000	19.250	3.2295e-01
11.000	19.500	3.3453e-01
11.000	19.750	3.4415e-01
11.000	20.000	3.5200e-01
11.000	20.250	3.6063e-01
11.000	20.500	3.7727e-01
11.000	20.750	4.1135e-01
11.000	21.000	4.6722e-01
11.000	21.250	5.3709e-01
11.000	21.500	5.6800e-01
11.000	21.750	5.5090e-01
11.000	22.000	5.3181e-01
11.000	22.250	5.2583e-01
11.000	22.500	5.1621e-01
11.000	22.750	5.0469e-01
11.000	23.000	4.9693e-01
11.000	23.250	4.9381e-01
11.000	23.500	4.9159e-01
11.000	23.750	4.9030e-01
11.000	24.000	4.8984e-01
11.250	17.000	7.6377e-02
11.250	17.250	9.0256e-02
11.250	17.500	1.1413e-01
11.250	17.750	1.4821e-01
11.250	18.000	1.8951e-01
11.250	18.250	2.3046e-01
11.250	18.500	2.6297e-01
11.250	18.750	2.8866e-01
11.250	19.000	3.0910e-01
11.250	19.250	3.2643e-01
11.250	19.500	3.4084e-01
11.250	19.750	3.5104e-01
11.250	20.000	3.5849e-01
11.250	20.250	3.6465e-01
11.250	20.500	3.7294e-01
11.250	20.750	3.9119e-01
11.250	21.000	4.2862e-01
11.250	21.250	4.8913e-01
11.250	21.500	5.4869e-01
11.250	21.750	5.7501e-01
11.250	22.000	5.5085e-01
11.250	22.250	5.3225e-01
11.250	22.500	5.2576e-01
11.250	22.750	5.1468e-01
11.250	23.000	5.0439e-01
11.250	23.250	4.9687e-01
11.250	23.500	4.9379e-01
11.250	23.750	4.9160e-01
11.250	24.000	4.9036e-01
11.500	17.000	7.1578e-02
11.500	17.250	8.7143e-02
11.500	17.500	1.1110e-01
11.500	17.750	1.4452e-01
11.500	18.000	1.8405e-01
11.500	18.250	2.2250e-01
11.500	18.500	2.5483e-01
11.500	18.750	2.8220e-01
11.500	19.000	3.0721e-01
11.500	19.250	3.2858e-01
11.500	19.500	3.4476e-01
11.500	19.750	3.5657e-01
11.500	20.000	3.6488e-01
11.500	20.250	3.7059e-01
11.500	20.500	3.7585e-01
11.500	20.750	3.8509e-01
11.500	21.000	4.0631e-01
11.500	21.250	4.4915e-01
11.500	21.500	5.0075e-01
11.500	21.750	5.7175e-01
11.500	22.000	5.8176e-01
11.500	22.250	5.5248e-01
11.500	22.500	5.3260e-01
11.500	22.750	5.2424e-01
11.500	23.000	5.1324e-01
11.500	23.250	5.0409e-01
11.500	23.500	4.9681e-01
11.500	23.750	4.9377e-01
11.500	24.000	4.9161e-01
11.750	17.000	5.9436e-02
11.750	17.250	8.3657e-02
11.750	17.500	1.0694e-01
11.750	17.750	1.3889e-01
11.750	18.000	1.7618e-01
11.750	18.250	2.1258e-01
11.750	18.500	2.4552e-01
11.750	18.750	2.7592e-01
11.750	19.000	3.0513e-01
11.750	19.250	3.2925e-01
11.750	19.500	3.4739e-01
11.750	19.750	3.6104e-01
11.750	20.000	3.7089e-01
11.750	20.250	3.7782e-01
11.750	20.500	3.8298e-01
11.750	20.750	3.8869e-01
11.750	21.000	4.0043e-01
11.750	21.250	4.2657e-01
11.750	21.500	4.6019e-01
11.750	21.750	5.2930e-01
11.750	22.000	5.9668e-01
11.750	22.250	5.8912e-01
11.750	22.500	5.5561e-01
11.750	22.750	5.3565e-01
11.750	23.000	5.2247e-01
11.750	23.250	5.1199e-01
11.750	23.500	5.0379e-01
11.750	23.750	4.9675e-01
11.750	24.000	4.9375e-01
12.000	17.000	4.7052e-02
12.000	17.250	7.0706e-02
12.000	17.500	1.0149e-01
12.000	17.750	1.3107e-01
12.000	18.000	1.6571e-01
12.000	18.250	2.0089e-01
12.000	18.500	2.3546e-01
12.000	18.750	2.6986e-01
12.000	19.000	3.0221e-01
12.000	19.250	3.2892e-01
12.000	19.500	3.4985e-01
12.000	19.750	3.6502e-01
12.000	20.000	3.7655e-01
12.000	20.250	3.8532e-01
12.000	20.500	3.9201e-01
12.000	20.750	3.9784e-01
12.000	21.000	4.0584e-01
12.000	21.250	4.2164e-01
12.000	21.500	4.3810e-01
12.000	21.750	4.8982e-01
12.000	22.000	5.6297e-01
12.000	22.250	6.1776e-01
12.000	22.500	5.9910e-01
12.000	22.750	5.6216e-01
12.000	23.000	5.3704e-01
12.000	23.250	5.2075e-01
12.000	23.500	5.1083e-01
12.000	23.750	5.0344e-01
12.000	24.000	4.9665e-01
12.250	17.000	3.9765e-02
12.250	17.250	5.6960e-02
12.250	17.500	8.5949e-02
12.250	17.750	1.2133e-01
12.250	18.000	1.5348e-01
12.250	18.250	1.8866e-01
12.250	18.500	2.2588e-01
12.250	18.750	2.6361e-01
12.250	19.000	2.9719e-01
12.250	19.250	3.2794e-01
12.250	19.500	3.5165e-01
12.250	19.750	3.6938e-01
12.250	20.000	3.8241e-01
12.250	20.250	3.9280e-01
12.250	20.500	4.0161e-01
12.250	20.750	4.0969e-01
12.250	21.000	4.1836e-01
12.250	21.250	4.3003e-01
12.250	21.500	4.3498e-01
12.250	21.750	4.6853e-01
12.250	22.000	5.2630e-01
12.250	22.250	6.0404e-01
12.250	22.500	6.5043e-01
12.250	22.750	6.1446e-01
12.250	23.000	5.6773e-01
12.250	23.250	5.3808e-01
12.250	23.500	5.1905e-01
12.250	23.750	5.0974e-01
12.250	24.000	5.0305e-01
12.500	17.000	3.4204e-02
12.500	17.250	4.7612e-02
12.500	17.500	6.9306e-02
12.500	17.750	1.0160e-01
12.500	18.000	1.4023e-01
12.500	18.250	1.7522e-01
12.500	18.500	2.1522e-01
12.500	18.750	2.5594e-01
12.500	19.000	2.9337e-01
12.500	19.250	3.2522e-01
12.500	19.500	3.5194e-01
12.500	19.750	3.7273e-01
12.500	20.000	3.8837e-01
12.500	20.250	4.0059e-01
12.500	20.500	4.1134e-01
12.500	20.750	4.2221e-01
12.500	21.000	4.3400e-01
12.500	21.250	4.4679e-01
12.500	21.500	4.4714e-01
12.500	21.750	4.6750e-01
12.500	22.000	5.0649e-01
12.500	22.250	5.7455e-01
12.500	22.500	6.6583e-01
12.500	22.750	6.8881e-01
12.500	23.000	6.2602e-01
12.500	23.250	5.7195e-01
12.500	23.500	5.3736e-01
12.500	23.750	5.1725e-01
12.500	24.000	5.0860e-01
12.750	17.000	2.9237e-02
12.750	17.250	4.0156e-02
12.750	17.500	5.7801e-02
12.750	17.750	8.3572e-02
12.750	18.000	1.1853e-01
12.750	18.250	1.6141e-01
12.750	18.500	2.0008e-01
12.750	18.750	2.4219e-01
12.750	19.000	2.8521e-01
12.750	19.250	3.2098e-01
12.750	19.500	3.5009e-01
12.750	19.750	3.7388e-01
12.750	20.000	3.9278e-01
12.750	20.250	4.0820e-01
12.750	20.500	4.2108e-01
12.750	20.750	4.3428e-01
12.750	21.000	4.5035e-01
12.750	21.250	4.6649e-01
12.750	21.500	4.6796e-01
12.750	21.750	4.8215e-01
12.750	22.000	5.0727e-01
12.750	22.250	5.5559e-01
12.750	22.500	6.3386e-01
12.750	22.750	7.2324e-01
12.750	23.000	7.0885e-01
12.750	23.250	6.3170e-01
12.750	23.500	5.7197e-01
12.750	23.750	5.3539e-01
12.750	24.000	5.1497e-01
13.000	17.000	2.3534e-02
13.000	17.250	3.2703e-02
13.000	17.500	4.7649e-02
13.000	17.750	6.9513e-02
13.000	18.000	9.8690e-02
13.000	18.250	1.3485e-01
13.000	18.500	1.7858e-01
13.000	18.750	2.2579e-01
13.000	19.000	2.6994e-01
13.000	19.250	3.1157e-01
13.000	19.500	3.4426e-01
13.000	19.750	3.7169e-01
13.000	20.000	3.9426e-01
13.000	20.250	4.1332e-01
13.000	20.500	4.3062e-01
13.000	20.750	4.4710e-01
13.000	21.000	4.6471e-01
13.000	21.250	4.8604e-01
13.000	21.500	4.9115e-01
13.000	21.750	5.0892e-01
13.000	22.000	5.2220e-01
13.000	22.250	5.5227e-01
13.000	22.500	6.1406e-01
13.000	22.750	6.9748e-01
13.000	23.000	7.5473e-01
13.000	23.250	7.0855e-01
13.000	23.500	6.2842e-01
13.000	23.750	5.6865e-01
13.000	24.000	5.3154e-01
13.250	17.000	2.0406e-02
13.250	17.250	2.8013e-02
13.250	17.500	4.0446e-02
13.250	17.750	5.8999e-02
13.250	18.000	8.4894e-02
13.250	18.250	1.1841e-01
13.250	18.500	1.5851e-01
13.250	18.750	2.0472e-01
13.250	19.000	2.5270e-01
13.250	19.250	2.9427e-01
13.250	19.500	3.3240e-01
13.250	19.750	3.6462e-01
13.250	20.000	3.9154e-01
13.250	20.250	4.1466e-01
13.250	20.500	4.3529e-01
13.250	20.750	4.5553e-01
13.250	21.000	4.7792e-01
13.250	21.250	4.9889e-01
13.250	21.500	5.0688e-01
13.250	21.750	5.2303e-01
13.250	22.000	5.3823e-01
13.250	22.250	5.5988e-01
13.250	22.500	5.9529e-01
13.250	22.750	6.5137e-01
13.250	23.000	7.1252e-01
13.250	23.250	7.4996e-01
13.250	23.500	6.9587e-01
13.250	23.750	6.1941e-01
13.250	24.000	5.6104e-01
13.500	17.000	1.7645e-02
13.500	17.250	2.4255e-02
13.500	17.500	3.5024e-02
13.500	17.750	5.1204e-02
13.500	18.000	7.4299e-02
13.500	18.250	1.0449e-01
13.500	18.500	1.4125e-01
13.500	18.750	1.8388e-01
13.500	19.000	2.3509e-01
13.500	19.250	2.7694e-01
13.500	19.500	3.1511e-01
13.500	19.750	3.5215e-01
13.500	20.000	3.8313e-01
13.500	20.250	4.1215e-01
13.500	20.500	4.3606e-01
13.500	20.750	4.5859e-01
13.500	21.000	4.8056e-01
13.500	21.250	5.0573e-01
13.500	21.500	5.1399e-01
13.500	21.750	5.3035e-01
13.500	22.000	5.4605e-01
13.500	22.250	5.6769e-01
13.500	22.500	5.9622e-01
13.500	22.750	6.2376e-01
13.500	23.000	6.6661e-01
13.500	23.250	7.0861e-01
13.500	23.500	7.3361e-01
13.500	23.750	6.7401e-01
13.500	24.000	6.0039e-01
13.750	17.000	1.5358e-02
13.750	17.250	2.0939e-02
13.750	17.500	3.0324e-02
13.750	17.750	4.4417e-02
13.750	18.000	6.5042e-02
13.750	18.250	9.2594e-02
13.750	18.500	1.2672e-01
13.750	18.750	1.6610e-01
13.750	19.000	2.0994e-01
13.750	19.250	2.5594e-01
13.750	19.500	3.0145e-01
13.750	19.750	3.3867e-01
13.750	20.000	3.7278e-01
13.750	20.250	4.0437e-01
13.750	20.500	4.3358e-01
13.750	20.750	4.5956e-01
13.750	21.000	4.8389e-01
13.750	21.250	5.0751e-01
13.750	21.500	5.1875e-01
13.750	21.750	5.3592e-01
13.750	22.000	5.4930e-01
13.750	22.250	5.6753e-01
13.750	22.500	5.9451e-01
13.750	22.750	6.2251e-01
13.750	23.000	6.5515e-01
13.750	23.250	6.8007e-01
13.750	23.500	6.9886e-01
13.750	23.750	7.0485e-01
13.750	24.000	6.3931e-01
14.000	17.000	1.3436e-02
14.000	17.250	1.8181e-02
14.000	17.500	2.6040e-02
14.000	17.750	3.8636e-02
14.000	18.000	5.7049e-02
14.000	18.250	8.2280e-02
14.000	18.500	1.1392e-01
14.000	18.750	1.5101e-01
14.000	19.000	1.9212e-01
14.000	19.250	2.3808e-01
14.000	19.500	2.8372e-01
14.000	19.750	3.2663e-01
14.000	20.000	3.6231e-01
14.000	20.250	3.9612e-01
14.000	20.500	4.2821e-01
14.000	20.750	4.5811e-01
14.000	21.000	4.8583e-01
14.000	21.250	5.1265e-01
14.000	21.500	5.2453e-01
14.000	21.750	5.4212e-01
14.000	22.000	5.5446e-01
14.000	22.250	5.6943e-01
14.000	22.500	5.9109e-01
14.000	22.750	6.2285e-01
14.000	23.000	6.5487e-01
14.000	23.250	6.6997e-01
14.000	23.500	6.7719e-01
14.000	23.750	6.7281e-01
14.000	24.000	6.6055e-01
