Inwd 972.543A  relative to Inci 1215.00A scaled to 1215A.
Hden   Phi(H)  Eq_Width (A)
 7.000	17.000	2.4502e-04
 7.000	17.250	2.9383e-04
 7.000	17.500	3.7029e-04
 7.000	17.750	4.3967e-04
 7.000	18.000	4.8807e-04
 7.000	18.250	5.6593e-04
 7.000	18.500	6.5473e-04
 7.000	18.750	6.2765e-04
 7.000	19.000	3.5959e-04
 7.000	19.250	1.0741e-04
 7.000	19.500	1.5556e-05
 7.000	19.750	3.2099e-06
 7.000	20.000	9.0535e-07
 7.000	20.250	1.0000e-07
 7.000	20.500	1.0000e-07
 7.000	20.750	1.0000e-07
 7.000	21.000	1.0000e-07
 7.000	21.250	1.0000e-07
 7.000	21.500	1.0000e-07
 7.000	21.750	1.0000e-07
 7.000	22.000	1.0000e-07
 7.000	22.250	1.0000e-07
 7.000	22.500	1.0000e-07
 7.000	22.750	1.0000e-07
 7.000	23.000	1.0000e-07
 7.000	23.250	1.0000e-07
 7.000	23.500	1.0000e-07
 7.000	23.750	1.0000e-07
 7.000	24.000	1.0000e-07
 7.250	17.000	2.1992e-04
 7.250	17.250	2.4757e-04
 7.250	17.500	2.9778e-04
 7.250	17.750	3.7654e-04
 7.250	18.000	4.4815e-04
 7.250	18.250	4.9909e-04
 7.250	18.500	5.7926e-04
 7.250	18.750	6.5835e-04
 7.250	19.000	6.2831e-04
 7.250	19.250	3.5967e-04
 7.250	19.500	1.0749e-04
 7.250	19.750	1.5556e-05
 7.250	20.000	3.2099e-06
 7.250	20.250	9.0535e-07
 7.250	20.500	1.0000e-07
 7.250	20.750	1.0000e-07
 7.250	21.000	1.0000e-07
 7.250	21.250	1.0000e-07
 7.250	21.500	1.0000e-07
 7.250	21.750	1.0000e-07
 7.250	22.000	1.0000e-07
 7.250	22.250	1.0000e-07
 7.250	22.500	1.0000e-07
 7.250	22.750	1.0000e-07
 7.250	23.000	1.0000e-07
 7.250	23.250	1.0000e-07
 7.250	23.500	1.0000e-07
 7.250	23.750	1.0000e-07
 7.250	24.000	1.0000e-07
 7.500	17.000	2.0379e-04
 7.500	17.250	2.2008e-04
 7.500	17.500	2.4856e-04
 7.500	17.750	3.0091e-04
 7.500	18.000	3.8379e-04
 7.500	18.250	4.6107e-04
 7.500	18.500	5.1835e-04
 7.500	18.750	6.0189e-04
 7.500	19.000	6.6016e-04
 7.500	19.250	6.2765e-04
 7.500	19.500	3.5975e-04
 7.500	19.750	1.0749e-04
 7.500	20.000	1.5638e-05
 7.500	20.250	3.2099e-06
 7.500	20.500	9.0535e-07
 7.500	20.750	1.0000e-07
 7.500	21.000	1.0000e-07
 7.500	21.250	1.0000e-07
 7.500	21.500	1.0000e-07
 7.500	21.750	1.0000e-07
 7.500	22.000	1.0000e-07
 7.500	22.250	1.0000e-07
 7.500	22.500	1.0000e-07
 7.500	22.750	1.0000e-07
 7.500	23.000	1.0000e-07
 7.500	23.250	1.0000e-07
 7.500	23.500	1.0000e-07
 7.500	23.750	1.0000e-07
 7.500	24.000	1.0000e-07
 7.750	17.000	1.9037e-04
 7.750	17.250	2.0066e-04
 7.750	17.500	2.1745e-04
 7.750	17.750	2.4757e-04
 7.750	18.000	3.0444e-04
 7.750	18.250	3.9811e-04
 7.750	18.500	4.9267e-04
 7.750	18.750	5.6782e-04
 7.750	19.000	6.4321e-04
 7.750	19.250	6.5835e-04
 7.750	19.500	6.2642e-04
 7.750	19.750	3.5967e-04
 7.750	20.000	1.0749e-04
 7.750	20.250	1.5638e-05
 7.750	20.500	3.2099e-06
 7.750	20.750	9.0535e-07
 7.750	21.000	1.0000e-07
 7.750	21.250	1.0000e-07
 7.750	21.500	1.0000e-07
 7.750	21.750	1.0000e-07
 7.750	22.000	1.0000e-07
 7.750	22.250	1.0000e-07
 7.750	22.500	1.0000e-07
 7.750	22.750	1.0000e-07
 7.750	23.000	1.0000e-07
 7.750	23.250	1.0000e-07
 7.750	23.500	1.0000e-07
 7.750	23.750	1.0000e-07
 7.750	24.000	1.0000e-07
 8.000	17.000	1.7605e-04
 8.000	17.250	1.8354e-04
 8.000	17.500	1.9399e-04
 8.000	17.750	2.1226e-04
 8.000	18.000	2.4700e-04
 8.000	18.250	3.1835e-04
 8.000	18.500	4.4222e-04
 8.000	18.750	5.7778e-04
 8.000	19.000	6.9029e-04
 8.000	19.250	7.5835e-04
 8.000	19.500	6.5136e-04
 8.000	19.750	6.1802e-04
 8.000	20.000	3.5745e-04
 8.000	20.250	1.0716e-04
 8.000	20.500	1.5638e-05
 8.000	20.750	3.2099e-06
 8.000	21.000	9.0535e-07
 8.000	21.250	1.0000e-07
 8.000	21.500	1.0000e-07
 8.000	21.750	1.0000e-07
 8.000	22.000	1.0000e-07
 8.000	22.250	1.0000e-07
 8.000	22.500	1.0000e-07
 8.000	22.750	1.0000e-07
 8.000	23.000	1.0000e-07
 8.000	23.250	1.0000e-07
 8.000	23.500	1.0000e-07
 8.000	23.750	1.0000e-07
 8.000	24.000	1.0000e-07
 8.250	17.000	1.6214e-04
 8.250	17.250	1.6798e-04
 8.250	17.500	1.7523e-04
 8.250	17.750	1.8741e-04
 8.250	18.000	2.1128e-04
 8.250	18.250	2.6494e-04
 8.250	18.500	3.7942e-04
 8.250	18.750	5.7432e-04
 8.250	19.000	7.9267e-04
 8.250	19.250	9.7399e-04
 8.250	19.500	1.0203e-03
 8.250	19.750	6.4650e-04
 8.250	20.000	6.0156e-04
 8.250	20.250	3.5300e-04
 8.250	20.500	1.0642e-04
 8.250	20.750	1.5556e-05
 8.250	21.000	3.2099e-06
 8.250	21.250	9.0535e-07
 8.250	21.500	1.0000e-07
 8.250	21.750	1.0000e-07
 8.250	22.000	1.0000e-07
 8.250	22.250	1.0000e-07
 8.250	22.500	1.0000e-07
 8.250	22.750	1.0000e-07
 8.250	23.000	1.0000e-07
 8.250	23.250	1.0000e-07
 8.250	23.500	1.0000e-07
 8.250	23.750	1.0000e-07
 8.250	24.000	1.0000e-07
 8.500	17.000	1.5152e-04
 8.500	17.250	1.5523e-04
 8.500	17.500	1.6082e-04
 8.500	17.750	1.7021e-04
 8.500	18.000	1.8979e-04
 8.500	18.250	2.3728e-04
 8.500	18.500	3.4379e-04
 8.500	18.750	5.5095e-04
 8.500	19.000	8.7391e-04
 8.500	19.250	1.2272e-03
 8.500	19.500	1.5114e-03
 8.500	19.750	1.3760e-03
 8.500	20.000	6.5687e-04
 8.500	20.250	5.7646e-04
 8.500	20.500	3.4502e-04
 8.500	20.750	1.0494e-04
 8.500	21.000	1.5391e-05
 8.500	21.250	3.2099e-06
 8.500	21.500	9.0535e-07
 8.500	21.750	1.0000e-07
 8.500	22.000	1.0000e-07
 8.500	22.250	1.0000e-07
 8.500	22.500	1.0000e-07
 8.500	22.750	1.0000e-07
 8.500	23.000	1.0000e-07
 8.500	23.250	1.0000e-07
 8.500	23.500	1.0000e-07
 8.500	23.750	1.0000e-07
 8.500	24.000	1.0000e-07
 8.750	17.000	1.4667e-04
 8.750	17.250	1.4757e-04
 8.750	17.500	1.5177e-04
 8.750	17.750	1.6025e-04
 8.750	18.000	1.7918e-04
 8.750	18.250	2.2930e-04
 8.750	18.500	3.3877e-04
 8.750	18.750	5.4988e-04
 8.750	19.000	9.0584e-04
 8.750	19.250	1.4125e-03
 8.750	19.500	1.9543e-03
 8.750	19.750	2.3656e-03
 8.750	20.000	1.9830e-03
 8.750	20.250	7.0543e-04
 8.750	20.500	5.4198e-04
 8.750	20.750	3.3210e-04
 8.750	21.000	1.0239e-04
 8.750	21.250	1.5226e-05
 8.750	21.500	3.1276e-06
 8.750	21.750	9.0535e-07
 8.750	22.000	1.0000e-07
 8.750	22.250	1.0000e-07
 8.750	22.500	1.0000e-07
 8.750	22.750	1.0000e-07
 8.750	23.000	1.0000e-07
 8.750	23.250	1.0000e-07
 8.750	23.500	1.0000e-07
 8.750	23.750	1.0000e-07
 8.750	24.000	1.0000e-07
 9.000	17.000	1.5210e-04
 9.000	17.250	1.4938e-04
 9.000	17.500	1.4864e-04
 9.000	17.750	1.5630e-04
 9.000	18.000	1.7712e-04
 9.000	18.250	2.3243e-04
 9.000	18.500	3.5498e-04
 9.000	18.750	5.7374e-04
 9.000	19.000	9.3053e-04
 9.000	19.250	1.4737e-03
 9.000	19.500	2.2138e-03
 9.000	19.750	2.9906e-03
 9.000	20.000	3.5235e-03
 9.000	20.250	2.4612e-03
 9.000	20.500	7.9704e-04
 9.000	20.750	5.0198e-04
 9.000	21.000	3.1424e-04
 9.000	21.250	9.8601e-05
 9.000	21.500	1.4815e-05
 9.000	21.750	3.1276e-06
 9.000	22.000	9.0535e-07
 9.000	22.250	1.0000e-07
 9.000	22.500	1.0000e-07
 9.000	22.750	1.0000e-07
 9.000	23.000	1.0000e-07
 9.000	23.250	1.0000e-07
 9.000	23.500	1.0000e-07
 9.000	23.750	1.0000e-07
 9.000	24.000	1.0000e-07
 9.250	17.000	1.6066e-04
 9.250	17.250	1.5621e-04
 9.250	17.500	1.5597e-04
 9.250	17.750	1.6272e-04
 9.250	18.000	1.8313e-04
 9.250	18.250	2.4593e-04
 9.250	18.500	3.7794e-04
 9.250	18.750	6.1070e-04
 9.250	19.000	9.6066e-04
 9.250	19.250	1.4719e-03
 9.250	19.500	2.2225e-03
 9.250	19.750	3.2328e-03
 9.250	20.000	4.2574e-03
 9.250	20.250	4.8266e-03
 9.250	20.500	2.7484e-03
 9.250	20.750	9.3844e-04
 9.250	21.000	4.6296e-04
 9.250	21.250	2.9202e-04
 9.250	21.500	9.3580e-05
 9.250	21.750	1.4239e-05
 9.250	22.000	2.9630e-06
 9.250	22.250	8.2305e-07
 9.250	22.500	1.0000e-07
 9.250	22.750	1.0000e-07
 9.250	23.000	1.0000e-07
 9.250	23.250	1.0000e-07
 9.250	23.500	1.0000e-07
 9.250	23.750	1.0000e-07
 9.250	24.000	1.0000e-07
 9.500	17.000	1.6757e-04
 9.500	17.250	1.6313e-04
 9.500	17.500	1.6230e-04
 9.500	17.750	1.6971e-04
 9.500	18.000	1.9893e-04
 9.500	18.250	2.7119e-04
 9.500	18.500	4.1070e-04
 9.500	18.750	6.4198e-04
 9.500	19.000	9.7679e-04
 9.500	19.250	1.4359e-03
 9.500	19.500	2.0770e-03
 9.500	19.750	3.0105e-03
 9.500	20.000	4.2589e-03
 9.500	20.250	5.5014e-03
 9.500	20.500	5.6016e-03
 9.500	20.750	3.0325e-03
 9.500	21.000	1.1799e-03
 9.500	21.250	4.3136e-04
 9.500	21.500	2.6914e-04
 9.500	21.750	8.7572e-05
 9.500	22.000	1.3416e-05
 9.500	22.250	2.8807e-06
 9.500	22.500	1.0000e-07
 9.500	22.750	1.0000e-07
 9.500	23.000	1.0000e-07
 9.500	23.250	1.0000e-07
 9.500	23.500	1.0000e-07
 9.500	23.750	1.0000e-07
 9.500	24.000	1.0000e-07
 9.750	17.000	1.7465e-04
 9.750	17.250	1.7078e-04
 9.750	17.500	1.7152e-04
 9.750	17.750	1.8296e-04
 9.750	18.000	2.2107e-04
 9.750	18.250	3.0239e-04
 9.750	18.500	4.4650e-04
 9.750	18.750	6.6840e-04
 9.750	19.000	9.7449e-04
 9.750	19.250	1.3672e-03
 9.750	19.500	1.8756e-03
 9.750	19.750	2.5942e-03
 9.750	20.000	3.6590e-03
 9.750	20.250	5.0709e-03
 9.750	20.500	6.3816e-03
 9.750	20.750	5.2397e-03
 9.750	21.000	3.0685e-03
 9.750	21.250	1.2662e-03
 9.750	21.500	4.1663e-04
 9.750	21.750	2.4691e-04
 9.750	22.000	8.1152e-05
 9.750	22.250	1.2510e-05
 9.750	22.500	2.6337e-06
 9.750	22.750	1.0000e-07
 9.750	23.000	1.0000e-07
 9.750	23.250	1.0000e-07
 9.750	23.500	1.0000e-07
 9.750	23.750	1.0000e-07
 9.750	24.000	1.0000e-07
10.000	17.000	1.8313e-04
10.000	17.250	1.7860e-04
10.000	17.500	1.8247e-04
10.000	17.750	2.0214e-04
10.000	18.000	2.5391e-04
10.000	18.250	3.4420e-04
10.000	18.500	4.8741e-04
10.000	18.750	6.9317e-04
10.000	19.000	9.5704e-04
10.000	19.250	1.2756e-03
10.000	19.500	1.6623e-03
10.000	19.750	2.1717e-03
10.000	20.000	2.9137e-03
10.000	20.250	4.0569e-03
10.000	20.500	5.5038e-03
10.000	20.750	6.7286e-03
10.000	21.000	4.7472e-03
10.000	21.250	3.0121e-03
10.000	21.500	1.4202e-03
10.000	21.750	4.2733e-04
10.000	22.000	2.2765e-04
10.000	22.250	7.5062e-05
10.000	22.500	1.1523e-05
10.000	22.750	2.4691e-06
10.000	23.000	1.0000e-07
10.000	23.250	1.0000e-07
10.000	23.500	1.0000e-07
10.000	23.750	1.0000e-07
10.000	24.000	1.0000e-07
10.250	17.000	2.2288e-04
10.250	17.250	2.1778e-04
10.250	17.500	1.9498e-04
10.250	17.750	2.2568e-04
10.250	18.000	2.9210e-04
10.250	18.250	3.9523e-04
10.250	18.500	5.3481e-04
10.250	18.750	7.1745e-04
10.250	19.000	9.3309e-04
10.250	19.250	1.1764e-03
10.250	19.500	1.4550e-03
10.250	19.750	1.7972e-03
10.250	20.000	2.2697e-03
10.250	20.250	3.0053e-03
10.250	20.500	4.1383e-03
10.250	20.750	5.5291e-03
10.250	21.000	6.2291e-03
10.250	21.250	3.7929e-03
10.250	21.500	2.5275e-03
10.250	21.750	1.3464e-03
10.250	22.000	4.5251e-04
10.250	22.250	2.1292e-04
10.250	22.500	6.9712e-05
10.250	22.750	1.0535e-05
10.250	23.000	2.2222e-06
10.250	23.250	1.0000e-07
10.250	23.500	1.0000e-07
10.250	23.750	1.0000e-07
10.250	24.000	1.0000e-07
10.500	17.000	2.2436e-04
10.500	17.250	2.1909e-04
10.500	17.500	2.2815e-04
10.500	17.750	2.5128e-04
10.500	18.000	3.3053e-04
10.500	18.250	4.4313e-04
10.500	18.500	5.8115e-04
10.500	18.750	7.3605e-04
10.500	19.000	9.0230e-04
10.500	19.250	1.0793e-03
10.500	19.500	1.2701e-03
10.500	19.750	1.4912e-03
10.500	20.000	1.7783e-03
10.500	20.250	2.2091e-03
10.500	20.500	2.9106e-03
10.500	20.750	3.9990e-03
10.500	21.000	5.2579e-03
10.500	21.250	4.3900e-03
10.500	21.500	2.9291e-03
10.500	21.750	2.2244e-03
10.500	22.000	1.2546e-03
10.500	22.250	4.8963e-04
10.500	22.500	2.0313e-04
10.500	22.750	6.5432e-05
10.500	23.000	9.7119e-06
10.500	23.250	1.9753e-06
10.500	23.500	1.0000e-07
10.500	23.750	1.0000e-07
10.500	24.000	1.0000e-07
10.750	17.000	2.2955e-04
10.750	17.250	2.2436e-04
10.750	17.500	2.3827e-04
10.750	17.750	2.8403e-04
10.750	18.000	3.6782e-04
10.750	18.250	4.8379e-04
10.750	18.500	6.1481e-04
10.750	18.750	7.4444e-04
10.750	19.000	8.6922e-04
10.750	19.250	9.9185e-04
10.750	19.500	1.1186e-03
10.750	19.750	1.2577e-03
10.750	20.000	1.4281e-03
10.750	20.250	1.6688e-03
10.750	20.500	2.0600e-03
10.750	20.750	2.7257e-03
10.750	21.000	3.7458e-03
10.750	21.250	4.8121e-03
10.750	21.500	3.5718e-03
10.750	21.750	2.5143e-03
10.750	22.000	1.8260e-03
10.750	22.250	1.1055e-03
10.750	22.500	5.1786e-04
10.750	22.750	1.9827e-04
10.750	23.000	6.1975e-05
10.750	23.250	8.8889e-06
10.750	23.500	1.8107e-06
10.750	23.750	1.0000e-07
10.750	24.000	1.0000e-07
11.000	17.000	2.3770e-04
11.000	17.250	2.3374e-04
11.000	17.500	2.5128e-04
11.000	17.750	3.0165e-04
11.000	18.000	3.9169e-04
11.000	18.250	5.0691e-04
11.000	18.500	6.2971e-04
11.000	18.750	7.4173e-04
11.000	19.000	8.3778e-04
11.000	19.250	9.2288e-04
11.000	19.500	1.0035e-03
11.000	19.750	1.0900e-03
11.000	20.000	1.1919e-03
11.000	20.250	1.3271e-03
11.000	20.500	1.5372e-03
11.000	20.750	1.9042e-03
11.000	21.000	2.5386e-03
11.000	21.250	3.4749e-03
11.000	21.500	4.0863e-03
11.000	21.750	2.4381e-03
11.000	22.000	1.8518e-03
11.000	22.250	1.4444e-03
11.000	22.500	9.4560e-04
11.000	22.750	5.2905e-04
11.000	23.000	1.9745e-04
11.000	23.250	5.8930e-05
11.000	23.500	8.0658e-06
11.000	23.750	1.5638e-06
11.000	24.000	1.0000e-07
11.250	17.000	2.4798e-04
11.250	17.250	2.4691e-04
11.250	17.500	2.6667e-04
11.250	17.750	3.1712e-04
11.250	18.000	4.0486e-04
11.250	18.250	5.1317e-04
11.250	18.500	6.2708e-04
11.250	18.750	7.3218e-04
11.250	19.000	8.1399e-04
11.250	19.250	8.7597e-04
11.250	19.500	9.2831e-04
11.250	19.750	9.8074e-04
11.250	20.000	1.0424e-03
11.250	20.250	1.1228e-03
11.250	20.500	1.2403e-03
11.250	20.750	1.4380e-03
11.250	21.000	1.7941e-03
11.250	21.250	2.4040e-03
11.250	21.500	3.2403e-03
11.250	21.750	3.0542e-03
11.250	22.000	2.0598e-03
11.250	22.250	1.4529e-03
11.250	22.500	1.1498e-03
11.250	22.750	8.0436e-04
11.250	23.000	5.1062e-04
11.250	23.250	1.9663e-04
11.250	23.500	5.5309e-05
11.250	23.750	7.1605e-06
11.250	24.000	1.3169e-06
11.500	17.000	2.5942e-04
11.500	17.250	2.6206e-04
11.500	17.500	2.8420e-04
11.500	17.750	3.3202e-04
11.500	18.000	4.1383e-04
11.500	18.250	5.1506e-04
11.500	18.500	6.2074e-04
11.500	18.750	7.2016e-04
11.500	19.000	8.0066e-04
11.500	19.250	8.5498e-04
11.500	19.500	8.9111e-04
11.500	19.750	9.2305e-04
11.500	20.000	9.6008e-04
11.500	20.250	1.0093e-03
11.500	20.500	1.0820e-03
11.500	20.750	1.1960e-03
11.500	21.000	1.3925e-03
11.500	21.250	1.7458e-03
11.500	21.500	2.3300e-03
11.500	21.750	3.0621e-03
11.500	22.000	2.3426e-03
11.500	22.250	1.6048e-03
11.500	22.500	1.2049e-03
11.500	22.750	9.0815e-04
11.500	23.000	6.7062e-04
11.500	23.250	4.6412e-04
11.500	23.500	1.8840e-04
11.500	23.750	5.0041e-05
11.500	24.000	6.0905e-06
11.750	17.000	2.6807e-04
11.750	17.250	2.7819e-04
11.750	17.500	3.0280e-04
11.750	17.750	3.4790e-04
11.750	18.000	4.2198e-04
11.750	18.250	5.1770e-04
11.750	18.500	6.1877e-04
11.750	18.750	7.1276e-04
11.750	19.000	7.9514e-04
11.750	19.250	8.5539e-04
11.750	19.500	8.8922e-04
11.750	19.750	9.0889e-04
11.750	20.000	9.2996e-04
11.750	20.250	9.6107e-04
11.750	20.500	1.0076e-03
11.750	20.750	1.0807e-03
11.750	21.000	1.1988e-03
11.750	21.250	1.4012e-03
11.750	21.500	1.7534e-03
11.750	21.750	2.3116e-03
11.750	22.000	2.9359e-03
11.750	22.250	1.9182e-03
11.750	22.500	1.3247e-03
11.750	22.750	8.9185e-04
11.750	23.000	7.1169e-04
11.750	23.250	5.4560e-04
11.750	23.500	3.9811e-04
11.750	23.750	1.6840e-04
11.750	24.000	4.2551e-05
12.000	17.000	2.8255e-04
12.000	17.250	2.9210e-04
12.000	17.500	3.2123e-04
12.000	17.750	3.6453e-04
12.000	18.000	4.3177e-04
12.000	18.250	5.2148e-04
12.000	18.500	6.2115e-04
12.000	18.750	7.1564e-04
12.000	19.000	7.9695e-04
12.000	19.250	8.6461e-04
12.000	19.500	9.1004e-04
12.000	19.750	9.2971e-04
12.000	20.000	9.4107e-04
12.000	20.250	9.5811e-04
12.000	20.500	9.8872e-04
12.000	20.750	1.0370e-03
12.000	21.000	1.1158e-03
12.000	21.250	1.2416e-03
12.000	21.500	1.4467e-03
12.000	21.750	1.7973e-03
12.000	22.000	2.3245e-03
12.000	22.250	2.9314e-03
12.000	22.500	1.5760e-03
12.000	22.750	1.0455e-03
12.000	23.000	7.6337e-04
12.000	23.250	5.6099e-04
12.000	23.500	4.3745e-04
12.000	23.750	3.2543e-04
12.000	24.000	1.4000e-04
12.250	17.000	2.5663e-04
12.250	17.250	3.0963e-04
12.250	17.500	3.3786e-04
12.250	17.750	3.8156e-04
12.250	18.000	4.4288e-04
12.250	18.250	5.2667e-04
12.250	18.500	6.2403e-04
12.250	18.750	7.2263e-04
12.250	19.000	8.0519e-04
12.250	19.250	8.7539e-04
12.250	19.500	9.3416e-04
12.250	19.750	9.6971e-04
12.250	20.000	9.8156e-04
12.250	20.250	9.8840e-04
12.250	20.500	1.0053e-03
12.250	20.750	1.0374e-03
12.250	21.000	1.0909e-03
12.250	21.250	1.1770e-03
12.250	21.500	1.3057e-03
12.250	21.750	1.5113e-03
12.250	22.000	1.8580e-03
12.250	22.250	2.3532e-03
12.250	22.500	2.4133e-03
12.250	22.750	1.4467e-03
12.250	23.000	9.3556e-04
12.250	23.250	6.1226e-04
12.250	23.500	4.4741e-04
12.250	23.750	3.5078e-04
12.250	24.000	2.6025e-04
12.500	17.000	2.8979e-04
12.500	17.250	3.0733e-04
12.500	17.500	3.5671e-04
12.500	17.750	3.9893e-04
12.500	18.000	4.5580e-04
12.500	18.250	5.3300e-04
12.500	18.500	6.2519e-04
12.500	18.750	7.2412e-04
12.500	19.000	8.1654e-04
12.500	19.250	8.8708e-04
12.500	19.500	9.4872e-04
12.500	19.750	1.0027e-03
12.500	20.000	1.0339e-03
12.500	20.250	1.0417e-03
12.500	20.500	1.0481e-03
12.500	20.750	1.0667e-03
12.500	21.000	1.1021e-03
12.500	21.250	1.1606e-03
12.500	21.500	1.2481e-03
12.500	21.750	1.3775e-03
12.500	22.000	1.5818e-03
12.500	22.250	1.9288e-03
12.500	22.500	2.4458e-03
12.500	22.750	2.1218e-03
12.500	23.000	1.2618e-03
12.500	23.250	7.4288e-04
12.500	23.500	5.2379e-04
12.500	23.750	3.6749e-04
12.500	24.000	2.8123e-04
12.750	17.000	2.9243e-04
12.750	17.250	3.1893e-04
12.750	17.500	3.7185e-04
12.750	17.750	4.1465e-04
12.750	18.000	4.7021e-04
12.750	18.250	5.4058e-04
12.750	18.500	6.2617e-04
12.750	18.750	7.2000e-04
12.750	19.000	8.1407e-04
12.750	19.250	8.9481e-04
12.750	19.500	9.5383e-04
12.750	19.750	1.0114e-03
12.750	20.000	1.0683e-03
12.750	20.250	1.1026e-03
12.750	20.500	1.1105e-03
12.750	20.750	1.1174e-03
12.750	21.000	1.1393e-03
12.750	21.250	1.1746e-03
12.750	21.500	1.2281e-03
12.750	21.750	1.3175e-03
12.750	22.000	1.4441e-03
12.750	22.250	1.6499e-03
12.750	22.500	2.0175e-03
12.750	22.750	2.5951e-03
12.750	23.000	2.1998e-03
12.750	23.250	1.0633e-03
12.750	23.500	6.7276e-04
12.750	23.750	4.6156e-04
12.750	24.000	3.1226e-04
13.000	17.000	2.6815e-04
13.000	17.250	3.2593e-04
13.000	17.500	3.4667e-04
13.000	17.750	4.2700e-04
13.000	18.000	4.8016e-04
13.000	18.250	5.4979e-04
13.000	18.500	6.3053e-04
13.000	18.750	7.1794e-04
13.000	19.000	8.0519e-04
13.000	19.250	8.8650e-04
13.000	19.500	9.5193e-04
13.000	19.750	1.0040e-03
13.000	20.000	1.0644e-03
13.000	20.250	1.1342e-03
13.000	20.500	1.1782e-03
13.000	20.750	1.1909e-03
13.000	21.000	1.1964e-03
13.000	21.250	1.2153e-03
13.000	21.500	1.2407e-03
13.000	21.750	1.2984e-03
13.000	22.000	1.3743e-03
13.000	22.250	1.4994e-03
13.000	22.500	1.7281e-03
13.000	22.750	2.1593e-03
13.000	23.000	2.6452e-03
13.000	23.250	1.8281e-03
13.000	23.500	9.5564e-04
13.000	23.750	6.2889e-04
13.000	24.000	4.0774e-04
13.250	17.000	2.8115e-04
13.250	17.250	3.1086e-04
13.250	17.500	3.3984e-04
13.250	17.750	4.0025e-04
13.250	18.000	4.8765e-04
13.250	18.250	5.6823e-04
13.250	18.500	6.4420e-04
13.250	18.750	7.2716e-04
13.250	19.000	8.0765e-04
13.250	19.250	8.8033e-04
13.250	19.500	9.4362e-04
13.250	19.750	9.9868e-04
13.250	20.000	1.0502e-03
13.250	20.250	1.1160e-03
13.250	20.500	1.1988e-03
13.250	20.750	1.2571e-03
13.250	21.000	1.2802e-03
13.250	21.250	1.2737e-03
13.250	21.500	1.2742e-03
13.250	21.750	1.2921e-03
13.250	22.000	1.3361e-03
13.250	22.250	1.4136e-03
13.250	22.500	1.5293e-03
13.250	22.750	1.7477e-03
13.250	23.000	2.0974e-03
13.250	23.250	2.5113e-03
13.250	23.500	1.6030e-03
13.250	23.750	8.8576e-04
13.250	24.000	5.4321e-04
13.500	17.000	3.2288e-04
13.500	17.250	3.3959e-04
13.500	17.500	3.5473e-04
13.500	17.750	4.0091e-04
13.500	18.000	4.8634e-04
13.500	18.250	5.8469e-04
13.500	18.500	6.5654e-04
13.500	18.750	7.4626e-04
13.500	19.000	8.2560e-04
13.500	19.250	8.9770e-04
13.500	19.500	9.5654e-04
13.500	19.750	1.0081e-03
13.500	20.000	1.0551e-03
13.500	20.250	1.1087e-03
13.500	20.500	1.1761e-03
13.500	20.750	1.2709e-03
13.500	21.000	1.3379e-03
13.500	21.250	1.3620e-03
13.500	21.500	1.3472e-03
13.500	21.750	1.3361e-03
13.500	22.000	1.3418e-03
13.500	22.250	1.3775e-03
13.500	22.500	1.4439e-03
13.500	22.750	1.5225e-03
13.500	23.000	1.6784e-03
13.500	23.250	1.9323e-03
13.500	23.500	2.2900e-03
13.500	23.750	1.5071e-03
13.500	24.000	8.0823e-04
13.750	17.000	3.0790e-04
13.750	17.250	3.4864e-04
13.750	17.500	3.8156e-04
13.750	17.750	4.1226e-04
13.750	18.000	4.8288e-04
13.750	18.250	5.5358e-04
13.750	18.500	6.5292e-04
13.750	18.750	7.5835e-04
13.750	19.000	8.5053e-04
13.750	19.250	9.3185e-04
13.750	19.500	9.9720e-04
13.750	19.750	1.0504e-03
13.750	20.000	1.0944e-03
13.750	20.250	1.1386e-03
13.750	20.500	1.1896e-03
13.750	20.750	1.2585e-03
13.750	21.000	1.3620e-03
13.750	21.250	1.4505e-03
13.750	21.500	1.4746e-03
13.750	21.750	1.4602e-03
13.750	22.000	1.4344e-03
13.750	22.250	1.4205e-03
13.750	22.500	1.4337e-03
13.750	22.750	1.4664e-03
13.750	23.000	1.5310e-03
13.750	23.250	1.6430e-03
13.750	23.500	1.8288e-03
13.750	23.750	2.1847e-03
13.750	24.000	1.3886e-03
14.000	17.000	2.9177e-04
14.000	17.250	3.4675e-04
14.000	17.500	3.8428e-04
14.000	17.750	4.3062e-04
14.000	18.000	4.8494e-04
14.000	18.250	5.6263e-04
14.000	18.500	6.6016e-04
14.000	18.750	7.6700e-04
14.000	19.000	8.7539e-04
14.000	19.250	9.7712e-04
14.000	19.500	1.0589e-03
14.000	19.750	1.1223e-03
14.000	20.000	1.1705e-03
14.000	20.250	1.2107e-03
14.000	20.500	1.2532e-03
14.000	20.750	1.3033e-03
14.000	21.000	1.3737e-03
14.000	21.250	1.4923e-03
14.000	21.500	1.6082e-03
14.000	21.750	1.6576e-03
14.000	22.000	1.6400e-03
14.000	22.250	1.5944e-03
14.000	22.500	1.5459e-03
14.000	22.750	1.5237e-03
14.000	23.000	1.5309e-03
14.000	23.250	1.5526e-03
14.000	23.500	1.6375e-03
14.000	23.750	1.8050e-03
14.000	24.000	2.2789e-03
