nInu 1410.00A  relative to Inci 1215.00A scaled to 1215A.
Hden   Phi(H)  Eq_Width (A)
 7.000	17.000	9.6320e-01
 7.000	17.250	9.5979e-01
 7.000	17.500	9.5942e-01
 7.000	17.750	9.6204e-01
 7.000	18.000	9.6923e-01
 7.000	18.250	9.7883e-01
 7.000	18.500	9.9036e-01
 7.000	18.750	9.9290e-01
 7.000	19.000	9.9291e-01
 7.000	19.250	9.9291e-01
 7.000	19.500	9.9291e-01
 7.000	19.750	9.9291e-01
 7.000	20.000	9.9292e-01
 7.000	20.250	9.9292e-01
 7.000	20.500	9.9291e-01
 7.000	20.750	9.9291e-01
 7.000	21.000	9.9291e-01
 7.000	21.250	9.9291e-01
 7.000	21.500	9.9291e-01
 7.000	21.750	9.9292e-01
 7.000	22.000	9.9292e-01
 7.000	22.250	9.9291e-01
 7.000	22.500	9.9291e-01
 7.000	22.750	9.9291e-01
 7.000	23.000	9.9291e-01
 7.000	23.250	9.9291e-01
 7.000	23.500	9.9291e-01
 7.000	23.750	9.9292e-01
 7.000	24.000	9.9291e-01
 7.250	17.000	9.6716e-01
 7.250	17.250	9.6272e-01
 7.250	17.500	9.5915e-01
 7.250	17.750	9.5885e-01
 7.250	18.000	9.6160e-01
 7.250	18.250	9.6919e-01
 7.250	18.500	9.7895e-01
 7.250	18.750	9.9042e-01
 7.250	19.000	9.9290e-01
 7.250	19.250	9.9291e-01
 7.250	19.500	9.9291e-01
 7.250	19.750	9.9291e-01
 7.250	20.000	9.9291e-01
 7.250	20.250	9.9292e-01
 7.250	20.500	9.9292e-01
 7.250	20.750	9.9291e-01
 7.250	21.000	9.9292e-01
 7.250	21.250	9.9291e-01
 7.250	21.500	9.9291e-01
 7.250	21.750	9.9291e-01
 7.250	22.000	9.9291e-01
 7.250	22.250	9.9291e-01
 7.250	22.500	9.9291e-01
 7.250	22.750	9.9291e-01
 7.250	23.000	9.9291e-01
 7.250	23.250	9.9291e-01
 7.250	23.500	9.9292e-01
 7.250	23.750	9.9291e-01
 7.250	24.000	9.9291e-01
 7.500	17.000	9.7128e-01
 7.500	17.250	9.6629e-01
 7.500	17.500	9.6150e-01
 7.500	17.750	9.5759e-01
 7.500	18.000	9.5711e-01
 7.500	18.250	9.6046e-01
 7.500	18.500	9.6829e-01
 7.500	18.750	9.7889e-01
 7.500	19.000	9.9049e-01
 7.500	19.250	9.9290e-01
 7.500	19.500	9.9290e-01
 7.500	19.750	9.9291e-01
 7.500	20.000	9.9291e-01
 7.500	20.250	9.9291e-01
 7.500	20.500	9.9291e-01
 7.500	20.750	9.9291e-01
 7.500	21.000	9.9291e-01
 7.500	21.250	9.9291e-01
 7.500	21.500	9.9292e-01
 7.500	21.750	9.9292e-01
 7.500	22.000	9.9291e-01
 7.500	22.250	9.9292e-01
 7.500	22.500	9.9292e-01
 7.500	22.750	9.9292e-01
 7.500	23.000	9.9291e-01
 7.500	23.250	9.9292e-01
 7.500	23.500	9.9291e-01
 7.500	23.750	9.9291e-01
 7.500	24.000	9.9291e-01
 7.750	17.000	9.7541e-01
 7.750	17.250	9.7013e-01
 7.750	17.500	9.6431e-01
 7.750	17.750	9.5883e-01
 7.750	18.000	9.5413e-01
 7.750	18.250	9.5374e-01
 7.750	18.500	9.5817e-01
 7.750	18.750	9.6719e-01
 7.750	19.000	9.7859e-01
 7.750	19.250	9.9055e-01
 7.750	19.500	9.9289e-01
 7.750	19.750	9.9290e-01
 7.750	20.000	9.9291e-01
 7.750	20.250	9.9291e-01
 7.750	20.500	9.9291e-01
 7.750	20.750	9.9291e-01
 7.750	21.000	9.9291e-01
 7.750	21.250	9.9292e-01
 7.750	21.500	9.9291e-01
 7.750	21.750	9.9292e-01
 7.750	22.000	9.9291e-01
 7.750	22.250	9.9291e-01
 7.750	22.500	9.9291e-01
 7.750	22.750	9.9291e-01
 7.750	23.000	9.9292e-01
 7.750	23.250	9.9292e-01
 7.750	23.500	9.9292e-01
 7.750	23.750	9.9291e-01
 7.750	24.000	9.9291e-01
 8.000	17.000	9.7919e-01
 8.000	17.250	9.7420e-01
 8.000	17.500	9.6807e-01
 8.000	17.750	9.6078e-01
 8.000	18.000	9.5338e-01
 8.000	18.250	9.4771e-01
 8.000	18.500	9.4700e-01
 8.000	18.750	9.5419e-01
 8.000	19.000	9.6526e-01
 8.000	19.250	9.7798e-01
 8.000	19.500	9.9058e-01
 8.000	19.750	9.9289e-01
 8.000	20.000	9.9291e-01
 8.000	20.250	9.9291e-01
 8.000	20.500	9.9291e-01
 8.000	20.750	9.9291e-01
 8.000	21.000	9.9291e-01
 8.000	21.250	9.9291e-01
 8.000	21.500	9.9291e-01
 8.000	21.750	9.9291e-01
 8.000	22.000	9.9291e-01
 8.000	22.250	9.9291e-01
 8.000	22.500	9.9291e-01
 8.000	22.750	9.9291e-01
 8.000	23.000	9.9292e-01
 8.000	23.250	9.9291e-01
 8.000	23.500	9.9291e-01
 8.000	23.750	9.9291e-01
 8.000	24.000	9.9292e-01
 8.250	17.000	9.8199e-01
 8.250	17.250	9.7753e-01
 8.250	17.500	9.7148e-01
 8.250	17.750	9.6330e-01
 8.250	18.000	9.5274e-01
 8.250	18.250	9.4268e-01
 8.250	18.500	9.3711e-01
 8.250	18.750	9.3908e-01
 8.250	19.000	9.4961e-01
 8.250	19.250	9.6182e-01
 8.250	19.500	9.7707e-01
 8.250	19.750	9.9069e-01
 8.250	20.000	9.9289e-01
 8.250	20.250	9.9290e-01
 8.250	20.500	9.9291e-01
 8.250	20.750	9.9291e-01
 8.250	21.000	9.9291e-01
 8.250	21.250	9.9291e-01
 8.250	21.500	9.9291e-01
 8.250	21.750	9.9292e-01
 8.250	22.000	9.9291e-01
 8.250	22.250	9.9291e-01
 8.250	22.500	9.9291e-01
 8.250	22.750	9.9291e-01
 8.250	23.000	9.9291e-01
 8.250	23.250	9.9291e-01
 8.250	23.500	9.9291e-01
 8.250	23.750	9.9291e-01
 8.250	24.000	9.9291e-01
 8.500	17.000	9.8385e-01
 8.500	17.250	9.7998e-01
 8.500	17.500	9.7431e-01
 8.500	17.750	9.6580e-01
 8.500	18.000	9.5328e-01
 8.500	18.250	9.3839e-01
 8.500	18.500	9.2733e-01
 8.500	18.750	9.2407e-01
 8.500	19.000	9.2978e-01
 8.500	19.250	9.4282e-01
 8.500	19.500	9.5804e-01
 8.500	19.750	9.7708e-01
 8.500	20.000	9.9069e-01
 8.500	20.250	9.9289e-01
 8.500	20.500	9.9290e-01
 8.500	20.750	9.9291e-01
 8.500	21.000	9.9291e-01
 8.500	21.250	9.9291e-01
 8.500	21.500	9.9291e-01
 8.500	21.750	9.9291e-01
 8.500	22.000	9.9291e-01
 8.500	22.250	9.9291e-01
 8.500	22.500	9.9292e-01
 8.500	22.750	9.9291e-01
 8.500	23.000	9.9291e-01
 8.500	23.250	9.9291e-01
 8.500	23.500	9.9291e-01
 8.500	23.750	9.9291e-01
 8.500	24.000	9.9291e-01
 8.750	17.000	9.8485e-01
 8.750	17.250	9.8143e-01
 8.750	17.500	9.7615e-01
 8.750	17.750	9.6773e-01
 8.750	18.000	9.5407e-01
 8.750	18.250	9.3576e-01
 8.750	18.500	9.1869e-01
 8.750	18.750	9.0939e-01
 8.750	19.000	9.0961e-01
 8.750	19.250	9.1955e-01
 8.750	19.500	9.3638e-01
 8.750	19.750	9.5456e-01
 8.750	20.000	9.7724e-01
 8.750	20.250	9.9075e-01
 8.750	20.500	9.9288e-01
 8.750	20.750	9.9290e-01
 8.750	21.000	9.9291e-01
 8.750	21.250	9.9291e-01
 8.750	21.500	9.9291e-01
 8.750	21.750	9.9291e-01
 8.750	22.000	9.9292e-01
 8.750	22.250	9.9291e-01
 8.750	22.500	9.9291e-01
 8.750	22.750	9.9291e-01
 8.750	23.000	9.9291e-01
 8.750	23.250	9.9292e-01
 8.750	23.500	9.9291e-01
 8.750	23.750	9.9291e-01
 8.750	24.000	9.9291e-01
 9.000	17.000	9.8513e-01
 9.000	17.250	9.8199e-01
 9.000	17.500	9.7696e-01
 9.000	17.750	9.6861e-01
 9.000	18.000	9.5458e-01
 9.000	18.250	9.3426e-01
 9.000	18.500	9.1248e-01
 9.000	18.750	8.9565e-01
 9.000	19.000	8.8853e-01
 9.000	19.250	8.9229e-01
 9.000	19.500	9.0972e-01
 9.000	19.750	9.2962e-01
 9.000	20.000	9.5062e-01
 9.000	20.250	9.7762e-01
 9.000	20.500	9.9081e-01
 9.000	20.750	9.9287e-01
 9.000	21.000	9.9290e-01
 9.000	21.250	9.9291e-01
 9.000	21.500	9.9291e-01
 9.000	21.750	9.9291e-01
 9.000	22.000	9.9291e-01
 9.000	22.250	9.9291e-01
 9.000	22.500	9.9291e-01
 9.000	22.750	9.9291e-01
 9.000	23.000	9.9291e-01
 9.000	23.250	9.9292e-01
 9.000	23.500	9.9291e-01
 9.000	23.750	9.9291e-01
 9.000	24.000	9.9291e-01
 9.250	17.000	9.8487e-01
 9.250	17.250	9.8183e-01
 9.250	17.500	9.7686e-01
 9.250	17.750	9.6847e-01
 9.250	18.000	9.5414e-01
 9.250	18.250	9.3273e-01
 9.250	18.500	9.0725e-01
 9.250	18.750	8.8353e-01
 9.250	19.000	8.6608e-01
 9.250	19.250	8.6186e-01
 9.250	19.500	8.7480e-01
 9.250	19.750	9.0000e-01
 9.250	20.000	9.2492e-01
 9.250	20.250	9.4976e-01
 9.250	20.500	9.7831e-01
 9.250	20.750	9.9072e-01
 9.250	21.000	9.9285e-01
 9.250	21.250	9.9290e-01
 9.250	21.500	9.9291e-01
 9.250	21.750	9.9291e-01
 9.250	22.000	9.9291e-01
 9.250	22.250	9.9291e-01
 9.250	22.500	9.9291e-01
 9.250	22.750	9.9291e-01
 9.250	23.000	9.9292e-01
 9.250	23.250	9.9291e-01
 9.250	23.500	9.9291e-01
 9.250	23.750	9.9291e-01
 9.250	24.000	9.9291e-01
 9.500	17.000	9.8418e-01
 9.500	17.250	9.8116e-01
 9.500	17.500	9.7610e-01
 9.500	17.750	9.6746e-01
 9.500	18.000	9.5275e-01
 9.500	18.250	9.3017e-01
 9.500	18.500	9.0184e-01
 9.500	18.750	8.7047e-01
 9.500	19.000	8.4186e-01
 9.500	19.250	8.2351e-01
 9.500	19.500	8.2691e-01
 9.500	19.750	8.4968e-01
 9.500	20.000	8.8759e-01
 9.500	20.250	9.2257e-01
 9.500	20.500	9.5468e-01
 9.500	20.750	9.7893e-01
 9.500	21.000	9.9067e-01
 9.500	21.250	9.9282e-01
 9.500	21.500	9.9290e-01
 9.500	21.750	9.9291e-01
 9.500	22.000	9.9291e-01
 9.500	22.250	9.9291e-01
 9.500	22.500	9.9291e-01
 9.500	22.750	9.9291e-01
 9.500	23.000	9.9291e-01
 9.500	23.250	9.9291e-01
 9.500	23.500	9.9291e-01
 9.500	23.750	9.9291e-01
 9.500	24.000	9.9291e-01
 9.750	17.000	9.8296e-01
 9.750	17.250	9.8005e-01
 9.750	17.500	9.7490e-01
 9.750	17.750	9.6587e-01
 9.750	18.000	9.5026e-01
 9.750	18.250	9.2566e-01
 9.750	18.500	8.9427e-01
 9.750	18.750	8.5805e-01
 9.750	19.000	8.1936e-01
 9.750	19.250	7.8471e-01
 9.750	19.500	7.6718e-01
 9.750	19.750	7.7855e-01
 9.750	20.000	8.1959e-01
 9.750	20.250	8.7846e-01
 9.750	20.500	9.1691e-01
 9.750	20.750	9.5814e-01
 9.750	21.000	9.7944e-01
 9.750	21.250	9.9052e-01
 9.750	21.500	9.9278e-01
 9.750	21.750	9.9290e-01
 9.750	22.000	9.9291e-01
 9.750	22.250	9.9291e-01
 9.750	22.500	9.9291e-01
 9.750	22.750	9.9291e-01
 9.750	23.000	9.9291e-01
 9.750	23.250	9.9291e-01
 9.750	23.500	9.9291e-01
 9.750	23.750	9.9291e-01
 9.750	24.000	9.9291e-01
10.000	17.000	9.8101e-01
10.000	17.250	9.7846e-01
10.000	17.500	9.7337e-01
10.000	17.750	9.6389e-01
10.000	18.000	9.4679e-01
10.000	18.250	9.1962e-01
10.000	18.500	8.8479e-01
10.000	18.750	8.4390e-01
10.000	19.000	7.9834e-01
10.000	19.250	7.4804e-01
10.000	19.500	6.8783e-01
10.000	19.750	6.3369e-01
10.000	20.000	6.4939e-01
10.000	20.250	7.4670e-01
10.000	20.500	8.6646e-01
10.000	20.750	9.2288e-01
10.000	21.000	9.6011e-01
10.000	21.250	9.7923e-01
10.000	21.500	9.9023e-01
10.000	21.750	9.9272e-01
10.000	22.000	9.9290e-01
10.000	22.250	9.9291e-01
10.000	22.500	9.9291e-01
10.000	22.750	9.9291e-01
10.000	23.000	9.9291e-01
10.000	23.250	9.9291e-01
10.000	23.500	9.9291e-01
10.000	23.750	9.9291e-01
10.000	24.000	9.9291e-01
10.250	17.000	9.7787e-01
10.250	17.250	9.7610e-01
10.250	17.500	9.7117e-01
10.250	17.750	9.6126e-01
10.250	18.000	9.4211e-01
10.250	18.250	9.1229e-01
10.250	18.500	8.7389e-01
10.250	18.750	8.2872e-01
10.250	19.000	7.7670e-01
10.250	19.250	7.2054e-01
10.250	19.500	6.6522e-01
10.250	19.750	6.1495e-01
10.250	20.000	5.9316e-01
10.250	20.250	6.2977e-01
10.250	20.500	7.4849e-01
10.250	20.750	8.6801e-01
10.250	21.000	9.2786e-01
10.250	21.250	9.6205e-01
10.250	21.500	9.7917e-01
10.250	21.750	9.8971e-01
10.250	22.000	9.9264e-01
10.250	22.250	9.9289e-01
10.250	22.500	9.9291e-01
10.250	22.750	9.9291e-01
10.250	23.000	9.9291e-01
10.250	23.250	9.9291e-01
10.250	23.500	9.9291e-01
10.250	23.750	9.9291e-01
10.250	24.000	9.9291e-01
10.500	17.000	9.7308e-01
10.500	17.250	9.7242e-01
10.500	17.500	9.6797e-01
10.500	17.750	9.5750e-01
10.500	18.000	9.3617e-01
10.500	18.250	9.0268e-01
10.500	18.500	8.6166e-01
10.500	18.750	8.1457e-01
10.500	19.000	7.6551e-01
10.500	19.250	7.1825e-01
10.500	19.500	6.7322e-01
10.500	19.750	6.2750e-01
10.500	20.000	5.9054e-01
10.500	20.250	5.8349e-01
10.500	20.500	6.3112e-01
10.500	20.750	7.5718e-01
10.500	21.000	8.7402e-01
10.500	21.250	9.3242e-01
10.500	21.500	9.6200e-01
10.500	21.750	9.7706e-01
10.500	22.000	9.8902e-01
10.500	22.250	9.9255e-01
10.500	22.500	9.9289e-01
10.500	22.750	9.9291e-01
10.500	23.000	9.9291e-01
10.500	23.250	9.9291e-01
10.500	23.500	9.9291e-01
10.500	23.750	9.9291e-01
10.500	24.000	9.9291e-01
10.750	17.000	9.6638e-01
10.750	17.250	9.6681e-01
10.750	17.500	9.6304e-01
10.750	17.750	9.5167e-01
10.750	18.000	9.2839e-01
10.750	18.250	8.9203e-01
10.750	18.500	8.4910e-01
10.750	18.750	8.0207e-01
10.750	19.000	7.5587e-01
10.750	19.250	7.1227e-01
10.750	19.500	6.7327e-01
10.750	19.750	6.4350e-01
10.750	20.000	6.1321e-01
10.750	20.250	5.8349e-01
10.750	20.500	5.7922e-01
10.750	20.750	6.3286e-01
10.750	21.000	7.6353e-01
10.750	21.250	8.7417e-01
10.750	21.500	9.3225e-01
10.750	21.750	9.5810e-01
10.750	22.000	9.7435e-01
10.750	22.250	9.8813e-01
10.750	22.500	9.9245e-01
10.750	22.750	9.9288e-01
10.750	23.000	9.9290e-01
10.750	23.250	9.9291e-01
10.750	23.500	9.9291e-01
10.750	23.750	9.9291e-01
10.750	24.000	9.9291e-01
11.000	17.000	9.5725e-01
11.000	17.250	9.5893e-01
11.000	17.500	9.5533e-01
11.000	17.750	9.4315e-01
11.000	18.000	9.1726e-01
11.000	18.250	8.7703e-01
11.000	18.500	8.3113e-01
11.000	18.750	7.8444e-01
11.000	19.000	7.3743e-01
11.000	19.250	6.9432e-01
11.000	19.500	6.6946e-01
11.000	19.750	6.5401e-01
11.000	20.000	6.3324e-01
11.000	20.250	6.0324e-01
11.000	20.500	5.7347e-01
11.000	20.750	5.7087e-01
11.000	21.000	6.3134e-01
11.000	21.250	7.6988e-01
11.000	21.500	8.6835e-01
11.000	21.750	9.3290e-01
11.000	22.000	9.5537e-01
11.000	22.250	9.7132e-01
11.000	22.500	9.8742e-01
11.000	22.750	9.9232e-01
11.000	23.000	9.9286e-01
11.000	23.250	9.9290e-01
11.000	23.500	9.9291e-01
11.000	23.750	9.9291e-01
11.000	24.000	9.9291e-01
11.250	17.000	9.5009e-01
11.250	17.250	9.4765e-01
11.250	17.500	9.4436e-01
11.250	17.750	9.3067e-01
11.250	18.000	9.0036e-01
11.250	18.250	8.5448e-01
11.250	18.500	8.0507e-01
11.250	18.750	7.5405e-01
11.250	19.000	6.9924e-01
11.250	19.250	6.6502e-01
11.250	19.500	6.5857e-01
11.250	19.750	6.5410e-01
11.250	20.000	6.4345e-01
11.250	20.250	6.2198e-01
11.250	20.500	5.8948e-01
11.250	20.750	5.5884e-01
11.250	21.000	5.5978e-01
11.250	21.250	6.3087e-01
11.250	21.500	7.7128e-01
11.250	21.750	8.7403e-01
11.250	22.000	9.2733e-01
11.250	22.250	9.5078e-01
11.250	22.500	9.6882e-01
11.250	22.750	9.8644e-01
11.250	23.000	9.9213e-01
11.250	23.250	9.9284e-01
11.250	23.500	9.9289e-01
11.250	23.750	9.9291e-01
11.250	24.000	9.9291e-01
11.500	17.000	9.4938e-01
11.500	17.250	9.3747e-01
11.500	17.500	9.2848e-01
11.500	17.750	9.1245e-01
11.500	18.000	8.7503e-01
11.500	18.250	8.2099e-01
11.500	18.500	7.6534e-01
11.500	18.750	7.0026e-01
11.500	19.000	6.4249e-01
11.500	19.250	6.2963e-01
11.500	19.500	6.3611e-01
11.500	19.750	6.4267e-01
11.500	20.000	6.4264e-01
11.500	20.250	6.3164e-01
11.500	20.500	6.0749e-01
11.500	20.750	5.7190e-01
11.500	21.000	5.4112e-01
11.500	21.250	5.4903e-01
11.500	21.500	6.2670e-01
11.500	21.750	7.8000e-01
11.500	22.000	8.7490e-01
11.500	22.250	9.2267e-01
11.500	22.500	9.4472e-01
11.500	22.750	9.6684e-01
11.500	23.000	9.8537e-01
11.500	23.250	9.9188e-01
11.500	23.500	9.9282e-01
11.500	23.750	9.9289e-01
11.500	24.000	9.9291e-01
11.750	17.000	9.6152e-01
11.750	17.250	9.3200e-01
11.750	17.500	9.1186e-01
11.750	17.750	8.8549e-01
11.750	18.000	8.3671e-01
11.750	18.250	7.7338e-01
11.750	18.500	7.0283e-01
11.750	18.750	6.1885e-01
11.750	19.000	5.7872e-01
11.750	19.250	5.8597e-01
11.750	19.500	6.0312e-01
11.750	19.750	6.2004e-01
11.750	20.000	6.3010e-01
11.750	20.250	6.3003e-01
11.750	20.500	6.1711e-01
11.750	20.750	5.8878e-01
11.750	21.000	5.5033e-01
11.750	21.250	5.2189e-01
11.750	21.500	5.3730e-01
11.750	21.750	6.2967e-01
11.750	22.000	7.8855e-01
11.750	22.250	8.7567e-01
11.750	22.500	9.1719e-01
11.750	22.750	9.4077e-01
11.750	23.000	9.6594e-01
11.750	23.250	9.8467e-01
11.750	23.500	9.9157e-01
11.750	23.750	9.9279e-01
11.750	24.000	9.9288e-01
12.000	17.000	9.7616e-01
12.000	17.250	9.4378e-01
12.000	17.500	8.9645e-01
12.000	17.750	8.5138e-01
12.000	18.000	7.8767e-01
12.000	18.250	7.0907e-01
12.000	18.500	6.0377e-01
12.000	18.750	5.2520e-01
12.000	19.000	5.1511e-01
12.000	19.250	5.3546e-01
12.000	19.500	5.6105e-01
12.000	19.750	5.8706e-01
12.000	20.000	6.0654e-01
12.000	20.250	6.1679e-01
12.000	20.500	6.1529e-01
12.000	20.750	5.9864e-01
12.000	21.000	5.6593e-01
12.000	21.250	5.2548e-01
12.000	21.500	5.0158e-01
12.000	21.750	5.2598e-01
12.000	22.000	6.3479e-01
12.000	22.250	7.9414e-01
12.000	22.500	8.7408e-01
12.000	22.750	9.0837e-01
12.000	23.000	9.3538e-01
12.000	23.250	9.6473e-01
12.000	23.500	9.8340e-01
12.000	23.750	9.9120e-01
12.000	24.000	9.9275e-01
12.250	17.000	9.8034e-01
12.250	17.250	9.5860e-01
12.250	17.500	8.9801e-01
12.250	17.750	8.0714e-01
12.250	18.000	7.2156e-01
12.250	18.250	6.0013e-01
12.250	18.500	4.7113e-01
12.250	18.750	4.3707e-01
12.250	19.000	4.4855e-01
12.250	19.250	4.7540e-01
12.250	19.500	5.0964e-01
12.250	19.750	5.4343e-01
12.250	20.000	5.7183e-01
12.250	20.250	5.9179e-01
12.250	20.500	6.0122e-01
12.250	20.750	5.9669e-01
12.250	21.000	5.7478e-01
12.250	21.250	5.3709e-01
12.250	21.500	4.9794e-01
12.250	21.750	4.7507e-01
12.250	22.000	5.1377e-01
12.250	22.250	6.4080e-01
12.250	22.500	7.9757e-01
12.250	22.750	8.6090e-01
12.250	23.000	8.9881e-01
12.250	23.250	9.3320e-01
12.250	23.500	9.6318e-01
12.250	23.750	9.8246e-01
12.250	24.000	9.9096e-01
12.500	17.000	9.7591e-01
12.500	17.250	9.5870e-01
12.500	17.500	9.0842e-01
12.500	17.750	7.9583e-01
12.500	18.000	6.1094e-01
12.500	18.250	4.4546e-01
12.500	18.500	3.6314e-01
12.500	18.750	3.4406e-01
12.500	19.000	3.7535e-01
12.500	19.250	4.1223e-01
12.500	19.500	4.5029e-01
12.500	19.750	4.8948e-01
12.500	20.000	5.2631e-01
12.500	20.250	5.5544e-01
12.500	20.500	5.7460e-01
12.500	20.750	5.8110e-01
12.500	21.000	5.7217e-01
12.500	21.250	5.4280e-01
12.500	21.500	5.0371e-01
12.500	21.750	4.5672e-01
12.500	22.000	4.4193e-01
12.500	22.250	4.9794e-01
12.500	22.500	6.5000e-01
12.500	22.750	7.9743e-01
12.500	23.000	8.5028e-01
12.500	23.250	8.9292e-01
12.500	23.500	9.3209e-01
12.500	23.750	9.6288e-01
12.500	24.000	9.8151e-01
12.750	17.000	9.5757e-01
12.750	17.250	9.4042e-01
12.750	17.500	8.9694e-01
12.750	17.750	7.9098e-01
12.750	18.000	5.6527e-01
12.750	18.250	3.1905e-01
12.750	18.500	2.7518e-01
12.750	18.750	2.9468e-01
12.750	19.000	2.9925e-01
12.750	19.250	3.3952e-01
12.750	19.500	3.8351e-01
12.750	19.750	4.2829e-01
12.750	20.000	4.7049e-01
12.750	20.250	5.0701e-01
12.750	20.500	5.3615e-01
12.750	20.750	5.5270e-01
12.750	21.000	5.5491e-01
12.750	21.250	5.3801e-01
12.750	21.500	5.0479e-01
12.750	21.750	4.4944e-01
12.750	22.000	4.0345e-01
12.750	22.250	4.0118e-01
12.750	22.500	4.8137e-01
12.750	22.750	6.5672e-01
12.750	23.000	7.8785e-01
12.750	23.250	8.4097e-01
12.750	23.500	8.9084e-01
12.750	23.750	9.3200e-01
12.750	24.000	9.6258e-01
13.000	17.000	9.5691e-01
13.000	17.250	9.3981e-01
13.000	17.500	8.9312e-01
13.000	17.750	8.0081e-01
13.000	18.000	6.6813e-01
13.000	18.250	5.1957e-01
13.000	18.500	3.4157e-01
13.000	18.750	2.3702e-01
13.000	19.000	2.5091e-01
13.000	19.250	2.6459e-01
13.000	19.500	3.1651e-01
13.000	19.750	3.5873e-01
13.000	20.000	4.0601e-01
13.000	20.250	4.4947e-01
13.000	20.500	4.8613e-01
13.000	20.750	5.1215e-01
13.000	21.000	5.2374e-01
13.000	21.250	5.1754e-01
13.000	21.500	4.9477e-01
13.000	21.750	4.3995e-01
13.000	22.000	3.7819e-01
13.000	22.250	3.4051e-01
13.000	22.500	3.5958e-01
13.000	22.750	4.5773e-01
13.000	23.000	6.5949e-01
13.000	23.250	7.8937e-01
13.000	23.500	8.3879e-01
13.000	23.750	8.9013e-01
13.000	24.000	9.3200e-01
13.250	17.000	9.5945e-01
13.250	17.250	9.4909e-01
13.250	17.500	9.2441e-01
13.250	17.750	8.7586e-01
13.250	18.000	7.8101e-01
13.250	18.250	6.4472e-01
13.250	18.500	4.8397e-01
13.250	18.750	2.9511e-01
13.250	19.000	1.8970e-01
13.250	19.250	2.1145e-01
13.250	19.500	2.3637e-01
13.250	19.750	2.8456e-01
13.250	20.000	3.3513e-01
13.250	20.250	3.8290e-01
13.250	20.500	4.2529e-01
13.250	20.750	4.5975e-01
13.250	21.000	4.8070e-01
13.250	21.250	4.8249e-01
13.250	21.500	4.6985e-01
13.250	21.750	4.2182e-01
13.250	22.000	3.5535e-01
13.250	22.250	2.9856e-01
13.250	22.500	2.7809e-01
13.250	22.750	3.1437e-01
13.250	23.000	4.2651e-01
13.250	23.250	6.6341e-01
13.250	23.500	7.8893e-01
13.250	23.750	8.3406e-01
13.250	24.000	8.8864e-01
13.500	17.000	9.6376e-01
13.500	17.250	9.5228e-01
13.500	17.500	9.3218e-01
13.500	17.750	8.9635e-01
13.500	18.000	8.2643e-01
13.500	18.250	7.2834e-01
13.500	18.500	6.1149e-01
13.500	18.750	4.3590e-01
13.500	19.000	1.5426e-01
13.500	19.250	1.6552e-01
13.500	19.500	1.8782e-01
13.500	19.750	2.1244e-01
13.500	20.000	2.5911e-01
13.500	20.250	3.1114e-01
13.500	20.500	3.5770e-01
13.500	20.750	3.9723e-01
13.500	21.000	4.2448e-01
13.500	21.250	4.3478e-01
13.500	21.500	4.3051e-01
13.500	21.750	3.9179e-01
13.500	22.000	3.2871e-01
13.500	22.250	2.6455e-01
13.500	22.500	2.2362e-01
13.500	22.750	2.2124e-01
13.500	23.000	2.6977e-01
13.500	23.250	3.8895e-01
13.500	23.500	6.6047e-01
13.500	23.750	7.7955e-01
13.500	24.000	8.2877e-01
13.750	17.000	9.6974e-01
13.750	17.250	9.5718e-01
13.750	17.500	9.3769e-01
13.750	17.750	9.1169e-01
13.750	18.000	8.5778e-01
13.750	18.250	7.8136e-01
13.750	18.500	6.8488e-01
13.750	18.750	5.6154e-01
13.750	19.000	3.8115e-01
13.750	19.250	2.0710e-01
13.750	19.500	1.5409e-01
13.750	19.750	1.7508e-01
13.750	20.000	2.0006e-01
13.750	20.250	2.3337e-01
13.750	20.500	2.8427e-01
13.750	20.750	3.2787e-01
13.750	21.000	3.6136e-01
13.750	21.250	3.7816e-01
13.750	21.500	3.8113e-01
13.750	21.750	3.5012e-01
13.750	22.000	2.9615e-01
13.750	22.250	2.3332e-01
13.750	22.500	1.8378e-01
13.750	22.750	1.6191e-01
13.750	23.000	1.7481e-01
13.750	23.250	2.3044e-01
13.750	23.500	3.4797e-01
13.750	23.750	6.4844e-01
13.750	24.000	7.5838e-01
14.000	17.000	9.7535e-01
14.000	17.250	9.6434e-01
14.000	17.500	9.4381e-01
14.000	17.750	9.1878e-01
14.000	18.000	8.7929e-01
14.000	18.250	8.1464e-01
14.000	18.500	7.4051e-01
14.000	18.750	6.4648e-01
14.000	19.000	5.2158e-01
14.000	19.250	2.7310e-01
14.000	19.500	1.2979e-01
14.000	19.750	1.4360e-01
14.000	20.000	1.6446e-01
14.000	20.250	1.8799e-01
14.000	20.500	2.1197e-01
14.000	20.750	2.5341e-01
14.000	21.000	2.9116e-01
14.000	21.250	3.1294e-01
14.000	21.500	3.2364e-01
14.000	21.750	3.0115e-01
14.000	22.000	2.5676e-01
14.000	22.250	2.0192e-01
14.000	22.500	1.5221e-01
14.000	22.750	1.2111e-01
14.000	23.000	1.1558e-01
14.000	23.250	1.3887e-01
14.000	23.500	1.9768e-01
14.000	23.750	3.0685e-01
14.000	24.000	6.1746e-01
