He 1 7065.18A  relative to Inci 1215.00A scaled to 1215A.
Hden   Phi(H)  Eq_Width (A)
 7.000	17.000	1.8251e-03
 7.000	17.250	1.7714e-03
 7.000	17.500	1.6836e-03
 7.000	17.750	1.5726e-03
 7.000	18.000	1.3872e-03
 7.000	18.250	1.1257e-03
 7.000	18.500	2.4305e-04
 7.000	18.750	1.0000e-07
 7.000	19.000	1.0000e-07
 7.000	19.250	1.0000e-07
 7.000	19.500	1.0000e-07
 7.000	19.750	1.0000e-07
 7.000	20.000	1.0000e-07
 7.000	20.250	1.0000e-07
 7.000	20.500	1.0000e-07
 7.000	20.750	1.0000e-07
 7.000	21.000	1.0000e-07
 7.000	21.250	1.0000e-07
 7.000	21.500	1.0000e-07
 7.000	21.750	1.0000e-07
 7.000	22.000	1.0000e-07
 7.000	22.250	1.0000e-07
 7.000	22.500	1.0000e-07
 7.000	22.750	1.0000e-07
 7.000	23.000	1.0000e-07
 7.000	23.250	1.0000e-07
 7.000	23.500	1.0000e-07
 7.000	23.750	1.0000e-07
 7.000	24.000	1.0000e-07
 7.250	17.000	1.9624e-03
 7.250	17.250	1.8700e-03
 7.250	17.500	1.8240e-03
 7.250	17.750	1.7360e-03
 7.250	18.000	1.6266e-03
 7.250	18.250	1.4385e-03
 7.250	18.500	1.1712e-03
 7.250	18.750	2.4469e-04
 7.250	19.000	1.0000e-07
 7.250	19.250	1.0000e-07
 7.250	19.500	1.0000e-07
 7.250	19.750	1.0000e-07
 7.250	20.000	1.0000e-07
 7.250	20.250	1.0000e-07
 7.250	20.500	1.0000e-07
 7.250	20.750	1.0000e-07
 7.250	21.000	1.0000e-07
 7.250	21.250	1.0000e-07
 7.250	21.500	1.0000e-07
 7.250	21.750	1.0000e-07
 7.250	22.000	1.0000e-07
 7.250	22.250	1.0000e-07
 7.250	22.500	1.0000e-07
 7.250	22.750	1.0000e-07
 7.250	23.000	1.0000e-07
 7.250	23.250	1.0000e-07
 7.250	23.500	1.0000e-07
 7.250	23.750	1.0000e-07
 7.250	24.000	1.0000e-07
 7.500	17.000	2.0685e-03
 7.500	17.250	2.0180e-03
 7.500	17.500	1.9302e-03
 7.500	17.750	1.8943e-03
 7.500	18.000	1.8028e-03
 7.500	18.250	1.6958e-03
 7.500	18.500	1.4951e-03
 7.500	18.750	1.2249e-03
 7.500	19.000	2.4798e-04
 7.500	19.250	1.0000e-07
 7.500	19.500	1.0000e-07
 7.500	19.750	1.0000e-07
 7.500	20.000	1.0000e-07
 7.500	20.250	1.0000e-07
 7.500	20.500	1.0000e-07
 7.500	20.750	1.0000e-07
 7.500	21.000	1.0000e-07
 7.500	21.250	1.0000e-07
 7.500	21.500	1.0000e-07
 7.500	21.750	1.0000e-07
 7.500	22.000	1.0000e-07
 7.500	22.250	1.0000e-07
 7.500	22.500	1.0000e-07
 7.500	22.750	1.0000e-07
 7.500	23.000	1.0000e-07
 7.500	23.250	1.0000e-07
 7.500	23.500	1.0000e-07
 7.500	23.750	1.0000e-07
 7.500	24.000	1.0000e-07
 7.750	17.000	2.2413e-03
 7.750	17.250	2.1165e-03
 7.750	17.500	2.0026e-03
 7.750	17.750	2.0064e-03
 7.750	18.000	1.9695e-03
 7.750	18.250	1.8885e-03
 7.750	18.500	1.7912e-03
 7.750	18.750	1.5932e-03
 7.750	19.000	1.2928e-03
 7.750	19.250	2.4881e-04
 7.750	19.500	1.0000e-07
 7.750	19.750	1.0000e-07
 7.750	20.000	1.0000e-07
 7.750	20.250	1.0000e-07
 7.750	20.500	1.0000e-07
 7.750	20.750	1.0000e-07
 7.750	21.000	1.0000e-07
 7.750	21.250	1.0000e-07
 7.750	21.500	1.0000e-07
 7.750	21.750	1.0000e-07
 7.750	22.000	1.0000e-07
 7.750	22.250	1.0000e-07
 7.750	22.500	1.0000e-07
 7.750	22.750	1.0000e-07
 7.750	23.000	1.0000e-07
 7.750	23.250	1.0000e-07
 7.750	23.500	1.0000e-07
 7.750	23.750	1.0000e-07
 7.750	24.000	1.0000e-07
 8.000	17.000	2.3349e-03
 8.000	17.250	2.2567e-03
 8.000	17.500	2.1435e-03
 8.000	17.750	2.0447e-03
 8.000	18.000	2.0662e-03
 8.000	18.250	2.0440e-03
 8.000	18.500	1.9491e-03
 8.000	18.750	1.8773e-03
 8.000	19.000	1.6894e-03
 8.000	19.250	1.3911e-03
 8.000	19.500	2.6173e-04
 8.000	19.750	1.0000e-07
 8.000	20.000	1.0000e-07
 8.000	20.250	1.0000e-07
 8.000	20.500	1.0000e-07
 8.000	20.750	1.0000e-07
 8.000	21.000	1.0000e-07
 8.000	21.250	1.0000e-07
 8.000	21.500	1.0000e-07
 8.000	21.750	1.0000e-07
 8.000	22.000	1.0000e-07
 8.000	22.250	1.0000e-07
 8.000	22.500	1.0000e-07
 8.000	22.750	1.0000e-07
 8.000	23.000	1.0000e-07
 8.000	23.250	1.0000e-07
 8.000	23.500	1.0000e-07
 8.000	23.750	1.0000e-07
 8.000	24.000	1.0000e-07
 8.250	17.000	2.4041e-03
 8.250	17.250	2.3908e-03
 8.250	17.500	2.3333e-03
 8.250	17.750	2.2365e-03
 8.250	18.000	2.1431e-03
 8.250	18.250	2.1893e-03
 8.250	18.500	2.1853e-03
 8.250	18.750	2.1438e-03
 8.250	19.000	2.0549e-03
 8.250	19.250	1.8560e-03
 8.250	19.500	1.4882e-03
 8.250	19.750	2.6757e-04
 8.250	20.000	1.0000e-07
 8.250	20.250	1.0000e-07
 8.250	20.500	1.0000e-07
 8.250	20.750	1.0000e-07
 8.250	21.000	1.0000e-07
 8.250	21.250	1.0000e-07
 8.250	21.500	1.0000e-07
 8.250	21.750	1.0000e-07
 8.250	22.000	1.0000e-07
 8.250	22.250	1.0000e-07
 8.250	22.500	1.0000e-07
 8.250	22.750	1.0000e-07
 8.250	23.000	1.0000e-07
 8.250	23.250	1.0000e-07
 8.250	23.500	1.0000e-07
 8.250	23.750	1.0000e-07
 8.250	24.000	1.0000e-07
 8.500	17.000	2.4116e-03
 8.500	17.250	2.4607e-03
 8.500	17.500	2.4720e-03
 8.500	17.750	2.4379e-03
 8.500	18.000	2.4816e-03
 8.500	18.250	2.3857e-03
 8.500	18.500	2.3358e-03
 8.500	18.750	2.4055e-03
 8.500	19.000	2.3909e-03
 8.500	19.250	2.3179e-03
 8.500	19.500	2.0823e-03
 8.500	19.750	1.5048e-03
 8.500	20.000	2.6354e-04
 8.500	20.250	1.0000e-07
 8.500	20.500	1.0000e-07
 8.500	20.750	1.0000e-07
 8.500	21.000	1.0000e-07
 8.500	21.250	1.0000e-07
 8.500	21.500	1.0000e-07
 8.500	21.750	1.0000e-07
 8.500	22.000	1.0000e-07
 8.500	22.250	1.0000e-07
 8.500	22.500	1.0000e-07
 8.500	22.750	1.0000e-07
 8.500	23.000	1.0000e-07
 8.500	23.250	1.0000e-07
 8.500	23.500	1.0000e-07
 8.500	23.750	1.0000e-07
 8.500	24.000	1.0000e-07
 8.750	17.000	2.3736e-03
 8.750	17.250	2.4829e-03
 8.750	17.500	2.5648e-03
 8.750	17.750	2.6144e-03
 8.750	18.000	2.7248e-03
 8.750	18.250	2.6501e-03
 8.750	18.500	2.5143e-03
 8.750	18.750	2.5543e-03
 8.750	19.000	2.7850e-03
 8.750	19.250	2.8080e-03
 8.750	19.500	2.5221e-03
 8.750	19.750	2.2012e-03
 8.750	20.000	1.4715e-03
 8.750	20.250	2.5712e-04
 8.750	20.500	1.0000e-07
 8.750	20.750	1.0000e-07
 8.750	21.000	1.0000e-07
 8.750	21.250	1.0000e-07
 8.750	21.500	1.0000e-07
 8.750	21.750	1.0000e-07
 8.750	22.000	1.0000e-07
 8.750	22.250	1.0000e-07
 8.750	22.500	1.0000e-07
 8.750	22.750	1.0000e-07
 8.750	23.000	1.0000e-07
 8.750	23.250	1.0000e-07
 8.750	23.500	1.0000e-07
 8.750	23.750	1.0000e-07
 8.750	24.000	1.0000e-07
 9.000	17.000	2.3009e-03
 9.000	17.250	2.4551e-03
 9.000	17.500	2.6110e-03
 9.000	17.750	2.7635e-03
 9.000	18.000	2.9481e-03
 9.000	18.250	2.8855e-03
 9.000	18.500	2.8848e-03
 9.000	18.750	2.9748e-03
 9.000	19.000	3.1769e-03
 9.000	19.250	3.3682e-03
 9.000	19.500	2.9324e-03
 9.000	19.750	2.5543e-03
 9.000	20.000	2.3021e-03
 9.000	20.250	1.3140e-03
 9.000	20.500	2.3391e-04
 9.000	20.750	1.0000e-07
 9.000	21.000	1.0000e-07
 9.000	21.250	1.0000e-07
 9.000	21.500	1.0000e-07
 9.000	21.750	1.0000e-07
 9.000	22.000	1.0000e-07
 9.000	22.250	1.0000e-07
 9.000	22.500	1.0000e-07
 9.000	22.750	1.0000e-07
 9.000	23.000	1.0000e-07
 9.000	23.250	1.0000e-07
 9.000	23.500	1.0000e-07
 9.000	23.750	1.0000e-07
 9.000	24.000	1.0000e-07
 9.250	17.000	2.2195e-03
 9.250	17.250	2.4003e-03
 9.250	17.500	2.6166e-03
 9.250	17.750	2.8612e-03
 9.250	18.000	3.1268e-03
 9.250	18.250	3.2668e-03
 9.250	18.500	3.4205e-03
 9.250	18.750	3.6523e-03
 9.250	19.000	3.9057e-03
 9.250	19.250	3.9964e-03
 9.250	19.500	3.1133e-03
 9.250	19.750	2.6793e-03
 9.250	20.000	2.7647e-03
 9.250	20.250	2.1320e-03
 9.250	20.500	1.0348e-03
 9.250	20.750	2.0782e-04
 9.250	21.000	1.0000e-07
 9.250	21.250	1.0000e-07
 9.250	21.500	1.0000e-07
 9.250	21.750	1.0000e-07
 9.250	22.000	1.0000e-07
 9.250	22.250	1.0000e-07
 9.250	22.500	1.0000e-07
 9.250	22.750	1.0000e-07
 9.250	23.000	1.0000e-07
 9.250	23.250	1.0000e-07
 9.250	23.500	1.0000e-07
 9.250	23.750	1.0000e-07
 9.250	24.000	1.0000e-07
 9.500	17.000	2.1597e-03
 9.500	17.250	2.3430e-03
 9.500	17.500	2.6065e-03
 9.500	17.750	2.9261e-03
 9.500	18.000	3.2931e-03
 9.500	18.250	3.6734e-03
 9.500	18.500	4.0951e-03
 9.500	18.750	4.5780e-03
 9.500	19.000	4.8494e-03
 9.500	19.250	4.7611e-03
 9.500	19.500	3.3617e-03
 9.500	19.750	2.7810e-03
 9.500	20.000	2.7080e-03
 9.500	20.250	2.0402e-03
 9.500	20.500	1.7744e-03
 9.500	20.750	7.9235e-04
 9.500	21.000	1.6716e-04
 9.500	21.250	1.0000e-07
 9.500	21.500	1.0000e-07
 9.500	21.750	1.0000e-07
 9.500	22.000	1.0000e-07
 9.500	22.250	1.0000e-07
 9.500	22.500	1.0000e-07
 9.500	22.750	1.0000e-07
 9.500	23.000	1.0000e-07
 9.500	23.250	1.0000e-07
 9.500	23.500	1.0000e-07
 9.500	23.750	1.0000e-07
 9.500	24.000	1.0000e-07
 9.750	17.000	2.1391e-03
 9.750	17.250	2.3151e-03
 9.750	17.500	2.6016e-03
 9.750	17.750	2.9969e-03
 9.750	18.000	3.4982e-03
 9.750	18.250	4.1304e-03
 9.750	18.500	4.8689e-03
 9.750	18.750	5.6486e-03
 9.750	19.000	5.5043e-03
 9.750	19.250	4.8780e-03
 9.750	19.500	3.6957e-03
 9.750	19.750	2.7559e-03
 9.750	20.000	2.2739e-03
 9.750	20.250	1.9106e-03
 9.750	20.500	1.7709e-03
 9.750	20.750	1.2594e-03
 9.750	21.000	5.7144e-04
 9.750	21.250	1.1251e-04
 9.750	21.500	1.0000e-07
 9.750	21.750	1.0000e-07
 9.750	22.000	1.0000e-07
 9.750	22.250	1.0000e-07
 9.750	22.500	1.0000e-07
 9.750	22.750	1.0000e-07
 9.750	23.000	1.0000e-07
 9.750	23.250	1.0000e-07
 9.750	23.500	1.0000e-07
 9.750	23.750	1.0000e-07
 9.750	24.000	1.0000e-07
10.000	17.000	2.1472e-03
10.000	17.250	2.3308e-03
10.000	17.500	2.6309e-03
10.000	17.750	3.0933e-03
10.000	18.000	3.7739e-03
10.000	18.250	4.6358e-03
10.000	18.500	5.6519e-03
10.000	18.750	6.4942e-03
10.000	19.000	6.3962e-03
10.000	19.250	5.6491e-03
10.000	19.500	4.1918e-03
10.000	19.750	3.5531e-03
10.000	20.000	2.5360e-03
10.000	20.250	1.7726e-03
10.000	20.500	1.4820e-03
10.000	20.750	1.3740e-03
10.000	21.000	8.5309e-04
10.000	21.250	4.0996e-04
10.000	21.500	7.1358e-05
10.000	21.750	1.0000e-07
10.000	22.000	1.0000e-07
10.000	22.250	1.0000e-07
10.000	22.500	1.0000e-07
10.000	22.750	1.0000e-07
10.000	23.000	1.0000e-07
10.000	23.250	1.0000e-07
10.000	23.500	1.0000e-07
10.000	23.750	1.0000e-07
10.000	24.000	1.0000e-07
10.250	17.000	2.1598e-03
10.250	17.250	2.3623e-03
10.250	17.500	2.7114e-03
10.250	17.750	3.2554e-03
10.250	18.000	4.0948e-03
10.250	18.250	5.1914e-03
10.250	18.500	6.4037e-03
10.250	18.750	7.2361e-03
10.250	19.000	7.0274e-03
10.250	19.250	5.9463e-03
10.250	19.500	4.2212e-03
10.250	19.750	3.4270e-03
10.250	20.000	2.5869e-03
10.250	20.250	2.0158e-03
10.250	20.500	1.5477e-03
10.250	20.750	1.2168e-03
10.250	21.000	1.1384e-03
10.250	21.250	6.1128e-04
10.250	21.500	3.2626e-04
10.250	21.750	3.4979e-05
10.250	22.000	1.0000e-07
10.250	22.250	1.0000e-07
10.250	22.500	1.0000e-07
10.250	22.750	1.0000e-07
10.250	23.000	1.0000e-07
10.250	23.250	1.0000e-07
10.250	23.500	1.0000e-07
10.250	23.750	1.0000e-07
10.250	24.000	1.0000e-07
10.500	17.000	2.1708e-03
10.500	17.250	2.4214e-03
10.500	17.500	2.8173e-03
10.500	17.750	3.4790e-03
10.500	18.000	4.4253e-03
10.500	18.250	5.6988e-03
10.500	18.500	6.9239e-03
10.500	18.750	7.5720e-03
10.500	19.000	7.2080e-03
10.500	19.250	5.8972e-03
10.500	19.500	4.2924e-03
10.500	19.750	3.4651e-03
10.500	20.000	2.5880e-03
10.500	20.250	1.7710e-03
10.500	20.500	1.4608e-03
10.500	20.750	1.1304e-03
10.500	21.000	9.5284e-04
10.500	21.250	1.0030e-03
10.500	21.500	4.2872e-04
10.500	21.750	1.9794e-04
10.500	22.000	1.4650e-05
10.500	22.250	1.0000e-07
10.500	22.500	1.0000e-07
10.500	22.750	1.0000e-07
10.500	23.000	1.0000e-07
10.500	23.250	1.0000e-07
10.500	23.500	1.0000e-07
10.500	23.750	1.0000e-07
10.500	24.000	1.0000e-07
10.750	17.000	2.1460e-03
10.750	17.250	2.4547e-03
10.750	17.500	2.9365e-03
10.750	17.750	3.6748e-03
10.750	18.000	4.7199e-03
10.750	18.250	5.9572e-03
10.750	18.500	7.0813e-03
10.750	18.750	7.6124e-03
10.750	19.000	7.1600e-03
10.750	19.250	5.8752e-03
10.750	19.500	4.3694e-03
10.750	19.750	3.1240e-03
10.750	20.000	2.3911e-03
10.750	20.250	1.7816e-03
10.750	20.500	1.3561e-03
10.750	20.750	1.0379e-03
10.750	21.000	8.7506e-04
10.750	21.250	7.3276e-04
10.750	21.500	6.1539e-04
10.750	21.750	3.2922e-04
10.750	22.000	1.2667e-04
10.750	22.250	5.0206e-06
10.750	22.500	1.0000e-07
10.750	22.750	1.0000e-07
10.750	23.000	1.0000e-07
10.750	23.250	1.0000e-07
10.750	23.500	1.0000e-07
10.750	23.750	1.0000e-07
10.750	24.000	1.0000e-07
11.000	17.000	2.0827e-03
11.000	17.250	2.4223e-03
11.000	17.500	2.9696e-03
11.000	17.750	3.8185e-03
11.000	18.000	4.9160e-03
11.000	18.250	6.0798e-03
11.000	18.500	7.1451e-03
11.000	18.750	7.6624e-03
11.000	19.000	7.0156e-03
11.000	19.250	5.7804e-03
11.000	19.500	4.3923e-03
11.000	19.750	3.1730e-03
11.000	20.000	2.3741e-03
11.000	20.250	1.6948e-03
11.000	20.500	1.2497e-03
11.000	20.750	9.5473e-04
11.000	21.000	7.4914e-04
11.000	21.250	6.2000e-04
11.000	21.500	1.7336e-03
11.000	21.750	3.9877e-04
11.000	22.000	2.0897e-04
11.000	22.250	6.8889e-05
11.000	22.500	1.0000e-07
11.000	22.750	1.0000e-07
11.000	23.000	1.0000e-07
11.000	23.250	1.0000e-07
11.000	23.500	1.0000e-07
11.000	23.750	1.0000e-07
11.000	24.000	1.0000e-07
11.250	17.000	1.9979e-03
11.250	17.250	2.3194e-03
11.250	17.500	2.8708e-03
11.250	17.750	3.8171e-03
11.250	18.000	5.0626e-03
11.250	18.250	6.2597e-03
11.250	18.500	7.2156e-03
11.250	18.750	7.5844e-03
11.250	19.000	7.0488e-03
11.250	19.250	5.8742e-03
11.250	19.500	4.4181e-03
11.250	19.750	3.2276e-03
11.250	20.000	2.3235e-03
11.250	20.250	1.7484e-03
11.250	20.500	1.2522e-03
11.250	20.750	8.9045e-04
11.250	21.000	6.6774e-04
11.250	21.250	5.2889e-04
11.250	21.500	4.4305e-04
11.250	21.750	3.4403e-04
11.250	22.000	2.8527e-04
11.250	22.250	1.3235e-04
11.250	22.500	2.7407e-05
11.250	22.750	1.0000e-07
11.250	23.000	1.0000e-07
11.250	23.250	1.0000e-07
11.250	23.500	1.0000e-07
11.250	23.750	1.0000e-07
11.250	24.000	1.0000e-07
11.500	17.000	1.9095e-03
11.500	17.250	2.1875e-03
11.500	17.500	2.6748e-03
11.500	17.750	3.6348e-03
11.500	18.000	5.0956e-03
11.500	18.250	6.5304e-03
11.500	18.500	7.4778e-03
11.500	18.750	7.6616e-03
11.500	19.000	7.0593e-03
11.500	19.250	5.8583e-03
11.500	19.500	4.5489e-03
11.500	19.750	3.3051e-03
11.500	20.000	2.3844e-03
11.500	20.250	1.6985e-03
11.500	20.500	1.2057e-03
11.500	20.750	8.8979e-04
11.500	21.000	6.4403e-04
11.500	21.250	4.6502e-04
11.500	21.500	3.6535e-04
11.500	21.750	3.0519e-04
11.500	22.000	3.2288e-04
11.500	22.250	1.8288e-04
11.500	22.500	8.2798e-05
11.500	22.750	1.2181e-05
11.500	23.000	1.0000e-07
11.500	23.250	1.0000e-07
11.500	23.500	1.0000e-07
11.500	23.750	1.0000e-07
11.500	24.000	1.0000e-07
11.750	17.000	1.8263e-03
11.750	17.250	2.0626e-03
11.750	17.500	2.4615e-03
11.750	17.750	3.3066e-03
11.750	18.000	4.8487e-03
11.750	18.250	6.6877e-03
11.750	18.500	7.8616e-03
11.750	18.750	7.9892e-03
11.750	19.000	7.2442e-03
11.750	19.250	5.8884e-03
11.750	19.500	4.6258e-03
11.750	19.750	3.4686e-03
11.750	20.000	2.4507e-03
11.750	20.250	1.7386e-03
11.750	20.500	1.2218e-03
11.750	20.750	8.6560e-04
11.750	21.000	6.1086e-04
11.750	21.250	4.5128e-04
11.750	21.500	3.3004e-04
11.750	21.750	2.5021e-04
11.750	22.000	2.1745e-04
11.750	22.250	4.0930e-04
11.750	22.500	1.0922e-04
11.750	22.750	4.6996e-05
11.750	23.000	3.7037e-06
11.750	23.250	1.0000e-07
11.750	23.500	1.0000e-07
11.750	23.750	1.0000e-07
11.750	24.000	1.0000e-07
12.000	17.000	1.7420e-03
12.000	17.250	1.9646e-03
12.000	17.500	2.2928e-03
12.000	17.750	2.9621e-03
12.000	18.000	4.3557e-03
12.000	18.250	6.4624e-03
12.000	18.500	8.1303e-03
12.000	18.750	8.3765e-03
12.000	19.000	7.5392e-03
12.000	19.250	6.1486e-03
12.000	19.500	4.7226e-03
12.000	19.750	3.5813e-03
12.000	20.000	2.5542e-03
12.000	20.250	1.8038e-03
12.000	20.500	1.2632e-03
12.000	20.750	8.7646e-04
12.000	21.000	6.1671e-04
12.000	21.250	4.3029e-04
12.000	21.500	3.1860e-04
12.000	21.750	2.2724e-04
12.000	22.000	1.7235e-04
12.000	22.250	1.6955e-04
12.000	22.500	1.0551e-04
12.000	22.750	7.0535e-05
12.000	23.000	3.0947e-05
12.000	23.250	9.8765e-07
12.000	23.500	1.0000e-07
12.000	23.750	1.0000e-07
12.000	24.000	1.0000e-07
12.250	17.000	1.6568e-03
12.250	17.250	1.8881e-03
12.250	17.500	2.1942e-03
12.250	17.750	2.7153e-03
12.250	18.000	3.8426e-03
12.250	18.250	5.8725e-03
12.250	18.500	7.9811e-03
12.250	18.750	8.5742e-03
12.250	19.000	7.7908e-03
12.250	19.250	6.4471e-03
12.250	19.500	4.9723e-03
12.250	19.750	3.6818e-03
12.250	20.000	2.7325e-03
12.250	20.250	1.8958e-03
12.250	20.500	1.3249e-03
12.250	20.750	9.2099e-04
12.250	21.000	6.6617e-04
12.250	21.250	4.5588e-04
12.250	21.500	3.1704e-04
12.250	21.750	2.2099e-04
12.250	22.000	1.5745e-04
12.250	22.250	1.1679e-04
12.250	22.500	1.0494e-04
12.250	22.750	6.6255e-05
12.250	23.000	5.1193e-05
12.250	23.250	1.6790e-05
12.250	23.500	1.0000e-07
12.250	23.750	1.0000e-07
12.250	24.000	1.0000e-07
12.500	17.000	1.5696e-03
12.500	17.250	1.8209e-03
12.500	17.500	2.1523e-03
12.500	17.750	2.6252e-03
12.500	18.000	3.5395e-03
12.500	18.250	5.2167e-03
12.500	18.500	7.2847e-03
12.500	18.750	8.3764e-03
12.500	19.000	7.9370e-03
12.500	19.250	6.6913e-03
12.500	19.500	5.2505e-03
12.500	19.750	3.9240e-03
12.500	20.000	2.8972e-03
12.500	20.250	2.0319e-03
12.500	20.500	1.4200e-03
12.500	20.750	9.8016e-04
12.500	21.000	6.9794e-04
12.500	21.250	4.6691e-04
12.500	21.500	3.2387e-04
12.500	21.750	2.2280e-04
12.500	22.000	1.5210e-04
12.500	22.250	1.0650e-04
12.500	22.500	8.0082e-05
12.500	22.750	6.4527e-05
12.500	23.000	6.3539e-05
12.500	23.250	2.3868e-05
12.500	23.500	8.5597e-06
12.500	23.750	1.0000e-07
12.500	24.000	1.0000e-07
12.750	17.000	1.4884e-03
12.750	17.250	1.7574e-03
12.750	17.500	2.1136e-03
12.750	17.750	2.6090e-03
12.750	18.000	3.3526e-03
12.750	18.250	4.6742e-03
12.750	18.500	6.4542e-03
12.750	18.750	7.7463e-03
12.750	19.000	7.7626e-03
12.750	19.250	6.7928e-03
12.750	19.500	5.4626e-03
12.750	19.750	4.1707e-03
12.750	20.000	3.0707e-03
12.750	20.250	2.2111e-03
12.750	20.500	1.5534e-03
12.750	20.750	1.0754e-03
12.750	21.000	7.6016e-04
12.750	21.250	4.9992e-04
12.750	21.500	3.4082e-04
12.750	21.750	2.2790e-04
12.750	22.000	1.5399e-04
12.750	22.250	1.0428e-04
12.750	22.500	7.5556e-05
12.750	22.750	5.3333e-05
12.750	23.000	4.6008e-05
12.750	23.250	2.8724e-05
12.750	23.500	1.6708e-05
12.750	23.750	3.3745e-06
12.750	24.000	1.0000e-07
13.000	17.000	1.4078e-03
13.000	17.250	1.6914e-03
13.000	17.500	2.0691e-03
13.000	17.750	2.5769e-03
13.000	18.000	3.2601e-03
13.000	18.250	4.2903e-03
13.000	18.500	5.7414e-03
13.000	18.750	6.9667e-03
13.000	19.000	7.2833e-03
13.000	19.250	6.6751e-03
13.000	19.500	5.5632e-03
13.000	19.750	4.3692e-03
13.000	20.000	3.2978e-03
13.000	20.250	2.4252e-03
13.000	20.500	1.7273e-03
13.000	20.750	1.2051e-03
13.000	21.000	8.4700e-04
13.000	21.250	5.6584e-04
13.000	21.500	3.7877e-04
13.000	21.750	2.4782e-04
13.000	22.000	1.6568e-04
13.000	22.250	1.1128e-04
13.000	22.500	7.4815e-05
13.000	22.750	5.1276e-05
13.000	23.000	3.7037e-05
13.000	23.250	2.9630e-05
13.000	23.500	2.8313e-05
13.000	23.750	1.0782e-05
13.000	24.000	1.1523e-06
13.250	17.000	1.3314e-03
13.250	17.250	1.6309e-03
13.250	17.500	2.0262e-03
13.250	17.750	2.5549e-03
13.250	18.000	3.2480e-03
13.250	18.250	4.1078e-03
13.250	18.500	5.2610e-03
13.250	18.750	6.3719e-03
13.250	19.000	6.7905e-03
13.250	19.250	6.4229e-03
13.250	19.500	5.5472e-03
13.250	19.750	4.5045e-03
13.250	20.000	3.4963e-03
13.250	20.250	2.6286e-03
13.250	20.500	1.9258e-03
13.250	20.750	1.3694e-03
13.250	21.000	9.4543e-04
13.250	21.250	6.5531e-04
13.250	21.500	4.4066e-04
13.250	21.750	2.8947e-04
13.250	22.000	1.8543e-04
13.250	22.250	1.2560e-04
13.250	22.500	8.3786e-05
13.250	22.750	5.5226e-05
13.250	23.000	3.7284e-05
13.250	23.250	3.1440e-05
13.250	23.500	2.1070e-05
13.250	23.750	1.6461e-05
13.250	24.000	5.5967e-06
13.500	17.000	1.2564e-03
13.500	17.250	1.5737e-03
13.500	17.500	1.9947e-03
13.500	17.750	2.5388e-03
13.500	18.000	3.2482e-03
13.500	18.250	4.1122e-03
13.500	18.500	5.0575e-03
13.500	18.750	5.9929e-03
13.500	19.000	6.4853e-03
13.500	19.250	6.2607e-03
13.500	19.500	5.5521e-03
13.500	19.750	4.6205e-03
13.500	20.000	3.6784e-03
13.500	20.250	2.8367e-03
13.500	20.500	2.1105e-03
13.500	20.750	1.5460e-03
13.500	21.000	1.0872e-03
13.500	21.250	7.5909e-04
13.500	21.500	5.2165e-04
13.500	21.750	3.4469e-04
13.500	22.000	2.2461e-04
13.500	22.250	1.4576e-04
13.500	22.500	9.4897e-05
13.500	22.750	6.2058e-05
13.500	23.000	4.1399e-05
13.500	23.250	2.7819e-05
13.500	23.500	1.9012e-05
13.500	23.750	1.4074e-05
13.500	24.000	7.2428e-06
13.750	17.000	1.1865e-03
13.750	17.250	1.5158e-03
13.750	17.500	1.9595e-03
13.750	17.750	2.5292e-03
13.750	18.000	3.2495e-03
13.750	18.250	4.1197e-03
13.750	18.500	5.0618e-03
13.750	18.750	5.8744e-03
13.750	19.000	6.3314e-03
13.750	19.250	6.2342e-03
13.750	19.500	5.6293e-03
13.750	19.750	4.7816e-03
13.750	20.000	3.8801e-03
13.750	20.250	3.0368e-03
13.750	20.500	2.3135e-03
13.750	20.750	1.7090e-03
13.750	21.000	1.2345e-03
13.750	21.250	8.6041e-04
13.750	21.500	5.9440e-04
13.750	21.750	4.0025e-04
13.750	22.000	2.6469e-04
13.750	22.250	1.7597e-04
13.750	22.500	1.1300e-04
13.750	22.750	7.4403e-05
13.750	23.000	4.7737e-05
13.750	23.250	3.1687e-05
13.750	23.500	2.0412e-05
13.750	23.750	1.4897e-05
13.750	24.000	1.0947e-05
14.000	17.000	1.1178e-03
14.000	17.250	1.4574e-03
14.000	17.500	1.9108e-03
14.000	17.750	2.5081e-03
14.000	18.000	3.2461e-03
14.000	18.250	4.1148e-03
14.000	18.500	5.0390e-03
14.000	18.750	5.8432e-03
14.000	19.000	6.3160e-03
14.000	19.250	6.2403e-03
14.000	19.500	5.7700e-03
14.000	19.750	4.9837e-03
14.000	20.000	4.1049e-03
14.000	20.250	3.2523e-03
14.000	20.500	2.4988e-03
14.000	20.750	1.8724e-03
14.000	21.000	1.3729e-03
14.000	21.250	9.7498e-04
14.000	21.500	6.8477e-04
14.000	21.750	4.6593e-04
14.000	22.000	3.1012e-04
14.000	22.250	2.0831e-04
14.000	22.500	1.3934e-04
14.000	22.750	8.9547e-05
14.000	23.000	5.7202e-05
14.000	23.250	3.6790e-05
14.000	23.500	2.3128e-05
14.000	23.750	1.3992e-05
14.000	24.000	1.5309e-05
