Inwd 7065.18A  relative to Inci 1215.00A scaled to 1215A.
Hden   Phi(H)  Eq_Width (A)
 7.000	17.000	9.3572e-04
 7.000	17.250	9.2255e-04
 7.000	17.500	8.4658e-04
 7.000	17.750	7.8222e-04
 7.000	18.000	6.9720e-04
 7.000	18.250	6.0593e-04
 7.000	18.500	1.1687e-04
 7.000	18.750	1.0000e-07
 7.000	19.000	1.0000e-07
 7.000	19.250	1.0000e-07
 7.000	19.500	1.0000e-07
 7.000	19.750	1.0000e-07
 7.000	20.000	1.0000e-07
 7.000	20.250	1.0000e-07
 7.000	20.500	1.0000e-07
 7.000	20.750	1.0000e-07
 7.000	21.000	1.0000e-07
 7.000	21.250	1.0000e-07
 7.000	21.500	1.0000e-07
 7.000	21.750	1.0000e-07
 7.000	22.000	1.0000e-07
 7.000	22.250	1.0000e-07
 7.000	22.500	1.0000e-07
 7.000	22.750	1.0000e-07
 7.000	23.000	1.0000e-07
 7.000	23.250	1.0000e-07
 7.000	23.500	1.0000e-07
 7.000	23.750	1.0000e-07
 7.000	24.000	1.0000e-07
 7.250	17.000	1.0209e-03
 7.250	17.250	9.6181e-04
 7.250	17.500	9.5506e-04
 7.250	17.750	8.7111e-04
 7.250	18.000	8.1169e-04
 7.250	18.250	7.2658e-04
 7.250	18.500	6.0189e-04
 7.250	18.750	1.3243e-04
 7.250	19.000	1.0000e-07
 7.250	19.250	1.0000e-07
 7.250	19.500	1.0000e-07
 7.250	19.750	1.0000e-07
 7.250	20.000	1.0000e-07
 7.250	20.250	1.0000e-07
 7.250	20.500	1.0000e-07
 7.250	20.750	1.0000e-07
 7.250	21.000	1.0000e-07
 7.250	21.250	1.0000e-07
 7.250	21.500	1.0000e-07
 7.250	21.750	1.0000e-07
 7.250	22.000	1.0000e-07
 7.250	22.250	1.0000e-07
 7.250	22.500	1.0000e-07
 7.250	22.750	1.0000e-07
 7.250	23.000	1.0000e-07
 7.250	23.250	1.0000e-07
 7.250	23.500	1.0000e-07
 7.250	23.750	1.0000e-07
 7.250	24.000	1.0000e-07
 7.500	17.000	1.0454e-03
 7.500	17.250	1.0548e-03
 7.500	17.500	9.9457e-04
 7.500	17.750	1.0008e-03
 7.500	18.000	9.0700e-04
 7.500	18.250	8.4840e-04
 7.500	18.500	8.0148e-04
 7.500	18.750	6.8016e-04
 7.500	19.000	1.3860e-04
 7.500	19.250	1.0000e-07
 7.500	19.500	1.0000e-07
 7.500	19.750	1.0000e-07
 7.500	20.000	1.0000e-07
 7.500	20.250	1.0000e-07
 7.500	20.500	1.0000e-07
 7.500	20.750	1.0000e-07
 7.500	21.000	1.0000e-07
 7.500	21.250	1.0000e-07
 7.500	21.500	1.0000e-07
 7.500	21.750	1.0000e-07
 7.500	22.000	1.0000e-07
 7.500	22.250	1.0000e-07
 7.500	22.500	1.0000e-07
 7.500	22.750	1.0000e-07
 7.500	23.000	1.0000e-07
 7.500	23.250	1.0000e-07
 7.500	23.500	1.0000e-07
 7.500	23.750	1.0000e-07
 7.500	24.000	1.0000e-07
 7.750	17.000	1.1509e-03
 7.750	17.250	1.0718e-03
 7.750	17.500	1.0082e-03
 7.750	17.750	1.0415e-03
 7.750	18.000	1.0556e-03
 7.750	18.250	9.6173e-04
 7.750	18.500	9.0905e-04
 7.750	18.750	8.6626e-04
 7.750	19.000	7.3407e-04
 7.750	19.250	1.1506e-04
 7.750	19.500	1.0000e-07
 7.750	19.750	1.0000e-07
 7.750	20.000	1.0000e-07
 7.750	20.250	1.0000e-07
 7.750	20.500	1.0000e-07
 7.750	20.750	1.0000e-07
 7.750	21.000	1.0000e-07
 7.750	21.250	1.0000e-07
 7.750	21.500	1.0000e-07
 7.750	21.750	1.0000e-07
 7.750	22.000	1.0000e-07
 7.750	22.250	1.0000e-07
 7.750	22.500	1.0000e-07
 7.750	22.750	1.0000e-07
 7.750	23.000	1.0000e-07
 7.750	23.250	1.0000e-07
 7.750	23.500	1.0000e-07
 7.750	23.750	1.0000e-07
 7.750	24.000	1.0000e-07
 8.000	17.000	1.2186e-03
 8.000	17.250	1.1686e-03
 8.000	17.500	1.0899e-03
 8.000	17.750	1.0357e-03
 8.000	18.000	1.0796e-03
 8.000	18.250	1.1072e-03
 8.000	18.500	1.0155e-03
 8.000	18.750	1.0277e-03
 8.000	19.000	9.3383e-04
 8.000	19.250	6.8749e-04
 8.000	19.500	1.5449e-04
 8.000	19.750	1.0000e-07
 8.000	20.000	1.0000e-07
 8.000	20.250	1.0000e-07
 8.000	20.500	1.0000e-07
 8.000	20.750	1.0000e-07
 8.000	21.000	1.0000e-07
 8.000	21.250	1.0000e-07
 8.000	21.500	1.0000e-07
 8.000	21.750	1.0000e-07
 8.000	22.000	1.0000e-07
 8.000	22.250	1.0000e-07
 8.000	22.500	1.0000e-07
 8.000	22.750	1.0000e-07
 8.000	23.000	1.0000e-07
 8.000	23.250	1.0000e-07
 8.000	23.500	1.0000e-07
 8.000	23.750	1.0000e-07
 8.000	24.000	1.0000e-07
 8.250	17.000	1.2616e-03
 8.250	17.250	1.2637e-03
 8.250	17.500	1.2151e-03
 8.250	17.750	1.1384e-03
 8.250	18.000	1.0877e-03
 8.250	18.250	1.1509e-03
 8.250	18.500	1.1988e-03
 8.250	18.750	1.1892e-03
 8.250	19.000	1.1543e-03
 8.250	19.250	1.0347e-03
 8.250	19.500	7.1720e-04
 8.250	19.750	1.6008e-04
 8.250	20.000	1.0000e-07
 8.250	20.250	1.0000e-07
 8.250	20.500	1.0000e-07
 8.250	20.750	1.0000e-07
 8.250	21.000	1.0000e-07
 8.250	21.250	1.0000e-07
 8.250	21.500	1.0000e-07
 8.250	21.750	1.0000e-07
 8.250	22.000	1.0000e-07
 8.250	22.250	1.0000e-07
 8.250	22.500	1.0000e-07
 8.250	22.750	1.0000e-07
 8.250	23.000	1.0000e-07
 8.250	23.250	1.0000e-07
 8.250	23.500	1.0000e-07
 8.250	23.750	1.0000e-07
 8.250	24.000	1.0000e-07
 8.500	17.000	1.2624e-03
 8.500	17.250	1.3123e-03
 8.500	17.500	1.3210e-03
 8.500	17.750	1.2755e-03
 8.500	18.000	1.3424e-03
 8.500	18.250	1.2805e-03
 8.500	18.500	1.2515e-03
 8.500	18.750	1.3459e-03
 8.500	19.000	1.3584e-03
 8.500	19.250	1.3145e-03
 8.500	19.500	1.1920e-03
 8.500	19.750	8.8461e-04
 8.500	20.000	1.6790e-04
 8.500	20.250	1.0000e-07
 8.500	20.500	1.0000e-07
 8.500	20.750	1.0000e-07
 8.500	21.000	1.0000e-07
 8.500	21.250	1.0000e-07
 8.500	21.500	1.0000e-07
 8.500	21.750	1.0000e-07
 8.500	22.000	1.0000e-07
 8.500	22.250	1.0000e-07
 8.500	22.500	1.0000e-07
 8.500	22.750	1.0000e-07
 8.500	23.000	1.0000e-07
 8.500	23.250	1.0000e-07
 8.500	23.500	1.0000e-07
 8.500	23.750	1.0000e-07
 8.500	24.000	1.0000e-07
 8.750	17.000	1.2340e-03
 8.750	17.250	1.3194e-03
 8.750	17.500	1.3824e-03
 8.750	17.750	1.3912e-03
 8.750	18.000	1.5176e-03
 8.750	18.250	1.4354e-03
 8.750	18.500	1.4093e-03
 8.750	18.750	1.4506e-03
 8.750	19.000	1.6849e-03
 8.750	19.250	1.6695e-03
 8.750	19.500	1.5042e-03
 8.750	19.750	1.3095e-03
 8.750	20.000	7.0305e-04
 8.750	20.250	1.5811e-04
 8.750	20.500	1.0000e-07
 8.750	20.750	1.0000e-07
 8.750	21.000	1.0000e-07
 8.750	21.250	1.0000e-07
 8.750	21.500	1.0000e-07
 8.750	21.750	1.0000e-07
 8.750	22.000	1.0000e-07
 8.750	22.250	1.0000e-07
 8.750	22.500	1.0000e-07
 8.750	22.750	1.0000e-07
 8.750	23.000	1.0000e-07
 8.750	23.250	1.0000e-07
 8.750	23.500	1.0000e-07
 8.750	23.750	1.0000e-07
 8.750	24.000	1.0000e-07
 9.000	17.000	1.1903e-03
 9.000	17.250	1.2946e-03
 9.000	17.500	1.4029e-03
 9.000	17.750	1.4779e-03
 9.000	18.000	1.6649e-03
 9.000	18.250	1.6434e-03
 9.000	18.500	1.6065e-03
 9.000	18.750	1.6682e-03
 9.000	19.000	1.8497e-03
 9.000	19.250	1.9998e-03
 9.000	19.500	1.8294e-03
 9.000	19.750	1.6250e-03
 9.000	20.000	1.3933e-03
 9.000	20.250	6.4889e-04
 9.000	20.500	1.1111e-04
 9.000	20.750	1.0000e-07
 9.000	21.000	1.0000e-07
 9.000	21.250	1.0000e-07
 9.000	21.500	1.0000e-07
 9.000	21.750	1.0000e-07
 9.000	22.000	1.0000e-07
 9.000	22.250	1.0000e-07
 9.000	22.500	1.0000e-07
 9.000	22.750	1.0000e-07
 9.000	23.000	1.0000e-07
 9.000	23.250	1.0000e-07
 9.000	23.500	1.0000e-07
 9.000	23.750	1.0000e-07
 9.000	24.000	1.0000e-07
 9.250	17.000	1.1473e-03
 9.250	17.250	1.2600e-03
 9.250	17.500	1.3969e-03
 9.250	17.750	1.5323e-03
 9.250	18.000	1.7770e-03
 9.250	18.250	1.8391e-03
 9.250	18.500	1.9011e-03
 9.250	18.750	2.0390e-03
 9.250	19.000	2.2433e-03
 9.250	19.250	2.4197e-03
 9.250	19.500	2.0031e-03
 9.250	19.750	1.7784e-03
 9.250	20.000	1.6605e-03
 9.250	20.250	1.1959e-03
 9.250	20.500	5.4782e-04
 9.250	20.750	1.2749e-04
 9.250	21.000	1.0000e-07
 9.250	21.250	1.0000e-07
 9.250	21.500	1.0000e-07
 9.250	21.750	1.0000e-07
 9.250	22.000	1.0000e-07
 9.250	22.250	1.0000e-07
 9.250	22.500	1.0000e-07
 9.250	22.750	1.0000e-07
 9.250	23.000	1.0000e-07
 9.250	23.250	1.0000e-07
 9.250	23.500	1.0000e-07
 9.250	23.750	1.0000e-07
 9.250	24.000	1.0000e-07
 9.500	17.000	1.1191e-03
 9.500	17.250	1.2314e-03
 9.500	17.500	1.3920e-03
 9.500	17.750	1.5765e-03
 9.500	18.000	1.8541e-03
 9.500	18.250	2.0609e-03
 9.500	18.500	2.3021e-03
 9.500	18.750	2.5987e-03
 9.500	19.000	2.8276e-03
 9.500	19.250	2.8783e-03
 9.500	19.500	2.2730e-03
 9.500	19.750	1.8736e-03
 9.500	20.000	1.6650e-03
 9.500	20.250	1.3477e-03
 9.500	20.500	1.0912e-03
 9.500	20.750	4.3605e-04
 9.500	21.000	1.0774e-04
 9.500	21.250	1.0000e-07
 9.500	21.500	1.0000e-07
 9.500	21.750	1.0000e-07
 9.500	22.000	1.0000e-07
 9.500	22.250	1.0000e-07
 9.500	22.500	1.0000e-07
 9.500	22.750	1.0000e-07
 9.500	23.000	1.0000e-07
 9.500	23.250	1.0000e-07
 9.500	23.500	1.0000e-07
 9.500	23.750	1.0000e-07
 9.500	24.000	1.0000e-07
 9.750	17.000	1.1160e-03
 9.750	17.250	1.2232e-03
 9.750	17.500	1.4002e-03
 9.750	17.750	1.6378e-03
 9.750	18.000	1.9414e-03
 9.750	18.250	2.3453e-03
 9.750	18.500	2.8026e-03
 9.750	18.750	3.2599e-03
 9.750	19.000	3.2974e-03
 9.750	19.250	3.0045e-03
 9.750	19.500	2.4798e-03
 9.750	19.750	1.9698e-03
 9.750	20.000	1.6391e-03
 9.750	20.250	1.3633e-03
 9.750	20.500	1.1835e-03
 9.750	20.750	7.0362e-04
 9.750	21.000	3.3580e-04
 9.750	21.250	6.7572e-05
 9.750	21.500	1.0000e-07
 9.750	21.750	1.0000e-07
 9.750	22.000	1.0000e-07
 9.750	22.250	1.0000e-07
 9.750	22.500	1.0000e-07
 9.750	22.750	1.0000e-07
 9.750	23.000	1.0000e-07
 9.750	23.250	1.0000e-07
 9.750	23.500	1.0000e-07
 9.750	23.750	1.0000e-07
 9.750	24.000	1.0000e-07
10.000	17.000	1.1334e-03
10.000	17.250	1.2434e-03
10.000	17.500	1.4349e-03
10.000	17.750	1.7375e-03
10.000	18.000	2.1836e-03
10.000	18.250	2.7001e-03
10.000	18.500	3.3333e-03
10.000	18.750	3.8597e-03
10.000	19.000	3.8672e-03
10.000	19.250	3.4079e-03
10.000	19.500	2.7027e-03
10.000	19.750	2.2987e-03
10.000	20.000	1.7007e-03
10.000	20.250	1.3568e-03
10.000	20.500	1.1149e-03
10.000	20.750	9.0897e-04
10.000	21.000	5.5086e-04
10.000	21.250	2.7786e-04
10.000	21.500	4.7407e-05
10.000	21.750	1.0000e-07
10.000	22.000	1.0000e-07
10.000	22.250	1.0000e-07
10.000	22.500	1.0000e-07
10.000	22.750	1.0000e-07
10.000	23.000	1.0000e-07
10.000	23.250	1.0000e-07
10.000	23.500	1.0000e-07
10.000	23.750	1.0000e-07
10.000	24.000	1.0000e-07
10.250	17.000	1.1590e-03
10.250	17.250	1.2793e-03
10.250	17.500	1.5046e-03
10.250	17.750	1.8798e-03
10.250	18.000	2.4731e-03
10.250	18.250	3.1250e-03
10.250	18.500	3.8978e-03
10.250	18.750	4.4481e-03
10.250	19.000	4.3444e-03
10.250	19.250	3.7206e-03
10.250	19.500	2.8554e-03
10.250	19.750	2.2188e-03
10.250	20.000	1.6951e-03
10.250	20.250	1.3560e-03
10.250	20.500	1.1291e-03
10.250	20.750	9.3630e-04
10.250	21.000	6.5687e-04
10.250	21.250	4.1728e-04
10.250	21.500	1.9786e-04
10.250	21.750	2.1811e-05
10.250	22.000	1.0000e-07
10.250	22.250	1.0000e-07
10.250	22.500	1.0000e-07
10.250	22.750	1.0000e-07
10.250	23.000	1.0000e-07
10.250	23.250	1.0000e-07
10.250	23.500	1.0000e-07
10.250	23.750	1.0000e-07
10.250	24.000	1.0000e-07
10.500	17.000	1.1867e-03
10.500	17.250	1.3351e-03
10.500	17.500	1.5969e-03
10.500	17.750	2.0723e-03
10.500	18.000	2.7831e-03
10.500	18.250	3.6435e-03
10.500	18.500	4.3305e-03
10.500	18.750	4.8659e-03
10.500	19.000	4.6700e-03
10.500	19.250	3.9336e-03
10.500	19.500	3.0187e-03
10.500	19.750	2.3077e-03
10.500	20.000	1.7397e-03
10.500	20.250	1.3053e-03
10.500	20.500	1.0784e-03
10.500	20.750	8.9984e-04
10.500	21.000	7.7169e-04
10.500	21.250	4.9877e-04
10.500	21.500	3.1012e-04
10.500	21.750	1.3654e-04
10.500	22.000	8.4774e-06
10.500	22.250	1.0000e-07
10.500	22.500	1.0000e-07
10.500	22.750	1.0000e-07
10.500	23.000	1.0000e-07
10.500	23.250	1.0000e-07
10.500	23.500	1.0000e-07
10.500	23.750	1.0000e-07
10.500	24.000	1.0000e-07
10.750	17.000	1.1947e-03
10.750	17.250	1.3813e-03
10.750	17.500	1.7026e-03
10.750	17.750	2.2537e-03
10.750	18.000	3.0607e-03
10.750	18.250	3.9423e-03
10.750	18.500	4.7100e-03
10.750	18.750	5.1165e-03
10.750	19.000	4.8855e-03
10.750	19.250	4.1267e-03
10.750	19.500	3.1871e-03
10.750	19.750	2.3579e-03
10.750	20.000	1.7381e-03
10.750	20.250	1.3303e-03
10.750	20.500	1.0362e-03
10.750	20.750	8.2667e-04
10.750	21.000	7.0790e-04
10.750	21.250	6.1523e-04
10.750	21.500	3.9852e-04
10.750	21.750	1.9770e-04
10.750	22.000	7.3498e-05
10.750	22.250	2.7160e-06
10.750	22.500	1.0000e-07
10.750	22.750	1.0000e-07
10.750	23.000	1.0000e-07
10.750	23.250	1.0000e-07
10.750	23.500	1.0000e-07
10.750	23.750	1.0000e-07
10.750	24.000	1.0000e-07
11.000	17.000	1.1772e-03
11.000	17.250	1.3906e-03
11.000	17.500	1.7614e-03
11.000	17.750	2.3935e-03
11.000	18.000	3.2623e-03
11.000	18.250	4.1705e-03
11.000	18.500	4.9148e-03
11.000	18.750	5.4088e-03
11.000	19.000	5.0495e-03
11.000	19.250	4.2640e-03
11.000	19.500	3.3110e-03
11.000	19.750	2.4502e-03
11.000	20.000	1.7829e-03
11.000	20.250	1.3174e-03
11.000	20.500	9.8658e-04
11.000	20.750	7.6708e-04
11.000	21.000	6.2650e-04
11.000	21.250	5.3901e-04
11.000	21.500	4.5761e-04
11.000	21.750	2.8222e-04
11.000	22.000	1.5029e-04
11.000	22.250	4.9465e-05
11.000	22.500	1.0000e-07
11.000	22.750	1.0000e-07
11.000	23.000	1.0000e-07
11.000	23.250	1.0000e-07
11.000	23.500	1.0000e-07
11.000	23.750	1.0000e-07
11.000	24.000	1.0000e-07
11.250	17.000	1.1328e-03
11.250	17.250	1.3556e-03
11.250	17.500	1.7361e-03
11.250	17.750	2.4352e-03
11.250	18.000	3.4316e-03
11.250	18.250	4.4500e-03
11.250	18.500	5.2432e-03
11.250	18.750	5.6472e-03
11.250	19.000	5.3016e-03
11.250	19.250	4.4513e-03
11.250	19.500	3.4051e-03
11.250	19.750	2.5338e-03
11.250	20.000	1.8532e-03
11.250	20.250	1.3383e-03
11.250	20.500	9.8272e-04
11.250	20.750	7.2535e-04
11.250	21.000	5.6074e-04
11.250	21.250	4.5918e-04
11.250	21.500	3.9177e-04
11.250	21.750	3.2082e-04
11.250	22.000	1.9251e-04
11.250	22.250	1.0263e-04
11.250	22.500	2.0247e-05
11.250	22.750	1.0000e-07
11.250	23.000	1.0000e-07
11.250	23.250	1.0000e-07
11.250	23.500	1.0000e-07
11.250	23.750	1.0000e-07
11.250	24.000	1.0000e-07
11.500	17.000	1.0703e-03
11.500	17.250	1.2838e-03
11.500	17.500	1.6447e-03
11.500	17.750	2.3572e-03
11.500	18.000	3.5246e-03
11.500	18.250	4.7935e-03
11.500	18.500	5.6906e-03
11.500	18.750	5.9111e-03
11.500	19.000	5.5259e-03
11.500	19.250	4.5761e-03
11.500	19.500	3.5511e-03
11.500	19.750	2.6195e-03
11.500	20.000	1.9086e-03
11.500	20.250	1.3749e-03
11.500	20.500	9.7490e-04
11.500	20.750	7.1284e-04
11.500	21.000	5.2461e-04
11.500	21.250	4.0305e-04
11.500	21.500	3.2708e-04
11.500	21.750	2.7844e-04
11.500	22.000	2.3152e-04
11.500	22.250	1.3078e-04
11.500	22.500	6.3704e-05
11.500	22.750	6.9959e-06
11.500	23.000	1.0000e-07
11.500	23.250	1.0000e-07
11.500	23.500	1.0000e-07
11.500	23.750	1.0000e-07
11.500	24.000	1.0000e-07
11.750	17.000	9.9193e-04
11.750	17.250	1.1941e-03
11.750	17.500	1.5176e-03
11.750	17.750	2.1783e-03
11.750	18.000	3.4258e-03
11.750	18.250	5.0423e-03
11.750	18.500	6.1889e-03
11.750	18.750	6.3997e-03
11.750	19.000	5.8571e-03
11.750	19.250	4.7636e-03
11.750	19.500	3.7035e-03
11.750	19.750	2.7464e-03
11.750	20.000	1.9773e-03
11.750	20.250	1.4121e-03
11.750	20.500	1.0030e-03
11.750	20.750	7.1086e-04
11.750	21.000	5.1095e-04
11.750	21.250	3.7374e-04
11.750	21.500	2.8626e-04
11.750	21.750	2.3119e-04
11.750	22.000	1.9580e-04
11.750	22.250	1.3638e-04
11.750	22.500	8.6996e-05
11.750	22.750	4.2140e-05
11.750	23.000	2.1399e-06
11.750	23.250	1.0000e-07
11.750	23.500	1.0000e-07
11.750	23.750	1.0000e-07
11.750	24.000	1.0000e-07
12.000	17.000	9.2016e-04
12.000	17.250	1.0942e-03
12.000	17.500	1.3878e-03
12.000	17.750	1.9518e-03
12.000	18.000	3.1194e-03
12.000	18.250	4.9615e-03
12.000	18.500	6.5174e-03
12.000	18.750	6.8608e-03
12.000	19.000	6.2551e-03
12.000	19.250	5.0984e-03
12.000	19.500	3.9064e-03
12.000	19.750	2.9006e-03
12.000	20.000	2.0805e-03
12.000	20.250	1.4732e-03
12.000	20.500	1.0354e-03
12.000	20.750	7.2741e-04
12.000	21.000	5.1128e-04
12.000	21.250	3.6461e-04
12.000	21.500	2.6502e-04
12.000	21.750	2.0280e-04
12.000	22.000	1.6305e-04
12.000	22.250	1.3605e-04
12.000	22.500	9.5802e-05
12.000	22.750	5.7284e-05
12.000	23.000	2.5679e-05
12.000	23.250	1.0000e-07
12.000	23.500	1.0000e-07
12.000	23.750	1.0000e-07
12.000	24.000	1.0000e-07
12.250	17.000	8.5918e-04
12.250	17.250	1.0158e-03
12.250	17.500	1.2640e-03
12.250	17.750	1.7364e-03
12.250	18.000	2.7216e-03
12.250	18.250	4.5053e-03
12.250	18.500	6.4226e-03
12.250	18.750	7.1139e-03
12.250	19.000	6.5583e-03
12.250	19.250	5.4776e-03
12.250	19.500	4.1998e-03
12.250	19.750	3.0895e-03
12.250	20.000	2.2337e-03
12.250	20.250	1.5640e-03
12.250	20.500	1.0900e-03
12.250	20.750	7.5728e-04
12.250	21.000	5.3037e-04
12.250	21.250	3.6815e-04
12.250	21.500	2.6025e-04
12.250	21.750	1.8988e-04
12.250	22.000	1.4469e-04
12.250	22.250	1.1663e-04
12.250	22.500	9.6461e-05
12.250	22.750	6.6584e-05
12.250	23.000	3.8683e-05
12.250	23.250	1.4239e-05
12.250	23.500	1.0000e-07
12.250	23.750	1.0000e-07
12.250	24.000	1.0000e-07
12.500	17.000	8.0362e-04
12.500	17.250	9.5514e-04
12.500	17.500	1.1902e-03
12.500	17.750	1.5712e-03
12.500	18.000	2.3598e-03
12.500	18.250	3.8490e-03
12.500	18.500	5.8155e-03
12.500	18.750	6.9843e-03
12.500	19.000	6.7802e-03
12.500	19.250	5.8100e-03
12.500	19.500	4.5370e-03
12.500	19.750	3.3593e-03
12.500	20.000	2.4235e-03
12.500	20.250	1.6962e-03
12.500	20.500	1.1768e-03
12.500	20.750	8.1078e-04
12.500	21.000	5.6041e-04
12.500	21.250	3.8593e-04
12.500	21.500	2.6733e-04
12.500	21.750	1.8897e-04
12.500	22.000	1.3827e-04
12.500	22.250	1.0576e-04
12.500	22.500	8.6008e-05
12.500	22.750	6.9218e-05
12.500	23.000	4.4691e-05
12.500	23.250	2.6584e-05
12.500	23.500	6.5021e-06
12.500	23.750	1.0000e-07
12.500	24.000	1.0000e-07
12.750	17.000	7.5621e-04
12.750	17.250	9.0798e-04
12.750	17.500	1.1280e-03
12.750	17.750	1.4714e-03
12.750	18.000	2.0617e-03
12.750	18.250	3.2069e-03
12.750	18.500	4.9364e-03
12.750	18.750	6.3856e-03
12.750	19.000	6.6821e-03
12.750	19.250	6.0065e-03
12.750	19.500	4.8373e-03
12.750	19.750	3.6574e-03
12.750	20.000	2.6519e-03
12.750	20.250	1.8788e-03
12.750	20.500	1.2995e-03
12.750	20.750	8.9695e-04
12.750	21.000	6.1498e-04
12.750	21.250	4.1654e-04
12.750	21.500	2.8807e-04
12.750	21.750	1.9942e-04
12.750	22.000	1.4123e-04
12.750	22.250	1.0379e-04
12.750	22.500	7.9835e-05
12.750	22.750	6.6173e-05
12.750	23.000	5.1193e-05
12.750	23.250	3.2840e-05
12.750	23.500	1.7449e-05
12.750	23.750	2.3868e-06
12.750	24.000	1.0000e-07
13.000	17.000	7.0831e-04
13.000	17.250	8.6041e-04
13.000	17.500	1.0739e-03
13.000	17.750	1.3995e-03
13.000	18.000	1.8861e-03
13.000	18.250	2.7167e-03
13.000	18.500	4.0825e-03
13.000	18.750	5.5493e-03
13.000	19.000	6.2397e-03
13.000	19.250	5.9256e-03
13.000	19.500	5.0276e-03
13.000	19.750	3.9273e-03
13.000	20.000	2.9176e-03
13.000	20.250	2.1059e-03
13.000	20.500	1.4743e-03
13.000	20.750	1.0198e-03
13.000	21.000	6.9893e-04
13.000	21.250	4.7383e-04
13.000	21.500	3.2206e-04
13.000	21.750	2.2173e-04
13.000	22.000	1.5407e-04
13.000	22.250	1.0947e-04
13.000	22.500	8.1070e-05
13.000	22.750	6.3539e-05
13.000	23.000	5.2346e-05
13.000	23.250	3.8765e-05
13.000	23.500	2.3374e-05
13.000	23.750	1.1358e-05
13.000	24.000	1.0000e-07
13.250	17.000	6.6823e-04
13.250	17.250	8.2420e-04
13.250	17.500	1.0384e-03
13.250	17.750	1.3468e-03
13.250	18.000	1.7973e-03
13.250	18.250	2.4494e-03
13.250	18.500	3.4551e-03
13.250	18.750	4.7121e-03
13.250	19.000	5.6214e-03
13.250	19.250	5.6784e-03
13.250	19.500	5.0418e-03
13.250	19.750	4.1342e-03
13.250	20.000	3.1861e-03
13.250	20.250	2.3530e-03
13.250	20.500	1.7128e-03
13.250	20.750	1.1826e-03
13.250	21.000	8.2263e-04
13.250	21.250	5.5934e-04
13.250	21.500	3.7835e-04
13.250	21.750	2.5720e-04
13.250	22.000	1.7671e-04
13.250	22.250	1.2305e-04
13.250	22.500	8.7984e-05
13.250	22.750	6.5761e-05
13.250	23.000	5.1605e-05
13.250	23.250	4.2140e-05
13.250	23.500	3.0206e-05
13.250	23.750	1.7531e-05
13.250	24.000	7.3251e-06
13.500	17.000	6.2963e-04
13.500	17.250	7.9226e-04
13.500	17.500	1.0142e-03
13.500	17.750	1.3175e-03
13.500	18.000	1.7490e-03
13.500	18.250	2.3429e-03
13.500	18.500	3.1113e-03
13.500	18.750	4.0875e-03
13.500	19.000	4.9887e-03
13.500	19.250	5.3472e-03
13.500	19.500	5.0184e-03
13.500	19.750	4.2897e-03
13.500	20.000	3.4112e-03
13.500	20.250	2.6093e-03
13.500	20.500	1.9339e-03
13.500	20.750	1.3680e-03
13.500	21.000	9.6510e-04
13.500	21.250	6.7185e-04
13.500	21.500	4.5531e-04
13.500	21.750	3.0930e-04
13.500	22.000	2.1111e-04
13.500	22.250	1.4519e-04
13.500	22.500	1.0206e-04
13.500	22.750	7.3086e-05
13.500	23.000	5.4733e-05
13.500	23.250	4.2881e-05
13.500	23.500	3.4897e-05
13.500	23.750	2.4198e-05
13.500	24.000	1.3580e-05
13.750	17.000	5.9407e-04
13.750	17.250	7.6099e-04
13.750	17.500	9.9095e-04
13.750	17.750	1.2979e-03
13.750	18.000	1.7146e-03
13.750	18.250	2.2712e-03
13.750	18.500	2.9579e-03
13.750	18.750	3.7427e-03
13.750	19.000	4.4949e-03
13.750	19.250	4.9835e-03
13.750	19.500	4.9537e-03
13.750	19.750	4.4047e-03
13.750	20.000	3.6309e-03
13.750	20.250	2.8356e-03
13.750	20.500	2.1353e-03
13.750	20.750	1.5850e-03
13.750	21.000	1.1345e-03
13.750	21.250	7.8189e-04
13.750	21.500	5.4198e-04
13.750	21.750	3.7679e-04
13.750	22.000	2.5753e-04
13.750	22.250	1.7663e-04
13.750	22.500	1.2247e-04
13.750	22.750	8.6091e-05
13.750	23.000	6.2387e-05
13.750	23.250	4.6831e-05
13.750	23.500	3.6379e-05
13.750	23.750	2.9300e-05
13.750	24.000	1.9424e-05
14.000	17.000	5.5942e-04
14.000	17.250	7.3053e-04
14.000	17.500	9.6280e-04
14.000	17.750	1.2771e-03
14.000	18.000	1.6876e-03
14.000	18.250	2.2140e-03
14.000	18.500	2.8390e-03
14.000	18.750	3.5316e-03
14.000	19.000	4.1764e-03
14.000	19.250	4.6691e-03
14.000	19.500	4.7779e-03
14.000	19.750	4.4626e-03
14.000	20.000	3.8077e-03
14.000	20.250	3.0544e-03
14.000	20.500	2.3698e-03
14.000	20.750	1.7692e-03
14.000	21.000	1.2892e-03
14.000	21.250	9.0420e-04
14.000	21.500	6.3778e-04
14.000	21.750	4.4823e-04
14.000	22.000	3.1037e-04
14.000	22.250	2.1407e-04
14.000	22.500	1.4856e-04
14.000	22.750	1.0395e-04
14.000	23.000	7.4239e-05
14.000	23.250	5.4074e-05
14.000	23.500	4.0741e-05
14.000	23.750	3.1276e-05
14.000	24.000	2.4856e-05
