O  5 1218.00A  relative to Inci 1215.00A scaled to 1215A.
Hden   Phi(H)  Eq_Width (A)
 7.000	17.000	3.2953e-02
 7.000	17.250	2.2000e-02
 7.000	17.500	1.4537e-02
 7.000	17.750	1.0957e-02
 7.000	18.000	9.3167e-03
 7.000	18.250	7.6188e-03
 7.000	18.500	5.8067e-03
 7.000	18.750	1.1111e-05
 7.000	19.000	1.0000e-07
 7.000	19.250	1.0000e-07
 7.000	19.500	1.0000e-07
 7.000	19.750	1.0000e-07
 7.000	20.000	1.0000e-07
 7.000	20.250	1.0000e-07
 7.000	20.500	1.0000e-07
 7.000	20.750	1.0000e-07
 7.000	21.000	1.0000e-07
 7.000	21.250	1.0000e-07
 7.000	21.500	1.0000e-07
 7.000	21.750	1.0000e-07
 7.000	22.000	1.0000e-07
 7.000	22.250	1.0000e-07
 7.000	22.500	1.0000e-07
 7.000	22.750	1.0000e-07
 7.000	23.000	1.0000e-07
 7.000	23.250	1.0000e-07
 7.000	23.500	1.0000e-07
 7.000	23.750	1.0000e-07
 7.000	24.000	1.0000e-07
 7.250	17.000	4.2856e-02
 7.250	17.250	3.3505e-02
 7.250	17.500	2.2363e-02
 7.250	17.750	1.4834e-02
 7.250	18.000	1.1264e-02
 7.250	18.250	9.6606e-03
 7.250	18.500	7.9350e-03
 7.250	18.750	6.0749e-03
 7.250	19.000	1.0864e-05
 7.250	19.250	1.0000e-07
 7.250	19.500	1.0000e-07
 7.250	19.750	1.0000e-07
 7.250	20.000	1.0000e-07
 7.250	20.250	1.0000e-07
 7.250	20.500	1.0000e-07
 7.250	20.750	1.0000e-07
 7.250	21.000	1.0000e-07
 7.250	21.250	1.0000e-07
 7.250	21.500	1.0000e-07
 7.250	21.750	1.0000e-07
 7.250	22.000	1.0000e-07
 7.250	22.250	1.0000e-07
 7.250	22.500	1.0000e-07
 7.250	22.750	1.0000e-07
 7.250	23.000	1.0000e-07
 7.250	23.250	1.0000e-07
 7.250	23.500	1.0000e-07
 7.250	23.750	1.0000e-07
 7.250	24.000	1.0000e-07
 7.500	17.000	4.6951e-02
 7.500	17.250	4.3593e-02
 7.500	17.500	3.3857e-02
 7.500	17.750	2.2561e-02
 7.500	18.000	1.5022e-02
 7.500	18.250	1.1484e-02
 7.500	18.500	9.9295e-03
 7.500	18.750	8.1882e-03
 7.500	19.000	6.3223e-03
 7.500	19.250	1.0700e-05
 7.500	19.500	1.0000e-07
 7.500	19.750	1.0000e-07
 7.500	20.000	1.0000e-07
 7.500	20.250	1.0000e-07
 7.500	20.500	1.0000e-07
 7.500	20.750	1.0000e-07
 7.500	21.000	1.0000e-07
 7.500	21.250	1.0000e-07
 7.500	21.500	1.0000e-07
 7.500	21.750	1.0000e-07
 7.500	22.000	1.0000e-07
 7.500	22.250	1.0000e-07
 7.500	22.500	1.0000e-07
 7.500	22.750	1.0000e-07
 7.500	23.000	1.0000e-07
 7.500	23.250	1.0000e-07
 7.500	23.500	1.0000e-07
 7.500	23.750	1.0000e-07
 7.500	24.000	1.0000e-07
 7.750	17.000	4.2277e-02
 7.750	17.250	4.7869e-02
 7.750	17.500	4.4082e-02
 7.750	17.750	3.4007e-02
 7.750	18.000	2.2633e-02
 7.750	18.250	1.5116e-02
 7.750	18.500	1.1624e-02
 7.750	18.750	1.0101e-02
 7.750	19.000	8.3734e-03
 7.750	19.250	6.4999e-03
 7.750	19.500	1.0370e-05
 7.750	19.750	1.0000e-07
 7.750	20.000	1.0000e-07
 7.750	20.250	1.0000e-07
 7.750	20.500	1.0000e-07
 7.750	20.750	1.0000e-07
 7.750	21.000	1.0000e-07
 7.750	21.250	1.0000e-07
 7.750	21.500	1.0000e-07
 7.750	21.750	1.0000e-07
 7.750	22.000	1.0000e-07
 7.750	22.250	1.0000e-07
 7.750	22.500	1.0000e-07
 7.750	22.750	1.0000e-07
 7.750	23.000	1.0000e-07
 7.750	23.250	1.0000e-07
 7.750	23.500	1.0000e-07
 7.750	23.750	1.0000e-07
 7.750	24.000	1.0000e-07
 8.000	17.000	3.0197e-02
 8.000	17.250	4.2788e-02
 8.000	17.500	4.8075e-02
 8.000	17.750	4.4035e-02
 8.000	18.000	3.3819e-02
 8.000	18.250	2.2413e-02
 8.000	18.500	1.4969e-02
 8.000	18.750	1.1460e-02
 8.000	19.000	9.8826e-03
 8.000	19.250	8.1071e-03
 8.000	19.500	6.3238e-03
 8.000	19.750	1.0041e-05
 8.000	20.000	1.0000e-07
 8.000	20.250	1.0000e-07
 8.000	20.500	1.0000e-07
 8.000	20.750	1.0000e-07
 8.000	21.000	1.0000e-07
 8.000	21.250	1.0000e-07
 8.000	21.500	1.0000e-07
 8.000	21.750	1.0000e-07
 8.000	22.000	1.0000e-07
 8.000	22.250	1.0000e-07
 8.000	22.500	1.0000e-07
 8.000	22.750	1.0000e-07
 8.000	23.000	1.0000e-07
 8.000	23.250	1.0000e-07
 8.000	23.500	1.0000e-07
 8.000	23.750	1.0000e-07
 8.000	24.000	1.0000e-07
 8.250	17.000	1.7479e-02
 8.250	17.250	3.0798e-02
 8.250	17.500	4.3359e-02
 8.250	17.750	4.8412e-02
 8.250	18.000	4.4089e-02
 8.250	18.250	3.3704e-02
 8.250	18.500	2.2309e-02
 8.250	18.750	1.4888e-02
 8.250	19.000	1.1402e-02
 8.250	19.250	9.8263e-03
 8.250	19.500	8.0450e-03
 8.250	19.750	6.3816e-03
 8.250	20.000	9.7942e-06
 8.250	20.250	1.0000e-07
 8.250	20.500	1.0000e-07
 8.250	20.750	1.0000e-07
 8.250	21.000	1.0000e-07
 8.250	21.250	1.0000e-07
 8.250	21.500	1.0000e-07
 8.250	21.750	1.0000e-07
 8.250	22.000	1.0000e-07
 8.250	22.250	1.0000e-07
 8.250	22.500	1.0000e-07
 8.250	22.750	1.0000e-07
 8.250	23.000	1.0000e-07
 8.250	23.250	1.0000e-07
 8.250	23.500	1.0000e-07
 8.250	23.750	1.0000e-07
 8.250	24.000	1.0000e-07
 8.500	17.000	8.5088e-03
 8.500	17.250	1.7763e-02
 8.500	17.500	3.1152e-02
 8.500	17.750	4.3651e-02
 8.500	18.000	4.8516e-02
 8.500	18.250	4.3979e-02
 8.500	18.500	3.3506e-02
 8.500	18.750	2.2143e-02
 8.500	19.000	1.4745e-02
 8.500	19.250	1.1253e-02
 8.500	19.500	9.6679e-03
 8.500	19.750	7.9109e-03
 8.500	20.000	6.4244e-03
 8.500	20.250	9.3827e-06
 8.500	20.500	1.0000e-07
 8.500	20.750	1.0000e-07
 8.500	21.000	1.0000e-07
 8.500	21.250	1.0000e-07
 8.500	21.500	1.0000e-07
 8.500	21.750	1.0000e-07
 8.500	22.000	1.0000e-07
 8.500	22.250	1.0000e-07
 8.500	22.500	1.0000e-07
 8.500	22.750	1.0000e-07
 8.500	23.000	1.0000e-07
 8.500	23.250	1.0000e-07
 8.500	23.500	1.0000e-07
 8.500	23.750	1.0000e-07
 8.500	24.000	1.0000e-07
 8.750	17.000	3.6585e-03
 8.750	17.250	8.6304e-03
 8.750	17.500	1.7920e-02
 8.750	17.750	3.1283e-02
 8.750	18.000	4.3684e-02
 8.750	18.250	4.8422e-02
 8.750	18.500	4.3726e-02
 8.750	18.750	3.3243e-02
 8.750	19.000	2.1892e-02
 8.750	19.250	1.4506e-02
 8.750	19.500	1.0975e-02
 8.750	19.750	9.3585e-03
 8.750	20.000	7.9174e-03
 8.750	20.250	6.4626e-03
 8.750	20.500	8.9712e-06
 8.750	20.750	1.0000e-07
 8.750	21.000	1.0000e-07
 8.750	21.250	1.0000e-07
 8.750	21.500	1.0000e-07
 8.750	21.750	1.0000e-07
 8.750	22.000	1.0000e-07
 8.750	22.250	1.0000e-07
 8.750	22.500	1.0000e-07
 8.750	22.750	1.0000e-07
 8.750	23.000	1.0000e-07
 8.750	23.250	1.0000e-07
 8.750	23.500	1.0000e-07
 8.750	23.750	1.0000e-07
 8.750	24.000	1.0000e-07
 9.000	17.000	1.3593e-03
 9.000	17.250	3.7271e-03
 9.000	17.500	8.7133e-03
 9.000	17.750	1.7949e-02
 9.000	18.000	3.1206e-02
 9.000	18.250	4.3495e-02
 9.000	18.500	4.8125e-02
 9.000	18.750	4.3395e-02
 9.000	19.000	3.2881e-02
 9.000	19.250	2.1571e-02
 9.000	19.500	1.4126e-02
 9.000	19.750	1.0527e-02
 9.000	20.000	8.8435e-03
 9.000	20.250	7.8830e-03
 9.000	20.500	6.4797e-03
 9.000	20.750	8.6420e-06
 9.000	21.000	1.0000e-07
 9.000	21.250	1.0000e-07
 9.000	21.500	1.0000e-07
 9.000	21.750	1.0000e-07
 9.000	22.000	1.0000e-07
 9.000	22.250	1.0000e-07
 9.000	22.500	1.0000e-07
 9.000	22.750	1.0000e-07
 9.000	23.000	1.0000e-07
 9.000	23.250	1.0000e-07
 9.000	23.500	1.0000e-07
 9.000	23.750	1.0000e-07
 9.000	24.000	1.0000e-07
 9.250	17.000	4.0156e-04
 9.250	17.250	1.3999e-03
 9.250	17.500	3.7933e-03
 9.250	17.750	8.7559e-03
 9.250	18.000	1.7884e-02
 9.250	18.250	3.0953e-02
 9.250	18.500	4.3048e-02
 9.250	18.750	4.7577e-02
 9.250	19.000	4.2803e-02
 9.250	19.250	3.2362e-02
 9.250	19.500	2.1066e-02
 9.250	19.750	1.3535e-02
 9.250	20.000	9.8111e-03
 9.250	20.250	8.0622e-03
 9.250	20.500	7.7779e-03
 9.250	20.750	6.4438e-03
 9.250	21.000	8.2305e-06
 9.250	21.250	1.0000e-07
 9.250	21.500	1.0000e-07
 9.250	21.750	1.0000e-07
 9.250	22.000	1.0000e-07
 9.250	22.250	1.0000e-07
 9.250	22.500	1.0000e-07
 9.250	22.750	1.0000e-07
 9.250	23.000	1.0000e-07
 9.250	23.250	1.0000e-07
 9.250	23.500	1.0000e-07
 9.250	23.750	1.0000e-07
 9.250	24.000	1.0000e-07
 9.500	17.000	8.4609e-05
 9.500	17.250	4.1770e-04
 9.500	17.500	1.4442e-03
 9.500	17.750	3.8533e-03
 9.500	18.000	8.7598e-03
 9.500	18.250	1.7699e-02
 9.500	18.500	3.0466e-02
 9.500	18.750	4.2271e-02
 9.500	19.000	4.6652e-02
 9.500	19.250	4.1873e-02
 9.500	19.500	3.1565e-02
 9.500	19.750	2.0321e-02
 9.500	20.000	1.2668e-02
 9.500	20.250	8.8488e-03
 9.500	20.500	8.3466e-03
 9.500	20.750	7.6566e-03
 9.500	21.000	6.3936e-03
 9.500	21.250	7.8189e-06
 9.500	21.500	1.0000e-07
 9.500	21.750	1.0000e-07
 9.500	22.000	1.0000e-07
 9.500	22.250	1.0000e-07
 9.500	22.500	1.0000e-07
 9.500	22.750	1.0000e-07
 9.500	23.000	1.0000e-07
 9.500	23.250	1.0000e-07
 9.500	23.500	1.0000e-07
 9.500	23.750	1.0000e-07
 9.500	24.000	1.0000e-07
 9.750	17.000	1.1523e-05
 9.750	17.250	8.7654e-05
 9.750	17.500	4.3309e-04
 9.750	17.750	1.4768e-03
 9.750	18.000	3.8706e-03
 9.750	18.250	8.6714e-03
 9.750	18.500	1.7342e-02
 9.750	18.750	2.9659e-02
 9.750	19.000	4.1015e-02
 9.750	19.250	4.5186e-02
 9.750	19.500	4.0502e-02
 9.750	19.750	3.0432e-02
 9.750	20.000	1.9293e-02
 9.750	20.250	1.1572e-02
 9.750	20.500	7.7427e-03
 9.750	20.750	7.8612e-03
 9.750	21.000	7.5563e-03
 9.750	21.250	6.4100e-03
 9.750	21.500	7.4074e-06
 9.750	21.750	1.0000e-07
 9.750	22.000	1.0000e-07
 9.750	22.250	1.0000e-07
 9.750	22.500	1.0000e-07
 9.750	22.750	1.0000e-07
 9.750	23.000	1.0000e-07
 9.750	23.250	1.0000e-07
 9.750	23.500	1.0000e-07
 9.750	23.750	1.0000e-07
 9.750	24.000	1.0000e-07
10.000	17.000	9.0535e-07
10.000	17.250	1.1687e-05
10.000	17.500	8.9877e-05
10.000	17.750	4.3942e-04
10.000	18.000	1.4765e-03
10.000	18.250	3.8086e-03
10.000	18.500	8.4202e-03
10.000	18.750	1.6696e-02
10.000	19.000	2.8384e-02
10.000	19.250	3.9088e-02
10.000	19.500	4.2974e-02
10.000	19.750	3.8531e-02
10.000	20.000	2.8925e-02
10.000	20.250	1.8044e-02
10.000	20.500	1.0325e-02
10.000	20.750	6.6412e-03
10.000	21.000	8.2683e-03
10.000	21.250	7.3417e-03
10.000	21.500	6.5431e-03
10.000	21.750	6.9959e-06
10.000	22.000	1.0000e-07
10.000	22.250	1.0000e-07
10.000	22.500	1.0000e-07
10.000	22.750	1.0000e-07
10.000	23.000	1.0000e-07
10.000	23.250	1.0000e-07
10.000	23.500	1.0000e-07
10.000	23.750	1.0000e-07
10.000	24.000	1.0000e-07
10.250	17.000	1.0000e-07
10.250	17.250	8.2305e-07
10.250	17.500	1.1770e-05
10.250	17.750	8.8971e-05
10.250	18.000	4.2848e-04
10.250	18.250	1.4179e-03
10.250	18.500	3.6143e-03
10.250	18.750	7.9347e-03
10.250	19.000	1.5676e-02
10.250	19.250	2.6484e-02
10.250	19.500	3.6328e-02
10.250	19.750	3.9961e-02
10.250	20.000	3.5988e-02
10.250	20.250	2.7079e-02
10.250	20.500	1.6579e-02
10.250	20.750	9.0188e-03
10.250	21.000	8.1560e-03
10.250	21.250	8.2967e-03
10.250	21.500	7.7201e-03
10.250	21.750	6.9799e-03
10.250	22.000	6.4198e-06
10.250	22.250	1.0000e-07
10.250	22.500	1.0000e-07
10.250	22.750	1.0000e-07
10.250	23.000	1.0000e-07
10.250	23.250	1.0000e-07
10.250	23.500	1.0000e-07
10.250	23.750	1.0000e-07
10.250	24.000	1.0000e-07
10.500	17.000	1.0000e-07
10.500	17.250	1.0000e-07
10.500	17.500	8.2305e-07
10.500	17.750	1.1358e-05
10.500	18.000	8.3539e-05
10.500	18.250	3.9465e-04
10.500	18.500	1.2874e-03
10.500	18.750	3.2576e-03
10.500	19.000	7.1775e-03
10.500	19.250	1.4201e-02
10.500	19.500	2.3861e-02
10.500	19.750	3.2786e-02
10.500	20.000	3.6210e-02
10.500	20.250	3.2891e-02
10.500	20.500	2.4814e-02
10.500	20.750	1.4897e-02
10.500	21.000	7.7788e-03
10.500	21.250	7.2934e-03
10.500	21.500	8.6552e-03
10.500	21.750	8.6714e-03
10.500	22.000	7.6850e-03
10.500	22.250	5.7613e-06
10.500	22.500	1.0000e-07
10.500	22.750	1.0000e-07
10.500	23.000	1.0000e-07
10.500	23.250	1.0000e-07
10.500	23.500	1.0000e-07
10.500	23.750	1.0000e-07
10.500	24.000	1.0000e-07
10.750	17.000	1.0000e-07
10.750	17.250	1.0000e-07
10.750	17.500	1.0000e-07
10.750	17.750	1.0000e-07
10.750	18.000	1.0288e-05
10.750	18.250	7.3498e-05
10.750	18.500	3.3926e-04
10.750	18.750	1.0928e-03
10.750	19.000	2.7655e-03
10.750	19.250	6.1682e-03
10.750	19.500	1.2354e-02
10.750	19.750	2.0816e-02
10.750	20.000	2.8665e-02
10.750	20.250	3.1826e-02
10.750	20.500	2.9221e-02
10.750	20.750	2.2093e-02
10.750	21.000	1.3039e-02
10.750	21.250	6.7630e-03
10.750	21.500	8.6148e-03
10.750	21.750	9.6281e-03
10.750	22.000	9.6890e-03
10.750	22.250	8.1490e-03
10.750	22.500	4.9383e-06
10.750	22.750	1.0000e-07
10.750	23.000	1.0000e-07
10.750	23.250	1.0000e-07
10.750	23.500	1.0000e-07
10.750	23.750	1.0000e-07
10.750	24.000	1.0000e-07
11.000	17.000	1.0000e-07
11.000	17.250	1.0000e-07
11.000	17.500	1.0000e-07
11.000	17.750	1.0000e-07
11.000	18.000	1.0000e-07
11.000	18.250	8.8066e-06
11.000	18.500	6.0329e-05
11.000	18.750	2.7152e-04
11.000	19.000	8.6181e-04
11.000	19.250	2.2044e-03
11.000	19.500	5.0516e-03
11.000	19.750	1.0343e-02
11.000	20.000	1.7557e-02
11.000	20.250	2.4226e-02
11.000	20.500	2.7040e-02
11.000	20.750	2.5114e-02
11.000	21.000	1.8995e-02
11.000	21.250	1.1251e-02
11.000	21.500	8.7178e-03
11.000	21.750	9.5508e-03
11.000	22.000	1.0664e-02
11.000	22.250	9.9078e-03
11.000	22.500	7.9748e-03
11.000	22.750	3.9506e-06
11.000	23.000	1.0000e-07
11.000	23.250	1.0000e-07
11.000	23.500	1.0000e-07
11.000	23.750	1.0000e-07
11.000	24.000	1.0000e-07
11.250	17.000	1.0000e-07
11.250	17.250	1.0000e-07
11.250	17.500	1.0000e-07
11.250	17.750	1.0000e-07
11.250	18.000	1.0000e-07
11.250	18.250	1.0000e-07
11.250	18.500	6.9959e-06
11.250	18.750	4.6420e-05
11.250	19.000	2.0230e-04
11.250	19.250	6.3572e-04
11.250	19.500	1.6691e-03
11.250	19.750	3.9910e-03
11.250	20.000	8.3812e-03
11.250	20.250	1.4325e-02
11.250	20.500	1.9779e-02
11.250	20.750	2.2212e-02
11.250	21.000	2.0967e-02
11.250	21.250	1.5917e-02
11.250	21.500	9.7651e-03
11.250	21.750	9.5365e-03
11.250	22.000	1.0399e-02
11.250	22.250	1.0475e-02
11.250	22.500	8.7837e-03
11.250	22.750	5.9203e-03
11.250	23.000	2.9630e-06
11.250	23.250	1.0000e-07
11.250	23.500	1.0000e-07
11.250	23.750	1.0000e-07
11.250	24.000	1.0000e-07
11.500	17.000	1.0000e-07
11.500	17.250	1.0000e-07
11.500	17.500	1.0000e-07
11.500	17.750	1.0000e-07
11.500	18.000	1.0000e-07
11.500	18.250	1.0000e-07
11.500	18.500	1.0000e-07
11.500	18.750	5.1029e-06
11.500	19.000	3.3416e-05
11.500	19.250	1.4198e-04
11.500	19.500	4.4840e-04
11.500	19.750	1.2297e-03
11.500	20.000	3.0806e-03
11.500	20.250	6.5867e-03
11.500	20.500	1.1319e-02
11.500	20.750	1.5657e-02
11.500	21.000	1.7821e-02
11.500	21.250	1.7175e-02
11.500	21.500	1.3234e-02
11.500	21.750	8.3211e-03
11.500	22.000	9.7719e-03
11.500	22.250	9.6825e-03
11.500	22.500	8.8489e-03
11.500	22.750	6.9638e-03
11.500	23.000	3.4453e-03
11.500	23.250	1.9753e-06
11.500	23.500	1.0000e-07
11.500	23.750	1.0000e-07
11.500	24.000	1.0000e-07
11.750	17.000	1.0000e-07
11.750	17.250	1.0000e-07
11.750	17.500	1.0000e-07
11.750	17.750	1.0000e-07
11.750	18.000	1.0000e-07
11.750	18.250	1.0000e-07
11.750	18.500	1.0000e-07
11.750	18.750	1.0000e-07
11.750	19.000	3.5391e-06
11.750	19.250	2.2963e-05
11.750	19.500	9.6132e-05
11.750	19.750	3.1119e-04
11.750	20.000	8.9868e-04
11.750	20.250	2.3411e-03
11.750	20.500	5.0337e-03
11.750	20.750	8.6835e-03
11.750	21.000	1.2174e-02
11.750	21.250	1.4319e-02
11.750	21.500	1.4070e-02
11.750	21.750	1.0618e-02
11.750	22.000	6.9487e-03
11.750	22.250	8.6174e-03
11.750	22.500	7.8737e-03
11.750	22.750	6.7557e-03
11.750	23.000	5.1878e-03
11.750	23.250	1.9441e-03
11.750	23.500	1.2346e-06
11.750	23.750	1.0000e-07
11.750	24.000	1.0000e-07
12.000	17.000	1.0000e-07
12.000	17.250	1.0000e-07
12.000	17.500	1.0000e-07
12.000	17.750	1.0000e-07
12.000	18.000	1.0000e-07
12.000	18.250	1.0000e-07
12.000	18.500	1.0000e-07
12.000	18.750	1.0000e-07
12.000	19.000	1.0000e-07
12.000	19.250	2.3868e-06
12.000	19.500	1.5309e-05
12.000	19.750	6.4198e-05
12.000	20.000	2.1704e-04
12.000	20.250	6.6099e-04
12.000	20.500	1.7567e-03
12.000	20.750	3.7588e-03
12.000	21.000	6.5588e-03
12.000	21.250	9.5070e-03
12.000	21.500	1.1547e-02
12.000	21.750	1.1155e-02
12.000	22.000	7.8941e-03
12.000	22.250	5.5142e-03
12.000	22.500	6.6204e-03
12.000	22.750	5.7295e-03
12.000	23.000	4.7333e-03
12.000	23.250	3.6851e-03
12.000	23.500	9.0313e-04
12.000	23.750	1.0000e-07
12.000	24.000	1.0000e-07
12.250	17.000	1.0000e-07
12.250	17.250	1.0000e-07
12.250	17.500	1.0000e-07
12.250	17.750	1.0000e-07
12.250	18.000	1.0000e-07
12.250	18.250	1.0000e-07
12.250	18.500	1.0000e-07
12.250	18.750	1.0000e-07
12.250	19.000	1.0000e-07
12.250	19.250	1.0000e-07
12.250	19.500	1.5638e-06
12.250	19.750	1.0123e-05
12.250	20.000	4.3374e-05
12.250	20.250	1.5523e-04
12.250	20.500	4.9012e-04
12.250	20.750	1.3004e-03
12.250	21.000	2.7649e-03
12.250	21.250	4.9801e-03
12.250	21.500	7.4728e-03
12.250	21.750	9.0888e-03
12.250	22.000	8.2053e-03
12.250	22.250	5.3737e-03
12.250	22.500	5.3905e-03
12.250	22.750	4.6053e-03
12.250	23.000	3.8967e-03
12.250	23.250	3.2508e-03
12.250	23.500	2.5848e-03
12.250	23.750	3.7193e-04
12.250	24.000	1.0000e-07
12.500	17.000	1.0000e-07
12.500	17.250	1.0000e-07
12.500	17.500	1.0000e-07
12.500	17.750	1.0000e-07
12.500	18.000	1.0000e-07
12.500	18.250	1.0000e-07
12.500	18.500	1.0000e-07
12.500	18.750	1.0000e-07
12.500	19.000	1.0000e-07
12.500	19.250	1.0000e-07
12.500	19.500	1.0000e-07
12.500	19.750	1.0700e-06
12.500	20.000	6.8313e-06
12.500	20.250	3.0370e-05
12.500	20.500	1.1391e-04
12.500	20.750	3.6453e-04
12.500	21.000	9.4798e-04
12.500	21.250	2.0368e-03
12.500	21.500	3.7989e-03
12.500	21.750	5.7730e-03
12.500	22.000	6.7554e-03
12.500	22.250	5.5723e-03
12.500	22.500	3.4118e-03
12.500	22.750	3.6503e-03
12.500	23.000	3.0491e-03
12.500	23.250	2.6187e-03
12.500	23.500	2.1099e-03
12.500	23.750	1.5875e-03
12.500	24.000	1.4494e-04
12.750	17.000	1.0000e-07
12.750	17.250	1.0000e-07
12.750	17.500	1.0000e-07
12.750	17.750	1.0000e-07
12.750	18.000	1.0000e-07
12.750	18.250	1.0000e-07
12.750	18.500	1.0000e-07
12.750	18.750	1.0000e-07
12.750	19.000	1.0000e-07
12.750	19.250	1.0000e-07
12.750	19.500	1.0000e-07
12.750	19.750	1.0000e-07
12.750	20.000	1.0000e-07
12.750	20.250	4.6914e-06
12.750	20.500	2.1646e-05
12.750	20.750	8.3621e-05
12.750	21.000	2.6337e-04
12.750	21.250	6.8206e-04
12.750	21.500	1.5059e-03
12.750	21.750	2.8648e-03
12.750	22.000	4.2854e-03
12.750	22.250	4.7092e-03
12.750	22.500	3.5286e-03
12.750	22.750	2.0501e-03
12.750	23.000	2.3556e-03
12.750	23.250	2.0031e-03
12.750	23.500	1.6365e-03
12.750	23.750	1.3321e-03
12.750	24.000	1.0214e-03
13.000	17.000	1.0000e-07
13.000	17.250	1.0000e-07
13.000	17.500	1.0000e-07
13.000	17.750	1.0000e-07
13.000	18.000	1.0000e-07
13.000	18.250	1.0000e-07
13.000	18.500	1.0000e-07
13.000	18.750	1.0000e-07
13.000	19.000	1.0000e-07
13.000	19.250	1.0000e-07
13.000	19.500	1.0000e-07
13.000	19.750	1.0000e-07
13.000	20.000	1.0000e-07
13.000	20.250	1.0000e-07
13.000	20.500	3.2099e-06
13.000	20.750	1.5226e-05
13.000	21.000	5.7942e-05
13.000	21.250	1.8329e-04
13.000	21.500	4.8058e-04
13.000	21.750	1.0962e-03
13.000	22.000	2.0900e-03
13.000	22.250	3.0264e-03
13.000	22.500	3.0835e-03
13.000	22.750	2.1197e-03
13.000	23.000	1.1880e-03
13.000	23.250	1.5019e-03
13.000	23.500	1.2391e-03
13.000	23.750	9.9070e-04
13.000	24.000	8.1193e-04
13.250	17.000	1.0000e-07
13.250	17.250	1.0000e-07
13.250	17.500	1.0000e-07
13.250	17.750	1.0000e-07
13.250	18.000	1.0000e-07
13.250	18.250	1.0000e-07
13.250	18.500	1.0000e-07
13.250	18.750	1.0000e-07
13.250	19.000	1.0000e-07
13.250	19.250	1.0000e-07
13.250	19.500	1.0000e-07
13.250	19.750	1.0000e-07
13.250	20.000	1.0000e-07
13.250	20.250	1.0000e-07
13.250	20.500	1.0000e-07
13.250	20.750	1.9753e-06
13.250	21.000	9.7119e-06
13.250	21.250	3.7284e-05
13.250	21.500	1.2049e-04
13.250	21.750	3.2872e-04
13.250	22.000	7.6963e-04
13.250	22.250	1.4574e-03
13.250	22.500	2.0241e-03
13.250	22.750	1.9155e-03
13.250	23.000	1.2294e-03
13.250	23.250	6.8074e-04
13.250	23.500	9.3621e-04
13.250	23.750	7.3333e-04
13.250	24.000	5.7893e-04
13.500	17.000	1.0000e-07
13.500	17.250	1.0000e-07
13.500	17.500	1.0000e-07
13.500	17.750	1.0000e-07
13.500	18.000	1.0000e-07
13.500	18.250	1.0000e-07
13.500	18.500	1.0000e-07
13.500	18.750	1.0000e-07
13.500	19.000	1.0000e-07
13.500	19.250	1.0000e-07
13.500	19.500	1.0000e-07
13.500	19.750	1.0000e-07
13.500	20.000	1.0000e-07
13.500	20.250	1.0000e-07
13.500	20.500	1.0000e-07
13.500	20.750	1.0000e-07
13.500	21.000	1.1523e-06
13.500	21.250	5.9259e-06
13.500	21.500	2.4362e-05
13.500	21.750	8.0247e-05
13.500	22.000	2.2049e-04
13.500	22.250	5.1893e-04
13.500	22.500	9.6650e-04
13.500	22.750	1.2832e-03
13.500	23.000	1.1426e-03
13.500	23.250	7.0412e-04
13.500	23.500	3.9317e-04
13.500	23.750	5.5860e-04
13.500	24.000	4.1646e-04
13.750	17.000	1.0000e-07
13.750	17.250	1.0000e-07
13.750	17.500	1.0000e-07
13.750	17.750	1.0000e-07
13.750	18.000	1.0000e-07
13.750	18.250	1.0000e-07
13.750	18.500	1.0000e-07
13.750	18.750	1.0000e-07
13.750	19.000	1.0000e-07
13.750	19.250	1.0000e-07
13.750	19.500	1.0000e-07
13.750	19.750	1.0000e-07
13.750	20.000	1.0000e-07
13.750	20.250	1.0000e-07
13.750	20.500	1.0000e-07
13.750	20.750	1.0000e-07
13.750	21.000	1.0000e-07
13.750	21.250	1.0000e-07
13.750	21.500	3.9506e-06
13.750	21.750	1.6461e-05
13.750	22.000	5.4156e-05
13.750	22.250	1.4428e-04
13.750	22.500	3.3490e-04
13.750	22.750	6.1811e-04
13.750	23.000	7.8741e-04
13.750	23.250	6.6535e-04
13.750	23.500	3.9761e-04
13.750	23.750	2.2963e-04
13.750	24.000	3.1531e-04
14.000	17.000	1.0000e-07
14.000	17.250	1.0000e-07
14.000	17.500	1.0000e-07
14.000	17.750	1.0000e-07
14.000	18.000	1.0000e-07
14.000	18.250	1.0000e-07
14.000	18.500	1.0000e-07
14.000	18.750	1.0000e-07
14.000	19.000	1.0000e-07
14.000	19.250	1.0000e-07
14.000	19.500	1.0000e-07
14.000	19.750	1.0000e-07
14.000	20.000	1.0000e-07
14.000	20.250	1.0000e-07
14.000	20.500	1.0000e-07
14.000	20.750	1.0000e-07
14.000	21.000	1.0000e-07
14.000	21.250	1.0000e-07
14.000	21.500	1.0000e-07
14.000	21.750	2.8807e-06
14.000	22.000	1.1523e-05
14.000	22.250	3.5062e-05
14.000	22.500	9.1770e-05
14.000	22.750	2.1449e-04
14.000	23.000	3.9202e-04
14.000	23.250	4.8049e-04
14.000	23.500	3.8379e-04
14.000	23.750	2.2173e-04
14.000	24.000	1.3852e-04
