O  4 1405.00A  relative to Inci 1215.00A scaled to 1215A.
Hden   Phi(H)  Eq_Width (A)
 7.000	17.000	3.1497e-03
 7.000	17.250	2.3664e-03
 7.000	17.500	2.1031e-03
 7.000	17.750	2.0368e-03
 7.000	18.000	1.9401e-03
 7.000	18.250	1.7101e-03
 7.000	18.500	8.5646e-04
 7.000	18.750	1.0000e-07
 7.000	19.000	1.0000e-07
 7.000	19.250	1.0000e-07
 7.000	19.500	1.0000e-07
 7.000	19.750	1.0000e-07
 7.000	20.000	1.0000e-07
 7.000	20.250	1.0000e-07
 7.000	20.500	1.0000e-07
 7.000	20.750	1.0000e-07
 7.000	21.000	1.0000e-07
 7.000	21.250	1.0000e-07
 7.000	21.500	1.0000e-07
 7.000	21.750	1.0000e-07
 7.000	22.000	1.0000e-07
 7.000	22.250	1.0000e-07
 7.000	22.500	1.0000e-07
 7.000	22.750	1.0000e-07
 7.000	23.000	1.0000e-07
 7.000	23.250	1.0000e-07
 7.000	23.500	1.0000e-07
 7.000	23.750	1.0000e-07
 7.000	24.000	1.0000e-07
 7.250	17.000	4.7695e-03
 7.250	17.250	3.4036e-03
 7.250	17.500	2.6053e-03
 7.250	17.750	2.3384e-03
 7.250	18.000	2.2784e-03
 7.250	18.250	2.1810e-03
 7.250	18.500	1.9247e-03
 7.250	18.750	8.8724e-04
 7.250	19.000	1.0000e-07
 7.250	19.250	1.0000e-07
 7.250	19.500	1.0000e-07
 7.250	19.750	1.0000e-07
 7.250	20.000	1.0000e-07
 7.250	20.250	1.0000e-07
 7.250	20.500	1.0000e-07
 7.250	20.750	1.0000e-07
 7.250	21.000	1.0000e-07
 7.250	21.250	1.0000e-07
 7.250	21.500	1.0000e-07
 7.250	21.750	1.0000e-07
 7.250	22.000	1.0000e-07
 7.250	22.250	1.0000e-07
 7.250	22.500	1.0000e-07
 7.250	22.750	1.0000e-07
 7.250	23.000	1.0000e-07
 7.250	23.250	1.0000e-07
 7.250	23.500	1.0000e-07
 7.250	23.750	1.0000e-07
 7.250	24.000	1.0000e-07
 7.500	17.000	6.3547e-03
 7.500	17.250	5.0347e-03
 7.500	17.500	3.6472e-03
 7.500	17.750	2.8436e-03
 7.500	18.000	2.5979e-03
 7.500	18.250	2.5333e-03
 7.500	18.500	2.4350e-03
 7.500	18.750	2.1677e-03
 7.500	19.000	9.1893e-04
 7.500	19.250	1.0000e-07
 7.500	19.500	1.0000e-07
 7.500	19.750	1.0000e-07
 7.500	20.000	1.0000e-07
 7.500	20.250	1.0000e-07
 7.500	20.500	1.0000e-07
 7.500	20.750	1.0000e-07
 7.500	21.000	1.0000e-07
 7.500	21.250	1.0000e-07
 7.500	21.500	1.0000e-07
 7.500	21.750	1.0000e-07
 7.500	22.000	1.0000e-07
 7.500	22.250	1.0000e-07
 7.500	22.500	1.0000e-07
 7.500	22.750	1.0000e-07
 7.500	23.000	1.0000e-07
 7.500	23.250	1.0000e-07
 7.500	23.500	1.0000e-07
 7.500	23.750	1.0000e-07
 7.500	24.000	1.0000e-07
 7.750	17.000	7.3733e-03
 7.750	17.250	6.5988e-03
 7.750	17.500	5.2629e-03
 7.750	17.750	3.8660e-03
 7.750	18.000	3.0635e-03
 7.750	18.250	2.8281e-03
 7.750	18.500	2.7799e-03
 7.750	18.750	2.6854e-03
 7.750	19.000	2.4042e-03
 7.750	19.250	9.4790e-04
 7.750	19.500	1.0000e-07
 7.750	19.750	1.0000e-07
 7.750	20.000	1.0000e-07
 7.750	20.250	1.0000e-07
 7.750	20.500	1.0000e-07
 7.750	20.750	1.0000e-07
 7.750	21.000	1.0000e-07
 7.750	21.250	1.0000e-07
 7.750	21.500	1.0000e-07
 7.750	21.750	1.0000e-07
 7.750	22.000	1.0000e-07
 7.750	22.250	1.0000e-07
 7.750	22.500	1.0000e-07
 7.750	22.750	1.0000e-07
 7.750	23.000	1.0000e-07
 7.750	23.250	1.0000e-07
 7.750	23.500	1.0000e-07
 7.750	23.750	1.0000e-07
 7.750	24.000	1.0000e-07
 8.000	17.000	7.5337e-03
 8.000	17.250	7.5381e-03
 8.000	17.500	6.7723e-03
 8.000	17.750	5.4378e-03
 8.000	18.000	4.0366e-03
 8.000	18.250	3.2363e-03
 8.000	18.500	3.0133e-03
 8.000	18.750	2.9939e-03
 8.000	19.000	2.9196e-03
 8.000	19.250	2.6347e-03
 8.000	19.500	9.8214e-04
 8.000	19.750	1.0000e-07
 8.000	20.000	1.0000e-07
 8.000	20.250	1.0000e-07
 8.000	20.500	1.0000e-07
 8.000	20.750	1.0000e-07
 8.000	21.000	1.0000e-07
 8.000	21.250	1.0000e-07
 8.000	21.500	1.0000e-07
 8.000	21.750	1.0000e-07
 8.000	22.000	1.0000e-07
 8.000	22.250	1.0000e-07
 8.000	22.500	1.0000e-07
 8.000	22.750	1.0000e-07
 8.000	23.000	1.0000e-07
 8.000	23.250	1.0000e-07
 8.000	23.500	1.0000e-07
 8.000	23.750	1.0000e-07
 8.000	24.000	1.0000e-07
 8.250	17.000	6.8233e-03
 8.250	17.250	7.6652e-03
 8.250	17.500	7.6593e-03
 8.250	17.750	6.8823e-03
 8.250	18.000	5.5413e-03
 8.250	18.250	4.1463e-03
 8.250	18.500	3.3653e-03
 8.250	18.750	3.1762e-03
 8.250	19.000	3.1670e-03
 8.250	19.250	3.1384e-03
 8.250	19.500	2.8833e-03
 8.250	19.750	1.0123e-03
 8.250	20.000	1.0000e-07
 8.250	20.250	1.0000e-07
 8.250	20.500	1.0000e-07
 8.250	20.750	1.0000e-07
 8.250	21.000	1.0000e-07
 8.250	21.250	1.0000e-07
 8.250	21.500	1.0000e-07
 8.250	21.750	1.0000e-07
 8.250	22.000	1.0000e-07
 8.250	22.250	1.0000e-07
 8.250	22.500	1.0000e-07
 8.250	22.750	1.0000e-07
 8.250	23.000	1.0000e-07
 8.250	23.250	1.0000e-07
 8.250	23.500	1.0000e-07
 8.250	23.750	1.0000e-07
 8.250	24.000	1.0000e-07
 8.500	17.000	5.4591e-03
 8.500	17.250	6.8927e-03
 8.500	17.500	7.7233e-03
 8.500	17.750	7.7002e-03
 8.500	18.000	6.9100e-03
 8.500	18.250	5.5675e-03
 8.500	18.500	4.1907e-03
 8.500	18.750	3.4314e-03
 8.500	19.000	3.2625e-03
 8.500	19.250	3.2934e-03
 8.500	19.500	3.3416e-03
 8.500	19.750	3.1818e-03
 8.500	20.000	1.0530e-03
 8.500	20.250	1.0000e-07
 8.500	20.500	1.0000e-07
 8.500	20.750	1.0000e-07
 8.500	21.000	1.0000e-07
 8.500	21.250	1.0000e-07
 8.500	21.500	1.0000e-07
 8.500	21.750	1.0000e-07
 8.500	22.000	1.0000e-07
 8.500	22.250	1.0000e-07
 8.500	22.500	1.0000e-07
 8.500	22.750	1.0000e-07
 8.500	23.000	1.0000e-07
 8.500	23.250	1.0000e-07
 8.500	23.500	1.0000e-07
 8.500	23.750	1.0000e-07
 8.500	24.000	1.0000e-07
 8.750	17.000	3.8771e-03
 8.750	17.250	5.4836e-03
 8.750	17.500	6.8975e-03
 8.750	17.750	7.7038e-03
 8.750	18.000	7.6577e-03
 8.750	18.250	6.8559e-03
 8.750	18.500	5.5151e-03
 8.750	18.750	4.1494e-03
 8.750	19.000	3.4074e-03
 8.750	19.250	3.2520e-03
 8.750	19.500	3.3695e-03
 8.750	19.750	3.5286e-03
 8.750	20.000	3.5560e-03
 8.750	20.250	1.1072e-03
 8.750	20.500	1.0000e-07
 8.750	20.750	1.0000e-07
 8.750	21.000	1.0000e-07
 8.750	21.250	1.0000e-07
 8.750	21.500	1.0000e-07
 8.750	21.750	1.0000e-07
 8.750	22.000	1.0000e-07
 8.750	22.250	1.0000e-07
 8.750	22.500	1.0000e-07
 8.750	22.750	1.0000e-07
 8.750	23.000	1.0000e-07
 8.750	23.250	1.0000e-07
 8.750	23.500	1.0000e-07
 8.750	23.750	1.0000e-07
 8.750	24.000	1.0000e-07
 9.000	17.000	2.3700e-03
 9.000	17.250	3.8826e-03
 9.000	17.500	5.4589e-03
 9.000	17.750	6.8272e-03
 9.000	18.000	7.5937e-03
 9.000	18.250	7.5227e-03
 9.000	18.500	6.7064e-03
 9.000	18.750	5.3530e-03
 9.000	19.000	3.9774e-03
 9.000	19.250	3.2700e-03
 9.000	19.500	3.1853e-03
 9.000	19.750	3.4491e-03
 9.000	20.000	3.7644e-03
 9.000	20.250	4.0328e-03
 9.000	20.500	1.1862e-03
 9.000	20.750	1.0000e-07
 9.000	21.000	1.0000e-07
 9.000	21.250	1.0000e-07
 9.000	21.500	1.0000e-07
 9.000	21.750	1.0000e-07
 9.000	22.000	1.0000e-07
 9.000	22.250	1.0000e-07
 9.000	22.500	1.0000e-07
 9.000	22.750	1.0000e-07
 9.000	23.000	1.0000e-07
 9.000	23.250	1.0000e-07
 9.000	23.500	1.0000e-07
 9.000	23.750	1.0000e-07
 9.000	24.000	1.0000e-07
 9.250	17.000	1.1584e-03
 9.250	17.250	2.3667e-03
 9.250	17.500	3.8486e-03
 9.250	17.750	5.3634e-03
 9.250	18.000	6.6598e-03
 9.250	18.250	7.3731e-03
 9.250	18.500	7.2728e-03
 9.250	18.750	6.4167e-03
 9.250	19.000	5.0360e-03
 9.250	19.250	3.6938e-03
 9.250	19.500	3.0820e-03
 9.250	19.750	3.1506e-03
 9.250	20.000	3.6155e-03
 9.250	20.250	4.1569e-03
 9.250	20.500	4.6951e-03
 9.250	20.750	1.2813e-03
 9.250	21.000	1.0000e-07
 9.250	21.250	1.0000e-07
 9.250	21.500	1.0000e-07
 9.250	21.750	1.0000e-07
 9.250	22.000	1.0000e-07
 9.250	22.250	1.0000e-07
 9.250	22.500	1.0000e-07
 9.250	22.750	1.0000e-07
 9.250	23.000	1.0000e-07
 9.250	23.250	1.0000e-07
 9.250	23.500	1.0000e-07
 9.250	23.750	1.0000e-07
 9.250	24.000	1.0000e-07
 9.500	17.000	4.0642e-04
 9.500	17.250	1.1461e-03
 9.500	17.500	2.3303e-03
 9.500	17.750	3.7476e-03
 9.500	18.000	5.1613e-03
 9.500	18.250	6.3554e-03
 9.500	18.500	6.9978e-03
 9.500	18.750	6.8390e-03
 9.500	19.000	5.9444e-03
 9.500	19.250	4.6114e-03
 9.500	19.500	3.4060e-03
 9.500	19.750	2.9481e-03
 9.500	20.000	3.2228e-03
 9.500	20.250	3.9159e-03
 9.500	20.500	4.6750e-03
 9.500	20.750	5.4373e-03
 9.500	21.000	1.3741e-03
 9.500	21.250	1.0000e-07
 9.500	21.500	1.0000e-07
 9.500	21.750	1.0000e-07
 9.500	22.000	1.0000e-07
 9.500	22.250	1.0000e-07
 9.500	22.500	1.0000e-07
 9.500	22.750	1.0000e-07
 9.500	23.000	1.0000e-07
 9.500	23.250	1.0000e-07
 9.500	23.500	1.0000e-07
 9.500	23.750	1.0000e-07
 9.500	24.000	1.0000e-07
 9.750	17.000	9.0864e-05
 9.750	17.250	3.9119e-04
 9.750	17.500	1.1053e-03
 9.750	17.750	2.2226e-03
 9.750	18.000	3.5235e-03
 9.750	18.250	4.7981e-03
 9.750	18.500	5.8612e-03
 9.750	18.750	6.3970e-03
 9.750	19.000	6.1884e-03
 9.750	19.250	5.3472e-03
 9.750	19.500	4.1724e-03
 9.750	19.750	3.1633e-03
 9.750	20.000	2.9032e-03
 9.750	20.250	3.3814e-03
 9.750	20.500	4.2673e-03
 9.750	20.750	5.2225e-03
 9.750	21.000	6.2063e-03
 9.750	21.250	1.5039e-03
 9.750	21.500	1.0000e-07
 9.750	21.750	1.0000e-07
 9.750	22.000	1.0000e-07
 9.750	22.250	1.0000e-07
 9.750	22.500	1.0000e-07
 9.750	22.750	1.0000e-07
 9.750	23.000	1.0000e-07
 9.750	23.250	1.0000e-07
 9.750	23.500	1.0000e-07
 9.750	23.750	1.0000e-07
 9.750	24.000	1.0000e-07
10.000	17.000	1.0947e-05
10.000	17.250	8.3704e-05
10.000	17.500	3.6255e-04
10.000	17.750	1.0135e-03
10.000	18.000	2.0100e-03
10.000	18.250	3.1447e-03
10.000	18.500	4.2385e-03
10.000	18.750	5.1278e-03
10.000	19.000	5.5588e-03
10.000	19.250	5.3882e-03
10.000	19.500	4.7058e-03
10.000	19.750	3.7659e-03
10.000	20.000	2.9780e-03
10.000	20.250	2.9026e-03
10.000	20.500	3.5423e-03
10.000	20.750	4.5811e-03
10.000	21.000	5.6597e-03
10.000	21.250	6.8633e-03
10.000	21.500	1.6196e-03
10.000	21.750	1.0000e-07
10.000	22.000	1.0000e-07
10.000	22.250	1.0000e-07
10.000	22.500	1.0000e-07
10.000	22.750	1.0000e-07
10.000	23.000	1.0000e-07
10.000	23.250	1.0000e-07
10.000	23.500	1.0000e-07
10.000	23.750	1.0000e-07
10.000	24.000	1.0000e-07
10.250	17.000	1.0000e-07
10.250	17.250	9.1358e-06
10.250	17.500	7.3745e-05
10.250	17.750	3.1506e-04
10.250	18.000	8.6749e-04
10.250	18.250	1.6960e-03
10.250	18.500	2.6232e-03
10.250	18.750	3.5023e-03
10.250	19.000	4.2258e-03
10.250	19.250	4.6122e-03
10.250	19.500	4.5547e-03
10.250	19.750	4.0991e-03
10.250	20.000	3.3965e-03
10.250	20.250	2.8169e-03
10.250	20.500	2.8906e-03
10.250	20.750	3.6392e-03
10.250	21.000	4.7372e-03
10.250	21.250	5.8480e-03
10.250	21.500	7.0152e-03
10.250	21.750	1.5180e-03
10.250	22.000	1.0000e-07
10.250	22.250	1.0000e-07
10.250	22.500	1.0000e-07
10.250	22.750	1.0000e-07
10.250	23.000	1.0000e-07
10.250	23.250	1.0000e-07
10.250	23.500	1.0000e-07
10.250	23.750	1.0000e-07
10.250	24.000	1.0000e-07
10.500	17.000	1.0000e-07
10.500	17.250	1.0000e-07
10.500	17.500	7.7366e-06
10.500	17.750	6.1070e-05
10.500	18.000	2.5514e-04
10.500	18.250	6.9012e-04
10.500	18.500	1.3279e-03
10.500	18.750	2.0314e-03
10.500	19.000	2.7186e-03
10.500	19.250	3.3212e-03
10.500	19.500	3.7151e-03
10.500	19.750	3.7886e-03
10.500	20.000	3.5342e-03
10.500	20.250	3.0420e-03
10.500	20.500	2.6449e-03
10.500	20.750	2.8178e-03
10.500	21.000	3.6051e-03
10.500	21.250	4.6933e-03
10.500	21.500	5.6351e-03
10.500	21.750	6.5735e-03
10.500	22.000	1.1718e-03
10.500	22.250	1.0000e-07
10.500	22.500	1.0000e-07
10.500	22.750	1.0000e-07
10.500	23.000	1.0000e-07
10.500	23.250	1.0000e-07
10.500	23.500	1.0000e-07
10.500	23.750	1.0000e-07
10.500	24.000	1.0000e-07
10.750	17.000	1.0000e-07
10.750	17.250	1.0000e-07
10.750	17.500	1.0000e-07
10.750	17.750	6.4198e-06
10.750	18.000	4.7819e-05
10.750	18.250	1.9490e-04
10.750	18.500	5.1374e-04
10.750	18.750	9.7160e-04
10.750	19.000	1.4838e-03
10.750	19.250	2.0216e-03
10.750	19.500	2.5440e-03
10.750	19.750	2.9492e-03
10.750	20.000	3.1229e-03
10.750	20.250	3.0173e-03
10.750	20.500	2.6905e-03
10.750	20.750	2.4244e-03
10.750	21.000	2.6458e-03
10.750	21.250	3.4053e-03
10.750	21.500	4.2805e-03
10.750	21.750	4.8704e-03
10.750	22.000	5.6357e-03
10.750	22.250	6.6214e-04
10.750	22.500	1.0000e-07
10.750	22.750	1.0000e-07
10.750	23.000	1.0000e-07
10.750	23.250	1.0000e-07
10.750	23.500	1.0000e-07
10.750	23.750	1.0000e-07
10.750	24.000	1.0000e-07
11.000	17.000	1.0000e-07
11.000	17.250	1.0000e-07
11.000	17.500	1.0000e-07
11.000	17.750	1.0000e-07
11.000	18.000	5.2675e-06
11.000	18.250	3.6132e-05
11.000	18.500	1.4140e-04
11.000	18.750	3.6222e-04
11.000	19.000	6.7432e-04
11.000	19.250	1.0435e-03
11.000	19.500	1.4747e-03
11.000	19.750	1.9390e-03
11.000	20.000	2.3356e-03
11.000	20.250	2.5587e-03
11.000	20.500	2.5455e-03
11.000	20.750	2.3276e-03
11.000	21.000	2.1330e-03
11.000	21.250	2.3449e-03
11.000	21.500	2.9343e-03
11.000	21.750	3.5170e-03
11.000	22.000	3.8402e-03
11.000	22.250	4.4424e-03
11.000	22.500	9.3498e-05
11.000	22.750	1.0000e-07
11.000	23.000	1.0000e-07
11.000	23.250	1.0000e-07
11.000	23.500	1.0000e-07
11.000	23.750	1.0000e-07
11.000	24.000	1.0000e-07
11.250	17.000	1.0000e-07
11.250	17.250	1.0000e-07
11.250	17.500	1.0000e-07
11.250	17.750	1.0000e-07
11.250	18.000	1.0000e-07
11.250	18.250	4.1152e-06
11.250	18.500	2.5926e-05
11.250	18.750	9.7942e-05
11.250	19.000	2.4337e-04
11.250	19.250	4.5062e-04
11.250	19.500	7.2412e-04
11.250	19.750	1.0788e-03
11.250	20.000	1.4790e-03
11.250	20.250	1.8390e-03
11.250	20.500	2.0684e-03
11.250	20.750	2.1001e-03
11.250	21.000	1.9272e-03
11.250	21.250	1.7443e-03
11.250	21.500	1.9080e-03
11.250	21.750	2.3096e-03
11.250	22.000	2.6297e-03
11.250	22.250	2.8333e-03
11.250	22.500	3.1566e-03
11.250	22.750	2.1728e-05
11.250	23.000	1.0000e-07
11.250	23.250	1.0000e-07
11.250	23.500	1.0000e-07
11.250	23.750	1.0000e-07
11.250	24.000	1.0000e-07
11.500	17.000	1.0000e-07
11.500	17.250	1.0000e-07
11.500	17.500	1.0000e-07
11.500	17.750	1.0000e-07
11.500	18.000	1.0000e-07
11.500	18.250	1.0000e-07
11.500	18.500	2.8807e-06
11.500	18.750	1.7531e-05
11.500	19.000	6.4444e-05
11.500	19.250	1.5811e-04
11.500	19.500	2.9942e-04
11.500	19.750	5.0502e-04
11.500	20.000	7.9053e-04
11.500	20.250	1.1197e-03
11.500	20.500	1.4229e-03
11.500	20.750	1.6243e-03
11.500	21.000	1.6469e-03
11.500	21.250	1.4653e-03
11.500	21.500	1.2846e-03
11.500	21.750	1.4243e-03
11.500	22.000	1.6645e-03
11.500	22.250	1.8625e-03
11.500	22.500	2.0315e-03
11.500	22.750	2.1418e-03
11.500	23.000	7.4074e-06
11.500	23.250	1.0000e-07
11.500	23.500	1.0000e-07
11.500	23.750	1.0000e-07
11.500	24.000	1.0000e-07
11.750	17.000	1.0000e-07
11.750	17.250	1.0000e-07
11.750	17.500	1.0000e-07
11.750	17.750	1.0000e-07
11.750	18.000	1.0000e-07
11.750	18.250	1.0000e-07
11.750	18.500	1.0000e-07
11.750	18.750	1.8107e-06
11.750	19.000	1.1193e-05
11.750	19.250	4.1811e-05
11.750	19.500	1.0263e-04
11.750	19.750	2.0008e-04
11.750	20.000	3.5481e-04
11.750	20.250	5.7794e-04
11.750	20.500	8.3424e-04
11.750	20.750	1.0743e-03
11.750	21.000	1.2314e-03
11.750	21.250	1.2095e-03
11.750	21.500	1.0050e-03
11.750	21.750	8.9901e-04
11.750	22.000	1.0167e-03
11.750	22.250	1.1523e-03
11.750	22.500	1.3553e-03
11.750	22.750	1.5654e-03
11.750	23.000	1.4021e-03
11.750	23.250	2.4691e-06
11.750	23.500	1.0000e-07
11.750	23.750	1.0000e-07
11.750	24.000	1.0000e-07
12.000	17.000	1.0000e-07
12.000	17.250	1.0000e-07
12.000	17.500	1.0000e-07
12.000	17.750	1.0000e-07
12.000	18.000	1.0000e-07
12.000	18.250	1.0000e-07
12.000	18.500	1.0000e-07
12.000	18.750	1.0000e-07
12.000	19.000	1.1523e-06
12.000	19.250	7.2428e-06
12.000	19.500	2.6996e-05
12.000	19.750	6.6667e-05
12.000	20.000	1.3564e-04
12.000	20.250	2.5235e-04
12.000	20.500	4.2066e-04
12.000	20.750	6.1226e-04
12.000	21.000	7.9226e-04
12.000	21.250	8.9490e-04
12.000	21.500	8.2617e-04
12.000	21.750	6.5679e-04
12.000	22.000	6.2206e-04
12.000	22.250	6.9572e-04
12.000	22.500	8.4016e-04
12.000	22.750	1.0854e-03
12.000	23.000	1.2358e-03
12.000	23.250	9.2428e-04
12.000	23.500	1.0000e-07
12.000	23.750	1.0000e-07
12.000	24.000	1.0000e-07
12.250	17.000	1.0000e-07
12.250	17.250	1.0000e-07
12.250	17.500	1.0000e-07
12.250	17.750	1.0000e-07
12.250	18.000	1.0000e-07
12.250	18.250	1.0000e-07
12.250	18.500	1.0000e-07
12.250	18.750	1.0000e-07
12.250	19.000	1.0000e-07
12.250	19.250	1.0000e-07
12.250	19.500	4.6914e-06
12.250	19.750	1.7531e-05
12.250	20.000	4.4115e-05
12.250	20.250	9.4156e-05
12.250	20.500	1.8091e-04
12.250	20.750	3.0354e-04
12.250	21.000	4.4527e-04
12.250	21.250	5.8148e-04
12.250	21.500	6.3251e-04
12.250	21.750	5.4848e-04
12.250	22.000	4.4230e-04
12.250	22.250	4.2099e-04
12.250	22.500	5.0008e-04
12.250	22.750	6.6996e-04
12.250	23.000	8.8609e-04
12.250	23.250	1.0030e-03
12.250	23.500	5.8675e-04
12.250	23.750	1.0000e-07
12.250	24.000	1.0000e-07
12.500	17.000	1.0000e-07
12.500	17.250	1.0000e-07
12.500	17.500	1.0000e-07
12.500	17.750	1.0000e-07
12.500	18.000	1.0000e-07
12.500	18.250	1.0000e-07
12.500	18.500	1.0000e-07
12.500	18.750	1.0000e-07
12.500	19.000	1.0000e-07
12.500	19.250	1.0000e-07
12.500	19.500	1.0000e-07
12.500	19.750	3.1276e-06
12.500	20.000	1.1605e-05
12.500	20.250	3.0041e-05
12.500	20.500	6.6749e-05
12.500	20.750	1.3062e-04
12.500	21.000	2.2058e-04
12.500	21.250	3.2757e-04
12.500	21.500	4.2156e-04
12.500	21.750	4.4165e-04
12.500	22.000	3.6864e-04
12.500	22.250	2.9868e-04
12.500	22.500	2.9473e-04
12.500	22.750	3.8247e-04
12.500	23.000	5.4173e-04
12.500	23.250	7.2387e-04
12.500	23.500	8.1794e-04
12.500	23.750	3.5399e-04
12.500	24.000	1.0000e-07
12.750	17.000	1.0000e-07
12.750	17.250	1.0000e-07
12.750	17.500	1.0000e-07
12.750	17.750	1.0000e-07
12.750	18.000	1.0000e-07
12.750	18.250	1.0000e-07
12.750	18.500	1.0000e-07
12.750	18.750	1.0000e-07
12.750	19.000	1.0000e-07
12.750	19.250	1.0000e-07
12.750	19.500	1.0000e-07
12.750	19.750	1.0000e-07
12.750	20.000	2.0576e-06
12.750	20.250	7.7366e-06
12.750	20.500	2.0823e-05
12.750	20.750	4.7572e-05
12.750	21.000	9.3745e-05
12.750	21.250	1.6058e-04
12.750	21.500	2.3852e-04
12.750	21.750	3.0173e-04
12.750	22.000	3.0412e-04
12.750	22.250	2.4889e-04
12.750	22.500	2.0255e-04
12.750	22.750	2.1588e-04
12.750	23.000	3.0296e-04
12.750	23.250	4.4519e-04
12.750	23.500	5.8173e-04
12.750	23.750	6.7704e-04
12.750	24.000	1.8049e-04
13.000	17.000	1.0000e-07
13.000	17.250	1.0000e-07
13.000	17.500	1.0000e-07
13.000	17.750	1.0000e-07
13.000	18.000	1.0000e-07
13.000	18.250	1.0000e-07
13.000	18.500	1.0000e-07
13.000	18.750	1.0000e-07
13.000	19.000	1.0000e-07
13.000	19.250	1.0000e-07
13.000	19.500	1.0000e-07
13.000	19.750	1.0000e-07
13.000	20.000	1.0000e-07
13.000	20.250	1.3169e-06
13.000	20.500	5.1852e-06
13.000	20.750	1.4403e-05
13.000	21.000	3.3004e-05
13.000	21.250	6.5844e-05
13.000	21.500	1.1259e-04
13.000	21.750	1.6790e-04
13.000	22.000	2.1045e-04
13.000	22.250	2.0733e-04
13.000	22.500	1.6683e-04
13.000	22.750	1.3959e-04
13.000	23.000	1.6222e-04
13.000	23.250	2.3942e-04
13.000	23.500	3.6321e-04
13.000	23.750	4.6584e-04
13.000	24.000	5.2979e-04
13.250	17.000	1.0000e-07
13.250	17.250	1.0000e-07
13.250	17.500	1.0000e-07
13.250	17.750	1.0000e-07
13.250	18.000	1.0000e-07
13.250	18.250	1.0000e-07
13.250	18.500	1.0000e-07
13.250	18.750	1.0000e-07
13.250	19.000	1.0000e-07
13.250	19.250	1.0000e-07
13.250	19.500	1.0000e-07
13.250	19.750	1.0000e-07
13.250	20.000	1.0000e-07
13.250	20.250	1.0000e-07
13.250	20.500	1.0000e-07
13.250	20.750	3.1276e-06
13.250	21.000	9.1358e-06
13.250	21.250	2.0905e-05
13.250	21.500	4.2387e-05
13.250	21.750	7.4733e-05
13.250	22.000	1.1498e-04
13.250	22.250	1.4370e-04
13.250	22.500	1.3918e-04
13.250	22.750	1.1193e-04
13.250	23.000	9.7860e-05
13.250	23.250	1.2296e-04
13.250	23.500	1.9103e-04
13.250	23.750	2.9679e-04
13.250	24.000	3.7062e-04
13.500	17.000	1.0000e-07
13.500	17.250	1.0000e-07
13.500	17.500	1.0000e-07
13.500	17.750	1.0000e-07
13.500	18.000	1.0000e-07
13.500	18.250	1.0000e-07
13.500	18.500	1.0000e-07
13.500	18.750	1.0000e-07
13.500	19.000	1.0000e-07
13.500	19.250	1.0000e-07
13.500	19.500	1.0000e-07
13.500	19.750	1.0000e-07
13.500	20.000	1.0000e-07
13.500	20.250	1.0000e-07
13.500	20.500	1.0000e-07
13.500	20.750	1.0000e-07
13.500	21.000	1.8107e-06
13.500	21.250	5.3498e-06
13.500	21.500	1.3086e-05
13.500	21.750	2.7078e-05
13.500	22.000	4.8724e-05
13.500	22.250	7.6626e-05
13.500	22.500	9.7119e-05
13.500	22.750	9.4815e-05
13.500	23.000	7.6626e-05
13.500	23.250	7.0700e-05
13.500	23.500	9.3251e-05
13.500	23.750	1.5210e-04
13.500	24.000	2.3934e-04
13.750	17.000	1.0000e-07
13.750	17.250	1.0000e-07
13.750	17.500	1.0000e-07
13.750	17.750	1.0000e-07
13.750	18.000	1.0000e-07
13.750	18.250	1.0000e-07
13.750	18.500	1.0000e-07
13.750	18.750	1.0000e-07
13.750	19.000	1.0000e-07
13.750	19.250	1.0000e-07
13.750	19.500	1.0000e-07
13.750	19.750	1.0000e-07
13.750	20.000	1.0000e-07
13.750	20.250	1.0000e-07
13.750	20.500	1.0000e-07
13.750	20.750	1.0000e-07
13.750	21.000	1.0000e-07
13.750	21.250	1.0700e-06
13.750	21.500	3.2922e-06
13.750	21.750	8.2305e-06
13.750	22.000	1.7202e-05
13.750	22.250	3.1440e-05
13.750	22.500	5.0370e-05
13.750	22.750	6.6831e-05
13.750	23.000	6.4691e-05
13.750	23.250	5.3745e-05
13.750	23.500	5.1770e-05
13.750	23.750	6.9959e-05
13.750	24.000	1.2395e-04
14.000	17.000	1.0000e-07
14.000	17.250	1.0000e-07
14.000	17.500	1.0000e-07
14.000	17.750	1.0000e-07
14.000	18.000	1.0000e-07
14.000	18.250	1.0000e-07
14.000	18.500	1.0000e-07
14.000	18.750	1.0000e-07
14.000	19.000	1.0000e-07
14.000	19.250	1.0000e-07
14.000	19.500	1.0000e-07
14.000	19.750	1.0000e-07
14.000	20.000	1.0000e-07
14.000	20.250	1.0000e-07
14.000	20.500	1.0000e-07
14.000	20.750	1.0000e-07
14.000	21.000	1.0000e-07
14.000	21.250	1.0000e-07
14.000	21.500	1.0000e-07
14.000	21.750	2.2222e-06
14.000	22.000	5.3498e-06
14.000	22.250	1.0864e-05
14.000	22.500	2.0082e-05
14.000	22.750	3.3745e-05
14.000	23.000	4.4609e-05
14.000	23.250	4.4362e-05
14.000	23.500	3.8436e-05
14.000	23.750	3.9588e-05
14.000	24.000	5.9753e-05
