Inwd 1531.00A  relative to Inci 1215.00A scaled to 1215A.
Hden   Phi(H)  Eq_Width (A)
 7.000	17.000	2.7198e-03
 7.000	17.250	2.5661e-03
 7.000	17.500	2.2900e-03
 7.000	17.750	1.8681e-03
 7.000	18.000	1.2337e-03
 7.000	18.250	4.3720e-04
 7.000	18.500	1.0000e-07
 7.000	18.750	1.0000e-07
 7.000	19.000	1.0000e-07
 7.000	19.250	1.0000e-07
 7.000	19.500	1.0000e-07
 7.000	19.750	1.0000e-07
 7.000	20.000	1.0000e-07
 7.000	20.250	1.0000e-07
 7.000	20.500	1.0000e-07
 7.000	20.750	1.0000e-07
 7.000	21.000	1.0000e-07
 7.000	21.250	1.0000e-07
 7.000	21.500	1.0000e-07
 7.000	21.750	1.0000e-07
 7.000	22.000	1.0000e-07
 7.000	22.250	1.0000e-07
 7.000	22.500	1.0000e-07
 7.000	22.750	1.0000e-07
 7.000	23.000	1.0000e-07
 7.000	23.250	1.0000e-07
 7.000	23.500	1.0000e-07
 7.000	23.750	1.0000e-07
 7.000	24.000	1.0000e-07
 7.250	17.000	2.8426e-03
 7.250	17.250	2.7583e-03
 7.250	17.500	2.5982e-03
 7.250	17.750	2.3341e-03
 7.250	18.000	1.8991e-03
 7.250	18.250	1.2373e-03
 7.250	18.500	4.1317e-04
 7.250	18.750	1.0000e-07
 7.250	19.000	1.0000e-07
 7.250	19.250	1.0000e-07
 7.250	19.500	1.0000e-07
 7.250	19.750	1.0000e-07
 7.250	20.000	1.0000e-07
 7.250	20.250	1.0000e-07
 7.250	20.500	1.0000e-07
 7.250	20.750	1.0000e-07
 7.250	21.000	1.0000e-07
 7.250	21.250	1.0000e-07
 7.250	21.500	1.0000e-07
 7.250	21.750	1.0000e-07
 7.250	22.000	1.0000e-07
 7.250	22.250	1.0000e-07
 7.250	22.500	1.0000e-07
 7.250	22.750	1.0000e-07
 7.250	23.000	1.0000e-07
 7.250	23.250	1.0000e-07
 7.250	23.500	1.0000e-07
 7.250	23.750	1.0000e-07
 7.250	24.000	1.0000e-07
 7.500	17.000	2.9299e-03
 7.500	17.250	2.8854e-03
 7.500	17.500	2.8228e-03
 7.500	17.750	2.6782e-03
 7.500	18.000	2.4053e-03
 7.500	18.250	1.9528e-03
 7.500	18.500	1.2900e-03
 7.500	18.750	3.8403e-04
 7.500	19.000	1.0000e-07
 7.500	19.250	1.0000e-07
 7.500	19.500	1.0000e-07
 7.500	19.750	1.0000e-07
 7.500	20.000	1.0000e-07
 7.500	20.250	1.0000e-07
 7.500	20.500	1.0000e-07
 7.500	20.750	1.0000e-07
 7.500	21.000	1.0000e-07
 7.500	21.250	1.0000e-07
 7.500	21.500	1.0000e-07
 7.500	21.750	1.0000e-07
 7.500	22.000	1.0000e-07
 7.500	22.250	1.0000e-07
 7.500	22.500	1.0000e-07
 7.500	22.750	1.0000e-07
 7.500	23.000	1.0000e-07
 7.500	23.250	1.0000e-07
 7.500	23.500	1.0000e-07
 7.500	23.750	1.0000e-07
 7.500	24.000	1.0000e-07
 7.750	17.000	3.0029e-03
 7.750	17.250	2.9699e-03
 7.750	17.500	2.9542e-03
 7.750	17.750	2.9233e-03
 7.750	18.000	2.8130e-03
 7.750	18.250	2.5353e-03
 7.750	18.500	2.0356e-03
 7.750	18.750	1.3123e-03
 7.750	19.000	3.4255e-04
 7.750	19.250	1.0000e-07
 7.750	19.500	1.0000e-07
 7.750	19.750	1.0000e-07
 7.750	20.000	1.0000e-07
 7.750	20.250	1.0000e-07
 7.750	20.500	1.0000e-07
 7.750	20.750	1.0000e-07
 7.750	21.000	1.0000e-07
 7.750	21.250	1.0000e-07
 7.750	21.500	1.0000e-07
 7.750	21.750	1.0000e-07
 7.750	22.000	1.0000e-07
 7.750	22.250	1.0000e-07
 7.750	22.500	1.0000e-07
 7.750	22.750	1.0000e-07
 7.750	23.000	1.0000e-07
 7.750	23.250	1.0000e-07
 7.750	23.500	1.0000e-07
 7.750	23.750	1.0000e-07
 7.750	24.000	1.0000e-07
 8.000	17.000	3.0806e-03
 8.000	17.250	3.0418e-03
 8.000	17.500	3.0354e-03
 8.000	17.750	3.0742e-03
 8.000	18.000	3.1132e-03
 8.000	18.250	3.0346e-03
 8.000	18.500	2.7250e-03
 8.000	18.750	2.1848e-03
 8.000	19.000	1.3265e-03
 8.000	19.250	3.0551e-04
 8.000	19.500	1.0000e-07
 8.000	19.750	1.0000e-07
 8.000	20.000	1.0000e-07
 8.000	20.250	1.0000e-07
 8.000	20.500	1.0000e-07
 8.000	20.750	1.0000e-07
 8.000	21.000	1.0000e-07
 8.000	21.250	1.0000e-07
 8.000	21.500	1.0000e-07
 8.000	21.750	1.0000e-07
 8.000	22.000	1.0000e-07
 8.000	22.250	1.0000e-07
 8.000	22.500	1.0000e-07
 8.000	22.750	1.0000e-07
 8.000	23.000	1.0000e-07
 8.000	23.250	1.0000e-07
 8.000	23.500	1.0000e-07
 8.000	23.750	1.0000e-07
 8.000	24.000	1.0000e-07
 8.250	17.000	3.1727e-03
 8.250	17.250	3.1190e-03
 8.250	17.500	3.1020e-03
 8.250	17.750	3.1463e-03
 8.250	18.000	3.2773e-03
 8.250	18.250	3.3920e-03
 8.250	18.500	3.3015e-03
 8.250	18.750	2.9448e-03
 8.250	19.000	2.2373e-03
 8.250	19.250	1.2584e-03
 8.250	19.500	1.6724e-04
 8.250	19.750	1.0000e-07
 8.250	20.000	1.0000e-07
 8.250	20.250	1.0000e-07
 8.250	20.500	1.0000e-07
 8.250	20.750	1.0000e-07
 8.250	21.000	1.0000e-07
 8.250	21.250	1.0000e-07
 8.250	21.500	1.0000e-07
 8.250	21.750	1.0000e-07
 8.250	22.000	1.0000e-07
 8.250	22.250	1.0000e-07
 8.250	22.500	1.0000e-07
 8.250	22.750	1.0000e-07
 8.250	23.000	1.0000e-07
 8.250	23.250	1.0000e-07
 8.250	23.500	1.0000e-07
 8.250	23.750	1.0000e-07
 8.250	24.000	1.0000e-07
 8.500	17.000	3.2731e-03
 8.500	17.250	3.2107e-03
 8.500	17.500	3.1771e-03
 8.500	17.750	3.1993e-03
 8.500	18.000	3.3182e-03
 8.500	18.250	3.5219e-03
 8.500	18.500	3.6384e-03
 8.500	18.750	3.4651e-03
 8.500	19.000	2.9840e-03
 8.500	19.250	2.1134e-03
 8.500	19.500	1.1108e-03
 8.500	19.750	6.0082e-06
 8.500	20.000	1.0000e-07
 8.500	20.250	1.0000e-07
 8.500	20.500	1.0000e-07
 8.500	20.750	1.0000e-07
 8.500	21.000	1.0000e-07
 8.500	21.250	1.0000e-07
 8.500	21.500	1.0000e-07
 8.500	21.750	1.0000e-07
 8.500	22.000	1.0000e-07
 8.500	22.250	1.0000e-07
 8.500	22.500	1.0000e-07
 8.500	22.750	1.0000e-07
 8.500	23.000	1.0000e-07
 8.500	23.250	1.0000e-07
 8.500	23.500	1.0000e-07
 8.500	23.750	1.0000e-07
 8.500	24.000	1.0000e-07
 8.750	17.000	3.3807e-03
 8.750	17.250	3.3102e-03
 8.750	17.500	3.2669e-03
 8.750	17.750	3.2660e-03
 8.750	18.000	3.3398e-03
 8.750	18.250	3.4826e-03
 8.750	18.500	3.6407e-03
 8.750	18.750	3.6760e-03
 8.750	19.000	3.4388e-03
 8.750	19.250	2.8626e-03
 8.750	19.500	1.8983e-03
 8.750	19.750	8.8601e-04
 8.750	20.000	1.0000e-07
 8.750	20.250	1.0000e-07
 8.750	20.500	1.0000e-07
 8.750	20.750	1.0000e-07
 8.750	21.000	1.0000e-07
 8.750	21.250	1.0000e-07
 8.750	21.500	1.0000e-07
 8.750	21.750	1.0000e-07
 8.750	22.000	1.0000e-07
 8.750	22.250	1.0000e-07
 8.750	22.500	1.0000e-07
 8.750	22.750	1.0000e-07
 8.750	23.000	1.0000e-07
 8.750	23.250	1.0000e-07
 8.750	23.500	1.0000e-07
 8.750	23.750	1.0000e-07
 8.750	24.000	1.0000e-07
 9.000	17.000	3.4978e-03
 9.000	17.250	3.4179e-03
 9.000	17.500	3.3663e-03
 9.000	17.750	3.3505e-03
 9.000	18.000	3.3804e-03
 9.000	18.250	3.4202e-03
 9.000	18.500	3.4625e-03
 9.000	18.750	3.5200e-03
 9.000	19.000	3.4695e-03
 9.000	19.250	3.1841e-03
 9.000	19.500	2.5399e-03
 9.000	19.750	1.5628e-03
 9.000	20.000	6.1638e-04
 9.000	20.250	1.0000e-07
 9.000	20.500	1.0000e-07
 9.000	20.750	1.0000e-07
 9.000	21.000	1.0000e-07
 9.000	21.250	1.0000e-07
 9.000	21.500	1.0000e-07
 9.000	21.750	1.0000e-07
 9.000	22.000	1.0000e-07
 9.000	22.250	1.0000e-07
 9.000	22.500	1.0000e-07
 9.000	22.750	1.0000e-07
 9.000	23.000	1.0000e-07
 9.000	23.250	1.0000e-07
 9.000	23.500	1.0000e-07
 9.000	23.750	1.0000e-07
 9.000	24.000	1.0000e-07
 9.250	17.000	3.6276e-03
 9.250	17.250	3.5333e-03
 9.250	17.500	3.4723e-03
 9.250	17.750	3.4466e-03
 9.250	18.000	3.4435e-03
 9.250	18.250	3.3998e-03
 9.250	18.500	3.2949e-03
 9.250	18.750	3.1821e-03
 9.250	19.000	3.1281e-03
 9.250	19.250	3.0289e-03
 9.250	19.500	2.7437e-03
 9.250	19.750	2.1090e-03
 9.250	20.000	1.2131e-03
 9.250	20.250	2.6502e-04
 9.250	20.500	1.0000e-07
 9.250	20.750	1.0000e-07
 9.250	21.000	1.0000e-07
 9.250	21.250	1.0000e-07
 9.250	21.500	1.0000e-07
 9.250	21.750	1.0000e-07
 9.250	22.000	1.0000e-07
 9.250	22.250	1.0000e-07
 9.250	22.500	1.0000e-07
 9.250	22.750	1.0000e-07
 9.250	23.000	1.0000e-07
 9.250	23.250	1.0000e-07
 9.250	23.500	1.0000e-07
 9.250	23.750	1.0000e-07
 9.250	24.000	1.0000e-07
 9.500	17.000	3.7675e-03
 9.500	17.250	3.6642e-03
 9.500	17.500	3.5865e-03
 9.500	17.750	3.5458e-03
 9.500	18.000	3.5112e-03
 9.500	18.250	3.3949e-03
 9.500	18.500	3.1541e-03
 9.500	18.750	2.8814e-03
 9.500	19.000	2.6502e-03
 9.500	19.250	2.4869e-03
 9.500	19.500	2.3506e-03
 9.500	19.750	2.1021e-03
 9.500	20.000	1.5865e-03
 9.500	20.250	8.2617e-04
 9.500	20.500	1.3827e-05
 9.500	20.750	1.0000e-07
 9.500	21.000	1.0000e-07
 9.500	21.250	1.0000e-07
 9.500	21.500	1.0000e-07
 9.500	21.750	1.0000e-07
 9.500	22.000	1.0000e-07
 9.500	22.250	1.0000e-07
 9.500	22.500	1.0000e-07
 9.500	22.750	1.0000e-07
 9.500	23.000	1.0000e-07
 9.500	23.250	1.0000e-07
 9.500	23.500	1.0000e-07
 9.500	23.750	1.0000e-07
 9.500	24.000	1.0000e-07
 9.750	17.000	3.8637e-03
 9.750	17.250	3.7960e-03
 9.750	17.500	3.7072e-03
 9.750	17.750	3.6401e-03
 9.750	18.000	3.5643e-03
 9.750	18.250	3.3711e-03
 9.750	18.500	3.0210e-03
 9.750	18.750	2.6296e-03
 9.750	19.000	2.2645e-03
 9.750	19.250	1.9573e-03
 9.750	19.500	1.7434e-03
 9.750	19.750	1.6098e-03
 9.750	20.000	1.4500e-03
 9.750	20.250	1.0995e-03
 9.750	20.500	5.3951e-04
 9.750	20.750	2.8807e-06
 9.750	21.000	1.0000e-07
 9.750	21.250	1.0000e-07
 9.750	21.500	1.0000e-07
 9.750	21.750	1.0000e-07
 9.750	22.000	1.0000e-07
 9.750	22.250	1.0000e-07
 9.750	22.500	1.0000e-07
 9.750	22.750	1.0000e-07
 9.750	23.000	1.0000e-07
 9.750	23.250	1.0000e-07
 9.750	23.500	1.0000e-07
 9.750	23.750	1.0000e-07
 9.750	24.000	1.0000e-07
10.000	17.000	3.8319e-03
10.000	17.250	3.8803e-03
10.000	17.500	3.8236e-03
10.000	17.750	3.7336e-03
10.000	18.000	3.5990e-03
10.000	18.250	3.3049e-03
10.000	18.500	2.8672e-03
10.000	18.750	2.3949e-03
10.000	19.000	1.9717e-03
10.000	19.250	1.6015e-03
10.000	19.500	1.2780e-03
10.000	19.750	1.0761e-03
10.000	20.000	9.8979e-04
10.000	20.250	9.0115e-04
10.000	20.500	7.2041e-04
10.000	20.750	2.3564e-04
10.000	21.000	1.2346e-06
10.000	21.250	1.0000e-07
10.000	21.500	1.0000e-07
10.000	21.750	1.0000e-07
10.000	22.000	1.0000e-07
10.000	22.250	1.0000e-07
10.000	22.500	1.0000e-07
10.000	22.750	1.0000e-07
10.000	23.000	1.0000e-07
10.000	23.250	1.0000e-07
10.000	23.500	1.0000e-07
10.000	23.750	1.0000e-07
10.000	24.000	1.0000e-07
10.250	17.000	3.6392e-03
10.250	17.250	3.8354e-03
10.250	17.500	3.8881e-03
10.250	17.750	3.8105e-03
10.250	18.000	3.6053e-03
10.250	18.250	3.1993e-03
10.250	18.500	2.6825e-03
10.250	18.750	2.1726e-03
10.250	19.000	1.7367e-03
10.250	19.250	1.3910e-03
10.250	19.500	1.1345e-03
10.250	19.750	9.5646e-04
10.250	20.000	8.4683e-04
10.250	20.250	7.7160e-04
10.250	20.500	6.7959e-04
10.250	20.750	5.0922e-04
10.250	21.000	3.2675e-05
10.250	21.250	9.0535e-07
10.250	21.500	1.0000e-07
10.250	21.750	1.0000e-07
10.250	22.000	1.0000e-07
10.250	22.250	1.0000e-07
10.250	22.500	1.0000e-07
10.250	22.750	1.0000e-07
10.250	23.000	1.0000e-07
10.250	23.250	1.0000e-07
10.250	23.500	1.0000e-07
10.250	23.750	1.0000e-07
10.250	24.000	1.0000e-07
10.500	17.000	3.3947e-03
10.500	17.250	3.6316e-03
10.500	17.500	3.8277e-03
10.500	17.750	3.8245e-03
10.500	18.000	3.5727e-03
10.500	18.250	3.0756e-03
10.500	18.500	2.4988e-03
10.500	18.750	1.9924e-03
10.500	19.000	1.5906e-03
10.500	19.250	1.2874e-03
10.500	19.500	1.0536e-03
10.500	19.750	8.7654e-04
10.500	20.000	7.4881e-04
10.500	20.250	6.5975e-04
10.500	20.500	5.8741e-04
10.500	20.750	5.0058e-04
10.500	21.000	3.5564e-04
10.500	21.250	1.8354e-05
10.500	21.500	1.0000e-07
10.500	21.750	1.0000e-07
10.500	22.000	1.0000e-07
10.500	22.250	1.0000e-07
10.500	22.500	1.0000e-07
10.500	22.750	1.0000e-07
10.500	23.000	1.0000e-07
10.500	23.250	1.0000e-07
10.500	23.500	1.0000e-07
10.500	23.750	1.0000e-07
10.500	24.000	1.0000e-07
10.750	17.000	3.1917e-03
10.750	17.250	3.3698e-03
10.750	17.500	3.6028e-03
10.750	17.750	3.7152e-03
10.750	18.000	3.4781e-03
10.750	18.250	2.9328e-03
10.750	18.500	2.3412e-03
10.750	18.750	1.8579e-03
10.750	19.000	1.4900e-03
10.750	19.250	1.2044e-03
10.750	19.500	9.8321e-04
10.750	19.750	8.0963e-04
10.750	20.000	6.7358e-04
10.750	20.250	5.7259e-04
10.750	20.500	4.9835e-04
10.750	20.750	4.3556e-04
10.750	21.000	3.6140e-04
10.750	21.250	2.3185e-04
10.750	21.500	1.2840e-05
10.750	21.750	1.0000e-07
10.750	22.000	1.0000e-07
10.750	22.250	1.0000e-07
10.750	22.500	1.0000e-07
10.750	22.750	1.0000e-07
10.750	23.000	1.0000e-07
10.750	23.250	1.0000e-07
10.750	23.500	1.0000e-07
10.750	23.750	1.0000e-07
10.750	24.000	1.0000e-07
11.000	17.000	3.0330e-03
11.000	17.250	3.1435e-03
11.000	17.500	3.3078e-03
11.000	17.750	3.4528e-03
11.000	18.000	3.2905e-03
11.000	18.250	2.7631e-03
11.000	18.500	2.2099e-03
11.000	18.750	1.7528e-03
11.000	19.000	1.4045e-03
11.000	19.250	1.1382e-03
11.000	19.500	9.2642e-04
11.000	19.750	7.5177e-04
11.000	20.000	6.1169e-04
11.000	20.250	5.0461e-04
11.000	20.500	4.2658e-04
11.000	20.750	3.6955e-04
11.000	21.000	3.2066e-04
11.000	21.250	2.6296e-04
11.000	21.500	8.4938e-05
11.000	21.750	1.2510e-05
11.000	22.000	1.0000e-07
11.000	22.250	1.0000e-07
11.000	22.500	1.0000e-07
11.000	22.750	1.0000e-07
11.000	23.000	1.0000e-07
11.000	23.250	1.0000e-07
11.000	23.500	1.0000e-07
11.000	23.750	1.0000e-07
11.000	24.000	1.0000e-07
11.250	17.000	2.9012e-03
11.250	17.250	2.9550e-03
11.250	17.500	3.0450e-03
11.250	17.750	3.1223e-03
11.250	18.000	2.9825e-03
11.250	18.250	2.5365e-03
11.250	18.500	2.0622e-03
11.250	18.750	1.6543e-03
11.250	19.000	1.3355e-03
11.250	19.250	1.0866e-03
11.250	19.500	8.8091e-04
11.250	19.750	7.0782e-04
11.250	20.000	5.6601e-04
11.250	20.250	4.5440e-04
11.250	20.500	3.7243e-04
11.250	20.750	3.1531e-04
11.250	21.000	2.7506e-04
11.250	21.250	2.4049e-04
11.250	21.500	1.9572e-04
11.250	21.750	5.6132e-05
11.250	22.000	9.7119e-06
11.250	22.250	1.0000e-07
11.250	22.500	1.0000e-07
11.250	22.750	1.0000e-07
11.250	23.000	1.0000e-07
11.250	23.250	1.0000e-07
11.250	23.500	1.0000e-07
11.250	23.750	1.0000e-07
11.250	24.000	1.0000e-07
11.500	17.000	2.7476e-03
11.500	17.250	2.7884e-03
11.500	17.500	2.8197e-03
11.500	17.750	2.8147e-03
11.500	18.000	2.6168e-03
11.500	18.250	2.2337e-03
11.500	18.500	1.8702e-03
11.500	18.750	1.5470e-03
11.500	19.000	1.2758e-03
11.500	19.250	1.0454e-03
11.500	19.500	8.4683e-04
11.500	19.750	6.7951e-04
11.500	20.000	5.3992e-04
11.500	20.250	4.2576e-04
11.500	20.500	3.3761e-04
11.500	20.750	2.7597e-04
11.500	21.000	2.3646e-04
11.500	21.250	2.1004e-04
11.500	21.500	1.8477e-04
11.500	21.750	1.5597e-04
11.500	22.000	4.5679e-05
11.500	22.250	8.5597e-06
11.500	22.500	1.0000e-07
11.500	22.750	1.0000e-07
11.500	23.000	1.0000e-07
11.500	23.250	1.0000e-07
11.500	23.500	1.0000e-07
11.500	23.750	1.0000e-07
11.500	24.000	1.0000e-07
11.750	17.000	2.2597e-03
11.750	17.250	2.6189e-03
11.750	17.500	2.6007e-03
11.750	17.750	2.5316e-03
11.750	18.000	2.2693e-03
11.750	18.250	1.9081e-03
11.750	18.500	1.6267e-03
11.750	18.750	1.4084e-03
11.750	19.000	1.2082e-03
11.750	19.250	1.0100e-03
11.750	19.500	8.2510e-04
11.750	19.750	6.6658e-04
11.750	20.000	5.3342e-04
11.750	20.250	4.2074e-04
11.750	20.500	3.2757e-04
11.750	20.750	2.5704e-04
11.750	21.000	2.1037e-04
11.750	21.250	1.8296e-04
11.750	21.500	1.6395e-04
11.750	21.750	1.5086e-04
11.750	22.000	1.3259e-04
11.750	22.250	4.1975e-05
11.750	22.500	7.3251e-06
11.750	22.750	1.0000e-07
11.750	23.000	1.0000e-07
11.750	23.250	1.0000e-07
11.750	23.500	1.0000e-07
11.750	23.750	1.0000e-07
11.750	24.000	1.0000e-07
12.000	17.000	1.6008e-03
12.000	17.250	2.1705e-03
12.000	17.500	2.3698e-03
12.000	17.750	2.2384e-03
12.000	18.000	1.9562e-03
12.000	18.250	1.6287e-03
12.000	18.500	1.3948e-03
12.000	18.750	1.2450e-03
12.000	19.000	1.1140e-03
12.000	19.250	9.6650e-04
12.000	19.500	8.1152e-04
12.000	19.750	6.6683e-04
12.000	20.000	5.4370e-04
12.000	20.250	4.3819e-04
12.000	20.500	3.4502e-04
12.000	20.750	2.6576e-04
12.000	21.000	2.0568e-04
12.000	21.250	1.6774e-04
12.000	21.500	1.4543e-04
12.000	21.750	1.3514e-04
12.000	22.000	1.3053e-04
12.000	22.250	1.1391e-04
12.000	22.500	3.9506e-05
12.000	22.750	7.8189e-06
12.000	23.000	1.0000e-07
12.000	23.250	1.0000e-07
12.000	23.500	1.0000e-07
12.000	23.750	1.0000e-07
12.000	24.000	1.0000e-07
12.250	17.000	1.1149e-03
12.250	17.250	1.5617e-03
12.250	17.500	1.9223e-03
12.250	17.750	1.9283e-03
12.250	18.000	1.6602e-03
12.250	18.250	1.4005e-03
12.250	18.500	1.2241e-03
12.250	18.750	1.0976e-03
12.250	19.000	9.9547e-04
12.250	19.250	9.0222e-04
12.250	19.500	7.9399e-04
12.250	19.750	6.7663e-04
12.250	20.000	5.6642e-04
12.250	20.250	4.7218e-04
12.250	20.500	3.8626e-04
12.250	20.750	3.0519e-04
12.250	21.000	2.3284e-04
12.250	21.250	1.7613e-04
12.250	21.500	1.3934e-04
12.250	21.750	1.2247e-04
12.250	22.000	1.1745e-04
12.250	22.250	1.2025e-04
12.250	22.500	1.0272e-04
12.250	22.750	3.8272e-05
12.250	23.000	7.5720e-06
12.250	23.250	1.0000e-07
12.250	23.500	1.0000e-07
12.250	23.750	1.0000e-07
12.250	24.000	1.0000e-07
12.500	17.000	8.0074e-04
12.500	17.250	1.1012e-03
12.500	17.500	1.4099e-03
12.500	17.750	1.5309e-03
12.500	18.000	1.4251e-03
12.500	18.250	1.2399e-03
12.500	18.500	1.1156e-03
12.500	18.750	1.0002e-03
12.500	19.000	8.9556e-04
12.500	19.250	8.2132e-04
12.500	19.500	7.6206e-04
12.500	19.750	6.8576e-04
12.500	20.000	5.9901e-04
12.500	20.250	5.1720e-04
12.500	20.500	4.4379e-04
12.500	20.750	3.7062e-04
12.500	21.000	2.9531e-04
12.500	21.250	2.2189e-04
12.500	21.500	1.6033e-04
12.500	21.750	1.2469e-04
12.500	22.000	1.0979e-04
12.500	22.250	1.0938e-04
12.500	22.500	1.1868e-04
12.500	22.750	1.0181e-04
12.500	23.000	3.7037e-05
12.500	23.250	7.2428e-06
12.500	23.500	1.0000e-07
12.500	23.750	1.0000e-07
12.500	24.000	1.0000e-07
12.750	17.000	6.2305e-04
12.750	17.250	8.1638e-04
12.750	17.500	1.0412e-03
12.750	17.750	1.1631e-03
12.750	18.000	1.1855e-03
12.750	18.250	1.1184e-03
12.750	18.500	1.0328e-03
12.750	18.750	9.4395e-04
12.750	19.000	8.4757e-04
12.750	19.250	7.6362e-04
12.750	19.500	7.1868e-04
12.750	19.750	6.8576e-04
12.750	20.000	6.3235e-04
12.750	20.250	5.6947e-04
12.750	20.500	5.0897e-04
12.750	20.750	4.5111e-04
12.750	21.000	3.8798e-04
12.750	21.250	3.1037e-04
12.750	21.500	2.2757e-04
12.750	21.750	1.5984e-04
12.750	22.000	1.2033e-04
12.750	22.250	1.0593e-04
12.750	22.500	1.0963e-04
12.750	22.750	1.2453e-04
12.750	23.000	1.0280e-04
12.750	23.250	3.8930e-05
12.750	23.500	7.1605e-06
12.750	23.750	1.0000e-07
12.750	24.000	1.0000e-07
13.000	17.000	3.4584e-04
13.000	17.250	5.0658e-04
13.000	17.500	6.9770e-04
13.000	17.750	8.9498e-04
13.000	18.000	9.6733e-04
13.000	18.250	9.7621e-04
13.000	18.500	9.6025e-04
13.000	18.750	9.1276e-04
13.000	19.000	8.4140e-04
13.000	19.250	7.6181e-04
13.000	19.500	6.9901e-04
13.000	19.750	6.7605e-04
13.000	20.000	6.5827e-04
13.000	20.250	6.2123e-04
13.000	20.500	5.7778e-04
13.000	20.750	5.3737e-04
13.000	21.000	4.9358e-04
13.000	21.250	4.3745e-04
13.000	21.500	3.4889e-04
13.000	21.750	2.5877e-04
13.000	22.000	1.7342e-04
13.000	22.250	1.2412e-04
13.000	22.500	1.1062e-04
13.000	22.750	1.1959e-04
13.000	23.000	1.3580e-04
13.000	23.250	1.0535e-04
13.000	23.500	4.0082e-05
13.000	23.750	6.8313e-06
13.000	24.000	1.0000e-07
13.250	17.000	2.9827e-04
13.250	17.250	3.7975e-04
13.250	17.500	5.0979e-04
13.250	17.750	6.6535e-04
13.250	18.000	7.9704e-04
13.250	18.250	8.6864e-04
13.250	18.500	8.9210e-04
13.250	18.750	8.8708e-04
13.250	19.000	8.5547e-04
13.250	19.250	8.0074e-04
13.250	19.500	7.3720e-04
13.250	19.750	6.8988e-04
13.250	20.000	6.7481e-04
13.250	20.250	6.6296e-04
13.250	20.500	6.3457e-04
13.250	20.750	6.0815e-04
13.250	21.000	5.9424e-04
13.250	21.250	5.5193e-04
13.250	21.500	4.8173e-04
13.250	21.750	3.8691e-04
13.250	22.000	2.8140e-04
13.250	22.250	1.9119e-04
13.250	22.500	1.3613e-04
13.250	22.750	1.2156e-04
13.250	23.000	1.3086e-04
13.250	23.250	1.4420e-04
13.250	23.500	1.1111e-04
13.250	23.750	4.1070e-05
13.250	24.000	5.8436e-06
13.500	17.000	2.5951e-04
13.500	17.250	3.3374e-04
13.500	17.500	4.3449e-04
13.500	17.750	5.6230e-04
13.500	18.000	6.9350e-04
13.500	18.250	7.8379e-04
13.500	18.500	8.3564e-04
13.500	18.750	8.6576e-04
13.500	19.000	8.7704e-04
13.500	19.250	8.5687e-04
13.500	19.500	8.1605e-04
13.500	19.750	7.6370e-04
13.500	20.000	7.1877e-04
13.500	20.250	7.0214e-04
13.500	20.500	6.8675e-04
13.500	20.750	6.6173e-04
13.500	21.000	6.3342e-04
13.500	21.250	6.2379e-04
13.500	21.500	5.7984e-04
13.500	21.750	5.0922e-04
13.500	22.000	4.2140e-04
13.500	22.250	3.1959e-04
13.500	22.500	2.1975e-04
13.500	22.750	1.5547e-04
13.500	23.000	1.3860e-04
13.500	23.250	1.4658e-04
13.500	23.500	1.5663e-04
13.500	23.750	1.1547e-04
13.500	24.000	4.1811e-05
13.750	17.000	2.2922e-04
13.750	17.250	2.9753e-04
13.750	17.500	3.8955e-04
13.750	17.750	4.9070e-04
13.750	18.000	6.1638e-04
13.750	18.250	7.2321e-04
13.750	18.500	8.0222e-04
13.750	18.750	8.5663e-04
13.750	19.000	8.9695e-04
13.750	19.250	9.1679e-04
13.750	19.500	9.1053e-04
13.750	19.750	8.7432e-04
13.750	20.000	8.2123e-04
13.750	20.250	7.7021e-04
13.750	20.500	7.3959e-04
13.750	20.750	7.1852e-04
13.750	21.000	6.8774e-04
13.750	21.250	6.5646e-04
13.750	21.500	6.3243e-04
13.750	21.750	5.9588e-04
13.750	22.000	5.3152e-04
13.750	22.250	4.5416e-04
13.750	22.500	3.5654e-04
13.750	22.750	2.5021e-04
13.750	23.000	1.8428e-04
13.750	23.250	1.6412e-04
13.750	23.500	1.6815e-04
13.750	23.750	1.6823e-04
13.750	24.000	1.1695e-04
14.000	17.000	2.0626e-04
14.000	17.250	2.6733e-04
14.000	17.500	3.5506e-04
14.000	17.750	4.5333e-04
14.000	18.000	5.6938e-04
14.000	18.250	6.8840e-04
14.000	18.500	7.8733e-04
14.000	18.750	8.6609e-04
14.000	19.000	9.3004e-04
14.000	19.250	9.8296e-04
14.000	19.500	1.0071e-03
14.000	19.750	9.9728e-04
14.000	20.000	9.5144e-04
14.000	20.250	8.8527e-04
14.000	20.500	8.1975e-04
14.000	20.750	7.7276e-04
14.000	21.000	7.4263e-04
14.000	21.250	7.1218e-04
14.000	21.500	6.7226e-04
14.000	21.750	6.4568e-04
14.000	22.000	6.0387e-04
14.000	22.250	5.5037e-04
14.000	22.500	4.7901e-04
14.000	22.750	3.8765e-04
14.000	23.000	2.8502e-04
14.000	23.250	2.1449e-04
14.000	23.500	1.9202e-04
14.000	23.750	1.8700e-04
14.000	24.000	1.7358e-04
