InwC 1240.00A  relative to Inci 1215.00A scaled to 1215A.
Hden   Phi(H)  Eq_Width (A)
 7.000	17.000	9.6782e-01
 7.000	17.250	9.6324e-01
 7.000	17.500	9.6087e-01
 7.000	17.750	9.5976e-01
 7.000	18.000	9.6149e-01
 7.000	18.250	8.3632e-01
 7.000	18.500	5.4517e-01
 7.000	18.750	5.5082e-01
 7.000	19.000	5.5013e-01
 7.000	19.250	5.5002e-01
 7.000	19.500	5.4931e-01
 7.000	19.750	5.4856e-01
 7.000	20.000	5.4856e-01
 7.000	20.250	5.4856e-01
 7.000	20.500	5.4856e-01
 7.000	20.750	5.4855e-01
 7.000	21.000	5.4856e-01
 7.000	21.250	5.4856e-01
 7.000	21.500	5.4855e-01
 7.000	21.750	5.4856e-01
 7.000	22.000	5.4856e-01
 7.000	22.250	5.4856e-01
 7.000	22.500	5.4856e-01
 7.000	22.750	5.4856e-01
 7.000	23.000	5.4856e-01
 7.000	23.250	5.4856e-01
 7.000	23.500	5.4856e-01
 7.000	23.750	5.4856e-01
 7.000	24.000	5.4856e-01
 7.250	17.000	9.7275e-01
 7.250	17.250	9.6780e-01
 7.250	17.500	9.6316e-01
 7.250	17.750	9.6085e-01
 7.250	18.000	9.5953e-01
 7.250	18.250	9.6100e-01
 7.250	18.500	7.9797e-01
 7.250	18.750	5.4526e-01
 7.250	19.000	5.5083e-01
 7.250	19.250	5.5014e-01
 7.250	19.500	5.5001e-01
 7.250	19.750	5.4930e-01
 7.250	20.000	5.4857e-01
 7.250	20.250	5.4856e-01
 7.250	20.500	5.4856e-01
 7.250	20.750	5.4856e-01
 7.250	21.000	5.4856e-01
 7.250	21.250	5.4856e-01
 7.250	21.500	5.4856e-01
 7.250	21.750	5.4856e-01
 7.250	22.000	5.4856e-01
 7.250	22.250	5.4856e-01
 7.250	22.500	5.4856e-01
 7.250	22.750	5.4856e-01
 7.250	23.000	5.4856e-01
 7.250	23.250	5.4856e-01
 7.250	23.500	5.4856e-01
 7.250	23.750	5.4856e-01
 7.250	24.000	5.4856e-01
 7.500	17.000	9.7752e-01
 7.500	17.250	9.7247e-01
 7.500	17.500	9.6747e-01
 7.500	17.750	9.6274e-01
 7.500	18.000	9.6012e-01
 7.500	18.250	9.5868e-01
 7.500	18.500	9.5885e-01
 7.500	18.750	7.5059e-01
 7.500	19.000	5.4535e-01
 7.500	19.250	5.5082e-01
 7.500	19.500	5.5013e-01
 7.500	19.750	5.5001e-01
 7.500	20.000	5.4931e-01
 7.500	20.250	5.4857e-01
 7.500	20.500	5.4856e-01
 7.500	20.750	5.4856e-01
 7.500	21.000	5.4856e-01
 7.500	21.250	5.4856e-01
 7.500	21.500	5.4856e-01
 7.500	21.750	5.4856e-01
 7.500	22.000	5.4856e-01
 7.500	22.250	5.4856e-01
 7.500	22.500	5.4856e-01
 7.500	22.750	5.4856e-01
 7.500	23.000	5.4856e-01
 7.500	23.250	5.4856e-01
 7.500	23.500	5.4856e-01
 7.500	23.750	5.4856e-01
 7.500	24.000	5.4856e-01
 7.750	17.000	9.8215e-01
 7.750	17.250	9.7708e-01
 7.750	17.500	9.7166e-01
 7.750	17.750	9.6664e-01
 7.750	18.000	9.6152e-01
 7.750	18.250	9.5862e-01
 7.750	18.500	9.5673e-01
 7.750	18.750	9.5417e-01
 7.750	19.000	6.9057e-01
 7.750	19.250	5.4546e-01
 7.750	19.500	5.5081e-01
 7.750	19.750	5.5013e-01
 7.750	20.000	5.5002e-01
 7.750	20.250	5.4930e-01
 7.750	20.500	5.4856e-01
 7.750	20.750	5.4855e-01
 7.750	21.000	5.4856e-01
 7.750	21.250	5.4856e-01
 7.750	21.500	5.4856e-01
 7.750	21.750	5.4856e-01
 7.750	22.000	5.4856e-01
 7.750	22.250	5.4856e-01
 7.750	22.500	5.4856e-01
 7.750	22.750	5.4856e-01
 7.750	23.000	5.4856e-01
 7.750	23.250	5.4856e-01
 7.750	23.500	5.4856e-01
 7.750	23.750	5.4856e-01
 7.750	24.000	5.4856e-01
 8.000	17.000	9.8637e-01
 8.000	17.250	9.8178e-01
 8.000	17.500	9.7647e-01
 8.000	17.750	9.7067e-01
 8.000	18.000	9.6505e-01
 8.000	18.250	9.5941e-01
 8.000	18.500	9.5442e-01
 8.000	18.750	9.5264e-01
 8.000	19.000	9.4163e-01
 8.000	19.250	6.4054e-01
 8.000	19.500	5.4553e-01
 8.000	19.750	5.5083e-01
 8.000	20.000	5.5012e-01
 8.000	20.250	5.5001e-01
 8.000	20.500	5.4927e-01
 8.000	20.750	5.4857e-01
 8.000	21.000	5.4855e-01
 8.000	21.250	5.4855e-01
 8.000	21.500	5.4856e-01
 8.000	21.750	5.4856e-01
 8.000	22.000	5.4856e-01
 8.000	22.250	5.4856e-01
 8.000	22.500	5.4856e-01
 8.000	22.750	5.4856e-01
 8.000	23.000	5.4855e-01
 8.000	23.250	5.4856e-01
 8.000	23.500	5.4856e-01
 8.000	23.750	5.4856e-01
 8.000	24.000	5.4856e-01
 8.250	17.000	9.8956e-01
 8.250	17.250	9.8566e-01
 8.250	17.500	9.8073e-01
 8.250	17.750	9.7482e-01
 8.250	18.000	9.6802e-01
 8.250	18.250	9.6139e-01
 8.250	18.500	9.5481e-01
 8.250	18.750	9.4870e-01
 8.250	19.000	9.4504e-01
 8.250	19.250	9.1424e-01
 8.250	19.500	5.5270e-01
 8.250	19.750	5.4567e-01
 8.250	20.000	5.5082e-01
 8.250	20.250	5.5013e-01
 8.250	20.500	5.5001e-01
 8.250	20.750	5.4930e-01
 8.250	21.000	5.4857e-01
 8.250	21.250	5.4855e-01
 8.250	21.500	5.4856e-01
 8.250	21.750	5.4856e-01
 8.250	22.000	5.4856e-01
 8.250	22.250	5.4856e-01
 8.250	22.500	5.4856e-01
 8.250	22.750	5.4856e-01
 8.250	23.000	5.4856e-01
 8.250	23.250	5.4856e-01
 8.250	23.500	5.4856e-01
 8.250	23.750	5.4856e-01
 8.250	24.000	5.4856e-01
 8.500	17.000	9.9181e-01
 8.500	17.250	9.8865e-01
 8.500	17.500	9.8434e-01
 8.500	17.750	9.7865e-01
 8.500	18.000	9.7155e-01
 8.500	18.250	9.6338e-01
 8.500	18.500	9.5527e-01
 8.500	18.750	9.4707e-01
 8.500	19.000	9.3903e-01
 8.500	19.250	9.3195e-01
 8.500	19.500	8.5623e-01
 8.500	19.750	5.2743e-01
 8.500	20.000	5.4582e-01
 8.500	20.250	5.5082e-01
 8.500	20.500	5.5013e-01
 8.500	20.750	5.5001e-01
 8.500	21.000	5.4927e-01
 8.500	21.250	5.4857e-01
 8.500	21.500	5.4856e-01
 8.500	21.750	5.4856e-01
 8.500	22.000	5.4856e-01
 8.500	22.250	5.4856e-01
 8.500	22.500	5.4855e-01
 8.500	22.750	5.4855e-01
 8.500	23.000	5.4855e-01
 8.500	23.250	5.4856e-01
 8.500	23.500	5.4856e-01
 8.500	23.750	5.4856e-01
 8.500	24.000	5.4856e-01
 8.750	17.000	9.9320e-01
 8.750	17.250	9.9065e-01
 8.750	17.500	9.8696e-01
 8.750	17.750	9.8178e-01
 8.750	18.000	9.7472e-01
 8.750	18.250	9.6591e-01
 8.750	18.500	9.5574e-01
 8.750	18.750	9.4538e-01
 8.750	19.000	9.3466e-01
 8.750	19.250	9.2443e-01
 8.750	19.500	8.9762e-01
 8.750	19.750	7.6050e-01
 8.750	20.000	5.2748e-01
 8.750	20.250	5.4601e-01
 8.750	20.500	5.5082e-01
 8.750	20.750	5.5013e-01
 8.750	21.000	5.5002e-01
 8.750	21.250	5.4927e-01
 8.750	21.500	5.4857e-01
 8.750	21.750	5.4855e-01
 8.750	22.000	5.4856e-01
 8.750	22.250	5.4856e-01
 8.750	22.500	5.4856e-01
 8.750	22.750	5.4856e-01
 8.750	23.000	5.4856e-01
 8.750	23.250	5.4856e-01
 8.750	23.500	5.4856e-01
 8.750	23.750	5.4856e-01
 8.750	24.000	5.4856e-01
 9.000	17.000	9.9391e-01
 9.000	17.250	9.9174e-01
 9.000	17.500	9.8853e-01
 9.000	17.750	9.8381e-01
 9.000	18.000	9.7715e-01
 9.000	18.250	9.6834e-01
 9.000	18.500	9.5762e-01
 9.000	18.750	9.4501e-01
 9.000	19.000	9.3096e-01
 9.000	19.250	9.1708e-01
 9.000	19.500	9.0415e-01
 9.000	19.750	8.5039e-01
 9.000	20.000	6.4277e-01
 9.000	20.250	5.2780e-01
 9.000	20.500	5.4626e-01
 9.000	20.750	5.5082e-01
 9.000	21.000	5.5013e-01
 9.000	21.250	5.5002e-01
 9.000	21.500	5.4931e-01
 9.000	21.750	5.4857e-01
 9.000	22.000	5.4856e-01
 9.000	22.250	5.4856e-01
 9.000	22.500	5.4856e-01
 9.000	22.750	5.4856e-01
 9.000	23.000	5.4856e-01
 9.000	23.250	5.4856e-01
 9.000	23.500	5.4856e-01
 9.000	23.750	5.4856e-01
 9.000	24.000	5.4856e-01
 9.250	17.000	9.9416e-01
 9.250	17.250	9.9216e-01
 9.250	17.500	9.8918e-01
 9.250	17.750	9.8477e-01
 9.250	18.000	9.7852e-01
 9.250	18.250	9.7028e-01
 9.250	18.500	9.5940e-01
 9.250	18.750	9.4544e-01
 9.250	19.000	9.2859e-01
 9.250	19.250	9.1084e-01
 9.250	19.500	8.9645e-01
 9.250	19.750	8.7029e-01
 9.250	20.000	7.5522e-01
 9.250	20.250	5.3764e-01
 9.250	20.500	5.2827e-01
 9.250	20.750	5.4655e-01
 9.250	21.000	5.5082e-01
 9.250	21.250	5.5013e-01
 9.250	21.500	5.5001e-01
 9.250	21.750	5.4924e-01
 9.250	22.000	5.4833e-01
 9.250	22.250	5.4852e-01
 9.250	22.500	5.4855e-01
 9.250	22.750	5.4856e-01
 9.250	23.000	5.4856e-01
 9.250	23.250	5.4856e-01
 9.250	23.500	5.4856e-01
 9.250	23.750	5.4856e-01
 9.250	24.000	5.4855e-01
 9.500	17.000	9.9416e-01
 9.500	17.250	9.9217e-01
 9.500	17.500	9.8921e-01
 9.500	17.750	9.8488e-01
 9.500	18.000	9.7894e-01
 9.500	18.250	9.7095e-01
 9.500	18.500	9.5982e-01
 9.500	18.750	9.4483e-01
 9.500	19.000	9.2565e-01
 9.500	19.250	9.0418e-01
 9.500	19.500	8.8675e-01
 9.500	19.750	8.7004e-01
 9.500	20.000	8.2633e-01
 9.500	20.250	6.8853e-01
 9.500	20.500	5.0948e-01
 9.500	20.750	5.2899e-01
 9.500	21.000	5.4695e-01
 9.500	21.250	5.5077e-01
 9.500	21.500	5.5001e-01
 9.500	21.750	5.4971e-01
 9.500	22.000	5.4866e-01
 9.500	22.250	5.4711e-01
 9.500	22.500	5.4628e-01
 9.500	22.750	5.4611e-01
 9.500	23.000	5.4598e-01
 9.500	23.250	5.4593e-01
 9.500	23.500	5.4693e-01
 9.500	23.750	5.4691e-01
 9.500	24.000	5.4690e-01
 9.750	17.000	9.9400e-01
 9.750	17.250	9.9195e-01
 9.750	17.500	9.8891e-01
 9.750	17.750	9.8446e-01
 9.750	18.000	9.7841e-01
 9.750	18.250	9.6991e-01
 9.750	18.500	9.5840e-01
 9.750	18.750	9.4302e-01
 9.750	19.000	9.2270e-01
 9.750	19.250	8.9841e-01
 9.750	19.500	8.7400e-01
 9.750	19.750	8.5492e-01
 9.750	20.000	8.4093e-01
 9.750	20.250	7.8588e-01
 9.750	20.500	5.7981e-01
 9.750	20.750	5.1100e-01
 9.750	21.000	5.2979e-01
 9.750	21.250	5.4753e-01
 9.750	21.500	5.5077e-01
 9.750	21.750	5.5008e-01
 9.750	22.000	5.4971e-01
 9.750	22.250	5.4864e-01
 9.750	22.500	5.4723e-01
 9.750	22.750	5.4649e-01
 9.750	23.000	5.4639e-01
 9.750	23.250	5.4630e-01
 9.750	23.500	5.4627e-01
 9.750	23.750	5.4624e-01
 9.750	24.000	5.4621e-01
10.000	17.000	9.9379e-01
10.000	17.250	9.9166e-01
10.000	17.500	9.8853e-01
10.000	17.750	9.8378e-01
10.000	18.000	9.7709e-01
10.000	18.250	9.6763e-01
10.000	18.500	9.5527e-01
10.000	18.750	9.3962e-01
10.000	19.000	9.1923e-01
10.000	19.250	8.9074e-01
10.000	19.500	8.5153e-01
10.000	19.750	8.1395e-01
10.000	20.000	7.9119e-01
10.000	20.250	7.8400e-01
10.000	20.500	7.0704e-01
10.000	20.750	4.9824e-01
10.000	21.000	5.1223e-01
10.000	21.250	5.3071e-01
10.000	21.500	5.4815e-01
10.000	21.750	5.5076e-01
10.000	22.000	5.5011e-01
10.000	22.250	5.4982e-01
10.000	22.500	5.4868e-01
10.000	22.750	5.4721e-01
10.000	23.000	5.4662e-01
10.000	23.250	5.4656e-01
10.000	23.500	5.4649e-01
10.000	23.750	5.4649e-01
10.000	24.000	5.4648e-01
10.250	17.000	9.9354e-01
10.250	17.250	9.9136e-01
10.250	17.500	9.8802e-01
10.250	17.750	9.8286e-01
10.250	18.000	9.7508e-01
10.250	18.250	9.6468e-01
10.250	18.500	9.5152e-01
10.250	18.750	9.3496e-01
10.250	19.000	9.1397e-01
10.250	19.250	8.9020e-01
10.250	19.500	8.6406e-01
10.250	19.750	8.3471e-01
10.250	20.000	8.0413e-01
10.250	20.250	7.7609e-01
10.250	20.500	7.6653e-01
10.250	20.750	6.2601e-01
10.250	21.000	4.9250e-01
10.250	21.250	5.1336e-01
10.250	21.500	5.3198e-01
10.250	21.750	5.4870e-01
10.250	22.000	5.5072e-01
10.250	22.250	5.5011e-01
10.250	22.500	5.4994e-01
10.250	22.750	5.4875e-01
10.250	23.000	5.4725e-01
10.250	23.250	5.4668e-01
10.250	23.500	5.4666e-01
10.250	23.750	5.4663e-01
10.250	24.000	5.4662e-01
10.500	17.000	9.9323e-01
10.500	17.250	9.9097e-01
10.500	17.500	9.8739e-01
10.500	17.750	9.8159e-01
10.500	18.000	9.7265e-01
10.500	18.250	9.6104e-01
10.500	18.500	9.4765e-01
10.500	18.750	9.3291e-01
10.500	19.000	9.1858e-01
10.500	19.250	9.0367e-01
10.500	19.500	8.8415e-01
10.500	19.750	8.5799e-01
10.500	20.000	8.2692e-01
10.500	20.250	7.9326e-01
10.500	20.500	7.6171e-01
10.500	20.750	7.5007e-01
10.500	21.000	5.5064e-01
10.500	21.250	4.9385e-01
10.500	21.500	5.1423e-01
10.500	21.750	5.3336e-01
10.500	22.000	5.4888e-01
10.500	22.250	5.5069e-01
10.500	22.500	5.5013e-01
10.500	22.750	5.4999e-01
10.500	23.000	5.4909e-01
10.500	23.250	5.4752e-01
10.500	23.500	5.4684e-01
10.500	23.750	5.4670e-01
10.500	24.000	5.4672e-01
10.750	17.000	9.9270e-01
10.750	17.250	9.9036e-01
10.750	17.500	9.8638e-01
10.750	17.750	9.7943e-01
10.750	18.000	9.6944e-01
10.750	18.250	9.5764e-01
10.750	18.500	9.4510e-01
10.750	18.750	9.3364e-01
10.750	19.000	9.2378e-01
10.750	19.250	9.1294e-01
10.750	19.500	8.9842e-01
10.750	19.750	8.7741e-01
10.750	20.000	8.4848e-01
10.750	20.250	8.1364e-01
10.750	20.500	7.7476e-01
10.750	20.750	7.4044e-01
10.750	21.000	7.2531e-01
10.750	21.250	4.8518e-01
10.750	21.500	4.9403e-01
10.750	21.750	5.1442e-01
10.750	22.000	5.3488e-01
10.750	22.250	5.4875e-01
10.750	22.500	5.5062e-01
10.750	22.750	5.5012e-01
10.750	23.000	5.5000e-01
10.750	23.250	5.4923e-01
10.750	23.500	5.4820e-01
10.750	23.750	5.4750e-01
10.750	24.000	5.4704e-01
11.000	17.000	9.9173e-01
11.000	17.250	9.8934e-01
11.000	17.500	9.8447e-01
11.000	17.750	9.7619e-01
11.000	18.000	9.6507e-01
11.000	18.250	9.5296e-01
11.000	18.500	9.4151e-01
11.000	18.750	9.3300e-01
11.000	19.000	9.2588e-01
11.000	19.250	9.1795e-01
11.000	19.500	9.0700e-01
11.000	19.750	8.9065e-01
11.000	20.000	8.6662e-01
11.000	20.250	8.3373e-01
11.000	20.500	7.9337e-01
11.000	20.750	7.4832e-01
11.000	21.000	7.1297e-01
11.000	21.250	6.8910e-01
11.000	21.500	4.6603e-01
11.000	21.750	4.9444e-01
11.000	22.000	5.1503e-01
11.000	22.250	5.3654e-01
11.000	22.500	5.4845e-01
11.000	22.750	5.5055e-01
11.000	23.000	5.5011e-01
11.000	23.250	5.5001e-01
11.000	23.500	5.4924e-01
11.000	23.750	5.4845e-01
11.000	24.000	5.4822e-01
11.250	17.000	9.8993e-01
11.250	17.250	9.8741e-01
11.250	17.500	9.8136e-01
11.250	17.750	9.7121e-01
11.250	18.000	9.5826e-01
11.250	18.250	9.4541e-01
11.250	18.500	9.3547e-01
11.250	18.750	9.2880e-01
11.250	19.000	9.2394e-01
11.250	19.250	9.1840e-01
11.250	19.500	9.1047e-01
11.250	19.750	8.9829e-01
11.250	20.000	8.7966e-01
11.250	20.250	8.5207e-01
11.250	20.500	8.1416e-01
11.250	20.750	7.6710e-01
11.250	21.000	7.1670e-01
11.250	21.250	6.8399e-01
11.250	21.500	6.5133e-01
11.250	21.750	4.6761e-01
11.250	22.000	4.9386e-01
11.250	22.250	5.1533e-01
11.250	22.500	5.3781e-01
11.250	22.750	5.4792e-01
11.250	23.000	5.5047e-01
11.250	23.250	5.5009e-01
11.250	23.500	5.5000e-01
11.250	23.750	5.4925e-01
11.250	24.000	5.4853e-01
11.500	17.000	9.8755e-01
11.500	17.250	9.8407e-01
11.500	17.500	9.7642e-01
11.500	17.750	9.6349e-01
11.500	18.000	9.4745e-01
11.500	18.250	9.3393e-01
11.500	18.500	9.2537e-01
11.500	18.750	9.2038e-01
11.500	19.000	9.1683e-01
11.500	19.250	9.1355e-01
11.500	19.500	9.0847e-01
11.500	19.750	9.0027e-01
11.500	20.000	8.8707e-01
11.500	20.250	8.6622e-01
11.500	20.500	8.3461e-01
11.500	20.750	7.9081e-01
11.500	21.000	7.3692e-01
11.500	21.250	6.8337e-01
11.500	21.500	6.5791e-01
11.500	21.750	5.7860e-01
11.500	22.000	4.6786e-01
11.500	22.250	4.9326e-01
11.500	22.500	5.1578e-01
11.500	22.750	5.3778e-01
11.500	23.000	5.4737e-01
11.500	23.250	5.5035e-01
11.500	23.500	5.5009e-01
11.500	23.750	5.5000e-01
11.500	24.000	5.4926e-01
11.750	17.000	9.8454e-01
11.750	17.250	9.7907e-01
11.750	17.500	9.6864e-01
11.750	17.750	9.5121e-01
11.750	18.000	9.3104e-01
11.750	18.250	9.1749e-01
11.750	18.500	9.1027e-01
11.750	18.750	9.0643e-01
11.750	19.000	9.0407e-01
11.750	19.250	9.0233e-01
11.750	19.500	9.0015e-01
11.750	19.750	8.9605e-01
11.750	20.000	8.8831e-01
11.750	20.250	8.7434e-01
11.750	20.500	8.5104e-01
11.750	20.750	8.1489e-01
11.750	21.000	7.6491e-01
11.750	21.250	7.0505e-01
11.750	21.500	6.5402e-01
11.750	21.750	6.3371e-01
11.750	22.000	4.8954e-01
11.750	22.250	4.6772e-01
11.750	22.500	4.9257e-01
11.750	22.750	5.1727e-01
11.750	23.000	5.3739e-01
11.750	23.250	5.4687e-01
11.750	23.500	5.5024e-01
11.750	23.750	5.5008e-01
11.750	24.000	5.5000e-01
12.000	17.000	9.8034e-01
12.000	17.250	9.7152e-01
12.000	17.500	9.5569e-01
12.000	17.750	9.3181e-01
12.000	18.000	9.0927e-01
12.000	18.250	8.9656e-01
12.000	18.500	8.8995e-01
12.000	18.750	8.8693e-01
12.000	19.000	8.8583e-01
12.000	19.250	8.8563e-01
12.000	19.500	8.8577e-01
12.000	19.750	8.8581e-01
12.000	20.000	8.8351e-01
12.000	20.250	8.7604e-01
12.000	20.500	8.6087e-01
12.000	20.750	8.3451e-01
12.000	21.000	7.9315e-01
12.000	21.250	7.3685e-01
12.000	21.500	6.7581e-01
12.000	21.750	6.2233e-01
12.000	22.000	6.1286e-01
12.000	22.250	4.2889e-01
12.000	22.500	4.6684e-01
12.000	22.750	4.9234e-01
12.000	23.000	5.1835e-01
12.000	23.250	5.3674e-01
12.000	23.500	5.4630e-01
12.000	23.750	5.5006e-01
12.000	24.000	5.5003e-01
12.250	17.000	9.6793e-01
12.250	17.250	9.5748e-01
12.250	17.500	9.3275e-01
12.250	17.750	9.0302e-01
12.250	18.000	8.8235e-01
12.250	18.250	8.7129e-01
12.250	18.500	8.6596e-01
12.250	18.750	8.6433e-01
12.250	19.000	8.6482e-01
12.250	19.250	8.6648e-01
12.250	19.500	8.6877e-01
12.250	19.750	8.7139e-01
12.250	20.000	8.7340e-01
12.250	20.250	8.7173e-01
12.250	20.500	8.6380e-01
12.250	20.750	8.4667e-01
12.250	21.000	8.1621e-01
12.250	21.250	7.6884e-01
12.250	21.500	7.0917e-01
12.250	21.750	6.4218e-01
12.250	22.000	5.9370e-01
12.250	22.250	5.9234e-01
12.250	22.500	4.3039e-01
12.250	22.750	4.6437e-01
12.250	23.000	4.9298e-01
12.250	23.250	5.1927e-01
12.250	23.500	5.3597e-01
12.250	23.750	5.4578e-01
12.250	24.000	5.4990e-01
12.500	17.000	8.9151e-01
12.500	17.250	9.2725e-01
12.500	17.500	8.9853e-01
12.500	17.750	8.6898e-01
12.500	18.000	8.5116e-01
12.500	18.250	8.4367e-01
12.500	18.500	8.4117e-01
12.500	18.750	8.4164e-01
12.500	19.000	8.4403e-01
12.500	19.250	8.4764e-01
12.500	19.500	8.5183e-01
12.500	19.750	8.5602e-01
12.500	20.000	8.5990e-01
12.500	20.250	8.6213e-01
12.500	20.500	8.6017e-01
12.500	20.750	8.5072e-01
12.500	21.000	8.3064e-01
12.500	21.250	7.9473e-01
12.500	21.500	7.4334e-01
12.500	21.750	6.7451e-01
12.500	22.000	6.0313e-01
12.500	22.250	5.6455e-01
12.500	22.500	5.5857e-01
12.500	22.750	4.3184e-01
12.500	23.000	4.6355e-01
12.500	23.250	4.9430e-01
12.500	23.500	5.1961e-01
12.500	23.750	5.3536e-01
12.500	24.000	5.4529e-01
12.750	17.000	7.0991e-01
12.750	17.250	8.4778e-01
12.750	17.500	8.5696e-01
12.750	17.750	8.3500e-01
12.750	18.000	8.2054e-01
12.750	18.250	8.1629e-01
12.750	18.500	8.1676e-01
12.750	18.750	8.1966e-01
12.750	19.000	8.2406e-01
12.750	19.250	8.2944e-01
12.750	19.500	8.3519e-01
12.750	19.750	8.4074e-01
12.750	20.000	8.4555e-01
12.750	20.250	8.4927e-01
12.750	20.500	8.5096e-01
12.750	20.750	8.4751e-01
12.750	21.000	8.3567e-01
12.750	21.250	8.1103e-01
12.750	21.500	7.7116e-01
12.750	21.750	7.0764e-01
12.750	22.000	6.3029e-01
12.750	22.250	5.5937e-01
12.750	22.500	5.3041e-01
12.750	22.750	5.0039e-01
12.750	23.000	4.2798e-01
12.750	23.250	4.6351e-01
12.750	23.500	4.9550e-01
12.750	23.750	5.1980e-01
12.750	24.000	5.3480e-01
13.000	17.000	2.0273e-01
13.000	17.250	4.0858e-01
13.000	17.500	7.3822e-01
13.000	17.750	7.9907e-01
13.000	18.000	7.9251e-01
13.000	18.250	7.9048e-01
13.000	18.500	7.9242e-01
13.000	18.750	7.9736e-01
13.000	19.000	8.0387e-01
13.000	19.250	8.1118e-01
13.000	19.500	8.1846e-01
13.000	19.750	8.2520e-01
13.000	20.000	8.3092e-01
13.000	20.250	8.3530e-01
13.000	20.500	8.3826e-01
13.000	20.750	8.3845e-01
13.000	21.000	8.3262e-01
13.000	21.250	8.1635e-01
13.000	21.500	7.8807e-01
13.000	21.750	7.3447e-01
13.000	22.000	6.5720e-01
13.000	22.250	5.6861e-01
13.000	22.500	5.0614e-01
13.000	22.750	4.9148e-01
13.000	23.000	4.4023e-01
13.000	23.250	4.2891e-01
13.000	23.500	4.6435e-01
13.000	23.750	4.9642e-01
13.000	24.000	5.1972e-01
13.250	17.000	1.3020e-01
13.250	17.250	2.2841e-01
13.250	17.500	4.4387e-01
13.250	17.750	6.7547e-01
13.250	18.000	7.5970e-01
13.250	18.250	7.6319e-01
13.250	18.500	7.6670e-01
13.250	18.750	7.7353e-01
13.250	19.000	7.8231e-01
13.250	19.250	7.9172e-01
13.250	19.500	8.0074e-01
13.250	19.750	8.0892e-01
13.250	20.000	8.1584e-01
13.250	20.250	8.2110e-01
13.250	20.500	8.2443e-01
13.250	20.750	8.2554e-01
13.250	21.000	8.2300e-01
13.250	21.250	8.1291e-01
13.250	21.500	7.9316e-01
13.250	21.750	7.5098e-01
13.250	22.000	6.7961e-01
13.250	22.250	5.8505e-01
13.250	22.500	4.9508e-01
13.250	22.750	4.4816e-01
13.250	23.000	4.5071e-01
13.250	23.250	4.1151e-01
13.250	23.500	4.2914e-01
13.250	23.750	4.6426e-01
13.250	24.000	4.9659e-01
13.500	17.000	8.2716e-02
13.500	17.250	1.5010e-01
13.500	17.500	2.9137e-01
13.500	17.750	4.9584e-01
13.500	18.000	6.8450e-01
13.500	18.250	7.3083e-01
13.500	18.500	7.3887e-01
13.500	18.750	7.4754e-01
13.500	19.000	7.5831e-01
13.500	19.250	7.7000e-01
13.500	19.500	7.8118e-01
13.500	19.750	7.9108e-01
13.500	20.000	7.9932e-01
13.500	20.250	8.0569e-01
13.500	20.500	8.0980e-01
13.500	20.750	8.1127e-01
13.500	21.000	8.0960e-01
13.500	21.250	8.0275e-01
13.500	21.500	7.8875e-01
13.500	21.750	7.5510e-01
13.500	22.000	6.9259e-01
13.500	22.250	5.9686e-01
13.500	22.500	4.9227e-01
13.500	22.750	4.1936e-01
13.500	23.000	3.9031e-01
13.500	23.250	4.1353e-01
13.500	23.500	3.9582e-01
13.500	23.750	4.2614e-01
13.500	24.000	4.6227e-01
13.750	17.000	5.0708e-02
13.750	17.250	9.6701e-02
13.750	17.500	1.9198e-01
13.750	17.750	3.2458e-01
13.750	18.000	5.3265e-01
13.750	18.250	6.6809e-01
13.750	18.500	7.0516e-01
13.750	18.750	7.1830e-01
13.750	19.000	7.3148e-01
13.750	19.250	7.4530e-01
13.750	19.500	7.5891e-01
13.750	19.750	7.7106e-01
13.750	20.000	7.8113e-01
13.750	20.250	7.8887e-01
13.750	20.500	7.9422e-01
13.750	20.750	7.9638e-01
13.750	21.000	7.9494e-01
13.750	21.250	7.8874e-01
13.750	21.500	7.7809e-01
13.750	21.750	7.4932e-01
13.750	22.000	6.9463e-01
13.750	22.250	6.0348e-01
13.750	22.500	4.9097e-01
13.750	22.750	3.9975e-01
13.750	23.000	3.4628e-01
13.750	23.250	3.3748e-01
13.750	23.500	3.7482e-01
13.750	23.750	3.8400e-01
13.750	24.000	4.1883e-01
14.000	17.000	3.1607e-02
14.000	17.250	5.9372e-02
14.000	17.500	1.2565e-01
14.000	17.750	2.1961e-01
14.000	18.000	3.6295e-01
14.000	18.250	5.4696e-01
14.000	18.500	6.4881e-01
14.000	18.750	6.8309e-01
14.000	19.000	7.0037e-01
14.000	19.250	7.1694e-01
14.000	19.500	7.3326e-01
14.000	19.750	7.4810e-01
14.000	20.000	7.6056e-01
14.000	20.250	7.7029e-01
14.000	20.500	7.7705e-01
14.000	20.750	7.8036e-01
14.000	21.000	7.7962e-01
14.000	21.250	7.7357e-01
14.000	21.500	7.6346e-01
14.000	21.750	7.3810e-01
14.000	22.000	6.8793e-01
14.000	22.250	6.0312e-01
14.000	22.500	4.9062e-01
14.000	22.750	3.8624e-01
14.000	23.000	3.1608e-01
14.000	23.250	2.8226e-01
14.000	23.500	2.8907e-01
14.000	23.750	3.3686e-01
14.000	24.000	3.6689e-01
