nInu 8204.00A  relative to Inci 1215.00A scaled to 1215A.
Hden   Phi(H)  Eq_Width (A)
 7.000	17.000	2.6557e-01
 7.000	17.250	2.6556e-01
 7.000	17.500	2.6556e-01
 7.000	17.750	2.6555e-01
 7.000	18.000	2.6556e-01
 7.000	18.250	2.6559e-01
 7.000	18.500	2.6560e-01
 7.000	18.750	2.6560e-01
 7.000	19.000	2.6560e-01
 7.000	19.250	2.6560e-01
 7.000	19.500	2.6560e-01
 7.000	19.750	2.6560e-01
 7.000	20.000	2.6560e-01
 7.000	20.250	2.6560e-01
 7.000	20.500	2.6560e-01
 7.000	20.750	2.6560e-01
 7.000	21.000	2.6560e-01
 7.000	21.250	2.6560e-01
 7.000	21.500	2.6560e-01
 7.000	21.750	2.6560e-01
 7.000	22.000	2.6560e-01
 7.000	22.250	2.6560e-01
 7.000	22.500	2.6560e-01
 7.000	22.750	2.6560e-01
 7.000	23.000	2.6560e-01
 7.000	23.250	2.6560e-01
 7.000	23.500	2.6560e-01
 7.000	23.750	2.6560e-01
 7.000	24.000	2.6560e-01
 7.250	17.000	2.6556e-01
 7.250	17.250	2.6555e-01
 7.250	17.500	2.6553e-01
 7.250	17.750	2.6550e-01
 7.250	18.000	2.6548e-01
 7.250	18.250	2.6550e-01
 7.250	18.500	2.6558e-01
 7.250	18.750	2.6560e-01
 7.250	19.000	2.6560e-01
 7.250	19.250	2.6560e-01
 7.250	19.500	2.6560e-01
 7.250	19.750	2.6560e-01
 7.250	20.000	2.6560e-01
 7.250	20.250	2.6560e-01
 7.250	20.500	2.6560e-01
 7.250	20.750	2.6560e-01
 7.250	21.000	2.6560e-01
 7.250	21.250	2.6560e-01
 7.250	21.500	2.6560e-01
 7.250	21.750	2.6560e-01
 7.250	22.000	2.6560e-01
 7.250	22.250	2.6560e-01
 7.250	22.500	2.6560e-01
 7.250	22.750	2.6560e-01
 7.250	23.000	2.6560e-01
 7.250	23.250	2.6560e-01
 7.250	23.500	2.6560e-01
 7.250	23.750	2.6560e-01
 7.250	24.000	2.6560e-01
 7.500	17.000	2.6554e-01
 7.500	17.250	2.6552e-01
 7.500	17.500	2.6548e-01
 7.500	17.750	2.6541e-01
 7.500	18.000	2.6532e-01
 7.500	18.250	2.6526e-01
 7.500	18.500	2.6534e-01
 7.500	18.750	2.6555e-01
 7.500	19.000	2.6560e-01
 7.500	19.250	2.6560e-01
 7.500	19.500	2.6560e-01
 7.500	19.750	2.6560e-01
 7.500	20.000	2.6560e-01
 7.500	20.250	2.6560e-01
 7.500	20.500	2.6560e-01
 7.500	20.750	2.6560e-01
 7.500	21.000	2.6560e-01
 7.500	21.250	2.6560e-01
 7.500	21.500	2.6560e-01
 7.500	21.750	2.6560e-01
 7.500	22.000	2.6560e-01
 7.500	22.250	2.6560e-01
 7.500	22.500	2.6560e-01
 7.500	22.750	2.6560e-01
 7.500	23.000	2.6560e-01
 7.500	23.250	2.6560e-01
 7.500	23.500	2.6560e-01
 7.500	23.750	2.6560e-01
 7.500	24.000	2.6560e-01
 7.750	17.000	2.6552e-01
 7.750	17.250	2.6550e-01
 7.750	17.500	2.6544e-01
 7.750	17.750	2.6530e-01
 7.750	18.000	2.6506e-01
 7.750	18.250	2.6476e-01
 7.750	18.500	2.6463e-01
 7.750	18.750	2.6493e-01
 7.750	19.000	2.6547e-01
 7.750	19.250	2.6560e-01
 7.750	19.500	2.6560e-01
 7.750	19.750	2.6560e-01
 7.750	20.000	2.6560e-01
 7.750	20.250	2.6560e-01
 7.750	20.500	2.6560e-01
 7.750	20.750	2.6560e-01
 7.750	21.000	2.6560e-01
 7.750	21.250	2.6560e-01
 7.750	21.500	2.6560e-01
 7.750	21.750	2.6560e-01
 7.750	22.000	2.6560e-01
 7.750	22.250	2.6560e-01
 7.750	22.500	2.6560e-01
 7.750	22.750	2.6560e-01
 7.750	23.000	2.6560e-01
 7.750	23.250	2.6560e-01
 7.750	23.500	2.6560e-01
 7.750	23.750	2.6560e-01
 7.750	24.000	2.6560e-01
 8.000	17.000	2.6549e-01
 8.000	17.250	2.6546e-01
 8.000	17.500	2.6538e-01
 8.000	17.750	2.6519e-01
 8.000	18.000	2.6471e-01
 8.000	18.250	2.6395e-01
 8.000	18.500	2.6324e-01
 8.000	18.750	2.6314e-01
 8.000	19.000	2.6400e-01
 8.000	19.250	2.6536e-01
 8.000	19.500	2.6559e-01
 8.000	19.750	2.6560e-01
 8.000	20.000	2.6560e-01
 8.000	20.250	2.6560e-01
 8.000	20.500	2.6560e-01
 8.000	20.750	2.6560e-01
 8.000	21.000	2.6560e-01
 8.000	21.250	2.6560e-01
 8.000	21.500	2.6560e-01
 8.000	21.750	2.6560e-01
 8.000	22.000	2.6560e-01
 8.000	22.250	2.6560e-01
 8.000	22.500	2.6560e-01
 8.000	22.750	2.6560e-01
 8.000	23.000	2.6560e-01
 8.000	23.250	2.6560e-01
 8.000	23.500	2.6560e-01
 8.000	23.750	2.6560e-01
 8.000	24.000	2.6560e-01
 8.250	17.000	2.6545e-01
 8.250	17.250	2.6541e-01
 8.250	17.500	2.6532e-01
 8.250	17.750	2.6508e-01
 8.250	18.000	2.6439e-01
 8.250	18.250	2.6293e-01
 8.250	18.500	2.6114e-01
 8.250	18.750	2.6007e-01
 8.250	19.000	2.6044e-01
 8.250	19.250	2.6233e-01
 8.250	19.500	2.6504e-01
 8.250	19.750	2.6557e-01
 8.250	20.000	2.6560e-01
 8.250	20.250	2.6560e-01
 8.250	20.500	2.6560e-01
 8.250	20.750	2.6560e-01
 8.250	21.000	2.6560e-01
 8.250	21.250	2.6560e-01
 8.250	21.500	2.6560e-01
 8.250	21.750	2.6560e-01
 8.250	22.000	2.6560e-01
 8.250	22.250	2.6560e-01
 8.250	22.500	2.6560e-01
 8.250	22.750	2.6560e-01
 8.250	23.000	2.6560e-01
 8.250	23.250	2.6560e-01
 8.250	23.500	2.6560e-01
 8.250	23.750	2.6560e-01
 8.250	24.000	2.6560e-01
 8.500	17.000	2.6538e-01
 8.500	17.250	2.6534e-01
 8.500	17.500	2.6524e-01
 8.500	17.750	2.6496e-01
 8.500	18.000	2.6410e-01
 8.500	18.250	2.6206e-01
 8.500	18.500	2.5898e-01
 8.500	18.750	2.5625e-01
 8.500	19.000	2.5537e-01
 8.500	19.250	2.5693e-01
 8.500	19.500	2.6010e-01
 8.500	19.750	2.6419e-01
 8.500	20.000	2.6554e-01
 8.500	20.250	2.6560e-01
 8.500	20.500	2.6560e-01
 8.500	20.750	2.6560e-01
 8.500	21.000	2.6560e-01
 8.500	21.250	2.6560e-01
 8.500	21.500	2.6560e-01
 8.500	21.750	2.6560e-01
 8.500	22.000	2.6560e-01
 8.500	22.250	2.6560e-01
 8.500	22.500	2.6560e-01
 8.500	22.750	2.6560e-01
 8.500	23.000	2.6560e-01
 8.500	23.250	2.6560e-01
 8.500	23.500	2.6560e-01
 8.500	23.750	2.6560e-01
 8.500	24.000	2.6560e-01
 8.750	17.000	2.6527e-01
 8.750	17.250	2.6523e-01
 8.750	17.500	2.6512e-01
 8.750	17.750	2.6481e-01
 8.750	18.000	2.6390e-01
 8.750	18.250	2.6157e-01
 8.750	18.500	2.5747e-01
 8.750	18.750	2.5291e-01
 8.750	19.000	2.4956e-01
 8.750	19.250	2.4892e-01
 8.750	19.500	2.5169e-01
 8.750	19.750	2.5747e-01
 8.750	20.000	2.6344e-01
 8.750	20.250	2.6544e-01
 8.750	20.500	2.6559e-01
 8.750	20.750	2.6560e-01
 8.750	21.000	2.6560e-01
 8.750	21.250	2.6560e-01
 8.750	21.500	2.6560e-01
 8.750	21.750	2.6560e-01
 8.750	22.000	2.6560e-01
 8.750	22.250	2.6560e-01
 8.750	22.500	2.6560e-01
 8.750	22.750	2.6560e-01
 8.750	23.000	2.6560e-01
 8.750	23.250	2.6560e-01
 8.750	23.500	2.6560e-01
 8.750	23.750	2.6560e-01
 8.750	24.000	2.6560e-01
 9.000	17.000	2.6511e-01
 9.000	17.250	2.6508e-01
 9.000	17.500	2.6496e-01
 9.000	17.750	2.6462e-01
 9.000	18.000	2.6366e-01
 9.000	18.250	2.6131e-01
 9.000	18.500	2.5664e-01
 9.000	18.750	2.5013e-01
 9.000	19.000	2.4433e-01
 9.000	19.250	2.4042e-01
 9.000	19.500	2.4029e-01
 9.000	19.750	2.4685e-01
 9.000	20.000	2.5583e-01
 9.000	20.250	2.6238e-01
 9.000	20.500	2.6527e-01
 9.000	20.750	2.6559e-01
 9.000	21.000	2.6560e-01
 9.000	21.250	2.6560e-01
 9.000	21.500	2.6560e-01
 9.000	21.750	2.6560e-01
 9.000	22.000	2.6560e-01
 9.000	22.250	2.6560e-01
 9.000	22.500	2.6560e-01
 9.000	22.750	2.6560e-01
 9.000	23.000	2.6560e-01
 9.000	23.250	2.6560e-01
 9.000	23.500	2.6560e-01
 9.000	23.750	2.6560e-01
 9.000	24.000	2.6560e-01
 9.250	17.000	2.6484e-01
 9.250	17.250	2.6484e-01
 9.250	17.500	2.6473e-01
 9.250	17.750	2.6436e-01
 9.250	18.000	2.6335e-01
 9.250	18.250	2.6095e-01
 9.250	18.500	2.5620e-01
 9.250	18.750	2.4881e-01
 9.250	19.000	2.4006e-01
 9.250	19.250	2.3207e-01
 9.250	19.500	2.2832e-01
 9.250	19.750	2.2906e-01
 9.250	20.000	2.4074e-01
 9.250	20.250	2.5389e-01
 9.250	20.500	2.6104e-01
 9.250	20.750	2.6497e-01
 9.250	21.000	2.6558e-01
 9.250	21.250	2.6560e-01
 9.250	21.500	2.6560e-01
 9.250	21.750	2.6560e-01
 9.250	22.000	2.6560e-01
 9.250	22.250	2.6560e-01
 9.250	22.500	2.6560e-01
 9.250	22.750	2.6560e-01
 9.250	23.000	2.6560e-01
 9.250	23.250	2.6560e-01
 9.250	23.500	2.6560e-01
 9.250	23.750	2.6560e-01
 9.250	24.000	2.6560e-01
 9.500	17.000	2.6437e-01
 9.500	17.250	2.6447e-01
 9.500	17.500	2.6439e-01
 9.500	17.750	2.6401e-01
 9.500	18.000	2.6298e-01
 9.500	18.250	2.6047e-01
 9.500	18.500	2.5569e-01
 9.500	18.750	2.4806e-01
 9.500	19.000	2.3738e-01
 9.500	19.250	2.2527e-01
 9.500	19.500	2.1572e-01
 9.500	19.750	2.1178e-01
 9.500	20.000	2.1774e-01
 9.500	20.250	2.3525e-01
 9.500	20.500	2.5088e-01
 9.500	20.750	2.5946e-01
 9.500	21.000	2.6432e-01
 9.500	21.250	2.6556e-01
 9.500	21.500	2.6559e-01
 9.500	21.750	2.6560e-01
 9.500	22.000	2.6560e-01
 9.500	22.250	2.6560e-01
 9.500	22.500	2.6560e-01
 9.500	22.750	2.6560e-01
 9.500	23.000	2.6560e-01
 9.500	23.250	2.6560e-01
 9.500	23.500	2.6560e-01
 9.500	23.750	2.6560e-01
 9.500	24.000	2.6560e-01
 9.750	17.000	2.6352e-01
 9.750	17.250	2.6386e-01
 9.750	17.500	2.6389e-01
 9.750	17.750	2.6354e-01
 9.750	18.000	2.6238e-01
 9.750	18.250	2.5970e-01
 9.750	18.500	2.5488e-01
 9.750	18.750	2.4754e-01
 9.750	19.000	2.3625e-01
 9.750	19.250	2.2139e-01
 9.750	19.500	2.0636e-01
 9.750	19.750	1.9517e-01
 9.750	20.000	1.9354e-01
 9.750	20.250	2.0936e-01
 9.750	20.500	2.3411e-01
 9.750	20.750	2.4780e-01
 9.750	21.000	2.5738e-01
 9.750	21.250	2.6353e-01
 9.750	21.500	2.6553e-01
 9.750	21.750	2.6559e-01
 9.750	22.000	2.6560e-01
 9.750	22.250	2.6560e-01
 9.750	22.500	2.6560e-01
 9.750	22.750	2.6560e-01
 9.750	23.000	2.6560e-01
 9.750	23.250	2.6560e-01
 9.750	23.500	2.6560e-01
 9.750	23.750	2.6560e-01
 9.750	24.000	2.6560e-01
10.000	17.000	2.6203e-01
10.000	17.250	2.6283e-01
10.000	17.500	2.6311e-01
10.000	17.750	2.6286e-01
10.000	18.000	2.6166e-01
10.000	18.250	2.5883e-01
10.000	18.500	2.5393e-01
10.000	18.750	2.4666e-01
10.000	19.000	2.3548e-01
10.000	19.250	2.1923e-01
10.000	19.500	1.9741e-01
10.000	19.750	1.7311e-01
10.000	20.000	1.5805e-01
10.000	20.250	1.6564e-01
10.000	20.500	1.9803e-01
10.000	20.750	2.2319e-01
10.000	21.000	2.4359e-01
10.000	21.250	2.5548e-01
10.000	21.500	2.6267e-01
10.000	21.750	2.6544e-01
10.000	22.000	2.6558e-01
10.000	22.250	2.6559e-01
10.000	22.500	2.6560e-01
10.000	22.750	2.6560e-01
10.000	23.000	2.6560e-01
10.000	23.250	2.6560e-01
10.000	23.500	2.6560e-01
10.000	23.750	2.6560e-01
10.000	24.000	2.6560e-01
10.250	17.000	2.5976e-01
10.250	17.250	2.6116e-01
10.250	17.500	2.6185e-01
10.250	17.750	2.6181e-01
10.250	18.000	2.6049e-01
10.250	18.250	2.5747e-01
10.250	18.500	2.5251e-01
10.250	18.750	2.4525e-01
10.250	19.000	2.3451e-01
10.250	19.250	2.1993e-01
10.250	19.500	2.0131e-01
10.250	19.750	1.7854e-01
10.250	20.000	1.5659e-01
10.250	20.250	1.4520e-01
10.250	20.500	1.5862e-01
10.250	20.750	1.9284e-01
10.250	21.000	2.2472e-01
10.250	21.250	2.4101e-01
10.250	21.500	2.5369e-01
10.250	21.750	2.6190e-01
10.250	22.000	2.6530e-01
10.250	22.250	2.6557e-01
10.250	22.500	2.6559e-01
10.250	22.750	2.6560e-01
10.250	23.000	2.6560e-01
10.250	23.250	2.6560e-01
10.250	23.500	2.6560e-01
10.250	23.750	2.6560e-01
10.250	24.000	2.6560e-01
10.500	17.000	2.5651e-01
10.500	17.250	2.5858e-01
10.500	17.500	2.5982e-01
10.500	17.750	2.6010e-01
10.500	18.000	2.5872e-01
10.500	18.250	2.5518e-01
10.500	18.500	2.5038e-01
10.500	18.750	2.4334e-01
10.500	19.000	2.3422e-01
10.500	19.250	2.2245e-01
10.500	19.500	2.0733e-01
10.500	19.750	1.8862e-01
10.500	20.000	1.6652e-01
10.500	20.250	1.4716e-01
10.500	20.500	1.3821e-01
10.500	20.750	1.5497e-01
10.500	21.000	1.9090e-01
10.500	21.250	2.2234e-01
10.500	21.500	2.3896e-01
10.500	21.750	2.5091e-01
10.500	22.000	2.6100e-01
10.500	22.250	2.6511e-01
10.500	22.500	2.6555e-01
10.500	22.750	2.6558e-01
10.500	23.000	2.6559e-01
10.500	23.250	2.6560e-01
10.500	23.500	2.6560e-01
10.500	23.750	2.6560e-01
10.500	24.000	2.6560e-01
10.750	17.000	2.5284e-01
10.750	17.250	2.5501e-01
10.750	17.500	2.5675e-01
10.750	17.750	2.5747e-01
10.750	18.000	2.5621e-01
10.750	18.250	2.5191e-01
10.750	18.500	2.4676e-01
10.750	18.750	2.4048e-01
10.750	19.000	2.3300e-01
10.750	19.250	2.2391e-01
10.750	19.500	2.1246e-01
10.750	19.750	1.9787e-01
10.750	20.000	1.7989e-01
10.750	20.250	1.5838e-01
10.750	20.500	1.3999e-01
10.750	20.750	1.3292e-01
10.750	21.000	1.5184e-01
10.750	21.250	1.9206e-01
10.750	21.500	2.2007e-01
10.750	21.750	2.3597e-01
10.750	22.000	2.4910e-01
10.750	22.250	2.5980e-01
10.750	22.500	2.6483e-01
10.750	22.750	2.6551e-01
10.750	23.000	2.6557e-01
10.750	23.250	2.6559e-01
10.750	23.500	2.6560e-01
10.750	23.750	2.6560e-01
10.750	24.000	2.6560e-01
11.000	17.000	2.4945e-01
11.000	17.250	2.5065e-01
11.000	17.500	2.5245e-01
11.000	17.750	2.5347e-01
11.000	18.000	2.5196e-01
11.000	18.250	2.4659e-01
11.000	18.500	2.4094e-01
11.000	18.750	2.3564e-01
11.000	19.000	2.3017e-01
11.000	19.250	2.2387e-01
11.000	19.500	2.1602e-01
11.000	19.750	2.0566e-01
11.000	20.000	1.9128e-01
11.000	20.250	1.7274e-01
11.000	20.500	1.5137e-01
11.000	20.750	1.3323e-01
11.000	21.000	1.2777e-01
11.000	21.250	1.4986e-01
11.000	21.500	1.9027e-01
11.000	21.750	2.1961e-01
11.000	22.000	2.3484e-01
11.000	22.250	2.4753e-01
11.000	22.500	2.5938e-01
11.000	22.750	2.6452e-01
11.000	23.000	2.6545e-01
11.000	23.250	2.6555e-01
11.000	23.500	2.6558e-01
11.000	23.750	2.6559e-01
11.000	24.000	2.6560e-01
11.250	17.000	2.4863e-01
11.250	17.250	2.4631e-01
11.250	17.500	2.4718e-01
11.250	17.750	2.4787e-01
11.250	18.000	2.4549e-01
11.250	18.250	2.3907e-01
11.250	18.500	2.3311e-01
11.250	18.750	2.2915e-01
11.250	19.000	2.2620e-01
11.250	19.250	2.2356e-01
11.250	19.500	2.1871e-01
11.250	19.750	2.1100e-01
11.250	20.000	2.0032e-01
11.250	20.250	1.8559e-01
11.250	20.500	1.6565e-01
11.250	20.750	1.4345e-01
11.250	21.000	1.2570e-01
11.250	21.250	1.2223e-01
11.250	21.500	1.4796e-01
11.250	21.750	1.9225e-01
11.250	22.000	2.1742e-01
11.250	22.250	2.3378e-01
11.250	22.500	2.4611e-01
11.250	22.750	2.5842e-01
11.250	23.000	2.6410e-01
11.250	23.250	2.6536e-01
11.250	23.500	2.6551e-01
11.250	23.750	2.6558e-01
11.250	24.000	2.6559e-01
11.500	17.000	2.5105e-01
11.500	17.250	2.4473e-01
11.500	17.500	2.4137e-01
11.500	17.750	2.4065e-01
11.500	18.000	2.3681e-01
11.500	18.250	2.2866e-01
11.500	18.500	2.2286e-01
11.500	18.750	2.2106e-01
11.500	19.000	2.2163e-01
11.500	19.250	2.2148e-01
11.500	19.500	2.1924e-01
11.500	19.750	2.1434e-01
11.500	20.000	2.0668e-01
11.500	20.250	1.9520e-01
11.500	20.500	1.7898e-01
11.500	20.750	1.5723e-01
11.500	21.000	1.3367e-01
11.500	21.250	1.1646e-01
11.500	21.500	1.1712e-01
11.500	21.750	1.4638e-01
11.500	22.000	1.9045e-01
11.500	22.250	2.1623e-01
11.500	22.500	2.3071e-01
11.500	22.750	2.4488e-01
11.500	23.000	2.5731e-01
11.500	23.250	2.6363e-01
11.500	23.500	2.6522e-01
11.500	23.750	2.6547e-01
11.500	24.000	2.6556e-01
11.750	17.000	2.5615e-01
11.750	17.250	2.4715e-01
11.750	17.500	2.3889e-01
11.750	17.750	2.3272e-01
11.750	18.000	2.2562e-01
11.750	18.250	2.1624e-01
11.750	18.500	2.1152e-01
11.750	18.750	2.1301e-01
11.750	19.000	2.1588e-01
11.750	19.250	2.1712e-01
11.750	19.500	2.1697e-01
11.750	19.750	2.1522e-01
11.750	20.000	2.1042e-01
11.750	20.250	2.0190e-01
11.750	20.500	1.8908e-01
11.750	20.750	1.7009e-01
11.750	21.000	1.4558e-01
11.750	21.250	1.2055e-01
11.750	21.500	1.0788e-01
11.750	21.750	1.0889e-01
11.750	22.000	1.4356e-01
11.750	22.250	1.8657e-01
11.750	22.500	2.1306e-01
11.750	22.750	2.2871e-01
11.750	23.000	2.4330e-01
11.750	23.250	2.5603e-01
11.750	23.500	2.6300e-01
11.750	23.750	2.6504e-01
11.750	24.000	2.6540e-01
12.000	17.000	2.6048e-01
12.000	17.250	2.5362e-01
12.000	17.500	2.4189e-01
12.000	17.750	2.2953e-01
12.000	18.000	2.1680e-01
12.000	18.250	2.0542e-01
12.000	18.500	2.0220e-01
12.000	18.750	2.0598e-01
12.000	19.000	2.0802e-01
12.000	19.250	2.1062e-01
12.000	19.500	2.1283e-01
12.000	19.750	2.1363e-01
12.000	20.000	2.1158e-01
12.000	20.250	2.0607e-01
12.000	20.500	1.9619e-01
12.000	20.750	1.8044e-01
12.000	21.000	1.5736e-01
12.000	21.250	1.2922e-01
12.000	21.500	1.0795e-01
12.000	21.750	9.3198e-02
12.000	22.000	9.7717e-02
12.000	22.250	1.3959e-01
12.000	22.500	1.8172e-01
12.000	22.750	2.0809e-01
12.000	23.000	2.2439e-01
12.000	23.250	2.4092e-01
12.000	23.500	2.5424e-01
12.000	23.750	2.6218e-01
12.000	24.000	2.6479e-01
12.250	17.000	2.6275e-01
12.250	17.250	2.5912e-01
12.250	17.500	2.5047e-01
12.250	17.750	2.3510e-01
12.250	18.000	2.1695e-01
12.250	18.250	2.0235e-01
12.250	18.500	1.9853e-01
12.250	18.750	1.9783e-01
12.250	19.000	1.9982e-01
12.250	19.250	2.0184e-01
12.250	19.500	2.0585e-01
12.250	19.750	2.0920e-01
12.250	20.000	2.1010e-01
12.250	20.250	2.0748e-01
12.250	20.500	2.0044e-01
12.250	20.750	1.8763e-01
12.250	21.000	1.6704e-01
12.250	21.250	1.3865e-01
12.250	21.500	1.1297e-01
12.250	21.750	8.6644e-02
12.250	22.000	7.5273e-02
12.250	22.250	8.4012e-02
12.250	22.500	1.3202e-01
12.250	22.750	1.7293e-01
12.250	23.000	1.9909e-01
12.250	23.250	2.1896e-01
12.250	23.500	2.3729e-01
12.250	23.750	2.5173e-01
12.250	24.000	2.6097e-01
12.500	17.000	2.6407e-01
12.500	17.250	2.6231e-01
12.500	17.500	2.5824e-01
12.500	17.750	2.4934e-01
12.500	18.000	2.3398e-01
12.500	18.250	2.1713e-01
12.500	18.500	2.0035e-01
12.500	18.750	1.9107e-01
12.500	19.000	1.8958e-01
12.500	19.250	1.9254e-01
12.500	19.500	1.9717e-01
12.500	19.750	2.0214e-01
12.500	20.000	2.0570e-01
12.500	20.250	2.0617e-01
12.500	20.500	2.0210e-01
12.500	20.750	1.9208e-01
12.500	21.000	1.7430e-01
12.500	21.250	1.4652e-01
12.500	21.500	1.1927e-01
12.500	21.750	8.5408e-02
12.500	22.000	6.2083e-02
12.500	22.250	5.6078e-02
12.500	22.500	7.0523e-02
12.500	22.750	1.2248e-01
12.500	23.000	1.5915e-01
12.500	23.250	1.8733e-01
12.500	23.500	2.1068e-01
12.500	23.750	2.3156e-01
12.500	24.000	2.4789e-01
12.750	17.000	2.6492e-01
12.750	17.250	2.6420e-01
12.750	17.500	2.6251e-01
12.750	17.750	2.5884e-01
12.750	18.000	2.5111e-01
12.750	18.250	2.3674e-01
12.750	18.500	2.1546e-01
12.750	18.750	1.9629e-01
12.750	19.000	1.8373e-01
12.750	19.250	1.8282e-01
12.750	19.500	1.8711e-01
12.750	19.750	1.9328e-01
12.750	20.000	1.9891e-01
12.750	20.250	2.0175e-01
12.750	20.500	2.0100e-01
12.750	20.750	1.9386e-01
12.750	21.000	1.7869e-01
12.750	21.250	1.5279e-01
12.750	21.500	1.2494e-01
12.750	21.750	8.6315e-02
12.750	22.000	5.4839e-02
12.750	22.250	3.8997e-02
12.750	22.500	4.0377e-02
12.750	22.750	5.7386e-02
12.750	23.000	1.0367e-01
12.750	23.250	1.3918e-01
12.750	23.500	1.7094e-01
12.750	23.750	1.9877e-01
12.750	24.000	2.2280e-01
13.000	17.000	2.6534e-01
13.000	17.250	2.6506e-01
13.000	17.500	2.6436e-01
13.000	17.750	2.6264e-01
13.000	18.000	2.5893e-01
13.000	18.250	2.5140e-01
13.000	18.500	2.3642e-01
13.000	18.750	2.1272e-01
13.000	19.000	1.8987e-01
13.000	19.250	1.7718e-01
13.000	19.500	1.7825e-01
13.000	19.750	1.8278e-01
13.000	20.000	1.8956e-01
13.000	20.250	1.9509e-01
13.000	20.500	1.9685e-01
13.000	20.750	1.9277e-01
13.000	21.000	1.8039e-01
13.000	21.250	1.5669e-01
13.000	21.500	1.2928e-01
13.000	21.750	8.7531e-02
13.000	22.000	5.0568e-02
13.000	22.250	2.8985e-02
13.000	22.500	2.3791e-02
13.000	22.750	2.9461e-02
13.000	23.000	4.4662e-02
13.000	23.250	8.4089e-02
13.000	23.500	1.1624e-01
13.000	23.750	1.5034e-01
13.000	24.000	1.8237e-01
13.250	17.000	2.6545e-01
13.250	17.250	2.6531e-01
13.250	17.500	2.6497e-01
13.250	17.750	2.6418e-01
13.250	18.000	2.6230e-01
13.250	18.250	2.5822e-01
13.250	18.500	2.5013e-01
13.250	18.750	2.3436e-01
13.250	19.000	2.0854e-01
13.250	19.250	1.8466e-01
13.250	19.500	1.7248e-01
13.250	19.750	1.7303e-01
13.250	20.000	1.7906e-01
13.250	20.250	1.8563e-01
13.250	20.500	1.8977e-01
13.250	20.750	1.8900e-01
13.250	21.000	1.7972e-01
13.250	21.250	1.5839e-01
13.250	21.500	1.3227e-01
13.250	21.750	8.9295e-02
13.250	22.000	4.8269e-02
13.250	22.250	2.3015e-02
13.250	22.500	1.4507e-02
13.250	22.750	1.6085e-02
13.250	23.000	2.2524e-02
13.250	23.250	3.4220e-02
13.250	23.500	6.3649e-02
13.250	23.750	9.0642e-02
13.250	24.000	1.2590e-01
13.500	17.000	2.6551e-01
13.500	17.250	2.6543e-01
13.500	17.500	2.6523e-01
13.500	17.750	2.6480e-01
13.500	18.000	2.6378e-01
13.500	18.250	2.6166e-01
13.500	18.500	2.5749e-01
13.500	18.750	2.4901e-01
13.500	19.000	2.3024e-01
13.500	19.250	2.0594e-01
13.500	19.500	1.8196e-01
13.500	19.750	1.6724e-01
13.500	20.000	1.6921e-01
13.500	20.250	1.7536e-01
13.500	20.500	1.8073e-01
13.500	20.750	1.8220e-01
13.500	21.000	1.7592e-01
13.500	21.250	1.5767e-01
13.500	21.500	1.3317e-01
13.500	21.750	9.0395e-02
13.500	22.000	4.7144e-02
13.500	22.250	1.9399e-02
13.500	22.500	9.3758e-03
13.500	22.750	9.0911e-03
13.500	23.000	1.2606e-02
13.500	23.250	1.8343e-02
13.500	23.500	2.6693e-02
13.500	23.750	4.5100e-02
13.500	24.000	6.7115e-02
13.750	17.000	2.6555e-01
13.750	17.250	2.6550e-01
13.750	17.500	2.6538e-01
13.750	17.750	2.6514e-01
13.750	18.000	2.6458e-01
13.750	18.250	2.6342e-01
13.750	18.500	2.6116e-01
13.750	18.750	2.5682e-01
13.750	19.000	2.4802e-01
13.750	19.250	2.3150e-01
13.750	19.500	2.0353e-01
13.750	19.750	1.7525e-01
13.750	20.000	1.6378e-01
13.750	20.250	1.6539e-01
13.750	20.500	1.7037e-01
13.750	20.750	1.7330e-01
13.750	21.000	1.6993e-01
13.750	21.250	1.5491e-01
13.750	21.500	1.3250e-01
13.750	21.750	9.0316e-02
13.750	22.000	4.6508e-02
13.750	22.250	1.7327e-02
13.750	22.500	6.4336e-03
13.750	22.750	5.3495e-03
13.750	23.000	7.2649e-03
13.750	23.250	1.0488e-02
13.750	23.500	1.5028e-02
13.750	23.750	2.0825e-02
13.750	24.000	3.1284e-02
14.000	17.000	2.6557e-01
14.000	17.250	2.6554e-01
14.000	17.500	2.6547e-01
14.000	17.750	2.6533e-01
14.000	18.000	2.6501e-01
14.000	18.250	2.6435e-01
14.000	18.500	2.6311e-01
14.000	18.750	2.6080e-01
14.000	19.000	2.5629e-01
14.000	19.250	2.4661e-01
14.000	19.500	2.2913e-01
14.000	19.750	2.0079e-01
14.000	20.000	1.7203e-01
14.000	20.250	1.6041e-01
14.000	20.500	1.6091e-01
14.000	20.750	1.6339e-01
14.000	21.000	1.6167e-01
14.000	21.250	1.4939e-01
14.000	21.500	1.2984e-01
14.000	21.750	8.9428e-02
14.000	22.000	4.5644e-02
14.000	22.250	1.6029e-02
14.000	22.500	4.7357e-03
14.000	22.750	3.1890e-03
14.000	23.000	4.2597e-03
14.000	23.250	6.0615e-03
14.000	23.500	8.6235e-03
14.000	23.750	1.1955e-02
14.000	24.000	1.5931e-02
