InwD 2700.00A  relative to Inci 1215.00A scaled to 1215A.
Hden   Phi(H)  Eq_Width (A)
7.000  17.000  1.4030e-01
7.000  17.250  1.3956e-01
7.000  17.500  1.3480e-01
7.000  17.750  1.2462e-01
7.000  18.000  1.0452e-01
7.000  18.250  7.3500e-02
7.000  18.500  3.5800e-02
7.000  18.750  1.3750e-02
7.000  19.000  5.2700e-03
7.000  19.250  2.3800e-03
7.000  19.500  9.7000e-04
7.000  19.750  4.2000e-04
7.000  20.000  2.0000e-04
7.000  20.250  1.0000e-04
7.000  20.500  5.0000e-05
7.000  20.750  3.0000e-05
7.000  21.000  2.0000e-05
7.000  21.250  1.0000e-05
7.000  21.500  1.0000e-10
7.000  21.750  1.0000e-05
7.000  22.000  1.0000e-05
7.000  22.250  1.0000e-10
7.000  22.500  1.0000e-10
7.000  22.750  1.0000e-05
7.000  23.000  1.0000e-10
7.000  23.250  1.0000e-10
7.000  23.500  1.0000e-10
7.000  23.750  1.0000e-10
7.000  24.000  1.0000e-10
7.250  17.000  1.4236e-01
7.250  17.250  1.4650e-01
7.250  17.500  1.4697e-01
7.250  17.750  1.4249e-01
7.250  18.000  1.3119e-01
7.250  18.250  1.0772e-01
7.250  18.500  7.3700e-02
7.250  18.750  3.5700e-02
7.250  19.000  1.3720e-02
7.250  19.250  5.2600e-03
7.250  19.500  2.3800e-03
7.250  19.750  9.7000e-04
7.250  20.000  4.2000e-04
7.250  20.250  2.0000e-04
7.250  20.500  1.0000e-04
7.250  20.750  5.0000e-05
7.250  21.000  3.0000e-05
7.250  21.250  2.0000e-05
7.250  21.500  1.0000e-05
7.250  21.750  1.0000e-05
7.250  22.000  1.0000e-10
7.250  22.250  1.0000e-10
7.250  22.500  1.0000e-10
7.250  22.750  1.0000e-10
7.250  23.000  1.0000e-10
7.250  23.250  1.0000e-10
7.250  23.500  1.0000e-10
7.250  23.750  1.0000e-10
7.250  24.000  1.0000e-10
7.500  17.000  1.4134e-01
7.500  17.250  1.4892e-01
7.500  17.500  1.5599e-01
7.500  17.750  1.5892e-01
7.500  18.000  1.5448e-01
7.500  18.250  1.4107e-01
7.500  18.500  1.1123e-01
7.500  18.750  7.3870e-02
7.500  19.000  3.5590e-02
7.500  19.250  1.3700e-02
7.500  19.500  5.2600e-03
7.500  19.750  2.3800e-03
7.500  20.000  9.7000e-04
7.500  20.250  4.2000e-04
7.500  20.500  2.0000e-04
7.500  20.750  1.0000e-04
7.500  21.000  5.0000e-05
7.500  21.250  3.0000e-05
7.500  21.500  2.0000e-05
7.500  21.750  1.0000e-05
7.500  22.000  1.0000e-05
7.500  22.250  1.0000e-05
7.500  22.500  1.0000e-10
7.500  22.750  1.0000e-10
7.500  23.000  1.0000e-10
7.500  23.250  1.0000e-10
7.500  23.500  1.0000e-10
7.500  23.750  1.0000e-10
7.500  24.000  1.0000e-10
7.750  17.000  1.3927e-01
7.750  17.250  1.4766e-01
7.750  17.500  1.5960e-01
7.750  17.750  1.7215e-01
7.750  18.000  1.7867e-01
7.750  18.250  1.7354e-01
7.750  18.500  1.5372e-01
7.750  18.750  1.1524e-01
7.750  19.000  7.4000e-02
7.750  19.250  3.5490e-02
7.750  19.500  1.3680e-02
7.750  19.750  5.2600e-03
7.750  20.000  2.3800e-03
7.750  20.250  9.7000e-04
7.750  20.500  4.2000e-04
7.750  20.750  2.0000e-04
7.750  21.000  1.0000e-04
7.750  21.250  5.0000e-05
7.750  21.500  3.0000e-05
7.750  21.750  2.0000e-05
7.750  22.000  1.0000e-05
7.750  22.250  1.0000e-05
7.750  22.500  1.0000e-10
7.750  22.750  1.0000e-10
7.750  23.000  1.0000e-10
7.750  23.250  1.0000e-10
7.750  23.500  1.0000e-10
7.750  23.750  1.0000e-10
7.750  24.000  1.0000e-10
8.000  17.000  1.3679e-01
8.000  17.250  1.4396e-01
8.000  17.500  1.5689e-01
8.000  17.750  1.7751e-01
8.000  18.000  1.9999e-01
8.000  18.250  2.0994e-01
8.000  18.500  1.9824e-01
8.000  18.750  1.6756e-01
8.000  19.000  1.1822e-01
8.000  19.250  7.3800e-02
8.000  19.500  3.5380e-02
8.000  19.750  1.3640e-02
8.000  20.000  5.2600e-03
8.000  20.250  2.3800e-03
8.000  20.500  9.7000e-04
8.000  20.750  4.2000e-04
8.000  21.000  2.0000e-04
8.000  21.250  1.0000e-04
8.000  21.500  6.0000e-05
8.000  21.750  3.0000e-05
8.000  22.000  2.0000e-05
8.000  22.250  1.0000e-05
8.000  22.500  1.0000e-05
8.000  22.750  1.0000e-10
8.000  23.000  1.0000e-10
8.000  23.250  1.0000e-05
8.000  23.500  1.0000e-10
8.000  23.750  1.0000e-10
8.000  24.000  1.0000e-10
8.250  17.000  1.3675e-01
8.250  17.250  1.4253e-01
8.250  17.500  1.5406e-01
8.250  17.750  1.7662e-01
8.250  18.000  2.1414e-01
8.250  18.250  2.4852e-01
8.250  18.500  2.5433e-01
8.250  18.750  2.2621e-01
8.250  19.000  1.8155e-01
8.250  19.250  1.1979e-01
8.250  19.500  7.3830e-02
8.250  19.750  3.5260e-02
8.250  20.000  1.3610e-02
8.250  20.250  5.2600e-03
8.250  20.500  2.3800e-03
8.250  20.750  9.7000e-04
8.250  21.000  4.2000e-04
8.250  21.250  2.0000e-04
8.250  21.500  1.0000e-04
8.250  21.750  5.0000e-05
8.250  22.000  3.0000e-05
8.250  22.250  2.0000e-05
8.250  22.500  1.0000e-05
8.250  22.750  1.0000e-05
8.250  23.000  1.0000e-05
8.250  23.250  1.0000e-10
8.250  23.500  1.0000e-10
8.250  23.750  1.0000e-10
8.250  24.000  1.0000e-10
8.500  17.000  1.3704e-01
8.500  17.250  1.4252e-01
8.500  17.500  1.5249e-01
8.500  17.750  1.7353e-01
8.500  18.000  2.1676e-01
8.500  18.250  2.7607e-01
8.500  18.500  3.1239e-01
8.500  18.750  2.9954e-01
8.500  19.000  2.4947e-01
8.500  19.250  1.8513e-01
8.500  19.500  1.2125e-01
8.500  19.750  7.3380e-02
8.500  20.000  3.5120e-02
8.500  20.250  1.3570e-02
8.500  20.500  5.2600e-03
8.500  20.750  2.3800e-03
8.500  21.000  9.7000e-04
8.500  21.250  4.2000e-04
8.500  21.500  2.0000e-04
8.500  21.750  1.0000e-04
8.500  22.000  5.0000e-05
8.500  22.250  3.0000e-05
8.500  22.500  1.0000e-05
8.500  22.750  1.0000e-05
8.500  23.000  1.0000e-10
8.500  23.250  1.0000e-10
8.500  23.500  1.0000e-10
8.500  23.750  1.0000e-10
8.500  24.000  1.0000e-05
8.750  17.000  1.3680e-01
8.750  17.250  1.4301e-01
8.750  17.500  1.5277e-01
8.750  17.750  1.7220e-01
8.750  18.000  2.1512e-01
8.750  18.250  2.8696e-01
8.750  18.500  3.5374e-01
8.750  18.750  3.7195e-01
8.750  19.000  3.3344e-01
8.750  19.250  2.7161e-01
8.750  19.500  1.9054e-01
8.750  19.750  1.2279e-01
8.750  20.000  7.2740e-02
8.750  20.250  3.4960e-02
8.750  20.500  1.3520e-02
8.750  20.750  5.2600e-03
8.750  21.000  2.3800e-03
8.750  21.250  9.7000e-04
8.750  21.500  4.2000e-04
8.750  21.750  2.0000e-04
8.750  22.000  1.0000e-04
8.750  22.250  6.0000e-05
8.750  22.500  3.0000e-05
8.750  22.750  2.0000e-05
8.750  23.000  1.0000e-05
8.750  23.250  1.0000e-05
8.750  23.500  1.0000e-05
8.750  23.750  1.0000e-05
8.750  24.000  1.0000e-10
9.000  17.000  1.3547e-01
9.000  17.250  1.4304e-01
9.000  17.500  1.5382e-01
9.000  17.750  1.7352e-01
9.000  18.000  2.1570e-01
9.000  18.250  2.9018e-01
9.000  18.500  3.7287e-01
9.000  18.750  4.2320e-01
9.000  19.000  4.1530e-01
9.000  19.250  3.5937e-01
9.000  19.500  2.8441e-01
9.000  19.750  1.9190e-01
9.000  20.000  1.2418e-01
9.000  20.250  7.2080e-02
9.000  20.500  3.4770e-02
9.000  20.750  1.3460e-02
9.000  21.000  5.2600e-03
9.000  21.250  2.3800e-03
9.000  21.500  9.7000e-04
9.000  21.750  4.2000e-04
9.000  22.000  2.0000e-04
9.000  22.250  1.0000e-04
9.000  22.500  5.0000e-05
9.000  22.750  3.0000e-05
9.000  23.000  1.0000e-05
9.000  23.250  1.0000e-05
9.000  23.500  1.0000e-05
9.000  23.750  1.0000e-05
9.000  24.000  1.0000e-10
9.250  17.000  1.3292e-01
9.250  17.250  1.4211e-01
9.250  17.500  1.5484e-01
9.250  17.750  1.7678e-01
9.250  18.000  2.2178e-01
9.250  18.250  2.9873e-01
9.250  18.500  3.8276e-01
9.250  18.750  4.3975e-01
9.250  19.000  4.6187e-01
9.250  19.250  4.3980e-01
9.250  19.500  3.7323e-01
9.250  19.750  2.8892e-01
9.250  20.000  1.9491e-01
9.250  20.250  1.2567e-01
9.250  20.500  7.1250e-02
9.250  20.750  3.4610e-02
9.250  21.000  1.3410e-02
9.250  21.250  5.2600e-03
9.250  21.500  2.3800e-03
9.250  21.750  9.7000e-04
9.250  22.000  4.3000e-04
9.250  22.250  2.0000e-04
9.250  22.500  1.0000e-04
9.250  22.750  5.0000e-05
9.250  23.000  3.0000e-05
9.250  23.250  2.0000e-05
9.250  23.500  1.0000e-05
9.250  23.750  1.0000e-05
9.250  24.000  1.0000e-10
9.500  17.000  1.2940e-01
9.500  17.250  1.4034e-01
9.500  17.500  1.5549e-01
9.500  17.750  1.8111e-01
9.500  18.000  2.3136e-01
9.500  18.250  3.1378e-01
9.500  18.500  3.9472e-01
9.500  18.750  4.4462e-01
9.500  19.000  4.6682e-01
9.500  19.250  4.6291e-01
9.500  19.500  4.3082e-01
9.500  19.750  3.7436e-01
9.500  20.000  2.8650e-01
9.500  20.250  1.9740e-01
9.500  20.500  1.2585e-01
9.500  20.750  7.0510e-02
9.500  21.000  3.4470e-02
9.500  21.250  1.3370e-02
9.500  21.500  5.2500e-03
9.500  21.750  2.3800e-03
9.500  22.000  9.7000e-04
9.500  22.250  4.2000e-04
9.500  22.500  2.0000e-04
9.500  22.750  1.0000e-04
9.500  23.000  6.0000e-05
9.500  23.250  3.0000e-05
9.500  23.500  1.0000e-05
9.500  23.750  1.0000e-05
9.500  24.000  1.0000e-10
9.750  17.000  1.2463e-01
9.750  17.250  1.3750e-01
9.750  17.500  1.5525e-01
9.750  17.750  1.8557e-01
9.750  18.000  2.4478e-01
9.750  18.250  3.3272e-01
9.750  18.500  4.0808e-01
9.750  18.750  4.4684e-01
9.750  19.000  4.5653e-01
9.750  19.250  4.5116e-01
9.750  19.500  4.3597e-01
9.750  19.750  4.0783e-01
9.750  20.000  3.6171e-01
9.750  20.250  2.8535e-01
9.750  20.500  1.9967e-01
9.750  20.750  1.2440e-01
9.750  21.000  6.9690e-02
9.750  21.250  3.4330e-02
9.750  21.500  1.3310e-02
9.750  21.750  5.2500e-03
9.750  22.000  2.3800e-03
9.750  22.250  9.6000e-04
9.750  22.500  4.2000e-04
9.750  22.750  2.0000e-04
9.750  23.000  1.0000e-04
9.750  23.250  5.0000e-05
9.750  23.500  3.0000e-05
9.750  23.750  2.0000e-05
9.750  24.000  1.0000e-05
10.000  17.000  1.1884e-01
10.000  17.250  1.3381e-01
10.000  17.500  1.5467e-01
10.000  17.750  1.9058e-01
10.000  18.000  2.5749e-01
10.000  18.250  3.4831e-01
10.000  18.500  4.1947e-01
10.000  18.750  4.4893e-01
10.000  19.000  4.4773e-01
10.000  19.250  4.3066e-01
10.000  19.500  3.9581e-01
10.000  19.750  3.5916e-01
10.000  20.000  3.4469e-01
10.000  20.250  3.2952e-01
10.000  20.500  2.8588e-01
10.000  20.750  2.0405e-01
10.000  21.000  1.2301e-01
10.000  21.250  6.8930e-02
10.000  21.500  3.4170e-02
10.000  21.750  1.3260e-02
10.000  22.000  5.2500e-03
10.000  22.250  2.3800e-03
10.000  22.500  9.7000e-04
10.000  22.750  4.3000e-04
10.000  23.000  2.0000e-04
10.000  23.250  1.0000e-04
10.000  23.500  5.0000e-05
10.000  23.750  3.0000e-05
10.000  24.000  1.0000e-05
10.250  17.000  1.1233e-01
10.250  17.250  1.2917e-01
10.250  17.500  1.5424e-01
10.250  17.750  1.9697e-01
10.250  18.000  2.7044e-01
10.250  18.250  3.6184e-01
10.250  18.500  4.2560e-01
10.250  18.750  4.4933e-01
10.250  19.000  4.4237e-01
10.250  19.250  4.2539e-01
10.250  19.500  4.0797e-01
10.250  19.750  3.8945e-01
10.250  20.000  3.7449e-01
10.250  20.250  3.6264e-01
10.250  20.500  3.4468e-01
10.250  20.750  2.9416e-01
10.250  21.000  2.0337e-01
10.250  21.250  1.2128e-01
10.250  21.500  6.8310e-02
10.250  21.750  3.3950e-02
10.250  22.000  1.3220e-02
10.250  22.250  5.2500e-03
10.250  22.500  2.3800e-03
10.250  22.750  9.7000e-04
10.250  23.000  4.3000e-04
10.250  23.250  2.0000e-04
10.250  23.500  1.0000e-04
10.250  23.750  5.0000e-05
10.250  24.000  3.0000e-05
10.500  17.000  1.0675e-01
10.500  17.250  1.2553e-01
10.500  17.500  1.5488e-01
10.500  17.750  2.0512e-01
10.500  18.000  2.8309e-01
10.500  18.250  3.7253e-01
10.500  18.500  4.3093e-01
10.500  18.750  4.5503e-01
10.500  19.000  4.5770e-01
10.500  19.250  4.5187e-01
10.500  19.500  4.4378e-01
10.500  19.750  4.3127e-01
10.500  20.000  4.1614e-01
10.500  20.250  4.0192e-01
10.500  20.500  3.8733e-01
10.500  20.750  3.6295e-01
10.500  21.000  3.0297e-01
10.500  21.250  2.0037e-01
10.500  21.500  1.1954e-01
10.500  21.750  6.7980e-02
10.500  22.000  3.3510e-02
10.500  22.250  1.3160e-02
10.500  22.500  5.2500e-03
10.500  22.750  2.3800e-03
10.500  23.000  9.6000e-04
10.500  23.250  4.2000e-04
10.500  23.500  2.0000e-04
10.500  23.750  1.0000e-04
10.500  24.000  5.0000e-05
10.750  17.000  1.0192e-01
10.750  17.250  1.2302e-01
10.750  17.500  1.5793e-01
10.750  17.750  2.1429e-01
10.750  18.000  2.9337e-01
10.750  18.250  3.7987e-01
10.750  18.500  4.3622e-01
10.750  18.750  4.6621e-01
10.750  19.000  4.7887e-01
10.750  19.250  4.8251e-01
10.750  19.500  4.8036e-01
10.750  19.750  4.7383e-01
10.750  20.000  4.6080e-01
10.750  20.250  4.4377e-01
10.750  20.500  4.2741e-01
10.750  20.750  4.0944e-01
10.750  21.000  3.7888e-01
10.750  21.250  3.0799e-01
10.750  21.500  1.9655e-01
10.750  21.750  1.1779e-01
10.750  22.000  6.7790e-02
10.750  22.250  3.2810e-02
10.750  22.500  1.3120e-02
10.750  22.750  5.2500e-03
10.750  23.000  2.3800e-03
10.750  23.250  9.7000e-04
10.750  23.500  4.2000e-04
10.750  23.750  2.0000e-04
10.750  24.000  1.0000e-04
11.000  17.000  9.7562e-02
11.000  17.250  1.2127e-01
11.000  17.500  1.6167e-01
11.000  17.750  2.2338e-01
11.000  18.000  3.0248e-01
11.000  18.250  3.8545e-01
11.000  18.500  4.4314e-01
11.000  18.750  4.8038e-01
11.000  19.000  5.0112e-01
11.000  19.250  5.1226e-01
11.000  19.500  5.1640e-01
11.000  19.750  5.1285e-01
11.000  20.000  5.0209e-01
11.000  20.250  4.8523e-01
11.000  20.500  4.6617e-01
11.000  20.750  4.4835e-01
11.000  21.000  4.2812e-01
11.000  21.250  3.9269e-01
11.000  21.500  3.0622e-01
11.000  21.750  1.9332e-01
11.000  22.000  1.1644e-01
11.000  22.250  6.7410e-02
11.000  22.500  3.1930e-02
11.000  22.750  1.3080e-02
11.000  23.000  5.2500e-03
11.000  23.250  2.3900e-03
11.000  23.500  9.7000e-04
11.000  23.750  4.2000e-04
11.000  24.000  2.0000e-04
11.250  17.000  9.3291e-02
11.250  17.250  1.1933e-01
11.250  17.500  1.6419e-01
11.250  17.750  2.2925e-01
11.250  18.000  3.0878e-01
11.250  18.250  3.8714e-01
11.250  18.500  4.4593e-01
11.250  18.750  4.8855e-01
11.250  19.000  5.1825e-01
11.250  19.250  5.3827e-01
11.250  19.500  5.4886e-01
11.250  19.750  5.4847e-01
11.250  20.000  5.3979e-01
11.250  20.250  5.2470e-01
11.250  20.500  5.0505e-01
11.250  20.750  4.8508e-01
11.250  21.000  4.6704e-01
11.250  21.250  4.4629e-01
11.250  21.500  3.9886e-01
11.250  21.750  3.0362e-01
11.250  22.000  1.9058e-01
11.250  22.250  1.1486e-01
11.250  22.500  6.6490e-02
11.250  22.750  3.1290e-02
11.250  23.000  1.3020e-02
11.250  23.250  5.2400e-03
11.250  23.500  2.3800e-03
11.250  23.750  9.7000e-04
11.250  24.000  4.3000e-04
11.500  17.000  8.8689e-02
11.500  17.250  1.1683e-01
11.500  17.500  1.6421e-01
11.500  17.750  2.3065e-01
11.500  18.000  3.0961e-01
11.500  18.250  3.8533e-01
11.500  18.500  4.4545e-01
11.500  18.750  4.9247e-01
11.500  19.000  5.3189e-01
11.500  19.250  5.6066e-01
11.500  19.500  5.7634e-01
11.500  19.750  5.8079e-01
11.500  20.000  5.7544e-01
11.500  20.250  5.6226e-01
11.500  20.500  5.4383e-01
11.500  20.750  5.2296e-01
11.500  21.000  5.0316e-01
11.500  21.250  4.8637e-01
11.500  21.500  4.5368e-01
11.500  21.750  4.1089e-01
11.500  22.000  3.0199e-01
11.500  22.250  1.8764e-01
11.500  22.500  1.1387e-01
11.500  22.750  6.4660e-02
11.500  23.000  3.0690e-02
11.500  23.250  1.2970e-02
11.500  23.500  5.2400e-03
11.500  23.750  2.3900e-03
11.500  24.000  9.7000e-04
11.750  17.000  8.2400e-02
11.750  17.250  1.1302e-01
11.750  17.500  1.6129e-01
11.750  17.750  2.2744e-01
11.750  18.000  3.0464e-01
11.750  18.250  3.7841e-01
11.750  18.500  4.4131e-01
11.750  18.750  4.9521e-01
11.750  19.000  5.4291e-01
11.750  19.250  5.7789e-01
11.750  19.500  5.9933e-01
11.750  19.750  6.0901e-01
11.750  20.000  6.0832e-01
11.750  20.250  5.9894e-01
11.750  20.500  5.8292e-01
11.750  20.750  5.6280e-01
11.750  21.000  5.4202e-01
11.750  21.250  5.2381e-01
11.750  21.500  4.9368e-01
11.750  21.750  4.7248e-01
11.750  22.000  4.2183e-01
11.750  22.250  3.0013e-01
11.750  22.500  1.8590e-01
11.750  22.750  1.1310e-01
11.750  23.000  6.2660e-02
11.750  23.250  3.0070e-02
11.750  23.500  1.2920e-02
11.750  23.750  5.2400e-03
11.750  24.000  2.3800e-03
12.000  17.000  7.4926e-02
12.000  17.250  1.0571e-01
12.000  17.500  1.5426e-01
12.000  17.750  2.1818e-01
12.000  18.000  2.9205e-01
12.000  18.250  3.6519e-01
12.000  18.500  4.3298e-01
12.000  18.750  4.9565e-01
12.000  19.000  5.4995e-01
12.000  19.250  5.9050e-01
12.000  19.500  6.1821e-01
12.000  19.750  6.3282e-01
12.000  20.000  6.3729e-01
12.000  20.250  6.3304e-01
12.000  20.500  6.2135e-01
12.000  20.750  6.0420e-01
12.000  21.000  5.8422e-01
12.000  21.250  5.6445e-01
12.000  21.500  5.3124e-01
12.000  21.750  5.1539e-01
12.000  22.000  4.9272e-01
12.000  22.250  4.2791e-01
12.000  22.500  2.9945e-01
12.000  22.750  1.8669e-01
12.000  23.000  1.1200e-01
12.000  23.250  6.0630e-02
12.000  23.500  2.9450e-02
12.000  23.750  1.2860e-02
12.000  24.000  5.2300e-03
12.250  17.000  6.8540e-02
12.250  17.250  9.6014e-02
12.250  17.500  1.4098e-01
12.250  17.750  2.0249e-01
12.250  18.000  2.7331e-01
12.250  18.250  3.4770e-01
12.250  18.500  4.2179e-01
12.250  18.750  4.9191e-01
12.250  19.000  5.4969e-01
12.250  19.250  5.9855e-01
12.250  19.500  6.3195e-01
12.250  19.750  6.5254e-01
12.250  20.000  6.6201e-01
12.250  20.250  6.6293e-01
12.250  20.500  6.5698e-01
12.250  20.750  6.4535e-01
12.250  21.000  6.2947e-01
12.250  21.250  6.1045e-01
12.250  21.500  5.7303e-01
12.250  21.750  5.5506e-01
12.250  22.000  5.3986e-01
12.250  22.250  5.1603e-01
12.250  22.500  4.4027e-01
12.250  22.750  3.0249e-01
12.250  23.000  1.8752e-01
12.250  23.250  1.1002e-01
12.250  23.500  5.8660e-02
12.250  23.750  2.8810e-02
12.250  24.000  1.2780e-02
12.500  17.000  6.1611e-02
12.500  17.250  8.6062e-02
12.500  17.500  1.2452e-01
12.500  17.750  1.7931e-01
12.500  18.000  2.4789e-01
12.500  18.250  3.2335e-01
12.500  18.500  4.0445e-01
12.500  18.750  4.8163e-01
12.500  19.000  5.4770e-01
12.500  19.250  5.9952e-01
12.500  19.500  6.3896e-01
12.500  19.750  6.6580e-01
12.500  20.000  6.8138e-01
12.500  20.250  6.8802e-01
12.500  20.500  6.8797e-01
12.500  20.750  6.8323e-01
12.500  21.000  6.7433e-01
12.500  21.250  6.6050e-01
12.500  21.500  6.2220e-01
12.500  21.750  5.9960e-01
12.500  22.000  5.8182e-01
12.500  22.250  5.7063e-01
12.500  22.500  5.5233e-01
12.500  22.750  4.5488e-01
12.500  23.000  3.0390e-01
12.500  23.250  1.8644e-01
12.500  23.500  1.0695e-01
12.500  23.750  5.6700e-02
12.500  24.000  2.8170e-02
12.750  17.000  5.4211e-02
12.750  17.250  7.5437e-02
12.750  17.500  1.0934e-01
12.750  17.750  1.5788e-01
12.750  18.000  2.2070e-01
12.750  18.250  2.9484e-01
12.750  18.500  3.7695e-01
12.750  18.750  4.5861e-01
12.750  19.000  5.3386e-01
12.750  19.250  5.9390e-01
12.750  19.500  6.3845e-01
12.750  19.750  6.7096e-01
12.750  20.000  6.9310e-01
12.750  20.250  7.0704e-01
12.750  20.500  7.1323e-01
12.750  20.750  7.1517e-01
12.750  21.000  7.1541e-01
12.750  21.250  7.0922e-01
12.750  21.500  6.7533e-01
12.750  21.750  6.5099e-01
12.750  22.000  6.2834e-01
12.750  22.250  6.1454e-01
12.750  22.500  6.0704e-01
12.750  22.750  5.8215e-01
12.750  23.000  4.5763e-01
12.750  23.250  3.0162e-01
12.750  23.500  1.8244e-01
12.750  23.750  1.0346e-01
12.750  24.000  5.4750e-02
13.000  17.000  4.5907e-02
13.000  17.250  6.4691e-02
13.000  17.500  9.4891e-02
13.000  17.750  1.3869e-01
13.000  18.000  1.9602e-01
13.000  18.250  2.6516e-01
13.000  18.500  3.4390e-01
13.000  18.750  4.2702e-01
13.000  19.000  5.0660e-01
13.000  19.250  5.7585e-01
13.000  19.500  6.2828e-01
13.000  19.750  6.6744e-01
13.000  20.000  6.9630e-01
13.000  20.250  7.1713e-01
13.000  20.500  7.3238e-01
13.000  20.750  7.4223e-01
13.000  21.000  7.4815e-01
13.000  21.250  7.5224e-01
13.000  21.500  7.2580e-01
13.000  21.750  7.0934e-01
13.000  22.000  6.7874e-01
13.000  22.250  6.5642e-01
13.000  22.500  6.5116e-01
13.000  22.750  6.4219e-01
13.000  23.000  5.8842e-01
13.000  23.250  4.4380e-01
13.000  23.500  2.9231e-01
13.000  23.750  1.7645e-01
13.000  24.000  9.9350e-02
13.250  17.000  4.0914e-02
13.250  17.250  5.6684e-02
13.250  17.500  8.2734e-02
13.250  17.750  1.2145e-01
13.250  18.000  1.7381e-01
13.250  18.250  2.3848e-01
13.250  18.500  3.1190e-01
13.250  18.750  3.9084e-01
13.250  19.000  4.7108e-01
13.250  19.250  5.4373e-01
13.250  19.500  6.0447e-01
13.250  19.750  6.5342e-01
13.250  20.000  6.9019e-01
13.250  20.250  7.1819e-01
13.250  20.500  7.3977e-01
13.250  20.750  7.5743e-01
13.250  21.000  7.7334e-01
13.250  21.250  7.8061e-01
13.250  21.500  7.6089e-01
13.250  21.750  7.4587e-01
13.250  22.000  7.2188e-01
13.250  22.250  6.9686e-01
13.250  22.500  6.7603e-01
13.250  22.750  6.6080e-01
13.250  23.000  6.3029e-01
13.250  23.250  5.6348e-01
13.250  23.500  4.2140e-01
13.250  23.750  2.8025e-01
13.250  24.000  1.6860e-01
13.500  17.000  3.6226e-02
13.500  17.250  5.0011e-02
13.500  17.500  7.2714e-02
13.500  17.750  1.0678e-01
13.500  18.000  1.5416e-01
13.500  18.250  2.1356e-01
13.500  18.500  2.8240e-01
13.500  18.750  3.5669e-01
13.500  19.000  4.3378e-01
13.500  19.250  5.0685e-01
13.500  19.500  5.7194e-01
13.500  19.750  6.2881e-01
13.500  20.000  6.7335e-01
13.500  20.250  7.1115e-01
13.500  20.500  7.3857e-01
13.500  20.750  7.6097e-01
13.500  21.000  7.7888e-01
13.500  21.250  7.9535e-01
13.500  21.500  7.7908e-01
13.500  21.750  7.6703e-01
13.500  22.000  7.4682e-01
13.500  22.250  7.2705e-01
13.500  22.500  7.0650e-01
13.500  22.750  6.7488e-01
13.500  23.000  6.4554e-01
13.500  23.250  6.0003e-01
13.500  23.500  5.2904e-01
13.500  23.750  3.9462e-01
13.500  24.000  2.6241e-01
13.750  17.000  3.2211e-02
13.750  17.250  4.3897e-02
13.750  17.500  6.3758e-02
13.750  17.750  9.3464e-02
13.750  18.000  1.3608e-01
13.750  18.250  1.9083e-01
13.750  18.500  2.5540e-01
13.750  18.750  3.2574e-01
13.750  19.000  3.9842e-01
13.750  19.250  4.7016e-01
13.750  19.500  5.3869e-01
13.750  19.750  6.0033e-01
13.750  20.000  6.5210e-01
13.750  20.250  6.9549e-01
13.750  20.500  7.3147e-01
13.750  20.750  7.5967e-01
13.750  21.000  7.8229e-01
13.750  21.250  7.9891e-01
13.750  21.500  7.8918e-01
13.750  21.750  7.8031e-01
13.750  22.000  7.5934e-01
13.750  22.250  7.3944e-01
13.750  22.500  7.2339e-01
13.750  22.750  7.0096e-01
13.750  23.000  6.7329e-01
13.750  23.250  6.2717e-01
13.750  23.500  5.6556e-01
13.750  23.750  4.8762e-01
13.750  24.000  3.6174e-01
14.000  17.000  2.8746e-02
14.000  17.250  3.8691e-02
14.000  17.500  5.5364e-02
14.000  17.750  8.1895e-02
14.000  18.000  1.1998e-01
14.000  18.250  1.7034e-01
14.000  18.500  2.3068e-01
14.000  18.750  2.9780e-01
14.000  19.000  3.6789e-01
14.000  19.250  4.3893e-01
14.000  19.500  5.0641e-01
14.000  19.750  5.7067e-01
14.000  20.000  6.2837e-01
14.000  20.250  6.7763e-01
14.000  20.500  7.1975e-01
14.000  20.750  7.5495e-01
14.000  21.000  7.8321e-01
14.000  21.250  8.0544e-01
14.000  21.500  7.9800e-01
14.000  21.750  7.9099e-01
14.000  22.000  7.6958e-01
14.000  22.250  7.4766e-01
14.000  22.500  7.3008e-01
14.000  22.750  7.1846e-01
14.000  23.000  6.9890e-01
14.000  23.250  6.5388e-01
14.000  23.500  5.9482e-01
14.000  23.750  5.2066e-01
14.000  24.000  4.3955e-01
