nFnu 1073.86A  relative to Inci 1215.00A scaled to 1215A.
Hden   Phi(H)  Eq_Width (A)
 7.000	17.000	7.0095e-01
 7.000	17.250	7.0586e-01
 7.000	17.500	6.9475e-01
 7.000	17.750	6.6076e-01
 7.000	18.000	6.0992e-01
 7.000	18.250	5.8031e-01
 7.000	18.500	5.9102e-01
 7.000	18.750	5.8489e-01
 7.000	19.000	5.6809e-01
 7.000	19.250	5.5870e-01
 7.000	19.500	5.5319e-01
 7.000	19.750	5.5051e-01
 7.000	20.000	5.4969e-01
 7.000	20.250	5.4933e-01
 7.000	20.500	5.4915e-01
 7.000	20.750	5.4906e-01
 7.000	21.000	5.4901e-01
 7.000	21.250	5.4899e-01
 7.000	21.500	5.4897e-01
 7.000	21.750	5.4897e-01
 7.000	22.000	5.4896e-01
 7.000	22.250	5.4896e-01
 7.000	22.500	5.4896e-01
 7.000	22.750	5.4896e-01
 7.000	23.000	5.4896e-01
 7.000	23.250	5.4896e-01
 7.000	23.500	5.4896e-01
 7.000	23.750	5.4896e-01
 7.000	24.000	5.4896e-01
 7.250	17.000	6.7673e-01
 7.250	17.250	6.9342e-01
 7.250	17.500	6.9717e-01
 7.250	17.750	6.8509e-01
 7.250	18.000	6.4985e-01
 7.250	18.250	6.0079e-01
 7.250	18.500	5.7804e-01
 7.250	18.750	5.9073e-01
 7.250	19.000	5.8473e-01
 7.250	19.250	5.6806e-01
 7.250	19.500	5.5868e-01
 7.250	19.750	5.5318e-01
 7.250	20.000	5.5052e-01
 7.250	20.250	5.4969e-01
 7.250	20.500	5.4933e-01
 7.250	20.750	5.4915e-01
 7.250	21.000	5.4907e-01
 7.250	21.250	5.4902e-01
 7.250	21.500	5.4899e-01
 7.250	21.750	5.4898e-01
 7.250	22.000	5.4897e-01
 7.250	22.250	5.4896e-01
 7.250	22.500	5.4896e-01
 7.250	22.750	5.4896e-01
 7.250	23.000	5.4896e-01
 7.250	23.250	5.4896e-01
 7.250	23.500	5.4896e-01
 7.250	23.750	5.4896e-01
 7.250	24.000	5.4896e-01
 7.500	17.000	6.4071e-01
 7.500	17.250	6.6829e-01
 7.500	17.500	6.8343e-01
 7.500	17.750	6.8569e-01
 7.500	18.000	6.7178e-01
 7.500	18.250	6.3388e-01
 7.500	18.500	5.9086e-01
 7.500	18.750	5.7614e-01
 7.500	19.000	5.9064e-01
 7.500	19.250	5.8463e-01
 7.500	19.500	5.6802e-01
 7.500	19.750	5.5866e-01
 7.500	20.000	5.5319e-01
 7.500	20.250	5.5052e-01
 7.500	20.500	5.4969e-01
 7.500	20.750	5.4933e-01
 7.500	21.000	5.4915e-01
 7.500	21.250	5.4906e-01
 7.500	21.500	5.4901e-01
 7.500	21.750	5.4898e-01
 7.500	22.000	5.4897e-01
 7.500	22.250	5.4897e-01
 7.500	22.500	5.4896e-01
 7.500	22.750	5.4896e-01
 7.500	23.000	5.4896e-01
 7.500	23.250	5.4896e-01
 7.500	23.500	5.4896e-01
 7.500	23.750	5.4896e-01
 7.500	24.000	5.4896e-01
 7.750	17.000	5.9611e-01
 7.750	17.250	6.3170e-01
 7.750	17.500	6.5586e-01
 7.750	17.750	6.6911e-01
 7.750	18.000	6.7128e-01
 7.750	18.250	6.5354e-01
 7.750	18.500	6.1407e-01
 7.750	18.750	5.7931e-01
 7.750	19.000	5.7457e-01
 7.750	19.250	5.9071e-01
 7.750	19.500	5.8459e-01
 7.750	19.750	5.6800e-01
 7.750	20.000	5.5867e-01
 7.750	20.250	5.5318e-01
 7.750	20.500	5.5051e-01
 7.750	20.750	5.4969e-01
 7.750	21.000	5.4932e-01
 7.750	21.250	5.4915e-01
 7.750	21.500	5.4906e-01
 7.750	21.750	5.4902e-01
 7.750	22.000	5.4899e-01
 7.750	22.250	5.4897e-01
 7.750	22.500	5.4896e-01
 7.750	22.750	5.4896e-01
 7.750	23.000	5.4896e-01
 7.750	23.250	5.4896e-01
 7.750	23.500	5.4895e-01
 7.750	23.750	5.4895e-01
 7.750	24.000	5.4895e-01
 8.000	17.000	5.4204e-01
 8.000	17.250	5.8547e-01
 8.000	17.500	6.1823e-01
 8.000	17.750	6.4179e-01
 8.000	18.000	6.5548e-01
 8.000	18.250	6.5462e-01
 8.000	18.500	6.3053e-01
 8.000	18.750	5.9075e-01
 8.000	19.000	5.6885e-01
 8.000	19.250	5.7357e-01
 8.000	19.500	5.9082e-01
 8.000	19.750	5.8463e-01
 8.000	20.000	5.6798e-01
 8.000	20.250	5.5866e-01
 8.000	20.500	5.5315e-01
 8.000	20.750	5.5051e-01
 8.000	21.000	5.4968e-01
 8.000	21.250	5.4932e-01
 8.000	21.500	5.4915e-01
 8.000	21.750	5.4906e-01
 8.000	22.000	5.4902e-01
 8.000	22.250	5.4899e-01
 8.000	22.500	5.4898e-01
 8.000	22.750	5.4896e-01
 8.000	23.000	5.4896e-01
 8.000	23.250	5.4896e-01
 8.000	23.500	5.4896e-01
 8.000	23.750	5.4896e-01
 8.000	24.000	5.4896e-01
 8.250	17.000	4.8221e-01
 8.250	17.250	5.3172e-01
 8.250	17.500	5.7119e-01
 8.250	17.750	6.0242e-01
 8.250	18.000	6.2972e-01
 8.250	18.250	6.4179e-01
 8.250	18.500	6.3215e-01
 8.250	18.750	6.0253e-01
 8.250	19.000	5.6415e-01
 8.250	19.250	5.6141e-01
 8.250	19.500	5.7292e-01
 8.250	19.750	5.9111e-01
 8.250	20.000	5.8466e-01
 8.250	20.250	5.6798e-01
 8.250	20.500	5.5865e-01
 8.250	20.750	5.5318e-01
 8.250	21.000	5.5052e-01
 8.250	21.250	5.4969e-01
 8.250	21.500	5.4932e-01
 8.250	21.750	5.4915e-01
 8.250	22.000	5.4906e-01
 8.250	22.250	5.4901e-01
 8.250	22.500	5.4899e-01
 8.250	22.750	5.4898e-01
 8.250	23.000	5.4897e-01
 8.250	23.250	5.4896e-01
 8.250	23.500	5.4896e-01
 8.250	23.750	5.4896e-01
 8.250	24.000	5.4896e-01
 8.500	17.000	4.1889e-01
 8.500	17.250	4.7144e-01
 8.500	17.500	5.1612e-01
 8.500	17.750	5.5311e-01
 8.500	18.000	5.9062e-01
 8.500	18.250	6.1288e-01
 8.500	18.500	6.1735e-01
 8.500	18.750	6.0238e-01
 8.500	19.000	5.7714e-01
 8.500	19.250	5.5263e-01
 8.500	19.500	5.5537e-01
 8.500	19.750	5.7335e-01
 8.500	20.000	5.9145e-01
 8.500	20.250	5.8473e-01
 8.500	20.500	5.6798e-01
 8.500	20.750	5.5865e-01
 8.500	21.000	5.5315e-01
 8.500	21.250	5.5051e-01
 8.500	21.500	5.4969e-01
 8.500	21.750	5.4933e-01
 8.500	22.000	5.4915e-01
 8.500	22.250	5.4906e-01
 8.500	22.500	5.4901e-01
 8.500	22.750	5.4898e-01
 8.500	23.000	5.4897e-01
 8.500	23.250	5.4896e-01
 8.500	23.500	5.4896e-01
 8.500	23.750	5.4896e-01
 8.500	24.000	5.4896e-01
 8.750	17.000	3.5475e-01
 8.750	17.250	4.0801e-01
 8.750	17.500	4.5493e-01
 8.750	17.750	4.9554e-01
 8.750	18.000	5.3669e-01
 8.750	18.250	5.6690e-01
 8.750	18.500	5.8171e-01
 8.750	18.750	5.8264e-01
 8.750	19.000	5.7425e-01
 8.750	19.250	5.4829e-01
 8.750	19.500	5.3809e-01
 8.750	19.750	5.5227e-01
 8.750	20.000	5.7379e-01
 8.750	20.250	5.9190e-01
 8.750	20.500	5.8480e-01
 8.750	20.750	5.6797e-01
 8.750	21.000	5.5866e-01
 8.750	21.250	5.5314e-01
 8.750	21.500	5.5052e-01
 8.750	21.750	5.4969e-01
 8.750	22.000	5.4933e-01
 8.750	22.250	5.4915e-01
 8.750	22.500	5.4906e-01
 8.750	22.750	5.4902e-01
 8.750	23.000	5.4899e-01
 8.750	23.250	5.4897e-01
 8.750	23.500	5.4897e-01
 8.750	23.750	5.4896e-01
 8.750	24.000	5.4896e-01
 9.000	17.000	2.9415e-01
 9.000	17.250	3.4372e-01
 9.000	17.500	3.9084e-01
 9.000	17.750	4.3289e-01
 9.000	18.000	4.7413e-01
 9.000	18.250	5.0394e-01
 9.000	18.500	5.2467e-01
 9.000	18.750	5.3845e-01
 9.000	19.000	5.4605e-01
 9.000	19.250	5.4508e-01
 9.000	19.500	5.2604e-01
 9.000	19.750	5.3278e-01
 9.000	20.000	5.5230e-01
 9.000	20.250	5.7452e-01
 9.000	20.500	5.9244e-01
 9.000	20.750	5.8489e-01
 9.000	21.000	5.6798e-01
 9.000	21.250	5.5866e-01
 9.000	21.500	5.5319e-01
 9.000	21.750	5.5051e-01
 9.000	22.000	5.4969e-01
 9.000	22.250	5.4932e-01
 9.000	22.500	5.4915e-01
 9.000	22.750	5.4906e-01
 9.000	23.000	5.4901e-01
 9.000	23.250	5.4899e-01
 9.000	23.500	5.4898e-01
 9.000	23.750	5.4897e-01
 9.000	24.000	5.4896e-01
 9.250	17.000	2.4155e-01
 9.250	17.250	2.8341e-01
 9.250	17.500	3.2625e-01
 9.250	17.750	3.6658e-01
 9.250	18.000	4.0510e-01
 9.250	18.250	4.3259e-01
 9.250	18.500	4.5465e-01
 9.250	18.750	4.7239e-01
 9.250	19.000	4.9839e-01
 9.250	19.250	5.1558e-01
 9.250	19.500	5.2278e-01
 9.250	19.750	5.1189e-01
 9.250	20.000	5.2963e-01
 9.250	20.250	5.5527e-01
 9.250	20.500	5.7555e-01
 9.250	20.750	5.9302e-01
 9.250	21.000	5.8498e-01
 9.250	21.250	5.6797e-01
 9.250	21.500	5.5865e-01
 9.250	21.750	5.5312e-01
 9.250	22.000	5.5027e-01
 9.250	22.250	5.4965e-01
 9.250	22.500	5.4932e-01
 9.250	22.750	5.4915e-01
 9.250	23.000	5.4906e-01
 9.250	23.250	5.4901e-01
 9.250	23.500	5.4899e-01
 9.250	23.750	5.4898e-01
 9.250	24.000	5.4896e-01
 9.500	17.000	1.9628e-01
 9.500	17.250	2.3117e-01
 9.500	17.500	2.6697e-01
 9.500	17.750	3.0005e-01
 9.500	18.000	3.3029e-01
 9.500	18.250	3.5334e-01
 9.500	18.500	3.7719e-01
 9.500	18.750	4.0368e-01
 9.500	19.000	4.2810e-01
 9.500	19.250	4.5797e-01
 9.500	19.500	4.9014e-01
 9.500	19.750	4.9990e-01
 9.500	20.000	5.0674e-01
 9.500	20.250	5.3272e-01
 9.500	20.500	5.5912e-01
 9.500	20.750	5.7690e-01
 9.500	21.000	5.9373e-01
 9.500	21.250	5.8502e-01
 9.500	21.500	5.6784e-01
 9.500	21.750	5.5834e-01
 9.500	22.000	5.5253e-01
 9.500	22.250	5.4905e-01
 9.500	22.500	5.4741e-01
 9.500	22.750	5.4688e-01
 9.500	23.000	5.4657e-01
 9.500	23.250	5.4643e-01
 9.500	23.500	5.4739e-01
 9.500	23.750	5.4734e-01
 9.500	24.000	5.4731e-01
 9.750	17.000	1.5907e-01
 9.750	17.250	1.8648e-01
 9.750	17.500	2.1516e-01
 9.750	17.750	2.4129e-01
 9.750	18.000	2.6063e-01
 9.750	18.250	2.7618e-01
 9.750	18.500	3.0103e-01
 9.750	18.750	3.2332e-01
 9.750	19.000	3.4806e-01
 9.750	19.250	3.8021e-01
 9.750	19.500	4.2243e-01
 9.750	19.750	4.6479e-01
 9.750	20.000	4.8556e-01
 9.750	20.250	5.0675e-01
 9.750	20.500	5.3617e-01
 9.750	20.750	5.6175e-01
 9.750	21.000	5.7863e-01
 9.750	21.250	5.9473e-01
 9.750	21.500	5.8509e-01
 9.750	21.750	5.6791e-01
 9.750	22.000	5.5835e-01
 9.750	22.250	5.5251e-01
 9.750	22.500	5.4917e-01
 9.750	22.750	5.4762e-01
 9.750	23.000	5.4716e-01
 9.750	23.250	5.4689e-01
 9.750	23.500	5.4677e-01
 9.750	23.750	5.4669e-01
 9.750	24.000	5.4664e-01
10.000	17.000	1.2922e-01
10.000	17.250	1.4971e-01
10.000	17.500	1.7162e-01
10.000	17.750	1.8997e-01
10.000	18.000	2.0113e-01
10.000	18.250	2.1040e-01
10.000	18.500	2.2686e-01
10.000	18.750	2.4762e-01
10.000	19.000	2.7133e-01
10.000	19.250	3.0438e-01
10.000	19.500	3.4760e-01
10.000	19.750	3.9372e-01
10.000	20.000	4.3302e-01
10.000	20.250	4.6717e-01
10.000	20.500	5.0673e-01
10.000	20.750	5.4249e-01
10.000	21.000	5.6411e-01
10.000	21.250	5.8087e-01
10.000	21.500	5.9585e-01
10.000	21.750	5.8516e-01
10.000	22.000	5.6794e-01
10.000	22.250	5.5846e-01
10.000	22.500	5.5255e-01
10.000	22.750	5.4916e-01
10.000	23.000	5.4775e-01
10.000	23.250	5.4733e-01
10.000	23.500	5.4708e-01
10.000	23.750	5.4699e-01
10.000	24.000	5.4693e-01
10.250	17.000	1.0601e-01
10.250	17.250	1.2075e-01
10.250	17.500	1.3629e-01
10.250	17.750	1.4758e-01
10.250	18.000	1.5133e-01
10.250	18.250	1.5648e-01
10.250	18.500	1.6895e-01
10.250	18.750	1.8814e-01
10.250	19.000	2.1106e-01
10.250	19.250	2.4088e-01
10.250	19.500	2.7981e-01
10.250	19.750	3.3208e-01
10.250	20.000	3.8668e-01
10.250	20.250	4.3078e-01
10.250	20.500	4.7030e-01
10.250	20.750	5.1167e-01
10.250	21.000	5.4845e-01
10.250	21.250	5.6743e-01
10.250	21.500	5.8420e-01
10.250	21.750	5.9706e-01
10.250	22.000	5.8520e-01
10.250	22.250	5.6794e-01
10.250	22.500	5.5858e-01
10.250	22.750	5.5263e-01
10.250	23.000	5.4919e-01
10.250	23.250	5.4781e-01
10.250	23.500	5.4743e-01
10.250	23.750	5.4722e-01
10.250	24.000	5.4712e-01
10.500	17.000	8.8241e-02
10.500	17.250	9.8431e-02
10.500	17.500	1.0870e-01
10.500	17.750	1.1491e-01
10.500	18.000	1.1389e-01
10.500	18.250	1.1683e-01
10.500	18.500	1.2807e-01
10.500	18.750	1.4494e-01
10.500	19.000	1.6731e-01
10.500	19.250	1.9348e-01
10.500	19.500	2.2616e-01
10.500	19.750	2.6814e-01
10.500	20.000	3.2503e-01
10.500	20.250	3.8446e-01
10.500	20.500	4.3163e-01
10.500	20.750	4.7475e-01
10.500	21.000	5.1854e-01
10.500	21.250	5.5296e-01
10.500	21.500	5.7174e-01
10.500	21.750	5.8851e-01
10.500	22.000	5.9814e-01
10.500	22.250	5.8524e-01
10.500	22.500	5.6795e-01
10.500	22.750	5.5863e-01
10.500	23.000	5.5296e-01
10.500	23.250	5.4946e-01
10.500	23.500	5.4796e-01
10.500	23.750	5.4747e-01
10.500	24.000	5.4731e-01
10.750	17.000	7.4568e-02
10.750	17.250	8.1429e-02
10.750	17.500	8.7826e-02
10.750	17.750	9.0520e-02
10.750	18.000	8.7774e-02
10.750	18.250	9.0605e-02
10.750	18.500	1.0052e-01
10.750	18.750	1.1489e-01
10.750	19.000	1.3305e-01
10.750	19.250	1.5569e-01
10.750	19.500	1.8314e-01
10.750	19.750	2.1768e-01
10.750	20.000	2.6168e-01
10.750	20.250	3.1913e-01
10.750	20.500	3.7987e-01
10.750	20.750	4.3070e-01
10.750	21.000	4.7827e-01
10.750	21.250	5.2533e-01
10.750	21.500	5.5758e-01
10.750	21.750	5.7664e-01
10.750	22.000	5.9408e-01
10.750	22.250	5.9942e-01
10.750	22.500	5.8524e-01
10.750	22.750	5.6795e-01
10.750	23.000	5.5865e-01
10.750	23.250	5.5311e-01
10.750	23.500	5.5015e-01
10.750	23.750	5.4863e-01
10.750	24.000	5.4781e-01
11.000	17.000	6.3745e-02
11.000	17.250	6.8570e-02
11.000	17.500	7.2271e-02
11.000	17.750	7.2829e-02
11.000	18.000	7.0309e-02
11.000	18.250	7.3237e-02
11.000	18.500	8.1153e-02
11.000	18.750	9.2381e-02
11.000	19.000	1.0677e-01
11.000	19.250	1.2550e-01
11.000	19.500	1.4851e-01
11.000	19.750	1.7585e-01
11.000	20.000	2.0987e-01
11.000	20.250	2.5313e-01
11.000	20.500	3.0917e-01
11.000	20.750	3.7159e-01
11.000	21.000	4.2836e-01
11.000	21.250	4.8232e-01
11.000	21.500	5.2995e-01
11.000	21.750	5.6552e-01
11.000	22.000	5.8425e-01
11.000	22.250	6.0072e-01
11.000	22.500	6.0114e-01
11.000	22.750	5.8525e-01
11.000	23.000	5.6793e-01
11.000	23.250	5.5866e-01
11.000	23.500	5.5312e-01
11.000	23.750	5.5040e-01
11.000	24.000	5.4935e-01
11.250	17.000	5.4695e-02
11.250	17.250	5.8453e-02
11.250	17.500	6.0679e-02
11.250	17.750	6.0453e-02
11.250	18.000	5.8731e-02
11.250	18.250	6.1387e-02
11.250	18.500	6.7110e-02
11.250	18.750	7.5488e-02
11.250	19.000	8.6680e-02
11.250	19.250	1.0099e-01
11.250	19.500	1.1930e-01
11.250	19.750	1.4111e-01
11.250	20.000	1.6737e-01
11.250	20.250	1.9987e-01
11.250	20.500	2.4160e-01
11.250	20.750	2.9519e-01
11.250	21.000	3.6110e-01
11.250	21.250	4.2724e-01
11.250	21.500	4.8704e-01
11.250	21.750	5.3868e-01
11.250	22.000	5.7321e-01
11.250	22.250	5.9310e-01
11.250	22.500	6.0717e-01
11.250	22.750	6.0201e-01
11.250	23.000	5.8527e-01
11.250	23.250	5.6791e-01
11.250	23.500	5.5865e-01
11.250	23.750	5.5313e-01
11.250	24.000	5.5048e-01
11.500	17.000	4.7129e-02
11.500	17.250	4.9980e-02
11.500	17.500	5.1603e-02
11.500	17.750	5.1334e-02
11.500	18.000	5.0659e-02
11.500	18.250	5.2801e-02
11.500	18.500	5.6838e-02
11.500	18.750	6.2766e-02
11.500	19.000	7.0768e-02
11.500	19.250	8.1471e-02
11.500	19.500	9.4974e-02
11.500	19.750	1.1237e-01
11.500	20.000	1.3246e-01
11.500	20.250	1.5640e-01
11.500	20.500	1.8708e-01
11.500	20.750	2.2632e-01
11.500	21.000	2.7708e-01
11.500	21.250	3.4954e-01
11.500	21.500	4.2736e-01
11.500	21.750	4.9547e-01
11.500	22.000	5.4859e-01
11.500	22.250	5.8414e-01
11.500	22.500	6.0213e-01
11.500	22.750	6.1213e-01
11.500	23.000	6.0286e-01
11.500	23.250	5.8526e-01
11.500	23.500	5.6791e-01
11.500	23.750	5.5865e-01
11.500	24.000	5.5314e-01
11.750	17.000	4.0791e-02
11.750	17.250	4.2749e-02
11.750	17.500	4.4070e-02
11.750	17.750	4.4260e-02
11.750	18.000	4.4569e-02
11.750	18.250	4.6446e-02
11.750	18.500	4.9199e-02
11.750	18.750	5.2898e-02
11.750	19.000	5.8337e-02
11.750	19.250	6.5971e-02
11.750	19.500	7.5958e-02
11.750	19.750	8.8536e-02
11.750	20.000	1.0429e-01
11.750	20.250	1.2257e-01
11.750	20.500	1.4461e-01
11.750	20.750	1.7275e-01
11.750	21.000	2.0862e-01
11.750	21.250	2.5864e-01
11.750	21.500	3.3689e-01
11.750	21.750	4.3135e-01
11.750	22.000	5.0752e-01
11.750	22.250	5.6073e-01
11.750	22.500	5.9702e-01
11.750	22.750	6.1542e-01
11.750	23.000	6.1680e-01
11.750	23.250	6.0386e-01
11.750	23.500	5.8527e-01
11.750	23.750	5.6791e-01
11.750	24.000	5.5865e-01
12.000	17.000	3.5419e-02
12.000	17.250	3.6616e-02
12.000	17.500	3.7722e-02
12.000	17.750	3.8582e-02
12.000	18.000	3.9864e-02
12.000	18.250	4.1541e-02
12.000	18.500	4.3076e-02
12.000	18.750	4.5334e-02
12.000	19.000	4.8850e-02
12.000	19.250	5.4063e-02
12.000	19.500	6.1216e-02
12.000	19.750	7.0493e-02
12.000	20.000	8.2312e-02
12.000	20.250	9.7104e-02
12.000	20.500	1.1406e-01
12.000	20.750	1.3458e-01
12.000	21.000	1.6006e-01
12.000	21.250	1.9346e-01
12.000	21.500	2.4499e-01
12.000	21.750	3.2709e-01
12.000	22.000	4.3976e-01
12.000	22.250	5.2163e-01
12.000	22.500	5.7626e-01
12.000	22.750	6.1507e-01
12.000	23.000	6.2707e-01
12.000	23.250	6.2141e-01
12.000	23.500	6.0481e-01
12.000	23.750	5.8522e-01
12.000	24.000	5.6786e-01
12.250	17.000	3.0808e-02
12.250	17.250	3.1653e-02
12.250	17.500	3.2723e-02
12.250	17.750	3.4330e-02
12.250	18.000	3.6016e-02
12.250	18.250	3.7072e-02
12.250	18.500	3.8060e-02
12.250	18.750	3.9533e-02
12.250	19.000	4.1769e-02
12.250	19.250	4.5189e-02
12.250	19.500	5.0152e-02
12.250	19.750	5.6943e-02
12.250	20.000	6.5779e-02
12.250	20.250	7.6945e-02
12.250	20.500	9.0828e-02
12.250	20.750	1.0639e-01
12.250	21.000	1.2544e-01
12.250	21.250	1.4876e-01
12.250	21.500	1.8310e-01
12.250	21.750	2.3532e-01
12.250	22.000	3.2537e-01
12.250	22.250	4.5387e-01
12.250	22.500	5.4339e-01
12.250	22.750	5.9968e-01
12.250	23.000	6.3383e-01
12.250	23.250	6.3895e-01
12.250	23.500	6.2584e-01
12.250	23.750	6.0584e-01
12.250	24.000	5.8519e-01
12.500	17.000	2.7691e-02
12.500	17.250	2.8431e-02
12.500	17.500	2.9764e-02
12.500	17.750	3.1256e-02
12.500	18.000	3.2276e-02
12.500	18.250	3.3107e-02
12.500	18.500	3.3929e-02
12.500	18.750	3.4991e-02
12.500	19.000	3.6488e-02
12.500	19.250	3.8700e-02
12.500	19.500	4.2014e-02
12.500	19.750	4.6756e-02
12.500	20.000	5.3192e-02
12.500	20.250	6.1508e-02
12.500	20.500	7.2026e-02
12.500	20.750	8.4795e-02
12.500	21.000	9.9521e-02
12.500	21.250	1.1695e-01
12.500	21.500	1.4071e-01
12.500	21.750	1.7362e-01
12.500	22.000	2.3134e-01
12.500	22.250	3.3250e-01
12.500	22.500	4.7744e-01
12.500	22.750	5.7313e-01
12.500	23.000	6.2866e-01
12.500	23.250	6.5536e-01
12.500	23.500	6.4987e-01
12.500	23.750	6.3029e-01
12.500	24.000	6.0677e-01
12.750	17.000	2.6353e-02
12.750	17.250	2.6961e-02
12.750	17.500	2.7649e-02
12.750	17.750	2.8314e-02
12.750	18.000	2.9016e-02
12.750	18.250	2.9768e-02
12.750	18.500	3.0496e-02
12.750	18.750	3.1315e-02
12.750	19.000	3.2375e-02
12.750	19.250	3.3853e-02
12.750	19.500	3.5982e-02
12.750	19.750	3.9133e-02
12.750	20.000	4.3625e-02
12.750	20.250	4.9660e-02
12.750	20.500	5.7474e-02
12.750	20.750	6.7386e-02
12.750	21.000	7.9448e-02
12.750	21.250	9.3183e-02
12.750	21.500	1.1050e-01
12.750	21.750	1.3176e-01
12.750	22.000	1.6773e-01
12.750	22.250	2.3376e-01
12.750	22.500	3.4708e-01
12.750	22.750	5.0744e-01
12.750	23.000	6.0753e-01
12.750	23.250	6.6151e-01
12.750	23.500	6.7530e-01
12.750	23.750	6.6038e-01
12.750	24.000	6.3448e-01
13.000	17.000	5.1225e-02
13.000	17.250	2.8919e-02
13.000	17.500	2.5389e-02
13.000	17.750	2.5786e-02
13.000	18.000	2.6354e-02
13.000	18.250	2.7004e-02
13.000	18.500	2.7637e-02
13.000	18.750	2.8271e-02
13.000	19.000	2.9028e-02
13.000	19.250	3.0047e-02
13.000	19.500	3.1453e-02
13.000	19.750	3.3460e-02
13.000	20.000	3.6399e-02
13.000	20.250	4.0591e-02
13.000	20.500	4.6292e-02
13.000	20.750	5.3773e-02
13.000	21.000	6.3218e-02
13.000	21.250	7.4217e-02
13.000	21.500	8.7769e-02
13.000	21.750	1.0325e-01
13.000	22.000	1.2472e-01
13.000	22.250	1.6523e-01
13.000	22.500	2.4244e-01
13.000	22.750	3.6969e-01
13.000	23.000	5.4120e-01
13.000	23.250	6.4308e-01
13.000	23.500	6.9307e-01
13.000	23.750	6.9681e-01
13.000	24.000	6.7103e-01
13.250	17.000	4.8846e-02
13.250	17.250	4.2940e-02
13.250	17.500	2.3565e-02
13.250	17.750	2.3736e-02
13.250	18.000	2.4148e-02
13.250	18.250	2.4695e-02
13.250	18.500	2.5223e-02
13.250	18.750	2.5723e-02
13.250	19.000	2.6259e-02
13.250	19.250	2.6948e-02
13.250	19.500	2.7883e-02
13.250	19.750	2.9202e-02
13.250	20.000	3.1072e-02
13.250	20.250	3.3762e-02
13.250	20.500	3.7593e-02
13.250	20.750	4.2874e-02
13.250	21.000	4.9992e-02
13.250	21.250	5.8292e-02
13.250	21.500	6.8582e-02
13.250	21.750	7.9451e-02
13.250	22.000	9.4009e-02
13.250	22.250	1.1961e-01
13.250	22.500	1.6707e-01
13.250	22.750	2.5173e-01
13.250	23.000	3.8607e-01
13.250	23.250	5.7513e-01
13.250	23.500	6.8367e-01
13.250	23.750	7.2880e-01
13.250	24.000	7.1903e-01
13.500	17.000	4.6535e-02
13.500	17.250	4.1046e-02
13.500	17.500	2.2033e-02
13.500	17.750	2.1969e-02
13.500	18.000	2.2243e-02
13.500	18.250	2.2700e-02
13.500	18.500	2.3163e-02
13.500	18.750	2.3561e-02
13.500	19.000	2.3943e-02
13.500	19.250	2.4381e-02
13.500	19.500	2.4988e-02
13.500	19.750	2.5841e-02
13.500	20.000	2.7050e-02
13.500	20.250	2.8789e-02
13.500	20.500	3.1202e-02
13.500	20.750	3.4623e-02
13.500	21.000	3.9194e-02
13.500	21.250	4.5347e-02
13.500	21.500	5.2845e-02
13.500	21.750	6.0526e-02
13.500	22.000	7.0452e-02
13.500	22.250	8.7514e-02
13.500	22.500	1.1878e-01
13.500	22.750	1.7166e-01
13.500	23.000	2.6291e-01
13.500	23.250	4.0431e-01
13.500	23.500	6.2060e-01
13.500	23.750	7.3542e-01
13.500	24.000	7.6558e-01
13.750	17.000	4.3944e-02
13.750	17.250	4.0222e-02
13.750	17.500	2.1687e-02
13.750	17.750	2.0399e-02
13.750	18.000	2.0552e-02
13.750	18.250	2.0937e-02
13.750	18.500	2.1350e-02
13.750	18.750	2.1686e-02
13.750	19.000	2.1968e-02
13.750	19.250	2.2256e-02
13.750	19.500	2.2622e-02
13.750	19.750	2.3158e-02
13.750	20.000	2.3951e-02
13.750	20.250	2.5078e-02
13.750	20.500	2.6685e-02
13.750	20.750	2.8865e-02
13.750	21.000	3.1827e-02
13.750	21.250	3.5672e-02
13.750	21.500	4.1143e-02
13.750	21.750	4.6558e-02
13.750	22.000	5.2923e-02
13.750	22.250	6.3820e-02
13.750	22.500	8.5205e-02
13.750	22.750	1.2206e-01
13.750	23.000	1.8476e-01
13.750	23.250	2.8494e-01
13.750	23.500	4.3442e-01
13.750	23.750	6.8335e-01
13.750	24.000	7.9836e-01
14.000	17.000	4.0095e-02
14.000	17.250	3.9883e-02
14.000	17.500	2.3781e-02
14.000	17.750	1.8955e-02
14.000	18.000	1.9020e-02
14.000	18.250	1.9328e-02
14.000	18.500	1.9706e-02
14.000	18.750	2.0018e-02
14.000	19.000	2.0239e-02
14.000	19.250	2.0434e-02
14.000	19.500	2.0666e-02
14.000	19.750	2.1000e-02
14.000	20.000	2.1501e-02
14.000	20.250	2.2256e-02
14.000	20.500	2.3345e-02
14.000	20.750	2.4834e-02
14.000	21.000	2.6828e-02
14.000	21.250	2.9450e-02
14.000	21.500	3.3063e-02
14.000	21.750	3.7056e-02
14.000	22.000	4.1375e-02
14.000	22.250	4.8412e-02
14.000	22.500	6.2447e-02
14.000	22.750	8.9420e-02
14.000	23.000	1.3507e-01
14.000	23.250	2.0617e-01
14.000	23.500	3.1912e-01
14.000	23.750	4.7513e-01
14.000	24.000	7.7534e-01
