nFnu 122.400m  relative to Inci 1215.00A scaled to 1215A.
Hden   Phi(H)  Eq_Width (A)
 7.000	17.000	1.3226e-03
 7.000	17.250	1.2889e-03
 7.000	17.500	1.2133e-03
 7.000	17.750	1.0891e-03
 7.000	18.000	8.9490e-04
 7.000	18.250	6.3926e-04
 7.000	18.500	3.4881e-04
 7.000	18.750	1.4634e-04
 7.000	19.000	4.9547e-05
 7.000	19.250	2.0494e-05
 7.000	19.500	7.4074e-06
 7.000	19.750	3.0453e-06
 7.000	20.000	1.3992e-06
 7.000	20.250	1.0000e-07
 7.000	20.500	1.0000e-07
 7.000	20.750	1.0000e-07
 7.000	21.000	1.0000e-07
 7.000	21.250	1.0000e-07
 7.000	21.500	1.0000e-07
 7.000	21.750	1.0000e-07
 7.000	22.000	1.0000e-07
 7.000	22.250	1.0000e-07
 7.000	22.500	1.0000e-07
 7.000	22.750	1.0000e-07
 7.000	23.000	1.0000e-07
 7.000	23.250	1.0000e-07
 7.000	23.500	1.0000e-07
 7.000	23.750	1.0000e-07
 7.000	24.000	1.0000e-07
 7.250	17.000	1.3576e-03
 7.250	17.250	1.3718e-03
 7.250	17.500	1.3429e-03
 7.250	17.750	1.2626e-03
 7.250	18.000	1.1226e-03
 7.250	18.250	9.0148e-04
 7.250	18.500	6.2947e-04
 7.250	18.750	3.4444e-04
 7.250	19.000	1.4568e-04
 7.250	19.250	4.9465e-05
 7.250	19.500	2.0494e-05
 7.250	19.750	7.4074e-06
 7.250	20.000	3.0453e-06
 7.250	20.250	1.3992e-06
 7.250	20.500	1.0000e-07
 7.250	20.750	1.0000e-07
 7.250	21.000	1.0000e-07
 7.250	21.250	1.0000e-07
 7.250	21.500	1.0000e-07
 7.250	21.750	1.0000e-07
 7.250	22.000	1.0000e-07
 7.250	22.250	1.0000e-07
 7.250	22.500	1.0000e-07
 7.250	22.750	1.0000e-07
 7.250	23.000	1.0000e-07
 7.250	23.250	1.0000e-07
 7.250	23.500	1.0000e-07
 7.250	23.750	1.0000e-07
 7.250	24.000	1.0000e-07
 7.500	17.000	1.3616e-03
 7.500	17.250	1.4110e-03
 7.500	17.500	1.4444e-03
 7.500	17.750	1.4258e-03
 7.500	18.000	1.3323e-03
 7.500	18.250	1.1644e-03
 7.500	18.500	8.9745e-04
 7.500	18.750	6.1226e-04
 7.500	19.000	3.3778e-04
 7.500	19.250	1.4477e-04
 7.500	19.500	4.9465e-05
 7.500	19.750	2.0494e-05
 7.500	20.000	7.4074e-06
 7.500	20.250	3.0453e-06
 7.500	20.500	1.3992e-06
 7.500	20.750	1.0000e-07
 7.500	21.000	1.0000e-07
 7.500	21.250	1.0000e-07
 7.500	21.500	1.0000e-07
 7.500	21.750	1.0000e-07
 7.500	22.000	1.0000e-07
 7.500	22.250	1.0000e-07
 7.500	22.500	1.0000e-07
 7.500	22.750	1.0000e-07
 7.500	23.000	1.0000e-07
 7.500	23.250	1.0000e-07
 7.500	23.500	1.0000e-07
 7.500	23.750	1.0000e-07
 7.500	24.000	1.0000e-07
 7.750	17.000	1.3544e-03
 7.750	17.250	1.4142e-03
 7.750	17.500	1.4959e-03
 7.750	17.750	1.5632e-03
 7.750	18.000	1.5522e-03
 7.750	18.250	1.4267e-03
 7.750	18.500	1.1953e-03
 7.750	18.750	8.7654e-04
 7.750	19.000	5.8453e-04
 7.750	19.250	3.2757e-04
 7.750	19.500	1.4337e-04
 7.750	19.750	4.9383e-05
 7.750	20.000	2.0494e-05
 7.750	20.250	7.4074e-06
 7.750	20.500	3.0453e-06
 7.750	20.750	1.3992e-06
 7.750	21.000	1.0000e-07
 7.750	21.250	1.0000e-07
 7.750	21.500	1.0000e-07
 7.750	21.750	1.0000e-07
 7.750	22.000	1.0000e-07
 7.750	22.250	1.0000e-07
 7.750	22.500	1.0000e-07
 7.750	22.750	1.0000e-07
 7.750	23.000	1.0000e-07
 7.750	23.250	1.0000e-07
 7.750	23.500	1.0000e-07
 7.750	23.750	1.0000e-07
 7.750	24.000	1.0000e-07
 8.000	17.000	1.3432e-03
 8.000	17.250	1.3930e-03
 8.000	17.500	1.4890e-03
 8.000	17.750	1.6337e-03
 8.000	18.000	1.7530e-03
 8.000	18.250	1.7193e-03
 8.000	18.500	1.4995e-03
 8.000	18.750	1.1792e-03
 8.000	19.000	8.1967e-04
 8.000	19.250	5.4099e-04
 8.000	19.500	3.1210e-04
 8.000	19.750	1.4107e-04
 8.000	20.000	4.9300e-05
 8.000	20.250	2.0412e-05
 8.000	20.500	7.4074e-06
 8.000	20.750	3.0453e-06
 8.000	21.000	1.3992e-06
 8.000	21.250	1.0000e-07
 8.000	21.500	1.0000e-07
 8.000	21.750	1.0000e-07
 8.000	22.000	1.0000e-07
 8.000	22.250	1.0000e-07
 8.000	22.500	1.0000e-07
 8.000	22.750	1.0000e-07
 8.000	23.000	1.0000e-07
 8.000	23.250	1.0000e-07
 8.000	23.500	1.0000e-07
 8.000	23.750	1.0000e-07
 8.000	24.000	1.0000e-07
 8.250	17.000	1.3556e-03
 8.250	17.250	1.3919e-03
 8.250	17.500	1.4781e-03
 8.250	17.750	1.6489e-03
 8.250	18.000	1.9013e-03
 8.250	18.250	2.0285e-03
 8.250	18.500	1.8570e-03
 8.250	18.750	1.4752e-03
 8.250	19.000	1.0818e-03
 8.250	19.250	7.2008e-04
 8.250	19.500	4.8222e-04
 8.250	19.750	2.8955e-04
 8.250	20.000	1.3770e-04
 8.250	20.250	4.9136e-05
 8.250	20.500	2.0412e-05
 8.250	20.750	7.4074e-06
 8.250	21.000	3.0453e-06
 8.250	21.250	1.3992e-06
 8.250	21.500	1.0000e-07
 8.250	21.750	1.0000e-07
 8.250	22.000	1.0000e-07
 8.250	22.250	1.0000e-07
 8.250	22.500	1.0000e-07
 8.250	22.750	1.0000e-07
 8.250	23.000	1.0000e-07
 8.250	23.250	1.0000e-07
 8.250	23.500	1.0000e-07
 8.250	23.750	1.0000e-07
 8.250	24.000	1.0000e-07
 8.500	17.000	1.3722e-03
 8.500	17.250	1.4047e-03
 8.500	17.500	1.4775e-03
 8.500	17.750	1.6416e-03
 8.500	18.000	1.9587e-03
 8.500	18.250	2.2656e-03
 8.500	18.500	2.1984e-03
 8.500	18.750	1.7708e-03
 8.500	19.000	1.2133e-03
 8.500	19.250	7.4255e-04
 8.500	19.500	5.3761e-04
 8.500	19.750	4.0461e-04
 8.500	20.000	2.5794e-04
 8.500	20.250	1.3259e-04
 8.500	20.500	4.8807e-05
 8.500	20.750	2.0412e-05
 8.500	21.000	7.4074e-06
 8.500	21.250	3.0453e-06
 8.500	21.500	1.3992e-06
 8.500	21.750	1.0000e-07
 8.500	22.000	1.0000e-07
 8.500	22.250	1.0000e-07
 8.500	22.500	1.0000e-07
 8.500	22.750	1.0000e-07
 8.500	23.000	1.0000e-07
 8.500	23.250	1.0000e-07
 8.500	23.500	1.0000e-07
 8.500	23.750	1.0000e-07
 8.500	24.000	1.0000e-07
 8.750	17.000	1.3850e-03
 8.750	17.250	1.4234e-03
 8.750	17.500	1.4942e-03
 8.750	17.750	1.6479e-03
 8.750	18.000	1.9774e-03
 8.750	18.250	2.3912e-03
 8.750	18.500	2.4354e-03
 8.750	18.750	1.8585e-03
 8.750	19.000	9.2519e-04
 8.750	19.250	5.5481e-04
 8.750	19.500	3.7959e-04
 8.750	19.750	2.8568e-04
 8.750	20.000	2.4123e-04
 8.750	20.250	2.1671e-04
 8.750	20.500	1.2519e-04
 8.750	20.750	4.8395e-05
 8.750	21.000	2.0329e-05
 8.750	21.250	7.4074e-06
 8.750	21.500	3.0453e-06
 8.750	21.750	1.3992e-06
 8.750	22.000	1.0000e-07
 8.750	22.250	1.0000e-07
 8.750	22.500	1.0000e-07
 8.750	22.750	1.0000e-07
 8.750	23.000	1.0000e-07
 8.750	23.250	1.0000e-07
 8.750	23.500	1.0000e-07
 8.750	23.750	1.0000e-07
 8.750	24.000	1.0000e-07
 9.000	17.000	1.3887e-03
 9.000	17.250	1.4392e-03
 9.000	17.500	1.5197e-03
 9.000	17.750	1.6782e-03
 9.000	18.000	2.0109e-03
 9.000	18.250	2.4602e-03
 9.000	18.500	2.5657e-03
 9.000	18.750	1.5984e-03
 9.000	19.000	7.5802e-04
 9.000	19.250	4.5630e-04
 9.000	19.500	3.1259e-04
 9.000	19.750	2.2477e-04
 9.000	20.000	1.7251e-04
 9.000	20.250	1.4568e-04
 9.000	20.500	1.4823e-04
 9.000	20.750	1.1465e-04
 9.000	21.000	4.7654e-05
 9.000	21.250	2.0165e-05
 9.000	21.500	7.4074e-06
 9.000	21.750	3.0453e-06
 9.000	22.000	1.3992e-06
 9.000	22.250	1.0000e-07
 9.000	22.500	1.0000e-07
 9.000	22.750	1.0000e-07
 9.000	23.000	1.0000e-07
 9.000	23.250	1.0000e-07
 9.000	23.500	1.0000e-07
 9.000	23.750	1.0000e-07
 9.000	24.000	1.0000e-07
 9.250	17.000	1.3830e-03
 9.250	17.250	1.4477e-03
 9.250	17.500	1.5463e-03
 9.250	17.750	1.7276e-03
 9.250	18.000	2.0900e-03
 9.250	18.250	2.5607e-03
 9.250	18.500	2.6505e-03
 9.250	18.750	1.4238e-03
 9.250	19.000	6.7984e-04
 9.250	19.250	4.1679e-04
 9.250	19.500	2.9062e-04
 9.250	19.750	2.0807e-04
 9.250	20.000	1.5835e-04
 9.250	20.250	1.2230e-04
 9.250	20.500	9.8519e-05
 9.250	20.750	9.1852e-05
 9.250	21.000	1.0033e-04
 9.250	21.250	4.6584e-05
 9.250	21.500	2.0000e-05
 9.250	21.750	7.3251e-06
 9.250	22.000	3.0453e-06
 9.250	22.250	1.3992e-06
 9.250	22.500	1.0000e-07
 9.250	22.750	1.0000e-07
 9.250	23.000	1.0000e-07
 9.250	23.250	1.0000e-07
 9.250	23.500	1.0000e-07
 9.250	23.750	1.0000e-07
 9.250	24.000	1.0000e-07
 9.500	17.000	1.3710e-03
 9.500	17.250	1.4502e-03
 9.500	17.500	1.5713e-03
 9.500	17.750	1.7891e-03
 9.500	18.000	2.1987e-03
 9.500	18.250	2.7003e-03
 9.500	18.500	2.7365e-03
 9.500	18.750	1.3054e-03
 9.500	19.000	6.2173e-04
 9.500	19.250	3.9654e-04
 9.500	19.500	2.7309e-04
 9.500	19.750	1.9333e-04
 9.500	20.000	1.4774e-04
 9.500	20.250	1.1506e-04
 9.500	20.500	8.9300e-05
 9.500	20.750	7.0206e-05
 9.500	21.000	6.0494e-05
 9.500	21.250	8.2387e-05
 9.500	21.500	4.4856e-05
 9.500	21.750	1.9671e-05
 9.500	22.000	7.3251e-06
 9.500	22.250	2.9630e-06
 9.500	22.500	1.3169e-06
 9.500	22.750	1.0000e-07
 9.500	23.000	1.0000e-07
 9.500	23.250	1.0000e-07
 9.500	23.500	1.0000e-07
 9.500	23.750	1.0000e-07
 9.500	24.000	1.0000e-07
 9.750	17.000	1.3526e-03
 9.750	17.250	1.4454e-03
 9.750	17.500	1.5897e-03
 9.750	17.750	1.8530e-03
 9.750	18.000	2.3449e-03
 9.750	18.250	2.8667e-03
 9.750	18.500	2.8193e-03
 9.750	18.750	1.2240e-03
 9.750	19.000	5.9004e-04
 9.750	19.250	3.8494e-04
 9.750	19.500	2.5671e-04
 9.750	19.750	1.7753e-04
 9.750	20.000	1.3391e-04
 9.750	20.250	1.0494e-04
 9.750	20.500	8.1893e-05
 9.750	20.750	6.2222e-05
 9.750	21.000	4.9712e-05
 9.750	21.250	4.5021e-05
 9.750	21.500	5.1605e-05
 9.750	21.750	4.2305e-05
 9.750	22.000	1.9259e-05
 9.750	22.250	7.2428e-06
 9.750	22.500	2.9630e-06
 9.750	22.750	1.3169e-06
 9.750	23.000	1.0000e-07
 9.750	23.250	1.0000e-07
 9.750	23.500	1.0000e-07
 9.750	23.750	1.0000e-07
 9.750	24.000	1.0000e-07
10.000	17.000	1.3337e-03
10.000	17.250	1.4377e-03
10.000	17.500	1.6072e-03
10.000	17.750	1.9231e-03
10.000	18.000	2.4813e-03
10.000	18.250	3.0041e-03
10.000	18.500	2.8846e-03
10.000	18.750	1.1548e-03
10.000	19.000	5.7350e-04
10.000	19.250	3.7860e-04
10.000	19.500	2.4733e-04
10.000	19.750	1.6609e-04
10.000	20.000	1.2000e-04
10.000	20.250	9.0453e-05
10.000	20.500	7.1276e-05
10.000	20.750	5.5720e-05
10.000	21.000	4.2634e-05
10.000	21.250	3.5062e-05
10.000	21.500	3.3416e-05
10.000	21.750	3.3086e-05
10.000	22.000	3.8601e-05
10.000	22.250	1.8519e-05
10.000	22.500	7.1605e-06
10.000	22.750	2.9630e-06
10.000	23.000	1.3169e-06
10.000	23.250	1.0000e-07
10.000	23.500	1.0000e-07
10.000	23.750	1.0000e-07
10.000	24.000	1.0000e-07
10.250	17.000	1.3214e-03
10.250	17.250	1.4299e-03
10.250	17.500	1.6309e-03
10.250	17.750	2.0087e-03
10.250	18.000	2.6213e-03
10.250	18.250	3.1216e-03
10.250	18.500	2.8252e-03
10.250	18.750	1.1042e-03
10.250	19.000	5.6568e-04
10.250	19.250	3.7276e-04
10.250	19.500	2.3868e-04
10.250	19.750	1.5852e-04
10.250	20.000	1.0749e-04
10.250	20.250	7.7202e-05
10.250	20.500	5.8107e-05
10.250	20.750	4.6173e-05
10.250	21.000	3.7037e-05
10.250	21.250	2.8807e-05
10.250	21.500	2.3704e-05
10.250	21.750	2.4362e-05
10.250	22.000	2.3374e-05
10.250	22.250	3.3498e-05
10.250	22.500	1.7449e-05
10.250	22.750	7.0782e-06
10.250	23.000	2.9630e-06
10.250	23.250	1.3169e-06
10.250	23.500	1.0000e-07
10.250	23.750	1.0000e-07
10.250	24.000	1.0000e-07
10.500	17.000	1.3368e-03
10.500	17.250	1.4445e-03
10.500	17.500	1.6737e-03
10.500	17.750	2.1135e-03
10.500	18.000	2.7553e-03
10.500	18.250	3.2092e-03
10.500	18.500	2.7116e-03
10.500	18.750	1.0700e-03
10.500	19.000	5.6148e-04
10.500	19.250	3.6296e-04
10.500	19.500	2.3300e-04
10.500	19.750	1.5218e-04
10.500	20.000	1.0099e-04
10.500	20.250	6.7819e-05
10.500	20.500	4.7325e-05
10.500	20.750	3.5720e-05
10.500	21.000	2.9547e-05
10.500	21.250	2.4444e-05
10.500	21.500	1.8601e-05
10.500	21.750	1.5309e-05
10.500	22.000	1.7119e-05
10.500	22.250	1.6872e-05
10.500	22.500	2.6996e-05
10.500	22.750	1.5967e-05
10.500	23.000	6.9136e-06
10.500	23.250	2.8807e-06
10.500	23.500	1.3169e-06
10.500	23.750	1.0000e-07
10.500	24.000	1.0000e-07
10.750	17.000	1.3845e-03
10.750	17.250	1.4894e-03
10.750	17.500	1.7529e-03
10.750	17.750	2.2358e-03
10.750	18.000	2.8608e-03
10.750	18.250	3.2525e-03
10.750	18.500	2.6417e-03
10.750	18.750	1.0574e-03
10.750	19.000	5.5588e-04
10.750	19.250	3.5399e-04
10.750	19.500	2.2543e-04
10.750	19.750	1.4576e-04
10.750	20.000	9.5967e-05
10.750	20.250	6.2058e-05
10.750	20.500	4.0247e-05
10.750	20.750	2.8313e-05
10.750	21.000	2.1152e-05
10.750	21.250	1.8272e-05
10.750	21.500	1.5309e-05
10.750	21.750	1.1358e-05
10.750	22.000	9.4650e-06
10.750	22.250	1.1523e-05
10.750	22.500	1.1276e-05
10.750	22.750	1.5144e-05
10.750	23.000	1.3827e-05
10.750	23.250	6.5844e-06
10.750	23.500	2.8807e-06
10.750	23.750	1.3169e-06
10.750	24.000	1.0000e-07
11.000	17.000	1.4685e-03
11.000	17.250	1.5679e-03
11.000	17.500	1.8598e-03
11.000	17.750	2.3686e-03
11.000	18.000	2.9605e-03
11.000	18.250	3.2756e-03
11.000	18.500	2.5621e-03
11.000	18.750	1.0289e-03
11.000	19.000	5.4255e-04
11.000	19.250	3.4477e-04
11.000	19.500	2.2329e-04
11.000	19.750	1.4370e-04
11.000	20.000	9.3580e-05
11.000	20.250	5.8189e-05
11.000	20.500	3.5802e-05
11.000	20.750	2.3621e-05
11.000	21.000	1.6626e-05
11.000	21.250	1.2675e-05
11.000	21.500	1.0947e-05
11.000	21.750	9.2181e-06
11.000	22.000	6.6667e-06
11.000	22.250	5.6790e-06
11.000	22.500	7.3251e-06
11.000	22.750	6.8313e-06
11.000	23.000	6.7490e-06
11.000	23.250	1.1193e-05
11.000	23.500	6.1728e-06
11.000	23.750	2.7984e-06
11.000	24.000	1.3169e-06
11.250	17.000	1.5960e-03
11.250	17.250	1.6774e-03
11.250	17.500	1.9830e-03
11.250	17.750	2.4932e-03
11.250	18.000	3.0480e-03
11.250	18.250	3.2715e-03
11.250	18.500	2.4634e-03
11.250	18.750	1.0051e-03
11.250	19.000	5.2337e-04
11.250	19.250	3.3309e-04
11.250	19.500	2.1737e-04
11.250	19.750	1.4107e-04
11.250	20.000	8.8724e-05
11.250	20.250	5.5638e-05
11.250	20.500	3.3169e-05
11.250	20.750	2.0494e-05
11.250	21.000	1.3416e-05
11.250	21.250	9.3827e-06
11.250	21.500	7.1605e-06
11.250	21.750	6.4198e-06
11.250	22.000	5.3498e-06
11.250	22.250	3.7860e-06
11.250	22.500	3.2922e-06
11.250	22.750	4.3621e-06
11.250	23.000	3.9506e-06
11.250	23.250	3.5391e-06
11.250	23.500	5.8436e-06
11.250	23.750	5.5144e-06
11.250	24.000	2.6337e-06
11.500	17.000	1.7374e-03
11.500	17.250	1.8286e-03
11.500	17.500	2.1178e-03
11.500	17.750	2.6046e-03
11.500	18.000	3.1117e-03
11.500	18.250	3.2584e-03
11.500	18.500	2.4103e-03
11.500	18.750	9.7185e-04
11.500	19.000	4.9959e-04
11.500	19.250	3.2049e-04
11.500	19.500	2.0979e-04
11.500	19.750	1.3539e-04
11.500	20.000	8.6667e-05
11.500	20.250	5.3333e-05
11.500	20.500	3.1276e-05
11.500	20.750	1.9342e-05
11.500	21.000	1.2099e-05
11.500	21.250	7.8189e-06
11.500	21.500	5.2675e-06
11.500	21.750	4.0329e-06
11.500	22.000	3.6214e-06
11.500	22.250	3.0453e-06
11.500	22.500	2.1399e-06
11.500	22.750	1.9753e-06
11.500	23.000	2.4691e-06
11.500	23.250	2.3045e-06
11.500	23.500	2.0576e-06
11.500	23.750	3.0453e-06
11.500	24.000	4.6914e-06
11.750	17.000	1.6692e-03
11.750	17.250	2.0214e-03
11.750	17.500	2.2752e-03
11.750	17.750	2.7114e-03
11.750	18.000	3.1577e-03
11.750	18.250	3.2353e-03
11.750	18.500	2.2919e-03
11.750	18.750	9.3210e-04
11.750	19.000	4.7811e-04
11.750	19.250	3.0749e-04
11.750	19.500	2.0313e-04
11.750	19.750	1.3111e-04
11.750	20.000	8.3868e-05
11.750	20.250	5.1605e-05
11.750	20.500	3.0123e-05
11.750	20.750	1.7942e-05
11.750	21.000	1.0947e-05
11.750	21.250	6.8313e-06
11.750	21.500	4.4444e-06
11.750	21.750	3.0453e-06
11.750	22.000	2.3045e-06
11.750	22.250	2.0576e-06
11.750	22.500	1.7284e-06
11.750	22.750	1.2346e-06
11.750	23.000	1.0700e-06
11.750	23.250	1.4815e-06
11.750	23.500	1.3169e-06
11.750	23.750	1.2346e-06
11.750	24.000	1.7284e-06
12.000	17.000	1.4245e-03
12.000	17.250	1.9609e-03
12.000	17.500	2.4547e-03
12.000	17.750	2.8124e-03
12.000	18.000	3.1701e-03
12.000	18.250	3.1960e-03
12.000	18.500	2.2215e-03
12.000	18.750	8.8765e-04
12.000	19.000	4.4708e-04
12.000	19.250	2.8543e-04
12.000	19.500	1.9235e-04
12.000	19.750	1.2642e-04
12.000	20.000	7.9918e-05
12.000	20.250	4.9465e-05
12.000	20.500	2.8807e-05
12.000	20.750	1.6790e-05
12.000	21.000	1.0123e-05
12.000	21.250	6.1728e-06
12.000	21.500	3.8683e-06
12.000	21.750	2.4691e-06
12.000	22.000	1.7284e-06
12.000	22.250	1.3169e-06
12.000	22.500	1.1523e-06
12.000	22.750	9.8765e-07
12.000	23.000	1.0000e-07
12.000	23.250	1.0000e-07
12.000	23.500	8.2305e-07
12.000	23.750	1.0000e-07
12.000	24.000	1.0000e-07
12.250	17.000	1.2499e-03
12.250	17.250	1.7067e-03
12.250	17.500	2.3612e-03
12.250	17.750	2.9173e-03
12.250	18.000	3.1837e-03
12.250	18.250	3.1572e-03
12.250	18.500	2.1511e-03
12.250	18.750	8.5416e-04
12.250	19.000	4.1654e-04
12.250	19.250	2.6724e-04
12.250	19.500	1.7819e-04
12.250	19.750	1.1893e-04
12.250	20.000	7.7366e-05
12.250	20.250	4.7654e-05
12.250	20.500	2.8230e-05
12.250	20.750	1.6461e-05
12.250	21.000	9.4650e-06
12.250	21.250	5.7613e-06
12.250	21.500	3.5391e-06
12.250	21.750	2.1399e-06
12.250	22.000	1.3992e-06
12.250	22.250	9.8765e-07
12.250	22.500	1.0000e-07
12.250	22.750	1.0000e-07
12.250	23.000	1.0000e-07
12.250	23.250	1.0000e-07
12.250	23.500	1.0000e-07
12.250	23.750	1.0000e-07
12.250	24.000	1.0000e-07
12.500	17.000	1.1188e-03
12.500	17.250	1.4855e-03
12.500	17.500	2.0413e-03
12.500	17.750	2.6976e-03
12.500	18.000	3.1582e-03
12.500	18.250	3.0834e-03
12.500	18.500	2.0947e-03
12.500	18.750	8.3169e-04
12.500	19.000	3.9325e-04
12.500	19.250	2.4601e-04
12.500	19.500	1.6486e-04
12.500	19.750	1.0988e-04
12.500	20.000	7.2346e-05
12.500	20.250	4.5350e-05
12.500	20.500	2.6831e-05
12.500	20.750	1.5885e-05
12.500	21.000	9.3004e-06
12.500	21.250	5.3498e-06
12.500	21.500	3.2099e-06
12.500	21.750	1.9753e-06
12.500	22.000	1.2346e-06
12.500	22.250	1.0000e-07
12.500	22.500	1.0000e-07
12.500	22.750	1.0000e-07
12.500	23.000	1.0000e-07
12.500	23.250	1.0000e-07
12.500	23.500	1.0000e-07
12.500	23.750	1.0000e-07
12.500	24.000	1.0000e-07
12.750	17.000	1.0195e-03
12.750	17.250	1.3064e-03
12.750	17.500	1.7674e-03
12.750	17.750	2.3206e-03
12.750	18.000	2.8219e-03
12.750	18.250	2.9406e-03
12.750	18.500	2.0627e-03
12.750	18.750	8.4008e-04
12.750	19.000	3.7992e-04
12.750	19.250	2.2798e-04
12.750	19.500	1.4840e-04
12.750	19.750	9.9588e-05
12.750	20.000	6.5679e-05
12.750	20.250	4.2387e-05
12.750	20.500	2.5926e-05
12.750	20.750	1.5391e-05
12.750	21.000	8.9712e-06
12.750	21.250	5.1029e-06
12.750	21.500	3.0453e-06
12.750	21.750	1.8107e-06
12.750	22.000	1.1523e-06
12.750	22.250	1.0000e-07
12.750	22.500	1.0000e-07
12.750	22.750	1.0000e-07
12.750	23.000	1.0000e-07
12.750	23.250	1.0000e-07
12.750	23.500	1.0000e-07
12.750	23.750	1.0000e-07
12.750	24.000	1.0000e-07
13.000	17.000	7.2074e-04
13.000	17.250	9.7852e-04
13.000	17.500	1.4041e-03
13.000	17.750	1.9397e-03
13.000	18.000	2.4151e-03
13.000	18.250	2.6232e-03
13.000	18.500	2.1590e-03
13.000	18.750	8.5333e-04
13.000	19.000	3.8074e-04
13.000	19.250	2.1942e-04
13.000	19.500	1.3621e-04
13.000	19.750	8.5926e-05
13.000	20.000	5.7613e-05
13.000	20.250	3.8683e-05
13.000	20.500	2.4444e-05
13.000	20.750	1.4897e-05
13.000	21.000	8.4774e-06
13.000	21.250	4.9383e-06
13.000	21.500	2.8807e-06
13.000	21.750	1.7284e-06
13.000	22.000	1.0700e-06
13.000	22.250	1.0000e-07
13.000	22.500	1.0000e-07
13.000	22.750	1.0000e-07
13.000	23.000	1.0000e-07
13.000	23.250	1.0000e-07
13.000	23.500	1.0000e-07
13.000	23.750	1.0000e-07
13.000	24.000	1.0000e-07
13.250	17.000	6.7745e-04
13.250	17.250	8.6436e-04
13.250	17.500	1.1885e-03
13.250	17.750	1.6284e-03
13.250	18.000	2.1141e-03
13.250	18.250	2.4024e-03
13.250	18.500	2.2567e-03
13.250	18.750	9.0988e-04
13.250	19.000	3.8313e-04
13.250	19.250	2.2049e-04
13.250	19.500	1.2700e-04
13.250	19.750	7.8354e-05
13.250	20.000	5.0617e-05
13.250	20.250	3.3086e-05
13.250	20.500	2.2058e-05
13.250	20.750	1.4074e-05
13.250	21.000	8.3128e-06
13.250	21.250	4.8560e-06
13.250	21.500	2.8807e-06
13.250	21.750	1.6461e-06
13.250	22.000	9.8765e-07
13.250	22.250	1.0000e-07
13.250	22.500	1.0000e-07
13.250	22.750	1.0000e-07
13.250	23.000	1.0000e-07
13.250	23.250	1.0000e-07
13.250	23.500	1.0000e-07
13.250	23.750	1.0000e-07
13.250	24.000	1.0000e-07
13.500	17.000	6.3440e-04
13.500	17.250	8.0362e-04
13.500	17.500	1.0821e-03
13.500	17.750	1.4580e-03
13.500	18.000	1.9021e-03
13.500	18.250	2.1994e-03
13.500	18.500	2.1320e-03
13.500	18.750	9.9333e-04
13.500	19.000	3.8971e-04
13.500	19.250	2.2058e-04
13.500	19.500	1.2609e-04
13.500	19.750	7.4568e-05
13.500	20.000	4.5679e-05
13.500	20.250	2.8230e-05
13.500	20.500	1.8354e-05
13.500	20.750	1.2346e-05
13.500	21.000	7.9012e-06
13.500	21.250	4.8560e-06
13.500	21.500	2.8807e-06
13.500	21.750	1.6461e-06
13.500	22.000	9.8765e-07
13.500	22.250	1.0000e-07
13.500	22.500	1.0000e-07
13.500	22.750	1.0000e-07
13.500	23.000	1.0000e-07
13.500	23.250	1.0000e-07
13.500	23.500	1.0000e-07
13.500	23.750	1.0000e-07
13.500	24.000	1.0000e-07
13.750	17.000	5.9243e-04
13.750	17.250	7.4502e-04
13.750	17.500	9.9605e-04
13.750	17.750	1.3098e-03
13.750	18.000	1.7095e-03
13.750	18.250	2.0147e-03
13.750	18.500	2.0141e-03
13.750	18.750	1.0738e-03
13.750	19.000	4.1407e-04
13.750	19.250	2.1753e-04
13.750	19.500	1.2955e-04
13.750	19.750	7.4486e-05
13.750	20.000	4.3786e-05
13.750	20.250	2.6667e-05
13.750	20.500	1.6296e-05
13.750	20.750	1.0535e-05
13.750	21.000	7.0782e-06
13.750	21.250	4.6091e-06
13.750	21.500	2.8807e-06
13.750	21.750	1.7284e-06
13.750	22.000	9.8765e-07
13.750	22.250	1.0000e-07
13.750	22.500	1.0000e-07
13.750	22.750	1.0000e-07
13.750	23.000	1.0000e-07
13.750	23.250	1.0000e-07
13.750	23.500	1.0000e-07
13.750	23.750	1.0000e-07
13.750	24.000	1.0000e-07
14.000	17.000	5.5786e-04
14.000	17.250	6.8798e-04
14.000	17.500	9.1539e-04
14.000	17.750	1.2006e-03
14.000	18.000	1.5464e-03
14.000	18.250	1.8513e-03
14.000	18.500	1.8960e-03
14.000	18.750	1.1458e-03
14.000	19.000	4.3737e-04
14.000	19.250	2.2165e-04
14.000	19.500	1.2823e-04
14.000	19.750	7.5062e-05
14.000	20.000	4.3621e-05
14.000	20.250	2.5679e-05
14.000	20.500	1.4979e-05
14.000	20.750	9.4650e-06
14.000	21.000	6.0082e-06
14.000	21.250	4.1152e-06
14.000	21.500	2.7160e-06
14.000	21.750	1.6461e-06
14.000	22.000	9.8765e-07
14.000	22.250	1.0000e-07
14.000	22.500	1.0000e-07
14.000	22.750	1.0000e-07
14.000	23.000	1.0000e-07
14.000	23.250	1.0000e-07
14.000	23.500	1.0000e-07
14.000	23.750	1.0000e-07
14.000	24.000	1.0000e-07
