H  1 972.543A  relative to Inci 1215.00A scaled to 1215A.
Hden   Phi(H)  Eq_Width (A)
 7.000	17.000	2.4494e-04
 7.000	17.250	2.9366e-04
 7.000	17.500	3.7004e-04
 7.000	17.750	4.3934e-04
 7.000	18.000	4.8757e-04
 7.000	18.250	5.6543e-04
 7.000	18.500	6.8477e-04
 7.000	18.750	7.3893e-04
 7.000	19.000	5.2823e-04
 7.000	19.250	1.9514e-04
 7.000	19.500	3.0864e-05
 7.000	19.750	6.4198e-06
 7.000	20.000	1.8107e-06
 7.000	20.250	1.0000e-07
 7.000	20.500	1.0000e-07
 7.000	20.750	1.0000e-07
 7.000	21.000	1.0000e-07
 7.000	21.250	1.0000e-07
 7.000	21.500	1.0000e-07
 7.000	21.750	1.0000e-07
 7.000	22.000	1.0000e-07
 7.000	22.250	1.0000e-07
 7.000	22.500	1.0000e-07
 7.000	22.750	1.0000e-07
 7.000	23.000	1.0000e-07
 7.000	23.250	1.0000e-07
 7.000	23.500	1.0000e-07
 7.000	23.750	1.0000e-07
 7.000	24.000	1.0000e-07
 7.250	17.000	2.1984e-04
 7.250	17.250	2.4741e-04
 7.250	17.500	2.9753e-04
 7.250	17.750	3.7630e-04
 7.250	18.000	4.4774e-04
 7.250	18.250	4.9852e-04
 7.250	18.500	5.7868e-04
 7.250	18.750	6.9070e-04
 7.250	19.000	7.3885e-04
 7.250	19.250	5.2922e-04
 7.250	19.500	1.9531e-04
 7.250	19.750	3.0864e-05
 7.250	20.000	6.4198e-06
 7.250	20.250	1.8107e-06
 7.250	20.500	1.0000e-07
 7.250	20.750	1.0000e-07
 7.250	21.000	1.0000e-07
 7.250	21.250	1.0000e-07
 7.250	21.500	1.0000e-07
 7.250	21.750	1.0000e-07
 7.250	22.000	1.0000e-07
 7.250	22.250	1.0000e-07
 7.250	22.500	1.0000e-07
 7.250	22.750	1.0000e-07
 7.250	23.000	1.0000e-07
 7.250	23.250	1.0000e-07
 7.250	23.500	1.0000e-07
 7.250	23.750	1.0000e-07
 7.250	24.000	1.0000e-07
 7.500	17.000	2.0370e-04
 7.500	17.250	2.2000e-04
 7.500	17.500	2.4840e-04
 7.500	17.750	3.0066e-04
 7.500	18.000	3.8337e-04
 7.500	18.250	4.6049e-04
 7.500	18.500	5.1745e-04
 7.500	18.750	6.0091e-04
 7.500	19.000	6.9276e-04
 7.500	19.250	7.4749e-04
 7.500	19.500	5.2971e-04
 7.500	19.750	1.9539e-04
 7.500	20.000	3.0864e-05
 7.500	20.250	6.4198e-06
 7.500	20.500	1.8107e-06
 7.500	20.750	1.0000e-07
 7.500	21.000	1.0000e-07
 7.500	21.250	1.0000e-07
 7.500	21.500	1.0000e-07
 7.500	21.750	1.0000e-07
 7.500	22.000	1.0000e-07
 7.500	22.250	1.0000e-07
 7.500	22.500	1.0000e-07
 7.500	22.750	1.0000e-07
 7.500	23.000	1.0000e-07
 7.500	23.250	1.0000e-07
 7.500	23.500	1.0000e-07
 7.500	23.750	1.0000e-07
 7.500	24.000	1.0000e-07
 7.750	17.000	1.9029e-04
 7.750	17.250	2.0058e-04
 7.750	17.500	2.1737e-04
 7.750	17.750	2.4741e-04
 7.750	18.000	3.0412e-04
 7.750	18.250	3.9737e-04
 7.750	18.500	4.9144e-04
 7.750	18.750	5.6601e-04
 7.750	19.000	6.4156e-04
 7.750	19.250	6.9243e-04
 7.750	19.500	6.8996e-04
 7.750	19.750	5.2905e-04
 7.750	20.000	1.9539e-04
 7.750	20.250	3.0864e-05
 7.750	20.500	6.4198e-06
 7.750	20.750	1.8107e-06
 7.750	21.000	1.0000e-07
 7.750	21.250	1.0000e-07
 7.750	21.500	1.0000e-07
 7.750	21.750	1.0000e-07
 7.750	22.000	1.0000e-07
 7.750	22.250	1.0000e-07
 7.750	22.500	1.0000e-07
 7.750	22.750	1.0000e-07
 7.750	23.000	1.0000e-07
 7.750	23.250	1.0000e-07
 7.750	23.500	1.0000e-07
 7.750	23.750	1.0000e-07
 7.750	24.000	1.0000e-07
 8.000	17.000	1.7605e-04
 8.000	17.250	1.8346e-04
 8.000	17.500	1.9391e-04
 8.000	17.750	2.1210e-04
 8.000	18.000	2.4667e-04
 8.000	18.250	3.1761e-04
 8.000	18.500	4.4066e-04
 8.000	18.750	5.7490e-04
 8.000	19.000	6.8634e-04
 8.000	19.250	7.5473e-04
 8.000	19.500	7.0403e-04
 8.000	19.750	6.7778e-04
 8.000	20.000	5.2675e-04
 8.000	20.250	1.9481e-04
 8.000	20.500	3.0864e-05
 8.000	20.750	6.4198e-06
 8.000	21.000	1.8107e-06
 8.000	21.250	1.0000e-07
 8.000	21.500	1.0000e-07
 8.000	21.750	1.0000e-07
 8.000	22.000	1.0000e-07
 8.000	22.250	1.0000e-07
 8.000	22.500	1.0000e-07
 8.000	22.750	1.0000e-07
 8.000	23.000	1.0000e-07
 8.000	23.250	1.0000e-07
 8.000	23.500	1.0000e-07
 8.000	23.750	1.0000e-07
 8.000	24.000	1.0000e-07
 8.250	17.000	1.6214e-04
 8.250	17.250	1.6798e-04
 8.250	17.500	1.7514e-04
 8.250	17.750	1.8724e-04
 8.250	18.000	2.1095e-04
 8.250	18.250	2.6403e-04
 8.250	18.500	3.7753e-04
 8.250	18.750	5.7037e-04
 8.250	19.000	7.8617e-04
 8.250	19.250	9.6502e-04
 8.250	19.500	1.0127e-03
 8.250	19.750	6.9457e-04
 8.250	20.000	6.6313e-04
 8.250	20.250	5.2016e-04
 8.250	20.500	1.9342e-04
 8.250	20.750	3.0782e-05
 8.250	21.000	6.4198e-06
 8.250	21.250	1.8107e-06
 8.250	21.500	1.0000e-07
 8.250	21.750	1.0000e-07
 8.250	22.000	1.0000e-07
 8.250	22.250	1.0000e-07
 8.250	22.500	1.0000e-07
 8.250	22.750	1.0000e-07
 8.250	23.000	1.0000e-07
 8.250	23.250	1.0000e-07
 8.250	23.500	1.0000e-07
 8.250	23.750	1.0000e-07
 8.250	24.000	1.0000e-07
 8.500	17.000	1.5144e-04
 8.500	17.250	1.5523e-04
 8.500	17.500	1.6082e-04
 8.500	17.750	1.7012e-04
 8.500	18.000	1.8947e-04
 8.500	18.250	2.3630e-04
 8.500	18.500	3.4165e-04
 8.500	18.750	5.4634e-04
 8.500	19.000	8.6519e-04
 8.500	19.250	1.2134e-03
 8.500	19.500	1.4932e-03
 8.500	19.750	1.4031e-03
 8.500	20.000	7.4107e-04
 8.500	20.250	6.3325e-04
 8.500	20.500	5.0831e-04
 8.500	20.750	1.9070e-04
 8.500	21.000	3.0535e-05
 8.500	21.250	6.4198e-06
 8.500	21.500	1.8107e-06
 8.500	21.750	1.0000e-07
 8.500	22.000	1.0000e-07
 8.500	22.250	1.0000e-07
 8.500	22.500	1.0000e-07
 8.500	22.750	1.0000e-07
 8.500	23.000	1.0000e-07
 8.500	23.250	1.0000e-07
 8.500	23.500	1.0000e-07
 8.500	23.750	1.0000e-07
 8.500	24.000	1.0000e-07
 8.750	17.000	1.4658e-04
 8.750	17.250	1.4757e-04
 8.750	17.500	1.5177e-04
 8.750	17.750	1.6008e-04
 8.750	18.000	1.7877e-04
 8.750	18.250	2.2823e-04
 8.750	18.500	3.3638e-04
 8.750	18.750	5.4494e-04
 8.750	19.000	8.9630e-04
 8.750	19.250	1.3956e-03
 8.750	19.500	1.9285e-03
 8.750	19.750	2.3320e-03
 8.750	20.000	2.1782e-03
 8.750	20.250	8.2091e-04
 8.750	20.500	5.9802e-04
 8.750	20.750	4.8947e-04
 8.750	21.000	1.8609e-04
 8.750	21.250	3.0041e-05
 8.750	21.500	6.3374e-06
 8.750	21.750	1.8107e-06
 8.750	22.000	1.0000e-07
 8.750	22.250	1.0000e-07
 8.750	22.500	1.0000e-07
 8.750	22.750	1.0000e-07
 8.750	23.000	1.0000e-07
 8.750	23.250	1.0000e-07
 8.750	23.500	1.0000e-07
 8.750	23.750	1.0000e-07
 8.750	24.000	1.0000e-07
 9.000	17.000	1.5202e-04
 9.000	17.250	1.4938e-04
 9.000	17.500	1.4848e-04
 9.000	17.750	1.5613e-04
 9.000	18.000	1.7671e-04
 9.000	18.250	2.3136e-04
 9.000	18.500	3.5267e-04
 9.000	18.750	5.6889e-04
 9.000	19.000	9.2115e-04
 9.000	19.250	1.4562e-03
 9.000	19.500	2.1837e-03
 9.000	19.750	2.9452e-03
 9.000	20.000	3.4662e-03
 9.000	20.250	2.9174e-03
 9.000	20.500	9.9226e-04
 9.000	20.750	5.4897e-04
 9.000	21.000	4.6296e-04
 9.000	21.250	1.7909e-04
 9.000	21.500	2.9300e-05
 9.000	21.750	6.1728e-06
 9.000	22.000	1.7284e-06
 9.000	22.250	1.0000e-07
 9.000	22.500	1.0000e-07
 9.000	22.750	1.0000e-07
 9.000	23.000	1.0000e-07
 9.000	23.250	1.0000e-07
 9.000	23.500	1.0000e-07
 9.000	23.750	1.0000e-07
 9.000	24.000	1.0000e-07
 9.250	17.000	1.6066e-04
 9.250	17.250	1.5613e-04
 9.250	17.500	1.5588e-04
 9.250	17.750	1.6247e-04
 9.250	18.000	1.8255e-04
 9.250	18.250	2.4486e-04
 9.250	18.500	3.7572e-04
 9.250	18.750	6.0617e-04
 9.250	19.000	9.5202e-04
 9.250	19.250	1.4560e-03
 9.250	19.500	2.1938e-03
 9.250	19.750	3.1840e-03
 9.250	20.000	4.1843e-03
 9.250	20.250	4.7412e-03
 9.250	20.500	3.4037e-03
 9.250	20.750	1.2493e-03
 9.250	21.000	5.2132e-04
 9.250	21.250	4.3144e-04
 9.250	21.500	1.7004e-04
 9.250	21.750	2.8148e-05
 9.250	22.000	6.0082e-06
 9.250	22.250	1.7284e-06
 9.250	22.500	1.0000e-07
 9.250	22.750	1.0000e-07
 9.250	23.000	1.0000e-07
 9.250	23.250	1.0000e-07
 9.250	23.500	1.0000e-07
 9.250	23.750	1.0000e-07
 9.250	24.000	1.0000e-07
 9.500	17.000	1.6749e-04
 9.500	17.250	1.6305e-04
 9.500	17.500	1.6214e-04
 9.500	17.750	1.6938e-04
 9.500	18.000	1.9827e-04
 9.500	18.250	2.7012e-04
 9.500	18.500	4.0864e-04
 9.500	18.750	6.3802e-04
 9.500	19.000	9.6930e-04
 9.500	19.250	1.4223e-03
 9.500	19.500	2.0531e-03
 9.500	19.750	2.9682e-03
 9.500	20.000	4.1874e-03
 9.500	20.250	5.3959e-03
 9.500	20.500	5.8418e-03
 9.500	20.750	4.0206e-03
 9.500	21.000	1.7487e-03
 9.500	21.250	4.8461e-04
 9.500	21.500	3.9786e-04
 9.500	21.750	1.5901e-04
 9.500	22.000	2.6667e-05
 9.500	22.250	5.6790e-06
 9.500	22.500	1.6461e-06
 9.500	22.750	1.0000e-07
 9.500	23.000	1.0000e-07
 9.500	23.250	1.0000e-07
 9.500	23.500	1.0000e-07
 9.500	23.750	1.0000e-07
 9.500	24.000	1.0000e-07
 9.750	17.000	1.7457e-04
 9.750	17.250	1.7062e-04
 9.750	17.500	1.7128e-04
 9.750	17.750	1.8247e-04
 9.750	18.000	2.2033e-04
 9.750	18.250	3.0123e-04
 9.750	18.500	4.4461e-04
 9.750	18.750	6.6502e-04
 9.750	19.000	9.6831e-04
 9.750	19.250	1.3563e-03
 9.750	19.500	1.8570e-03
 9.750	19.750	2.5620e-03
 9.750	20.000	3.6021e-03
 9.750	20.250	4.9754e-03
 9.750	20.500	6.2453e-03
 9.750	20.750	6.0857e-03
 9.750	21.000	4.1357e-03
 9.750	21.250	1.7202e-03
 9.750	21.500	4.8724e-04
 9.750	21.750	3.6609e-04
 9.750	22.000	1.4749e-04
 9.750	22.250	2.4856e-05
 9.750	22.500	5.3498e-06
 9.750	22.750	1.4815e-06
 9.750	23.000	1.0000e-07
 9.750	23.250	1.0000e-07
 9.750	23.500	1.0000e-07
 9.750	23.750	1.0000e-07
 9.750	24.000	1.0000e-07
10.000	17.000	1.8305e-04
10.000	17.250	1.7844e-04
10.000	17.500	1.8214e-04
10.000	17.750	2.0156e-04
10.000	18.000	2.5300e-04
10.000	18.250	3.4296e-04
10.000	18.500	4.8568e-04
10.000	18.750	6.9029e-04
10.000	19.000	9.5202e-04
10.000	19.250	1.2672e-03
10.000	19.500	1.6483e-03
10.000	19.750	2.1485e-03
10.000	20.000	2.8732e-03
10.000	20.250	3.9851e-03
10.000	20.500	5.3846e-03
10.000	20.750	6.5701e-03
10.000	21.000	6.0266e-03
10.000	21.250	4.0171e-03
10.000	21.500	2.1807e-03
10.000	21.750	5.1424e-04
10.000	22.000	3.3975e-04
10.000	22.250	1.3654e-04
10.000	22.500	2.2881e-05
10.000	22.750	4.8560e-06
10.000	23.000	1.3992e-06
10.000	23.250	1.0000e-07
10.000	23.500	1.0000e-07
10.000	23.750	1.0000e-07
10.000	24.000	1.0000e-07
10.250	17.000	2.2280e-04
10.250	17.250	2.1753e-04
10.250	17.500	1.9457e-04
10.250	17.750	2.2486e-04
10.250	18.000	2.9111e-04
10.250	18.250	3.9407e-04
10.250	18.500	5.3325e-04
10.250	18.750	7.1498e-04
10.250	19.000	9.2905e-04
10.250	19.250	1.1700e-03
10.250	19.500	1.4449e-03
10.250	19.750	1.7809e-03
10.250	20.000	2.2422e-03
10.250	20.250	2.9564e-03
10.250	20.500	4.0509e-03
10.250	20.750	5.3887e-03
10.250	21.000	6.3128e-03
10.250	21.250	6.8285e-03
10.250	21.500	4.1678e-03
10.250	21.750	2.1184e-03
10.250	22.000	5.6198e-04
10.250	22.250	3.1926e-04
10.250	22.500	1.2700e-04
10.250	22.750	2.0905e-05
10.250	23.000	4.4444e-06
10.250	23.250	1.2346e-06
10.250	23.500	1.0000e-07
10.250	23.750	1.0000e-07
10.250	24.000	1.0000e-07
10.500	17.000	2.2428e-04
10.500	17.250	2.1877e-04
10.500	17.500	2.2749e-04
10.500	17.750	2.5029e-04
10.500	18.000	3.2938e-04
10.500	18.250	4.4181e-04
10.500	18.500	5.7951e-04
10.500	18.750	7.3383e-04
10.500	19.000	8.9909e-04
10.500	19.250	1.0745e-03
10.500	19.500	1.2628e-03
10.500	19.750	1.4799e-03
10.500	20.000	1.7598e-03
10.500	20.250	2.1774e-03
10.500	20.500	2.8529e-03
10.500	20.750	3.8960e-03
10.500	21.000	5.0980e-03
10.500	21.250	5.4839e-03
10.500	21.500	5.5415e-03
10.500	21.750	3.0547e-03
10.500	22.000	1.8980e-03
10.500	22.250	6.2082e-04
10.500	22.500	3.0617e-04
10.500	22.750	1.1934e-04
10.500	23.000	1.9177e-05
10.500	23.250	3.9506e-06
10.500	23.500	1.0700e-06
10.500	23.750	1.0000e-07
10.500	24.000	1.0000e-07
10.750	17.000	2.2930e-04
10.750	17.250	2.2395e-04
10.750	17.500	2.3745e-04
10.750	17.750	2.8288e-04
10.750	18.000	3.6642e-04
10.750	18.250	4.8239e-04
10.750	18.500	6.1325e-04
10.750	18.750	7.4247e-04
10.750	19.000	8.6658e-04
10.750	19.250	9.8815e-04
10.750	19.500	1.1133e-03
10.750	19.750	1.2497e-03
10.750	20.000	1.4156e-03
10.750	20.250	1.6481e-03
10.750	20.500	2.0233e-03
10.750	20.750	2.6576e-03
10.750	21.000	3.6250e-03
10.750	21.250	4.6357e-03
10.750	21.500	4.5728e-03
10.750	21.750	3.7777e-03
10.750	22.000	2.6281e-03
10.750	22.250	1.4905e-03
10.750	22.500	6.9506e-04
10.750	22.750	2.9975e-04
10.750	23.000	1.1317e-04
10.750	23.250	1.7613e-05
10.750	23.500	3.5391e-06
10.750	23.750	9.0535e-07
10.750	24.000	1.0000e-07
11.000	17.000	2.3753e-04
11.000	17.250	2.3325e-04
11.000	17.500	2.5021e-04
11.000	17.750	3.0025e-04
11.000	18.000	3.8996e-04
11.000	18.250	5.0519e-04
11.000	18.500	6.2790e-04
11.000	18.750	7.3975e-04
11.000	19.000	8.3547e-04
11.000	19.250	9.1984e-04
11.000	19.500	9.9942e-04
11.000	19.750	1.0841e-03
11.000	20.000	1.1830e-03
11.000	20.250	1.3129e-03
11.000	20.500	1.5132e-03
11.000	20.750	1.8604e-03
11.000	21.000	2.4567e-03
11.000	21.250	3.3332e-03
11.000	21.500	4.2393e-03
11.000	21.750	4.2261e-03
11.000	22.000	3.4942e-03
11.000	22.250	2.1828e-03
11.000	22.500	1.4021e-03
11.000	22.750	7.1407e-04
11.000	23.000	2.9794e-04
11.000	23.250	1.0774e-04
11.000	23.500	1.6049e-05
11.000	23.750	3.1276e-06
11.000	24.000	1.0000e-07
11.250	17.000	2.4765e-04
11.250	17.250	2.4634e-04
11.250	17.500	2.6551e-04
11.250	17.750	3.1539e-04
11.250	18.000	4.0288e-04
11.250	18.250	5.1111e-04
11.250	18.500	6.2502e-04
11.250	18.750	7.3004e-04
11.250	19.000	8.1276e-04
11.250	19.250	8.7325e-04
11.250	19.500	9.2486e-04
11.250	19.750	9.7605e-04
11.250	20.000	1.0356e-03
11.250	20.250	1.1123e-03
11.250	20.500	1.2234e-03
11.250	20.750	1.4086e-03
11.250	21.000	1.7399e-03
11.250	21.250	2.3039e-03
11.250	21.500	3.0751e-03
11.250	21.750	3.6519e-03
11.250	22.000	3.0183e-03
11.250	22.250	6.5732e-03
11.250	22.500	1.7729e-03
11.250	22.750	1.1465e-03
11.250	23.000	6.4214e-04
11.250	23.250	2.9794e-04
11.250	23.500	1.0140e-04
11.250	23.750	1.4239e-05
11.250	24.000	2.5514e-06
11.500	17.000	2.5909e-04
11.500	17.250	2.6140e-04
11.500	17.500	2.8296e-04
11.500	17.750	3.3021e-04
11.500	18.000	4.1152e-04
11.500	18.250	5.1259e-04
11.500	18.500	6.1819e-04
11.500	18.750	7.1761e-04
11.500	19.000	7.9811e-04
11.500	19.250	8.5218e-04
11.500	19.500	8.8790e-04
11.500	19.750	9.1893e-04
11.500	20.000	9.5440e-04
11.500	20.250	1.0011e-03
11.500	20.500	1.0690e-03
11.500	20.750	1.1747e-03
11.500	21.000	1.3551e-03
11.500	21.250	1.6778e-03
11.500	21.500	2.2084e-03
11.500	21.750	2.8737e-03
11.500	22.000	3.2036e-03
11.500	22.250	2.4277e-03
11.500	22.500	1.8288e-03
11.500	22.750	1.3982e-03
11.500	23.000	9.4395e-04
11.500	23.250	5.9383e-04
11.500	23.500	2.8741e-04
11.500	23.750	9.2016e-05
11.500	24.000	1.2016e-05
11.750	17.000	2.6774e-04
11.750	17.250	2.7737e-04
11.750	17.500	3.0148e-04
11.750	17.750	3.4593e-04
11.750	18.000	4.1942e-04
11.750	18.250	5.1481e-04
11.750	18.500	6.1572e-04
11.750	18.750	7.0963e-04
11.750	19.000	7.9202e-04
11.750	19.250	8.5226e-04
11.750	19.500	8.8593e-04
11.750	19.750	9.0502e-04
11.750	20.000	9.2502e-04
11.750	20.250	9.5407e-04
11.750	20.500	9.9712e-04
11.750	20.750	1.0640e-03
11.750	21.000	1.1710e-03
11.750	21.250	1.3529e-03
11.750	21.500	1.6683e-03
11.750	21.750	2.1671e-03
11.750	22.000	2.7258e-03
11.750	22.250	2.8123e-03
11.750	22.500	1.9939e-03
11.750	22.750	2.0254e-03
11.750	23.000	1.1051e-03
11.750	23.250	7.8354e-04
11.750	23.500	5.0774e-04
11.750	23.750	2.5794e-04
11.750	24.000	7.8601e-05
12.000	17.000	2.8214e-04
12.000	17.250	2.9128e-04
12.000	17.500	3.1984e-04
12.000	17.750	3.6255e-04
12.000	18.000	4.2905e-04
12.000	18.250	5.1827e-04
12.000	18.500	6.1737e-04
12.000	18.750	7.1169e-04
12.000	19.000	7.9309e-04
12.000	19.250	8.6082e-04
12.000	19.500	9.0634e-04
12.000	19.750	9.2576e-04
12.000	20.000	9.3646e-04
12.000	20.250	9.5193e-04
12.000	20.500	9.7992e-04
12.000	20.750	1.0235e-03
12.000	21.000	1.0942e-03
12.000	21.250	1.2057e-03
12.000	21.500	1.3860e-03
12.000	21.750	1.6941e-03
12.000	22.000	2.1578e-03
12.000	22.250	2.7095e-03
12.000	22.500	2.6040e-03
12.000	22.750	2.4539e-03
12.000	23.000	1.2663e-03
12.000	23.250	8.7391e-04
12.000	23.500	6.0016e-04
12.000	23.750	4.2305e-04
12.000	24.000	2.1580e-04
12.250	17.000	2.5605e-04
12.250	17.250	3.0872e-04
12.250	17.500	3.3638e-04
12.250	17.750	3.7942e-04
12.250	18.000	4.4008e-04
12.250	18.250	5.2296e-04
12.250	18.500	6.1975e-04
12.250	18.750	7.1794e-04
12.250	19.000	8.0033e-04
12.250	19.250	8.7078e-04
12.250	19.500	9.2979e-04
12.250	19.750	9.6535e-04
12.250	20.000	9.7695e-04
12.250	20.250	9.8288e-04
12.250	20.500	9.9786e-04
12.250	20.750	1.0265e-03
12.250	21.000	1.0741e-03
12.250	21.250	1.1496e-03
12.250	21.500	1.2609e-03
12.250	21.750	1.4377e-03
12.250	22.000	1.7372e-03
12.250	22.250	2.1665e-03
12.250	22.500	2.6965e-03
12.250	22.750	2.4139e-03
12.250	23.000	1.6158e-03
12.250	23.250	1.4456e-03
12.250	23.500	9.3185e-04
12.250	23.750	4.6519e-04
12.250	24.000	3.2848e-04
12.500	17.000	2.8914e-04
12.500	17.250	3.0642e-04
12.500	17.500	3.5514e-04
12.500	17.750	3.9671e-04
12.500	18.000	4.5276e-04
12.500	18.250	5.2905e-04
12.500	18.500	6.2041e-04
12.500	18.750	7.1868e-04
12.500	19.000	8.1070e-04
12.500	19.250	8.8123e-04
12.500	19.500	9.4321e-04
12.500	19.750	9.9761e-04
12.500	20.000	1.0289e-03
12.500	20.250	1.0364e-03
12.500	20.500	1.0416e-03
12.500	20.750	1.0579e-03
12.500	21.000	1.0891e-03
12.500	21.250	1.1400e-03
12.500	21.500	1.2149e-03
12.500	21.750	1.3240e-03
12.500	22.000	1.4959e-03
12.500	22.250	1.7917e-03
12.500	22.500	2.2356e-03
12.500	22.750	4.9698e-03
12.500	23.000	2.3497e-03
12.500	23.250	2.1147e-03
12.500	23.500	1.0638e-03
12.500	23.750	7.2568e-04
12.500	24.000	4.9621e-04
12.750	17.000	2.9177e-04
12.750	17.250	3.1794e-04
12.750	17.500	3.7029e-04
12.750	17.750	4.1226e-04
12.750	18.000	4.6700e-04
12.750	18.250	5.3646e-04
12.750	18.500	6.2107e-04
12.750	18.750	7.1391e-04
12.750	19.000	8.0733e-04
12.750	19.250	8.8774e-04
12.750	19.500	9.4700e-04
12.750	19.750	1.0051e-03
12.750	20.000	1.0625e-03
12.750	20.250	1.0970e-03
12.750	20.500	1.1044e-03
12.750	20.750	1.1102e-03
12.750	21.000	1.1292e-03
12.750	21.250	1.1594e-03
12.750	21.500	1.2044e-03
12.750	21.750	1.2790e-03
12.750	22.000	1.3830e-03
12.750	22.250	1.5533e-03
12.750	22.500	1.8637e-03
12.750	22.750	2.3515e-03
12.750	23.000	2.7051e-03
12.750	23.250	2.6793e-03
12.750	23.500	2.0646e-03
12.750	23.750	8.6765e-04
12.750	24.000	5.8708e-04
13.000	17.000	2.6749e-04
13.000	17.250	3.2494e-04
13.000	17.500	3.4510e-04
13.000	17.750	4.2469e-04
13.000	18.000	4.7687e-04
13.000	18.250	5.4551e-04
13.000	18.500	6.2510e-04
13.000	18.750	7.1136e-04
13.000	19.000	7.9770e-04
13.000	19.250	8.7835e-04
13.000	19.500	9.4379e-04
13.000	19.750	9.9621e-04
13.000	20.000	1.0573e-03
13.000	20.250	1.1277e-03
13.000	20.500	1.1720e-03
13.000	20.750	1.1844e-03
13.000	21.000	1.1884e-03
13.000	21.250	1.2040e-03
13.000	21.500	1.2239e-03
13.000	21.750	1.2716e-03
13.000	22.000	1.3316e-03
13.000	22.250	1.4321e-03
13.000	22.500	1.6204e-03
13.000	22.750	1.9798e-03
13.000	23.000	2.3783e-03
13.000	23.250	3.1268e-03
13.000	23.500	3.0262e-03
13.000	23.750	1.2847e-03
13.000	24.000	8.7934e-04
13.250	17.000	2.8049e-04
13.250	17.250	3.0979e-04
13.250	17.500	3.3819e-04
13.250	17.750	3.9786e-04
13.250	18.000	4.8428e-04
13.250	18.250	5.6370e-04
13.250	18.500	6.3852e-04
13.250	18.750	7.2025e-04
13.250	19.000	7.9951e-04
13.250	19.250	8.7136e-04
13.250	19.500	9.3432e-04
13.250	19.750	9.8938e-04
13.250	20.000	1.0415e-03
13.250	20.250	1.1081e-03
13.250	20.500	1.1917e-03
13.250	20.750	1.2504e-03
13.250	21.000	1.2729e-03
13.250	21.250	1.2649e-03
13.250	21.500	1.2623e-03
13.250	21.750	1.2742e-03
13.250	22.000	1.3078e-03
13.250	22.250	1.3683e-03
13.250	22.500	1.4580e-03
13.250	22.750	1.6339e-03
13.250	23.000	1.9180e-03
13.250	23.250	2.2528e-03
13.250	23.500	2.8363e-03
13.250	23.750	2.8259e-03
13.250	24.000	1.5427e-03
13.500	17.000	3.2214e-04
13.500	17.250	3.3852e-04
13.500	17.500	3.5309e-04
13.500	17.750	3.9852e-04
13.500	18.000	4.8288e-04
13.500	18.250	5.8008e-04
13.500	18.500	6.5053e-04
13.500	18.750	7.3877e-04
13.500	19.000	8.1679e-04
13.500	19.250	8.8774e-04
13.500	19.500	9.4593e-04
13.500	19.750	9.9728e-04
13.500	20.000	1.0446e-03
13.500	20.250	1.0989e-03
13.500	20.500	1.1673e-03
13.500	20.750	1.2631e-03
13.500	21.000	1.3306e-03
13.500	21.250	1.3542e-03
13.500	21.500	1.3381e-03
13.500	21.750	1.3238e-03
13.500	22.000	1.3231e-03
13.500	22.250	1.3480e-03
13.500	22.500	1.3963e-03
13.500	22.750	1.4501e-03
13.500	23.000	1.5686e-03
13.500	23.250	1.7677e-03
13.500	23.500	2.0505e-03
13.500	23.750	2.4530e-03
13.500	24.000	4.4398e-03
13.750	17.000	3.0716e-04
13.750	17.250	3.4757e-04
13.750	17.500	3.8000e-04
13.750	17.750	4.0988e-04
13.750	18.000	4.7951e-04
13.750	18.250	5.4889e-04
13.750	18.500	6.4667e-04
13.750	18.750	7.5045e-04
13.750	19.000	8.4099e-04
13.750	19.250	9.2074e-04
13.750	19.500	9.8494e-04
13.750	19.750	1.0377e-03
13.750	20.000	1.0817e-03
13.750	20.250	1.1263e-03
13.750	20.500	1.1784e-03
13.750	20.750	1.2486e-03
13.750	21.000	1.3533e-03
13.750	21.250	1.4424e-03
13.750	21.500	1.4663e-03
13.750	21.750	1.4504e-03
13.750	22.000	1.4212e-03
13.750	22.250	1.4007e-03
13.750	22.500	1.4021e-03
13.750	22.750	1.4170e-03
13.750	23.000	1.4557e-03
13.750	23.250	1.5319e-03
13.750	23.500	1.6681e-03
13.750	23.750	1.9409e-03
13.750	24.000	2.4675e-03
14.000	17.000	2.9103e-04
14.000	17.250	3.4568e-04
14.000	17.500	3.8263e-04
14.000	17.750	4.2831e-04
14.000	18.000	4.8156e-04
14.000	18.250	5.5778e-04
14.000	18.500	6.5366e-04
14.000	18.750	7.5860e-04
14.000	19.000	8.6502e-04
14.000	19.250	9.6477e-04
14.000	19.500	1.0449e-03
14.000	19.750	1.1071e-03
14.000	20.000	1.1550e-03
14.000	20.250	1.1955e-03
14.000	20.500	1.2387e-03
14.000	20.750	1.2901e-03
14.000	21.000	1.3622e-03
14.000	21.250	1.4822e-03
14.000	21.500	1.5991e-03
14.000	21.750	1.6481e-03
14.000	22.000	1.6289e-03
14.000	22.250	1.5793e-03
14.000	22.500	1.5235e-03
14.000	22.750	1.4885e-03
14.000	23.000	1.4757e-03
14.000	23.250	1.4709e-03
14.000	23.500	1.5185e-03
14.000	23.750	1.6312e-03
14.000	24.000	1.9801e-03
