nInu 3704.34A  relative to Inci 1215.00A scaled to 1215A.
Hden   Phi(H)  Eq_Width (A)
7.000  17.000  7.1127e-01
7.000  17.250  7.1127e-01
7.000  17.500  7.1127e-01
7.000  17.750  7.1127e-01
7.000  18.000  7.1127e-01
7.000  18.250  7.1127e-01
7.000  18.500  7.1127e-01
7.000  18.750  7.1127e-01
7.000  19.000  7.1127e-01
7.000  19.250  7.1127e-01
7.000  19.500  7.1127e-01
7.000  19.750  7.1127e-01
7.000  20.000  7.1127e-01
7.000  20.250  7.1127e-01
7.000  20.500  7.1127e-01
7.000  20.750  7.1127e-01
7.000  21.000  7.1127e-01
7.000  21.250  7.1127e-01
7.000  21.500  7.1127e-01
7.000  21.750  7.1127e-01
7.000  22.000  7.1127e-01
7.000  22.250  7.1127e-01
7.000  22.500  7.1127e-01
7.000  22.750  7.1127e-01
7.000  23.000  7.1127e-01
7.000  23.250  7.1127e-01
7.000  23.500  7.1127e-01
7.000  23.750  7.1127e-01
7.000  24.000  7.1127e-01
7.250  17.000  7.1127e-01
7.250  17.250  7.1127e-01
7.250  17.500  7.1127e-01
7.250  17.750  7.1127e-01
7.250  18.000  7.1127e-01
7.250  18.250  7.1127e-01
7.250  18.500  7.1127e-01
7.250  18.750  7.1127e-01
7.250  19.000  7.1127e-01
7.250  19.250  7.1127e-01
7.250  19.500  7.1127e-01
7.250  19.750  7.1127e-01
7.250  20.000  7.1127e-01
7.250  20.250  7.1127e-01
7.250  20.500  7.1127e-01
7.250  20.750  7.1127e-01
7.250  21.000  7.1127e-01
7.250  21.250  7.1127e-01
7.250  21.500  7.1127e-01
7.250  21.750  7.1127e-01
7.250  22.000  7.1127e-01
7.250  22.250  7.1127e-01
7.250  22.500  7.1127e-01
7.250  22.750  7.1127e-01
7.250  23.000  7.1127e-01
7.250  23.250  7.1127e-01
7.250  23.500  7.1127e-01
7.250  23.750  7.1127e-01
7.250  24.000  7.1127e-01
7.500  17.000  7.1126e-01
7.500  17.250  7.1127e-01
7.500  17.500  7.1127e-01
7.500  17.750  7.1127e-01
7.500  18.000  7.1127e-01
7.500  18.250  7.1127e-01
7.500  18.500  7.1127e-01
7.500  18.750  7.1127e-01
7.500  19.000  7.1127e-01
7.500  19.250  7.1127e-01
7.500  19.500  7.1127e-01
7.500  19.750  7.1127e-01
7.500  20.000  7.1127e-01
7.500  20.250  7.1127e-01
7.500  20.500  7.1127e-01
7.500  20.750  7.1127e-01
7.500  21.000  7.1127e-01
7.500  21.250  7.1127e-01
7.500  21.500  7.1127e-01
7.500  21.750  7.1127e-01
7.500  22.000  7.1127e-01
7.500  22.250  7.1127e-01
7.500  22.500  7.1127e-01
7.500  22.750  7.1127e-01
7.500  23.000  7.1127e-01
7.500  23.250  7.1127e-01
7.500  23.500  7.1127e-01
7.500  23.750  7.1127e-01
7.500  24.000  7.1127e-01
7.750  17.000  7.1126e-01
7.750  17.250  7.1126e-01
7.750  17.500  7.1127e-01
7.750  17.750  7.1127e-01
7.750  18.000  7.1127e-01
7.750  18.250  7.1127e-01
7.750  18.500  7.1127e-01
7.750  18.750  7.1127e-01
7.750  19.000  7.1127e-01
7.750  19.250  7.1127e-01
7.750  19.500  7.1127e-01
7.750  19.750  7.1127e-01
7.750  20.000  7.1127e-01
7.750  20.250  7.1127e-01
7.750  20.500  7.1127e-01
7.750  20.750  7.1127e-01
7.750  21.000  7.1127e-01
7.750  21.250  7.1127e-01
7.750  21.500  7.1127e-01
7.750  21.750  7.1127e-01
7.750  22.000  7.1127e-01
7.750  22.250  7.1127e-01
7.750  22.500  7.1127e-01
7.750  22.750  7.1127e-01
7.750  23.000  7.1127e-01
7.750  23.250  7.1127e-01
7.750  23.500  7.1127e-01
7.750  23.750  7.1127e-01
7.750  24.000  7.1127e-01
8.000  17.000  7.1125e-01
8.000  17.250  7.1125e-01
8.000  17.500  7.1126e-01
8.000  17.750  7.1126e-01
8.000  18.000  7.1127e-01
8.000  18.250  7.1127e-01
8.000  18.500  7.1127e-01
8.000  18.750  7.1127e-01
8.000  19.000  7.1127e-01
8.000  19.250  7.1127e-01
8.000  19.500  7.1127e-01
8.000  19.750  7.1127e-01
8.000  20.000  7.1127e-01
8.000  20.250  7.1127e-01
8.000  20.500  7.1127e-01
8.000  20.750  7.1127e-01
8.000  21.000  7.1127e-01
8.000  21.250  7.1127e-01
8.000  21.500  7.1127e-01
8.000  21.750  7.1127e-01
8.000  22.000  7.1127e-01
8.000  22.250  7.1127e-01
8.000  22.500  7.1127e-01
8.000  22.750  7.1127e-01
8.000  23.000  7.1127e-01
8.000  23.250  7.1127e-01
8.000  23.500  7.1127e-01
8.000  23.750  7.1127e-01
8.000  24.000  7.1127e-01
8.250  17.000  7.1124e-01
8.250  17.250  7.1124e-01
8.250  17.500  7.1124e-01
8.250  17.750  7.1125e-01
8.250  18.000  7.1126e-01
8.250  18.250  7.1127e-01
8.250  18.500  7.1127e-01
8.250  18.750  7.1127e-01
8.250  19.000  7.1127e-01
8.250  19.250  7.1127e-01
8.250  19.500  7.1127e-01
8.250  19.750  7.1127e-01
8.250  20.000  7.1127e-01
8.250  20.250  7.1127e-01
8.250  20.500  7.1127e-01
8.250  20.750  7.1127e-01
8.250  21.000  7.1127e-01
8.250  21.250  7.1127e-01
8.250  21.500  7.1127e-01
8.250  21.750  7.1127e-01
8.250  22.000  7.1127e-01
8.250  22.250  7.1127e-01
8.250  22.500  7.1127e-01
8.250  22.750  7.1127e-01
8.250  23.000  7.1127e-01
8.250  23.250  7.1127e-01
8.250  23.500  7.1127e-01
8.250  23.750  7.1127e-01
8.250  24.000  7.1127e-01
8.500  17.000  7.1123e-01
8.500  17.250  7.1123e-01
8.500  17.500  7.1123e-01
8.500  17.750  7.1122e-01
8.500  18.000  7.1123e-01
8.500  18.250  7.1125e-01
8.500  18.500  7.1127e-01
8.500  18.750  7.1127e-01
8.500  19.000  7.1127e-01
8.500  19.250  7.1127e-01
8.500  19.500  7.1127e-01
8.500  19.750  7.1127e-01
8.500  20.000  7.1127e-01
8.500  20.250  7.1127e-01
8.500  20.500  7.1127e-01
8.500  20.750  7.1127e-01
8.500  21.000  7.1127e-01
8.500  21.250  7.1127e-01
8.500  21.500  7.1127e-01
8.500  21.750  7.1127e-01
8.500  22.000  7.1127e-01
8.500  22.250  7.1127e-01
8.500  22.500  7.1127e-01
8.500  22.750  7.1127e-01
8.500  23.000  7.1127e-01
8.500  23.250  7.1127e-01
8.500  23.500  7.1127e-01
8.500  23.750  7.1127e-01
8.500  24.000  7.1127e-01
8.750  17.000  7.1121e-01
8.750  17.250  7.1121e-01
8.750  17.500  7.1120e-01
8.750  17.750  7.1119e-01
8.750  18.000  7.1118e-01
8.750  18.250  7.1119e-01
8.750  18.500  7.1124e-01
8.750  18.750  7.1127e-01
8.750  19.000  7.1127e-01
8.750  19.250  7.1127e-01
8.750  19.500  7.1127e-01
8.750  19.750  7.1127e-01
8.750  20.000  7.1127e-01
8.750  20.250  7.1127e-01
8.750  20.500  7.1127e-01
8.750  20.750  7.1127e-01
8.750  21.000  7.1127e-01
8.750  21.250  7.1127e-01
8.750  21.500  7.1127e-01
8.750  21.750  7.1127e-01
8.750  22.000  7.1127e-01
8.750  22.250  7.1127e-01
8.750  22.500  7.1127e-01
8.750  22.750  7.1127e-01
8.750  23.000  7.1127e-01
8.750  23.250  7.1127e-01
8.750  23.500  7.1127e-01
8.750  23.750  7.1127e-01
8.750  24.000  7.1127e-01
9.000  17.000  7.1118e-01
9.000  17.250  7.1118e-01
9.000  17.500  7.1117e-01
9.000  17.750  7.1115e-01
9.000  18.000  7.1112e-01
9.000  18.250  7.1108e-01
9.000  18.500  7.1110e-01
9.000  18.750  7.1118e-01
9.000  19.000  7.1126e-01
9.000  19.250  7.1127e-01
9.000  19.500  7.1127e-01
9.000  19.750  7.1127e-01
9.000  20.000  7.1127e-01
9.000  20.250  7.1127e-01
9.000  20.500  7.1127e-01
9.000  20.750  7.1127e-01
9.000  21.000  7.1127e-01
9.000  21.250  7.1127e-01
9.000  21.500  7.1127e-01
9.000  21.750  7.1127e-01
9.000  22.000  7.1127e-01
9.000  22.250  7.1127e-01
9.000  22.500  7.1127e-01
9.000  22.750  7.1127e-01
9.000  23.000  7.1127e-01
9.000  23.250  7.1127e-01
9.000  23.500  7.1127e-01
9.000  23.750  7.1127e-01
9.000  24.000  7.1127e-01
9.250  17.000  7.1115e-01
9.250  17.250  7.1114e-01
9.250  17.500  7.1113e-01
9.250  17.750  7.1109e-01
9.250  18.000  7.1104e-01
9.250  18.250  7.1097e-01
9.250  18.500  7.1093e-01
9.250  18.750  7.1098e-01
9.250  19.000  7.1115e-01
9.250  19.250  7.1125e-01
9.250  19.500  7.1127e-01
9.250  19.750  7.1127e-01
9.250  20.000  7.1127e-01
9.250  20.250  7.1127e-01
9.250  20.500  7.1127e-01
9.250  20.750  7.1127e-01
9.250  21.000  7.1127e-01
9.250  21.250  7.1127e-01
9.250  21.500  7.1127e-01
9.250  21.750  7.1127e-01
9.250  22.000  7.1127e-01
9.250  22.250  7.1127e-01
9.250  22.500  7.1127e-01
9.250  22.750  7.1127e-01
9.250  23.000  7.1127e-01
9.250  23.250  7.1127e-01
9.250  23.500  7.1127e-01
9.250  23.750  7.1127e-01
9.250  24.000  7.1127e-01
9.500  17.000  7.1110e-01
9.500  17.250  7.1109e-01
9.500  17.500  7.1107e-01
9.500  17.750  7.1102e-01
9.500  18.000  7.1095e-01
9.500  18.250  7.1084e-01
9.500  18.500  7.1073e-01
9.500  18.750  7.1073e-01
9.500  19.000  7.1086e-01
9.500  19.250  7.1105e-01
9.500  19.500  7.1123e-01
9.500  19.750  7.1126e-01
9.500  20.000  7.1127e-01
9.500  20.250  7.1127e-01
9.500  20.500  7.1127e-01
9.500  20.750  7.1127e-01
9.500  21.000  7.1127e-01
9.500  21.250  7.1127e-01
9.500  21.500  7.1127e-01
9.500  21.750  7.1127e-01
9.500  22.000  7.1127e-01
9.500  22.250  7.1127e-01
9.500  22.500  7.1127e-01
9.500  22.750  7.1127e-01
9.500  23.000  7.1127e-01
9.500  23.250  7.1127e-01
9.500  23.500  7.1127e-01
9.500  23.750  7.1127e-01
9.500  24.000  7.1127e-01
9.750  17.000  7.1104e-01
9.750  17.250  7.1103e-01
9.750  17.500  7.1099e-01
9.750  17.750  7.1093e-01
9.750  18.000  7.1083e-01
9.750  18.250  7.1067e-01
9.750  18.500  7.1050e-01
9.750  18.750  7.1038e-01
9.750  19.000  7.1046e-01
9.750  19.250  7.1065e-01
9.750  19.500  7.1095e-01
9.750  19.750  7.1120e-01
9.750  20.000  7.1126e-01
9.750  20.250  7.1127e-01
9.750  20.500  7.1127e-01
9.750  20.750  7.1127e-01
9.750  21.000  7.1127e-01
9.750  21.250  7.1127e-01
9.750  21.500  7.1127e-01
9.750  21.750  7.1127e-01
9.750  22.000  7.1127e-01
9.750  22.250  7.1127e-01
9.750  22.500  7.1127e-01
9.750  22.750  7.1127e-01
9.750  23.000  7.1127e-01
9.750  23.250  7.1127e-01
9.750  23.500  7.1127e-01
9.750  23.750  7.1127e-01
9.750  24.000  7.1127e-01
10.000  17.000  7.1094e-01
10.000  17.250  7.1093e-01
10.000  17.500  7.1089e-01
10.000  17.750  7.1080e-01
10.000  18.000  7.1065e-01
10.000  18.250  7.1044e-01
10.000  18.500  7.1018e-01
10.000  18.750  7.0995e-01
10.000  19.000  7.0988e-01
10.000  19.250  7.0992e-01
10.000  19.500  7.1064e-01
10.000  19.750  7.1084e-01
10.000  20.000  7.1105e-01
10.000  20.250  7.1125e-01
10.000  20.500  7.1126e-01
10.000  20.750  7.1127e-01
10.000  21.000  7.1127e-01
10.000  21.250  7.1127e-01
10.000  21.500  7.1127e-01
10.000  21.750  7.1127e-01
10.000  22.000  7.1127e-01
10.000  22.250  7.1127e-01
10.000  22.500  7.1127e-01
10.000  22.750  7.1127e-01
10.000  23.000  7.1127e-01
10.000  23.250  7.1127e-01
10.000  23.500  7.1127e-01
10.000  23.750  7.1127e-01
10.000  24.000  7.1127e-01
10.250  17.000  7.1078e-01
10.250  17.250  7.1078e-01
10.250  17.500  7.1073e-01
10.250  17.750  7.1061e-01
10.250  18.000  7.1039e-01
10.250  18.250  7.1009e-01
10.250  18.500  7.0971e-01
10.250  18.750  7.0938e-01
10.250  19.000  7.0918e-01
10.250  19.250  7.0936e-01
10.250  19.500  7.0980e-01
10.250  19.750  7.1056e-01
10.250  20.000  7.1072e-01
10.250  20.250  7.1093e-01
10.250  20.500  7.1121e-01
10.250  20.750  7.1126e-01
10.250  21.000  7.1127e-01
10.250  21.250  7.1127e-01
10.250  21.500  7.1127e-01
10.250  21.750  7.1127e-01
10.250  22.000  7.1127e-01
10.250  22.250  7.1127e-01
10.250  22.500  7.1127e-01
10.250  22.750  7.1127e-01
10.250  23.000  7.1127e-01
10.250  23.250  7.1127e-01
10.250  23.500  7.1127e-01
10.250  23.750  7.1127e-01
10.250  24.000  7.1127e-01
10.500  17.000  7.1050e-01
10.500  17.250  7.1055e-01
10.500  17.500  7.1050e-01
10.500  17.750  7.1032e-01
10.500  18.000  7.0997e-01
10.500  18.250  7.0948e-01
10.500  18.500  7.0906e-01
10.500  18.750  7.0873e-01
10.500  19.000  7.0871e-01
10.500  19.250  7.0887e-01
10.500  19.500  7.0902e-01
10.500  19.750  7.0955e-01
10.500  20.000  7.1048e-01
10.500  20.250  7.1063e-01
10.500  20.500  7.1089e-01
10.500  20.750  7.1120e-01
10.500  21.000  7.1125e-01
10.500  21.250  7.1126e-01
10.500  21.500  7.1127e-01
10.500  21.750  7.1127e-01
10.500  22.000  7.1127e-01
10.500  22.250  7.1127e-01
10.500  22.500  7.1127e-01
10.500  22.750  7.1127e-01
10.500  23.000  7.1127e-01
10.500  23.250  7.1127e-01
10.500  23.500  7.1127e-01
10.500  23.750  7.1127e-01
10.500  24.000  7.1127e-01
10.750  17.000  7.0998e-01
10.750  17.250  7.1016e-01
10.750  17.500  7.1012e-01
10.750  17.750  7.0987e-01
10.750  18.000  7.0935e-01
10.750  18.250  7.0868e-01
10.750  18.500  7.0823e-01
10.750  18.750  7.0802e-01
10.750  19.000  7.0815e-01
10.750  19.250  7.0837e-01
10.750  19.500  7.0859e-01
10.750  19.750  7.0889e-01
10.750  20.000  7.0959e-01
10.750  20.250  7.1015e-01
10.750  20.500  7.1054e-01
10.750  20.750  7.1082e-01
10.750  21.000  7.1115e-01
10.750  21.250  7.1124e-01
10.750  21.500  7.1126e-01
10.750  21.750  7.1126e-01
10.750  22.000  7.1127e-01
10.750  22.250  7.1127e-01
10.750  22.500  7.1127e-01
10.750  22.750  7.1127e-01
10.750  23.000  7.1127e-01
10.750  23.250  7.1127e-01
10.750  23.500  7.1127e-01
10.750  23.750  7.1127e-01
10.750  24.000  7.1127e-01
11.000  17.000  7.0910e-01
11.000  17.250  7.0950e-01
11.000  17.500  7.0952e-01
11.000  17.750  7.0917e-01
11.000  18.000  7.0844e-01
11.000  18.250  7.0764e-01
11.000  18.500  7.0719e-01
11.000  18.750  7.0720e-01
11.000  19.000  7.0748e-01
11.000  19.250  7.0777e-01
11.000  19.500  7.0811e-01
11.000  19.750  7.0837e-01
11.000  20.000  7.0859e-01
11.000  20.250  7.0966e-01
11.000  20.500  7.1028e-01
11.000  20.750  7.1051e-01
11.000  21.000  7.1085e-01
11.000  21.250  7.1106e-01
11.000  21.500  7.1121e-01
11.000  21.750  7.1125e-01
11.000  22.000  7.1126e-01
11.000  22.250  7.1126e-01
11.000  22.500  7.1127e-01
11.000  22.750  7.1127e-01
11.000  23.000  7.1127e-01
11.000  23.250  7.1127e-01
11.000  23.500  7.1127e-01
11.000  23.750  7.1127e-01
11.000  24.000  7.1127e-01
11.250  17.000  7.0806e-01
11.250  17.250  7.0844e-01
11.250  17.500  7.0853e-01
11.250  17.750  7.0809e-01
11.250  18.000  7.0720e-01
11.250  18.250  7.0640e-01
11.250  18.500  7.0614e-01
11.250  18.750  7.0629e-01
11.250  19.000  7.0667e-01
11.250  19.250  7.0710e-01
11.250  19.500  7.0750e-01
11.250  19.750  7.0788e-01
11.250  20.000  7.0810e-01
11.250  20.250  7.0828e-01
11.250  20.500  7.0935e-01
11.250  20.750  7.1007e-01
11.250  21.000  7.1049e-01
11.250  21.250  7.1079e-01
11.250  21.500  7.1109e-01
11.250  21.750  7.1118e-01
11.250  22.000  7.1124e-01
11.250  22.250  7.1125e-01
11.250  22.500  7.1126e-01
11.250  22.750  7.1127e-01
11.250  23.000  7.1127e-01
11.250  23.250  7.1127e-01
11.250  23.500  7.1127e-01
11.250  23.750  7.1127e-01
11.250  24.000  7.1127e-01
11.500  17.000  7.0729e-01
11.500  17.250  7.0719e-01
11.500  17.500  7.0713e-01
11.500  17.750  7.0658e-01
11.500  18.000  7.0564e-01
11.500  18.250  7.0506e-01
11.500  18.500  7.0506e-01
11.500  18.750  7.0530e-01
11.500  19.000  7.0572e-01
11.500  19.250  7.0630e-01
11.500  19.500  7.0682e-01
11.500  19.750  7.0729e-01
11.500  20.000  7.0763e-01
11.500  20.250  7.0773e-01
11.500  20.500  7.0777e-01
11.500  20.750  7.0912e-01
11.500  21.000  7.1001e-01
11.500  21.250  7.1041e-01
11.500  21.500  7.1078e-01
11.500  21.750  7.1103e-01
11.500  22.000  7.1115e-01
11.500  22.250  7.1122e-01
11.500  22.500  7.1124e-01
11.500  22.750  7.1126e-01
11.500  23.000  7.1126e-01
11.500  23.250  7.1127e-01
11.500  23.500  7.1127e-01
11.500  23.750  7.1127e-01
11.500  24.000  7.1127e-01
11.750  17.000  7.0712e-01
11.750  17.250  7.0623e-01
11.750  17.500  7.0557e-01
11.750  17.750  7.0477e-01
11.750  18.000  7.0394e-01
11.750  18.250  7.0372e-01
11.750  18.500  7.0387e-01
11.750  18.750  7.0424e-01
11.750  19.000  7.0471e-01
11.750  19.250  7.0529e-01
11.750  19.500  7.0598e-01
11.750  19.750  7.0656e-01
11.750  20.000  7.0707e-01
11.750  20.250  7.0729e-01
11.750  20.500  7.0717e-01
11.750  20.750  7.0740e-01
11.750  21.000  7.0876e-01
11.750  21.250  7.0987e-01
11.750  21.500  7.1037e-01
11.750  21.750  7.1067e-01
11.750  22.000  7.1097e-01
11.750  22.250  7.1111e-01
11.750  22.500  7.1120e-01
11.750  22.750  7.1123e-01
11.750  23.000  7.1125e-01
11.750  23.250  7.1126e-01
11.750  23.500  7.1126e-01
11.750  23.750  7.1127e-01
11.750  24.000  7.1127e-01
12.000  17.000  7.0753e-01
12.000  17.250  7.0601e-01
12.000  17.500  7.0451e-01
12.000  17.750  7.0324e-01
12.000  18.000  7.0256e-01
12.000  18.250  7.0253e-01
12.000  18.500  7.0278e-01
12.000  18.750  7.0309e-01
12.000  19.000  7.0351e-01
12.000  19.250  7.0412e-01
12.000  19.500  7.0488e-01
12.000  19.750  7.0568e-01
12.000  20.000  7.0633e-01
12.000  20.250  7.0673e-01
12.000  20.500  7.0674e-01
12.000  20.750  7.0628e-01
12.000  21.000  7.0585e-01
12.000  21.250  7.0818e-01
12.000  21.500  7.0974e-01
12.000  21.750  7.1024e-01
12.000  22.000  7.1061e-01
12.000  22.250  7.1090e-01
12.000  22.500  7.1107e-01
12.000  22.750  7.1117e-01
12.000  23.000  7.1121e-01
12.000  23.250  7.1124e-01
12.000  23.500  7.1126e-01
12.000  23.750  7.1126e-01
12.000  24.000  7.1126e-01
12.250  17.000  7.0832e-01
12.250  17.250  7.0666e-01
12.250  17.500  7.0464e-01
12.250  17.750  7.0283e-01
12.250  18.000  7.0188e-01
12.250  18.250  7.0170e-01
12.250  18.500  7.0173e-01
12.250  18.750  7.0187e-01
12.250  19.000  7.0220e-01
12.250  19.250  7.0276e-01
12.250  19.500  7.0359e-01
12.250  19.750  7.0452e-01
12.250  20.000  7.0537e-01
12.250  20.250  7.0598e-01
12.250  20.500  7.0619e-01
12.250  20.750  7.0582e-01
12.250  21.000  7.0485e-01
12.250  21.250  7.0434e-01
12.250  21.500  7.0735e-01
12.250  21.750  7.0938e-01
12.250  22.000  7.1004e-01
12.250  22.250  7.1049e-01
12.250  22.500  7.1080e-01
12.250  22.750  7.1099e-01
12.250  23.000  7.1112e-01
12.250  23.250  7.1117e-01
12.250  23.500  7.1122e-01
12.250  23.750  7.1125e-01
12.250  24.000  7.1126e-01
12.500  17.000  7.0931e-01
12.500  17.250  7.0804e-01
12.500  17.500  7.0626e-01
12.500  17.750  7.0431e-01
12.500  18.000  7.0267e-01
12.500  18.250  7.0148e-01
12.500  18.500  7.0087e-01
12.500  18.750  7.0067e-01
12.500  19.000  7.0081e-01
12.500  19.250  7.0130e-01
12.500  19.500  7.0214e-01
12.500  19.750  7.0316e-01
12.500  20.000  7.0416e-01
12.500  20.250  7.0498e-01
12.500  20.500  7.0542e-01
12.500  20.750  7.0528e-01
12.500  21.000  7.0433e-01
12.500  21.250  7.0262e-01
12.500  21.500  7.0201e-01
12.500  21.750  7.0611e-01
12.500  22.000  7.0896e-01
12.500  22.250  7.0971e-01
12.500  22.500  7.1032e-01
12.500  22.750  7.1065e-01
12.500  23.000  7.1090e-01
12.500  23.250  7.1105e-01
12.500  23.500  7.1112e-01
12.500  23.750  7.1119e-01
12.500  24.000  7.1124e-01
12.750  17.000  7.1034e-01
12.750  17.250  7.0960e-01
12.750  17.500  7.0852e-01
12.750  17.750  7.0687e-01
12.750  18.000  7.0453e-01
12.750  18.250  7.0218e-01
12.750  18.500  7.0050e-01
12.750  18.750  6.9963e-01
12.750  19.000  6.9947e-01
12.750  19.250  6.9981e-01
12.750  19.500  7.0058e-01
12.750  19.750  7.0162e-01
12.750  20.000  7.0272e-01
12.750  20.250  7.0373e-01
12.750  20.500  7.0439e-01
12.750  20.750  7.0451e-01
12.750  21.000  7.0375e-01
12.750  21.250  7.0189e-01
12.750  21.500  6.9930e-01
12.750  21.750  6.9923e-01
12.750  22.000  7.0479e-01
12.750  22.250  7.0825e-01
12.750  22.500  7.0920e-01
12.750  22.750  7.1002e-01
12.750  23.000  7.1045e-01
12.750  23.250  7.1075e-01
12.750  23.500  7.1094e-01
12.750  23.750  7.1104e-01
12.750  24.000  7.1114e-01
13.000  17.000  7.1092e-01
13.000  17.250  7.1053e-01
13.000  17.500  7.0966e-01
13.000  17.750  7.0836e-01
13.000  18.000  7.0633e-01
13.000  18.250  7.0364e-01
13.000  18.500  7.0098e-01
13.000  18.750  6.9916e-01
13.000  19.000  6.9840e-01
13.000  19.250  6.9841e-01
13.000  19.500  6.9902e-01
13.000  19.750  7.0000e-01
13.000  20.000  7.0116e-01
13.000  20.250  7.0228e-01
13.000  20.500  7.0311e-01
13.000  20.750  7.0346e-01
13.000  21.000  7.0294e-01
13.000  21.250  7.0119e-01
13.000  21.500  6.9817e-01
13.000  21.750  6.9422e-01
13.000  22.000  6.9565e-01
13.000  22.250  7.0289e-01
13.000  22.500  7.0699e-01
13.000  22.750  7.0844e-01
13.000  23.000  7.0956e-01
13.000  23.250  7.1012e-01
13.000  23.500  7.1053e-01
13.000  23.750  7.1076e-01
13.000  24.000  7.1090e-01
13.250  17.000  7.1106e-01
13.250  17.250  7.1087e-01
13.250  17.500  7.1042e-01
13.250  17.750  7.0950e-01
13.250  18.000  7.0782e-01
13.250  18.250  7.0547e-01
13.250  18.500  7.0249e-01
13.250  18.750  6.9966e-01
13.250  19.000  6.9796e-01
13.250  19.250  6.9737e-01
13.250  19.500  6.9758e-01
13.250  19.750  6.9841e-01
13.250  20.000  6.9949e-01
13.250  20.250  7.0065e-01
13.250  20.500  7.0163e-01
13.250  20.750  7.0214e-01
13.250  21.000  7.0188e-01
13.250  21.250  7.0032e-01
13.250  21.500  6.9729e-01
13.250  21.750  6.9172e-01
13.250  22.000  6.8667e-01
13.250  22.250  6.9109e-01
13.250  22.500  6.9995e-01
13.250  22.750  7.0498e-01
13.250  23.000  7.0732e-01
13.250  23.250  7.0879e-01
13.250  23.500  7.0957e-01
13.250  23.750  7.1016e-01
13.250  24.000  7.1048e-01
13.500  17.000  7.1114e-01
13.500  17.250  7.1103e-01
13.500  17.500  7.1077e-01
13.500  17.750  7.1018e-01
13.500  18.000  7.0908e-01
13.500  18.250  7.0718e-01
13.500  18.500  7.0455e-01
13.500  18.750  7.0128e-01
13.500  19.000  6.9843e-01
13.500  19.250  6.9673e-01
13.500  19.500  6.9649e-01
13.500  19.750  6.9692e-01
13.500  20.000  6.9785e-01
13.500  20.250  6.9898e-01
13.500  20.500  7.0001e-01
13.500  20.750  7.0064e-01
13.500  21.000  7.0055e-01
13.500  21.250  6.9916e-01
13.500  21.500  6.9623e-01
13.500  21.750  6.9014e-01
13.500  22.000  6.8056e-01
13.500  22.250  6.7562e-01
13.500  22.500  6.8503e-01
13.500  22.750  6.9561e-01
13.500  23.000  7.0224e-01
13.500  23.250  7.0558e-01
13.500  23.500  7.0759e-01
13.500  23.750  7.0884e-01
13.500  24.000  7.0957e-01
13.750  17.000  7.1119e-01
13.750  17.250  7.1113e-01
13.750  17.500  7.1098e-01
13.750  17.750  7.1065e-01
13.750  18.000  7.0990e-01
13.750  18.250  7.0865e-01
13.750  18.500  7.0662e-01
13.750  18.750  7.0369e-01
13.750  19.000  7.0019e-01
13.750  19.250  6.9731e-01
13.750  19.500  6.9594e-01
13.750  19.750  6.9579e-01
13.750  20.000  6.9638e-01
13.750  20.250  6.9730e-01
13.750  20.500  6.9828e-01
13.750  20.750  6.9892e-01
13.750  21.000  6.9898e-01
13.750  21.250  6.9777e-01
13.750  21.500  6.9495e-01
13.750  21.750  6.8846e-01
13.750  22.000  6.7652e-01
13.750  22.250  6.6038e-01
13.750  22.500  6.6125e-01
13.750  22.750  6.7715e-01
13.750  23.000  6.9054e-01
13.750  23.250  6.9836e-01
13.750  23.500  7.0308e-01
13.750  23.750  7.0579e-01
13.750  24.000  7.0754e-01
14.000  17.000  7.1122e-01
14.000  17.250  7.1118e-01
14.000  17.500  7.1109e-01
14.000  17.750  7.1090e-01
14.000  18.000  7.1048e-01
14.000  18.250  7.0962e-01
14.000  18.500  7.0825e-01
14.000  18.750  7.0607e-01
14.000  19.000  7.0299e-01
14.000  19.250  6.9935e-01
14.000  19.500  6.9648e-01
14.000  19.750  6.9529e-01
14.000  20.000  6.9525e-01
14.000  20.250  6.9583e-01
14.000  20.500  6.9661e-01
14.000  20.750  6.9723e-01
14.000  21.000  6.9727e-01
14.000  21.250  6.9612e-01
14.000  21.500  6.9327e-01
14.000  21.750  6.8662e-01
14.000  22.000  6.7292e-01
14.000  22.250  6.4930e-01
14.000  22.500  6.2654e-01
14.000  22.750  6.4418e-01
14.000  23.000  6.6645e-01
14.000  23.250  6.8250e-01
14.000  23.500  6.9229e-01
14.000  23.750  6.9910e-01
14.000  24.000  7.0287e-01
