S  6 944.524A  relative to Inci 1215.00A scaled to 1215A.
Hden   Phi(H)  Eq_Width (A)
7.000  17.000  5.3021e-04
7.000  17.250  2.8255e-04
7.000  17.500  5.4074e-05
7.000  17.750  9.8765e-07
7.000  18.000  1.0000e-07
7.000  18.250  1.0000e-07
7.000  18.500  1.0000e-07
7.000  18.750  1.0000e-07
7.000  19.000  1.0000e-07
7.000  19.250  1.0000e-07
7.000  19.500  1.0000e-07
7.000  19.750  1.0000e-07
7.000  20.000  1.0000e-07
7.000  20.250  1.0000e-07
7.000  20.500  1.0000e-07
7.000  20.750  1.0000e-07
7.000  21.000  1.0000e-07
7.000  21.250  1.0000e-07
7.000  21.500  1.0000e-07
7.000  21.750  1.0000e-07
7.000  22.000  1.0000e-07
7.000  22.250  1.0000e-07
7.000  22.500  1.0000e-07
7.000  22.750  1.0000e-07
7.000  23.000  1.0000e-07
7.000  23.250  1.0000e-07
7.000  23.500  1.0000e-07
7.000  23.750  1.0000e-07
7.000  24.000  1.0000e-07
7.250  17.000  5.5144e-04
7.250  17.250  5.4691e-04
7.250  17.500  2.8634e-04
7.250  17.750  5.3992e-05
7.250  18.000  9.8765e-07
7.250  18.250  1.0000e-07
7.250  18.500  1.0000e-07
7.250  18.750  1.0000e-07
7.250  19.000  1.0000e-07
7.250  19.250  1.0000e-07
7.250  19.500  1.0000e-07
7.250  19.750  1.0000e-07
7.250  20.000  1.0000e-07
7.250  20.250  1.0000e-07
7.250  20.500  1.0000e-07
7.250  20.750  1.0000e-07
7.250  21.000  1.0000e-07
7.250  21.250  1.0000e-07
7.250  21.500  1.0000e-07
7.250  21.750  1.0000e-07
7.250  22.000  1.0000e-07
7.250  22.250  1.0000e-07
7.250  22.500  1.0000e-07
7.250  22.750  1.0000e-07
7.250  23.000  1.0000e-07
7.250  23.250  1.0000e-07
7.250  23.500  1.0000e-07
7.250  23.750  1.0000e-07
7.250  24.000  1.0000e-07
7.500  17.000  6.1391e-04
7.500  17.250  5.7193e-04
7.500  17.500  5.6444e-04
7.500  17.750  2.9062e-04
7.500  18.000  5.4074e-05
7.500  18.250  9.0535e-07
7.500  18.500  1.0000e-07
7.500  18.750  1.0000e-07
7.500  19.000  1.0000e-07
7.500  19.250  1.0000e-07
7.500  19.500  1.0000e-07
7.500  19.750  1.0000e-07
7.500  20.000  1.0000e-07
7.500  20.250  1.0000e-07
7.500  20.500  1.0000e-07
7.500  20.750  1.0000e-07
7.500  21.000  1.0000e-07
7.500  21.250  1.0000e-07
7.500  21.500  1.0000e-07
7.500  21.750  1.0000e-07
7.500  22.000  1.0000e-07
7.500  22.250  1.0000e-07
7.500  22.500  1.0000e-07
7.500  22.750  1.0000e-07
7.500  23.000  1.0000e-07
7.500  23.250  1.0000e-07
7.500  23.500  1.0000e-07
7.500  23.750  1.0000e-07
7.500  24.000  1.0000e-07
7.750  17.000  7.0362e-04
7.750  17.250  6.3811e-04
7.750  17.500  5.1186e-04
7.750  17.750  3.4531e-04
7.750  18.000  1.7917e-04
7.750  18.250  5.4156e-05
7.750  18.500  9.0535e-07
7.750  18.750  1.0000e-07
7.750  19.000  1.0000e-07
7.750  19.250  1.0000e-07
7.750  19.500  1.0000e-07
7.750  19.750  1.0000e-07
7.750  20.000  1.0000e-07
7.750  20.250  1.0000e-07
7.750  20.500  1.0000e-07
7.750  20.750  1.0000e-07
7.750  21.000  1.0000e-07
7.750  21.250  1.0000e-07
7.750  21.500  1.0000e-07
7.750  21.750  1.0000e-07
7.750  22.000  1.0000e-07
7.750  22.250  1.0000e-07
7.750  22.500  1.0000e-07
7.750  22.750  1.0000e-07
7.750  23.000  1.0000e-07
7.750  23.250  1.0000e-07
7.750  23.500  1.0000e-07
7.750  23.750  1.0000e-07
7.750  24.000  1.0000e-07
8.000  17.000  7.1062e-04
8.000  17.250  7.2881e-04
8.000  17.500  6.5745e-04
8.000  17.750  5.1629e-04
8.000  18.000  3.4422e-04
8.000  18.250  1.7797e-04
8.000  18.500  5.4239e-05
8.000  18.750  9.0535e-07
8.000  19.000  1.0000e-07
8.000  19.250  1.0000e-07
8.000  19.500  1.0000e-07
8.000  19.750  1.0000e-07
8.000  20.000  1.0000e-07
8.000  20.250  1.0000e-07
8.000  20.500  1.0000e-07
8.000  20.750  1.0000e-07
8.000  21.000  1.0000e-07
8.000  21.250  1.0000e-07
8.000  21.500  1.0000e-07
8.000  21.750  1.0000e-07
8.000  22.000  1.0000e-07
8.000  22.250  1.0000e-07
8.000  22.500  1.0000e-07
8.000  22.750  1.0000e-07
8.000  23.000  1.0000e-07
8.000  23.250  1.0000e-07
8.000  23.500  1.0000e-07
8.000  23.750  1.0000e-07
8.000  24.000  1.0000e-07
8.250  17.000  5.7465e-04
8.250  17.250  7.3695e-04
8.250  17.500  7.5588e-04
8.250  17.750  6.7918e-04
8.250  18.000  5.3470e-04
8.250  18.250  3.5588e-04
8.250  18.500  1.8252e-04
8.250  18.750  5.4403e-05
8.250  19.000  8.2305e-07
8.250  19.250  1.0000e-07
8.250  19.500  1.0000e-07
8.250  19.750  1.0000e-07
8.250  20.000  1.0000e-07
8.250  20.250  1.0000e-07
8.250  20.500  1.0000e-07
8.250  20.750  1.0000e-07
8.250  21.000  1.0000e-07
8.250  21.250  1.0000e-07
8.250  21.500  1.0000e-07
8.250  21.750  1.0000e-07
8.250  22.000  1.0000e-07
8.250  22.250  1.0000e-07
8.250  22.500  1.0000e-07
8.250  22.750  1.0000e-07
8.250  23.000  1.0000e-07
8.250  23.250  1.0000e-07
8.250  23.500  1.0000e-07
8.250  23.750  1.0000e-07
8.250  24.000  1.0000e-07
8.500  17.000  3.5366e-04
8.500  17.250  5.9095e-04
8.500  17.500  7.6000e-04
8.500  17.750  7.8033e-04
8.500  18.000  7.0115e-04
8.500  18.250  6.4741e-04
8.500  18.500  6.3342e-04
8.500  18.750  3.1300e-04
8.500  19.000  5.4568e-05
8.500  19.250  1.0000e-07
8.500  19.500  1.0000e-07
8.500  19.750  1.0000e-07
8.500  20.000  1.0000e-07
8.500  20.250  1.0000e-07
8.500  20.500  1.0000e-07
8.500  20.750  1.0000e-07
8.500  21.000  1.0000e-07
8.500  21.250  1.0000e-07
8.500  21.500  1.0000e-07
8.500  21.750  1.0000e-07
8.500  22.000  1.0000e-07
8.500  22.250  1.0000e-07
8.500  22.500  1.0000e-07
8.500  22.750  1.0000e-07
8.500  23.000  1.0000e-07
8.500  23.250  1.0000e-07
8.500  23.500  1.0000e-07
8.500  23.750  1.0000e-07
8.500  24.000  1.0000e-07
8.750  17.000  1.7449e-04
8.750  17.250  3.6115e-04
8.750  17.500  6.0477e-04
8.750  17.750  7.8115e-04
8.750  18.000  8.0477e-04
8.750  18.250  7.2337e-04
8.750  18.500  6.7136e-04
8.750  18.750  6.5506e-04
8.750  19.000  3.2115e-04
8.750  19.250  5.4815e-05
8.750  19.500  1.0000e-07
8.750  19.750  1.0000e-07
8.750  20.000  1.0000e-07
8.750  20.250  1.0000e-07
8.750  20.500  1.0000e-07
8.750  20.750  1.0000e-07
8.750  21.000  1.0000e-07
8.750  21.250  1.0000e-07
8.750  21.500  1.0000e-07
8.750  21.750  1.0000e-07
8.750  22.000  1.0000e-07
8.750  22.250  1.0000e-07
8.750  22.500  1.0000e-07
8.750  22.750  1.0000e-07
8.750  23.000  1.0000e-07
8.750  23.250  1.0000e-07
8.750  23.500  1.0000e-07
8.750  23.750  1.0000e-07
8.750  24.000  1.0000e-07
9.000  17.000  7.6872e-05
9.000  17.250  1.7852e-04
9.000  17.500  3.6872e-04
9.000  17.750  6.1737e-04
9.000  18.000  8.0049e-04
9.000  18.250  8.2749e-04
9.000  18.500  7.4683e-04
9.000  18.750  7.0074e-04
9.000  19.000  6.7786e-04
9.000  19.250  3.3053e-04
9.000  19.500  5.5144e-05
9.000  19.750  1.0000e-07
9.000  20.000  1.0000e-07
9.000  20.250  1.0000e-07
9.000  20.500  1.0000e-07
9.000  20.750  1.0000e-07
9.000  21.000  1.0000e-07
9.000  21.250  1.0000e-07
9.000  21.500  1.0000e-07
9.000  21.750  1.0000e-07
9.000  22.000  1.0000e-07
9.000  22.250  1.0000e-07
9.000  22.500  1.0000e-07
9.000  22.750  1.0000e-07
9.000  23.000  1.0000e-07
9.000  23.250  1.0000e-07
9.000  23.500  1.0000e-07
9.000  23.750  1.0000e-07
9.000  24.000  1.0000e-07
9.250  17.000  3.2757e-05
9.250  17.250  7.8848e-05
9.250  17.500  1.8379e-04
9.250  17.750  3.7778e-04
9.250  18.000  6.3086e-04
9.250  18.250  8.2016e-04
9.250  18.500  8.5070e-04
9.250  18.750  7.7374e-04
9.250  19.000  7.2650e-04
9.250  19.250  7.0296e-04
9.250  19.500  3.4280e-04
9.250  19.750  5.5473e-05
9.250  20.000  1.0000e-07
9.250  20.250  1.0000e-07
9.250  20.500  1.0000e-07
9.250  20.750  1.0000e-07
9.250  21.000  1.0000e-07
9.250  21.250  1.0000e-07
9.250  21.500  1.0000e-07
9.250  21.750  1.0000e-07
9.250  22.000  1.0000e-07
9.250  22.250  1.0000e-07
9.250  22.500  1.0000e-07
9.250  22.750  1.0000e-07
9.250  23.000  1.0000e-07
9.250  23.250  1.0000e-07
9.250  23.500  1.0000e-07
9.250  23.750  1.0000e-07
9.250  24.000  1.0000e-07
9.500  17.000  8.3128e-06
9.500  17.250  3.3580e-05
9.500  17.500  8.1893e-05
9.500  17.750  1.9070e-04
9.500  18.000  3.8856e-04
9.500  18.250  6.4609e-04
9.500  18.500  8.4132e-04
9.500  18.750  8.7416e-04
9.500  19.000  8.0897e-04
9.500  19.250  7.5202e-04
9.500  19.500  7.2930e-04
9.500  19.750  3.5811e-04
9.500  20.000  5.6132e-05
9.500  20.250  1.0000e-07
9.500  20.500  1.0000e-07
9.500  20.750  1.0000e-07
9.500  21.000  1.0000e-07
9.500  21.250  1.0000e-07
9.500  21.500  1.0000e-07
9.500  21.750  1.0000e-07
9.500  22.000  1.0000e-07
9.500  22.250  1.0000e-07
9.500  22.500  1.0000e-07
9.500  22.750  1.0000e-07
9.500  23.000  1.0000e-07
9.500  23.250  1.0000e-07
9.500  23.500  1.0000e-07
9.500  23.750  1.0000e-07
9.500  24.000  1.0000e-07
9.750  17.000  9.0535e-07
9.750  17.250  8.5597e-06
9.750  17.500  3.4815e-05
9.750  17.750  8.5926e-05
9.750  18.000  1.9951e-04
9.750  18.250  4.0181e-04
9.750  18.500  6.6387e-04
9.750  18.750  8.6329e-04
9.750  19.000  9.0296e-04
9.750  19.250  8.6395e-04
9.750  19.500  7.8132e-04
9.750  19.750  7.5728e-04
9.750  20.000  3.7621e-04
9.750  20.250  5.7037e-05
9.750  20.500  1.0000e-07
9.750  20.750  1.0000e-07
9.750  21.000  1.0000e-07
9.750  21.250  1.0000e-07
9.750  21.500  1.0000e-07
9.750  21.750  1.0000e-07
9.750  22.000  1.0000e-07
9.750  22.250  1.0000e-07
9.750  22.500  1.0000e-07
9.750  22.750  1.0000e-07
9.750  23.000  1.0000e-07
9.750  23.250  1.0000e-07
9.750  23.500  1.0000e-07
9.750  23.750  1.0000e-07
9.750  24.000  1.0000e-07
10.000  17.000  1.0000e-07
10.000  17.250  9.8765e-07
10.000  17.500  9.2181e-06
10.000  17.750  3.6626e-05
10.000  18.000  9.0864e-05
10.000  18.250  2.0979e-04
10.000  18.500  4.1745e-04
10.000  18.750  6.8329e-04
10.000  19.000  8.9029e-04
10.000  19.250  9.4675e-04
10.000  19.500  9.3078e-04
10.000  19.750  8.1992e-04
10.000  20.000  7.8856e-04
10.000  20.250  3.9877e-04
10.000  20.500  5.8107e-05
10.000  20.750  1.0000e-07
10.000  21.000  1.0000e-07
10.000  21.250  1.0000e-07
10.000  21.500  1.0000e-07
10.000  21.750  1.0000e-07
10.000  22.000  1.0000e-07
10.000  22.250  1.0000e-07
10.000  22.500  1.0000e-07
10.000  22.750  1.0000e-07
10.000  23.000  1.0000e-07
10.000  23.250  1.0000e-07
10.000  23.500  1.0000e-07
10.000  23.750  1.0000e-07
10.000  24.000  1.0000e-07
10.250  17.000  1.0000e-07
10.250  17.250  1.0000e-07
10.250  17.500  1.0700e-06
10.250  17.750  1.0123e-05
10.250  18.000  3.8930e-05
10.250  18.250  9.6708e-05
10.250  18.500  2.2156e-04
10.250  18.750  4.3399e-04
10.250  19.000  7.0774e-04
10.250  19.250  9.3078e-04
10.250  19.500  1.0268e-03
10.250  19.750  9.9992e-04
10.250  20.000  8.7992e-04
10.250  20.250  8.3992e-04
10.250  20.500  4.2691e-04
10.250  20.750  5.9424e-05
10.250  21.000  1.0000e-07
10.250  21.250  1.0000e-07
10.250  21.500  1.0000e-07
10.250  21.750  1.0000e-07
10.250  22.000  1.0000e-07
10.250  22.250  1.0000e-07
10.250  22.500  1.0000e-07
10.250  22.750  1.0000e-07
10.250  23.000  1.0000e-07
10.250  23.250  1.0000e-07
10.250  23.500  1.0000e-07
10.250  23.750  1.0000e-07
10.250  24.000  1.0000e-07
10.500  17.000  1.0000e-07
10.500  17.250  1.0000e-07
10.500  17.500  1.0000e-07
10.500  17.750  1.3169e-06
10.500  18.000  1.1934e-05
10.500  18.250  4.2551e-05
10.500  18.500  1.0379e-04
10.500  18.750  2.3251e-04
10.500  19.000  4.5506e-04
10.500  19.250  7.5160e-04
10.500  19.500  1.0109e-03
10.500  19.750  1.1373e-03
10.500  20.000  1.1091e-03
10.500  20.250  9.7679e-04
10.500  20.500  9.2568e-04
10.500  20.750  4.6469e-04
10.500  21.000  6.1070e-05
10.500  21.250  1.0000e-07
10.500  21.500  1.0000e-07
10.500  21.750  1.0000e-07
10.500  22.000  1.0000e-07
10.500  22.250  1.0000e-07
10.500  22.500  1.0000e-07
10.500  22.750  1.0000e-07
10.500  23.000  1.0000e-07
10.500  23.250  1.0000e-07
10.500  23.500  1.0000e-07
10.500  23.750  1.0000e-07
10.500  24.000  1.0000e-07
10.750  17.000  1.0000e-07
10.750  17.250  1.0000e-07
10.750  17.500  1.0000e-07
10.750  17.750  1.0000e-07
10.750  18.000  1.8930e-06
10.750  18.250  1.5226e-05
10.750  18.500  4.6420e-05
10.750  18.750  1.0996e-04
10.750  19.000  2.4576e-04
10.750  19.250  4.9070e-04
10.750  19.500  8.3226e-04
10.750  19.750  1.1488e-03
10.750  20.000  1.3640e-03
10.750  20.250  1.2876e-03
10.750  20.500  1.1347e-03
10.750  20.750  1.0667e-03
10.750  21.000  5.0881e-04
10.750  21.250  6.2963e-05
10.750  21.500  1.0000e-07
10.750  21.750  1.0000e-07
10.750  22.000  1.0000e-07
10.750  22.250  1.0000e-07
10.750  22.500  1.0000e-07
10.750  22.750  1.0000e-07
10.750  23.000  1.0000e-07
10.750  23.250  1.0000e-07
10.750  23.500  1.0000e-07
10.750  23.750  1.0000e-07
10.750  24.000  1.0000e-07
11.000  17.000  1.0000e-07
11.000  17.250  1.0000e-07
11.000  17.500  1.0000e-07
11.000  17.750  1.0000e-07
11.000  18.000  1.0000e-07
11.000  18.250  2.9630e-06
11.000  18.500  1.7942e-05
11.000  18.750  4.9547e-05
11.000  19.000  1.1638e-04
11.000  19.250  2.6535e-04
11.000  19.500  5.5062e-04
11.000  19.750  9.6716e-04
11.000  20.000  1.3723e-03
11.000  20.250  1.6388e-03
11.000  20.500  1.5646e-03
11.000  20.750  1.3833e-03
11.000  21.000  1.3053e-03
11.000  21.250  5.5794e-04
11.000  21.500  6.4856e-05
11.000  21.750  1.0000e-07
11.000  22.000  1.0000e-07
11.000  22.250  1.0000e-07
11.000  22.500  1.0000e-07
11.000  22.750  1.0000e-07
11.000  23.000  1.0000e-07
11.000  23.250  1.0000e-07
11.000  23.500  1.0000e-07
11.000  23.750  1.0000e-07
11.000  24.000  1.0000e-07
11.250  17.000  1.0000e-07
11.250  17.250  1.0000e-07
11.250  17.500  1.0000e-07
11.250  17.750  1.0000e-07
11.250  18.000  1.0000e-07
11.250  18.250  1.0000e-07
11.250  18.500  3.9506e-06
11.250  18.750  1.9835e-05
11.250  19.000  5.2181e-05
11.250  19.250  1.2420e-04
11.250  19.500  2.9588e-04
11.250  19.750  6.4807e-04
11.250  20.000  1.1786e-03
11.250  20.250  1.7087e-03
11.250  20.500  2.0556e-03
11.250  20.750  1.9742e-03
11.250  21.000  1.7700e-03
11.250  21.250  1.7228e-03
11.250  21.500  6.2091e-04
11.250  21.750  6.6502e-05
11.250  22.000  1.0000e-07
11.250  22.250  1.0000e-07
11.250  22.500  1.0000e-07
11.250  22.750  1.0000e-07
11.250  23.000  1.0000e-07
11.250  23.250  1.0000e-07
11.250  23.500  1.0000e-07
11.250  23.750  1.0000e-07
11.250  24.000  1.0000e-07
11.500  17.000  1.0000e-07
11.500  17.250  1.0000e-07
11.500  17.500  1.0000e-07
11.500  17.750  1.0000e-07
11.500  18.000  1.0000e-07
11.500  18.250  1.0000e-07
11.500  18.500  1.0000e-07
11.500  18.750  4.5267e-06
11.500  19.000  2.0905e-05
11.500  19.250  5.4733e-05
11.500  19.500  1.3514e-04
11.500  19.750  3.4354e-04
11.500  20.000  7.9506e-04
11.500  20.250  1.4835e-03
11.500  20.500  2.1845e-03
11.500  20.750  2.6277e-03
11.500  21.000  2.5721e-03
11.500  21.250  2.3990e-03
11.500  21.500  2.4871e-03
11.500  21.750  6.6691e-04
11.500  22.000  6.7572e-05
11.500  22.250  1.0000e-07
11.500  22.500  1.0000e-07
11.500  22.750  1.0000e-07
11.500  23.000  1.0000e-07
11.500  23.250  1.0000e-07
11.500  23.500  1.0000e-07
11.500  23.750  1.0000e-07
11.500  24.000  1.0000e-07
11.750  17.000  1.0000e-07
11.750  17.250  1.0000e-07
11.750  17.500  1.0000e-07
11.750  17.750  1.0000e-07
11.750  18.000  1.0000e-07
11.750  18.250  1.0000e-07
11.750  18.500  1.0000e-07
11.750  18.750  1.0000e-07
11.750  19.000  4.7737e-06
11.750  19.250  2.1481e-05
11.750  19.500  5.7695e-05
11.750  19.750  1.5160e-04
11.750  20.000  4.1539e-04
11.750  20.250  1.0032e-03
11.750  20.500  1.8836e-03
11.750  20.750  2.7607e-03
11.750  21.000  3.3950e-03
11.750  21.250  3.4486e-03
11.750  21.500  3.4218e-03
11.750  21.750  3.7236e-03
11.750  22.000  7.0848e-04
11.750  22.250  6.7819e-05
11.750  22.500  1.0000e-07
11.750  22.750  1.0000e-07
11.750  23.000  1.0000e-07
11.750  23.250  1.0000e-07
11.750  23.500  1.0000e-07
11.750  23.750  1.0000e-07
11.750  24.000  1.0000e-07
12.000  17.000  1.0000e-07
12.000  17.250  1.0000e-07
12.000  17.500  1.0000e-07
12.000  17.750  1.0000e-07
12.000  18.000  1.0000e-07
12.000  18.250  1.0000e-07
12.000  18.500  1.0000e-07
12.000  18.750  1.0000e-07
12.000  19.000  1.0000e-07
12.000  19.250  4.8560e-06
12.000  19.500  2.1811e-05
12.000  19.750  6.1646e-05
12.000  20.000  1.7654e-04
12.000  20.250  5.2099e-04
12.000  20.500  1.2849e-03
12.000  20.750  2.3628e-03
12.000  21.000  3.5874e-03
12.000  21.250  4.3995e-03
12.000  21.500  4.6524e-03
12.000  21.750  4.8770e-03
12.000  22.000  4.8209e-03
12.000  22.250  7.2263e-04
12.000  22.500  6.7160e-05
12.000  22.750  1.0000e-07
12.000  23.000  1.0000e-07
12.000  23.250  1.0000e-07
12.000  23.500  1.0000e-07
12.000  23.750  1.0000e-07
12.000  24.000  1.0000e-07
12.250  17.000  1.0000e-07
12.250  17.250  1.0000e-07
12.250  17.500  1.0000e-07
12.250  17.750  1.0000e-07
12.250  18.000  1.0000e-07
12.250  18.250  1.0000e-07
12.250  18.500  1.0000e-07
12.250  18.750  1.0000e-07
12.250  19.000  1.0000e-07
12.250  19.250  1.0000e-07
12.250  19.500  4.7737e-06
12.250  19.750  2.2222e-05
12.250  20.000  6.7737e-05
12.250  20.250  2.1465e-04
12.250  20.500  6.6757e-04
12.250  20.750  1.6268e-03
12.250  21.000  2.8800e-03
12.250  21.250  4.4855e-03
12.250  21.500  5.5012e-03
12.250  21.750  6.0063e-03
12.250  22.000  6.3953e-03
12.250  22.250  5.2063e-03
12.250  22.500  7.4354e-04
12.250  22.750  6.5597e-05
12.250  23.000  1.0000e-07
12.250  23.250  1.0000e-07
12.250  23.500  1.0000e-07
12.250  23.750  1.0000e-07
12.250  24.000  1.0000e-07
12.500  17.000  1.0000e-07
12.500  17.250  1.0000e-07
12.500  17.500  1.0000e-07
12.500  17.750  1.0000e-07
12.500  18.000  1.0000e-07
12.500  18.250  1.0000e-07
12.500  18.500  1.0000e-07
12.500  18.750  1.0000e-07
12.500  19.000  1.0000e-07
12.500  19.250  1.0000e-07
12.500  19.500  1.0000e-07
12.500  19.750  4.6914e-06
12.500  20.000  2.2881e-05
12.500  20.250  7.7037e-05
12.500  20.500  2.6938e-04
12.500  20.750  8.5597e-04
12.500  21.000  1.9930e-03
12.500  21.250  3.3663e-03
12.500  21.500  5.2093e-03
12.500  21.750  6.4217e-03
12.500  22.000  7.1447e-03
12.500  22.250  7.3485e-03
12.500  22.500  5.2386e-03
12.500  22.750  7.6329e-04
12.500  23.000  6.2798e-05
12.500  23.250  1.0000e-07
12.500  23.500  1.0000e-07
12.500  23.750  1.0000e-07
12.500  24.000  1.0000e-07
12.750  17.000  1.0000e-07
12.750  17.250  1.0000e-07
12.750  17.500  1.0000e-07
12.750  17.750  1.0000e-07
12.750  18.000  1.0000e-07
12.750  18.250  1.0000e-07
12.750  18.500  1.0000e-07
12.750  18.750  1.0000e-07
12.750  19.000  1.0000e-07
12.750  19.250  1.0000e-07
12.750  19.500  1.0000e-07
12.750  19.750  1.0000e-07
12.750  20.000  4.5267e-06
12.750  20.250  2.3704e-05
12.750  20.500  8.9465e-05
12.750  20.750  3.3695e-04
12.750  21.000  1.0596e-03
12.750  21.250  2.3257e-03
12.750  21.500  3.6712e-03
12.750  21.750  5.5709e-03
12.750  22.000  6.8316e-03
12.750  22.250  7.5980e-03
12.750  22.500  7.4751e-03
12.750  22.750  4.7931e-03
12.750  23.000  7.6140e-04
12.750  23.250  6.0000e-05
12.750  23.500  1.0000e-07
12.750  23.750  1.0000e-07
12.750  24.000  1.0000e-07
13.000  17.000  1.0000e-07
13.000  17.250  1.0000e-07
13.000  17.500  1.0000e-07
13.000  17.750  1.0000e-07
13.000  18.000  1.0000e-07
13.000  18.250  1.0000e-07
13.000  18.500  1.0000e-07
13.000  18.750  1.0000e-07
13.000  19.000  1.0000e-07
13.000  19.250  1.0000e-07
13.000  19.500  1.0000e-07
13.000  19.750  1.0000e-07
13.000  20.000  1.0000e-07
13.000  20.250  4.3621e-06
13.000  20.500  2.4691e-05
13.000  20.750  1.0189e-04
13.000  21.000  3.9819e-04
13.000  21.250  1.2186e-03
13.000  21.500  2.5036e-03
13.000  21.750  3.7329e-03
13.000  22.000  5.4844e-03
13.000  22.250  6.6243e-03
13.000  22.500  7.2687e-03
13.000  22.750  7.0049e-03
13.000  23.000  4.4280e-03
13.000  23.250  7.6066e-04
13.000  23.500  5.5473e-05
13.000  23.750  1.0000e-07
13.000  24.000  1.0000e-07
13.250  17.000  1.0000e-07
13.250  17.250  1.0000e-07
13.250  17.500  1.0000e-07
13.250  17.750  1.0000e-07
13.250  18.000  1.0000e-07
13.250  18.250  1.0000e-07
13.250  18.500  1.0000e-07
13.250  18.750  1.0000e-07
13.250  19.000  1.0000e-07
13.250  19.250  1.0000e-07
13.250  19.500  1.0000e-07
13.250  19.750  1.0000e-07
13.250  20.000  1.0000e-07
13.250  20.250  1.0000e-07
13.250  20.500  4.0329e-06
13.250  20.750  2.4115e-05
13.250  21.000  1.0724e-04
13.250  21.250  4.2856e-04
13.250  21.500  1.2880e-03
13.250  21.750  2.5565e-03
13.250  22.000  3.6012e-03
13.250  22.250  5.0954e-03
13.250  22.500  6.0507e-03
13.250  22.750  6.5690e-03
13.250  23.000  6.2440e-03
13.250  23.250  3.7739e-03
13.250  23.500  7.3498e-04
13.250  23.750  5.1852e-05
13.250  24.000  1.0000e-07
13.500  17.000  1.0000e-07
13.500  17.250  1.0000e-07
13.500  17.500  1.0000e-07
13.500  17.750  1.0000e-07
13.500  18.000  1.0000e-07
13.500  18.250  1.0000e-07
13.500  18.500  1.0000e-07
13.500  18.750  1.0000e-07
13.500  19.000  1.0000e-07
13.500  19.250  1.0000e-07
13.500  19.500  1.0000e-07
13.500  19.750  1.0000e-07
13.500  20.000  1.0000e-07
13.500  20.250  1.0000e-07
13.500  20.500  1.0000e-07
13.500  20.750  3.7860e-06
13.500  21.000  2.2551e-05
13.500  21.250  1.0963e-04
13.500  21.500  4.6724e-04
13.500  21.750  1.4810e-03
13.500  22.000  2.7467e-03
13.500  22.250  3.5261e-03
13.500  22.500  4.6488e-03
13.500  22.750  5.3109e-03
13.500  23.000  5.6846e-03
13.500  23.250  5.4742e-03
13.500  23.500  3.7040e-03
13.500  23.750  6.8848e-04
13.500  24.000  4.8807e-05
13.750  17.000  1.0000e-07
13.750  17.250  1.0000e-07
13.750  17.500  1.0000e-07
13.750  17.750  1.0000e-07
13.750  18.000  1.0000e-07
13.750  18.250  1.0000e-07
13.750  18.500  1.0000e-07
13.750  18.750  1.0000e-07
13.750  19.000  1.0000e-07
13.750  19.250  1.0000e-07
13.750  19.500  1.0000e-07
13.750  19.750  1.0000e-07
13.750  20.000  1.0000e-07
13.750  20.250  1.0000e-07
13.750  20.500  1.0000e-07
13.750  20.750  1.0000e-07
13.750  21.000  3.5391e-06
13.750  21.250  2.2140e-05
13.750  21.500  1.2074e-04
13.750  21.750  5.7276e-04
13.750  22.000  1.7249e-03
13.750  22.250  2.9158e-03
13.750  22.500  3.5337e-03
13.750  22.750  4.2822e-03
13.750  23.000  4.5356e-03
13.750  23.250  4.7388e-03
13.750  23.500  4.8658e-03
13.750  23.750  2.6680e-03
13.750  24.000  6.4675e-04
14.000  17.000  1.0000e-07
14.000  17.250  1.0000e-07
14.000  17.500  1.0000e-07
14.000  17.750  1.0000e-07
14.000  18.000  1.0000e-07
14.000  18.250  1.0000e-07
14.000  18.500  1.0000e-07
14.000  18.750  1.0000e-07
14.000  19.000  1.0000e-07
14.000  19.250  1.0000e-07
14.000  19.500  1.0000e-07
14.000  19.750  1.0000e-07
14.000  20.000  1.0000e-07
14.000  20.250  1.0000e-07
14.000  20.500  1.0000e-07
14.000  20.750  1.0000e-07
14.000  21.000  1.0000e-07
14.000  21.250  3.5391e-06
14.000  21.500  2.3210e-05
14.000  21.750  1.4584e-04
14.000  22.000  6.6979e-04
14.000  22.250  1.8867e-03
14.000  22.500  2.9611e-03
14.000  22.750  3.3826e-03
14.000  23.000  3.6849e-03
14.000  23.250  3.7446e-03
14.000  23.500  3.8361e-03
14.000  23.750  3.8721e-03
14.000  24.000  2.1448e-03
