Inwd 3203.30A  relative to Inci 1215.00A scaled to 1215A.
Hden   Phi(H)  Eq_Width (A)
7.000  17.000  8.9802e-04
7.000  17.250  6.2642e-04
7.000  17.500  2.3193e-04
7.000  17.750  7.7942e-05
7.000  18.000  2.9218e-05
7.000  18.250  1.0206e-05
7.000  18.500  2.1399e-06
7.000  18.750  1.0000e-07
7.000  19.000  1.0000e-07
7.000  19.250  1.0000e-07
7.000  19.500  1.0000e-07
7.000  19.750  1.0000e-07
7.000  20.000  1.0000e-07
7.000  20.250  1.0000e-07
7.000  20.500  1.0000e-07
7.000  20.750  1.0000e-07
7.000  21.000  1.0000e-07
7.000  21.250  1.0000e-07
7.000  21.500  1.0000e-07
7.000  21.750  1.0000e-07
7.000  22.000  1.0000e-07
7.000  22.250  1.0000e-07
7.000  22.500  1.0000e-07
7.000  22.750  1.0000e-07
7.000  23.000  1.0000e-07
7.000  23.250  1.0000e-07
7.000  23.500  1.0000e-07
7.000  23.750  1.0000e-07
7.000  24.000  1.0000e-07
7.250  17.000  9.1992e-04
7.250  17.250  8.9136e-04
7.250  17.500  6.1992e-04
7.250  17.750  2.2979e-04
7.250  18.000  7.7531e-05
7.250  18.250  2.9300e-05
7.250  18.500  1.0288e-05
7.250  18.750  2.2222e-06
7.250  19.000  1.0000e-07
7.250  19.250  1.0000e-07
7.250  19.500  1.0000e-07
7.250  19.750  1.0000e-07
7.250  20.000  1.0000e-07
7.250  20.250  1.0000e-07
7.250  20.500  1.0000e-07
7.250  20.750  1.0000e-07
7.250  21.000  1.0000e-07
7.250  21.250  1.0000e-07
7.250  21.500  1.0000e-07
7.250  21.750  1.0000e-07
7.250  22.000  1.0000e-07
7.250  22.250  1.0000e-07
7.250  22.500  1.0000e-07
7.250  22.750  1.0000e-07
7.250  23.000  1.0000e-07
7.250  23.250  1.0000e-07
7.250  23.500  1.0000e-07
7.250  23.750  1.0000e-07
7.250  24.000  1.0000e-07
7.500  17.000  9.3243e-04
7.500  17.250  9.1465e-04
7.500  17.500  8.8444e-04
7.500  17.750  6.1325e-04
7.500  18.000  2.2774e-04
7.500  18.250  7.6872e-05
7.500  18.500  2.9300e-05
7.500  18.750  1.0370e-05
7.500  19.000  2.2222e-06
7.500  19.250  1.0000e-07
7.500  19.500  1.0000e-07
7.500  19.750  1.0000e-07
7.500  20.000  1.0000e-07
7.500  20.250  1.0000e-07
7.500  20.500  1.0000e-07
7.500  20.750  1.0000e-07
7.500  21.000  1.0000e-07
7.500  21.250  1.0000e-07
7.500  21.500  1.0000e-07
7.500  21.750  1.0000e-07
7.500  22.000  1.0000e-07
7.500  22.250  1.0000e-07
7.500  22.500  1.0000e-07
7.500  22.750  1.0000e-07
7.500  23.000  1.0000e-07
7.500  23.250  1.0000e-07
7.500  23.500  1.0000e-07
7.500  23.750  1.0000e-07
7.500  24.000  1.0000e-07
7.750  17.000  9.3457e-04
7.750  17.250  9.3152e-04
7.750  17.500  9.1021e-04
7.750  17.750  8.7802e-04
7.750  18.000  6.0650e-04
7.750  18.250  2.2519e-04
7.750  18.500  7.6132e-05
7.750  18.750  2.9218e-05
7.750  19.000  1.0370e-05
7.750  19.250  2.2222e-06
7.750  19.500  1.0000e-07
7.750  19.750  1.0000e-07
7.750  20.000  1.0000e-07
7.750  20.250  1.0000e-07
7.750  20.500  1.0000e-07
7.750  20.750  1.0000e-07
7.750  21.000  1.0000e-07
7.750  21.250  1.0000e-07
7.750  21.500  1.0000e-07
7.750  21.750  1.0000e-07
7.750  22.000  1.0000e-07
7.750  22.250  1.0000e-07
7.750  22.500  1.0000e-07
7.750  22.750  1.0000e-07
7.750  23.000  1.0000e-07
7.750  23.250  1.0000e-07
7.750  23.500  1.0000e-07
7.750  23.750  1.0000e-07
7.750  24.000  1.0000e-07
8.000  17.000  9.1753e-04
8.000  17.250  9.2288e-04
8.000  17.500  9.2181e-04
8.000  17.750  9.0140e-04
8.000  18.000  8.6741e-04
8.000  18.250  5.9942e-04
8.000  18.500  2.2230e-04
8.000  18.750  7.5226e-05
8.000  19.000  2.9136e-05
8.000  19.250  1.0453e-05
8.000  19.500  2.3045e-06
8.000  19.750  1.0000e-07
8.000  20.000  1.0000e-07
8.000  20.250  1.0000e-07
8.000  20.500  1.0000e-07
8.000  20.750  1.0000e-07
8.000  21.000  1.0000e-07
8.000  21.250  1.0000e-07
8.000  21.500  1.0000e-07
8.000  21.750  1.0000e-07
8.000  22.000  1.0000e-07
8.000  22.250  1.0000e-07
8.000  22.500  1.0000e-07
8.000  22.750  1.0000e-07
8.000  23.000  1.0000e-07
8.000  23.250  1.0000e-07
8.000  23.500  1.0000e-07
8.000  23.750  1.0000e-07
8.000  24.000  1.0000e-07
8.250  17.000  9.1111e-04
8.250  17.250  9.2239e-04
8.250  17.500  9.2765e-04
8.250  17.750  9.2642e-04
8.250  18.000  9.0165e-04
8.250  18.250  8.6568e-04
8.250  18.500  5.9169e-04
8.250  18.750  2.1942e-04
8.250  19.000  7.4074e-05
8.250  19.250  2.8971e-05
8.250  19.500  1.0535e-05
8.250  19.750  2.3045e-06
8.250  20.000  1.0000e-07
8.250  20.250  1.0000e-07
8.250  20.500  1.0000e-07
8.250  20.750  1.0000e-07
8.250  21.000  1.0000e-07
8.250  21.250  1.0000e-07
8.250  21.500  1.0000e-07
8.250  21.750  1.0000e-07
8.250  22.000  1.0000e-07
8.250  22.250  1.0000e-07
8.250  22.500  1.0000e-07
8.250  22.750  1.0000e-07
8.250  23.000  1.0000e-07
8.250  23.250  1.0000e-07
8.250  23.500  1.0000e-07
8.250  23.750  1.0000e-07
8.250  24.000  1.0000e-07
8.500  17.000  9.0148e-04
8.500  17.250  9.1942e-04
8.500  17.500  9.3078e-04
8.500  17.750  9.3605e-04
8.500  18.000  9.3490e-04
8.500  18.250  9.0502e-04
8.500  18.500  8.6988e-04
8.500  18.750  5.8576e-04
8.500  19.000  2.1605e-04
8.500  19.250  7.2922e-05
8.500  19.500  2.8724e-05
8.500  19.750  1.0535e-05
8.500  20.000  2.3045e-06
8.500  20.250  1.0000e-07
8.500  20.500  1.0000e-07
8.500  20.750  1.0000e-07
8.500  21.000  1.0000e-07
8.500  21.250  1.0000e-07
8.500  21.500  1.0000e-07
8.500  21.750  1.0000e-07
8.500  22.000  1.0000e-07
8.500  22.250  1.0000e-07
8.500  22.500  1.0000e-07
8.500  22.750  1.0000e-07
8.500  23.000  1.0000e-07
8.500  23.250  1.0000e-07
8.500  23.500  1.0000e-07
8.500  23.750  1.0000e-07
8.500  24.000  1.0000e-07
8.750  17.000  8.8765e-04
8.750  17.250  9.1300e-04
8.750  17.500  9.3128e-04
8.750  17.750  9.4272e-04
8.750  18.000  9.4831e-04
8.750  18.250  9.4749e-04
8.750  18.500  9.1210e-04
8.750  18.750  8.8329e-04
8.750  19.000  5.8016e-04
8.750  19.250  2.1317e-04
8.750  19.500  7.1687e-05
8.750  19.750  2.8560e-05
8.750  20.000  1.0617e-05
8.750  20.250  2.3868e-06
8.750  20.500  1.0000e-07
8.750  20.750  1.0000e-07
8.750  21.000  1.0000e-07
8.750  21.250  1.0000e-07
8.750  21.500  1.0000e-07
8.750  21.750  1.0000e-07
8.750  22.000  1.0000e-07
8.750  22.250  1.0000e-07
8.750  22.500  1.0000e-07
8.750  22.750  1.0000e-07
8.750  23.000  1.0000e-07
8.750  23.250  1.0000e-07
8.750  23.500  1.0000e-07
8.750  23.750  1.0000e-07
8.750  24.000  1.0000e-07
9.000  17.000  8.6897e-04
9.000  17.250  9.0181e-04
9.000  17.500  9.2757e-04
9.000  17.750  9.4626e-04
9.000  18.000  9.5819e-04
9.000  18.250  9.6436e-04
9.000  18.500  9.6486e-04
9.000  18.750  9.1342e-04
9.000  19.000  9.0914e-04
9.000  19.250  5.7728e-04
9.000  19.500  2.1045e-04
9.000  19.750  7.0535e-05
9.000  20.000  2.8395e-05
9.000  20.250  1.0700e-05
9.000  20.500  2.3868e-06
9.000  20.750  1.0000e-07
9.000  21.000  1.0000e-07
9.000  21.250  1.0000e-07
9.000  21.500  1.0000e-07
9.000  21.750  1.0000e-07
9.000  22.000  1.0000e-07
9.000  22.250  1.0000e-07
9.000  22.500  1.0000e-07
9.000  22.750  1.0000e-07
9.000  23.000  1.0000e-07
9.000  23.250  1.0000e-07
9.000  23.500  1.0000e-07
9.000  23.750  1.0000e-07
9.000  24.000  1.0000e-07
9.250  17.000  8.4288e-04
9.250  17.250  8.8477e-04
9.250  17.500  9.1844e-04
9.250  17.750  9.4477e-04
9.250  18.000  9.6395e-04
9.250  18.250  9.7663e-04
9.250  18.500  9.8444e-04
9.250  18.750  9.8716e-04
9.250  19.000  9.4436e-04
9.250  19.250  8.3235e-04
9.250  19.500  5.7728e-04
9.250  19.750  2.0872e-04
9.250  20.000  6.9547e-05
9.250  20.250  2.8313e-05
9.250  20.500  1.0864e-05
9.250  20.750  2.4691e-06
9.250  21.000  1.0000e-07
9.250  21.250  1.0000e-07
9.250  21.500  1.0000e-07
9.250  21.750  1.0000e-07
9.250  22.000  1.0000e-07
9.250  22.250  1.0000e-07
9.250  22.500  1.0000e-07
9.250  22.750  1.0000e-07
9.250  23.000  1.0000e-07
9.250  23.250  1.0000e-07
9.250  23.500  1.0000e-07
9.250  23.750  1.0000e-07
9.250  24.000  1.0000e-07
9.500  17.000  8.0329e-04
9.500  17.250  8.6058e-04
9.500  17.500  9.0321e-04
9.500  17.750  9.3737e-04
9.500  18.000  9.6412e-04
9.500  18.250  9.8403e-04
9.500  18.500  9.9835e-04
9.500  18.750  1.0089e-03
9.500  19.000  1.0137e-03
9.500  19.250  9.9556e-04
9.500  19.500  1.0030e-03
9.500  19.750  5.8444e-04
9.500  20.000  2.0774e-04
9.500  20.250  6.8807e-05
9.500  20.500  2.8230e-05
9.500  20.750  1.1029e-05
9.500  21.000  2.5514e-06
9.500  21.250  1.0000e-07
9.500  21.500  1.0000e-07
9.500  21.750  1.0000e-07
9.500  22.000  1.0000e-07
9.500  22.250  1.0000e-07
9.500  22.500  1.0000e-07
9.500  22.750  1.0000e-07
9.500  23.000  1.0000e-07
9.500  23.250  1.0000e-07
9.500  23.500  1.0000e-07
9.500  23.750  1.0000e-07
9.500  24.000  1.0000e-07
9.750  17.000  7.3901e-04
9.750  17.250  8.2280e-04
9.750  17.500  8.8107e-04
9.750  17.750  9.2412e-04
9.750  18.000  9.5835e-04
9.750  18.250  9.8593e-04
9.750  18.500  1.0073e-03
9.750  18.750  1.0240e-03
9.750  19.000  1.0384e-03
9.750  19.250  1.0430e-03
9.750  19.500  1.0579e-03
9.750  19.750  1.0706e-03
9.750  20.000  5.9860e-04
9.750  20.250  2.0807e-04
9.750  20.500  6.8395e-05
9.750  20.750  2.8313e-05
9.750  21.000  1.1193e-05
9.750  21.250  2.7160e-06
9.750  21.500  8.2305e-07
9.750  21.750  1.0000e-07
9.750  22.000  1.0000e-07
9.750  22.250  1.0000e-07
9.750  22.500  1.0000e-07
9.750  22.750  1.0000e-07
9.750  23.000  1.0000e-07
9.750  23.250  1.0000e-07
9.750  23.500  1.0000e-07
9.750  23.750  1.0000e-07
9.750  24.000  1.0000e-07
10.000  17.000  6.3523e-04
10.000  17.250  7.6132e-04
10.000  17.500  8.4741e-04
10.000  17.750  9.0576e-04
10.000  18.000  9.4897e-04
10.000  18.250  9.8370e-04
10.000  18.500  1.0118e-03
10.000  18.750  1.0349e-03
10.000  19.000  1.0548e-03
10.000  19.250  1.0751e-03
10.000  19.500  1.0855e-03
10.000  19.750  1.1314e-03
10.000  20.000  1.1594e-03
10.000  20.250  6.2502e-04
10.000  20.500  2.1021e-04
10.000  20.750  6.8313e-05
10.000  21.000  2.8395e-05
10.000  21.250  1.1358e-05
10.000  21.500  2.8807e-06
10.000  21.750  9.0535e-07
10.000  22.000  1.0000e-07
10.000  22.250  1.0000e-07
10.000  22.500  1.0000e-07
10.000  22.750  1.0000e-07
10.000  23.000  1.0000e-07
10.000  23.250  1.0000e-07
10.000  23.500  1.0000e-07
10.000  23.750  1.0000e-07
10.000  24.000  1.0000e-07
10.250  17.000  5.1276e-04
10.250  17.250  6.6148e-04
10.250  17.500  7.9259e-04
10.250  17.750  8.7909e-04
10.250  18.000  9.3728e-04
10.250  18.250  9.7992e-04
10.250  18.500  1.0134e-03
10.250  18.750  1.0420e-03
10.250  19.000  1.0673e-03
10.250  19.250  1.0942e-03
10.250  19.500  1.1262e-03
10.250  19.750  1.1622e-03
10.250  20.000  1.2267e-03
10.250  20.250  1.2807e-03
10.250  20.500  6.6749e-04
10.250  20.750  2.1490e-04
10.250  21.000  6.8477e-05
10.250  21.250  2.8477e-05
10.250  21.500  1.1523e-05
10.250  21.750  2.9630e-06
10.250  22.000  9.8765e-07
10.250  22.250  1.0000e-07
10.250  22.500  1.0000e-07
10.250  22.750  1.0000e-07
10.250  23.000  1.0000e-07
10.250  23.250  1.0000e-07
10.250  23.500  1.0000e-07
10.250  23.750  1.0000e-07
10.250  24.000  1.0000e-07
10.500  17.000  3.8609e-04
10.500  17.250  5.3885e-04
10.500  17.500  7.0008e-04
10.500  17.750  8.3539e-04
10.500  18.000  9.2041e-04
10.500  18.250  9.7440e-04
10.500  18.500  1.0137e-03
10.500  18.750  1.0465e-03
10.500  19.000  1.0767e-03
10.500  19.250  1.1083e-03
10.500  19.500  1.1453e-03
10.500  19.750  1.1925e-03
10.500  20.000  1.2579e-03
10.500  20.250  1.3681e-03
10.500  20.500  1.4783e-03
10.500  20.750  7.2765e-04
10.500  21.000  2.2296e-04
10.500  21.250  6.8889e-05
10.500  21.500  2.8560e-05
10.500  21.750  1.1605e-05
10.500  22.000  3.1276e-06
10.500  22.250  9.8765e-07
10.500  22.500  1.0000e-07
10.500  22.750  1.0000e-07
10.500  23.000  1.0000e-07
10.500  23.250  1.0000e-07
10.500  23.500  1.0000e-07
10.500  23.750  1.0000e-07
10.500  24.000  1.0000e-07
10.750  17.000  2.7802e-04
10.750  17.250  4.0519e-04
10.750  17.500  5.7975e-04
10.750  17.750  7.5770e-04
10.750  18.000  8.8757e-04
10.750  18.250  9.6535e-04
10.750  18.500  1.0129e-03
10.750  18.750  1.0501e-03
10.750  19.000  1.0846e-03
10.750  19.250  1.1208e-03
10.750  19.500  1.1617e-03
10.750  19.750  1.2128e-03
10.750  20.000  1.2802e-03
10.750  20.250  1.4037e-03
10.750  20.500  1.6256e-03
10.750  20.750  1.8768e-03
10.750  21.000  8.1646e-04
10.750  21.250  2.3564e-04
10.750  21.500  7.0123e-05
10.750  21.750  2.8724e-05
10.750  22.000  1.1687e-05
10.750  22.250  3.2099e-06
10.750  22.500  1.0700e-06
10.750  22.750  1.0000e-07
10.750  23.000  1.0000e-07
10.750  23.250  1.0000e-07
10.750  23.500  1.0000e-07
10.750  23.750  1.0000e-07
10.750  24.000  1.0000e-07
11.000  17.000  1.9572e-04
11.000  17.250  2.8543e-04
11.000  17.500  4.3531e-04
11.000  17.750  6.4000e-04
11.000  18.000  8.1984e-04
11.000  18.250  9.3778e-04
11.000  18.500  1.0092e-03
11.000  18.750  1.0545e-03
11.000  19.000  1.0930e-03
11.000  19.250  1.1330e-03
11.000  19.500  1.1779e-03
11.000  19.750  1.2304e-03
11.000  20.000  1.3026e-03
11.000  20.250  1.4216e-03
11.000  20.500  1.6752e-03
11.000  20.750  2.0244e-03
11.000  21.000  2.2621e-03
11.000  21.250  8.5720e-04
11.000  21.500  2.5440e-04
11.000  21.750  7.2263e-05
11.000  22.000  2.9136e-05
11.000  22.250  1.1687e-05
11.000  22.500  3.2099e-06
11.000  22.750  1.0700e-06
11.000  23.000  1.0000e-07
11.000  23.250  1.0000e-07
11.000  23.500  1.0000e-07
11.000  23.750  1.0000e-07
11.000  24.000  1.0000e-07
11.250  17.000  1.3605e-04
11.250  17.250  1.9300e-04
11.250  17.500  2.9728e-04
11.250  17.750  4.8099e-04
11.250  18.000  7.0132e-04
11.250  18.250  8.7605e-04
11.250  18.500  9.8889e-04
11.250  18.750  1.0578e-03
11.250  19.000  1.1034e-03
11.250  19.250  1.1468e-03
11.250  19.500  1.1956e-03
11.250  19.750  1.2484e-03
11.250  20.000  1.3213e-03
11.250  20.250  1.4416e-03
11.250  20.500  1.7084e-03
11.250  20.750  2.1009e-03
11.250  21.000  2.4064e-03
11.250  21.250  2.2409e-03
11.250  21.500  9.3720e-04
11.250  21.750  2.7539e-04
11.250  22.000  7.5885e-05
11.250  22.250  2.9794e-05
11.250  22.500  1.1687e-05
11.250  22.750  3.2099e-06
11.250  23.000  1.0700e-06
11.250  23.250  1.0000e-07
11.250  23.500  1.0000e-07
11.250  23.750  1.0000e-07
11.250  24.000  1.0000e-07
11.500  17.000  9.4074e-05
11.500  17.250  1.2823e-04
11.500  17.500  1.9128e-04
11.500  17.750  3.1992e-04
11.500  18.000  5.3210e-04
11.500  18.250  7.6469e-04
11.500  18.500  9.3918e-04
11.500  18.750  1.0500e-03
11.500  19.000  1.1157e-03
11.500  19.250  1.1643e-03
11.500  19.500  1.2166e-03
11.500  19.750  1.2723e-03
11.500  20.000  1.3446e-03
11.500  20.250  1.4616e-03
11.500  20.500  1.7425e-03
11.500  20.750  2.1706e-03
11.500  21.000  2.4759e-03
11.500  21.250  2.3821e-03
11.500  21.500  2.0598e-03
11.500  21.750  9.4025e-04
11.500  22.000  2.9671e-04
11.500  22.250  8.1646e-05
11.500  22.500  3.1029e-05
11.500  22.750  1.1770e-05
11.500  23.000  3.1276e-06
11.500  23.250  1.0700e-06
11.500  23.500  1.0000e-07
11.500  23.750  1.0000e-07
11.500  24.000  1.0000e-07
11.750  17.000  6.5021e-05
11.750  17.250  8.5350e-05
11.750  17.500  1.2107e-04
11.750  17.750  1.9794e-04
11.750  18.000  3.5416e-04
11.750  18.250  5.9901e-04
11.750  18.500  8.4955e-04
11.750  18.750  1.0194e-03
11.750  19.000  1.1257e-03
11.750  19.250  1.1903e-03
11.750  19.500  1.2430e-03
11.750  19.750  1.3037e-03
11.750  20.000  1.3759e-03
11.750  20.250  1.4869e-03
11.750  20.500  1.7670e-03
11.750  20.750  2.2362e-03
11.750  21.000  2.2477e-03
11.750  21.250  2.4691e-03
11.750  21.500  2.0309e-03
11.750  21.750  1.6168e-03
11.750  22.000  8.1449e-04
11.750  22.250  3.1918e-04
11.750  22.500  9.1440e-05
11.750  22.750  3.3086e-05
11.750  23.000  1.1934e-05
11.750  23.250  3.0453e-06
11.750  23.500  1.0700e-06
11.750  23.750  1.0000e-07
11.750  24.000  1.0000e-07
12.000  17.000  4.4938e-05
12.000  17.250  5.7531e-05
12.000  17.500  7.7860e-05
12.000  17.750  1.2082e-04
12.000  18.000  2.1794e-04
12.000  18.250  4.1506e-04
12.000  18.500  7.0214e-04
12.000  18.750  9.6123e-04
12.000  19.000  1.1320e-03
12.000  19.250  1.2305e-03
12.000  19.500  1.2935e-03
12.000  19.750  1.3519e-03
12.000  20.000  1.4256e-03
12.000  20.250  1.5295e-03
12.000  20.500  1.7754e-03
12.000  20.750  2.0440e-03
12.000  21.000  2.5776e-03
12.000  21.250  2.3695e-03
12.000  21.500  1.9584e-03
12.000  21.750  1.5427e-03
12.000  22.000  1.1058e-03
12.000  22.250  6.0848e-04
12.000  22.500  3.1276e-04
12.000  22.750  1.0510e-04
12.000  23.000  3.6872e-05
12.000  23.250  1.2263e-05
12.000  23.500  2.9630e-06
12.000  23.750  9.8765e-07
12.000  24.000  1.0000e-07
12.250  17.000  3.1193e-05
12.250  17.250  3.9506e-05
12.250  17.500  5.1687e-05
12.250  17.750  7.6049e-05
12.250  18.000  1.3210e-04
12.250  18.250  2.6461e-04
12.250  18.500  5.2527e-04
12.250  18.750  8.5539e-04
12.250  19.000  1.1183e-03
12.250  19.250  1.2777e-03
12.250  19.500  1.3818e-03
12.250  19.750  1.4434e-03
12.250  20.000  1.4968e-03
12.250  20.250  1.6067e-03
12.250  20.500  1.8228e-03
12.250  20.750  2.1810e-03
12.250  21.000  2.7077e-03
12.250  21.250  2.3649e-03
12.250  21.500  1.9012e-03
12.250  21.750  1.4491e-03
12.250  22.000  1.1002e-03
12.250  22.250  7.3984e-04
12.250  22.500  4.4123e-04
12.250  22.750  2.6626e-04
12.250  23.000  1.1251e-04
12.250  23.250  4.2058e-05
12.250  23.500  1.3004e-05
12.250  23.750  2.7984e-06
12.250  24.000  9.0535e-07
12.500  17.000  2.1728e-05
12.500  17.250  2.7490e-05
12.500  17.500  3.5473e-05
12.500  17.750  5.0123e-05
12.500  18.000  8.2305e-05
12.500  18.250  1.6288e-04
12.500  18.500  3.5671e-04
12.500  18.750  6.9119e-04
12.500  19.000  1.0499e-03
12.500  19.250  1.3075e-03
12.500  19.500  1.4658e-03
12.500  19.750  1.5893e-03
12.500  20.000  1.6584e-03
12.500  20.250  1.7062e-03
12.500  20.500  1.8057e-03
12.500  20.750  2.2993e-03
12.500  21.000  2.6358e-03
12.500  21.250  2.4213e-03
12.500  21.500  1.8963e-03
12.500  21.750  1.4216e-03
12.500  22.000  1.0597e-03
12.500  22.250  7.7144e-04
12.500  22.500  5.0362e-04
12.500  22.750  3.2757e-04
12.500  23.000  2.0362e-04
12.500  23.250  1.0807e-04
12.500  23.500  4.6831e-05
12.500  23.750  1.4074e-05
12.500  24.000  2.6337e-06
12.750  17.000  1.5144e-05
12.750  17.250  1.9424e-05
12.750  17.500  2.5021e-05
12.750  17.750  3.4486e-05
12.750  18.000  5.3745e-05
12.750  18.250  1.0041e-04
12.750  18.500  2.2321e-04
12.750  18.750  4.9770e-04
12.750  19.000  8.8239e-04
12.750  19.250  1.2927e-03
12.750  19.500  1.5278e-03
12.750  19.750  1.6928e-03
12.750  20.000  1.8205e-03
12.750  20.250  1.9139e-03
12.750  20.500  2.0301e-03
12.750  20.750  2.2525e-03
12.750  21.000  2.4829e-03
12.750  21.250  2.4260e-03
12.750  21.500  1.9668e-03
12.750  21.750  1.4582e-03
12.750  22.000  1.0678e-03
12.750  22.250  7.9136e-04
12.750  22.500  5.4716e-04
12.750  22.750  3.4716e-04
12.750  23.000  2.2584e-04
12.750  23.250  1.5193e-04
12.750  23.500  9.1605e-05
12.750  23.750  4.4444e-05
12.750  24.000  1.4486e-05
13.000  17.000  1.0617e-05
13.000  17.250  1.3827e-05
13.000  17.500  1.7942e-05
13.000  17.750  2.4527e-05
13.000  18.000  3.6872e-05
13.000  18.250  6.4198e-05
13.000  18.500  1.3473e-04
13.000  18.750  3.0815e-04
13.000  19.000  6.2387e-04
13.000  19.250  1.0582e-03
13.000  19.500  1.4472e-03
13.000  19.750  1.7303e-03
13.000  20.000  1.8927e-03
13.000  20.250  2.0662e-03
13.000  20.500  2.3535e-03
13.000  20.750  2.4962e-03
13.000  21.000  2.6888e-03
13.000  21.250  2.4877e-03
13.000  21.500  2.0249e-03
13.000  21.750  1.5412e-03
13.000  22.000  1.1285e-03
13.000  22.250  8.1811e-04
13.000  22.500  5.9621e-04
13.000  22.750  3.9901e-04
13.000  23.000  2.5416e-04
13.000  23.250  1.6634e-04
13.000  23.500  1.1160e-04
13.000  23.750  7.1523e-05
13.000  24.000  3.8436e-05
13.250  17.000  7.4074e-06
13.250  17.250  9.8765e-06
13.250  17.500  1.3004e-05
13.250  17.750  1.7695e-05
13.250  18.000  2.6173e-05
13.250  18.250  4.2963e-05
13.250  18.500  8.1481e-05
13.250  18.750  1.7358e-04
13.250  19.000  3.6774e-04
13.250  19.250  6.8165e-04
13.250  19.500  1.0679e-03
13.250  19.750  1.4726e-03
13.250  20.000  1.7566e-03
13.250  20.250  1.9308e-03
13.250  20.500  2.2153e-03
13.250  20.750  2.6110e-03
13.250  21.000  2.7602e-03
13.250  21.250  2.6584e-03
13.250  21.500  2.1914e-03
13.250  21.750  1.6837e-03
13.250  22.000  1.2030e-03
13.250  22.250  8.8979e-04
13.250  22.500  6.4584e-04
13.250  22.750  4.5926e-04
13.250  23.000  2.9786e-04
13.250  23.250  1.9062e-04
13.250  23.500  1.2757e-04
13.250  23.750  8.4033e-05
13.250  24.000  5.4321e-05
13.500  17.000  5.1029e-06
13.500  17.250  7.0782e-06
13.500  17.500  9.4650e-06
13.500  17.750  1.2922e-05
13.500  18.000  1.8765e-05
13.500  18.250  2.9712e-05
13.500  18.500  5.0864e-05
13.500  18.750  9.4568e-05
13.500  19.000  1.8444e-04
13.500  19.250  3.4107e-04
13.500  19.500  5.8148e-04
13.500  19.750  8.6058e-04
13.500  20.000  1.1508e-03
13.500  20.250  1.4029e-03
13.500  20.500  1.6174e-03
13.500  20.750  1.9557e-03
13.500  21.000  2.1717e-03
13.500  21.250  2.5579e-03
13.500  21.500  2.2038e-03
13.500  21.750  1.6745e-03
13.500  22.000  1.2377e-03
13.500  22.250  9.3959e-04
13.500  22.500  7.0420e-04
13.500  22.750  5.2016e-04
13.500  23.000  3.5654e-04
13.500  23.250  2.3325e-04
13.500  23.500  1.4971e-04
13.500  23.750  9.7942e-05
13.500  24.000  6.4280e-05
13.750  17.000  3.4568e-06
13.750  17.250  4.9383e-06
13.750  17.500  6.8313e-06
13.750  17.750  9.4650e-06
13.750  18.000  1.3498e-05
13.750  18.250  2.0494e-05
13.750  18.500  3.2510e-05
13.750  18.750  5.3004e-05
13.750  19.000  8.7654e-05
13.750  19.250  1.4576e-04
13.750  19.500  2.3350e-04
13.750  19.750  3.5646e-04
13.750  20.000  5.1300e-04
13.750  20.250  6.4872e-04
13.750  20.500  8.0576e-04
13.750  20.750  1.0119e-03
13.750  21.000  1.1640e-03
13.750  21.250  1.2727e-03
13.750  21.500  1.4534e-03
13.750  21.750  1.3104e-03
13.750  22.000  1.1723e-03
13.750  22.250  9.6675e-04
13.750  22.500  7.3457e-04
13.750  22.750  5.5086e-04
13.750  23.000  3.9753e-04
13.750  23.250  2.8955e-04
13.750  23.500  1.8996e-04
13.750  23.750  1.2148e-04
13.750  24.000  7.9342e-05
14.000  17.000  2.3045e-06
14.000  17.250  3.4568e-06
14.000  17.500  4.9383e-06
14.000  17.750  6.8313e-06
14.000  18.000  9.6296e-06
14.000  18.250  1.3992e-05
14.000  18.500  2.0576e-05
14.000  18.750  2.9959e-05
14.000  19.000  4.3210e-05
14.000  19.250  6.1481e-05
14.000  19.500  8.7160e-05
14.000  19.750  1.2189e-04
14.000  20.000  1.6798e-04
14.000  20.250  2.2634e-04
14.000  20.500  2.8782e-04
14.000  20.750  3.3119e-04
14.000  21.000  4.1613e-04
14.000  21.250  5.3391e-04
14.000  21.500  5.5202e-04
14.000  21.750  6.7770e-04
14.000  22.000  8.4667e-04
14.000  22.250  8.9901e-04
14.000  22.500  8.0329e-04
14.000  22.750  6.1918e-04
14.000  23.000  4.6823e-04
14.000  23.250  3.3523e-04
14.000  23.500  2.4897e-04
14.000  23.750  1.6049e-04
14.000  24.000  1.0206e-04
