InwT 7000.00A  relative to Inci 1215.00A scaled to 1215A.
Hden   Phi(H)  Eq_Width (A)
7.000  17.000  2.8639e-02
7.000  17.250  1.8922e-02
7.000  17.500  1.3766e-02
7.000  17.750  1.1239e-02
7.000  18.000  1.0062e-02
7.000  18.250  9.4514e-03
7.000  18.500  9.1131e-03
7.000  18.750  8.9701e-03
7.000  19.000  8.8978e-03
7.000  19.250  8.8579e-03
7.000  19.500  8.8423e-03
7.000  19.750  8.8360e-03
7.000  20.000  8.8334e-03
7.000  20.250  8.8322e-03
7.000  20.500  8.8316e-03
7.000  20.750  8.8314e-03
7.000  21.000  8.8312e-03
7.000  21.250  8.8312e-03
7.000  21.500  8.8312e-03
7.000  21.750  8.8312e-03
7.000  22.000  8.8312e-03
7.000  22.250  8.8312e-03
7.000  22.500  8.8312e-03
7.000  22.750  8.8312e-03
7.000  23.000  8.8313e-03
7.000  23.250  8.8312e-03
7.000  23.500  8.8312e-03
7.000  23.750  8.8312e-03
7.000  24.000  8.8312e-03
7.250  17.000  4.3317e-02
7.250  17.250  2.8566e-02
7.250  17.500  1.8905e-02
7.250  17.750  1.3758e-02
7.250  18.000  1.1236e-02
7.250  18.250  1.0061e-02
7.250  18.500  9.4513e-03
7.250  18.750  9.1130e-03
7.250  19.000  8.9701e-03
7.250  19.250  8.8978e-03
7.250  19.500  8.8579e-03
7.250  19.750  8.8423e-03
7.250  20.000  8.8360e-03
7.250  20.250  8.8334e-03
7.250  20.500  8.8322e-03
7.250  20.750  8.8316e-03
7.250  21.000  8.8313e-03
7.250  21.250  8.8311e-03
7.250  21.500  8.8310e-03
7.250  21.750  8.8310e-03
7.250  22.000  8.8320e-03
7.250  22.250  8.8311e-03
7.250  22.500  8.8311e-03
7.250  22.750  8.8312e-03
7.250  23.000  8.8313e-03
7.250  23.250  8.8315e-03
7.250  23.500  8.8312e-03
7.250  23.750  8.8315e-03
7.250  24.000  8.8312e-03
7.500  17.000  4.7613e-02
7.500  17.250  4.3343e-02
7.500  17.500  2.8507e-02
7.500  17.750  1.8891e-02
7.500  18.000  1.3750e-02
7.500  18.250  1.1232e-02
7.500  18.500  1.0061e-02
7.500  18.750  9.4512e-03
7.500  19.000  9.1130e-03
7.500  19.250  8.9700e-03
7.500  19.500  8.8978e-03
7.500  19.750  8.8579e-03
7.500  20.000  8.8423e-03
7.500  20.250  8.8360e-03
7.500  20.500  8.8334e-03
7.500  20.750  8.8322e-03
7.500  21.000  8.8316e-03
7.500  21.250  8.8313e-03
7.500  21.500  8.8311e-03
7.500  21.750  8.8310e-03
7.500  22.000  8.8310e-03
7.500  22.250  8.8309e-03
7.500  22.500  8.8310e-03
7.500  22.750  8.8310e-03
7.500  23.000  8.8310e-03
7.500  23.250  8.8310e-03
7.500  23.500  8.8310e-03
7.500  23.750  8.8311e-03
7.500  24.000  8.8311e-03
7.750  17.000  5.1046e-02
7.750  17.250  4.8050e-02
7.750  17.500  4.3347e-02
7.750  17.750  2.8461e-02
7.750  18.000  1.8881e-02
7.750  18.250  1.3742e-02
7.750  18.500  1.1227e-02
7.750  18.750  1.0059e-02
7.750  19.000  9.4510e-03
7.750  19.250  9.1129e-03
7.750  19.500  8.9700e-03
7.750  19.750  8.8978e-03
7.750  20.000  8.8579e-03
7.750  20.250  8.8423e-03
7.750  20.500  8.8360e-03
7.750  20.750  8.8334e-03
7.750  21.000  8.8322e-03
7.750  21.250  8.8316e-03
7.750  21.500  8.8313e-03
7.750  21.750  8.8311e-03
7.750  22.000  8.8310e-03
7.750  22.250  8.8309e-03
7.750  22.500  8.8310e-03
7.750  22.750  8.8309e-03
7.750  23.000  8.8311e-03
7.750  23.250  8.8309e-03
7.750  23.500  8.8309e-03
7.750  23.750  8.8309e-03
7.750  24.000  8.8309e-03
8.000  17.000  5.2420e-02
8.000  17.250  5.1367e-02
8.000  17.500  4.8025e-02
8.000  17.750  4.3038e-02
8.000  18.000  2.8419e-02
8.000  18.250  1.8874e-02
8.000  18.500  1.3734e-02
8.000  18.750  1.1222e-02
8.000  19.000  1.0058e-02
8.000  19.250  9.4509e-03
8.000  19.500  9.1129e-03
8.000  19.750  8.9700e-03
8.000  20.000  8.8978e-03
8.000  20.250  8.8579e-03
8.000  20.500  8.8423e-03
8.000  20.750  8.8360e-03
8.000  21.000  8.8334e-03
8.000  21.250  8.8322e-03
8.000  21.500  8.8316e-03
8.000  21.750  8.8313e-03
8.000  22.000  8.8311e-03
8.000  22.250  8.8310e-03
8.000  22.500  8.8309e-03
8.000  22.750  8.8309e-03
8.000  23.000  8.8309e-03
8.000  23.250  8.8309e-03
8.000  23.500  8.8309e-03
8.000  23.750  8.8309e-03
8.000  24.000  8.8318e-03
8.250  17.000  5.3953e-02
8.250  17.250  5.3397e-02
8.250  17.500  5.2283e-02
8.250  17.750  4.8491e-02
8.250  18.000  4.3066e-02
8.250  18.250  2.8396e-02
8.250  18.500  1.8869e-02
8.250  18.750  1.3725e-02
8.250  19.000  1.1216e-02
8.250  19.250  1.0057e-02
8.250  19.500  9.4506e-03
8.250  19.750  9.1128e-03
8.250  20.000  8.9700e-03
8.250  20.250  8.8978e-03
8.250  20.500  8.8579e-03
8.250  20.750  8.8423e-03
8.250  21.000  8.8360e-03
8.250  21.250  8.8334e-03
8.250  21.500  8.8322e-03
8.250  21.750  8.8316e-03
8.250  22.000  8.8313e-03
8.250  22.250  8.8311e-03
8.250  22.500  8.8309e-03
8.250  22.750  8.8310e-03
8.250  23.000  8.8312e-03
8.250  23.250  8.8309e-03
8.250  23.500  8.8309e-03
8.250  23.750  8.8309e-03
8.250  24.000  8.8309e-03
8.500  17.000  5.5590e-02
8.500  17.250  5.5066e-02
8.500  17.500  5.4707e-02
8.500  17.750  5.3667e-02
8.500  18.000  4.9321e-02
8.500  18.250  4.3222e-02
8.500  18.500  2.8381e-02
8.500  18.750  1.8866e-02
8.500  19.000  1.3715e-02
8.500  19.250  1.1209e-02
8.500  19.500  1.0055e-02
8.500  19.750  9.4504e-03
8.500  20.000  9.1128e-03
8.500  20.250  8.9700e-03
8.500  20.500  8.8978e-03
8.500  20.750  8.8579e-03
8.500  21.000  8.8423e-03
8.500  21.250  8.8360e-03
8.500  21.500  8.8334e-03
8.500  21.750  8.8322e-03
8.500  22.000  8.8316e-03
8.500  22.250  8.8313e-03
8.500  22.500  8.8311e-03
8.500  22.750  8.8313e-03
8.500  23.000  8.8309e-03
8.500  23.250  8.8309e-03
8.500  23.500  8.8309e-03
8.500  23.750  8.8309e-03
8.500  24.000  8.8309e-03
8.750  17.000  5.7192e-02
8.750  17.250  5.6860e-02
8.750  17.500  5.6763e-02
8.750  17.750  5.6940e-02
8.750  18.000  5.5913e-02
8.750  18.250  5.0850e-02
8.750  18.500  4.3524e-02
8.750  18.750  2.8370e-02
8.750  19.000  1.8864e-02
8.750  19.250  1.3705e-02
8.750  19.500  1.1202e-02
8.750  19.750  1.0053e-02
8.750  20.000  9.4501e-03
8.750  20.250  9.1127e-03
8.750  20.500  8.9700e-03
8.750  20.750  8.8978e-03
8.750  21.000  8.8579e-03
8.750  21.250  8.8423e-03
8.750  21.500  8.8360e-03
8.750  21.750  8.8334e-03
8.750  22.000  8.8322e-03
8.750  22.250  8.8316e-03
8.750  22.500  8.8313e-03
8.750  22.750  8.8311e-03
8.750  23.000  8.8310e-03
8.750  23.250  8.8309e-03
8.750  23.500  8.8309e-03
8.750  23.750  8.8309e-03
8.750  24.000  8.8309e-03
9.000  17.000  5.8604e-02
9.000  17.250  5.8632e-02
9.000  17.500  5.8983e-02
9.000  17.750  5.9872e-02
9.000  18.000  6.1162e-02
9.000  18.250  6.0425e-02
9.000  18.500  5.3786e-02
9.000  18.750  4.4334e-02
9.000  19.000  2.8359e-02
9.000  19.250  1.8866e-02
9.000  19.500  1.3695e-02
9.000  19.750  1.1194e-02
9.000  20.000  1.0051e-02
9.000  20.250  9.4499e-03
9.000  20.500  9.1126e-03
9.000  20.750  8.9700e-03
9.000  21.000  8.8978e-03
9.000  21.250  8.8579e-03
9.000  21.500  8.8423e-03
9.000  21.750  8.8360e-03
9.000  22.000  8.8334e-03
9.000  22.250  8.8322e-03
9.000  22.500  8.8315e-03
9.000  22.750  8.8313e-03
9.000  23.000  8.8311e-03
9.000  23.250  8.8310e-03
9.000  23.500  8.8309e-03
9.000  23.750  8.8309e-03
9.000  24.000  8.8312e-03
9.250  17.000  5.9751e-02
9.250  17.250  6.0244e-02
9.250  17.500  6.1332e-02
9.250  17.750  6.3319e-02
9.250  18.000  6.6458e-02
9.250  18.250  6.9499e-02
9.250  18.500  6.8101e-02
9.250  18.750  5.9286e-02
9.250  19.000  4.4332e-02
9.250  19.250  2.8343e-02
9.250  19.500  1.8870e-02
9.250  19.750  1.3687e-02
9.250  20.000  1.1187e-02
9.250  20.250  1.0049e-02
9.250  20.500  9.4495e-03
9.250  20.750  9.1125e-03
9.250  21.000  8.9700e-03
9.250  21.250  8.8978e-03
9.250  21.500  8.8565e-03
9.250  21.750  8.8407e-03
9.250  22.000  8.8343e-03
9.250  22.250  8.8319e-03
9.250  22.500  8.8319e-03
9.250  22.750  8.8314e-03
9.250  23.000  8.8312e-03
9.250  23.250  8.8310e-03
9.250  23.500  8.8309e-03
9.250  23.750  8.8309e-03
9.250  24.000  8.8309e-03
9.500  17.000  6.0817e-02
9.500  17.250  6.1794e-02
9.500  17.500  6.3709e-02
9.500  17.750  6.7185e-02
9.500  18.000  7.2677e-02
9.500  18.250  7.9306e-02
9.500  18.500  8.2965e-02
9.500  18.750  7.8696e-02
9.500  19.000  6.5576e-02
9.500  19.250  4.4479e-02
9.500  19.500  2.8318e-02
9.500  19.750  1.8877e-02
9.500  20.000  1.3681e-02
9.500  20.250  1.1180e-02
9.500  20.500  1.0048e-02
9.500  20.750  9.4490e-03
9.500  21.000  9.1110e-03
9.500  21.250  8.9685e-03
9.500  21.500  8.8961e-03
9.500  21.750  8.8556e-03
9.500  22.000  8.8396e-03
9.500  22.250  8.8333e-03
9.500  22.500  8.8307e-03
9.500  22.750  8.8295e-03
9.500  23.000  8.8290e-03
9.500  23.250  8.8286e-03
9.500  23.500  8.8287e-03
9.500  23.750  8.8286e-03
9.500  24.000  8.8286e-03
9.750  17.000  6.1701e-02
9.750  17.250  6.3189e-02
9.750  17.500  6.6046e-02
9.750  17.750  7.1382e-02
9.750  18.000  8.0314e-02
9.750  18.250  9.0872e-02
9.750  18.500  9.8697e-02
9.750  18.750  9.9669e-02
9.750  19.000  9.0447e-02
9.750  19.250  7.2089e-02
9.750  19.500  4.4610e-02
9.750  19.750  2.8266e-02
9.750  20.000  1.8884e-02
9.750  20.250  1.3679e-02
9.750  20.500  1.1175e-02
9.750  20.750  1.0046e-02
9.750  21.000  9.4489e-03
9.750  21.250  9.1113e-03
9.750  21.500  8.9686e-03
9.750  21.750  8.8962e-03
9.750  22.000  8.8560e-03
9.750  22.250  8.8396e-03
9.750  22.500  8.8334e-03
9.750  22.750  8.8307e-03
9.750  23.000  8.8295e-03
9.750  23.250  8.8289e-03
9.750  23.500  8.8286e-03
9.750  23.750  8.8284e-03
9.750  24.000  8.8283e-03
10.000  17.000  6.2353e-02
10.000  17.250  6.4669e-02
10.000  17.500  6.8705e-02
10.000  17.750  7.6423e-02
10.000  18.000  8.9600e-02
10.000  18.250  1.0435e-01
10.000  18.500  1.1583e-01
10.000  18.750  1.2117e-01
10.000  19.000  1.1815e-01
10.000  19.250  1.0322e-01
10.000  19.500  7.4314e-02
10.000  19.750  4.4540e-02
10.000  20.000  2.8218e-02
10.000  20.250  1.8887e-02
10.000  20.500  1.3678e-02
10.000  20.750  1.1171e-02
10.000  21.000  1.0045e-02
10.000  21.250  9.4487e-03
10.000  21.500  9.1119e-03
10.000  21.750  8.9688e-03
10.000  22.000  8.8963e-03
10.000  22.250  8.8561e-03
10.000  22.500  8.8400e-03
10.000  22.750  8.8333e-03
10.000  23.000  8.8308e-03
10.000  23.250  8.8295e-03
10.000  23.500  8.8290e-03
10.000  23.750  8.8286e-03
10.000  24.000  8.8284e-03
10.250  17.000  6.3509e-02
10.250  17.250  6.6340e-02
10.250  17.500  7.2200e-02
10.250  17.750  8.2996e-02
10.250  18.000  1.0046e-01
10.250  18.250  1.1909e-01
10.250  18.500  1.3374e-01
10.250  18.750  1.4267e-01
10.250  19.000  1.4468e-01
10.250  19.250  1.3758e-01
10.250  19.500  1.1679e-01
10.250  19.750  7.3614e-02
10.250  20.000  4.4213e-02
10.250  20.250  2.8069e-02
10.250  20.500  1.8876e-02
10.250  20.750  1.3678e-02
10.250  21.000  1.1169e-02
10.250  21.250  1.0045e-02
10.250  21.500  9.4486e-03
10.250  21.750  9.1120e-03
10.250  22.000  8.9695e-03
10.250  22.250  8.8964e-03
10.250  22.500  8.8563e-03
10.250  22.750  8.8403e-03
10.250  23.000  8.8336e-03
10.250  23.250  8.8306e-03
10.250  23.500  8.8295e-03
10.250  23.750  8.8290e-03
10.250  24.000  8.8286e-03
10.500  17.000  6.5445e-02
10.500  17.250  6.9090e-02
10.500  17.500  7.7044e-02
10.500  17.750  9.2040e-02
10.500  18.000  1.1340e-01
10.500  18.250  1.3558e-01
10.500  18.500  1.5205e-01
10.500  18.750  1.6289e-01
10.500  19.000  1.6801e-01
10.500  19.250  1.6481e-01
10.500  19.500  1.5223e-01
10.500  19.750  1.2237e-01
10.500  20.000  7.3189e-02
10.500  20.250  4.3765e-02
10.500  20.500  2.7890e-02
10.500  20.750  1.8845e-02
10.500  21.000  1.3677e-02
10.500  21.250  1.1167e-02
10.500  21.500  1.0045e-02
10.500  21.750  9.4484e-03
10.500  22.000  9.1119e-03
10.500  22.250  8.9698e-03
10.500  22.500  8.8969e-03
10.500  22.750  8.8564e-03
10.500  23.000  8.8406e-03
10.500  23.250  8.8339e-03
10.500  23.500  8.8309e-03
10.500  23.750  8.8295e-03
10.500  24.000  8.8288e-03
10.750  17.000  6.8384e-02
10.750  17.250  7.3120e-02
10.750  17.500  8.4296e-02
10.750  17.750  1.0357e-01
10.750  18.000  1.2826e-01
10.750  18.250  1.5163e-01
10.750  18.500  1.6965e-01
10.750  18.750  1.8362e-01
10.750  19.000  1.8989e-01
10.750  19.250  1.9031e-01
10.750  19.500  1.8408e-01
10.750  19.750  1.6750e-01
10.750  20.000  1.3066e-01
10.750  20.250  7.2503e-02
10.750  20.500  4.3147e-02
10.750  20.750  2.7589e-02
10.750  21.000  1.8780e-02
10.750  21.250  1.3671e-02
10.750  21.500  1.1167e-02
10.750  21.750  1.0045e-02
10.750  22.000  9.4482e-03
10.750  22.250  9.1118e-03
10.750  22.500  8.9698e-03
10.750  22.750  8.8974e-03
10.750  23.000  8.8564e-03
10.750  23.250  8.8407e-03
10.750  23.500  8.8342e-03
10.750  23.750  8.8314e-03
10.750  24.000  8.8299e-03
11.000  17.000  7.2521e-02
11.000  17.250  7.8354e-02
11.000  17.500  9.3162e-02
11.000  17.750  1.1684e-01
11.000  18.000  1.4360e-01
11.000  18.250  1.6774e-01
11.000  18.500  1.8795e-01
11.000  18.750  2.0222e-01
11.000  19.000  2.1095e-01
11.000  19.250  2.1355e-01
11.000  19.500  2.1185e-01
11.000  19.750  2.0324e-01
11.000  20.000  1.8572e-01
11.000  20.250  1.3198e-01
11.000  20.500  7.1435e-02
11.000  20.750  4.2467e-02
11.000  21.000  2.7272e-02
11.000  21.250  1.8667e-02
11.000  21.500  1.3657e-02
11.000  21.750  1.1165e-02
11.000  22.000  1.0045e-02
11.000  22.250  9.4479e-03
11.000  22.500  9.1114e-03
11.000  22.750  8.9698e-03
11.000  23.000  8.8976e-03
11.000  23.250  8.8566e-03
11.000  23.500  8.8407e-03
11.000  23.750  8.8344e-03
11.000  24.000  8.8316e-03
11.250  17.000  7.7978e-02
11.250  17.250  8.4498e-02
11.250  17.500  1.0254e-01
11.250  17.750  1.3001e-01
11.250  18.000  1.5877e-01
11.250  18.250  1.8362e-01
11.250  18.500  2.0377e-01
11.250  18.750  2.2038e-01
11.250  19.000  2.3068e-01
11.250  19.250  2.3590e-01
11.250  19.500  2.3665e-01
11.250  19.750  2.3279e-01
11.250  20.000  2.2284e-01
11.250  20.250  2.0339e-01
11.250  20.500  1.3407e-01
11.250  20.750  7.0990e-02
11.250  21.000  4.1777e-02
11.250  21.250  2.7042e-02
11.250  21.500  1.8513e-02
11.250  21.750  1.3630e-02
11.250  22.000  1.1163e-02
11.250  22.250  1.0045e-02
11.250  22.500  9.4472e-03
11.250  22.750  9.1110e-03
11.250  23.000  8.9695e-03
11.250  23.250  8.8976e-03
11.250  23.500  8.8574e-03
11.250  23.750  8.8408e-03
11.250  24.000  8.8345e-03
11.500  17.000  8.5331e-02
11.500  17.250  9.1986e-02
11.500  17.500  1.1183e-01
11.500  17.750  1.4188e-01
11.500  18.000  1.7258e-01
11.500  18.250  1.9837e-01
11.500  18.500  2.1919e-01
11.500  18.750  2.3673e-01
11.500  19.000  2.4896e-01
11.500  19.250  2.5695e-01
11.500  19.500  2.5936e-01
11.500  19.750  2.5832e-01
11.500  20.000  2.5313e-01
11.500  20.250  2.4204e-01
11.500  20.500  2.2038e-01
11.500  20.750  1.3336e-01
11.500  21.000  7.0086e-02
11.500  21.250  4.1194e-02
11.500  21.500  2.6953e-02
11.500  21.750  1.8333e-02
11.500  22.000  1.3588e-02
11.500  22.250  1.1160e-02
11.500  22.500  1.0043e-02
11.500  22.750  9.4463e-03
11.500  23.000  9.1103e-03
11.500  23.250  8.9693e-03
11.500  23.500  8.8975e-03
11.500  23.750  8.8576e-03
11.500  24.000  8.8410e-03
11.750  17.000  9.5297e-02
11.750  17.250  1.0101e-01
11.750  17.500  1.2105e-01
11.750  17.750  1.5199e-01
11.750  18.000  1.8397e-01
11.750  18.250  2.1080e-01
11.750  18.500  2.3337e-01
11.750  18.750  2.5154e-01
11.750  19.000  2.6611e-01
11.750  19.250  2.7544e-01
11.750  19.500  2.8031e-01
11.750  19.750  2.8044e-01
11.750  20.000  2.7784e-01
11.750  20.250  2.7146e-01
11.750  20.500  2.5946e-01
11.750  20.750  2.3200e-01
11.750  21.000  1.3288e-01
11.750  21.250  6.9137e-02
11.750  21.500  4.0943e-02
11.750  21.750  2.7047e-02
11.750  22.000  1.8138e-02
11.750  22.250  1.3529e-02
11.750  22.500  1.1154e-02
11.750  22.750  1.0040e-02
11.750  23.000  9.4445e-03
11.750  23.250  9.1093e-03
11.750  23.500  8.9727e-03
11.750  23.750  8.8974e-03
11.750  24.000  8.8577e-03
12.000  17.000  1.0867e-01
12.000  17.250  1.1212e-01
12.000  17.500  1.3026e-01
12.000  17.750  1.5990e-01
12.000  18.000  1.9177e-01
12.000  18.250  2.2053e-01
12.000  18.500  2.4576e-01
12.000  18.750  2.6621e-01
12.000  19.000  2.8195e-01
12.000  19.250  2.9256e-01
12.000  19.500  2.9835e-01
12.000  19.750  2.9994e-01
12.000  20.000  2.9807e-01
12.000  20.250  2.9395e-01
12.000  20.500  2.8673e-01
12.000  20.750  2.7402e-01
12.000  21.000  2.4377e-01
12.000  21.250  1.3144e-01
12.000  21.500  6.8353e-02
12.000  21.750  4.0992e-02
12.000  22.000  2.6792e-02
12.000  22.250  1.7961e-02
12.000  22.500  1.3458e-02
12.000  22.750  1.1144e-02
12.000  23.000  1.0037e-02
12.000  23.250  9.4420e-03
12.000  23.500  9.1078e-03
12.000  23.750  8.9681e-03
12.000  24.000  8.8970e-03
12.250  17.000  1.2478e-01
12.250  17.250  1.2563e-01
12.250  17.500  1.3949e-01
12.250  17.750  1.6542e-01
12.250  18.000  1.9646e-01
12.250  18.250  2.2779e-01
12.250  18.500  2.5628e-01
12.250  18.750  2.7974e-01
12.250  19.000  2.9683e-01
12.250  19.250  3.0777e-01
12.250  19.500  3.1397e-01
12.250  19.750  3.1609e-01
12.250  20.000  3.1476e-01
12.250  20.250  3.1115e-01
12.250  20.500  3.0620e-01
12.250  20.750  2.9886e-01
12.250  21.000  2.8559e-01
12.250  21.250  2.4111e-01
12.250  21.500  1.3038e-01
12.250  21.750  6.8065e-02
12.250  22.000  4.1200e-02
12.250  22.250  2.6269e-02
12.250  22.500  1.7771e-02
12.250  22.750  1.3373e-02
12.250  23.000  1.1129e-02
12.250  23.250  1.0031e-02
12.250  23.500  9.4382e-03
12.250  23.750  9.1058e-03
12.250  24.000  8.9672e-03
12.500  17.000  1.4026e-01
12.500  17.250  1.3884e-01
12.500  17.500  1.4831e-01
12.500  17.750  1.6931e-01
12.500  18.000  1.9914e-01
12.500  18.250  2.3224e-01
12.500  18.500  2.6379e-01
12.500  18.750  2.9021e-01
12.500  19.000  3.0942e-01
12.500  19.250  3.2100e-01
12.500  19.500  3.2688e-01
12.500  19.750  3.2909e-01
12.500  20.000  3.2836e-01
12.500  20.250  3.2519e-01
12.500  20.500  3.2012e-01
12.500  20.750  3.1474e-01
12.500  21.000  3.0843e-01
12.500  21.250  2.9315e-01
12.500  21.500  2.3693e-01
12.500  21.750  1.2694e-01
12.500  22.000  6.7180e-02
12.500  22.250  4.1268e-02
12.500  22.500  2.5740e-02
12.500  22.750  1.7554e-02
12.500  23.000  1.3276e-02
12.500  23.250  1.1106e-02
12.500  23.500  1.0021e-02
12.500  23.750  9.4325e-03
12.500  24.000  9.1032e-03
12.750  17.000  1.3723e-01
12.750  17.250  1.4687e-01
12.750  17.500  1.5340e-01
12.750  17.750  1.7245e-01
12.750  18.000  2.0195e-01
12.750  18.250  2.3530e-01
12.750  18.500  2.6821e-01
12.750  18.750  2.9726e-01
12.750  19.000  3.1862e-01
12.750  19.250  3.3255e-01
12.750  19.500  3.3788e-01
12.750  19.750  3.3952e-01
12.750  20.000  3.3834e-01
12.750  20.250  3.3563e-01
12.750  20.500  3.3138e-01
12.750  20.750  3.2567e-01
12.750  21.000  3.2139e-01
12.750  21.250  3.1539e-01
12.750  21.500  2.9479e-01
12.750  21.750  2.2442e-01
12.750  22.000  1.2189e-01
12.750  22.250  6.6502e-02
12.750  22.500  4.0965e-02
12.750  22.750  2.5252e-02
12.750  23.000  1.7311e-02
12.750  23.250  1.3170e-02
12.750  23.500  1.1076e-02
12.750  23.750  1.0006e-02
12.750  24.000  9.4235e-03
13.000  17.000  8.6877e-02
13.000  17.250  1.1314e-01
13.000  17.500  1.5579e-01
13.000  17.750  1.7817e-01
13.000  18.000  2.0581e-01
13.000  18.250  2.3818e-01
13.000  18.500  2.7125e-01
13.000  18.750  3.0092e-01
13.000  19.000  3.2395e-01
13.000  19.250  3.3913e-01
13.000  19.500  3.4633e-01
13.000  19.750  3.4758e-01
13.000  20.000  3.4598e-01
13.000  20.250  3.4296e-01
13.000  20.500  3.3965e-01
13.000  20.750  3.3489e-01
13.000  21.000  3.3168e-01
13.000  21.250  3.2823e-01
13.000  21.500  3.1711e-01
13.000  21.750  2.9485e-01
13.000  22.000  2.1124e-01
13.000  22.250  1.1619e-01
13.000  22.500  6.5495e-02
13.000  22.750  3.9990e-02
13.000  23.000  2.4675e-02
13.000  23.250  1.7048e-02
13.000  23.500  1.3049e-02
13.000  23.750  1.1029e-02
13.000  24.000  9.9788e-03
13.250  17.000  8.5482e-02
13.250  17.250  1.0224e-01
13.250  17.500  1.3497e-01
13.250  17.750  1.7366e-01
13.250  18.000  2.1263e-01
13.250  18.250  2.4282e-01
13.250  18.500  2.7407e-01
13.250  18.750  3.0335e-01
13.250  19.000  3.2697e-01
13.250  19.250  3.4293e-01
13.250  19.500  3.5162e-01
13.250  19.750  3.5411e-01
13.250  20.000  3.5272e-01
13.250  20.250  3.4941e-01
13.250  20.500  3.4523e-01
13.250  20.750  3.4167e-01
13.250  21.000  3.3775e-01
13.250  21.250  3.3531e-01
13.250  21.500  3.2834e-01
13.250  21.750  3.2165e-01
13.250  22.000  2.8699e-01
13.250  22.250  1.9449e-01
13.250  22.500  1.0970e-01
13.250  22.750  6.3373e-02
13.250  23.000  3.8619e-02
13.250  23.250  2.4112e-02
13.250  23.500  1.6771e-02
13.250  23.750  1.2911e-02
13.250  24.000  1.0959e-02
13.500  17.000  8.4466e-02
13.500  17.250  9.8591e-02
13.500  17.500  1.2868e-01
13.500  17.750  1.7108e-01
13.500  18.000  2.1265e-01
13.500  18.250  2.5047e-01
13.500  18.500  2.7917e-01
13.500  18.750  3.0668e-01
13.500  19.000  3.2977e-01
13.500  19.250  3.4696e-01
13.500  19.500  3.5571e-01
13.500  19.750  3.5882e-01
13.500  20.000  3.5838e-01
13.500  20.250  3.5522e-01
13.500  20.500  3.5064e-01
13.500  20.750  3.4556e-01
13.500  21.000  3.4068e-01
13.500  21.250  3.3935e-01
13.500  21.500  3.3300e-01
13.500  21.750  3.2807e-01
13.500  22.000  3.1581e-01
13.500  22.250  2.7093e-01
13.500  22.500  1.7588e-01
13.500  22.750  1.0176e-01
13.500  23.000  5.9595e-02
13.500  23.250  3.6948e-02
13.500  23.500  2.3437e-02
13.500  23.750  1.6370e-02
13.500  24.000  1.2739e-02
13.750  17.000  8.3199e-02
13.750  17.250  9.8501e-02
13.750  17.500  1.2516e-01
13.750  17.750  1.5961e-01
13.750  18.000  2.1246e-01
13.750  18.250  2.5194e-01
13.750  18.500  2.8623e-01
13.750  18.750  3.1249e-01
13.750  19.000  3.3447e-01
13.750  19.250  3.5126e-01
13.750  19.500  3.6149e-01
13.750  19.750  3.6566e-01
13.750  20.000  3.6529e-01
13.750  20.250  3.6248e-01
13.750  20.500  3.5787e-01
13.750  20.750  3.5218e-01
13.750  21.000  3.4603e-01
13.750  21.250  3.4098e-01
13.750  21.500  3.3466e-01
13.750  21.750  3.3276e-01
13.750  22.000  3.2942e-01
13.750  22.250  3.0947e-01
13.750  22.500  2.4790e-01
13.750  22.750  1.5654e-01
13.750  23.000  9.1993e-02
13.750  23.250  5.5725e-02
13.750  23.500  3.5075e-02
13.750  23.750  2.2588e-02
13.750  24.000  1.5960e-02
14.000  17.000  8.2849e-02
14.000  17.250  9.6029e-02
14.000  17.500  1.2221e-01
14.000  17.750  1.5441e-01
14.000  18.000  2.0018e-01
14.000  18.250  2.5573e-01
14.000  18.500  2.9197e-01
14.000  18.750  3.2111e-01
14.000  19.000  3.4079e-01
14.000  19.250  3.5709e-01
14.000  19.500  3.6888e-01
14.000  19.750  3.7428e-01
14.000  20.000  3.7472e-01
14.000  20.250  3.7164e-01
14.000  20.500  3.6711e-01
14.000  20.750  3.6118e-01
14.000  21.000  3.5469e-01
14.000  21.250  3.4886e-01
14.000  21.500  3.4124e-01
14.000  21.750  3.4000e-01
14.000  22.000  3.4032e-01
14.000  22.250  3.3031e-01
14.000  22.500  2.9234e-01
14.000  22.750  2.2040e-01
14.000  23.000  1.3740e-01
14.000  23.250  8.3199e-02
14.000  23.500  5.1706e-02
14.000  23.750  3.3087e-02
14.000  24.000  2.1610e-02
