nFnu 2392.03A  relative to Inci 1215.00A scaled to 1215A.
Hden   Phi(H)  Eq_Width (A)
7.000  17.000  1.0460e-01
7.000  17.250  6.8123e-02
7.000  17.500  4.5371e-02
7.000  17.750  3.3641e-02
7.000  18.000  2.8110e-02
7.000  18.250  2.5260e-02
7.000  18.500  2.3708e-02
7.000  18.750  2.3055e-02
7.000  19.000  2.2722e-02
7.000  19.250  2.2536e-02
7.000  19.500  2.2426e-02
7.000  19.750  2.2366e-02
7.000  20.000  2.2344e-02
7.000  20.250  2.2349e-02
7.000  20.500  2.2368e-02
7.000  20.750  2.2391e-02
7.000  21.000  2.2405e-02
7.000  21.250  2.2405e-02
7.000  21.500  2.2405e-02
7.000  21.750  2.2404e-02
7.000  22.000  2.2404e-02
7.000  22.250  2.2404e-02
7.000  22.500  2.2404e-02
7.000  22.750  2.2404e-02
7.000  23.000  2.2405e-02
7.000  23.250  2.2404e-02
7.000  23.500  2.2404e-02
7.000  23.750  2.2404e-02
7.000  24.000  2.2404e-02
7.250  17.000  1.5770e-01
7.250  17.250  1.0437e-01
7.250  17.500  6.8005e-02
7.250  17.750  4.5307e-02
7.250  18.000  3.3610e-02
7.250  18.250  2.8100e-02
7.250  18.500  2.5256e-02
7.250  18.750  2.3707e-02
7.250  19.000  2.3054e-02
7.250  19.250  2.2722e-02
7.250  19.500  2.2536e-02
7.250  19.750  2.2422e-02
7.250  20.000  2.2355e-02
7.250  20.250  2.2326e-02
7.250  20.500  2.2325e-02
7.250  20.750  2.2341e-02
7.250  21.000  2.2367e-02
7.250  21.250  2.2391e-02
7.250  21.500  2.2404e-02
7.250  21.750  2.2404e-02
7.250  22.000  2.2407e-02
7.250  22.250  2.2404e-02
7.250  22.500  2.2404e-02
7.250  22.750  2.2404e-02
7.250  23.000  2.2405e-02
7.250  23.250  2.2405e-02
7.250  23.500  2.2404e-02
7.250  23.750  2.2405e-02
7.250  24.000  2.2404e-02
7.500  17.000  1.6369e-01
7.500  17.250  1.5793e-01
7.500  17.500  1.0417e-01
7.500  17.750  6.7924e-02
7.500  18.000  4.5256e-02
7.500  18.250  3.3582e-02
7.500  18.500  2.8091e-02
7.500  18.750  2.5253e-02
7.500  19.000  2.3706e-02
7.500  19.250  2.3054e-02
7.500  19.500  2.2722e-02
7.500  19.750  2.2536e-02
7.500  20.000  2.2461e-02
7.500  20.250  2.2430e-02
7.500  20.500  2.2416e-02
7.500  20.750  2.2410e-02
7.500  21.000  2.2407e-02
7.500  21.250  2.2406e-02
7.500  21.500  2.2405e-02
7.500  21.750  2.2404e-02
7.500  22.000  2.2404e-02
7.500  22.250  2.2404e-02
7.500  22.500  2.2404e-02
7.500  22.750  2.2404e-02
7.500  23.000  2.2404e-02
7.500  23.250  2.2404e-02
7.500  23.500  2.2404e-02
7.500  23.750  2.2404e-02
7.500  24.000  2.2404e-02
7.750  17.000  1.6744e-01
7.750  17.250  1.6467e-01
7.750  17.500  1.5798e-01
7.750  17.750  1.0402e-01
7.750  18.000  6.7869e-02
7.750  18.250  4.5211e-02
7.750  18.500  3.3554e-02
7.750  18.750  2.8083e-02
7.750  19.000  2.5252e-02
7.750  19.250  2.3705e-02
7.750  19.500  2.3054e-02
7.750  19.750  2.2722e-02
7.750  20.000  2.2536e-02
7.750  20.250  2.2461e-02
7.750  20.500  2.2430e-02
7.750  20.750  2.2416e-02
7.750  21.000  2.2410e-02
7.750  21.250  2.2407e-02
7.750  21.500  2.2406e-02
7.750  21.750  2.2405e-02
7.750  22.000  2.2404e-02
7.750  22.250  2.2404e-02
7.750  22.500  2.2404e-02
7.750  22.750  2.2404e-02
7.750  23.000  2.2404e-02
7.750  23.250  2.2404e-02
7.750  23.500  2.2404e-02
7.750  23.750  2.2404e-02
7.750  24.000  2.2404e-02
8.000  17.000  1.6553e-01
8.000  17.250  1.6713e-01
8.000  17.500  1.6371e-01
8.000  17.750  1.5652e-01
8.000  18.000  1.0386e-01
8.000  18.250  6.7831e-02
8.000  18.500  4.5169e-02
8.000  18.750  3.3525e-02
8.000  19.000  2.8075e-02
8.000  19.250  2.5250e-02
8.000  19.500  2.3704e-02
8.000  19.750  2.3054e-02
8.000  20.000  2.2722e-02
8.000  20.250  2.2536e-02
8.000  20.500  2.2461e-02
8.000  20.750  2.2430e-02
8.000  21.000  2.2416e-02
8.000  21.250  2.2410e-02
8.000  21.500  2.2407e-02
8.000  21.750  2.2406e-02
8.000  22.000  2.2405e-02
8.000  22.250  2.2404e-02
8.000  22.500  2.2404e-02
8.000  22.750  2.2404e-02
8.000  23.000  2.2404e-02
8.000  23.250  2.2404e-02
8.000  23.500  2.2404e-02
8.000  23.750  2.2404e-02
8.000  24.000  2.2406e-02
8.250  17.000  1.6442e-01
8.250  17.250  1.6738e-01
8.250  17.500  1.6897e-01
8.250  17.750  1.6467e-01
8.250  18.000  1.5655e-01
8.250  18.250  1.0379e-01
8.250  18.500  6.7805e-02
8.250  18.750  4.5127e-02
8.250  19.000  3.3494e-02
8.250  19.250  2.8067e-02
8.250  19.500  2.5248e-02
8.250  19.750  2.3704e-02
8.250  20.000  2.3054e-02
8.250  20.250  2.2721e-02
8.250  20.500  2.2536e-02
8.250  20.750  2.2461e-02
8.250  21.000  2.2430e-02
8.250  21.250  2.2416e-02
8.250  21.500  2.2410e-02
8.250  21.750  2.2407e-02
8.250  22.000  2.2406e-02
8.250  22.250  2.2405e-02
8.250  22.500  2.2404e-02
8.250  22.750  2.2404e-02
8.250  23.000  2.2404e-02
8.250  23.250  2.2404e-02
8.250  23.500  2.2404e-02
8.250  23.750  2.2404e-02
8.250  24.000  2.2404e-02
8.500  17.000  1.6305e-01
8.500  17.250  1.6652e-01
8.500  17.500  1.6998e-01
8.500  17.750  1.7179e-01
8.500  18.000  1.6652e-01
8.500  18.250  1.5700e-01
8.500  18.500  1.0375e-01
8.500  18.750  6.7787e-02
8.500  19.000  4.5081e-02
8.500  19.250  3.3459e-02
8.500  19.500  2.8057e-02
8.500  19.750  2.5247e-02
8.500  20.000  2.3704e-02
8.500  20.250  2.3054e-02
8.500  20.500  2.2721e-02
8.500  20.750  2.2536e-02
8.500  21.000  2.2461e-02
8.500  21.250  2.2430e-02
8.500  21.500  2.2416e-02
8.500  21.750  2.2410e-02
8.500  22.000  2.2407e-02
8.500  22.250  2.2406e-02
8.500  22.500  2.2405e-02
8.500  22.750  2.2405e-02
8.500  23.000  2.2404e-02
8.500  23.250  2.2404e-02
8.500  23.500  2.2404e-02
8.500  23.750  2.2404e-02
8.500  24.000  2.2404e-02
8.750  17.000  1.6105e-01
8.750  17.250  1.6546e-01
8.750  17.500  1.6987e-01
8.750  17.750  1.7446e-01
8.750  18.000  1.7668e-01
8.750  18.250  1.7024e-01
8.750  18.500  1.5798e-01
8.750  18.750  1.0373e-01
8.750  19.000  6.7774e-02
8.750  19.250  4.5034e-02
8.750  19.500  3.3422e-02
8.750  19.750  2.8048e-02
8.750  20.000  2.5246e-02
8.750  20.250  2.3703e-02
8.750  20.500  2.3054e-02
8.750  20.750  2.2721e-02
8.750  21.000  2.2536e-02
8.750  21.250  2.2461e-02
8.750  21.500  2.2430e-02
8.750  21.750  2.2416e-02
8.750  22.000  2.2410e-02
8.750  22.250  2.2407e-02
8.750  22.500  2.2406e-02
8.750  22.750  2.2405e-02
8.750  23.000  2.2404e-02
8.750  23.250  2.2404e-02
8.750  23.500  2.2404e-02
8.750  23.750  2.2404e-02
8.750  24.000  2.2404e-02
9.000  17.000  1.5798e-01
9.000  17.250  1.6388e-01
9.000  17.500  1.6971e-01
9.000  17.750  1.7626e-01
9.000  18.000  1.8337e-01
9.000  18.250  1.8677e-01
9.000  18.500  1.7810e-01
9.000  18.750  1.6133e-01
9.000  19.000  1.0371e-01
9.000  19.250  6.7769e-02
9.000  19.500  4.4989e-02
9.000  19.750  3.3385e-02
9.000  20.000  2.8039e-02
9.000  20.250  2.5244e-02
9.000  20.500  2.3703e-02
9.000  20.750  2.3053e-02
9.000  21.000  2.2721e-02
9.000  21.250  2.2536e-02
9.000  21.500  2.2461e-02
9.000  21.750  2.2430e-02
9.000  22.000  2.2416e-02
9.000  22.250  2.2410e-02
9.000  22.500  2.2407e-02
9.000  22.750  2.2405e-02
9.000  23.000  2.2405e-02
9.000  23.250  2.2404e-02
9.000  23.500  2.2404e-02
9.000  23.750  2.2404e-02
9.000  24.000  2.2404e-02
9.250  17.000  1.5344e-01
9.250  17.250  1.6129e-01
9.250  17.500  1.6944e-01
9.250  17.750  1.7873e-01
9.250  18.000  1.8974e-01
9.250  18.250  2.0087e-01
9.250  18.500  2.0458e-01
9.250  18.750  1.9434e-01
9.250  19.000  1.6127e-01
9.250  19.250  1.0367e-01
9.250  19.500  6.7771e-02
9.250  19.750  4.4949e-02
9.250  20.000  3.3348e-02
9.250  20.250  2.8029e-02
9.250  20.500  2.5243e-02
9.250  20.750  2.3703e-02
9.250  21.000  2.3053e-02
9.250  21.250  2.2721e-02
9.250  21.500  2.2533e-02
9.250  21.750  2.2457e-02
9.250  22.000  2.2425e-02
9.250  22.250  2.2413e-02
9.250  22.500  2.2410e-02
9.250  22.750  2.2407e-02
9.250  23.000  2.2405e-02
9.250  23.250  2.2404e-02
9.250  23.500  2.2404e-02
9.250  23.750  2.2404e-02
9.250  24.000  2.2404e-02
9.500  17.000  1.4757e-01
9.500  17.250  1.5765e-01
9.500  17.500  1.6863e-01
9.500  17.750  1.8164e-01
9.500  18.000  1.9745e-01
9.500  18.250  2.1545e-01
9.500  18.500  2.2935e-01
9.500  18.750  2.3060e-01
9.500  19.000  2.1602e-01
9.500  19.250  1.6101e-01
9.500  19.500  1.0359e-01
9.500  19.750  6.7775e-02
9.500  20.000  4.4921e-02
9.500  20.250  3.3317e-02
9.500  20.500  2.8021e-02
9.500  20.750  2.5241e-02
9.500  21.000  2.3699e-02
9.500  21.250  2.3050e-02
9.500  21.500  2.2717e-02
9.500  21.750  2.2530e-02
9.500  22.000  2.2454e-02
9.500  22.250  2.2423e-02
9.500  22.500  2.2410e-02
9.500  22.750  2.2404e-02
9.500  23.000  2.2400e-02
9.500  23.250  2.2399e-02
9.500  23.500  2.2399e-02
9.500  23.750  2.2398e-02
9.500  24.000  2.2398e-02
9.750  17.000  1.3988e-01
9.750  17.250  1.5243e-01
9.750  17.500  1.6672e-01
9.750  17.750  1.8444e-01
9.750  18.000  2.0723e-01
9.750  18.250  2.3258e-01
9.750  18.500  2.5375e-01
9.750  18.750  2.6469e-01
9.750  19.000  2.6095e-01
9.750  19.250  2.4330e-01
9.750  19.500  1.6075e-01
9.750  19.750  1.0347e-01
9.750  20.000  6.7778e-02
9.750  20.250  4.4907e-02
9.750  20.500  3.3292e-02
9.750  20.750  2.8014e-02
9.750  21.000  2.5240e-02
9.750  21.250  2.3699e-02
9.750  21.500  2.3050e-02
9.750  21.750  2.2718e-02
9.750  22.000  2.2531e-02
9.750  22.250  2.2454e-02
9.750  22.500  2.2423e-02
9.750  22.750  2.2410e-02
9.750  23.000  2.2403e-02
9.750  23.250  2.2400e-02
9.750  23.500  2.2399e-02
9.750  23.750  2.2398e-02
9.750  24.000  2.2397e-02
10.000  17.000  1.2996e-01
10.000  17.250  1.4583e-01
10.000  17.500  1.6403e-01
10.000  17.750  1.8757e-01
10.000  18.000  2.1902e-01
10.000  18.250  2.5201e-01
10.000  18.500  2.7844e-01
10.000  18.750  2.9525e-01
10.000  19.000  3.0105e-01
10.000  19.250  2.9457e-01
10.000  19.500  2.5857e-01
10.000  19.750  1.6061e-01
10.000  20.000  1.0332e-01
10.000  20.250  6.7769e-02
10.000  20.500  4.4899e-02
10.000  20.750  3.3271e-02
10.000  21.000  2.8009e-02
10.000  21.250  2.5239e-02
10.000  21.500  2.3700e-02
10.000  21.750  2.3050e-02
10.000  22.000  2.2718e-02
10.000  22.250  2.2532e-02
10.000  22.500  2.2455e-02
10.000  22.750  2.2423e-02
10.000  23.000  2.2410e-02
10.000  23.250  2.2404e-02
10.000  23.500  2.2400e-02
10.000  23.750  2.2399e-02
10.000  24.000  2.2398e-02
10.250  17.000  1.2033e-01
10.250  17.250  1.3769e-01
10.250  17.500  1.6117e-01
10.250  17.750  1.9172e-01
10.250  18.000  2.3152e-01
10.250  18.250  2.7153e-01
10.250  18.500  3.0228e-01
10.250  18.750  3.2234e-01
10.250  19.000  3.3139e-01
10.250  19.250  3.3499e-01
10.250  19.500  3.3466e-01
10.250  19.750  2.6047e-01
10.250  20.000  1.6049e-01
10.250  20.250  1.0315e-01
10.250  20.500  6.7739e-02
10.250  20.750  4.4896e-02
10.250  21.000  3.3258e-02
10.250  21.250  2.8007e-02
10.250  21.500  2.5239e-02
10.250  21.750  2.3701e-02
10.250  22.000  2.3052e-02
10.250  22.250  2.2718e-02
10.250  22.500  2.2532e-02
10.250  22.750  2.2456e-02
10.250  23.000  2.2424e-02
10.250  23.250  2.2409e-02
10.250  23.500  2.2403e-02
10.250  23.750  2.2400e-02
10.250  24.000  2.2399e-02
10.500  17.000  1.1164e-01
10.500  17.250  1.3068e-01
10.500  17.500  1.5833e-01
10.500  17.750  1.9773e-01
10.500  18.000  2.4445e-01
10.500  18.250  2.8973e-01
10.500  18.500  3.2403e-01
10.500  18.750  3.4709e-01
10.500  19.000  3.6314e-01
10.500  19.250  3.7280e-01
10.500  19.500  3.7672e-01
10.500  19.750  3.6816e-01
10.500  20.000  2.5973e-01
10.500  20.250  1.6030e-01
10.500  20.500  1.0294e-01
10.500  20.750  6.7635e-02
10.500  21.000  4.4892e-02
10.500  21.250  3.3250e-02
10.500  21.500  2.8006e-02
10.500  21.750  2.5238e-02
10.500  22.000  2.3700e-02
10.500  22.250  2.3053e-02
10.500  22.500  2.2719e-02
10.500  22.750  2.2532e-02
10.500  23.000  2.2456e-02
10.500  23.250  2.2425e-02
10.500  23.500  2.2410e-02
10.500  23.750  2.2404e-02
10.500  24.000  2.2400e-02
10.750  17.000  1.0426e-01
10.750  17.250  1.2510e-01
10.750  17.500  1.5805e-01
10.750  17.750  2.0427e-01
10.750  18.000  2.5673e-01
10.750  18.250  3.0441e-01
10.750  18.500  3.4186e-01
10.750  18.750  3.7170e-01
10.750  19.000  3.9281e-01
10.750  19.250  4.0692e-01
10.750  19.500  4.1424e-01
10.750  19.750  4.1499e-01
10.750  20.000  4.0120e-01
10.750  20.250  2.5926e-01
10.750  20.500  1.6002e-01
10.750  20.750  1.0269e-01
10.750  21.000  6.7454e-02
10.750  21.250  4.4879e-02
10.750  21.500  3.3246e-02
10.750  21.750  2.8008e-02
10.750  22.000  2.5238e-02
10.750  22.250  2.3700e-02
10.750  22.500  2.3053e-02
10.750  22.750  2.2721e-02
10.750  23.000  2.2532e-02
10.750  23.250  2.2457e-02
10.750  23.500  2.2425e-02
10.750  23.750  2.2411e-02
10.750  24.000  2.2405e-02
11.000  17.000  9.7973e-02
11.000  17.250  1.2062e-01
11.000  17.500  1.5831e-01
11.000  17.750  2.0986e-01
11.000  18.000  2.6478e-01
11.000  18.250  3.1413e-01
11.000  18.500  3.5608e-01
11.000  18.750  3.9035e-01
11.000  19.000  4.1678e-01
11.000  19.250  4.3421e-01
11.000  19.500  4.4510e-01
11.000  19.750  4.4849e-01
11.000  20.000  4.4805e-01
11.000  20.250  4.1423e-01
11.000  20.500  2.5971e-01
11.000  20.750  1.5965e-01
11.000  21.000  1.0242e-01
11.000  21.250  6.7147e-02
11.000  21.500  4.4838e-02
11.000  21.750  3.3246e-02
11.000  22.000  2.8010e-02
11.000  22.250  2.5238e-02
11.000  22.500  2.3699e-02
11.000  22.750  2.3053e-02
11.000  23.000  2.2721e-02
11.000  23.250  2.2533e-02
11.000  23.500  2.2457e-02
11.000  23.750  2.2426e-02
11.000  24.000  2.2412e-02
11.250  17.000  9.2229e-02
11.250  17.250  1.1629e-01
11.250  17.500  1.5717e-01
11.250  17.750  2.1144e-01
11.250  18.000  2.6772e-01
11.250  18.250  3.1854e-01
11.250  18.500  3.6332e-01
11.250  18.750  4.0279e-01
11.250  19.000  4.3349e-01
11.250  19.250  4.5546e-01
11.250  19.500  4.6925e-01
11.250  19.750  4.7535e-01
11.250  20.000  4.7536e-01
11.250  20.250  4.7265e-01
11.250  20.500  4.0995e-01
11.250  20.750  2.5884e-01
11.250  21.000  1.5939e-01
11.250  21.250  1.0235e-01
11.250  21.500  6.6611e-02
11.250  21.750  4.4749e-02
11.250  22.000  3.3249e-02
11.250  22.250  2.8015e-02
11.250  22.500  2.5239e-02
11.250  22.750  2.3699e-02
11.250  23.000  2.3053e-02
11.250  23.250  2.2722e-02
11.250  23.500  2.2535e-02
11.250  23.750  2.2457e-02
11.250  24.000  2.2426e-02
11.500  17.000  8.6962e-02
11.500  17.250  1.1183e-01
11.500  17.500  1.5370e-01
11.500  17.750  2.0835e-01
11.500  18.000  2.6512e-01
11.500  18.250  3.1767e-01
11.500  18.500  3.6542e-01
11.500  18.750  4.0880e-01
11.500  19.000  4.4435e-01
11.500  19.250  4.7131e-01
11.500  19.500  4.8812e-01
11.500  19.750  4.9782e-01
11.500  20.000  5.0088e-01
11.500  20.250  4.9857e-01
11.500  20.500  4.9431e-01
11.500  20.750  4.0777e-01
11.500  21.000  2.5842e-01
11.500  21.250  1.5950e-01
11.500  21.500  1.0276e-01
11.500  21.750  6.6017e-02
11.500  22.000  4.4593e-02
11.500  22.250  3.3253e-02
11.500  22.500  2.8022e-02
11.500  22.750  2.5241e-02
11.500  23.000  2.3698e-02
11.500  23.250  2.3053e-02
11.500  23.500  2.2722e-02
11.500  23.750  2.2536e-02
11.500  24.000  2.2458e-02
11.750  17.000  8.1999e-02
11.750  17.250  1.0673e-01
11.750  17.500  1.4779e-01
11.750  17.750  2.0134e-01
11.750  18.000  2.5777e-01
11.750  18.250  3.1187e-01
11.750  18.500  3.6348e-01
11.750  18.750  4.1073e-01
11.750  19.000  4.5173e-01
11.750  19.250  4.8298e-01
11.750  19.500  5.0451e-01
11.750  19.750  5.1676e-01
11.750  20.000  5.2347e-01
11.750  20.250  5.2464e-01
11.750  20.500  5.2182e-01
11.750  20.750  5.1356e-01
11.750  21.000  4.0412e-01
11.750  21.250  2.5905e-01
11.750  21.500  1.6048e-01
11.750  21.750  1.0360e-01
11.750  22.000  6.5337e-02
11.750  22.250  4.4368e-02
11.750  22.500  3.3252e-02
11.750  22.750  2.8029e-02
11.750  23.000  2.5243e-02
11.750  23.250  2.3696e-02
11.750  23.500  2.3062e-02
11.750  23.750  2.2722e-02
11.750  24.000  2.2536e-02
12.000  17.000  7.7105e-02
12.000  17.250  1.0087e-01
12.000  17.500  1.3945e-01
12.000  17.750  1.9065e-01
12.000  18.000  2.4663e-01
12.000  18.250  3.0297e-01
12.000  18.500  3.5877e-01
12.000  18.750  4.1131e-01
12.000  19.000  4.5715e-01
12.000  19.250  4.9369e-01
12.000  19.500  5.1927e-01
12.000  19.750  5.3539e-01
12.000  20.000  5.4435e-01
12.000  20.250  5.4915e-01
12.000  20.500  5.5002e-01
12.000  20.750  5.4869e-01
12.000  21.000  5.4048e-01
12.000  21.250  4.0367e-01
12.000  21.500  2.6049e-01
12.000  21.750  1.6238e-01
12.000  22.000  1.0321e-01
12.000  22.250  6.4718e-02
12.000  22.500  4.4086e-02
12.000  22.750  3.3240e-02
12.000  23.000  2.8037e-02
12.000  23.250  2.5246e-02
12.000  23.500  2.3694e-02
12.000  23.750  2.3052e-02
12.000  24.000  2.2722e-02
12.250  17.000  7.2035e-02
12.250  17.250  9.4152e-02
12.250  17.500  1.2891e-01
12.250  17.750  1.7666e-01
12.250  18.000  2.3234e-01
12.250  18.250  2.9207e-01
12.250  18.500  3.5297e-01
12.250  18.750  4.1083e-01
12.250  19.000  4.6156e-01
12.250  19.250  5.0290e-01
12.250  19.500  5.3361e-01
12.250  19.750  5.5374e-01
12.250  20.000  5.6564e-01
12.250  20.250  5.7270e-01
12.250  20.500  5.7765e-01
12.250  20.750  5.8111e-01
12.250  21.000  5.8540e-01
12.250  21.250  5.6109e-01
12.250  21.500  4.0401e-01
12.250  21.750  2.6254e-01
12.250  22.000  1.6463e-01
12.250  22.250  1.0175e-01
12.250  22.500  6.4018e-02
12.250  22.750  4.3757e-02
12.250  23.000  3.3210e-02
12.250  23.250  2.8044e-02
12.250  23.500  2.5248e-02
12.250  23.750  2.3692e-02
12.250  24.000  2.3051e-02
12.500  17.000  6.5921e-02
12.500  17.250  8.6307e-02
12.500  17.500  1.1733e-01
12.500  17.750  1.6093e-01
12.500  18.000  2.1573e-01
12.500  18.250  2.7788e-01
12.500  18.500  3.4383e-01
12.500  18.750  4.0781e-01
12.500  19.000  4.6431e-01
12.500  19.250  5.1037e-01
12.500  19.500  5.4600e-01
12.500  19.750  5.7153e-01
12.500  20.000  5.8796e-01
12.500  20.250  5.9786e-01
12.500  20.500  6.0459e-01
12.500  20.750  6.1256e-01
12.500  21.000  6.2430e-01
12.500  21.250  6.3519e-01
12.500  21.500  5.8136e-01
12.500  21.750  4.1004e-01
12.500  22.000  2.6617e-01
12.500  22.250  1.6613e-01
12.500  22.500  1.0022e-01
12.500  22.750  6.3256e-02
12.500  23.000  4.3392e-02
12.500  23.250  3.3163e-02
12.500  23.500  2.8048e-02
12.500  23.750  2.5250e-02
12.500  24.000  2.3690e-02
12.750  17.000  5.7621e-02
12.750  17.250  7.6748e-02
12.750  17.500  1.0516e-01
12.750  17.750  1.4579e-01
12.750  18.000  1.9831e-01
12.750  18.250  2.6056e-01
12.750  18.500  3.2906e-01
12.750  18.750  3.9917e-01
12.750  19.000  4.6226e-01
12.750  19.250  5.1609e-01
12.750  19.500  5.5599e-01
12.750  19.750  5.8674e-01
12.750  20.000  6.0804e-01
12.750  20.250  6.2281e-01
12.750  20.500  6.3342e-01
12.750  20.750  6.4288e-01
12.750  21.000  6.5829e-01
12.750  21.250  6.8068e-01
12.750  21.500  6.8222e-01
12.750  21.750  6.0887e-01
12.750  22.000  4.2099e-01
12.750  22.250  2.7014e-01
12.750  22.500  1.6647e-01
12.750  22.750  9.8778e-02
12.750  23.000  6.2412e-02
12.750  23.250  4.3032e-02
12.750  23.500  3.3115e-02
12.750  23.750  2.8045e-02
12.750  24.000  2.5250e-02
13.000  17.000  4.6944e-02
13.000  17.250  6.5052e-02
13.000  17.500  9.3419e-02
13.000  17.750  1.3085e-01
13.000  18.000  1.8041e-01
13.000  18.250  2.4116e-01
13.000  18.500  3.1016e-01
13.000  18.750  3.8276e-01
13.000  19.000  4.5198e-01
13.000  19.250  5.1212e-01
13.000  19.500  5.5982e-01
13.000  19.750  5.9661e-01
13.000  20.000  6.2421e-01
13.000  20.250  6.4476e-01
13.000  20.500  6.6170e-01
13.000  20.750  6.7555e-01
13.000  21.000  6.9538e-01
13.000  21.250  7.2198e-01
13.000  21.500  7.3299e-01
13.000  21.750  7.5767e-01
13.000  22.000  6.4708e-01
13.000  22.250  4.3154e-01
13.000  22.500  2.7173e-01
13.000  22.750  1.6491e-01
13.000  23.000  9.7166e-02
13.000  23.250  6.1575e-02
13.000  23.500  4.2664e-02
13.000  23.750  3.3036e-02
13.000  24.000  2.8030e-02
13.250  17.000  4.0635e-02
13.250  17.250  5.5882e-02
13.250  17.500  8.0391e-02
13.250  17.750  1.1577e-01
13.250  18.000  1.6286e-01
13.250  18.250  2.2111e-01
13.250  18.500  2.8876e-01
13.250  18.750  3.6170e-01
13.250  19.000  4.3427e-01
13.250  19.250  4.9938e-01
13.250  19.500  5.5415e-01
13.250  19.750  5.9894e-01
13.250  20.000  6.3430e-01
13.250  20.250  6.6198e-01
13.250  20.500  6.8407e-01
13.250  20.750  7.0486e-01
13.250  21.000  7.2579e-01
13.250  21.250  7.5476e-01
13.250  21.500  7.7146e-01
13.250  21.750  8.1583e-01
13.250  22.000  8.3096e-01
13.250  22.250  6.7455e-01
13.250  22.500  4.3784e-01
13.250  22.750  2.6992e-01
13.250  23.000  1.6229e-01
13.250  23.250  9.5709e-02
13.250  23.500  6.0798e-02
13.250  23.750  4.2319e-02
13.250  24.000  3.2927e-02
13.500  17.000  3.5252e-02
13.500  17.250  4.8296e-02
13.500  17.500  6.9805e-02
13.500  17.750  1.0187e-01
13.500  18.000  1.4546e-01
13.500  18.250  2.0118e-01
13.500  18.500  2.6670e-01
13.500  18.750  3.3879e-01
13.500  19.000  4.1252e-01
13.500  19.250  4.8196e-01
13.500  19.500  5.4161e-01
13.500  19.750  5.9139e-01
13.500  20.000  6.3506e-01
13.500  20.250  6.7158e-01
13.500  20.500  7.0095e-01
13.500  20.750  7.2516e-01
13.500  21.000  7.4659e-01
13.500  21.250  7.7878e-01
13.500  21.500  7.9359e-01
13.500  21.750  8.2829e-01
13.500  22.000  8.7416e-01
13.500  22.250  8.9535e-01
13.500  22.500  6.9228e-01
13.500  22.750  4.3633e-01
13.500  23.000  2.6385e-01
13.500  23.250  1.5883e-01
13.500  23.500  9.4144e-02
13.500  23.750  5.9741e-02
13.500  24.000  4.1979e-02
13.750  17.000  3.0685e-02
13.750  17.250  4.1821e-02
13.750  17.500  6.0520e-02
13.750  17.750  8.8580e-02
13.750  18.000  1.2923e-01
13.750  18.250  1.8151e-01
13.750  18.500  2.4476e-01
13.750  18.750  3.1561e-01
13.750  19.000  3.8985e-01
13.750  19.250  4.6244e-01
13.750  19.500  5.2799e-01
13.750  19.750  5.8404e-01
13.750  20.000  6.3209e-01
13.750  20.250  6.7511e-01
13.750  20.500  7.1260e-01
13.750  20.750  7.4337e-01
13.750  21.000  7.6839e-01
13.750  21.250  7.9307e-01
13.750  21.500  8.0675e-01
13.750  21.750  8.4168e-01
13.750  22.000  8.9230e-01
13.750  22.250  9.4834e-01
13.750  22.500  9.5455e-01
13.750  22.750  6.9996e-01
13.750  23.000  4.2890e-01
13.750  23.250  2.5806e-01
13.750  23.500  1.5495e-01
13.750  23.750  9.2331e-02
13.750  24.000  5.8916e-02
14.000  17.000  2.6848e-02
14.000  17.250  3.6317e-02
14.000  17.500  5.2007e-02
14.000  17.750  7.7169e-02
14.000  18.000  1.1376e-01
14.000  18.250  1.6343e-01
14.000  18.500  2.2386e-01
14.000  18.750  2.9311e-01
14.000  19.000  3.6690e-01
14.000  19.250  4.4196e-01
14.000  19.500  5.1341e-01
14.000  19.750  5.7675e-01
14.000  20.000  6.3047e-01
14.000  20.250  6.7726e-01
14.000  20.500  7.2003e-01
14.000  20.750  7.5732e-01
14.000  21.000  7.8897e-01
14.000  21.250  8.1773e-01
14.000  21.500  8.2943e-01
14.000  21.750  8.6271e-01
14.000  22.000  9.1090e-01
14.000  22.250  9.6956e-01
14.000  22.500  1.0217e+00
14.000  22.750  1.0168e+00
14.000  23.000  6.9754e-01
14.000  23.250  4.2015e-01
14.000  23.500  2.5211e-01
14.000  23.750  1.5142e-01
14.000  24.000  9.0534e-02
