nInu 1410.00A  relative to Inci 1215.00A scaled to 1215A.
Hden   Phi(H)  Eq_Width (A)
7.000  17.000  9.9021e-01
7.000  17.250  9.9291e-01
7.000  17.500  9.9291e-01
7.000  17.750  9.9291e-01
7.000  18.000  9.9291e-01
7.000  18.250  9.9291e-01
7.000  18.500  9.9291e-01
7.000  18.750  9.9291e-01
7.000  19.000  9.9291e-01
7.000  19.250  9.9291e-01
7.000  19.500  9.9292e-01
7.000  19.750  9.9291e-01
7.000  20.000  9.9291e-01
7.000  20.250  9.9292e-01
7.000  20.500  9.9291e-01
7.000  20.750  9.9291e-01
7.000  21.000  9.9291e-01
7.000  21.250  9.9291e-01
7.000  21.500  9.9291e-01
7.000  21.750  9.9291e-01
7.000  22.000  9.9291e-01
7.000  22.250  9.9291e-01
7.000  22.500  9.9291e-01
7.000  22.750  9.9291e-01
7.000  23.000  9.9291e-01
7.000  23.250  9.9291e-01
7.000  23.500  9.9291e-01
7.000  23.750  9.9292e-01
7.000  24.000  9.9291e-01
7.250  17.000  9.8799e-01
7.250  17.250  9.9019e-01
7.250  17.500  9.9291e-01
7.250  17.750  9.9291e-01
7.250  18.000  9.9291e-01
7.250  18.250  9.9291e-01
7.250  18.500  9.9291e-01
7.250  18.750  9.9291e-01
7.250  19.000  9.9291e-01
7.250  19.250  9.9291e-01
7.250  19.500  9.9291e-01
7.250  19.750  9.9292e-01
7.250  20.000  9.9291e-01
7.250  20.250  9.9292e-01
7.250  20.500  9.9292e-01
7.250  20.750  9.9291e-01
7.250  21.000  9.9292e-01
7.250  21.250  9.9291e-01
7.250  21.500  9.9291e-01
7.250  21.750  9.9291e-01
7.250  22.000  9.9291e-01
7.250  22.250  9.9291e-01
7.250  22.500  9.9291e-01
7.250  22.750  9.9291e-01
7.250  23.000  9.9291e-01
7.250  23.250  9.9291e-01
7.250  23.500  9.9292e-01
7.250  23.750  9.9291e-01
7.250  24.000  9.9292e-01
7.500  17.000  9.8876e-01
7.500  17.250  9.8795e-01
7.500  17.500  9.9028e-01
7.500  17.750  9.9291e-01
7.500  18.000  9.9291e-01
7.500  18.250  9.9291e-01
7.500  18.500  9.9291e-01
7.500  18.750  9.9291e-01
7.500  19.000  9.9291e-01
7.500  19.250  9.9291e-01
7.500  19.500  9.9291e-01
7.500  19.750  9.9291e-01
7.500  20.000  9.9291e-01
7.500  20.250  9.9291e-01
7.500  20.500  9.9291e-01
7.500  20.750  9.9291e-01
7.500  21.000  9.9291e-01
7.500  21.250  9.9291e-01
7.500  21.500  9.9292e-01
7.500  21.750  9.9292e-01
7.500  22.000  9.9291e-01
7.500  22.250  9.9292e-01
7.500  22.500  9.9291e-01
7.500  22.750  9.9292e-01
7.500  23.000  9.9291e-01
7.500  23.250  9.9292e-01
7.500  23.500  9.9291e-01
7.500  23.750  9.9291e-01
7.500  24.000  9.9291e-01
7.750  17.000  9.8953e-01
7.750  17.250  9.8868e-01
7.750  17.500  9.8788e-01
7.750  17.750  9.9030e-01
7.750  18.000  9.9291e-01
7.750  18.250  9.9291e-01
7.750  18.500  9.9291e-01
7.750  18.750  9.9292e-01
7.750  19.000  9.9291e-01
7.750  19.250  9.9291e-01
7.750  19.500  9.9291e-01
7.750  19.750  9.9291e-01
7.750  20.000  9.9291e-01
7.750  20.250  9.9291e-01
7.750  20.500  9.9291e-01
7.750  20.750  9.9291e-01
7.750  21.000  9.9291e-01
7.750  21.250  9.9292e-01
7.750  21.500  9.9291e-01
7.750  21.750  9.9292e-01
7.750  22.000  9.9291e-01
7.750  22.250  9.9291e-01
7.750  22.500  9.9291e-01
7.750  22.750  9.9291e-01
7.750  23.000  9.9292e-01
7.750  23.250  9.9291e-01
7.750  23.500  9.9292e-01
7.750  23.750  9.9291e-01
7.750  24.000  9.9291e-01
8.000  17.000  9.9032e-01
8.000  17.250  9.8943e-01
8.000  17.500  9.8859e-01
8.000  17.750  9.8787e-01
8.000  18.000  9.9029e-01
8.000  18.250  9.9291e-01
8.000  18.500  9.9291e-01
8.000  18.750  9.9291e-01
8.000  19.000  9.9291e-01
8.000  19.250  9.9291e-01
8.000  19.500  9.9291e-01
8.000  19.750  9.9291e-01
8.000  20.000  9.9292e-01
8.000  20.250  9.9291e-01
8.000  20.500  9.9291e-01
8.000  20.750  9.9291e-01
8.000  21.000  9.9291e-01
8.000  21.250  9.9291e-01
8.000  21.500  9.9291e-01
8.000  21.750  9.9291e-01
8.000  22.000  9.9291e-01
8.000  22.250  9.9291e-01
8.000  22.500  9.9291e-01
8.000  22.750  9.9291e-01
8.000  23.000  9.9291e-01
8.000  23.250  9.9291e-01
8.000  23.500  9.9291e-01
8.000  23.750  9.9291e-01
8.000  24.000  9.9291e-01
8.250  17.000  9.9093e-01
8.250  17.250  9.9012e-01
8.250  17.500  9.8918e-01
8.250  17.750  9.8834e-01
8.250  18.000  9.8768e-01
8.250  18.250  9.9031e-01
8.250  18.500  9.9291e-01
8.250  18.750  9.9291e-01
8.250  19.000  9.9291e-01
8.250  19.250  9.9291e-01
8.250  19.500  9.9291e-01
8.250  19.750  9.9291e-01
8.250  20.000  9.9291e-01
8.250  20.250  9.9291e-01
8.250  20.500  9.9291e-01
8.250  20.750  9.9291e-01
8.250  21.000  9.9291e-01
8.250  21.250  9.9291e-01
8.250  21.500  9.9292e-01
8.250  21.750  9.9292e-01
8.250  22.000  9.9291e-01
8.250  22.250  9.9291e-01
8.250  22.500  9.9291e-01
8.250  22.750  9.9291e-01
8.250  23.000  9.9291e-01
8.250  23.250  9.9292e-01
8.250  23.500  9.9291e-01
8.250  23.750  9.9291e-01
8.250  24.000  9.9291e-01
8.500  17.000  9.9135e-01
8.500  17.250  9.9067e-01
8.500  17.500  9.8977e-01
8.500  17.750  9.8876e-01
8.500  18.000  9.8788e-01
8.500  18.250  9.8735e-01
8.500  18.500  9.9033e-01
8.500  18.750  9.9291e-01
8.500  19.000  9.9291e-01
8.500  19.250  9.9291e-01
8.500  19.500  9.9291e-01
8.500  19.750  9.9291e-01
8.500  20.000  9.9291e-01
8.500  20.250  9.9291e-01
8.500  20.500  9.9291e-01
8.500  20.750  9.9291e-01
8.500  21.000  9.9291e-01
8.500  21.250  9.9291e-01
8.500  21.500  9.9291e-01
8.500  21.750  9.9291e-01
8.500  22.000  9.9291e-01
8.500  22.250  9.9291e-01
8.500  22.500  9.9291e-01
8.500  22.750  9.9291e-01
8.500  23.000  9.9291e-01
8.500  23.250  9.9291e-01
8.500  23.500  9.9291e-01
8.500  23.750  9.9291e-01
8.500  24.000  9.9291e-01
8.750  17.000  9.9161e-01
8.750  17.250  9.9102e-01
8.750  17.500  9.9020e-01
8.750  17.750  9.8912e-01
8.750  18.000  9.8792e-01
8.750  18.250  9.8704e-01
8.750  18.500  9.8680e-01
8.750  18.750  9.9035e-01
8.750  19.000  9.9290e-01
8.750  19.250  9.9291e-01
8.750  19.500  9.9291e-01
8.750  19.750  9.9291e-01
8.750  20.000  9.9291e-01
8.750  20.250  9.9291e-01
8.750  20.500  9.9291e-01
8.750  20.750  9.9291e-01
8.750  21.000  9.9291e-01
8.750  21.250  9.9291e-01
8.750  21.500  9.9291e-01
8.750  21.750  9.9291e-01
8.750  22.000  9.9292e-01
8.750  22.250  9.9291e-01
8.750  22.500  9.9291e-01
8.750  22.750  9.9291e-01
8.750  23.000  9.9291e-01
8.750  23.250  9.9291e-01
8.750  23.500  9.9291e-01
8.750  23.750  9.9291e-01
8.750  24.000  9.9291e-01
9.000  17.000  9.9172e-01
9.000  17.250  9.9120e-01
9.000  17.500  9.9042e-01
9.000  17.750  9.8931e-01
9.000  18.000  9.8789e-01
9.000  18.250  9.8645e-01
9.000  18.500  9.8563e-01
9.000  18.750  9.8640e-01
9.000  19.000  9.9039e-01
9.000  19.250  9.9290e-01
9.000  19.500  9.9291e-01
9.000  19.750  9.9291e-01
9.000  20.000  9.9291e-01
9.000  20.250  9.9291e-01
9.000  20.500  9.9291e-01
9.000  20.750  9.9291e-01
9.000  21.000  9.9291e-01
9.000  21.250  9.9291e-01
9.000  21.500  9.9291e-01
9.000  21.750  9.9292e-01
9.000  22.000  9.9291e-01
9.000  22.250  9.9291e-01
9.000  22.500  9.9291e-01
9.000  22.750  9.9291e-01
9.000  23.000  9.9291e-01
9.000  23.250  9.9292e-01
9.000  23.500  9.9291e-01
9.000  23.750  9.9291e-01
9.000  24.000  9.9291e-01
9.250  17.000  9.9174e-01
9.250  17.250  9.9124e-01
9.250  17.500  9.9046e-01
9.250  17.750  9.8932e-01
9.250  18.000  9.8771e-01
9.250  18.250  9.8587e-01
9.250  18.500  9.8431e-01
9.250  18.750  9.8368e-01
9.250  19.000  9.8683e-01
9.250  19.250  9.9046e-01
9.250  19.500  9.9288e-01
9.250  19.750  9.9291e-01
9.250  20.000  9.9291e-01
9.250  20.250  9.9291e-01
9.250  20.500  9.9291e-01
9.250  20.750  9.9291e-01
9.250  21.000  9.9291e-01
9.250  21.250  9.9292e-01
9.250  21.500  9.9291e-01
9.250  21.750  9.9291e-01
9.250  22.000  9.9291e-01
9.250  22.250  9.9291e-01
9.250  22.500  9.9291e-01
9.250  22.750  9.9291e-01
9.250  23.000  9.9292e-01
9.250  23.250  9.9291e-01
9.250  23.500  9.9291e-01
9.250  23.750  9.9291e-01
9.250  24.000  9.9291e-01
9.500  17.000  9.9171e-01
9.500  17.250  9.9119e-01
9.500  17.500  9.9038e-01
9.500  17.750  9.8916e-01
9.500  18.000  9.8741e-01
9.500  18.250  9.8525e-01
9.500  18.500  9.8296e-01
9.500  18.750  9.8149e-01
9.500  19.000  9.8145e-01
9.500  19.250  9.8678e-01
9.500  19.500  9.9048e-01
9.500  19.750  9.9286e-01
9.500  20.000  9.9291e-01
9.500  20.250  9.9291e-01
9.500  20.500  9.9291e-01
9.500  20.750  9.9291e-01
9.500  21.000  9.9291e-01
9.500  21.250  9.9291e-01
9.500  21.500  9.9291e-01
9.500  21.750  9.9291e-01
9.500  22.000  9.9291e-01
9.500  22.250  9.9291e-01
9.500  22.500  9.9291e-01
9.500  22.750  9.9291e-01
9.500  23.000  9.9291e-01
9.500  23.250  9.9291e-01
9.500  23.500  9.9291e-01
9.500  23.750  9.9291e-01
9.500  24.000  9.9291e-01
9.750  17.000  9.9165e-01
9.750  17.250  9.9110e-01
9.750  17.500  9.9024e-01
9.750  17.750  9.8891e-01
9.750  18.000  9.8701e-01
9.750  18.250  9.8438e-01
9.750  18.500  9.8129e-01
9.750  18.750  9.7844e-01
9.750  19.000  9.7773e-01
9.750  19.250  9.8008e-01
9.750  19.500  9.8683e-01
9.750  19.750  9.9032e-01
9.750  20.000  9.9283e-01
9.750  20.250  9.9290e-01
9.750  20.500  9.9291e-01
9.750  20.750  9.9291e-01
9.750  21.000  9.9291e-01
9.750  21.250  9.9291e-01
9.750  21.500  9.9291e-01
9.750  21.750  9.9291e-01
9.750  22.000  9.9291e-01
9.750  22.250  9.9291e-01
9.750  22.500  9.9291e-01
9.750  22.750  9.9291e-01
9.750  23.000  9.9291e-01
9.750  23.250  9.9291e-01
9.750  23.500  9.9291e-01
9.750  23.750  9.9291e-01
9.750  24.000  9.9291e-01
10.000  17.000  9.9157e-01
10.000  17.250  9.9099e-01
10.000  17.500  9.9008e-01
10.000  17.750  9.8863e-01
10.000  18.000  9.8645e-01
10.000  18.250  9.8327e-01
10.000  18.500  9.7922e-01
10.000  18.750  9.7497e-01
10.000  19.000  9.7225e-01
10.000  19.250  9.7423e-01
10.000  19.500  9.8175e-01
10.000  19.750  9.8723e-01
10.000  20.000  9.9031e-01
10.000  20.250  9.9277e-01
10.000  20.500  9.9289e-01
10.000  20.750  9.9291e-01
10.000  21.000  9.9291e-01
10.000  21.250  9.9291e-01
10.000  21.500  9.9291e-01
10.000  21.750  9.9291e-01
10.000  22.000  9.9291e-01
10.000  22.250  9.9291e-01
10.000  22.500  9.9291e-01
10.000  22.750  9.9291e-01
10.000  23.000  9.9291e-01
10.000  23.250  9.9291e-01
10.000  23.500  9.9291e-01
10.000  23.750  9.9291e-01
10.000  24.000  9.9291e-01
10.250  17.000  9.9148e-01
10.250  17.250  9.9088e-01
10.250  17.500  9.8991e-01
10.250  17.750  9.8832e-01
10.250  18.000  9.8574e-01
10.250  18.250  9.8195e-01
10.250  18.500  9.7700e-01
10.250  18.750  9.7131e-01
10.250  19.000  9.6606e-01
10.250  19.250  9.6555e-01
10.250  19.500  9.7339e-01
10.250  19.750  9.8435e-01
10.250  20.000  9.8745e-01
10.250  20.250  9.9039e-01
10.250  20.500  9.9271e-01
10.250  20.750  9.9287e-01
10.250  21.000  9.9291e-01
10.250  21.250  9.9291e-01
10.250  21.500  9.9291e-01
10.250  21.750  9.9292e-01
10.250  22.000  9.9291e-01
10.250  22.250  9.9291e-01
10.250  22.500  9.9291e-01
10.250  22.750  9.9291e-01
10.250  23.000  9.9291e-01
10.250  23.250  9.9291e-01
10.250  23.500  9.9291e-01
10.250  23.750  9.9291e-01
10.250  24.000  9.9291e-01
10.500  17.000  9.9133e-01
10.500  17.250  9.9073e-01
10.500  17.500  9.8969e-01
10.500  17.750  9.8792e-01
10.500  18.000  9.8491e-01
10.500  18.250  9.8042e-01
10.500  18.500  9.7473e-01
10.500  18.750  9.6861e-01
10.500  19.000  9.6461e-01
10.500  19.250  9.6393e-01
10.500  19.500  9.6683e-01
10.500  19.750  9.6937e-01
10.500  20.000  9.8418e-01
10.500  20.250  9.8784e-01
10.500  20.500  9.9039e-01
10.500  20.750  9.9261e-01
10.500  21.000  9.9284e-01
10.500  21.250  9.9290e-01
10.500  21.500  9.9291e-01
10.500  21.750  9.9291e-01
10.500  22.000  9.9291e-01
10.500  22.250  9.9291e-01
10.500  22.500  9.9291e-01
10.500  22.750  9.9291e-01
10.500  23.000  9.9291e-01
10.500  23.250  9.9291e-01
10.500  23.500  9.9291e-01
10.500  23.750  9.9291e-01
10.500  24.000  9.9291e-01
10.750  17.000  9.9107e-01
10.750  17.250  9.9049e-01
10.750  17.500  9.8938e-01
10.750  17.750  9.8728e-01
10.750  18.000  9.8382e-01
10.750  18.250  9.7894e-01
10.750  18.500  9.7300e-01
10.750  18.750  9.6760e-01
10.750  19.000  9.6484e-01
10.750  19.250  9.6391e-01
10.750  19.500  9.6455e-01
10.750  19.750  9.6646e-01
10.750  20.000  9.7399e-01
10.750  20.250  9.8437e-01
10.750  20.500  9.8799e-01
10.750  20.750  9.9065e-01
10.750  21.000  9.9252e-01
10.750  21.250  9.9281e-01
10.750  21.500  9.9289e-01
10.750  21.750  9.9291e-01
10.750  22.000  9.9291e-01
10.750  22.250  9.9291e-01
10.750  22.500  9.9291e-01
10.750  22.750  9.9291e-01
10.750  23.000  9.9291e-01
10.750  23.250  9.9291e-01
10.750  23.500  9.9291e-01
10.750  23.750  9.9291e-01
10.750  24.000  9.9291e-01
11.000  17.000  9.9059e-01
11.000  17.250  9.9009e-01
11.000  17.500  9.8880e-01
11.000  17.750  9.8634e-01
11.000  18.000  9.8240e-01
11.000  18.250  9.7710e-01
11.000  18.500  9.7112e-01
11.000  18.750  9.6678e-01
11.000  19.000  9.6475e-01
11.000  19.250  9.6354e-01
11.000  19.500  9.6352e-01
11.000  19.750  9.6378e-01
11.000  20.000  9.6652e-01
11.000  20.250  9.7762e-01
11.000  20.500  9.8559e-01
11.000  20.750  9.8817e-01
11.000  21.000  9.9071e-01
11.000  21.250  9.9245e-01
11.000  21.500  9.9277e-01
11.000  21.750  9.9288e-01
11.000  22.000  9.9290e-01
11.000  22.250  9.9291e-01
11.000  22.500  9.9291e-01
11.000  22.750  9.9291e-01
11.000  23.000  9.9291e-01
11.000  23.250  9.9291e-01
11.000  23.500  9.9291e-01
11.000  23.750  9.9291e-01
11.000  24.000  9.9291e-01
11.250  17.000  9.8996e-01
11.250  17.250  9.8939e-01
11.250  17.500  9.8785e-01
11.250  17.750  9.8489e-01
11.250  18.000  9.8027e-01
11.250  18.250  9.7433e-01
11.250  18.500  9.6876e-01
11.250  18.750  9.6542e-01
11.250  19.000  9.6410e-01
11.250  19.250  9.6334e-01
11.250  19.500  9.6286e-01
11.250  19.750  9.6238e-01
11.250  20.000  9.6205e-01
11.250  20.250  9.6438e-01
11.250  20.500  9.7529e-01
11.250  20.750  9.8541e-01
11.250  21.000  9.8849e-01
11.250  21.250  9.9072e-01
11.250  21.500  9.9226e-01
11.250  21.750  9.9272e-01
11.250  22.000  9.9286e-01
11.250  22.250  9.9289e-01
11.250  22.500  9.9291e-01
11.250  22.750  9.9291e-01
11.250  23.000  9.9291e-01
11.250  23.250  9.9291e-01
11.250  23.500  9.9291e-01
11.250  23.750  9.9291e-01
11.250  24.000  9.9291e-01
11.500  17.000  9.8934e-01
11.500  17.250  9.8836e-01
11.500  17.500  9.8636e-01
11.500  17.750  9.8262e-01
11.500  18.000  9.7687e-01
11.500  18.250  9.7023e-01
11.500  18.500  9.6556e-01
11.500  18.750  9.6309e-01
11.500  19.000  9.6256e-01
11.500  19.250  9.6261e-01
11.500  19.500  9.6217e-01
11.500  19.750  9.6170e-01
11.500  20.000  9.6068e-01
11.500  20.250  9.5963e-01
11.500  20.500  9.6110e-01
11.500  20.750  9.7610e-01
11.500  21.000  9.8502e-01
11.500  21.250  9.8841e-01
11.500  21.500  9.9062e-01
11.500  21.750  9.9215e-01
11.500  22.000  9.9266e-01
11.500  22.250  9.9284e-01
11.500  22.500  9.9288e-01
11.500  22.750  9.9290e-01
11.500  23.000  9.9291e-01
11.500  23.250  9.9291e-01
11.500  23.500  9.9291e-01
11.500  23.750  9.9291e-01
11.500  24.000  9.9291e-01
11.750  17.000  9.8874e-01
11.750  17.250  9.8706e-01
11.750  17.500  9.8413e-01
11.750  17.750  9.7896e-01
11.750  18.000  9.7152e-01
11.750  18.250  9.6488e-01
11.750  18.500  9.6088e-01
11.750  18.750  9.5987e-01
11.750  19.000  9.6012e-01
11.750  19.250  9.6067e-01
11.750  19.500  9.6110e-01
11.750  19.750  9.6093e-01
11.750  20.000  9.6001e-01
11.750  20.250  9.5846e-01
11.750  20.500  9.5655e-01
11.750  20.750  9.5362e-01
11.750  21.000  9.7422e-01
11.750  21.250  9.8509e-01
11.750  21.500  9.8844e-01
11.750  21.750  9.9042e-01
11.750  22.000  9.9191e-01
11.750  22.250  9.9259e-01
11.750  22.500  9.9281e-01
11.750  22.750  9.9287e-01
11.750  23.000  9.9290e-01
11.750  23.250  9.9291e-01
11.750  23.500  9.9291e-01
11.750  23.750  9.9291e-01
11.750  24.000  9.9291e-01
12.000  17.000  9.8783e-01
12.000  17.250  9.8522e-01
12.000  17.500  9.8063e-01
12.000  17.750  9.7309e-01
12.000  18.000  9.6411e-01
12.000  18.250  9.5781e-01
12.000  18.500  9.5523e-01
12.000  18.750  9.5534e-01
12.000  19.000  9.5637e-01
12.000  19.250  9.5768e-01
12.000  19.500  9.5894e-01
12.000  19.750  9.5954e-01
12.000  20.000  9.5942e-01
12.000  20.250  9.5816e-01
12.000  20.500  9.5587e-01
12.000  20.750  9.5313e-01
12.000  21.000  9.5313e-01
12.000  21.250  9.7354e-01
12.000  21.500  9.8502e-01
12.000  21.750  9.8834e-01
12.000  22.000  9.9042e-01
12.000  22.250  9.9183e-01
12.000  22.500  9.9248e-01
12.000  22.750  9.9278e-01
12.000  23.000  9.9286e-01
12.000  23.250  9.9290e-01
12.000  23.500  9.9291e-01
12.000  23.750  9.9291e-01
12.000  24.000  9.9291e-01
12.250  17.000  9.8527e-01
12.250  17.250  9.8140e-01
12.250  17.500  9.7430e-01
12.250  17.750  9.6377e-01
12.250  18.000  9.5407e-01
12.250  18.250  9.4868e-01
12.250  18.500  9.4814e-01
12.250  18.750  9.4931e-01
12.250  19.000  9.5115e-01
12.250  19.250  9.5347e-01
12.250  19.500  9.5554e-01
12.250  19.750  9.5716e-01
12.250  20.000  9.5793e-01
12.250  20.250  9.5764e-01
12.250  20.500  9.5590e-01
12.250  20.750  9.5287e-01
12.250  21.000  9.4971e-01
12.250  21.250  9.5161e-01
12.250  21.500  9.7189e-01
12.250  21.750  9.8467e-01
12.250  22.000  9.8808e-01
12.250  22.250  9.9035e-01
12.250  22.500  9.9163e-01
12.250  22.750  9.9235e-01
12.250  23.000  9.9272e-01
12.250  23.250  9.9284e-01
12.250  23.500  9.9289e-01
12.250  23.750  9.9291e-01
12.250  24.000  9.9291e-01
12.500  17.000  9.7777e-01
12.500  17.250  9.7194e-01
12.500  17.500  9.6203e-01
12.500  17.750  9.4964e-01
12.500  18.000  9.4015e-01
12.500  18.250  9.3852e-01
12.500  18.500  9.3944e-01
12.500  18.750  9.4167e-01
12.500  19.000  9.4456e-01
12.500  19.250  9.4775e-01
12.500  19.500  9.5095e-01
12.500  19.750  9.5357e-01
12.500  20.000  9.5539e-01
12.500  20.250  9.5610e-01
12.500  20.500  9.5556e-01
12.500  20.750  9.5343e-01
12.500  21.000  9.4960e-01
12.500  21.250  9.4613e-01
12.500  21.500  9.4824e-01
12.500  21.750  9.7216e-01
12.500  22.000  9.8494e-01
12.500  22.250  9.8769e-01
12.500  22.500  9.9025e-01
12.500  22.750  9.9152e-01
12.500  23.000  9.9227e-01
12.500  23.250  9.9266e-01
12.500  23.500  9.9281e-01
12.500  23.750  9.9288e-01
12.500  24.000  9.9290e-01
12.750  17.000  9.5807e-01
12.750  17.250  9.4893e-01
12.750  17.500  9.3907e-01
12.750  17.750  9.2978e-01
12.750  18.000  9.2642e-01
12.750  18.250  9.2657e-01
12.750  18.500  9.2875e-01
12.750  18.750  9.3185e-01
12.750  19.000  9.3597e-01
12.750  19.250  9.4010e-01
12.750  19.500  9.4453e-01
12.750  19.750  9.4835e-01
12.750  20.000  9.5139e-01
12.750  20.250  9.5331e-01
12.750  20.500  9.5393e-01
12.750  20.750  9.5301e-01
12.750  21.000  9.4998e-01
12.750  21.250  9.4549e-01
12.750  21.500  9.4241e-01
12.750  21.750  9.4788e-01
12.750  22.000  9.7332e-01
12.750  22.250  9.8485e-01
12.750  22.500  9.8725e-01
12.750  22.750  9.8999e-01
12.750  23.000  9.9135e-01
12.750  23.250  9.9213e-01
12.750  23.500  9.9257e-01
12.750  23.750  9.9278e-01
12.750  24.000  9.9286e-01
13.000  17.000  9.5691e-01
13.000  17.250  9.4001e-01
13.000  17.500  9.0436e-01
13.000  17.750  9.0272e-01
13.000  18.000  9.0729e-01
13.000  18.250  9.1036e-01
13.000  18.500  9.1464e-01
13.000  18.750  9.1969e-01
13.000  19.000  9.2505e-01
13.000  19.250  9.3068e-01
13.000  19.500  9.3631e-01
13.000  19.750  9.4152e-01
13.000  20.000  9.4580e-01
13.000  20.250  9.4897e-01
13.000  20.500  9.5077e-01
13.000  20.750  9.5117e-01
13.000  21.000  9.4939e-01
13.000  21.250  9.4552e-01
13.000  21.500  9.4051e-01
13.000  21.750  9.3889e-01
13.000  22.000  9.5074e-01
13.000  22.250  9.7457e-01
13.000  22.500  9.8432e-01
13.000  22.750  9.8719e-01
13.000  23.000  9.8993e-01
13.000  23.250  9.9121e-01
13.000  23.500  9.9202e-01
13.000  23.750  9.9249e-01
13.000  24.000  9.9274e-01
13.250  17.000  9.5941e-01
13.250  17.250  9.4895e-01
13.250  17.500  9.2499e-01
13.250  17.750  8.9908e-01
13.250  18.000  8.8147e-01
13.250  18.250  8.8795e-01
13.250  18.500  8.9420e-01
13.250  18.750  9.0191e-01
13.250  19.000  9.1087e-01
13.250  19.250  9.1887e-01
13.250  19.500  9.2583e-01
13.250  19.750  9.3257e-01
13.250  20.000  9.3827e-01
13.250  20.250  9.4288e-01
13.250  20.500  9.4611e-01
13.250  20.750  9.4749e-01
13.250  21.000  9.4713e-01
13.250  21.250  9.4401e-01
13.250  21.500  9.3908e-01
13.250  21.750  9.3255e-01
13.250  22.000  9.3483e-01
13.250  22.250  9.5501e-01
13.250  22.500  9.7540e-01
13.250  22.750  9.8388e-01
13.250  23.000  9.8718e-01
13.250  23.250  9.8977e-01
13.250  23.500  9.9114e-01
13.250  23.750  9.9196e-01
13.250  24.000  9.9244e-01
13.500  17.000  9.6376e-01
13.500  17.250  9.5384e-01
13.500  17.500  9.3226e-01
13.500  17.750  8.9669e-01
13.500  18.000  8.6996e-01
13.500  18.250  8.5832e-01
13.500  18.500  8.6802e-01
13.500  18.750  8.7803e-01
13.500  19.000  8.8997e-01
13.500  19.250  9.0137e-01
13.500  19.500  9.1264e-01
13.500  19.750  9.2127e-01
13.500  20.000  9.2854e-01
13.500  20.250  9.3464e-01
13.500  20.500  9.3936e-01
13.500  20.750  9.4214e-01
13.500  21.000  9.4270e-01
13.500  21.250  9.4069e-01
13.500  21.500  9.3605e-01
13.500  21.750  9.2726e-01
13.500  22.000  9.1822e-01
13.500  22.250  9.2970e-01
13.500  22.500  9.5800e-01
13.500  22.750  9.7568e-01
13.500  23.000  9.8385e-01
13.500  23.250  9.8704e-01
13.500  23.500  9.8966e-01
13.500  23.750  9.9101e-01
13.500  24.000  9.9183e-01
13.750  17.000  9.6972e-01
13.750  17.250  9.5709e-01
13.750  17.500  9.3793e-01
13.750  17.750  9.1165e-01
13.750  18.000  8.6153e-01
13.750  18.250  8.4231e-01
13.750  18.500  8.3634e-01
13.750  18.750  8.4839e-01
13.750  19.000  8.6258e-01
13.750  19.250  8.7838e-01
13.750  19.500  8.9349e-01
13.750  19.750  9.0610e-01
13.750  20.000  9.1635e-01
13.750  20.250  9.2408e-01
13.750  20.500  9.3032e-01
13.750  20.750  9.3445e-01
13.750  21.000  9.3651e-01
13.750  21.250  9.3530e-01
13.750  21.500  9.3121e-01
13.750  21.750  9.2073e-01
13.750  22.000  9.0478e-01
13.750  22.250  8.9373e-01
13.750  22.500  9.2582e-01
13.750  22.750  9.6025e-01
13.750  23.000  9.7677e-01
13.750  23.250  9.8357e-01
13.750  23.500  9.8700e-01
13.750  23.750  9.8941e-01
13.750  24.000  9.9079e-01
14.000  17.000  9.7544e-01
14.000  17.250  9.6450e-01
14.000  17.500  9.4423e-01
14.000  17.750  9.1917e-01
14.000  18.000  8.7906e-01
14.000  18.250  8.2414e-01
14.000  18.500  8.1088e-01
14.000  18.750  8.1308e-01
14.000  19.000  8.3101e-01
14.000  19.250  8.4945e-01
14.000  19.500  8.6772e-01
14.000  19.750  8.8558e-01
14.000  20.000  8.9948e-01
14.000  20.250  9.1060e-01
14.000  20.500  9.1890e-01
14.000  20.750  9.2475e-01
14.000  21.000  9.2801e-01
14.000  21.250  9.2777e-01
14.000  21.500  9.2408e-01
14.000  21.750  9.1311e-01
14.000  22.000  8.9170e-01
14.000  22.250  8.6358e-01
14.000  22.500  8.5938e-01
14.000  22.750  9.2635e-01
14.000  23.000  9.6099e-01
14.000  23.250  9.7590e-01
14.000  23.500  9.8255e-01
14.000  23.750  9.8645e-01
14.000  24.000  9.8894e-01
