H  1 9229.03A  relative to Inci 1215.00A scaled to 1215A.
Hden   Phi(H)  Eq_Width (A)
7.000  17.000  2.0082e-04
7.000  17.250  6.4691e-05
7.000  17.500  2.3786e-05
7.000  17.750  8.3951e-06
7.000  18.000  3.4568e-06
7.000  18.250  1.2346e-06
7.000  18.500  1.0000e-07
7.000  18.750  1.0000e-07
7.000  19.000  1.0000e-07
7.000  19.250  1.0000e-07
7.000  19.500  1.0000e-07
7.000  19.750  1.0000e-07
7.000  20.000  1.0000e-07
7.000  20.250  1.0000e-07
7.000  20.500  1.0000e-07
7.000  20.750  1.0000e-07
7.000  21.000  1.0000e-07
7.000  21.250  1.0000e-07
7.000  21.500  1.0000e-07
7.000  21.750  1.0000e-07
7.000  22.000  1.0000e-07
7.000  22.250  1.0000e-07
7.000  22.500  1.0000e-07
7.000  22.750  1.0000e-07
7.000  23.000  1.0000e-07
7.000  23.250  1.0000e-07
7.000  23.500  1.0000e-07
7.000  23.750  1.0000e-07
7.000  24.000  1.0000e-07
7.250  17.000  4.4148e-04
7.250  17.250  1.9992e-04
7.250  17.500  6.4444e-05
7.250  17.750  2.3621e-05
7.250  18.000  8.3128e-06
7.250  18.250  3.4568e-06
7.250  18.500  1.2346e-06
7.250  18.750  1.0000e-07
7.250  19.000  1.0000e-07
7.250  19.250  1.0000e-07
7.250  19.500  1.0000e-07
7.250  19.750  1.0000e-07
7.250  20.000  1.0000e-07
7.250  20.250  1.0000e-07
7.250  20.500  1.0000e-07
7.250  20.750  1.0000e-07
7.250  21.000  1.0000e-07
7.250  21.250  1.0000e-07
7.250  21.500  1.0000e-07
7.250  21.750  1.0000e-07
7.250  22.000  1.0000e-07
7.250  22.250  1.0000e-07
7.250  22.500  1.0000e-07
7.250  22.750  1.0000e-07
7.250  23.000  1.0000e-07
7.250  23.250  1.0000e-07
7.250  23.500  1.0000e-07
7.250  23.750  1.0000e-07
7.250  24.000  1.0000e-07
7.500  17.000  6.0263e-04
7.500  17.250  4.4905e-04
7.500  17.500  2.0033e-04
7.500  17.750  6.4198e-05
7.500  18.000  2.3374e-05
7.500  18.250  8.2305e-06
7.500  18.500  3.4568e-06
7.500  18.750  1.2346e-06
7.500  19.000  1.0000e-07
7.500  19.250  1.0000e-07
7.500  19.500  1.0000e-07
7.500  19.750  1.0000e-07
7.500  20.000  1.0000e-07
7.500  20.250  1.0000e-07
7.500  20.500  1.0000e-07
7.500  20.750  1.0000e-07
7.500  21.000  1.0000e-07
7.500  21.250  1.0000e-07
7.500  21.500  1.0000e-07
7.500  21.750  1.0000e-07
7.500  22.000  1.0000e-07
7.500  22.250  1.0000e-07
7.500  22.500  1.0000e-07
7.500  22.750  1.0000e-07
7.500  23.000  1.0000e-07
7.500  23.250  1.0000e-07
7.500  23.500  1.0000e-07
7.500  23.750  1.0000e-07
7.500  24.000  1.0000e-07
7.750  17.000  7.4601e-04
7.750  17.250  6.3514e-04
7.750  17.500  4.6206e-04
7.750  17.750  2.0280e-04
7.750  18.000  6.4033e-05
7.750  18.250  2.3128e-05
7.750  18.500  8.0658e-06
7.750  18.750  3.3745e-06
7.750  19.000  1.2346e-06
7.750  19.250  1.0000e-07
7.750  19.500  1.0000e-07
7.750  19.750  1.0000e-07
7.750  20.000  1.0000e-07
7.750  20.250  1.0000e-07
7.750  20.500  1.0000e-07
7.750  20.750  1.0000e-07
7.750  21.000  1.0000e-07
7.750  21.250  1.0000e-07
7.750  21.500  1.0000e-07
7.750  21.750  1.0000e-07
7.750  22.000  1.0000e-07
7.750  22.250  1.0000e-07
7.750  22.500  1.0000e-07
7.750  22.750  1.0000e-07
7.750  23.000  1.0000e-07
7.750  23.250  1.0000e-07
7.750  23.500  1.0000e-07
7.750  23.750  1.0000e-07
7.750  24.000  1.0000e-07
8.000  17.000  8.5309e-04
8.000  17.250  7.9934e-04
8.000  17.500  6.7465e-04
8.000  17.750  4.7588e-04
8.000  18.000  2.0823e-04
8.000  18.250  6.4033e-05
8.000  18.500  2.2716e-05
8.000  18.750  7.8189e-06
8.000  19.000  3.2922e-06
8.000  19.250  1.1523e-06
8.000  19.500  1.0000e-07
8.000  19.750  1.0000e-07
8.000  20.000  1.0000e-07
8.000  20.250  1.0000e-07
8.000  20.500  1.0000e-07
8.000  20.750  1.0000e-07
8.000  21.000  1.0000e-07
8.000  21.250  1.0000e-07
8.000  21.500  1.0000e-07
8.000  21.750  1.0000e-07
8.000  22.000  1.0000e-07
8.000  22.250  1.0000e-07
8.000  22.500  1.0000e-07
8.000  22.750  1.0000e-07
8.000  23.000  1.0000e-07
8.000  23.250  1.0000e-07
8.000  23.500  1.0000e-07
8.000  23.750  1.0000e-07
8.000  24.000  1.0000e-07
8.250  17.000  9.6272e-04
8.250  17.250  9.3333e-04
8.250  17.500  8.7218e-04
8.250  17.750  7.2749e-04
8.250  18.000  5.0453e-04
8.250  18.250  2.1572e-04
8.250  18.500  6.3786e-05
8.250  18.750  2.2222e-05
8.250  19.000  7.4897e-06
8.250  19.250  3.1276e-06
8.250  19.500  1.1523e-06
8.250  19.750  1.0000e-07
8.250  20.000  1.0000e-07
8.250  20.250  1.0000e-07
8.250  20.500  1.0000e-07
8.250  20.750  1.0000e-07
8.250  21.000  1.0000e-07
8.250  21.250  1.0000e-07
8.250  21.500  1.0000e-07
8.250  21.750  1.0000e-07
8.250  22.000  1.0000e-07
8.250  22.250  1.0000e-07
8.250  22.500  1.0000e-07
8.250  22.750  1.0000e-07
8.250  23.000  1.0000e-07
8.250  23.250  1.0000e-07
8.250  23.500  1.0000e-07
8.250  23.750  1.0000e-07
8.250  24.000  1.0000e-07
8.500  17.000  1.0792e-03
8.500  17.250  1.0600e-03
8.500  17.500  1.0250e-03
8.500  17.750  9.6107e-04
8.500  18.000  7.8667e-04
8.500  18.250  5.3235e-04
8.500  18.500  2.2502e-04
8.500  18.750  6.3868e-05
8.500  19.000  2.1564e-05
8.500  19.250  7.0782e-06
8.500  19.500  2.8807e-06
8.500  19.750  1.0700e-06
8.500  20.000  1.0000e-07
8.500  20.250  1.0000e-07
8.500  20.500  1.0000e-07
8.500  20.750  1.0000e-07
8.500  21.000  1.0000e-07
8.500  21.250  1.0000e-07
8.500  21.500  1.0000e-07
8.500  21.750  1.0000e-07
8.500  22.000  1.0000e-07
8.500  22.250  1.0000e-07
8.500  22.500  1.0000e-07
8.500  22.750  1.0000e-07
8.500  23.000  1.0000e-07
8.500  23.250  1.0000e-07
8.500  23.500  1.0000e-07
8.500  23.750  1.0000e-07
8.500  24.000  1.0000e-07
8.750  17.000  1.1981e-03
8.750  17.250  1.1896e-03
8.750  17.500  1.1637e-03
8.750  17.750  1.1381e-03
8.750  18.000  1.0415e-03
8.750  18.250  8.3728e-04
8.750  18.500  5.6535e-04
8.750  18.750  2.3588e-04
8.750  19.000  6.4198e-05
8.750  19.250  2.0905e-05
8.750  19.500  6.5844e-06
8.750  19.750  2.6337e-06
8.750  20.000  9.8765e-07
8.750  20.250  1.0000e-07
8.750  20.500  1.0000e-07
8.750  20.750  1.0000e-07
8.750  21.000  1.0000e-07
8.750  21.250  1.0000e-07
8.750  21.500  1.0000e-07
8.750  21.750  1.0000e-07
8.750  22.000  1.0000e-07
8.750  22.250  1.0000e-07
8.750  22.500  1.0000e-07
8.750  22.750  1.0000e-07
8.750  23.000  1.0000e-07
8.750  23.250  1.0000e-07
8.750  23.500  1.0000e-07
8.750  23.750  1.0000e-07
8.750  24.000  1.0000e-07
9.000  17.000  1.3123e-03
9.000  17.250  1.3159e-03
9.000  17.500  1.3011e-03
9.000  17.750  1.2801e-03
9.000  18.000  1.2398e-03
9.000  18.250  1.1370e-03
9.000  18.500  8.8000e-04
9.000  18.750  5.6823e-04
9.000  19.000  2.4724e-04
9.000  19.250  6.4527e-05
9.000  19.500  2.0247e-05
9.000  19.750  6.0905e-06
9.000  20.000  2.3868e-06
9.000  20.250  8.2305e-07
9.000  20.500  1.0000e-07
9.000  20.750  1.0000e-07
9.000  21.000  1.0000e-07
9.000  21.250  1.0000e-07
9.000  21.500  1.0000e-07
9.000  21.750  1.0000e-07
9.000  22.000  1.0000e-07
9.000  22.250  1.0000e-07
9.000  22.500  1.0000e-07
9.000  22.750  1.0000e-07
9.000  23.000  1.0000e-07
9.000  23.250  1.0000e-07
9.000  23.500  1.0000e-07
9.000  23.750  1.0000e-07
9.000  24.000  1.0000e-07
9.250  17.000  1.4164e-03
9.250  17.250  1.4319e-03
9.250  17.500  1.4335e-03
9.250  17.750  1.4288e-03
9.250  18.000  1.4239e-03
9.250  18.250  1.3915e-03
9.250  18.500  1.1937e-03
9.250  18.750  8.6691e-04
9.250  19.000  5.4782e-04
9.250  19.250  2.4979e-04
9.250  19.500  6.5103e-05
9.250  19.750  1.9753e-05
9.250  20.000  5.5967e-06
9.250  20.250  2.2222e-06
9.250  20.500  1.0000e-07
9.250  20.750  1.0000e-07
9.250  21.000  1.0000e-07
9.250  21.250  1.0000e-07
9.250  21.500  1.0000e-07
9.250  21.750  1.0000e-07
9.250  22.000  1.0000e-07
9.250  22.250  1.0000e-07
9.250  22.500  1.0000e-07
9.250  22.750  1.0000e-07
9.250  23.000  1.0000e-07
9.250  23.250  1.0000e-07
9.250  23.500  1.0000e-07
9.250  23.750  1.0000e-07
9.250  24.000  1.0000e-07
9.500  17.000  1.5128e-03
9.500  17.250  1.5387e-03
9.500  17.500  1.5548e-03
9.500  17.750  1.5778e-03
9.500  18.000  1.6153e-03
9.500  18.250  1.5909e-03
9.500  18.500  1.4147e-03
9.500  18.750  1.0665e-03
9.500  19.000  7.6477e-04
9.500  19.250  5.1893e-04
9.500  19.500  2.4123e-04
9.500  19.750  6.5761e-05
9.500  20.000  1.9342e-05
9.500  20.250  5.2675e-06
9.500  20.500  1.9753e-06
9.500  20.750  1.0000e-07
9.500  21.000  1.0000e-07
9.500  21.250  1.0000e-07
9.500  21.500  1.0000e-07
9.500  21.750  1.0000e-07
9.500  22.000  1.0000e-07
9.500  22.250  1.0000e-07
9.500  22.500  1.0000e-07
9.500  22.750  1.0000e-07
9.500  23.000  1.0000e-07
9.500  23.250  1.0000e-07
9.500  23.500  1.0000e-07
9.500  23.750  1.0000e-07
9.500  24.000  1.0000e-07
9.750  17.000  1.5953e-03
9.750  17.250  1.6323e-03
9.750  17.500  1.6639e-03
9.750  17.750  1.7261e-03
9.750  18.000  1.8044e-03
9.750  18.250  1.7569e-03
9.750  18.500  1.5323e-03
9.750  18.750  1.2287e-03
9.750  19.000  1.0649e-03
9.750  19.250  8.6074e-04
9.750  19.500  4.7761e-04
9.750  19.750  2.3728e-04
9.750  20.000  6.6255e-05
9.750  20.250  1.9012e-05
9.750  20.500  5.0206e-06
9.750  20.750  1.8107e-06
9.750  21.000  1.0000e-07
9.750  21.250  1.0000e-07
9.750  21.500  1.0000e-07
9.750  21.750  1.0000e-07
9.750  22.000  1.0000e-07
9.750  22.250  1.0000e-07
9.750  22.500  1.0000e-07
9.750  22.750  1.0000e-07
9.750  23.000  1.0000e-07
9.750  23.250  1.0000e-07
9.750  23.500  1.0000e-07
9.750  23.750  1.0000e-07
9.750  24.000  1.0000e-07
10.000  17.000  1.6613e-03
10.000  17.250  1.7198e-03
10.000  17.500  1.7742e-03
10.000  17.750  1.8840e-03
10.000  18.000  1.9868e-03
10.000  18.250  1.9179e-03
10.000  18.500  1.6416e-03
10.000  18.750  1.3334e-03
10.000  19.000  1.0189e-03
10.000  19.250  7.7556e-04
10.000  19.500  6.7597e-04
10.000  19.750  4.0016e-04
10.000  20.000  2.1695e-04
10.000  20.250  6.6008e-05
10.000  20.500  1.8930e-05
10.000  20.750  4.7737e-06
10.000  21.000  1.7284e-06
10.000  21.250  1.0000e-07
10.000  21.500  1.0000e-07
10.000  21.750  1.0000e-07
10.000  22.000  1.0000e-07
10.000  22.250  1.0000e-07
10.000  22.500  1.0000e-07
10.000  22.750  1.0000e-07
10.000  23.000  1.0000e-07
10.000  23.250  1.0000e-07
10.000  23.500  1.0000e-07
10.000  23.750  1.0000e-07
10.000  24.000  1.0000e-07
10.250  17.000  1.7207e-03
10.250  17.250  1.8049e-03
10.250  17.500  1.9063e-03
10.250  17.750  2.0760e-03
10.250  18.000  2.1861e-03
10.250  18.250  2.0812e-03
10.250  18.500  1.7795e-03
10.250  18.750  1.4595e-03
10.250  19.000  1.1570e-03
10.250  19.250  8.3416e-04
10.250  19.500  6.1037e-04
10.250  19.750  4.9185e-04
10.250  20.000  3.4634e-04
10.250  20.250  1.9243e-04
10.250  20.500  6.3457e-05
10.250  20.750  1.8848e-05
10.250  21.000  4.6091e-06
10.250  21.250  1.6461e-06
10.250  21.500  1.0000e-07
10.250  21.750  1.0000e-07
10.250  22.000  1.0000e-07
10.250  22.250  1.0000e-07
10.250  22.500  1.0000e-07
10.250  22.750  1.0000e-07
10.250  23.000  1.0000e-07
10.250  23.250  1.0000e-07
10.250  23.500  1.0000e-07
10.250  23.750  1.0000e-07
10.250  24.000  1.0000e-07
10.500  17.000  1.7729e-03
10.500  17.250  1.9065e-03
10.500  17.500  2.0807e-03
10.500  17.750  2.3280e-03
10.500  18.000  2.4344e-03
10.500  18.250  2.2572e-03
10.500  18.500  1.9942e-03
10.500  18.750  1.6549e-03
10.500  19.000  1.3186e-03
10.500  19.250  1.0142e-03
10.500  19.500  8.2979e-04
10.500  19.750  5.9770e-04
10.500  20.000  3.9053e-04
10.500  20.250  2.9465e-04
10.500  20.500  1.7407e-04
10.500  20.750  6.1564e-05
10.500  21.000  1.8765e-05
10.500  21.250  4.5267e-06
10.500  21.500  1.5638e-06
10.500  21.750  1.0000e-07
10.500  22.000  1.0000e-07
10.500  22.250  1.0000e-07
10.500  22.500  1.0000e-07
10.500  22.750  1.0000e-07
10.500  23.000  1.0000e-07
10.500  23.250  1.0000e-07
10.500  23.500  1.0000e-07
10.500  23.750  1.0000e-07
10.500  24.000  1.0000e-07
10.750  17.000  1.8149e-03
10.750  17.250  2.0248e-03
10.750  17.500  2.3238e-03
10.750  17.750  2.6519e-03
10.750  18.000  2.7650e-03
10.750  18.250  2.5895e-03
10.750  18.500  2.2951e-03
10.750  18.750  1.8444e-03
10.750  19.000  1.5141e-03
10.750  19.250  1.2056e-03
10.750  19.500  9.5342e-04
10.750  19.750  8.0156e-04
10.750  20.000  7.3407e-04
10.750  20.250  4.8938e-04
10.750  20.500  2.7374e-04
10.750  20.750  1.3753e-04
10.750  21.000  5.6790e-05
10.750  21.250  1.8272e-05
10.750  21.500  4.5267e-06
10.750  21.750  1.5638e-06
10.750  22.000  1.0000e-07
10.750  22.250  1.0000e-07
10.750  22.500  1.0000e-07
10.750  22.750  1.0000e-07
10.750  23.000  1.0000e-07
10.750  23.250  1.0000e-07
10.750  23.500  1.0000e-07
10.750  23.750  1.0000e-07
10.750  24.000  1.0000e-07
11.000  17.000  1.8472e-03
11.000  17.250  2.1477e-03
11.000  17.500  2.6040e-03
11.000  17.750  3.0433e-03
11.000  18.000  3.1860e-03
11.000  18.250  3.0331e-03
11.000  18.500  2.6441e-03
11.000  18.750  2.2895e-03
11.000  19.000  1.9049e-03
11.000  19.250  1.6161e-03
11.000  19.500  1.1836e-03
11.000  19.750  9.1160e-04
11.000  20.000  8.4617e-04
11.000  20.250  4.3514e-04
11.000  20.500  3.2872e-04
11.000  20.750  2.0724e-04
11.000  21.000  1.1885e-04
11.000  21.250  5.0535e-05
11.000  21.500  1.7695e-05
11.000  21.750  4.5267e-06
11.000  22.000  1.5638e-06
11.000  22.250  1.0000e-07
11.000  22.500  1.0000e-07
11.000  22.750  1.0000e-07
11.000  23.000  1.0000e-07
11.000  23.250  1.0000e-07
11.000  23.500  1.0000e-07
11.000  23.750  1.0000e-07
11.000  24.000  1.0000e-07
11.250  17.000  1.8712e-03
11.250  17.250  2.2558e-03
11.250  17.500  2.8747e-03
11.250  17.750  3.4625e-03
11.250  18.000  3.6884e-03
11.250  18.250  3.5758e-03
11.250  18.500  3.2996e-03
11.250  18.750  2.8635e-03
11.250  19.000  2.4068e-03
11.250  19.250  2.0435e-03
11.250  19.500  1.6269e-03
11.250  19.750  1.1584e-03
11.250  20.000  8.7671e-04
11.250  20.250  7.1012e-04
11.250  20.500  5.1666e-04
11.250  20.750  3.1467e-04
11.250  21.000  1.6354e-04
11.250  21.250  9.4156e-05
11.250  21.500  4.6091e-05
11.250  21.750  1.6626e-05
11.250  22.000  4.4444e-06
11.250  22.250  1.5638e-06
11.250  22.500  1.0000e-07
11.250  22.750  1.0000e-07
11.250  23.000  1.0000e-07
11.250  23.250  1.0000e-07
11.250  23.500  1.0000e-07
11.250  23.750  1.0000e-07
11.250  24.000  1.0000e-07
11.500  17.000  1.8979e-03
11.500  17.250  2.3533e-03
11.500  17.500  3.1057e-03
11.500  17.750  3.8555e-03
11.500  18.000  4.2206e-03
11.500  18.250  4.2084e-03
11.500  18.500  3.9715e-03
11.500  18.750  3.5178e-03
11.500  19.000  3.0170e-03
11.500  19.250  2.4992e-03
11.500  19.500  2.0700e-03
11.500  19.750  1.6110e-03
11.500  20.000  1.1259e-03
11.500  20.250  8.4782e-04
11.500  20.500  6.5572e-04
11.500  20.750  5.1358e-04
11.500  21.000  2.6551e-04
11.500  21.250  1.8905e-04
11.500  21.500  9.3169e-05
11.500  21.750  3.8930e-05
11.500  22.000  1.5473e-05
11.500  22.250  4.4444e-06
11.500  22.500  1.5638e-06
11.500  22.750  1.0000e-07
11.500  23.000  1.0000e-07
11.500  23.250  1.0000e-07
11.500  23.500  1.0000e-07
11.500  23.750  1.0000e-07
11.500  24.000  1.0000e-07
11.750  17.000  1.9315e-03
11.750  17.250  2.4370e-03
11.750  17.500  3.2784e-03
11.750  17.750  4.1737e-03
11.750  18.000  4.7230e-03
11.750  18.250  4.8769e-03
11.750  18.500  4.7045e-03
11.750  18.750  4.3052e-03
11.750  19.000  3.7275e-03
11.750  19.250  3.1317e-03
11.750  19.500  2.5277e-03
11.750  19.750  2.0554e-03
11.750  20.000  1.4602e-03
11.750  20.250  1.0785e-03
11.750  20.500  8.0938e-04
11.750  20.750  6.5621e-04
11.750  21.000  4.9556e-04
11.750  21.250  2.4979e-04
11.750  21.500  1.3473e-04
11.750  21.750  7.8930e-05
11.750  22.000  3.3333e-05
11.750  22.250  1.4321e-05
11.750  22.500  4.3621e-06
11.750  22.750  1.5638e-06
11.750  23.000  1.0000e-07
11.750  23.250  1.0000e-07
11.750  23.500  1.0000e-07
11.750  23.750  1.0000e-07
11.750  24.000  1.0000e-07
12.000  17.000  1.9702e-03
12.000  17.250  2.5040e-03
12.000  17.500  3.3815e-03
12.000  17.750  4.3816e-03
12.000  18.000  5.1311e-03
12.000  18.250  5.4821e-03
12.000  18.500  5.4382e-03
12.000  18.750  5.0818e-03
12.000  19.000  4.4738e-03
12.000  19.250  3.8285e-03
12.000  19.500  3.1433e-03
12.000  19.750  2.4694e-03
12.000  20.000  1.8656e-03
12.000  20.250  1.3750e-03
12.000  20.500  1.0086e-03
12.000  20.750  7.5695e-04
12.000  21.000  5.3464e-04
12.000  21.250  3.5934e-04
12.000  21.500  2.4593e-04
12.000  21.750  1.2379e-04
12.000  22.000  6.6584e-05
12.000  22.250  3.2922e-05
12.000  22.500  1.2840e-05
12.000  22.750  4.2798e-06
12.000  23.000  1.5638e-06
12.000  23.250  1.0000e-07
12.000  23.500  1.0000e-07
12.000  23.750  1.0000e-07
12.000  24.000  1.0000e-07
12.250  17.000  2.0072e-03
12.250  17.250  2.5491e-03
12.250  17.500  3.4128e-03
12.250  17.750  4.4695e-03
12.250  18.000  5.3919e-03
12.250  18.250  5.9473e-03
12.250  18.500  6.0842e-03
12.250  18.750  5.8343e-03
12.250  19.000  5.2364e-03
12.250  19.250  4.5401e-03
12.250  19.500  3.7862e-03
12.250  19.750  3.0234e-03
12.250  20.000  2.3156e-03
12.250  20.250  1.7170e-03
12.250  20.500  1.2533e-03
12.250  20.750  9.1852e-04
12.250  21.000  6.9177e-04
12.250  21.250  5.1646e-04
12.250  21.500  4.7333e-04
12.250  21.750  2.2272e-04
12.250  22.000  1.1877e-04
12.250  22.250  6.0741e-05
12.250  22.500  2.8971e-05
12.250  22.750  1.1852e-05
12.250  23.000  4.1152e-06
12.250  23.250  1.5638e-06
12.250  23.500  1.0000e-07
12.250  23.750  1.0000e-07
12.250  24.000  1.0000e-07
12.500  17.000  2.0152e-03
12.500  17.250  2.5640e-03
12.500  17.500  3.4032e-03
12.500  17.750  4.4716e-03
12.500  18.000  5.5133e-03
12.500  18.250  6.2590e-03
12.500  18.500  6.5887e-03
12.500  18.750  6.4877e-03
12.500  19.000  5.9980e-03
12.500  19.250  5.2211e-03
12.500  19.500  4.4061e-03
12.500  19.750  3.5719e-03
12.500  20.000  2.7779e-03
12.500  20.250  2.0835e-03
12.500  20.500  1.5198e-03
12.500  20.750  1.1037e-03
12.500  21.000  8.1383e-04
12.500  21.250  6.6395e-04
12.500  21.500  5.0776e-04
12.500  21.750  3.3761e-04
12.500  22.000  1.9539e-04
12.500  22.250  1.0823e-04
12.500  22.500  5.3663e-05
12.500  22.750  2.6008e-05
12.500  23.000  1.0617e-05
12.500  23.250  3.9506e-06
12.500  23.500  1.4815e-06
12.500  23.750  1.0000e-07
12.500  24.000  1.0000e-07
12.750  17.000  1.9416e-03
12.750  17.250  2.5133e-03
12.750  17.500  3.3525e-03
12.750  17.750  4.4400e-03
12.750  18.000  5.5408e-03
12.750  18.250  6.4257e-03
12.750  18.500  6.9390e-03
12.750  18.750  6.9749e-03
12.750  19.000  6.5856e-03
12.750  19.250  5.8474e-03
12.750  19.500  4.9764e-03
12.750  19.750  4.0822e-03
12.750  20.000  3.2746e-03
12.750  20.250  2.4363e-03
12.750  20.500  1.7947e-03
12.750  20.750  1.2944e-03
12.750  21.000  1.0430e-03
12.750  21.250  7.7210e-04
12.750  21.500  5.7070e-04
12.750  21.750  4.0749e-04
12.750  22.000  2.6905e-04
12.750  22.250  1.6453e-04
12.750  22.500  9.6461e-05
12.750  22.750  4.8642e-05
12.750  23.000  2.3457e-05
12.750  23.250  9.6296e-06
12.750  23.500  3.7860e-06
12.750  23.750  1.4815e-06
12.750  24.000  1.0000e-07
13.000  17.000  1.7216e-03
13.000  17.250  2.3201e-03
13.000  17.500  3.2306e-03
13.000  17.750  4.3147e-03
13.000  18.000  5.4644e-03
13.000  18.250  6.4552e-03
13.000  18.500  7.0962e-03
13.000  18.750  7.2953e-03
13.000  19.000  7.0270e-03
13.000  19.250  6.3344e-03
13.000  19.500  5.4697e-03
13.000  19.750  4.5231e-03
13.000  20.000  3.6026e-03
13.000  20.250  2.8230e-03
13.000  20.500  2.1406e-03
13.000  20.750  1.4872e-03
13.000  21.000  1.0813e-03
13.000  21.250  8.8576e-04
13.000  21.500  6.4239e-04
13.000  21.750  4.8288e-04
13.000  22.000  3.5938e-04
13.000  22.250  2.4329e-04
13.000  22.500  1.4247e-04
13.000  22.750  8.5185e-05
13.000  23.000  4.3045e-05
13.000  23.250  2.0741e-05
13.000  23.500  8.6420e-06
13.000  23.750  3.6214e-06
13.000  24.000  1.4815e-06
13.250  17.000  1.6016e-03
13.250  17.250  2.1349e-03
13.250  17.500  2.9805e-03
13.250  17.750  4.0721e-03
13.250  18.000  5.2806e-03
13.250  18.250  6.3484e-03
13.250  18.500  7.1293e-03
13.250  18.750  7.4503e-03
13.250  19.000  7.3284e-03
13.250  19.250  6.7139e-03
13.250  19.500  5.8545e-03
13.250  19.750  4.8959e-03
13.250  20.000  3.9303e-03
13.250  20.250  3.0509e-03
13.250  20.500  2.3491e-03
13.250  20.750  1.7490e-03
13.250  21.000  1.2065e-03
13.250  21.250  9.6519e-04
13.250  21.500  7.0560e-04
13.250  21.750  5.4420e-04
13.250  22.000  3.9111e-04
13.250  22.250  3.4469e-04
13.250  22.500  1.7918e-04
13.250  22.750  1.2247e-04
13.250  23.000  7.0617e-05
13.250  23.250  3.8189e-05
13.250  23.500  1.8848e-05
13.250  23.750  7.8189e-06
13.250  24.000  3.3745e-06
13.500  17.000  1.4728e-03
13.500  17.250  1.9492e-03
13.500  17.500  2.7344e-03
13.500  17.750  3.8028e-03
13.500  18.000  4.9796e-03
13.500  18.250  6.1347e-03
13.500  18.500  7.0240e-03
13.500  18.750  7.4779e-03
13.500  19.000  7.4850e-03
13.500  19.250  6.8203e-03
13.500  19.500  6.1090e-03
13.500  19.750  5.1806e-03
13.500  20.000  4.1929e-03
13.500  20.250  3.2661e-03
13.500  20.500  2.4760e-03
13.500  20.750  1.8881e-03
13.500  21.000  1.3879e-03
13.500  21.250  1.0380e-03
13.500  21.500  7.0206e-04
13.500  21.750  5.8181e-04
13.500  22.000  4.2790e-04
13.500  22.250  3.2189e-04
13.500  22.500  2.0510e-04
13.500  22.750  1.4988e-04
13.500  23.000  9.1934e-05
13.500  23.250  5.7860e-05
13.500  23.500  3.2675e-05
13.500  23.750  1.5309e-05
13.500  24.000  6.9959e-06
13.750  17.000  1.3392e-03
13.750  17.250  1.7686e-03
13.750  17.500  2.4763e-03
13.750  17.750  3.4599e-03
13.750  18.000  4.6596e-03
13.750  18.250  5.8065e-03
13.750  18.500  6.8025e-03
13.750  18.750  7.4005e-03
13.750  19.000  7.5100e-03
13.750  19.250  7.1653e-03
13.750  19.500  6.3549e-03
13.750  19.750  5.4077e-03
13.750  20.000  4.3820e-03
13.750  20.250  3.4322e-03
13.750  20.500  2.6123e-03
13.750  20.750  1.9414e-03
13.750  21.000  1.4617e-03
13.750  21.250  1.0849e-03
13.750  21.500  7.9325e-04
13.750  21.750  5.8757e-04
13.750  22.000  4.5029e-04
13.750  22.250  3.4033e-04
13.750  22.500  2.4881e-04
13.750  22.750  1.4963e-04
13.750  23.000  9.6132e-05
13.750  23.250  6.7819e-05
13.750  23.500  4.5844e-05
13.750  23.750  2.6337e-05
13.750  24.000  1.3086e-05
14.000  17.000  1.2153e-03
14.000  17.250  1.5890e-03
14.000  17.500  2.2003e-03
14.000  17.750  3.1137e-03
14.000  18.000  4.2713e-03
14.000  18.250  5.4687e-03
14.000  18.500  6.5079e-03
14.000  18.750  7.2465e-03
14.000  19.000  7.4970e-03
14.000  19.250  7.2711e-03
14.000  19.500  6.5207e-03
14.000  19.750  5.6156e-03
14.000  20.000  4.5635e-03
14.000  20.250  3.5714e-03
14.000  20.500  2.7250e-03
14.000  20.750  2.0433e-03
14.000  21.000  1.5161e-03
14.000  21.250  1.1119e-03
14.000  21.500  8.1465e-04
14.000  21.750  6.1819e-04
14.000  22.000  4.6568e-04
14.000  22.250  3.6979e-04
14.000  22.500  2.7210e-04
14.000  22.750  1.9572e-04
14.000  23.000  1.1095e-04
14.000  23.250  8.0082e-05
14.000  23.500  5.3663e-05
14.000  23.750  3.5720e-05
14.000  24.000  2.0905e-05
