InwT 1793.44A  relative to Inci 1215.00A scaled to 1215A.
Hden   Phi(H)  Eq_Width (A)
7.000  17.000  6.1040e-02
7.000  17.250  5.0824e-02
7.000  17.500  3.7869e-02
7.000  17.750  3.1017e-02
7.000  18.000  2.7682e-02
7.000  18.250  2.5940e-02
7.000  18.500  2.4983e-02
7.000  18.750  2.4577e-02
7.000  19.000  2.4370e-02
7.000  19.250  2.4254e-02
7.000  19.500  2.4207e-02
7.000  19.750  2.4187e-02
7.000  20.000  2.4179e-02
7.000  20.250  2.4175e-02
7.000  20.500  2.4173e-02
7.000  20.750  2.4172e-02
7.000  21.000  2.4171e-02
7.000  21.250  2.4171e-02
7.000  21.500  2.4171e-02
7.000  21.750  2.4171e-02
7.000  22.000  2.4171e-02
7.000  22.250  2.4171e-02
7.000  22.500  2.4171e-02
7.000  22.750  2.4171e-02
7.000  23.000  2.4171e-02
7.000  23.250  2.4171e-02
7.000  23.500  2.4171e-02
7.000  23.750  2.4171e-02
7.000  24.000  2.4171e-02
7.250  17.000  7.0176e-02
7.250  17.250  6.0935e-02
7.250  17.500  5.0729e-02
7.250  17.750  3.7820e-02
7.250  18.000  3.0993e-02
7.250  18.250  2.7672e-02
7.250  18.500  2.5936e-02
7.250  18.750  2.4981e-02
7.250  19.000  2.4576e-02
7.250  19.250  2.4370e-02
7.250  19.500  2.4254e-02
7.250  19.750  2.4207e-02
7.250  20.000  2.4187e-02
7.250  20.250  2.4179e-02
7.250  20.500  2.4175e-02
7.250  20.750  2.4173e-02
7.250  21.000  2.4172e-02
7.250  21.250  2.4171e-02
7.250  21.500  2.4171e-02
7.250  21.750  2.4171e-02
7.250  22.000  2.4173e-02
7.250  22.250  2.4171e-02
7.250  22.500  2.4171e-02
7.250  22.750  2.4171e-02
7.250  23.000  2.4171e-02
7.250  23.250  2.4172e-02
7.250  23.500  2.4171e-02
7.250  23.750  2.4172e-02
7.250  24.000  2.4171e-02
7.500  17.000  6.5240e-02
7.500  17.250  7.0120e-02
7.500  17.500  6.0846e-02
7.500  17.750  5.0667e-02
7.500  18.000  3.7783e-02
7.500  18.250  3.0973e-02
7.500  18.500  2.7665e-02
7.500  18.750  2.5933e-02
7.500  19.000  2.4980e-02
7.500  19.250  2.4576e-02
7.500  19.500  2.4370e-02
7.500  19.750  2.4254e-02
7.500  20.000  2.4207e-02
7.500  20.250  2.4187e-02
7.500  20.500  2.4179e-02
7.500  20.750  2.4175e-02
7.500  21.000  2.4173e-02
7.500  21.250  2.4172e-02
7.500  21.500  2.4171e-02
7.500  21.750  2.4171e-02
7.500  22.000  2.4171e-02
7.500  22.250  2.4171e-02
7.500  22.500  2.4171e-02
7.500  22.750  2.4171e-02
7.500  23.000  2.4171e-02
7.500  23.250  2.4171e-02
7.500  23.500  2.4171e-02
7.500  23.750  2.4171e-02
7.500  24.000  2.4171e-02
7.750  17.000  6.1209e-02
7.750  17.250  6.5219e-02
7.750  17.500  7.0020e-02
7.750  17.750  6.0782e-02
7.750  18.000  5.0627e-02
7.750  18.250  3.7755e-02
7.750  18.500  3.0955e-02
7.750  18.750  2.7659e-02
7.750  19.000  2.5931e-02
7.750  19.250  2.4980e-02
7.750  19.500  2.4576e-02
7.750  19.750  2.4369e-02
7.750  20.000  2.4254e-02
7.750  20.250  2.4207e-02
7.750  20.500  2.4187e-02
7.750  20.750  2.4179e-02
7.750  21.000  2.4175e-02
7.750  21.250  2.4173e-02
7.750  21.500  2.4172e-02
7.750  21.750  2.4171e-02
7.750  22.000  2.4171e-02
7.750  22.250  2.4171e-02
7.750  22.500  2.4171e-02
7.750  22.750  2.4170e-02
7.750  23.000  2.4171e-02
7.750  23.250  2.4171e-02
7.750  23.500  2.4171e-02
7.750  23.750  2.4170e-02
7.750  24.000  2.4171e-02
8.000  17.000  5.6716e-02
8.000  17.250  6.0530e-02
8.000  17.500  6.4558e-02
8.000  17.750  6.9365e-02
8.000  18.000  6.0626e-02
8.000  18.250  5.0601e-02
8.000  18.500  3.7730e-02
8.000  18.750  3.0938e-02
8.000  19.000  2.7654e-02
8.000  19.250  2.5930e-02
8.000  19.500  2.4979e-02
8.000  19.750  2.4576e-02
8.000  20.000  2.4369e-02
8.000  20.250  2.4254e-02
8.000  20.500  2.4207e-02
8.000  20.750  2.4187e-02
8.000  21.000  2.4179e-02
8.000  21.250  2.4175e-02
8.000  21.500  2.4173e-02
8.000  21.750  2.4172e-02
8.000  22.000  2.4171e-02
8.000  22.250  2.4171e-02
8.000  22.500  2.4171e-02
8.000  22.750  2.4170e-02
8.000  23.000  2.4170e-02
8.000  23.250  2.4170e-02
8.000  23.500  2.4170e-02
8.000  23.750  2.4170e-02
8.000  24.000  2.4173e-02
8.250  17.000  5.3433e-02
8.250  17.250  5.6741e-02
8.250  17.500  6.0656e-02
8.250  17.750  6.4640e-02
8.250  18.000  6.9350e-02
8.250  18.250  6.0622e-02
8.250  18.500  5.0585e-02
8.250  18.750  3.7708e-02
8.250  19.000  3.0920e-02
8.250  19.250  2.7649e-02
8.250  19.500  2.5929e-02
8.250  19.750  2.4979e-02
8.250  20.000  2.4575e-02
8.250  20.250  2.4369e-02
8.250  20.500  2.4254e-02
8.250  20.750  2.4207e-02
8.250  21.000  2.4187e-02
8.250  21.250  2.4179e-02
8.250  21.500  2.4175e-02
8.250  21.750  2.4173e-02
8.250  22.000  2.4172e-02
8.250  22.250  2.4171e-02
8.250  22.500  2.4171e-02
8.250  22.750  2.4171e-02
8.250  23.000  2.4171e-02
8.250  23.250  2.4171e-02
8.250  23.500  2.4170e-02
8.250  23.750  2.4170e-02
8.250  24.000  2.4170e-02
8.500  17.000  5.0684e-02
8.500  17.250  5.3523e-02
8.500  17.500  5.6981e-02
8.500  17.750  6.1001e-02
8.500  18.000  6.4950e-02
8.500  18.250  6.9476e-02
8.500  18.500  6.0635e-02
8.500  18.750  5.0573e-02
8.500  19.000  3.7684e-02
8.500  19.250  3.0902e-02
8.500  19.500  2.7643e-02
8.500  19.750  2.5928e-02
8.500  20.000  2.4979e-02
8.500  20.250  2.4575e-02
8.500  20.500  2.4369e-02
8.500  20.750  2.4254e-02
8.500  21.000  2.4207e-02
8.500  21.250  2.4187e-02
8.500  21.500  2.4179e-02
8.500  21.750  2.4175e-02
8.500  22.000  2.4173e-02
8.500  22.250  2.4172e-02
8.500  22.500  2.4171e-02
8.500  22.750  2.4171e-02
8.500  23.000  2.4171e-02
8.500  23.250  2.4170e-02
8.500  23.500  2.4170e-02
8.500  23.750  2.4170e-02
8.500  24.000  2.4170e-02
8.750  17.000  4.8265e-02
8.750  17.250  5.0863e-02
8.750  17.500  5.3882e-02
8.750  17.750  5.7555e-02
8.750  18.000  6.1747e-02
8.750  18.250  6.5661e-02
8.750  18.500  6.9774e-02
8.750  18.750  6.0659e-02
8.750  19.000  5.0566e-02
8.750  19.250  3.7660e-02
8.750  19.500  3.0882e-02
8.750  19.750  2.7638e-02
8.750  20.000  2.5927e-02
8.750  20.250  2.4978e-02
8.750  20.500  2.4575e-02
8.750  20.750  2.4369e-02
8.750  21.000  2.4254e-02
8.750  21.250  2.4207e-02
8.750  21.500  2.4187e-02
8.750  21.750  2.4179e-02
8.750  22.000  2.4175e-02
8.750  22.250  2.4173e-02
8.750  22.500  2.4172e-02
8.750  22.750  2.4171e-02
8.750  23.000  2.4171e-02
8.750  23.250  2.4171e-02
8.750  23.500  2.4170e-02
8.750  23.750  2.4170e-02
8.750  24.000  2.4170e-02
9.000  17.000  4.5928e-02
9.000  17.250  4.8547e-02
9.000  17.500  5.1369e-02
9.000  17.750  5.4717e-02
9.000  18.000  5.8810e-02
9.000  18.250  6.3324e-02
9.000  18.500  6.7213e-02
9.000  18.750  7.0577e-02
9.000  19.000  6.0668e-02
9.000  19.250  5.0562e-02
9.000  19.500  3.7637e-02
9.000  19.750  3.0861e-02
9.000  20.000  2.7633e-02
9.000  20.250  2.5926e-02
9.000  20.500  2.4978e-02
9.000  20.750  2.4575e-02
9.000  21.000  2.4369e-02
9.000  21.250  2.4254e-02
9.000  21.500  2.4207e-02
9.000  21.750  2.4187e-02
9.000  22.000  2.4179e-02
9.000  22.250  2.4175e-02
9.000  22.500  2.4173e-02
9.000  22.750  2.4172e-02
9.000  23.000  2.4171e-02
9.000  23.250  2.4171e-02
9.000  23.500  2.4171e-02
9.000  23.750  2.4170e-02
9.000  24.000  2.4171e-02
9.250  17.000  4.3424e-02
9.250  17.250  4.6281e-02
9.250  17.500  4.9235e-02
9.250  17.750  5.2525e-02
9.250  18.000  5.6462e-02
9.250  18.250  6.1182e-02
9.250  18.500  6.6118e-02
9.250  18.750  7.0500e-02
9.250  19.000  7.0413e-02
9.250  19.250  6.0650e-02
9.250  19.500  5.0562e-02
9.250  19.750  3.7617e-02
9.250  20.000  3.0842e-02
9.250  20.250  2.7627e-02
9.250  20.500  2.5925e-02
9.250  20.750  2.4978e-02
9.250  21.000  2.4575e-02
9.250  21.250  2.4369e-02
9.250  21.500  2.4250e-02
9.250  21.750  2.4203e-02
9.250  22.000  2.4182e-02
9.250  22.250  2.4174e-02
9.250  22.500  2.4174e-02
9.250  22.750  2.4172e-02
9.250  23.000  2.4171e-02
9.250  23.250  2.4171e-02
9.250  23.500  2.4171e-02
9.250  23.750  2.4170e-02
9.250  24.000  2.4170e-02
9.500  17.000  4.0552e-02
9.500  17.250  4.3834e-02
9.500  17.500  4.7165e-02
9.500  17.750  5.0746e-02
9.500  18.000  5.4770e-02
9.500  18.250  5.9591e-02
9.500  18.500  6.5056e-02
9.500  18.750  7.0382e-02
9.500  19.000  7.5085e-02
9.500  19.250  6.9895e-02
9.500  19.500  6.0574e-02
9.500  19.750  5.0562e-02
9.500  20.000  3.7603e-02
9.500  20.250  3.0825e-02
9.500  20.500  2.7623e-02
9.500  20.750  2.5924e-02
9.500  21.000  2.4974e-02
9.500  21.250  2.4571e-02
9.500  21.500  2.4365e-02
9.500  21.750  2.4248e-02
9.500  22.000  2.4200e-02
9.500  22.250  2.4180e-02
9.500  22.500  2.4171e-02
9.500  22.750  2.4167e-02
9.500  23.000  2.4165e-02
9.500  23.250  2.4164e-02
9.500  23.500  2.4164e-02
9.500  23.750  2.4164e-02
9.500  24.000  2.4164e-02
9.750  17.000  3.7056e-02
9.750  17.250  4.0914e-02
9.750  17.500  4.4832e-02
9.750  17.750  4.8995e-02
9.750  18.000  5.3577e-02
9.750  18.250  5.8780e-02
9.750  18.500  6.4404e-02
9.750  18.750  7.0163e-02
9.750  19.000  7.5686e-02
9.750  19.250  8.1034e-02
9.750  19.500  6.9356e-02
9.750  19.750  6.0459e-02
9.750  20.000  5.0562e-02
9.750  20.250  3.7596e-02
9.750  20.500  3.0811e-02
9.750  20.750  2.7619e-02
9.750  21.000  2.5924e-02
9.750  21.250  2.4975e-02
9.750  21.500  2.4571e-02
9.750  21.750  2.4365e-02
9.750  22.000  2.4249e-02
9.750  22.250  2.4200e-02
9.750  22.500  2.4180e-02
9.750  22.750  2.4171e-02
9.750  23.000  2.4167e-02
9.750  23.250  2.4165e-02
9.750  23.500  2.4164e-02
9.750  23.750  2.4164e-02
9.750  24.000  2.4163e-02
10.000  17.000  3.2702e-02
10.000  17.250  3.7326e-02
10.000  17.500  4.1979e-02
10.000  17.750  4.6978e-02
10.000  18.000  5.2559e-02
10.000  18.250  5.8452e-02
10.000  18.500  6.4158e-02
10.000  18.750  6.9836e-02
10.000  19.000  7.5710e-02
10.000  19.250  8.1951e-02
10.000  19.500  8.4780e-02
10.000  19.750  6.9111e-02
10.000  20.000  6.0247e-02
10.000  20.250  5.0556e-02
10.000  20.500  3.7591e-02
10.000  20.750  3.0800e-02
10.000  21.000  2.7616e-02
10.000  21.250  2.5923e-02
10.000  21.500  2.4976e-02
10.000  21.750  2.4572e-02
10.000  22.000  2.4365e-02
10.000  22.250  2.4250e-02
10.000  22.500  2.4201e-02
10.000  22.750  2.4180e-02
10.000  23.000  2.4171e-02
10.000  23.250  2.4167e-02
10.000  23.500  2.4165e-02
10.000  23.750  2.4164e-02
10.000  24.000  2.4164e-02
10.250  17.000  2.8360e-02
10.250  17.250  3.2934e-02
10.250  17.500  3.8500e-02
10.250  17.750  4.4500e-02
10.250  18.000  5.1202e-02
10.250  18.250  5.7926e-02
10.250  18.500  6.3908e-02
10.250  18.750  6.9410e-02
10.250  19.000  7.4798e-02
10.250  19.250  8.1083e-02
10.250  19.500  8.8998e-02
10.250  19.750  8.5526e-02
10.250  20.000  6.9246e-02
10.250  20.250  6.0193e-02
10.250  20.500  5.0540e-02
10.250  20.750  3.7589e-02
10.250  21.000  3.0793e-02
10.250  21.250  2.7615e-02
10.250  21.500  2.5923e-02
10.250  21.750  2.4977e-02
10.250  22.000  2.4574e-02
10.250  22.250  2.4366e-02
10.250  22.500  2.4250e-02
10.250  22.750  2.4201e-02
10.250  23.000  2.4180e-02
10.250  23.250  2.4171e-02
10.250  23.500  2.4167e-02
10.250  23.750  2.4165e-02
10.250  24.000  2.4164e-02
10.500  17.000  2.4474e-02
10.500  17.250  2.8612e-02
10.500  17.500  3.4299e-02
10.500  17.750  4.1483e-02
10.500  18.000  4.9103e-02
10.500  18.250  5.6459e-02
10.500  18.500  6.2900e-02
10.500  18.750  6.8442e-02
10.500  19.000  7.3763e-02
10.500  19.250  7.9646e-02
10.500  19.500  8.6712e-02
10.500  19.750  9.5087e-02
10.500  20.000  8.5594e-02
10.500  20.250  6.9624e-02
10.500  20.500  6.0262e-02
10.500  20.750  5.0490e-02
10.500  21.000  3.7587e-02
10.500  21.250  3.0789e-02
10.500  21.500  2.7615e-02
10.500  21.750  2.5923e-02
10.500  22.000  2.4977e-02
10.500  22.250  2.4575e-02
10.500  22.500  2.4367e-02
10.500  22.750  2.4250e-02
10.500  23.000  2.4202e-02
10.500  23.250  2.4181e-02
10.500  23.500  2.4172e-02
10.500  23.750  2.4167e-02
10.500  24.000  2.4165e-02
10.750  17.000  2.1449e-02
10.750  17.250  2.4828e-02
10.750  17.500  3.0241e-02
10.750  17.750  3.7722e-02
10.750  18.000  4.5943e-02
10.750  18.250  5.3611e-02
10.750  18.500  6.0320e-02
10.750  18.750  6.6276e-02
10.750  19.000  7.1764e-02
10.750  19.250  7.7362e-02
10.750  19.500  8.3578e-02
10.750  19.750  9.1108e-02
10.750  20.000  9.9250e-02
10.750  20.250  8.6005e-02
10.750  20.500  7.0388e-02
10.750  20.750  6.0697e-02
10.750  21.000  5.0405e-02
10.750  21.250  3.7580e-02
10.750  21.500  3.0787e-02
10.750  21.750  2.7616e-02
10.750  22.000  2.5923e-02
10.750  22.250  2.4977e-02
10.750  22.500  2.4575e-02
10.750  22.750  2.4369e-02
10.750  23.000  2.4250e-02
10.750  23.250  2.4202e-02
10.750  23.500  2.4182e-02
10.750  23.750  2.4173e-02
10.750  24.000  2.4168e-02
11.000  17.000  1.9247e-02
11.000  17.250  2.1943e-02
11.000  17.500  2.6589e-02
11.000  17.750  3.3476e-02
11.000  18.000  4.1425e-02
11.000  18.250  4.9076e-02
11.000  18.500  5.6124e-02
11.000  18.750  6.2539e-02
11.000  19.000  6.8441e-02
11.000  19.250  7.4048e-02
11.000  19.500  7.9724e-02
11.000  19.750  8.6029e-02
11.000  20.000  9.3573e-02
11.000  20.250  1.0145e-01
11.000  20.500  8.7650e-02
11.000  20.750  7.1535e-02
11.000  21.000  6.1524e-02
11.000  21.250  5.0258e-02
11.000  21.500  3.7560e-02
11.000  21.750  3.0787e-02
11.000  22.000  2.7617e-02
11.000  22.250  2.5923e-02
11.000  22.500  2.4976e-02
11.000  22.750  2.4575e-02
11.000  23.000  2.4369e-02
11.000  23.250  2.4251e-02
11.000  23.500  2.4203e-02
11.000  23.750  2.4183e-02
11.000  24.000  2.4174e-02
11.250  17.000  1.7680e-02
11.250  17.250  1.9903e-02
11.250  17.500  2.3610e-02
11.250  17.750  2.9151e-02
11.250  18.000  3.6049e-02
11.250  18.250  4.3278e-02
11.250  18.500  5.0475e-02
11.250  18.750  5.7424e-02
11.250  19.000  6.3823e-02
11.250  19.250  6.9669e-02
11.250  19.500  7.5205e-02
11.250  19.750  8.0848e-02
11.250  20.000  8.7216e-02
11.250  20.250  9.5079e-02
11.250  20.500  1.0000e-01
11.250  20.750  8.8260e-02
11.250  21.000  7.3322e-02
11.250  21.250  6.3049e-02
11.250  21.500  5.0003e-02
11.250  21.750  3.7516e-02
11.250  22.000  3.0789e-02
11.250  22.250  2.7620e-02
11.250  22.500  2.5923e-02
11.250  22.750  2.4976e-02
11.250  23.000  2.4575e-02
11.250  23.250  2.4369e-02
11.250  23.500  2.4253e-02
11.250  23.750  2.4203e-02
11.250  24.000  2.4183e-02
11.500  17.000  1.6606e-02
11.500  17.250  1.8467e-02
11.500  17.500  2.1345e-02
11.500  17.750  2.5423e-02
11.500  18.000  3.0725e-02
11.500  18.250  3.7025e-02
11.500  18.500  4.4013e-02
11.500  18.750  5.1326e-02
11.500  19.000  5.8364e-02
11.500  19.250  6.4573e-02
11.500  19.500  7.0206e-02
11.500  19.750  7.5750e-02
11.500  20.000  8.1643e-02
11.500  20.250  8.8353e-02
11.500  20.500  9.6726e-02
11.500  20.750  1.0077e-01
11.500  21.000  9.0586e-02
11.500  21.250  7.6424e-02
11.500  21.500  6.5902e-02
11.500  21.750  4.9712e-02
11.500  22.000  3.7436e-02
11.500  22.250  3.0791e-02
11.500  22.500  2.7624e-02
11.500  22.750  2.5925e-02
11.500  23.000  2.4975e-02
11.500  23.250  2.4575e-02
11.500  23.500  2.4370e-02
11.500  23.750  2.4254e-02
11.500  24.000  2.4203e-02
11.750  17.000  1.5895e-02
11.750  17.250  1.7372e-02
11.750  17.500  1.9579e-02
11.750  17.750  2.2560e-02
11.750  18.000  2.6344e-02
11.750  18.250  3.1338e-02
11.750  18.500  3.7683e-02
11.750  18.750  4.4904e-02
11.750  19.000  5.2375e-02
11.750  19.250  5.9254e-02
11.750  19.500  6.5208e-02
11.750  19.750  7.0787e-02
11.750  20.000  7.6611e-02
11.750  20.250  8.2939e-02
11.750  20.500  9.0295e-02
11.750  20.750  9.9773e-02
11.750  21.000  1.0208e-01
11.750  21.250  9.4874e-02
11.750  21.500  8.1287e-02
11.750  21.750  6.9421e-02
11.750  22.000  4.9364e-02
11.750  22.250  3.7317e-02
11.750  22.500  3.0789e-02
11.750  22.750  2.7629e-02
11.750  23.000  2.5926e-02
11.750  23.250  2.4974e-02
11.750  23.500  2.4585e-02
11.750  23.750  2.4370e-02
11.750  24.000  2.4254e-02
12.000  17.000  1.5376e-02
12.000  17.250  1.6453e-02
12.000  17.500  1.8068e-02
12.000  17.750  2.0307e-02
12.000  18.000  2.3162e-02
12.000  18.250  2.7059e-02
12.000  18.500  3.2352e-02
12.000  18.750  3.8999e-02
12.000  19.000  4.6425e-02
12.000  19.250  5.3895e-02
12.000  19.500  6.0533e-02
12.000  19.750  6.6398e-02
12.000  20.000  7.2185e-02
12.000  20.250  7.8449e-02
12.000  20.500  8.5428e-02
12.000  20.750  9.3856e-02
12.000  21.000  1.0463e-01
12.000  21.250  1.0705e-01
12.000  21.500  1.0147e-01
12.000  21.750  8.7950e-02
12.000  22.000  7.0799e-02
12.000  22.250  4.9034e-02
12.000  22.500  3.7163e-02
12.000  22.750  3.0780e-02
12.000  23.000  2.7633e-02
12.000  23.250  2.5928e-02
12.000  23.500  2.4973e-02
12.000  23.750  2.4574e-02
12.000  24.000  2.4370e-02
12.250  17.000  1.4885e-02
12.250  17.250  1.5564e-02
12.250  17.500  1.6639e-02
12.250  17.750  1.8356e-02
12.250  18.000  2.0784e-02
12.250  18.250  2.4143e-02
12.250  18.500  2.8749e-02
12.250  18.750  3.4534e-02
12.250  19.000  4.1280e-02
12.250  19.250  4.8741e-02
12.250  19.500  5.6150e-02
12.250  19.750  6.2660e-02
12.250  20.000  6.8621e-02
12.250  20.250  7.4837e-02
12.250  20.500  8.1787e-02
12.250  20.750  9.0078e-02
12.250  21.000  1.0155e-01
12.250  21.250  1.1278e-01
12.250  21.500  1.1392e-01
12.250  21.750  1.0896e-01
12.250  22.000  9.5291e-02
12.250  22.250  7.0087e-02
12.250  22.500  4.8666e-02
12.250  22.750  3.6981e-02
12.250  23.000  3.0758e-02
12.250  23.250  2.7635e-02
12.250  23.500  2.5929e-02
12.250  23.750  2.4972e-02
12.250  24.000  2.4574e-02
12.500  17.000  1.4145e-02
12.500  17.250  1.4512e-02
12.500  17.500  1.5199e-02
12.500  17.750  1.6552e-02
12.500  18.000  1.8765e-02
12.500  18.250  2.2019e-02
12.500  18.500  2.6443e-02
12.500  18.750  3.1795e-02
12.500  19.000  3.7836e-02
12.500  19.250  4.4600e-02
12.500  19.500  5.2052e-02
12.500  19.750  5.9470e-02
12.500  20.000  6.6150e-02
12.500  20.250  7.2367e-02
12.500  20.500  7.9227e-02
12.500  20.750  8.7867e-02
12.500  21.000  9.9585e-02
12.500  21.250  1.1460e-01
12.500  21.500  1.2451e-01
12.500  21.750  1.2462e-01
12.500  22.000  1.1988e-01
12.500  22.250  1.0100e-01
12.500  22.500  6.9341e-02
12.500  22.750  4.8284e-02
12.500  23.000  3.6782e-02
12.500  23.250  3.0725e-02
12.500  23.500  2.7634e-02
12.500  23.750  2.5929e-02
12.500  24.000  2.4970e-02
12.750  17.000  1.1356e-02
12.750  17.250  1.3144e-02
12.750  17.500  1.3672e-02
12.750  17.750  1.4866e-02
12.750  18.000  1.6994e-02
12.750  18.250  2.0249e-02
12.750  18.500  2.4631e-02
12.750  18.750  3.0026e-02
12.750  19.000  3.5875e-02
12.750  19.250  4.2278e-02
12.750  19.500  4.9072e-02
12.750  19.750  5.6564e-02
12.750  20.000  6.4009e-02
12.750  20.250  7.1006e-02
12.750  20.500  7.8170e-02
12.750  20.750  8.6531e-02
12.750  21.000  9.7974e-02
12.750  21.250  1.1456e-01
12.750  21.500  1.3115e-01
12.750  21.750  1.4247e-01
12.750  22.000  1.4031e-01
12.750  22.250  1.3232e-01
12.750  22.500  1.0453e-01
12.750  22.750  6.8633e-02
12.750  23.000  4.7849e-02
12.750  23.250  3.6583e-02
12.750  23.500  3.0690e-02
12.750  23.750  2.7629e-02
12.750  24.000  2.5928e-02
13.000  17.000  5.1407e-03
13.000  17.250  7.0741e-03
13.000  17.500  1.1670e-02
13.000  17.750  1.3345e-02
13.000  18.000  1.5456e-02
13.000  18.250  1.8658e-02
13.000  18.500  2.3000e-02
13.000  18.750  2.8391e-02
13.000  19.000  3.4455e-02
13.000  19.250  4.0856e-02
13.000  19.500  4.7407e-02
13.000  19.750  5.4595e-02
13.000  20.000  6.2206e-02
13.000  20.250  7.0095e-02
13.000  20.500  7.8555e-02
13.000  20.750  8.7131e-02
13.000  21.000  9.9156e-02
13.000  21.250  1.1518e-01
13.000  21.500  1.3227e-01
13.000  21.750  1.5704e-01
13.000  22.000  1.6605e-01
13.000  22.250  1.5581e-01
13.000  22.500  1.4066e-01
13.000  22.750  1.0505e-01
13.000  23.000  6.7873e-02
13.000  23.250  4.7428e-02
13.000  23.500  3.6384e-02
13.000  23.750  3.0641e-02
13.000  24.000  2.7618e-02
13.250  17.000  3.7017e-03
13.250  17.250  4.8042e-03
13.250  17.500  7.0605e-03
13.250  17.750  1.0259e-02
13.250  18.000  1.4089e-02
13.250  18.250  1.7208e-02
13.250  18.500  2.1446e-02
13.250  18.750  2.6764e-02
13.250  19.000  3.2953e-02
13.250  19.250  3.9553e-02
13.250  19.500  4.6351e-02
13.250  19.750  5.3512e-02
13.250  20.000  6.1129e-02
13.250  20.250  6.9217e-02
13.250  20.500  7.8054e-02
13.250  20.750  8.8040e-02
13.250  21.000  9.9567e-02
13.250  21.250  1.1535e-01
13.250  21.500  1.3195e-01
13.250  21.750  1.5956e-01
13.250  22.000  1.8123e-01
13.250  22.250  1.8225e-01
13.250  22.500  1.6876e-01
13.250  22.750  1.4294e-01
13.250  23.000  1.0418e-01
13.250  23.250  6.7180e-02
13.250  23.500  4.7041e-02
13.250  23.750  3.6199e-02
13.250  24.000  3.0578e-02
13.500  17.000  2.7409e-03
13.500  17.250  3.5725e-03
13.500  17.500  5.2234e-03
13.500  17.750  8.0453e-03
13.500  18.000  1.1675e-02
13.500  18.250  1.5886e-02
13.500  18.500  1.9990e-02
13.500  18.750  2.5195e-02
13.500  19.000  3.1364e-02
13.500  19.250  3.8157e-02
13.500  19.500  4.5214e-02
13.500  19.750  5.2485e-02
13.500  20.000  6.0409e-02
13.500  20.250  6.8925e-02
13.500  20.500  7.7895e-02
13.500  20.750  8.7639e-02
13.500  21.000  9.7966e-02
13.500  21.250  1.1321e-01
13.500  21.500  1.2648e-01
13.500  21.750  1.4458e-01
13.500  22.000  1.7095e-01
13.500  22.250  2.0194e-01
13.500  22.500  1.9822e-01
13.500  22.750  1.7380e-01
13.500  23.000  1.3952e-01
13.500  23.250  1.0246e-01
13.500  23.500  6.6436e-02
13.500  23.750  4.6516e-02
13.500  24.000  3.6014e-02
13.750  17.000  2.0823e-03
13.750  17.250  2.7861e-03
13.750  17.500  4.0426e-03
13.750  17.750  6.0196e-03
13.750  18.000  9.6509e-03
13.750  18.250  1.3717e-02
13.750  18.500  1.8642e-02
13.750  18.750  2.3711e-02
13.750  19.000  2.9837e-02
13.750  19.250  3.6784e-02
13.750  19.500  4.4189e-02
13.750  19.750  5.1862e-02
13.750  20.000  5.9999e-02
13.750  20.250  6.8908e-02
13.750  20.500  7.8547e-02
13.750  20.750  8.8632e-02
13.750  21.000  9.8933e-02
13.750  21.250  1.1007e-01
13.750  21.500  1.2167e-01
13.750  21.750  1.3776e-01
13.750  22.000  1.6162e-01
13.750  22.250  1.9566e-01
13.750  22.500  2.2813e-01
13.750  22.750  2.1404e-01
13.750  23.000  1.7448e-01
13.750  23.250  1.3911e-01
13.750  23.500  1.0056e-01
13.750  23.750  6.5568e-02
13.750  24.000  4.6093e-02
14.000  17.000  1.6382e-03
14.000  17.250  2.1903e-03
14.000  17.500  3.1928e-03
14.000  17.750  4.8174e-03
14.000  18.000  7.5152e-03
14.000  18.250  1.1960e-02
14.000  18.500  1.6765e-02
14.000  18.750  2.2354e-02
14.000  19.000  2.8368e-02
14.000  19.250  3.5423e-02
14.000  19.500  4.3234e-02
14.000  19.750  5.1471e-02
14.000  20.000  5.9993e-02
14.000  20.250  6.9158e-02
14.000  20.500  7.9278e-02
14.000  20.750  9.0090e-02
14.000  21.000  1.0141e-01
14.000  21.250  1.1344e-01
14.000  21.500  1.2381e-01
14.000  21.750  1.3919e-01
14.000  22.000  1.6101e-01
14.000  22.250  1.9277e-01
14.000  22.500  2.3331e-01
14.000  22.750  2.6699e-01
14.000  23.000  2.3017e-01
14.000  23.250  1.8034e-01
14.000  23.500  1.3969e-01
14.000  23.750  9.9351e-02
14.000  24.000  6.4685e-02
