nFnu 960.000A  relative to Inci 1215.00A scaled to 1215A.
Hden   Phi(H)  Eq_Width (A)
7.000  17.000  4.7791e-02
7.000  17.250  4.6417e-02
7.000  17.500  4.3044e-02
7.000  17.750  3.8188e-02
7.000  18.000  3.3175e-02
7.000  18.250  2.9747e-02
7.000  18.500  2.7458e-02
7.000  18.750  2.6271e-02
7.000  19.000  2.5639e-02
7.000  19.250  2.5278e-02
7.000  19.500  2.5123e-02
7.000  19.750  2.5057e-02
7.000  20.000  2.5029e-02
7.000  20.250  2.5015e-02
7.000  20.500  2.5008e-02
7.000  20.750  2.5005e-02
7.000  21.000  2.5003e-02
7.000  21.250  2.5002e-02
7.000  21.500  2.5002e-02
7.000  21.750  2.5001e-02
7.000  22.000  2.5001e-02
7.000  22.250  2.5001e-02
7.000  22.500  2.5001e-02
7.000  22.750  2.5001e-02
7.000  23.000  2.5001e-02
7.000  23.250  2.5001e-02
7.000  23.500  2.5001e-02
7.000  23.750  2.5001e-02
7.000  24.000  2.5001e-02
7.250  17.000  5.0216e-02
7.250  17.250  4.6106e-02
7.250  17.500  4.5898e-02
7.250  17.750  4.2805e-02
7.250  18.000  3.8071e-02
7.250  18.250  3.3109e-02
7.250  18.500  2.9714e-02
7.250  18.750  2.7447e-02
7.250  19.000  2.6266e-02
7.250  19.250  2.5637e-02
7.250  19.500  2.5277e-02
7.250  19.750  2.5123e-02
7.250  20.000  2.5057e-02
7.250  20.250  2.5028e-02
7.250  20.500  2.5015e-02
7.250  20.750  2.5008e-02
7.250  21.000  2.5005e-02
7.250  21.250  2.5003e-02
7.250  21.500  2.5002e-02
7.250  21.750  2.5001e-02
7.250  22.000  2.5004e-02
7.250  22.250  2.5001e-02
7.250  22.500  2.5001e-02
7.250  22.750  2.5001e-02
7.250  23.000  2.5001e-02
7.250  23.250  2.5002e-02
7.250  23.500  2.5001e-02
7.250  23.750  2.5002e-02
7.250  24.000  2.5001e-02
7.500  17.000  3.8840e-02
7.500  17.250  4.6645e-02
7.500  17.500  4.4704e-02
7.500  17.750  4.5605e-02
7.500  18.000  4.2685e-02
7.500  18.250  3.8013e-02
7.500  18.500  3.3070e-02
7.500  18.750  2.9694e-02
7.500  19.000  2.7587e-02
7.500  19.250  2.6326e-02
7.500  19.500  2.5636e-02
7.500  19.750  2.5277e-02
7.500  20.000  2.5123e-02
7.500  20.250  2.5057e-02
7.500  20.500  2.5028e-02
7.500  20.750  2.5015e-02
7.500  21.000  2.5008e-02
7.500  21.250  2.5005e-02
7.500  21.500  2.5003e-02
7.500  21.750  2.5002e-02
7.500  22.000  2.5001e-02
7.500  22.250  2.5001e-02
7.500  22.500  2.5001e-02
7.500  22.750  2.5000e-02
7.500  23.000  2.5001e-02
7.500  23.250  2.5001e-02
7.500  23.500  2.5001e-02
7.500  23.750  2.5001e-02
7.500  24.000  2.5001e-02
7.750  17.000  2.7466e-02
7.750  17.250  3.5241e-02
7.750  17.500  4.3475e-02
7.750  17.750  4.3588e-02
7.750  18.000  4.5448e-02
7.750  18.250  4.2641e-02
7.750  18.500  3.7996e-02
7.750  18.750  3.3049e-02
7.750  19.000  2.9681e-02
7.750  19.250  2.7434e-02
7.750  19.500  2.6261e-02
7.750  19.750  2.5636e-02
7.750  20.000  2.5277e-02
7.750  20.250  2.5123e-02
7.750  20.500  2.5057e-02
7.750  20.750  2.5028e-02
7.750  21.000  2.5015e-02
7.750  21.250  2.5008e-02
7.750  21.500  2.5005e-02
7.750  21.750  2.5003e-02
7.750  22.000  2.5001e-02
7.750  22.250  2.5001e-02
7.750  22.500  2.5001e-02
7.750  22.750  2.5000e-02
7.750  23.000  2.5001e-02
7.750  23.250  2.5000e-02
7.750  23.500  2.5000e-02
7.750  23.750  2.5000e-02
7.750  24.000  2.5000e-02
8.000  17.000  1.9065e-02
8.000  17.250  2.3901e-02
8.000  17.500  3.2124e-02
8.000  17.750  4.0786e-02
8.000  18.000  4.2735e-02
8.000  18.250  4.5368e-02
8.000  18.500  4.2648e-02
8.000  18.750  3.8005e-02
8.000  19.000  3.3039e-02
8.000  19.250  2.9674e-02
8.000  19.500  2.7431e-02
8.000  19.750  2.6260e-02
8.000  20.000  2.5635e-02
8.000  20.250  2.5277e-02
8.000  20.500  2.5123e-02
8.000  20.750  2.5057e-02
8.000  21.000  2.5028e-02
8.000  21.250  2.5015e-02
8.000  21.500  2.5008e-02
8.000  21.750  2.5004e-02
8.000  22.000  2.5003e-02
8.000  22.250  2.5001e-02
8.000  22.500  2.5001e-02
8.000  22.750  2.5000e-02
8.000  23.000  2.5000e-02
8.000  23.250  2.5000e-02
8.000  23.500  2.5000e-02
8.000  23.750  2.5000e-02
8.000  24.000  2.5003e-02
8.250  17.000  1.3968e-02
8.250  17.250  1.6455e-02
8.250  17.500  2.1585e-02
8.250  17.750  3.0167e-02
8.250  18.000  3.9098e-02
8.250  18.250  4.2173e-02
8.250  18.500  4.5325e-02
8.250  18.750  4.2686e-02
8.250  19.000  3.8031e-02
8.250  19.250  3.3036e-02
8.250  19.500  2.9670e-02
8.250  19.750  2.7429e-02
8.250  20.000  2.6259e-02
8.250  20.250  2.5635e-02
8.250  20.500  2.5277e-02
8.250  20.750  2.5123e-02
8.250  21.000  2.5057e-02
8.250  21.250  2.5028e-02
8.250  21.500  2.5015e-02
8.250  21.750  2.5008e-02
8.250  22.000  2.5004e-02
8.250  22.250  2.5003e-02
8.250  22.500  2.5001e-02
8.250  22.750  2.5001e-02
8.250  23.000  2.5001e-02
8.250  23.250  2.5001e-02
8.250  23.500  2.5000e-02
8.250  23.750  2.5000e-02
8.250  24.000  2.5000e-02
8.500  17.000  1.0765e-02
8.500  17.250  1.2014e-02
8.500  17.500  1.4740e-02
8.500  17.750  2.0020e-02
8.500  18.000  2.8923e-02
8.500  18.250  3.8027e-02
8.500  18.500  4.1786e-02
8.500  18.750  4.5306e-02
8.500  19.000  4.2750e-02
8.500  19.250  3.8070e-02
8.500  19.500  3.3038e-02
8.500  19.750  2.9667e-02
8.500  20.000  2.7428e-02
8.500  20.250  2.6259e-02
8.500  20.500  2.5635e-02
8.500  20.750  2.5277e-02
8.500  21.000  2.5123e-02
8.500  21.250  2.5057e-02
8.500  21.500  2.5028e-02
8.500  21.750  2.5015e-02
8.500  22.000  2.5008e-02
8.500  22.250  2.5004e-02
8.500  22.500  2.5003e-02
8.500  22.750  2.5002e-02
8.500  23.000  2.5001e-02
8.500  23.250  2.5000e-02
8.500  23.500  2.5000e-02
8.500  23.750  2.5000e-02
8.500  24.000  2.5000e-02
8.750  17.000  8.7305e-03
8.750  17.250  9.3504e-03
8.750  17.500  1.0793e-02
8.750  17.750  1.3665e-02
8.750  18.000  1.9184e-02
8.750  18.250  2.8321e-02
8.750  18.500  3.7386e-02
8.750  18.750  4.1544e-02
8.750  19.000  4.5293e-02
8.750  19.250  4.2827e-02
8.750  19.500  3.8118e-02
8.750  19.750  3.3042e-02
8.750  20.000  2.9666e-02
8.750  20.250  2.7427e-02
8.750  20.500  2.6259e-02
8.750  20.750  2.5635e-02
8.750  21.000  2.5277e-02
8.750  21.250  2.5123e-02
8.750  21.500  2.5057e-02
8.750  21.750  2.5028e-02
8.750  22.000  2.5015e-02
8.750  22.250  2.5008e-02
8.750  22.500  2.5004e-02
8.750  22.750  2.5002e-02
8.750  23.000  2.5001e-02
8.750  23.250  2.5001e-02
8.750  23.500  2.5000e-02
8.750  23.750  2.5000e-02
8.750  24.000  2.5000e-02
9.000  17.000  7.4129e-03
9.000  17.250  7.7226e-03
9.000  17.500  8.5037e-03
9.000  17.750  1.0085e-02
9.000  18.000  1.3164e-02
9.000  18.250  1.9006e-02
9.000  18.500  2.8455e-02
9.000  18.750  3.7076e-02
9.000  19.000  4.1364e-02
9.000  19.250  4.5270e-02
9.000  19.500  4.2905e-02
9.000  19.750  3.8168e-02
9.000  20.000  3.3048e-02
9.000  20.250  2.9665e-02
9.000  20.500  2.7426e-02
9.000  20.750  2.6258e-02
9.000  21.000  2.5635e-02
9.000  21.250  2.5277e-02
9.000  21.500  2.5123e-02
9.000  21.750  2.5057e-02
9.000  22.000  2.5028e-02
9.000  22.250  2.5015e-02
9.000  22.500  2.5008e-02
9.000  22.750  2.5004e-02
9.000  23.000  2.5002e-02
9.000  23.250  2.5001e-02
9.000  23.500  2.5001e-02
9.000  23.750  2.5000e-02
9.000  24.000  2.5001e-02
9.250  17.000  6.5373e-03
9.250  17.250  6.6788e-03
9.250  17.500  7.1374e-03
9.250  17.750  8.0711e-03
9.250  18.000  9.8983e-03
9.250  18.250  1.3356e-02
9.250  18.500  1.9780e-02
9.250  18.750  2.9557e-02
9.250  19.000  3.6744e-02
9.250  19.250  4.1210e-02
9.250  19.500  4.5231e-02
9.250  19.750  4.2973e-02
9.250  20.000  3.8218e-02
9.250  20.250  3.3054e-02
9.250  20.500  2.9665e-02
9.250  20.750  2.7426e-02
9.250  21.000  2.6258e-02
9.250  21.250  2.5635e-02
9.250  21.500  2.5273e-02
9.250  21.750  2.5118e-02
9.250  22.000  2.5052e-02
9.250  22.250  2.5024e-02
9.250  22.500  2.5014e-02
9.250  22.750  2.5007e-02
9.250  23.000  2.5004e-02
9.250  23.250  2.5002e-02
9.250  23.500  2.5001e-02
9.250  23.750  2.5001e-02
9.250  24.000  2.5000e-02
9.500  17.000  5.9512e-03
9.500  17.250  5.9758e-03
9.500  17.500  6.2782e-03
9.500  17.750  6.9204e-03
9.500  18.000  8.1012e-03
9.500  18.250  1.0264e-02
9.500  18.500  1.4309e-02
9.500  18.750  2.1654e-02
9.500  19.000  3.1387e-02
9.500  19.250  3.6474e-02
9.500  19.500  4.1049e-02
9.500  19.750  4.5173e-02
9.500  20.000  4.3019e-02
9.500  20.250  3.8260e-02
9.500  20.500  3.3060e-02
9.500  20.750  2.9663e-02
9.500  21.000  2.7421e-02
9.500  21.250  2.6254e-02
9.500  21.500  2.5630e-02
9.500  21.750  2.5270e-02
9.500  22.000  2.5115e-02
9.500  22.250  2.5050e-02
9.500  22.500  2.5021e-02
9.500  22.750  2.5007e-02
9.500  23.000  2.5001e-02
9.500  23.250  2.4997e-02
9.500  23.500  2.4996e-02
9.500  23.750  2.4995e-02
9.500  24.000  2.4994e-02
9.750  17.000  5.6133e-03
9.750  17.250  5.4850e-03
9.750  17.500  5.6774e-03
9.750  17.750  6.1830e-03
9.750  18.000  7.0866e-03
9.750  18.250  8.6036e-03
9.750  18.500  1.1259e-02
9.750  18.750  1.6065e-02
9.750  19.000  2.4319e-02
9.750  19.250  3.2877e-02
9.750  19.500  3.6254e-02
9.750  19.750  4.0869e-02
9.750  20.000  4.5097e-02
9.750  20.250  4.3034e-02
9.750  20.500  3.8294e-02
9.750  20.750  3.3064e-02
9.750  21.000  2.9664e-02
9.750  21.250  2.7422e-02
9.750  21.500  2.6254e-02
9.750  21.750  2.5630e-02
9.750  22.000  2.5271e-02
9.750  22.250  2.5115e-02
9.750  22.500  2.5050e-02
9.750  22.750  2.5021e-02
9.750  23.000  2.5007e-02
9.750  23.250  2.5000e-02
9.750  23.500  2.4997e-02
9.750  23.750  2.4995e-02
9.750  24.000  2.4994e-02
10.000  17.000  5.5156e-03
10.000  17.250  5.1877e-03
10.000  17.500  5.2208e-03
10.000  17.750  5.6295e-03
10.000  18.000  6.4484e-03
10.000  18.250  7.6788e-03
10.000  18.500  9.5982e-03
10.000  18.750  1.2862e-02
10.000  19.000  1.8657e-02
10.000  19.250  2.7360e-02
10.000  19.500  3.3283e-02
10.000  19.750  3.6136e-02
10.000  20.000  4.0687e-02
10.000  20.250  4.5020e-02
10.000  20.500  4.3033e-02
10.000  20.750  3.8320e-02
10.000  21.000  3.3068e-02
10.000  21.250  2.9664e-02
10.000  21.500  2.7423e-02
10.000  21.750  2.6255e-02
10.000  22.000  2.5630e-02
10.000  22.250  2.5272e-02
10.000  22.500  2.5116e-02
10.000  22.750  2.5050e-02
10.000  23.000  2.5021e-02
10.000  23.250  2.5008e-02
10.000  23.500  2.5001e-02
10.000  23.750  2.4997e-02
10.000  24.000  2.4995e-02
10.250  17.000  5.6663e-03
10.250  17.250  5.1138e-03
10.250  17.500  4.9551e-03
10.250  17.750  5.2343e-03
10.250  18.000  5.9847e-03
10.250  18.250  7.0896e-03
10.250  18.500  8.6565e-03
10.250  18.750  1.1116e-02
10.250  19.000  1.5313e-02
10.250  19.250  2.1805e-02
10.250  19.500  2.9547e-02
10.250  19.750  3.3435e-02
10.250  20.000  3.6147e-02
10.250  20.250  4.0638e-02
10.250  20.500  4.4969e-02
10.250  20.750  4.3013e-02
10.250  21.000  3.8336e-02
10.250  21.250  3.3070e-02
10.250  21.500  2.9663e-02
10.250  21.750  2.7424e-02
10.250  22.000  2.6257e-02
10.250  22.250  2.5631e-02
10.250  22.500  2.5272e-02
10.250  22.750  2.5117e-02
10.250  23.000  2.5050e-02
10.250  23.250  2.5021e-02
10.250  23.500  2.5007e-02
10.250  23.750  2.5001e-02
10.250  24.000  2.4997e-02
10.500  17.000  6.0193e-03
10.500  17.250  5.2835e-03
10.500  17.500  4.9167e-03
10.500  17.750  5.0372e-03
10.500  18.000  5.6512e-03
10.500  18.250  6.6590e-03
10.500  18.500  8.0016e-03
10.500  18.750  9.8674e-03
10.500  19.000  1.2600e-02
10.500  19.250  1.6936e-02
10.500  19.500  2.3727e-02
10.500  19.750  3.0308e-02
10.500  20.000  3.3604e-02
10.500  20.250  3.6368e-02
10.500  20.500  4.0812e-02
10.500  20.750  4.5062e-02
10.500  21.000  4.2988e-02
10.500  21.250  3.8343e-02
10.500  21.500  3.3069e-02
10.500  21.750  2.9663e-02
10.500  22.000  2.7424e-02
10.500  22.250  2.6258e-02
10.500  22.500  2.5633e-02
10.500  22.750  2.5272e-02
10.500  23.000  2.5118e-02
10.500  23.250  2.5051e-02
10.500  23.500  2.5022e-02
10.500  23.750  2.5007e-02
10.500  24.000  2.5000e-02
10.750  17.000  6.5179e-03
10.750  17.250  5.6533e-03
10.750  17.500  5.1321e-03
10.750  17.750  5.0863e-03
10.750  18.000  5.4963e-03
10.750  18.250  6.2621e-03
10.750  18.500  7.3514e-03
10.750  18.750  8.7469e-03
10.750  19.000  1.0586e-02
10.750  19.250  1.3497e-02
10.750  19.500  1.8333e-02
10.750  19.750  2.5447e-02
10.750  20.000  3.1263e-02
10.750  20.250  3.4023e-02
10.750  20.500  3.6921e-02
10.750  20.750  4.1421e-02
10.750  21.000  4.5340e-02
10.750  21.250  4.2977e-02
10.750  21.500  3.8342e-02
10.750  21.750  3.3068e-02
10.750  22.000  2.9663e-02
10.750  22.250  2.7423e-02
10.750  22.500  2.6258e-02
10.750  22.750  2.5634e-02
10.750  23.000  2.5273e-02
10.750  23.250  2.5118e-02
10.750  23.500  2.5052e-02
10.750  23.750  2.5023e-02
10.750  24.000  2.5008e-02
11.000  17.000  7.1053e-03
11.000  17.250  6.1647e-03
11.000  17.500  5.6653e-03
11.000  17.750  5.6782e-03
11.000  18.000  6.1818e-03
11.000  18.250  7.1545e-03
11.000  18.500  8.5748e-03
11.000  18.750  1.0421e-02
11.000  19.000  1.2672e-02
11.000  19.250  1.5306e-02
11.000  19.500  1.8302e-02
11.000  19.750  2.1637e-02
11.000  20.000  2.5291e-02
11.000  20.250  2.9242e-02
11.000  20.500  3.3468e-02
11.000  20.750  3.7948e-02
11.000  21.000  4.2649e-02
11.000  21.250  4.5928e-02
11.000  21.500  4.3019e-02
11.000  21.750  3.8333e-02
11.000  22.000  3.3064e-02
11.000  22.250  2.9663e-02
11.000  22.500  2.7423e-02
11.000  22.750  2.6258e-02
11.000  23.000  2.5635e-02
11.000  23.250  2.5273e-02
11.000  23.500  2.5119e-02
11.000  23.750  2.5053e-02
11.000  24.000  2.5023e-02
11.250  17.000  7.6990e-03
11.250  17.250  6.7458e-03
11.250  17.500  6.1137e-03
11.250  17.750  5.8700e-03
11.250  18.000  6.0181e-03
11.250  18.250  6.5617e-03
11.250  18.500  7.5045e-03
11.250  18.750  8.8501e-03
11.250  19.000  1.0602e-02
11.250  19.250  1.2764e-02
11.250  19.500  1.5340e-02
11.250  19.750  1.8332e-02
11.250  20.000  2.1746e-02
11.250  20.250  2.5584e-02
11.250  20.500  2.9851e-02
11.250  20.750  3.4549e-02
11.250  21.000  3.9682e-02
11.250  21.250  4.4790e-02
11.250  21.500  4.6967e-02
11.250  21.750  4.3158e-02
11.250  22.000  3.8318e-02
11.250  22.250  3.3059e-02
11.250  22.500  2.9663e-02
11.250  22.750  2.7422e-02
11.250  23.000  2.6258e-02
11.250  23.250  2.5635e-02
11.250  23.500  2.5275e-02
11.250  23.750  2.5119e-02
11.250  24.000  2.5053e-02
11.500  17.000  8.1805e-03
11.500  17.250  7.3205e-03
11.500  17.500  6.6156e-03
11.500  17.750  6.1262e-03
11.500  18.000  5.8892e-03
11.500  18.250  5.9412e-03
11.500  18.500  6.3192e-03
11.500  18.750  7.0598e-03
11.500  19.000  8.1998e-03
11.500  19.250  9.7760e-03
11.500  19.500  1.1825e-02
11.500  19.750  1.4384e-02
11.500  20.000  1.7490e-02
11.500  20.250  2.1179e-02
11.500  20.500  2.5488e-02
11.500  20.750  3.0453e-02
11.500  21.000  3.6113e-02
11.500  21.250  4.2503e-02
11.500  21.500  4.8261e-02
11.500  21.750  4.8189e-02
11.500  22.000  4.3439e-02
11.500  22.250  3.8301e-02
11.500  22.500  3.3052e-02
11.500  22.750  2.9663e-02
11.500  23.000  2.7421e-02
11.500  23.250  2.6258e-02
11.500  23.500  2.5636e-02
11.500  23.750  2.5276e-02
11.500  24.000  2.5119e-02
11.750  17.000  8.3214e-03
11.750  17.250  7.7323e-03
11.750  17.500  7.1654e-03
11.750  17.750  6.6707e-03
11.750  18.000  6.3056e-03
11.750  18.250  6.1270e-03
11.750  18.500  6.1922e-03
11.750  18.750  6.5583e-03
11.750  19.000  7.2824e-03
11.750  19.250  8.4216e-03
11.750  19.500  1.0033e-02
11.750  19.750  1.2174e-02
11.750  20.000  1.4902e-02
11.750  20.250  1.8273e-02
11.750  20.500  2.2345e-02
11.750  20.750  2.7176e-02
11.750  21.000  3.2821e-02
11.750  21.250  3.9339e-02
11.750  21.500  4.6786e-02
11.750  21.750  5.2746e-02
11.750  22.000  4.9584e-02
11.750  22.250  4.3852e-02
11.750  22.500  3.8292e-02
11.750  22.750  3.3043e-02
11.750  23.000  2.9663e-02
11.750  23.250  2.7421e-02
11.750  23.500  2.6269e-02
11.750  23.750  2.5636e-02
11.750  24.000  2.5277e-02
12.000  17.000  7.5406e-03
12.000  17.250  7.6579e-03
12.000  17.500  7.4081e-03
12.000  17.750  7.2193e-03
12.000  18.000  7.2455e-03
12.000  18.250  7.5149e-03
12.000  18.500  8.0556e-03
12.000  18.750  8.8955e-03
12.000  19.000  1.0063e-02
12.000  19.250  1.1585e-02
12.000  19.500  1.3492e-02
12.000  19.750  1.5809e-02
12.000  20.000  1.8566e-02
12.000  20.250  2.1791e-02
12.000  20.500  2.5512e-02
12.000  20.750  2.9756e-02
12.000  21.000  3.4553e-02
12.000  21.250  3.9929e-02
12.000  21.500  4.5913e-02
12.000  21.750  5.2533e-02
12.000  22.000  5.6928e-02
12.000  22.250  5.0912e-02
12.000  22.500  4.4366e-02
12.000  22.750  3.8298e-02
12.000  23.000  3.3034e-02
12.000  23.250  2.9663e-02
12.000  23.500  2.7420e-02
12.000  23.750  2.6258e-02
12.000  24.000  2.5636e-02
12.250  17.000  5.0115e-03
12.250  17.250  6.2251e-03
12.250  17.500  6.9373e-03
12.250  17.750  7.2066e-03
12.250  18.000  7.2863e-03
12.250  18.250  7.1592e-03
12.250  18.500  6.8784e-03
12.250  18.750  6.8234e-03
12.250  19.000  7.1363e-03
12.250  19.250  7.8749e-03
12.250  19.500  9.0969e-03
12.250  19.750  1.0860e-02
12.250  20.000  1.3222e-02
12.250  20.250  1.6241e-02
12.250  20.500  1.9974e-02
12.250  20.750  2.4480e-02
12.250  21.000  2.9816e-02
12.250  21.250  3.6039e-02
12.250  21.500  4.3208e-02
12.250  21.750  5.1381e-02
12.250  22.000  5.9202e-02
12.250  22.250  6.0219e-02
12.250  22.500  5.2350e-02
12.250  22.750  4.4953e-02
12.250  23.000  3.8326e-02
12.250  23.250  3.3025e-02
12.250  23.500  2.9663e-02
12.250  23.750  2.7418e-02
12.250  24.000  2.6257e-02
12.500  17.000  4.2733e-03
12.500  17.250  4.6418e-03
12.500  17.500  4.9930e-03
12.500  17.750  6.2806e-03
12.500  18.000  6.8783e-03
12.500  18.250  7.0168e-03
12.500  18.500  6.9031e-03
12.500  18.750  6.6759e-03
12.500  19.000  6.8483e-03
12.500  19.250  7.5678e-03
12.500  19.500  8.8598e-03
12.500  19.750  1.0750e-02
12.500  20.000  1.3262e-02
12.500  20.250  1.6423e-02
12.500  20.500  2.0258e-02
12.500  20.750  2.4791e-02
12.500  21.000  3.0048e-02
12.500  21.250  3.6054e-02
12.500  21.500  4.2835e-02
12.500  21.750  5.0416e-02
12.500  22.000  5.8822e-02
12.500  22.250  6.5924e-02
12.500  22.500  6.3613e-02
12.500  22.750  5.3923e-02
12.500  23.000  4.5589e-02
12.500  23.250  3.8378e-02
12.500  23.500  3.3016e-02
12.500  23.750  2.9662e-02
12.500  24.000  2.7416e-02
12.750  17.000  3.7200e-03
12.750  17.250  4.0879e-03
12.750  17.500  4.4328e-03
12.750  17.750  4.7115e-03
12.750  18.000  5.0094e-03
12.750  18.250  6.0010e-03
12.750  18.500  6.4030e-03
12.750  18.750  6.5040e-03
12.750  19.000  6.4119e-03
12.750  19.250  6.2385e-03
12.750  19.500  6.9596e-03
12.750  19.750  8.7595e-03
12.750  20.000  1.1552e-02
12.750  20.250  1.5251e-02
12.750  20.500  1.9771e-02
12.750  20.750  2.5025e-02
12.750  21.000  3.0928e-02
12.750  21.250  3.7394e-02
12.750  21.500  4.4336e-02
12.750  21.750  5.1668e-02
12.750  22.000  5.9305e-02
12.750  22.250  6.7160e-02
12.750  22.500  7.2551e-02
12.750  22.750  6.6777e-02
12.750  23.000  5.5659e-02
12.750  23.250  4.6178e-02
12.750  23.500  3.8423e-02
12.750  23.750  3.3012e-02
12.750  24.000  2.9661e-02
13.000  17.000  5.5542e-03
13.000  17.250  3.9677e-03
13.000  17.500  3.8316e-03
13.000  17.750  4.1529e-03
13.000  18.000  4.5561e-03
13.000  18.250  4.9933e-03
13.000  18.500  5.4166e-03
13.000  18.750  5.7780e-03
13.000  19.000  6.0298e-03
13.000  19.250  6.1238e-03
13.000  19.500  6.0123e-03
13.000  19.750  5.8753e-03
13.000  20.000  6.5878e-03
13.000  20.250  8.3842e-03
13.000  20.500  1.1282e-02
13.000  20.750  1.5298e-02
13.000  21.000  2.0451e-02
13.000  21.250  2.6756e-02
13.000  21.500  3.4233e-02
13.000  21.750  4.2897e-02
13.000  22.000  5.2767e-02
13.000  22.250  6.3859e-02
13.000  22.500  7.4871e-02
13.000  22.750  7.8909e-02
13.000  23.000  7.0307e-02
13.000  23.250  5.7332e-02
13.000  23.500  4.6763e-02
13.000  23.750  3.8506e-02
13.000  24.000  3.3014e-02
13.250  17.000  5.2653e-03
13.250  17.250  4.8698e-03
13.250  17.500  4.7731e-03
13.250  17.750  5.0333e-03
13.250  18.000  5.6484e-03
13.250  18.250  6.6166e-03
13.250  18.500  7.9357e-03
13.250  18.750  9.6039e-03
13.250  19.000  1.1619e-02
13.250  19.250  1.3979e-02
13.250  19.500  1.6683e-02
13.250  19.750  1.9727e-02
13.250  20.000  2.3111e-02
13.250  20.250  2.6832e-02
13.250  20.500  3.0888e-02
13.250  20.750  3.5277e-02
13.250  21.000  3.9997e-02
13.250  21.250  4.5047e-02
13.250  21.500  5.0423e-02
13.250  21.750  5.6125e-02
13.250  22.000  6.2151e-02
13.250  22.250  6.8498e-02
13.250  22.500  7.5164e-02
13.250  22.750  8.2147e-02
13.250  23.000  8.5474e-02
13.250  23.250  7.3383e-02
13.250  23.500  5.8785e-02
13.250  23.750  4.7286e-02
13.250  24.000  3.8623e-02
13.500  17.000  5.1175e-03
13.500  17.250  4.8196e-03
13.500  17.500  4.7943e-03
13.500  17.750  5.0971e-03
13.500  18.000  5.7293e-03
13.500  18.250  6.6921e-03
13.500  18.500  7.9870e-03
13.500  18.750  9.6152e-03
13.500  19.000  1.1578e-02
13.500  19.250  1.3876e-02
13.500  19.500  1.6512e-02
13.500  19.750  1.9486e-02
13.500  20.000  2.2800e-02
13.500  20.250  2.6455e-02
13.500  20.500  3.0452e-02
13.500  20.750  3.4793e-02
13.500  21.000  3.9478e-02
13.500  21.250  4.4510e-02
13.500  21.500  4.9889e-02
13.500  21.750  5.5617e-02
13.500  22.000  6.1695e-02
13.500  22.250  6.8124e-02
13.500  22.500  7.4906e-02
13.500  22.750  8.2041e-02
13.500  23.000  8.9532e-02
13.500  23.250  9.2363e-02
13.500  23.500  7.6562e-02
13.500  23.750  6.0761e-02
13.500  24.000  4.7759e-02
13.750  17.000  5.0800e-03
13.750  17.250  4.6646e-03
13.750  17.500  4.6718e-03
13.750  17.750  5.1699e-03
13.750  18.000  6.1384e-03
13.750  18.250  7.5569e-03
13.750  18.500  9.4050e-03
13.750  18.750  1.1662e-02
13.750  19.000  1.4308e-02
13.750  19.250  1.7323e-02
13.750  19.500  2.0685e-02
13.750  19.750  2.4376e-02
13.750  20.000  2.8373e-02
13.750  20.250  3.2657e-02
13.750  20.500  3.7207e-02
13.750  20.750  4.2004e-02
13.750  21.000  4.7026e-02
13.750  21.250  5.2253e-02
13.750  21.500  5.7665e-02
13.750  21.750  6.3241e-02
13.750  22.000  6.8962e-02
13.750  22.250  7.4805e-02
13.750  22.500  8.0752e-02
13.750  22.750  8.6782e-02
13.750  23.000  9.2874e-02
13.750  23.250  9.9008e-02
13.750  23.500  9.9661e-02
13.750  23.750  8.0077e-02
13.750  24.000  6.2065e-02
14.000  17.000  5.0626e-03
14.000  17.250  4.8659e-03
14.000  17.500  5.3276e-03
14.000  17.750  6.5343e-03
14.000  18.000  8.4297e-03
14.000  18.250  1.0958e-02
14.000  18.500  1.4061e-02
14.000  18.750  1.7685e-02
14.000  19.000  2.1773e-02
14.000  19.250  2.6267e-02
14.000  19.500  3.1113e-02
14.000  19.750  3.6253e-02
14.000  20.000  4.1632e-02
14.000  20.250  4.7193e-02
14.000  20.500  5.2879e-02
14.000  20.750  5.8635e-02
14.000  21.000  6.4405e-02
14.000  21.250  7.0131e-02
14.000  21.500  7.5758e-02
14.000  21.750  8.1229e-02
14.000  22.000  8.6488e-02
14.000  22.250  9.1479e-02
14.000  22.500  9.6145e-02
14.000  22.750  1.0043e-01
14.000  23.000  1.0428e-01
14.000  23.250  1.0763e-01
14.000  23.500  1.1044e-01
14.000  23.750  1.0746e-01
14.000  24.000  8.3220e-02
