O  5 1218.00A  relative to Inci 1215.00A scaled to 1215A.
Hden   Phi(H)  Eq_Width (A)
7.000  17.000  3.2733e-02
7.000  17.250  1.0739e-02
7.000  17.500  1.4367e-03
7.000  17.750  1.2543e-04
7.000  18.000  4.4444e-06
7.000  18.250  1.0000e-07
7.000  18.500  1.0000e-07
7.000  18.750  1.0000e-07
7.000  19.000  1.0000e-07
7.000  19.250  1.0000e-07
7.000  19.500  1.0000e-07
7.000  19.750  1.0000e-07
7.000  20.000  1.0000e-07
7.000  20.250  1.0000e-07
7.000  20.500  1.0000e-07
7.000  20.750  1.0000e-07
7.000  21.000  1.0000e-07
7.000  21.250  1.0000e-07
7.000  21.500  1.0000e-07
7.000  21.750  1.0000e-07
7.000  22.000  1.0000e-07
7.000  22.250  1.0000e-07
7.000  22.500  1.0000e-07
7.000  22.750  1.0000e-07
7.000  23.000  1.0000e-07
7.000  23.250  1.0000e-07
7.000  23.500  1.0000e-07
7.000  23.750  1.0000e-07
7.000  24.000  1.0000e-07
7.250  17.000  4.2843e-02
7.250  17.250  3.3278e-02
7.250  17.500  1.0726e-02
7.250  17.750  1.4219e-03
7.250  18.000  1.2263e-04
7.250  18.250  4.3621e-06
7.250  18.500  1.0000e-07
7.250  18.750  1.0000e-07
7.250  19.000  1.0000e-07
7.250  19.250  1.0000e-07
7.250  19.500  1.0000e-07
7.250  19.750  1.0000e-07
7.250  20.000  1.0000e-07
7.250  20.250  1.0000e-07
7.250  20.500  1.0000e-07
7.250  20.750  1.0000e-07
7.250  21.000  1.0000e-07
7.250  21.250  1.0000e-07
7.250  21.500  1.0000e-07
7.250  21.750  1.0000e-07
7.250  22.000  1.0000e-07
7.250  22.250  1.0000e-07
7.250  22.500  1.0000e-07
7.250  22.750  1.0000e-07
7.250  23.000  1.0000e-07
7.250  23.250  1.0000e-07
7.250  23.500  1.0000e-07
7.250  23.750  1.0000e-07
7.250  24.000  1.0000e-07
7.500  17.000  4.6945e-02
7.500  17.250  4.3576e-02
7.500  17.500  3.3631e-02
7.500  17.750  1.0640e-02
7.500  18.000  1.3975e-03
7.500  18.250  1.1885e-04
7.500  18.500  4.2798e-06
7.500  18.750  1.0000e-07
7.500  19.000  1.0000e-07
7.500  19.250  1.0000e-07
7.500  19.500  1.0000e-07
7.500  19.750  1.0000e-07
7.500  20.000  1.0000e-07
7.500  20.250  1.0000e-07
7.500  20.500  1.0000e-07
7.500  20.750  1.0000e-07
7.500  21.000  1.0000e-07
7.500  21.250  1.0000e-07
7.500  21.500  1.0000e-07
7.500  21.750  1.0000e-07
7.500  22.000  1.0000e-07
7.500  22.250  1.0000e-07
7.500  22.500  1.0000e-07
7.500  22.750  1.0000e-07
7.500  23.000  1.0000e-07
7.500  23.250  1.0000e-07
7.500  23.500  1.0000e-07
7.500  23.750  1.0000e-07
7.500  24.000  1.0000e-07
7.750  17.000  4.2273e-02
7.750  17.250  4.7865e-02
7.750  17.500  4.4069e-02
7.750  17.750  3.3786e-02
7.750  18.000  1.0531e-02
7.750  18.250  1.3676e-03
7.750  18.500  1.1424e-04
7.750  18.750  4.0329e-06
7.750  19.000  1.0000e-07
7.750  19.250  1.0000e-07
7.750  19.500  1.0000e-07
7.750  19.750  1.0000e-07
7.750  20.000  1.0000e-07
7.750  20.250  1.0000e-07
7.750  20.500  1.0000e-07
7.750  20.750  1.0000e-07
7.750  21.000  1.0000e-07
7.750  21.250  1.0000e-07
7.750  21.500  1.0000e-07
7.750  21.750  1.0000e-07
7.750  22.000  1.0000e-07
7.750  22.250  1.0000e-07
7.750  22.500  1.0000e-07
7.750  22.750  1.0000e-07
7.750  23.000  1.0000e-07
7.750  23.250  1.0000e-07
7.750  23.500  1.0000e-07
7.750  23.750  1.0000e-07
7.750  24.000  1.0000e-07
8.000  17.000  3.0191e-02
8.000  17.250  4.2782e-02
8.000  17.500  4.8078e-02
8.000  17.750  4.4027e-02
8.000  18.000  3.3606e-02
8.000  18.250  1.0399e-02
8.000  18.500  1.3344e-03
8.000  18.750  1.0922e-04
8.000  19.000  3.8683e-06
8.000  19.250  1.0000e-07
8.000  19.500  1.0000e-07
8.000  19.750  1.0000e-07
8.000  20.000  1.0000e-07
8.000  20.250  1.0000e-07
8.000  20.500  1.0000e-07
8.000  20.750  1.0000e-07
8.000  21.000  1.0000e-07
8.000  21.250  1.0000e-07
8.000  21.500  1.0000e-07
8.000  21.750  1.0000e-07
8.000  22.000  1.0000e-07
8.000  22.250  1.0000e-07
8.000  22.500  1.0000e-07
8.000  22.750  1.0000e-07
8.000  23.000  1.0000e-07
8.000  23.250  1.0000e-07
8.000  23.500  1.0000e-07
8.000  23.750  1.0000e-07
8.000  24.000  1.0000e-07
8.250  17.000  1.7470e-02
8.250  17.250  3.0790e-02
8.250  17.500  4.3356e-02
8.250  17.750  4.8418e-02
8.250  18.000  4.4088e-02
8.250  18.250  3.3526e-02
8.250  18.500  1.0247e-02
8.250  18.750  1.3002e-03
8.250  19.000  1.0403e-04
8.250  19.250  3.6214e-06
8.250  19.500  1.0000e-07
8.250  19.750  1.0000e-07
8.250  20.000  1.0000e-07
8.250  20.250  1.0000e-07
8.250  20.500  1.0000e-07
8.250  20.750  1.0000e-07
8.250  21.000  1.0000e-07
8.250  21.250  1.0000e-07
8.250  21.500  1.0000e-07
8.250  21.750  1.0000e-07
8.250  22.000  1.0000e-07
8.250  22.250  1.0000e-07
8.250  22.500  1.0000e-07
8.250  22.750  1.0000e-07
8.250  23.000  1.0000e-07
8.250  23.250  1.0000e-07
8.250  23.500  1.0000e-07
8.250  23.750  1.0000e-07
8.250  24.000  1.0000e-07
8.500  17.000  8.4983e-03
8.500  17.250  1.7758e-02
8.500  17.500  3.1149e-02
8.500  17.750  4.3659e-02
8.500  18.000  4.8539e-02
8.500  18.250  4.3996e-02
8.500  18.500  3.3370e-02
8.500  18.750  1.0088e-02
8.500  19.000  1.2651e-03
8.500  19.250  9.8601e-05
8.500  19.500  3.4568e-06
8.500  19.750  1.0000e-07
8.500  20.000  1.0000e-07
8.500  20.250  1.0000e-07
8.500  20.500  1.0000e-07
8.500  20.750  1.0000e-07
8.500  21.000  1.0000e-07
8.500  21.250  1.0000e-07
8.500  21.500  1.0000e-07
8.500  21.750  1.0000e-07
8.500  22.000  1.0000e-07
8.500  22.250  1.0000e-07
8.500  22.500  1.0000e-07
8.500  22.750  1.0000e-07
8.500  23.000  1.0000e-07
8.500  23.250  1.0000e-07
8.500  23.500  1.0000e-07
8.500  23.750  1.0000e-07
8.500  24.000  1.0000e-07
8.750  17.000  3.6461e-03
8.750  17.250  8.6146e-03
8.750  17.500  1.7904e-02
8.750  17.750  3.1281e-02
8.750  18.000  4.3707e-02
8.750  18.250  4.8450e-02
8.750  18.500  4.3761e-02
8.750  18.750  3.3260e-02
8.750  19.000  9.9541e-03
8.750  19.250  1.2297e-03
8.750  19.500  9.3086e-05
8.750  19.750  3.2099e-06
8.750  20.000  1.0000e-07
8.750  20.250  1.0000e-07
8.750  20.500  1.0000e-07
8.750  20.750  1.0000e-07
8.750  21.000  1.0000e-07
8.750  21.250  1.0000e-07
8.750  21.500  1.0000e-07
8.750  21.750  1.0000e-07
8.750  22.000  1.0000e-07
8.750  22.250  1.0000e-07
8.750  22.500  1.0000e-07
8.750  22.750  1.0000e-07
8.750  23.000  1.0000e-07
8.750  23.250  1.0000e-07
8.750  23.500  1.0000e-07
8.750  23.750  1.0000e-07
8.750  24.000  1.0000e-07
9.000  17.000  1.3510e-03
9.000  17.250  3.7110e-03
9.000  17.500  8.6918e-03
9.000  17.750  1.7933e-02
9.000  18.000  3.1206e-02
9.000  18.250  4.3507e-02
9.000  18.500  4.8150e-02
9.000  18.750  4.3427e-02
9.000  19.000  3.2982e-02
9.000  19.250  9.8274e-03
9.000  19.500  1.1949e-03
9.000  19.750  8.7654e-05
9.000  20.000  3.0453e-06
9.000  20.250  1.0000e-07
9.000  20.500  1.0000e-07
9.000  20.750  1.0000e-07
9.000  21.000  1.0000e-07
9.000  21.250  1.0000e-07
9.000  21.500  1.0000e-07
9.000  21.750  1.0000e-07
9.000  22.000  1.0000e-07
9.000  22.250  1.0000e-07
9.000  22.500  1.0000e-07
9.000  22.750  1.0000e-07
9.000  23.000  1.0000e-07
9.000  23.250  1.0000e-07
9.000  23.500  1.0000e-07
9.000  23.750  1.0000e-07
9.000  24.000  1.0000e-07
9.250  17.000  3.9737e-04
9.250  17.250  1.3883e-03
9.250  17.500  3.7704e-03
9.250  17.750  8.7290e-03
9.250  18.000  1.7856e-02
9.250  18.250  3.0933e-02
9.250  18.500  4.3046e-02
9.250  18.750  4.7589e-02
9.250  19.000  4.2863e-02
9.250  19.250  3.2690e-02
9.250  19.500  9.7171e-03
9.250  19.750  1.1588e-03
9.250  20.000  8.2305e-05
9.250  20.250  2.7984e-06
9.250  20.500  1.0000e-07
9.250  20.750  1.0000e-07
9.250  21.000  1.0000e-07
9.250  21.250  1.0000e-07
9.250  21.500  1.0000e-07
9.250  21.750  1.0000e-07
9.250  22.000  1.0000e-07
9.250  22.250  1.0000e-07
9.250  22.500  1.0000e-07
9.250  22.750  1.0000e-07
9.250  23.000  1.0000e-07
9.250  23.250  1.0000e-07
9.250  23.500  1.0000e-07
9.250  23.750  1.0000e-07
9.250  24.000  1.0000e-07
9.500  17.000  8.3292e-05
9.500  17.250  4.1193e-04
9.500  17.500  1.4286e-03
9.500  17.750  3.8207e-03
9.500  18.000  8.7173e-03
9.500  18.250  1.7650e-02
9.500  18.500  3.0427e-02
9.500  18.750  4.2251e-02
9.500  19.000  4.6659e-02
9.500  19.250  4.2196e-02
9.500  19.500  3.2228e-02
9.500  19.750  9.6323e-03
9.500  20.000  1.1223e-03
9.500  20.250  7.7202e-05
9.500  20.500  2.6337e-06
9.500  20.750  1.0000e-07
9.500  21.000  1.0000e-07
9.500  21.250  1.0000e-07
9.500  21.500  1.0000e-07
9.500  21.750  1.0000e-07
9.500  22.000  1.0000e-07
9.500  22.250  1.0000e-07
9.500  22.500  1.0000e-07
9.500  22.750  1.0000e-07
9.500  23.000  1.0000e-07
9.500  23.250  1.0000e-07
9.500  23.500  1.0000e-07
9.500  23.750  1.0000e-07
9.500  24.000  1.0000e-07
9.750  17.000  1.1276e-05
9.750  17.250  8.5844e-05
9.750  17.500  4.2560e-04
9.750  17.750  1.4583e-03
9.750  18.000  3.8370e-03
9.750  18.250  8.6170e-03
9.750  18.500  1.7278e-02
9.750  18.750  2.9592e-02
9.750  19.000  4.0980e-02
9.750  19.250  4.5190e-02
9.750  19.500  4.1355e-02
9.750  19.750  3.1592e-02
9.750  20.000  9.5296e-03
9.750  20.250  1.0835e-03
9.750  20.500  7.2181e-05
9.750  20.750  2.3868e-06
9.750  21.000  1.0000e-07
9.750  21.250  1.0000e-07
9.750  21.500  1.0000e-07
9.750  21.750  1.0000e-07
9.750  22.000  1.0000e-07
9.750  22.250  1.0000e-07
9.750  22.500  1.0000e-07
9.750  22.750  1.0000e-07
9.750  23.000  1.0000e-07
9.750  23.250  1.0000e-07
9.750  23.500  1.0000e-07
9.750  23.750  1.0000e-07
9.750  24.000  1.0000e-07
10.000  17.000  8.2305e-07
10.000  17.250  1.1440e-05
10.000  17.500  8.7819e-05
10.000  17.750  4.3169e-04
10.000  18.000  1.4561e-03
10.000  18.250  3.7697e-03
10.000  18.500  8.3561e-03
10.000  18.750  1.6608e-02
10.000  19.000  2.8297e-02
10.000  19.250  3.9033e-02
10.000  19.500  4.3714e-02
10.000  19.750  4.0255e-02
10.000  20.000  3.0671e-02
10.000  20.250  9.3973e-03
10.000  20.500  1.0358e-03
10.000  20.750  6.6749e-05
10.000  21.000  2.2222e-06
10.000  21.250  1.0000e-07
10.000  21.500  1.0000e-07
10.000  21.750  1.0000e-07
10.000  22.000  1.0000e-07
10.000  22.250  1.0000e-07
10.000  22.500  1.0000e-07
10.000  22.750  1.0000e-07
10.000  23.000  1.0000e-07
10.000  23.250  1.0000e-07
10.000  23.500  1.0000e-07
10.000  23.750  1.0000e-07
10.000  24.000  1.0000e-07
10.250  17.000  1.0000e-07
10.250  17.250  8.2305e-07
10.250  17.500  1.1440e-05
10.250  17.750  8.6996e-05
10.250  18.000  4.2091e-04
10.250  18.250  1.3982e-03
10.250  18.500  3.5744e-03
10.250  18.750  7.8647e-03
10.250  19.000  1.5575e-02
10.250  19.250  2.6380e-02
10.250  19.500  3.6258e-02
10.250  19.750  4.2438e-02
10.250  20.000  3.8922e-02
10.250  20.250  2.9718e-02
10.250  20.500  9.1472e-03
10.250  20.750  9.7358e-04
10.250  21.000  6.0988e-05
10.250  21.250  1.9753e-06
10.250  21.500  1.0000e-07
10.250  21.750  1.0000e-07
10.250  22.000  1.0000e-07
10.250  22.250  1.0000e-07
10.250  22.500  1.0000e-07
10.250  22.750  1.0000e-07
10.250  23.000  1.0000e-07
10.250  23.250  1.0000e-07
10.250  23.500  1.0000e-07
10.250  23.750  1.0000e-07
10.250  24.000  1.0000e-07
10.500  17.000  1.0000e-07
10.500  17.250  1.0000e-07
10.500  17.500  1.0000e-07
10.500  17.750  1.1029e-05
10.500  18.000  8.1811e-05
10.500  18.250  3.8790e-04
10.500  18.500  1.2700e-03
10.500  18.750  3.2203e-03
10.500  19.000  7.1076e-03
10.500  19.250  1.4095e-02
10.500  19.500  2.3750e-02
10.500  19.750  3.2703e-02
10.500  20.000  4.0509e-02
10.500  20.250  3.7454e-02
10.500  20.500  2.8648e-02
10.500  20.750  8.7292e-03
10.500  21.000  8.8856e-04
10.500  21.250  5.4239e-05
10.500  21.500  1.8107e-06
10.500  21.750  1.0000e-07
10.500  22.000  1.0000e-07
10.500  22.250  1.0000e-07
10.500  22.500  1.0000e-07
10.500  22.750  1.0000e-07
10.500  23.000  1.0000e-07
10.500  23.250  1.0000e-07
10.500  23.500  1.0000e-07
10.500  23.750  1.0000e-07
10.500  24.000  1.0000e-07
10.750  17.000  1.0000e-07
10.750  17.250  1.0000e-07
10.750  17.500  1.0000e-07
10.750  17.750  1.0000e-07
10.750  18.000  1.0041e-05
10.750  18.250  7.2016e-05
10.750  18.500  3.3366e-04
10.750  18.750  1.0782e-03
10.750  19.000  2.7345e-03
10.750  19.250  6.1059e-03
10.750  19.500  1.2248e-02
10.750  19.750  2.0699e-02
10.750  20.000  2.8669e-02
10.750  20.250  3.8107e-02
10.750  20.500  3.5640e-02
10.750  20.750  2.7326e-02
10.750  21.000  7.9490e-03
10.750  21.250  7.7424e-04
10.750  21.500  4.6255e-05
10.750  21.750  1.4815e-06
10.750  22.000  1.0000e-07
10.750  22.250  1.0000e-07
10.750  22.500  1.0000e-07
10.750  22.750  1.0000e-07
10.750  23.000  1.0000e-07
10.750  23.250  1.0000e-07
10.750  23.500  1.0000e-07
10.750  23.750  1.0000e-07
10.750  24.000  1.0000e-07
11.000  17.000  1.0000e-07
11.000  17.250  1.0000e-07
11.000  17.500  1.0000e-07
11.000  17.750  1.0000e-07
11.000  18.000  1.0000e-07
11.000  18.250  8.5597e-06
11.000  18.500  5.9177e-05
11.000  18.750  2.6765e-04
11.000  19.000  8.5152e-04
11.000  19.250  2.1806e-03
11.000  19.500  4.9980e-03
11.000  19.750  1.0248e-02
11.000  20.000  1.7439e-02
11.000  20.250  3.0155e-02
11.000  20.500  3.5432e-02
11.000  20.750  3.3261e-02
11.000  21.000  2.5453e-02
11.000  21.250  6.7597e-03
11.000  21.500  6.3144e-04
11.000  21.750  3.7202e-05
11.000  22.000  1.2346e-06
11.000  22.250  1.0000e-07
11.000  22.500  1.0000e-07
11.000  22.750  1.0000e-07
11.000  23.000  1.0000e-07
11.000  23.250  1.0000e-07
11.000  23.500  1.0000e-07
11.000  23.750  1.0000e-07
11.000  24.000  1.0000e-07
11.250  17.000  1.0000e-07
11.250  17.250  1.0000e-07
11.250  17.500  1.0000e-07
11.250  17.750  1.0000e-07
11.250  18.000  1.0000e-07
11.250  18.250  1.0000e-07
11.250  18.500  6.8313e-06
11.250  18.750  4.5597e-05
11.250  19.000  1.9975e-04
11.250  19.250  6.2930e-04
11.250  19.500  1.6527e-03
11.250  19.750  3.9498e-03
11.250  20.000  8.2987e-03
11.250  20.250  1.4223e-02
11.250  20.500  2.6949e-02
11.250  20.750  3.1681e-02
11.250  21.000  3.0335e-02
11.250  21.250  2.3055e-02
11.250  21.500  5.3080e-03
11.250  21.750  4.7646e-04
11.250  22.000  2.7819e-05
11.250  22.250  9.0535e-07
11.250  22.500  1.0000e-07
11.250  22.750  1.0000e-07
11.250  23.000  1.0000e-07
11.250  23.250  1.0000e-07
11.250  23.500  1.0000e-07
11.250  23.750  1.0000e-07
11.250  24.000  1.0000e-07
11.500  17.000  1.0000e-07
11.500  17.250  1.0000e-07
11.500  17.500  1.0000e-07
11.500  17.750  1.0000e-07
11.500  18.000  1.0000e-07
11.500  18.250  1.0000e-07
11.500  18.500  1.0000e-07
11.500  18.750  5.0206e-06
11.500  19.000  3.3004e-05
11.500  19.250  1.4066e-04
11.500  19.500  4.4494e-04
11.500  19.750  1.2184e-03
11.500  20.000  3.0486e-03
11.500  20.250  6.5252e-03
11.500  20.500  1.1230e-02
11.500  20.750  2.2920e-02
11.500  21.000  2.7383e-02
11.500  21.250  2.6658e-02
11.500  21.500  2.0462e-02
11.500  21.750  3.6945e-03
11.500  22.000  3.3119e-04
11.500  22.250  1.9259e-05
11.500  22.500  1.0000e-07
11.500  22.750  1.0000e-07
11.500  23.000  1.0000e-07
11.500  23.250  1.0000e-07
11.500  23.500  1.0000e-07
11.500  23.750  1.0000e-07
11.500  24.000  1.0000e-07
11.750  17.000  1.0000e-07
11.750  17.250  1.0000e-07
11.750  17.500  1.0000e-07
11.750  17.750  1.0000e-07
11.750  18.000  1.0000e-07
11.750  18.250  1.0000e-07
11.750  18.500  1.0000e-07
11.750  18.750  1.0000e-07
11.750  19.000  3.4568e-06
11.750  19.250  2.2716e-05
11.750  19.500  9.5556e-05
11.750  19.750  3.0914e-04
11.750  20.000  8.9128e-04
11.750  20.250  2.3165e-03
11.750  20.500  4.9896e-03
11.750  20.750  8.6114e-03
11.750  21.000  1.8967e-02
11.750  21.250  2.3257e-02
11.750  21.500  2.2880e-02
11.750  21.750  1.7117e-02
11.750  22.000  2.3325e-03
11.750  22.250  2.1169e-04
11.750  22.500  1.2510e-05
11.750  22.750  1.0000e-07
11.750  23.000  1.0000e-07
11.750  23.250  1.0000e-07
11.750  23.500  1.0000e-07
11.750  23.750  1.0000e-07
11.750  24.000  1.0000e-07
12.000  17.000  1.0000e-07
12.000  17.250  1.0000e-07
12.000  17.500  1.0000e-07
12.000  17.750  1.0000e-07
12.000  18.000  1.0000e-07
12.000  18.250  1.0000e-07
12.000  18.500  1.0000e-07
12.000  18.750  1.0000e-07
12.000  19.000  1.0000e-07
12.000  19.250  2.3045e-06
12.000  19.500  1.5226e-05
12.000  19.750  6.3951e-05
12.000  20.000  2.1597e-04
12.000  20.250  6.5621e-04
12.000  20.500  1.7402e-03
12.000  20.750  3.7224e-03
12.000  21.000  6.5188e-03
12.000  21.250  1.5500e-02
12.000  21.500  1.9338e-02
12.000  21.750  1.8566e-02
12.000  22.000  1.2503e-02
12.000  22.250  1.3541e-03
12.000  22.500  1.2683e-04
12.000  22.750  7.6543e-06
12.000  23.000  1.0000e-07
12.000  23.250  1.0000e-07
12.000  23.500  1.0000e-07
12.000  23.750  1.0000e-07
12.000  24.000  1.0000e-07
12.250  17.000  1.0000e-07
12.250  17.250  1.0000e-07
12.250  17.500  1.0000e-07
12.250  17.750  1.0000e-07
12.250  18.000  1.0000e-07
12.250  18.250  1.0000e-07
12.250  18.500  1.0000e-07
12.250  18.750  1.0000e-07
12.250  19.000  1.0000e-07
12.250  19.250  1.0000e-07
12.250  19.500  1.5638e-06
12.250  19.750  1.0123e-05
12.250  20.000  4.3457e-05
12.250  20.250  1.5465e-04
12.250  20.500  4.8716e-04
12.250  20.750  1.2890e-03
12.250  21.000  2.7359e-03
12.250  21.250  7.3344e-03
12.250  21.500  1.2400e-02
12.250  21.750  1.5498e-02
12.250  22.000  1.3776e-02
12.250  22.250  8.0678e-03
12.250  22.500  7.5160e-04
12.250  22.750  7.2428e-05
12.250  23.000  4.4444e-06
12.250  23.250  1.0000e-07
12.250  23.500  1.0000e-07
12.250  23.750  1.0000e-07
12.250  24.000  1.0000e-07
12.500  17.000  1.0000e-07
12.500  17.250  1.0000e-07
12.500  17.500  1.0000e-07
12.500  17.750  1.0000e-07
12.500  18.000  1.0000e-07
12.500  18.250  1.0000e-07
12.500  18.500  1.0000e-07
12.500  18.750  1.0000e-07
12.500  19.000  1.0000e-07
12.500  19.250  1.0000e-07
12.500  19.500  1.0000e-07
12.500  19.750  1.0700e-06
12.500  20.000  6.8313e-06
12.500  20.250  3.0370e-05
12.500  20.500  1.1350e-04
12.500  20.750  3.6239e-04
12.500  21.000  9.3885e-04
12.500  21.250  2.0186e-03
12.500  21.500  5.7101e-03
12.500  21.750  9.8565e-03
12.500  22.000  1.1623e-02
12.500  22.250  9.5139e-03
12.500  22.500  4.9738e-03
12.500  22.750  4.0708e-04
12.500  23.000  3.9918e-05
12.500  23.250  2.5514e-06
12.500  23.500  1.0000e-07
12.500  23.750  1.0000e-07
12.500  24.000  1.0000e-07
12.750  17.000  1.0000e-07
12.750  17.250  1.0000e-07
12.750  17.500  1.0000e-07
12.750  17.750  1.0000e-07
12.750  18.000  1.0000e-07
12.750  18.250  1.0000e-07
12.750  18.500  1.0000e-07
12.750  18.750  1.0000e-07
12.750  19.000  1.0000e-07
12.750  19.250  1.0000e-07
12.750  19.500  1.0000e-07
12.750  19.750  1.0000e-07
12.750  20.000  1.0000e-07
12.750  20.250  4.6914e-06
12.750  20.500  2.1646e-05
12.750  20.750  8.3374e-05
12.750  21.000  2.6337e-04
12.750  21.250  6.7572e-04
12.750  21.500  1.4910e-03
12.750  21.750  4.5207e-03
12.750  22.000  7.3791e-03
12.750  22.250  8.1862e-03
12.750  22.500  6.2460e-03
12.750  22.750  2.7922e-03
12.750  23.000  2.2477e-04
12.750  23.250  2.1481e-05
12.750  23.500  1.3992e-06
12.750  23.750  1.0000e-07
12.750  24.000  1.0000e-07
13.000  17.000  1.0000e-07
13.000  17.250  1.0000e-07
13.000  17.500  1.0000e-07
13.000  17.750  1.0000e-07
13.000  18.000  1.0000e-07
13.000  18.250  1.0000e-07
13.000  18.500  1.0000e-07
13.000  18.750  1.0000e-07
13.000  19.000  1.0000e-07
13.000  19.250  1.0000e-07
13.000  19.500  1.0000e-07
13.000  19.750  1.0000e-07
13.000  20.000  1.0000e-07
13.000  20.250  1.0000e-07
13.000  20.500  3.2099e-06
13.000  20.750  1.5062e-05
13.000  21.000  5.8189e-05
13.000  21.250  1.8214e-04
13.000  21.500  4.7613e-04
13.000  21.750  1.0878e-03
13.000  22.000  3.3928e-03
13.000  22.250  5.2771e-03
13.000  22.500  5.4805e-03
13.000  22.750  3.9726e-03
13.000  23.000  1.5651e-03
13.000  23.250  1.1811e-04
13.000  23.500  1.1440e-05
13.000  23.750  1.0000e-07
13.000  24.000  1.0000e-07
13.250  17.000  1.0000e-07
13.250  17.250  1.0000e-07
13.250  17.500  1.0000e-07
13.250  17.750  1.0000e-07
13.250  18.000  1.0000e-07
13.250  18.250  1.0000e-07
13.250  18.500  1.0000e-07
13.250  18.750  1.0000e-07
13.250  19.000  1.0000e-07
13.250  19.250  1.0000e-07
13.250  19.500  1.0000e-07
13.250  19.750  1.0000e-07
13.250  20.000  1.0000e-07
13.250  20.250  1.0000e-07
13.250  20.500  1.0000e-07
13.250  20.750  1.9753e-06
13.250  21.000  9.6296e-06
13.250  21.250  3.7531e-05
13.250  21.500  1.1959e-04
13.250  21.750  3.2444e-04
13.250  22.000  7.6453e-04
13.250  22.250  2.4135e-03
13.250  22.500  3.5837e-03
13.250  22.750  3.5429e-03
13.250  23.000  2.4973e-03
13.250  23.250  8.2181e-04
13.250  23.500  6.0823e-05
13.250  23.750  6.0905e-06
13.250  24.000  1.0000e-07
13.500  17.000  1.0000e-07
13.500  17.250  1.0000e-07
13.500  17.500  1.0000e-07
13.500  17.750  1.0000e-07
13.500  18.000  1.0000e-07
13.500  18.250  1.0000e-07
13.500  18.500  1.0000e-07
13.500  18.750  1.0000e-07
13.500  19.000  1.0000e-07
13.500  19.250  1.0000e-07
13.500  19.500  1.0000e-07
13.500  19.750  1.0000e-07
13.500  20.000  1.0000e-07
13.500  20.250  1.0000e-07
13.500  20.500  1.0000e-07
13.500  20.750  1.0000e-07
13.500  21.000  1.1523e-06
13.500  21.250  5.9259e-06
13.500  21.500  2.4115e-05
13.500  21.750  8.0329e-05
13.500  22.000  2.1868e-04
13.500  22.250  5.1580e-04
13.500  22.500  1.6217e-03
13.500  22.750  2.3041e-03
13.500  23.000  2.2212e-03
13.500  23.250  1.5780e-03
13.500  23.500  4.3309e-04
13.500  23.750  3.2263e-05
13.500  24.000  3.2099e-06
13.750  17.000  1.0000e-07
13.750  17.250  1.0000e-07
13.750  17.500  1.0000e-07
13.750  17.750  1.0000e-07
13.750  18.000  1.0000e-07
13.750  18.250  1.0000e-07
13.750  18.500  1.0000e-07
13.750  18.750  1.0000e-07
13.750  19.000  1.0000e-07
13.750  19.250  1.0000e-07
13.750  19.500  1.0000e-07
13.750  19.750  1.0000e-07
13.750  20.000  1.0000e-07
13.750  20.250  1.0000e-07
13.750  20.500  1.0000e-07
13.750  20.750  1.0000e-07
13.750  21.000  1.0000e-07
13.750  21.250  1.0000e-07
13.750  21.500  3.9506e-06
13.750  21.750  1.6708e-05
13.750  22.000  5.3909e-05
13.750  22.250  1.4263e-04
13.750  22.500  3.3366e-04
13.750  22.750  1.0477e-03
13.750  23.000  1.4337e-03
13.750  23.250  1.3538e-03
13.750  23.500  9.9416e-04
13.750  23.750  2.5226e-04
13.750  24.000  1.6872e-05
14.000  17.000  1.0000e-07
14.000  17.250  1.0000e-07
14.000  17.500  1.0000e-07
14.000  17.750  1.0000e-07
14.000  18.000  1.0000e-07
14.000  18.250  1.0000e-07
14.000  18.500  1.0000e-07
14.000  18.750  1.0000e-07
14.000  19.000  1.0000e-07
14.000  19.250  1.0000e-07
14.000  19.500  1.0000e-07
14.000  19.750  1.0000e-07
14.000  20.000  1.0000e-07
14.000  20.250  1.0000e-07
14.000  20.500  1.0000e-07
14.000  20.750  1.0000e-07
14.000  21.000  1.0000e-07
14.000  21.250  1.0000e-07
14.000  21.500  1.0000e-07
14.000  21.750  2.8807e-06
14.000  22.000  1.1358e-05
14.000  22.250  3.4733e-05
14.000  22.500  9.1029e-05
14.000  22.750  2.1473e-04
14.000  23.000  6.6420e-04
14.000  23.250  8.8461e-04
14.000  23.500  8.0840e-04
14.000  23.750  5.9045e-04
14.000  24.000  1.2502e-04
