InwD 8329.68A  relative to Inci 1215.00A scaled to 1215A.
Hden   Phi(H)  Eq_Width (A)
7.000  17.000  1.3298e-02
7.000  17.250  7.6933e-03
7.000  17.500  3.9694e-03
7.000  17.750  2.0193e-03
7.000  18.000  1.0539e-03
7.000  18.250  5.3860e-04
7.000  18.500  2.4750e-04
7.000  18.750  1.2260e-04
7.000  19.000  5.8900e-05
7.000  19.250  2.3700e-05
7.000  19.500  1.0000e-05
7.000  19.750  4.5000e-06
7.000  20.000  2.2000e-06
7.000  20.250  1.1000e-06
7.000  20.500  6.0000e-07
7.000  20.750  3.0000e-07
7.000  21.000  1.0000e-07
7.000  21.250  1.0000e-07
7.000  21.500  1.0000e-07
7.000  21.750  1.0000e-07
7.000  22.000  1.0000e-10
7.000  22.250  1.0000e-10
7.000  22.500  1.0000e-10
7.000  22.750  1.0000e-07
7.000  23.000  1.0000e-10
7.000  23.250  1.0000e-10
7.000  23.500  1.0000e-10
7.000  23.750  1.0000e-10
7.000  24.000  1.0000e-10
7.250  17.000  2.1329e-02
7.250  17.250  1.3289e-02
7.250  17.500  7.6853e-03
7.250  17.750  3.9654e-03
7.250  18.000  2.0170e-03
7.250  18.250  1.0534e-03
7.250  18.500  5.3840e-04
7.250  18.750  2.4750e-04
7.250  19.000  1.2260e-04
7.250  19.250  5.9000e-05
7.250  19.500  2.3700e-05
7.250  19.750  1.0000e-05
7.250  20.000  4.5000e-06
7.250  20.250  2.1000e-06
7.250  20.500  1.1000e-06
7.250  20.750  6.0000e-07
7.250  21.000  3.0000e-07
7.250  21.250  1.0000e-07
7.250  21.500  1.0000e-07
7.250  21.750  1.0000e-10
7.250  22.000  1.0000e-10
7.250  22.250  1.0000e-10
7.250  22.500  1.0000e-10
7.250  22.750  1.0000e-10
7.250  23.000  1.0000e-10
7.250  23.250  1.0000e-10
7.250  23.500  1.0000e-10
7.250  23.750  1.0000e-10
7.250  24.000  1.0000e-10
7.500  17.000  2.3715e-02
7.500  17.250  2.1404e-02
7.500  17.500  1.3282e-02
7.500  17.750  7.6792e-03
7.500  18.000  3.9604e-03
7.500  18.250  2.0144e-03
7.500  18.500  1.0528e-03
7.500  18.750  5.3830e-04
7.500  19.000  2.4740e-04
7.500  19.250  1.2260e-04
7.500  19.500  5.8900e-05
7.500  19.750  2.3700e-05
7.500  20.000  1.0000e-05
7.500  20.250  4.5000e-06
7.500  20.500  2.2000e-06
7.500  20.750  1.1000e-06
7.500  21.000  6.0000e-07
7.500  21.250  3.0000e-07
7.500  21.500  1.0000e-07
7.500  21.750  1.0000e-07
7.500  22.000  1.0000e-10
7.500  22.250  1.0000e-07
7.500  22.500  1.0000e-10
7.500  22.750  1.0000e-10
7.500  23.000  1.0000e-10
7.500  23.250  1.0000e-10
7.500  23.500  1.0000e-10
7.500  23.750  1.0000e-10
7.500  24.000  1.0000e-10
7.750  17.000  2.5534e-02
7.750  17.250  2.3943e-02
7.750  17.500  2.1456e-02
7.750  17.750  1.3277e-02
7.750  18.000  7.6742e-03
7.750  18.250  3.9564e-03
7.750  18.500  2.0114e-03
7.750  18.750  1.0520e-03
7.750  19.000  5.3830e-04
7.750  19.250  2.4740e-04
7.750  19.500  1.2260e-04
7.750  19.750  5.8900e-05
7.750  20.000  2.3700e-05
7.750  20.250  1.0000e-05
7.750  20.500  4.5000e-06
7.750  20.750  2.2000e-06
7.750  21.000  1.0000e-06
7.750  21.250  6.0000e-07
7.750  21.500  3.0000e-07
7.750  21.750  1.0000e-07
7.750  22.000  1.0000e-07
7.750  22.250  1.0000e-07
7.750  22.500  1.0000e-10
7.750  22.750  1.0000e-10
7.750  23.000  1.0000e-10
7.750  23.250  1.0000e-10
7.750  23.500  1.0000e-10
7.750  23.750  1.0000e-10
7.750  24.000  1.0000e-10
8.000  17.000  2.6274e-02
8.000  17.250  2.5620e-02
8.000  17.500  2.3893e-02
8.000  17.750  2.1305e-02
8.000  18.000  1.3264e-02
8.000  18.250  7.6712e-03
8.000  18.500  3.9513e-03
8.000  18.750  2.0079e-03
8.000  19.000  1.0510e-03
8.000  19.250  5.3820e-04
8.000  19.500  2.4740e-04
8.000  19.750  1.2260e-04
8.000  20.000  5.8900e-05
8.000  20.250  2.3700e-05
8.000  20.500  1.0000e-05
8.000  20.750  4.5000e-06
8.000  21.000  2.2000e-06
8.000  21.250  1.0000e-06
8.000  21.500  6.0000e-07
8.000  21.750  3.0000e-07
8.000  22.000  1.0000e-07
8.000  22.250  1.0000e-07
8.000  22.500  1.0000e-07
8.000  22.750  1.0000e-10
8.000  23.000  1.0000e-10
8.000  23.250  1.0000e-10
8.000  23.500  1.0000e-10
8.000  23.750  1.0000e-10
8.000  24.000  1.0000e-10
8.250  17.000  2.7029e-02
8.250  17.250  2.6704e-02
8.250  17.500  2.6022e-02
8.250  17.750  2.4112e-02
8.250  18.000  2.1346e-02
8.250  18.250  1.3264e-02
8.250  18.500  7.6692e-03
8.250  18.750  3.9473e-03
8.250  19.000  2.0039e-03
8.250  19.250  1.0499e-03
8.250  19.500  5.3790e-04
8.250  19.750  2.4740e-04
8.250  20.000  1.2260e-04
8.250  20.250  5.8900e-05
8.250  20.500  2.3700e-05
8.250  20.750  1.0000e-05
8.250  21.000  4.5000e-06
8.250  21.250  2.2000e-06
8.250  21.500  1.1000e-06
8.250  21.750  6.0000e-07
8.250  22.000  3.0000e-07
8.250  22.250  1.0000e-07
8.250  22.500  1.0000e-07
8.250  22.750  1.0000e-07
8.250  23.000  1.0000e-07
8.250  23.250  1.0000e-07
8.250  23.500  1.0000e-10
8.250  23.750  1.0000e-10
8.250  24.000  1.0000e-10
8.500  17.000  2.7752e-02
8.500  17.250  2.7515e-02
8.500  17.500  2.7265e-02
8.500  17.750  2.6607e-02
8.500  18.000  2.4481e-02
8.500  18.250  2.1446e-02
8.500  18.500  1.3265e-02
8.500  18.750  7.6672e-03
8.500  19.000  3.9413e-03
8.500  19.250  1.9994e-03
8.500  19.500  1.0486e-03
8.500  19.750  5.3780e-04
8.500  20.000  2.4730e-04
8.500  20.250  1.2260e-04
8.500  20.500  5.9000e-05
8.500  20.750  2.3700e-05
8.500  21.000  1.0000e-05
8.500  21.250  4.5000e-06
8.500  21.500  2.2000e-06
8.500  21.750  1.1000e-06
8.500  22.000  6.0000e-07
8.500  22.250  3.0000e-07
8.500  22.500  1.0000e-07
8.500  22.750  1.0000e-07
8.500  23.000  1.0000e-07
8.500  23.250  1.0000e-10
8.500  23.500  1.0000e-10
8.500  23.750  1.0000e-10
8.500  24.000  1.0000e-10
8.750  17.000  2.8443e-02
8.750  17.250  2.8309e-02
8.750  17.500  2.8241e-02
8.750  17.750  2.8201e-02
8.750  18.000  2.7567e-02
8.750  18.250  2.5166e-02
8.750  18.500  2.1622e-02
8.750  18.750  1.3268e-02
8.750  19.000  7.6662e-03
8.750  19.250  3.9353e-03
8.750  19.500  1.9946e-03
8.750  19.750  1.0473e-03
8.750  20.000  5.3760e-04
8.750  20.250  2.4720e-04
8.750  20.500  1.2260e-04
8.750  20.750  5.9000e-05
8.750  21.000  2.3700e-05
8.750  21.250  1.0000e-05
8.750  21.500  4.5000e-06
8.750  21.750  2.2000e-06
8.750  22.000  1.1000e-06
8.750  22.250  6.0000e-07
8.750  22.500  3.0000e-07
8.750  22.750  1.0000e-07
8.750  23.000  1.0000e-07
8.750  23.250  1.0000e-07
8.750  23.500  1.0000e-10
8.750  23.750  1.0000e-10
8.750  24.000  1.0000e-10
9.000  17.000  2.9083e-02
9.000  17.250  2.9089e-02
9.000  17.500  2.9231e-02
9.000  17.750  2.9567e-02
9.000  18.000  2.9984e-02
9.000  18.250  2.9499e-02
9.000  18.500  2.6519e-02
9.000  18.750  2.2097e-02
9.000  19.000  1.3269e-02
9.000  19.250  7.6662e-03
9.000  19.500  3.9293e-03
9.000  19.750  1.9895e-03
9.000  20.000  1.0459e-03
9.000  20.250  5.3730e-04
9.000  20.500  2.4720e-04
9.000  20.750  1.2260e-04
9.000  21.000  5.8900e-05
9.000  21.250  2.3700e-05
9.000  21.500  1.0000e-05
9.000  21.750  4.5000e-06
9.000  22.000  2.2000e-06
9.000  22.250  1.1000e-06
9.000  22.500  6.0000e-07
9.000  22.750  3.0000e-07
9.000  23.000  1.0000e-07
9.000  23.250  1.0000e-07
9.000  23.500  1.0000e-07
9.000  23.750  1.0000e-10
9.000  24.000  1.0000e-10
9.250  17.000  2.9671e-02
9.250  17.250  2.9836e-02
9.250  17.500  3.0285e-02
9.250  17.750  3.1105e-02
9.250  18.000  3.2340e-02
9.250  18.250  3.3483e-02
9.250  18.500  3.2832e-02
9.250  18.750  2.9138e-02
9.250  19.000  2.2112e-02
9.250  19.250  1.3267e-02
9.250  19.500  7.6683e-03
9.250  19.750  3.9253e-03
9.250  20.000  1.9847e-03
9.250  20.250  1.0445e-03
9.250  20.500  5.3710e-04
9.250  20.750  2.4710e-04
9.250  21.000  1.2260e-04
9.250  21.250  5.9000e-05
9.250  21.500  2.3700e-05
9.250  21.750  1.0000e-05
9.250  22.000  4.5000e-06
9.250  22.250  2.2000e-06
9.250  22.500  1.2000e-06
9.250  22.750  6.0000e-07
9.250  23.000  3.0000e-07
9.250  23.250  2.0000e-07
9.250  23.500  2.0000e-07
9.250  23.750  1.0000e-07
9.250  24.000  1.0000e-07
9.500  17.000  3.0312e-02
9.500  17.250  3.0618e-02
9.500  17.500  3.1395e-02
9.500  17.750  3.2836e-02
9.500  18.000  3.5042e-02
9.500  18.250  3.7662e-02
9.500  18.500  3.9143e-02
9.500  18.750  3.7539e-02
9.500  19.000  3.2379e-02
9.500  19.250  2.2127e-02
9.500  19.500  1.3260e-02
9.500  19.750  7.6714e-03
9.500  20.000  3.9213e-03
9.500  20.250  1.9806e-03
9.500  20.500  1.0434e-03
9.500  20.750  5.3700e-04
9.500  21.000  2.4700e-04
9.500  21.250  1.2250e-04
9.500  21.500  5.9000e-05
9.500  21.750  2.3700e-05
9.500  22.000  1.0000e-05
9.500  22.250  4.5000e-06
9.500  22.500  2.2000e-06
9.500  22.750  1.2000e-06
9.500  23.000  7.0000e-07
9.500  23.250  3.0000e-07
9.500  23.500  2.0000e-07
9.500  23.750  1.0000e-07
9.500  24.000  1.0000e-07
9.750  17.000  3.1002e-02
9.750  17.250  3.1418e-02
9.750  17.500  3.2552e-02
9.750  17.750  3.4748e-02
9.750  18.000  3.8328e-02
9.750  18.250  4.2514e-02
9.750  18.500  4.5651e-02
9.750  18.750  4.6215e-02
9.750  19.000  4.2908e-02
9.750  19.250  3.6122e-02
9.750  19.500  2.2130e-02
9.750  19.750  1.3246e-02
9.750  20.000  7.6756e-03
9.750  20.250  3.9204e-03
9.750  20.500  1.9774e-03
9.750  20.750  1.0424e-03
9.750  21.000  5.3680e-04
9.750  21.250  2.4690e-04
9.750  21.500  1.2250e-04
9.750  21.750  5.9000e-05
9.750  22.000  2.3700e-05
9.750  22.250  1.0100e-05
9.750  22.500  4.5000e-06
9.750  22.750  2.1000e-06
9.750  23.000  1.2000e-06
9.750  23.250  6.0000e-07
9.750  23.500  3.0000e-07
9.750  23.750  2.0000e-07
9.750  24.000  1.0000e-07
10.000  17.000  3.1759e-02
10.000  17.250  3.2371e-02
10.000  17.500  3.3915e-02
10.000  17.750  3.7047e-02
10.000  18.000  4.2309e-02
10.000  18.250  4.8108e-02
10.000  18.500  5.2570e-02
10.000  18.750  5.4746e-02
10.000  19.000  5.3864e-02
10.000  19.250  4.8756e-02
10.000  19.500  3.7927e-02
10.000  19.750  2.2106e-02
10.000  20.000  1.3230e-02
10.000  20.250  7.6791e-03
10.000  20.500  3.9195e-03
10.000  20.750  1.9749e-03
10.000  21.000  1.0418e-03
10.000  21.250  5.3660e-04
10.000  21.500  2.4680e-04
10.000  21.750  1.2260e-04
10.000  22.000  5.9000e-05
10.000  22.250  2.3700e-05
10.000  22.500  1.0000e-05
10.000  22.750  4.6000e-06
10.000  23.000  2.2000e-06
10.000  23.250  1.2000e-06
10.000  23.500  7.0000e-07
10.000  23.750  3.0000e-07
10.000  24.000  2.0000e-07
10.250  17.000  3.3072e-02
10.250  17.250  3.3566e-02
10.250  17.500  3.5721e-02
10.250  17.750  4.0019e-02
10.250  18.000  4.6923e-02
10.250  18.250  5.4150e-02
10.250  18.500  5.9672e-02
10.250  18.750  6.2980e-02
10.250  19.000  6.3657e-02
10.250  19.250  6.1423e-02
10.250  19.500  5.5206e-02
10.250  19.750  3.7838e-02
10.250  20.000  2.2052e-02
10.250  20.250  1.3198e-02
10.250  20.500  7.6811e-03
10.250  20.750  3.9208e-03
10.250  21.000  1.9733e-03
10.250  21.250  1.0415e-03
10.250  21.500  5.3650e-04
10.250  21.750  2.4670e-04
10.250  22.000  1.2270e-04
10.250  22.250  5.9000e-05
10.250  22.500  2.3700e-05
10.250  22.750  1.0100e-05
10.250  23.000  4.5000e-06
10.250  23.250  2.2000e-06
10.250  23.500  1.2000e-06
10.250  23.750  7.0000e-07
10.250  24.000  3.0000e-07
10.500  17.000  3.5186e-02
10.500  17.250  3.5542e-02
10.500  17.500  3.8210e-02
10.500  17.750  4.4058e-02
10.500  18.000  5.2345e-02
10.500  18.250  6.0731e-02
10.500  18.500  6.6811e-02
10.500  18.750  7.0673e-02
10.500  19.000  7.2571e-02
10.500  19.250  7.1905e-02
10.500  19.500  6.8293e-02
10.500  19.750  5.9828e-02
10.500  20.000  3.7765e-02
10.500  20.250  2.1981e-02
10.500  20.500  1.3164e-02
10.500  20.750  7.6724e-03
10.500  21.000  3.9224e-03
10.500  21.250  1.9726e-03
10.500  21.500  1.0416e-03
10.500  21.750  5.3650e-04
10.500  22.000  2.4670e-04
10.500  22.250  1.2260e-04
10.500  22.500  5.8900e-05
10.500  22.750  2.3700e-05
10.500  23.000  1.0000e-05
10.500  23.250  4.6000e-06
10.500  23.500  2.1000e-06
10.500  23.750  1.2000e-06
10.500  24.000  7.0000e-07
10.750  17.000  3.8337e-02
10.750  17.250  3.8526e-02
10.750  17.500  4.1993e-02
10.750  17.750  4.9186e-02
10.750  18.000  5.8572e-02
10.750  18.250  6.7218e-02
10.750  18.500  7.3646e-02
10.750  18.750  7.8557e-02
10.750  19.000  8.0957e-02
10.750  19.250  8.1464e-02
10.750  19.500  7.9809e-02
10.750  19.750  7.5120e-02
10.750  20.000  6.4294e-02
10.750  20.250  3.7670e-02
10.750  20.500  2.1891e-02
10.750  20.750  1.3124e-02
10.750  21.000  7.6527e-03
10.750  21.250  3.9225e-03
10.750  21.500  1.9729e-03
10.750  21.750  1.0420e-03
10.750  22.000  5.3650e-04
10.750  22.250  2.4650e-04
10.750  22.500  1.2250e-04
10.750  22.750  5.9000e-05
10.750  23.000  2.3700e-05
10.750  23.250  9.9000e-06
10.750  23.500  4.5000e-06
10.750  23.750  2.2000e-06
10.750  24.000  1.1000e-06
11.000  17.000  4.2729e-02
11.000  17.250  4.2625e-02
11.000  17.500  4.6870e-02
11.000  17.750  5.5274e-02
11.000  18.000  6.5128e-02
11.000  18.250  7.3750e-02
11.000  18.500  8.0743e-02
11.000  18.750  8.5660e-02
11.000  19.000  8.8771e-02
11.000  19.250  8.9921e-02
11.000  19.500  8.9608e-02
11.000  19.750  8.7115e-02
11.000  20.000  8.2010e-02
11.000  20.250  6.5390e-02
11.000  20.500  3.7513e-02
11.000  20.750  2.1803e-02
11.000  21.000  1.3106e-02
11.000  21.250  7.6124e-03
11.000  21.500  3.9194e-03
11.000  21.750  1.9737e-03
11.000  22.000  1.0429e-03
11.000  22.250  5.3680e-04
11.000  22.500  2.4650e-04
11.000  22.750  1.2260e-04
11.000  23.000  5.9000e-05
11.000  23.250  2.3700e-05
11.000  23.500  1.0000e-05
11.000  23.750  4.5000e-06
11.000  24.000  2.2000e-06
11.250  17.000  4.8560e-02
11.250  17.250  4.7835e-02
11.250  17.500  5.2604e-02
11.250  17.750  6.1830e-02
11.250  18.000  7.1920e-02
11.250  18.250  8.0378e-02
11.250  18.500  8.7022e-02
11.250  18.750  9.2500e-02
11.250  19.000  9.5879e-02
11.250  19.250  9.7685e-02
11.250  19.500  9.8058e-02
11.250  19.750  9.6906e-02
11.250  20.000  9.3920e-02
11.250  20.250  8.8243e-02
11.250  20.500  6.5573e-02
11.250  20.750  3.7424e-02
11.250  21.000  2.1756e-02
11.250  21.250  1.3166e-02
11.250  21.500  7.5445e-03
11.250  21.750  3.9093e-03
11.250  22.000  1.9750e-03
11.250  22.250  1.0442e-03
11.250  22.500  5.3710e-04
11.250  22.750  2.4640e-04
11.250  23.000  1.2260e-04
11.250  23.250  5.9000e-05
11.250  23.500  2.3700e-05
11.250  23.750  1.0000e-05
11.250  24.000  4.6000e-06
11.500  17.000  5.6398e-02
11.500  17.250  5.4598e-02
11.500  17.500  5.9224e-02
11.500  17.750  6.8690e-02
11.500  18.000  7.8793e-02
11.500  18.250  8.7016e-02
11.500  18.500  9.3425e-02
11.500  18.750  9.8840e-02
11.500  19.000  1.0254e-01
11.500  19.250  1.0494e-01
11.500  19.500  1.0563e-01
11.500  19.750  1.0530e-01
11.500  20.000  1.0374e-01
11.500  20.250  1.0043e-01
11.500  20.500  9.4195e-02
11.500  20.750  6.5312e-02
11.500  21.000  3.7354e-02
11.500  21.250  2.1853e-02
11.500  21.500  1.3378e-02
11.500  21.750  7.4642e-03
11.500  22.000  3.8910e-03
11.500  22.250  1.9764e-03
11.500  22.500  1.0456e-03
11.500  22.750  5.3770e-04
11.500  23.000  2.4630e-04
11.500  23.250  1.2260e-04
11.500  23.500  5.9000e-05
11.500  23.750  2.3700e-05
11.500  24.000  1.0100e-05
11.750  17.000  6.7090e-02
11.750  17.250  6.3335e-02
11.750  17.500  6.7001e-02
11.750  17.750  7.5989e-02
11.750  18.000  8.5703e-02
11.750  18.250  9.3481e-02
11.750  18.500  9.9931e-02
11.750  18.750  1.0507e-01
11.750  19.000  1.0920e-01
11.750  19.250  1.1171e-01
11.750  19.500  1.1288e-01
11.750  19.750  1.1272e-01
11.750  20.000  1.1192e-01
11.750  20.250  1.1011e-01
11.750  20.500  1.0675e-01
11.750  20.750  9.9529e-02
11.750  21.000  6.5070e-02
11.750  21.250  3.7430e-02
11.750  21.500  2.2200e-02
11.750  21.750  1.3696e-02
11.750  22.000  7.3718e-03
11.750  22.250  3.8630e-03
11.750  22.500  1.9767e-03
11.750  22.750  1.0471e-03
11.750  23.000  5.3820e-04
11.750  23.250  2.4610e-04
11.750  23.500  1.2260e-04
11.750  23.750  5.9100e-05
11.750  24.000  2.3700e-05
12.000  17.000  8.1763e-02
12.000  17.250  7.4844e-02
12.000  17.500  7.6307e-02
12.000  17.750  8.3716e-02
12.000  18.000  9.2344e-02
12.000  18.250  9.9986e-02
12.000  18.500  1.0669e-01
12.000  18.750  1.1205e-01
12.000  19.000  1.1615e-01
12.000  19.250  1.1873e-01
12.000  19.500  1.1986e-01
12.000  19.750  1.1986e-01
12.000  20.000  1.1908e-01
12.000  20.250  1.1797e-01
12.000  20.500  1.1616e-01
12.000  20.750  1.1304e-01
12.000  21.000  1.0478e-01
12.000  21.250  6.4966e-02
12.000  21.500  3.7776e-02
12.000  21.750  2.2774e-02
12.000  22.000  1.3723e-02
12.000  22.250  7.2833e-03
12.000  22.500  3.8270e-03
12.000  22.750  1.9753e-03
12.000  23.000  1.0485e-03
12.000  23.250  5.3900e-04
12.000  23.500  2.4600e-04
12.000  23.750  1.2260e-04
12.000  24.000  5.9200e-05
12.250  17.000  1.0018e-01
12.250  17.250  8.9899e-02
12.250  17.500  8.7471e-02
12.250  17.750  9.1808e-02
12.250  18.000  9.8989e-02
12.250  18.250  1.0690e-01
12.250  18.500  1.1416e-01
12.250  18.750  1.1990e-01
12.250  19.000  1.2383e-01
12.250  19.250  1.2605e-01
12.250  19.500  1.2695e-01
12.250  19.750  1.2678e-01
12.250  20.000  1.2585e-01
12.250  20.250  1.2468e-01
12.250  20.500  1.2361e-01
12.250  20.750  1.2231e-01
12.250  21.000  1.1985e-01
12.250  21.250  1.0641e-01
12.250  21.500  6.5176e-02
12.250  21.750  3.8277e-02
12.250  22.000  2.3438e-02
12.250  22.250  1.3484e-02
12.250  22.500  7.1852e-03
12.250  22.750  3.7823e-03
12.250  23.000  1.9711e-03
12.250  23.250  1.0495e-03
12.250  23.500  5.3950e-04
12.250  23.750  2.4560e-04
12.250  24.000  1.2250e-04
12.500  17.000  1.1969e-01
12.500  17.250  1.0638e-01
12.500  17.500  1.0016e-01
12.500  17.750  1.0059e-01
12.500  18.000  1.0618e-01
12.500  18.250  1.1416e-01
12.500  18.500  1.2155e-01
12.500  18.750  1.2750e-01
12.500  19.000  1.3173e-01
12.500  19.250  1.3395e-01
12.500  19.500  1.3423e-01
12.500  19.750  1.3371e-01
12.500  20.000  1.3265e-01
12.500  20.250  1.3127e-01
12.500  20.500  1.2989e-01
12.500  20.750  1.2923e-01
12.500  21.000  1.2927e-01
12.500  21.250  1.2711e-01
12.500  21.500  1.0805e-01
12.500  21.750  6.5239e-02
12.500  22.000  3.8889e-02
12.500  22.250  2.3894e-02
12.500  22.500  1.3225e-02
12.500  22.750  7.0715e-03
12.500  23.000  3.7293e-03
12.500  23.250  1.9633e-03
12.500  23.500  1.0499e-03
12.500  23.750  5.4000e-04
12.500  24.000  2.4520e-04
12.750  17.000  1.2230e-01
12.750  17.250  1.2127e-01
12.750  17.500  1.1174e-01
12.750  17.750  1.1015e-01
12.750  18.000  1.1517e-01
12.750  18.250  1.2254e-01
12.750  18.500  1.3034e-01
12.750  18.750  1.3696e-01
12.750  19.000  1.4108e-01
12.750  19.250  1.4286e-01
12.750  19.500  1.4285e-01
12.750  19.750  1.4161e-01
12.750  20.000  1.3966e-01
12.750  20.250  1.3756e-01
12.750  20.500  1.3586e-01
12.750  20.750  1.3510e-01
12.750  21.000  1.3572e-01
12.750  21.250  1.3708e-01
12.750  21.500  1.3291e-01
12.750  21.750  1.0777e-01
12.750  22.000  6.5382e-02
12.750  22.250  3.9598e-02
12.750  22.500  2.4011e-02
12.750  22.750  1.2967e-02
12.750  23.000  6.9402e-03
12.750  23.250  3.6732e-03
12.750  23.500  1.9541e-03
12.750  23.750  1.0485e-03
12.750  24.000  5.3990e-04
13.000  17.000  6.9889e-02
13.000  17.250  8.9342e-02
13.000  17.500  1.2097e-01
13.000  17.750  1.2292e-01
13.000  18.000  1.2628e-01
13.000  18.250  1.3251e-01
13.000  18.500  1.3967e-01
13.000  18.750  1.4583e-01
13.000  19.000  1.4973e-01
13.000  19.250  1.5119e-01
13.000  19.500  1.5047e-01
13.000  19.750  1.4841e-01
13.000  20.000  1.4603e-01
13.000  20.250  1.4391e-01
13.000  20.500  1.4249e-01
13.000  20.750  1.4132e-01
13.000  21.000  1.4204e-01
13.000  21.250  1.4405e-01
13.000  21.500  1.4348e-01
13.000  21.750  1.4032e-01
13.000  22.000  1.0743e-01
13.000  22.250  6.5017e-02
13.000  22.500  3.9705e-02
13.000  22.750  2.3614e-02
13.000  23.000  1.2660e-02
13.000  23.250  6.7974e-03
13.000  23.500  3.6107e-03
13.000  23.750  1.9385e-03
13.000  24.000  1.0447e-03
13.250  17.000  7.0287e-02
13.250  17.250  8.0465e-02
13.250  17.500  1.0272e-01
13.250  17.750  1.2458e-01
13.250  18.000  1.4124e-01
13.250  18.250  1.4541e-01
13.250  18.500  1.5053e-01
13.250  18.750  1.5562e-01
13.250  19.000  1.5886e-01
13.250  19.250  1.5978e-01
13.250  19.500  1.5878e-01
13.250  19.750  1.5633e-01
13.250  20.000  1.5347e-01
13.250  20.250  1.5071e-01
13.250  20.500  1.4847e-01
13.250  20.750  1.4742e-01
13.250  21.000  1.4728e-01
13.250  21.250  1.4923e-01
13.250  21.500  1.4987e-01
13.250  21.750  1.5324e-01
13.250  22.000  1.4429e-01
13.250  22.250  1.0416e-01
13.250  22.500  6.3691e-02
13.250  22.750  3.8821e-02
13.250  23.000  2.2912e-02
13.250  23.250  1.2340e-02
13.250  23.500  6.6454e-03
13.250  23.750  3.5443e-03
13.250  24.000  1.9154e-03
13.500  17.000  7.0899e-02
13.500  17.250  7.9235e-02
13.500  17.500  1.0014e-01
13.500  17.750  1.2790e-01
13.500  18.000  1.4922e-01
13.500  18.250  1.6237e-01
13.500  18.500  1.6485e-01
13.500  18.750  1.6763e-01
13.500  19.000  1.6939e-01
13.500  19.250  1.6986e-01
13.500  19.500  1.6765e-01
13.500  19.750  1.6451e-01
13.500  20.000  1.6117e-01
13.500  20.250  1.5790e-01
13.500  20.500  1.5505e-01
13.500  20.750  1.5289e-01
13.500  21.000  1.5170e-01
13.500  21.250  1.5342e-01
13.500  21.500  1.5346e-01
13.500  21.750  1.5614e-01
13.500  22.000  1.5751e-01
13.500  22.250  1.4356e-01
13.500  22.500  9.8947e-02
13.500  22.750  6.0732e-02
13.500  23.000  3.6806e-02
13.500  23.250  2.1971e-02
13.500  23.500  1.1953e-02
13.500  23.750  6.4332e-03
13.500  24.000  3.4686e-03
13.750  17.000  7.0942e-02
13.750  17.250  8.1667e-02
13.750  17.500  1.0018e-01
13.750  17.750  1.2137e-01
13.750  18.000  1.5674e-01
13.750  18.250  1.7328e-01
13.750  18.500  1.8226e-01
13.750  18.750  1.8312e-01
13.750  19.000  1.8270e-01
13.750  19.250  1.8131e-01
13.750  19.500  1.7853e-01
13.750  19.750  1.7466e-01
13.750  20.000  1.7030e-01
13.750  20.250  1.6633e-01
13.750  20.500  1.6286e-01
13.750  20.750  1.5999e-01
13.750  21.000  1.5777e-01
13.750  21.250  1.5698e-01
13.750  21.500  1.5626e-01
13.750  21.750  1.5944e-01
13.750  22.000  1.6438e-01
13.750  22.250  1.6317e-01
13.750  22.500  1.3843e-01
13.750  22.750  9.2081e-02
13.750  23.000  5.6410e-02
13.750  23.250  3.4772e-02
13.750  23.500  2.0856e-02
13.750  23.750  1.1466e-02
13.750  24.000  6.2191e-03
14.000  17.000  7.1703e-02
14.000  17.250  8.0938e-02
14.000  17.500  1.0067e-01
14.000  17.750  1.2101e-01
14.000  18.000  1.5063e-01
14.000  18.250  1.8642e-01
14.000  18.500  1.9834e-01
14.000  18.750  2.0230e-01
14.000  19.000  1.9866e-01
14.000  19.250  1.9516e-01
14.000  19.500  1.9161e-01
14.000  19.750  1.8677e-01
14.000  20.000  1.8158e-01
14.000  20.250  1.7639e-01
14.000  20.500  1.7208e-01
14.000  20.750  1.6843e-01
14.000  21.000  1.6565e-01
14.000  21.250  1.6412e-01
14.000  21.500  1.6426e-01
14.000  21.750  1.6647e-01
14.000  22.000  1.7114e-01
14.000  22.250  1.7534e-01
14.000  22.500  1.6424e-01
14.000  22.750  1.2947e-01
14.000  23.000  8.3875e-02
14.000  23.250  5.2186e-02
14.000  23.500  3.2521e-02
14.000  23.750  1.9644e-02
14.000  24.000  1.0895e-02
