Inwd 9229.03A  relative to Inci 1215.00A scaled to 1215A.
Hden   Phi(H)  Eq_Width (A)
7.000  17.000  2.1152e-05
7.000  17.250  8.8889e-06
7.000  17.500  3.3745e-06
7.000  17.750  1.2346e-06
7.000  18.000  1.0000e-07
7.000  18.250  1.0000e-07
7.000  18.500  1.0000e-07
7.000  18.750  1.0000e-07
7.000  19.000  1.0000e-07
7.000  19.250  1.0000e-07
7.000  19.500  1.0000e-07
7.000  19.750  1.0000e-07
7.000  20.000  1.0000e-07
7.000  20.250  1.0000e-07
7.000  20.500  1.0000e-07
7.000  20.750  1.0000e-07
7.000  21.000  1.0000e-07
7.000  21.250  1.0000e-07
7.000  21.500  1.0000e-07
7.000  21.750  1.0000e-07
7.000  22.000  1.0000e-07
7.000  22.250  1.0000e-07
7.000  22.500  1.0000e-07
7.000  22.750  1.0000e-07
7.000  23.000  1.0000e-07
7.000  23.250  1.0000e-07
7.000  23.500  1.0000e-07
7.000  23.750  1.0000e-07
7.000  24.000  1.0000e-07
7.250  17.000  4.6831e-05
7.250  17.250  2.1070e-05
7.250  17.500  8.8066e-06
7.250  17.750  3.2922e-06
7.250  18.000  1.2346e-06
7.250  18.250  1.0000e-07
7.250  18.500  1.0000e-07
7.250  18.750  1.0000e-07
7.250  19.000  1.0000e-07
7.250  19.250  1.0000e-07
7.250  19.500  1.0000e-07
7.250  19.750  1.0000e-07
7.250  20.000  1.0000e-07
7.250  20.250  1.0000e-07
7.250  20.500  1.0000e-07
7.250  20.750  1.0000e-07
7.250  21.000  1.0000e-07
7.250  21.250  1.0000e-07
7.250  21.500  1.0000e-07
7.250  21.750  1.0000e-07
7.250  22.000  1.0000e-07
7.250  22.250  1.0000e-07
7.250  22.500  1.0000e-07
7.250  22.750  1.0000e-07
7.250  23.000  1.0000e-07
7.250  23.250  1.0000e-07
7.250  23.500  1.0000e-07
7.250  23.750  1.0000e-07
7.250  24.000  1.0000e-07
7.500  17.000  1.1613e-04
7.500  17.250  4.6831e-05
7.500  17.500  2.0988e-05
7.500  17.750  8.8066e-06
7.500  18.000  3.2922e-06
7.500  18.250  1.2346e-06
7.500  18.500  1.0000e-07
7.500  18.750  1.0000e-07
7.500  19.000  1.0000e-07
7.500  19.250  1.0000e-07
7.500  19.500  1.0000e-07
7.500  19.750  1.0000e-07
7.500  20.000  1.0000e-07
7.500  20.250  1.0000e-07
7.500  20.500  1.0000e-07
7.500  20.750  1.0000e-07
7.500  21.000  1.0000e-07
7.500  21.250  1.0000e-07
7.500  21.500  1.0000e-07
7.500  21.750  1.0000e-07
7.500  22.000  1.0000e-07
7.500  22.250  1.0000e-07
7.500  22.500  1.0000e-07
7.500  22.750  1.0000e-07
7.500  23.000  1.0000e-07
7.500  23.250  1.0000e-07
7.500  23.500  1.0000e-07
7.500  23.750  1.0000e-07
7.500  24.000  1.0000e-07
7.750  17.000  2.3128e-04
7.750  17.250  1.1745e-04
7.750  17.500  4.7160e-05
7.750  17.750  2.0988e-05
7.750  18.000  8.6420e-06
7.750  18.250  3.2099e-06
7.750  18.500  1.2346e-06
7.750  18.750  1.0000e-07
7.750  19.000  1.0000e-07
7.750  19.250  1.0000e-07
7.750  19.500  1.0000e-07
7.750  19.750  1.0000e-07
7.750  20.000  1.0000e-07
7.750  20.250  1.0000e-07
7.750  20.500  1.0000e-07
7.750  20.750  1.0000e-07
7.750  21.000  1.0000e-07
7.750  21.250  1.0000e-07
7.750  21.500  1.0000e-07
7.750  21.750  1.0000e-07
7.750  22.000  1.0000e-07
7.750  22.250  1.0000e-07
7.750  22.500  1.0000e-07
7.750  22.750  1.0000e-07
7.750  23.000  1.0000e-07
7.750  23.250  1.0000e-07
7.750  23.500  1.0000e-07
7.750  23.750  1.0000e-07
7.750  24.000  1.0000e-07
8.000  17.000  3.0140e-04
8.000  17.250  2.3901e-04
8.000  17.500  1.2074e-04
8.000  17.750  4.7654e-05
8.000  18.000  2.0988e-05
8.000  18.250  8.5597e-06
8.000  18.500  3.1276e-06
8.000  18.750  1.2346e-06
8.000  19.000  1.0000e-07
8.000  19.250  1.0000e-07
8.000  19.500  1.0000e-07
8.000  19.750  1.0000e-07
8.000  20.000  1.0000e-07
8.000  20.250  1.0000e-07
8.000  20.500  1.0000e-07
8.000  20.750  1.0000e-07
8.000  21.000  1.0000e-07
8.000  21.250  1.0000e-07
8.000  21.500  1.0000e-07
8.000  21.750  1.0000e-07
8.000  22.000  1.0000e-07
8.000  22.250  1.0000e-07
8.000  22.500  1.0000e-07
8.000  22.750  1.0000e-07
8.000  23.000  1.0000e-07
8.000  23.250  1.0000e-07
8.000  23.500  1.0000e-07
8.000  23.750  1.0000e-07
8.000  24.000  1.0000e-07
8.250  17.000  3.6716e-04
8.250  17.250  3.2305e-04
8.250  17.500  2.5424e-04
8.250  17.750  1.2527e-04
8.250  18.000  4.8560e-05
8.250  18.250  2.0988e-05
8.250  18.500  8.3951e-06
8.250  18.750  2.9630e-06
8.250  19.000  1.1523e-06
8.250  19.250  1.0000e-07
8.250  19.500  1.0000e-07
8.250  19.750  1.0000e-07
8.250  20.000  1.0000e-07
8.250  20.250  1.0000e-07
8.250  20.500  1.0000e-07
8.250  20.750  1.0000e-07
8.250  21.000  1.0000e-07
8.250  21.250  1.0000e-07
8.250  21.500  1.0000e-07
8.250  21.750  1.0000e-07
8.250  22.000  1.0000e-07
8.250  22.250  1.0000e-07
8.250  22.500  1.0000e-07
8.250  22.750  1.0000e-07
8.250  23.000  1.0000e-07
8.250  23.250  1.0000e-07
8.250  23.500  1.0000e-07
8.250  23.750  1.0000e-07
8.250  24.000  1.0000e-07
8.500  17.000  4.3267e-04
8.500  17.250  4.0099e-04
8.500  17.500  3.5128e-04
8.500  17.750  2.6988e-04
8.500  18.000  1.3136e-04
8.500  18.250  4.9630e-05
8.500  18.500  2.1070e-05
8.500  18.750  8.1481e-06
8.500  19.000  2.7984e-06
8.500  19.250  1.0700e-06
8.500  19.500  1.0000e-07
8.500  19.750  1.0000e-07
8.500  20.000  1.0000e-07
8.500  20.250  1.0000e-07
8.500  20.500  1.0000e-07
8.500  20.750  1.0000e-07
8.500  21.000  1.0000e-07
8.500  21.250  1.0000e-07
8.500  21.500  1.0000e-07
8.500  21.750  1.0000e-07
8.500  22.000  1.0000e-07
8.500  22.250  1.0000e-07
8.500  22.500  1.0000e-07
8.500  22.750  1.0000e-07
8.500  23.000  1.0000e-07
8.500  23.250  1.0000e-07
8.500  23.500  1.0000e-07
8.500  23.750  1.0000e-07
8.500  24.000  1.0000e-07
8.750  17.000  4.9737e-04
8.750  17.250  4.7646e-04
8.750  17.500  4.4091e-04
8.750  17.750  3.8025e-04
8.750  18.000  2.8831e-04
8.750  18.250  1.3794e-04
8.750  18.500  5.0864e-05
8.750  18.750  2.1070e-05
8.750  19.000  7.9835e-06
8.750  19.250  2.6337e-06
8.750  19.500  9.8765e-07
8.750  19.750  1.0000e-07
8.750  20.000  1.0000e-07
8.750  20.250  1.0000e-07
8.750  20.500  1.0000e-07
8.750  20.750  1.0000e-07
8.750  21.000  1.0000e-07
8.750  21.250  1.0000e-07
8.750  21.500  1.0000e-07
8.750  21.750  1.0000e-07
8.750  22.000  1.0000e-07
8.750  22.250  1.0000e-07
8.750  22.500  1.0000e-07
8.750  22.750  1.0000e-07
8.750  23.000  1.0000e-07
8.750  23.250  1.0000e-07
8.750  23.500  1.0000e-07
8.750  23.750  1.0000e-07
8.750  24.000  1.0000e-07
9.000  17.000  5.5786e-04
9.000  17.250  5.4757e-04
9.000  17.500  5.2535e-04
9.000  17.750  4.8617e-04
9.000  18.000  4.1498e-04
9.000  18.250  3.0716e-04
9.000  18.500  1.4461e-04
9.000  18.750  5.2263e-05
9.000  19.000  2.1235e-05
9.000  19.250  7.7366e-06
9.000  19.500  2.4691e-06
9.000  19.750  9.0535e-07
9.000  20.000  1.0000e-07
9.000  20.250  1.0000e-07
9.000  20.500  1.0000e-07
9.000  20.750  1.0000e-07
9.000  21.000  1.0000e-07
9.000  21.250  1.0000e-07
9.000  21.500  1.0000e-07
9.000  21.750  1.0000e-07
9.000  22.000  1.0000e-07
9.000  22.250  1.0000e-07
9.000  22.500  1.0000e-07
9.000  22.750  1.0000e-07
9.000  23.000  1.0000e-07
9.000  23.250  1.0000e-07
9.000  23.500  1.0000e-07
9.000  23.750  1.0000e-07
9.000  24.000  1.0000e-07
9.250  17.000  6.1342e-04
9.250  17.250  6.1226e-04
9.250  17.500  6.0280e-04
9.250  17.750  5.8395e-04
9.250  18.000  5.3128e-04
9.250  18.250  4.5202e-04
9.250  18.500  3.2189e-04
9.250  18.750  1.5012e-04
9.250  19.000  5.3580e-05
9.250  19.250  2.1399e-05
9.250  19.500  7.5720e-06
9.250  19.750  2.3045e-06
9.250  20.000  1.0000e-07
9.250  20.250  1.0000e-07
9.250  20.500  1.0000e-07
9.250  20.750  1.0000e-07
9.250  21.000  1.0000e-07
9.250  21.250  1.0000e-07
9.250  21.500  1.0000e-07
9.250  21.750  1.0000e-07
9.250  22.000  1.0000e-07
9.250  22.250  1.0000e-07
9.250  22.500  1.0000e-07
9.250  22.750  1.0000e-07
9.250  23.000  1.0000e-07
9.250  23.250  1.0000e-07
9.250  23.500  1.0000e-07
9.250  23.750  1.0000e-07
9.250  24.000  1.0000e-07
9.500  17.000  6.6609e-04
9.500  17.250  6.7152e-04
9.500  17.500  6.7325e-04
9.500  17.750  6.7309e-04
9.500  18.000  6.4206e-04
9.500  18.250  5.9177e-04
9.500  18.500  4.9226e-04
9.500  18.750  3.2938e-04
9.500  19.000  1.5514e-04
9.500  19.250  5.4733e-05
9.500  19.500  2.1564e-05
9.500  19.750  7.4897e-06
9.500  20.000  2.2222e-06
9.500  20.250  1.0000e-07
9.500  20.500  1.0000e-07
9.500  20.750  1.0000e-07
9.500  21.000  1.0000e-07
9.500  21.250  1.0000e-07
9.500  21.500  1.0000e-07
9.500  21.750  1.0000e-07
9.500  22.000  1.0000e-07
9.500  22.250  1.0000e-07
9.500  22.500  1.0000e-07
9.500  22.750  1.0000e-07
9.500  23.000  1.0000e-07
9.500  23.250  1.0000e-07
9.500  23.500  1.0000e-07
9.500  23.750  1.0000e-07
9.500  24.000  1.0000e-07
9.750  17.000  7.1144e-04
9.750  17.250  7.2535e-04
9.750  17.500  7.3663e-04
9.750  17.750  7.5605e-04
9.750  18.000  7.7720e-04
9.750  18.250  7.3218e-04
9.750  18.500  6.4996e-04
9.750  18.750  5.1844e-04
9.750  19.000  3.0708e-04
9.750  19.250  1.5383e-04
9.750  19.500  5.5556e-05
9.750  19.750  2.1811e-05
9.750  20.000  7.4074e-06
9.750  20.250  2.1399e-06
9.750  20.500  1.0000e-07
9.750  20.750  1.0000e-07
9.750  21.000  1.0000e-07
9.750  21.250  1.0000e-07
9.750  21.500  1.0000e-07
9.750  21.750  1.0000e-07
9.750  22.000  1.0000e-07
9.750  22.250  1.0000e-07
9.750  22.500  1.0000e-07
9.750  22.750  1.0000e-07
9.750  23.000  1.0000e-07
9.750  23.250  1.0000e-07
9.750  23.500  1.0000e-07
9.750  23.750  1.0000e-07
9.750  24.000  1.0000e-07
10.000  17.000  7.4889e-04
10.000  17.250  7.7547e-04
10.000  17.500  8.0296e-04
10.000  17.750  8.5053e-04
10.000  18.000  9.0609e-04
10.000  18.250  8.8107e-04
10.000  18.500  8.0395e-04
10.000  18.750  6.7416e-04
10.000  19.000  4.7926e-04
10.000  19.250  2.8362e-04
10.000  19.500  1.4321e-04
10.000  19.750  5.5473e-05
10.000  20.000  2.2058e-05
10.000  20.250  7.4074e-06
10.000  20.500  2.0576e-06
10.000  20.750  1.0000e-07
10.000  21.000  1.0000e-07
10.000  21.250  1.0000e-07
10.000  21.500  1.0000e-07
10.000  21.750  1.0000e-07
10.000  22.000  1.0000e-07
10.000  22.250  1.0000e-07
10.000  22.500  1.0000e-07
10.000  22.750  1.0000e-07
10.000  23.000  1.0000e-07
10.000  23.250  1.0000e-07
10.000  23.500  1.0000e-07
10.000  23.750  1.0000e-07
10.000  24.000  1.0000e-07
10.250  17.000  7.8469e-04
10.250  17.250  8.2584e-04
10.250  17.500  8.8222e-04
10.250  17.750  9.7416e-04
10.250  18.000  1.0607e-03
10.250  18.250  1.0537e-03
10.250  18.500  9.7506e-04
10.250  18.750  8.4362e-04
10.250  19.000  6.7498e-04
10.250  19.250  4.5885e-04
10.250  19.500  2.5588e-04
10.250  19.750  1.3259e-04
10.250  20.000  5.5144e-05
10.250  20.250  2.2222e-05
10.250  20.500  7.4074e-06
10.250  20.750  1.9753e-06
10.250  21.000  1.0000e-07
10.250  21.250  1.0000e-07
10.250  21.500  1.0000e-07
10.250  21.750  1.0000e-07
10.250  22.000  1.0000e-07
10.250  22.250  1.0000e-07
10.250  22.500  1.0000e-07
10.250  22.750  1.0000e-07
10.250  23.000  1.0000e-07
10.250  23.250  1.0000e-07
10.250  23.500  1.0000e-07
10.250  23.750  1.0000e-07
10.250  24.000  1.0000e-07
10.500  17.000  8.1778e-04
10.500  17.250  8.8757e-04
10.500  17.500  9.9128e-04
10.500  17.750  1.1472e-03
10.500  18.000  1.2726e-03
10.500  18.250  1.2877e-03
10.500  18.500  1.1987e-03
10.500  18.750  1.0584e-03
10.500  19.000  8.6823e-04
10.500  19.250  6.5218e-04
10.500  19.500  4.0321e-04
10.500  19.750  2.2502e-04
10.500  20.000  1.1984e-04
10.500  20.250  5.0864e-05
10.500  20.500  2.1893e-05
10.500  20.750  7.4897e-06
10.500  21.000  1.9753e-06
10.500  21.250  1.0000e-07
10.500  21.500  1.0000e-07
10.500  21.750  1.0000e-07
10.500  22.000  1.0000e-07
10.500  22.250  1.0000e-07
10.500  22.500  1.0000e-07
10.500  22.750  1.0000e-07
10.500  23.000  1.0000e-07
10.500  23.250  1.0000e-07
10.500  23.500  1.0000e-07
10.500  23.750  1.0000e-07
10.500  24.000  1.0000e-07
10.750  17.000  8.4790e-04
10.750  17.250  9.6082e-04
10.750  17.500  1.1470e-03
10.750  17.750  1.3853e-03
10.750  18.000  1.5574e-03
10.750  18.250  1.5894e-03
10.750  18.500  1.5053e-03
10.750  18.750  1.3349e-03
10.750  19.000  1.1151e-03
10.750  19.250  8.7235e-04
10.750  19.500  6.0955e-04
10.750  19.750  3.5885e-04
10.750  20.000  1.9844e-04
10.750  20.250  1.0362e-04
10.750  20.500  4.6996e-05
10.750  20.750  2.0412e-05
10.750  21.000  7.4897e-06
10.750  21.250  1.9753e-06
10.750  21.500  1.0000e-07
10.750  21.750  1.0000e-07
10.750  22.000  1.0000e-07
10.750  22.250  1.0000e-07
10.750  22.500  1.0000e-07
10.750  22.750  1.0000e-07
10.750  23.000  1.0000e-07
10.750  23.250  1.0000e-07
10.750  23.500  1.0000e-07
10.750  23.750  1.0000e-07
10.750  24.000  1.0000e-07
11.000  17.000  8.7440e-04
11.000  17.250  1.0412e-03
11.000  17.500  1.3340e-03
11.000  17.750  1.6803e-03
11.000  18.000  1.9060e-03
11.000  18.250  1.9649e-03
11.000  18.500  1.8823e-03
11.000  18.750  1.6957e-03
11.000  19.000  1.4421e-03
11.000  19.250  1.1557e-03
11.000  19.500  8.6856e-04
11.000  19.750  5.9202e-04
11.000  20.000  3.2313e-04
11.000  20.250  1.7440e-04
11.000  20.500  9.1934e-05
11.000  20.750  4.2387e-05
11.000  21.000  1.9177e-05
11.000  21.250  7.1605e-06
11.000  21.500  1.9753e-06
11.000  21.750  1.0000e-07
11.000  22.000  1.0000e-07
11.000  22.250  1.0000e-07
11.000  22.500  1.0000e-07
11.000  22.750  1.0000e-07
11.000  23.000  1.0000e-07
11.000  23.250  1.0000e-07
11.000  23.500  1.0000e-07
11.000  23.750  1.0000e-07
11.000  24.000  1.0000e-07
11.250  17.000  8.9835e-04
11.250  17.250  1.1196e-03
11.250  17.500  1.5242e-03
11.250  17.750  1.9919e-03
11.250  18.000  2.2995e-03
11.250  18.250  2.3960e-03
11.250  18.500  2.3296e-03
11.250  18.750  2.1436e-03
11.250  19.000  1.8579e-03
11.250  19.250  1.5212e-03
11.250  19.500  1.1745e-03
11.250  19.750  8.5621e-04
11.250  20.000  5.4798e-04
11.250  20.250  2.9877e-04
11.250  20.500  1.6000e-04
11.250  20.750  8.1399e-05
11.250  21.000  3.7531e-05
11.250  21.250  1.7449e-05
11.250  21.500  6.9136e-06
11.250  21.750  1.9753e-06
11.250  22.000  1.0000e-07
11.250  22.250  1.0000e-07
11.250  22.500  1.0000e-07
11.250  22.750  1.0000e-07
11.250  23.000  1.0000e-07
11.250  23.250  1.0000e-07
11.250  23.500  1.0000e-07
11.250  23.750  1.0000e-07
11.250  24.000  1.0000e-07
11.500  17.000  9.2230e-04
11.500  17.250  1.1926e-03
11.500  17.500  1.6898e-03
11.500  17.750  2.2755e-03
11.500  18.000  2.6905e-03
11.500  18.250  2.8596e-03
11.500  18.500  2.8340e-03
11.500  18.750  2.6576e-03
11.500  19.000  2.3551e-03
11.500  19.250  1.9729e-03
11.500  19.500  1.5598e-03
11.500  19.750  1.1676e-03
11.500  20.000  8.3399e-04
11.500  20.250  5.2675e-04
11.500  20.500  2.7745e-04
11.500  20.750  1.4502e-04
11.500  21.000  7.3169e-05
11.500  21.250  3.3745e-05
11.500  21.500  1.5967e-05
11.500  21.750  6.5021e-06
11.500  22.000  1.9753e-06
11.500  22.250  1.0000e-07
11.500  22.500  1.0000e-07
11.500  22.750  1.0000e-07
11.500  23.000  1.0000e-07
11.500  23.250  1.0000e-07
11.500  23.500  1.0000e-07
11.500  23.750  1.0000e-07
11.500  24.000  1.0000e-07
11.750  17.000  9.4576e-04
11.750  17.250  1.2534e-03
11.750  17.500  1.8125e-03
11.750  17.750  2.4917e-03
11.750  18.000  3.0256e-03
11.750  18.250  3.3071e-03
11.750  18.500  3.3556e-03
11.750  18.750  3.2070e-03
11.750  19.000  2.9109e-03
11.750  19.250  2.4944e-03
11.750  19.500  2.0208e-03
11.750  19.750  1.5456e-03
11.750  20.000  1.1325e-03
11.750  20.250  7.9885e-04
11.750  20.500  4.9745e-04
11.750  20.750  2.6016e-04
11.750  21.000  1.3358e-04
11.750  21.250  6.5761e-05
11.750  21.500  3.0864e-05
11.750  21.750  1.4321e-05
11.750  22.000  6.0082e-06
11.750  22.250  1.9753e-06
11.750  22.500  1.0000e-07
11.750  22.750  1.0000e-07
11.750  23.000  1.0000e-07
11.750  23.250  1.0000e-07
11.750  23.500  1.0000e-07
11.750  23.750  1.0000e-07
11.750  24.000  1.0000e-07
12.000  17.000  9.6864e-04
12.000  17.250  1.2966e-03
12.000  17.500  1.8793e-03
12.000  17.750  2.6129e-03
12.000  18.000  3.2621e-03
12.000  18.250  3.6796e-03
12.000  18.500  3.8405e-03
12.000  18.750  3.7617e-03
12.000  19.000  3.4830e-03
12.000  19.250  3.0525e-03
12.000  19.500  2.5313e-03
12.000  19.750  1.9840e-03
12.000  20.000  1.4819e-03
12.000  20.250  1.0670e-03
12.000  20.500  7.4864e-04
12.000  20.750  4.5893e-04
12.000  21.000  2.4650e-04
12.000  21.250  1.2313e-04
12.000  21.500  5.9012e-05
12.000  21.750  2.7737e-05
12.000  22.000  1.2840e-05
12.000  22.250  5.4321e-06
12.000  22.500  1.8930e-06
12.000  22.750  1.0000e-07
12.000  23.000  1.0000e-07
12.000  23.250  1.0000e-07
12.000  23.500  1.0000e-07
12.000  23.750  1.0000e-07
12.000  24.000  1.0000e-07
12.250  17.000  9.8790e-04
12.250  17.250  1.3184e-03
12.250  17.500  1.8867e-03
12.250  17.750  2.6348e-03
12.250  18.000  3.3737e-03
12.250  18.250  3.9316e-03
12.250  18.500  4.2266e-03
12.250  18.750  4.2548e-03
12.250  19.000  4.0240e-03
12.250  19.250  3.5968e-03
12.250  19.500  3.0455e-03
12.250  19.750  2.4437e-03
12.250  20.000  1.8629e-03
12.250  20.250  1.3646e-03
12.250  20.500  9.7490e-04
12.250  20.750  6.8337e-04
12.250  21.000  4.2074e-04
12.250  21.250  2.3045e-04
12.250  21.500  1.1243e-04
12.250  21.750  5.3251e-05
12.250  22.000  2.5103e-05
12.250  22.250  1.1934e-05
12.250  22.500  5.1852e-06
12.250  22.750  1.8107e-06
12.250  23.000  1.0000e-07
12.250  23.250  1.0000e-07
12.250  23.500  1.0000e-07
12.250  23.750  1.0000e-07
12.250  24.000  1.0000e-07
12.500  17.000  9.8897e-04
12.500  17.250  1.3137e-03
12.500  17.500  1.8588e-03
12.500  17.750  2.5791e-03
12.500  18.000  3.3667e-03
12.500  18.250  4.0351e-03
12.500  18.500  4.4714e-03
12.500  18.750  4.6207e-03
12.500  19.000  4.4713e-03
12.500  19.250  4.0763e-03
12.500  19.500  3.5165e-03
12.500  19.750  2.8814e-03
12.500  20.000  2.2416e-03
12.500  20.250  1.6714e-03
12.500  20.500  1.2105e-03
12.500  20.750  8.6370e-04
12.500  21.000  6.0584e-04
12.500  21.250  3.7975e-04
12.500  21.500  2.1243e-04
12.500  21.750  1.0206e-04
12.500  22.000  4.8642e-05
12.500  22.250  2.3210e-05
12.500  22.500  1.0782e-05
12.500  22.750  4.5267e-06
12.500  23.000  1.7284e-06
12.500  23.250  1.0000e-07
12.500  23.500  1.0000e-07
12.500  23.750  1.0000e-07
12.500  24.000  1.0000e-07
12.750  17.000  9.4741e-04
12.750  17.250  1.2685e-03
12.750  17.500  1.7812e-03
12.750  17.750  2.4849e-03
12.750  18.000  3.2752e-03
12.750  18.250  4.0111e-03
12.750  18.500  4.5574e-03
12.750  18.750  4.8323e-03
12.750  19.000  4.7912e-03
12.750  19.250  4.4569e-03
12.750  19.500  3.9105e-03
12.750  19.750  3.2605e-03
12.750  20.000  2.5877e-03
12.750  20.250  1.9646e-03
12.750  20.500  1.4414e-03
12.750  20.750  1.0395e-03
12.750  21.000  7.4691e-04
12.750  21.250  5.2815e-04
12.750  21.500  3.3111e-04
12.750  21.750  1.9062e-04
12.750  22.000  9.1605e-05
12.750  22.250  4.3786e-05
12.750  22.500  2.0988e-05
12.750  22.750  9.5473e-06
12.750  23.000  4.1152e-06
12.750  23.250  1.6461e-06
12.750  23.500  1.0000e-07
12.750  23.750  1.0000e-07
12.750  24.000  1.0000e-07
13.000  17.000  8.7811e-04
13.000  17.250  1.1970e-03
13.000  17.500  1.6804e-03
13.000  17.750  2.3472e-03
13.000  18.000  3.1213e-03
13.000  18.250  3.8900e-03
13.000  18.500  4.5170e-03
13.000  18.750  4.8934e-03
13.000  19.000  4.9542e-03
13.000  19.250  4.7067e-03
13.000  19.500  4.1989e-03
13.000  19.750  3.5626e-03
13.000  20.000  2.8779e-03
13.000  20.250  2.2242e-03
13.000  20.500  1.6563e-03
13.000  20.750  1.2061e-03
13.000  21.000  8.7119e-04
13.000  21.250  6.3276e-04
13.000  21.500  4.5029e-04
13.000  21.750  2.8716e-04
13.000  22.000  1.6626e-04
13.000  22.250  8.1975e-05
13.000  22.500  3.9342e-05
13.000  22.750  1.9012e-05
13.000  23.000  8.6420e-06
13.000  23.250  3.7037e-06
13.000  23.500  1.4815e-06
13.000  23.750  1.0000e-07
13.000  24.000  1.0000e-07
13.250  17.000  8.1267e-04
13.250  17.250  1.1007e-03
13.250  17.500  1.5709e-03
13.250  17.750  2.1903e-03
13.250  18.000  2.9310e-03
13.250  18.250  3.7051e-03
13.250  18.500  4.3849e-03
13.250  18.750  4.8417e-03
13.250  19.000  4.9981e-03
13.250  19.250  4.8277e-03
13.250  19.500  4.3794e-03
13.250  19.750  3.7772e-03
13.250  20.000  3.1011e-03
13.250  20.250  2.4360e-03
13.250  20.500  1.8440e-03
13.250  20.750  1.3583e-03
13.250  21.000  9.8996e-04
13.250  21.250  7.2107e-04
13.250  21.500  5.2230e-04
13.250  21.750  3.7128e-04
13.250  22.000  2.4091e-04
13.250  22.250  1.4198e-04
13.250  22.500  7.2016e-05
13.250  22.750  3.4897e-05
13.250  23.000  1.7037e-05
13.250  23.250  8.2305e-06
13.250  23.500  3.5391e-06
13.250  23.750  1.3992e-06
13.250  24.000  1.0000e-07
13.500  17.000  7.4025e-04
13.500  17.250  9.9860e-04
13.500  17.500  1.4253e-03
13.500  17.750  2.0136e-03
13.500  18.000  2.7213e-03
13.500  18.250  3.4779e-03
13.500  18.500  4.1840e-03
13.500  18.750  4.7063e-03
13.500  19.000  4.9491e-03
13.500  19.250  4.8682e-03
13.500  19.500  4.4919e-03
13.500  19.750  3.9109e-03
13.500  20.000  3.2463e-03
13.500  20.250  2.5916e-03
13.500  20.500  1.9909e-03
13.500  20.750  1.4841e-03
13.500  21.000  1.0847e-03
13.500  21.250  7.9506e-04
13.500  21.500  5.7440e-04
13.500  21.750  4.2066e-04
13.500  22.000  2.9547e-04
13.500  22.250  1.9457e-04
13.500  22.500  1.1753e-04
13.500  22.750  6.1481e-05
13.500  23.000  3.0370e-05
13.500  23.250  1.4815e-05
13.500  23.500  6.9136e-06
13.500  23.750  3.0453e-06
13.500  24.000  1.3169e-06
13.750  17.000  6.7267e-04
13.750  17.250  8.9531e-04
13.750  17.500  1.2774e-03
13.750  17.750  1.8204e-03
13.750  18.000  2.5068e-03
13.750  18.250  3.2369e-03
13.750  18.500  3.9403e-03
13.750  18.750  4.5044e-03
13.750  19.000  4.8277e-03
13.750  19.250  4.8413e-03
13.750  19.500  4.5463e-03
13.750  19.750  4.0093e-03
13.750  20.000  3.3519e-03
13.750  20.250  2.6881e-03
13.750  20.500  2.0867e-03
13.750  20.750  1.5756e-03
13.750  21.000  1.1630e-03
13.750  21.250  8.4790e-04
13.750  21.500  6.1695e-04
13.750  21.750  4.5374e-04
13.750  22.000  3.3366e-04
13.750  22.250  2.3111e-04
13.750  22.500  1.5210e-04
13.750  22.750  9.3827e-05
13.750  23.000  5.0947e-05
13.750  23.250  2.5844e-05
13.750  23.500  1.2922e-05
13.750  23.750  6.0905e-06
13.750  24.000  2.7160e-06
14.000  17.000  6.0872e-04
14.000  17.250  8.0140e-04
14.000  17.500  1.1229e-03
14.000  17.750  1.6205e-03
14.000  18.000  2.2705e-03
14.000  18.250  2.9858e-03
14.000  18.500  3.6811e-03
14.000  18.750  4.2681e-03
14.000  19.000  4.6503e-03
14.000  19.250  4.7491e-03
14.000  19.500  4.5423e-03
14.000  19.750  4.0714e-03
14.000  20.000  3.4355e-03
14.000  20.250  2.7622e-03
14.000  20.500  2.1469e-03
14.000  20.750  1.6287e-03
14.000  21.000  1.2130e-03
14.000  21.250  8.9202e-04
14.000  21.500  6.4724e-04
14.000  21.750  4.7671e-04
14.000  22.000  3.5621e-04
14.000  22.250  2.6510e-04
14.000  22.500  1.7695e-04
14.000  22.750  1.1638e-04
14.000  23.000  7.2840e-05
14.000  23.250  4.1152e-05
14.000  23.500  2.1481e-05
14.000  23.750  1.1111e-05
14.000  24.000  5.3498e-06
