InwC 496.874A  relative to Inci 1215.00A scaled to 1215A.
Hden   Phi(H)  Eq_Width (A)
7.000  17.000  5.9968e-03
7.000  17.250  6.6505e-03
7.000  17.500  7.0013e-03
7.000  17.750  7.1552e-03
7.000  18.000  7.2317e-03
7.000  18.250  7.2830e-03
7.000  18.500  7.3105e-03
7.000  18.750  7.3178e-03
7.000  19.000  7.3212e-03
7.000  19.250  7.3228e-03
7.000  19.500  7.3232e-03
7.000  19.750  7.3234e-03
7.000  20.000  7.3235e-03
7.000  20.250  7.3235e-03
7.000  20.500  7.3235e-03
7.000  20.750  7.3235e-03
7.000  21.000  7.3235e-03
7.000  21.250  7.3235e-03
7.000  21.500  7.3237e-03
7.000  21.750  7.3235e-03
7.000  22.000  7.3235e-03
7.000  22.250  7.3235e-03
7.000  22.500  7.3235e-03
7.000  22.750  7.3237e-03
7.000  23.000  7.3238e-03
7.000  23.250  7.3235e-03
7.000  23.500  7.3235e-03
7.000  23.750  7.3235e-03
7.000  24.000  7.3235e-03
7.250  17.000  5.1241e-03
7.250  17.250  6.0022e-03
7.250  17.500  6.6547e-03
7.250  17.750  7.0035e-03
7.250  18.000  7.1559e-03
7.250  18.250  7.2319e-03
7.250  18.500  7.2830e-03
7.250  18.750  7.3105e-03
7.250  19.000  7.3178e-03
7.250  19.250  7.3212e-03
7.250  19.500  7.3228e-03
7.250  19.750  7.3232e-03
7.250  20.000  7.3234e-03
7.250  20.250  7.3234e-03
7.250  20.500  7.3235e-03
7.250  20.750  7.3235e-03
7.250  21.000  7.3235e-03
7.250  21.250  7.3235e-03
7.250  21.500  7.3235e-03
7.250  21.750  7.3249e-03
7.250  22.000  7.3235e-03
7.250  22.250  7.3235e-03
7.250  22.500  7.3235e-03
7.250  22.750  7.3243e-03
7.250  23.000  7.3243e-03
7.250  23.250  7.3235e-03
7.250  23.500  7.3235e-03
7.250  23.750  7.3235e-03
7.250  24.000  7.3235e-03
7.500  17.000  3.5253e-03
7.500  17.250  5.1288e-03
7.500  17.500  6.0068e-03
7.500  17.750  6.6590e-03
7.500  18.000  7.0062e-03
7.500  18.250  7.1568e-03
7.500  18.500  7.2322e-03
7.500  18.750  7.2831e-03
7.500  19.000  7.3105e-03
7.500  19.250  7.3178e-03
7.500  19.500  7.3212e-03
7.500  19.750  7.3228e-03
7.500  20.000  7.3232e-03
7.500  20.250  7.3234e-03
7.500  20.500  7.3234e-03
7.500  20.750  7.3235e-03
7.500  21.000  7.3235e-03
7.500  21.250  7.3235e-03
7.500  21.500  7.3235e-03
7.500  21.750  7.3235e-03
7.500  22.000  7.3235e-03
7.500  22.250  7.3235e-03
7.500  22.500  7.3235e-03
7.500  22.750  7.3235e-03
7.500  23.000  7.3239e-03
7.500  23.250  7.3243e-03
7.500  23.500  7.3235e-03
7.500  23.750  7.3244e-03
7.500  24.000  7.3235e-03
7.750  17.000  1.9091e-03
7.750  17.250  3.5358e-03
7.750  17.500  5.1316e-03
7.750  17.750  6.0105e-03
7.750  18.000  6.6634e-03
7.750  18.250  7.0092e-03
7.750  18.500  7.1579e-03
7.750  18.750  7.2326e-03
7.750  19.000  7.2832e-03
7.750  19.250  7.3105e-03
7.750  19.500  7.3178e-03
7.750  19.750  7.3212e-03
7.750  20.000  7.3228e-03
7.750  20.250  7.3232e-03
7.750  20.500  7.3234e-03
7.750  20.750  7.3234e-03
7.750  21.000  7.3235e-03
7.750  21.250  7.3235e-03
7.750  21.500  7.3235e-03
7.750  21.750  7.3235e-03
7.750  22.000  7.3235e-03
7.750  22.250  7.3235e-03
7.750  22.500  7.3235e-03
7.750  22.750  7.3237e-03
7.750  23.000  7.3238e-03
7.750  23.250  7.3235e-03
7.750  23.500  7.3243e-03
7.750  23.750  7.3243e-03
7.750  24.000  7.3235e-03
8.000  17.000  1.0055e-03
8.000  17.250  1.9013e-03
8.000  17.500  3.5245e-03
8.000  17.750  5.1318e-03
8.000  18.000  6.0136e-03
8.000  18.250  6.6678e-03
8.000  18.500  7.0128e-03
8.000  18.750  7.1594e-03
8.000  19.000  7.2332e-03
8.000  19.250  7.2834e-03
8.000  19.500  7.3106e-03
8.000  19.750  7.3178e-03
8.000  20.000  7.3212e-03
8.000  20.250  7.3228e-03
8.000  20.500  7.3232e-03
8.000  20.750  7.3234e-03
8.000  21.000  7.3234e-03
8.000  21.250  7.3235e-03
8.000  21.500  7.3235e-03
8.000  21.750  7.3235e-03
8.000  22.000  7.3235e-03
8.000  22.250  7.3235e-03
8.000  22.500  7.3235e-03
8.000  22.750  7.3236e-03
8.000  23.000  7.3235e-03
8.000  23.250  7.3240e-03
8.000  23.500  7.3235e-03
8.000  23.750  7.3235e-03
8.000  24.000  7.3235e-03
8.250  17.000  5.3218e-04
8.250  17.250  1.0072e-03
8.250  17.500  1.9043e-03
8.250  17.750  3.5253e-03
8.250  18.000  5.1315e-03
8.250  18.250  6.0159e-03
8.250  18.500  6.6725e-03
8.250  18.750  7.0167e-03
8.250  19.000  7.1612e-03
8.250  19.250  7.2338e-03
8.250  19.500  7.2836e-03
8.250  19.750  7.3106e-03
8.250  20.000  7.3178e-03
8.250  20.250  7.3212e-03
8.250  20.500  7.3228e-03
8.250  20.750  7.3232e-03
8.250  21.000  7.3234e-03
8.250  21.250  7.3234e-03
8.250  21.500  7.3235e-03
8.250  21.750  7.3235e-03
8.250  22.000  7.3235e-03
8.250  22.250  7.3235e-03
8.250  22.500  7.3235e-03
8.250  22.750  7.3236e-03
8.250  23.000  7.3235e-03
8.250  23.250  7.3253e-03
8.250  23.500  7.3235e-03
8.250  23.750  7.3235e-03
8.250  24.000  7.3240e-03
8.500  17.000  2.8181e-04
8.500  17.250  5.3276e-04
8.500  17.500  1.0079e-03
8.500  17.750  1.9026e-03
8.500  18.000  3.5240e-03
8.500  18.250  5.1290e-03
8.500  18.500  6.0176e-03
8.500  18.750  6.6774e-03
8.500  19.000  7.0212e-03
8.500  19.250  7.1630e-03
8.500  19.500  7.2347e-03
8.500  19.750  7.2839e-03
8.500  20.000  7.3107e-03
8.500  20.250  7.3178e-03
8.500  20.500  7.3212e-03
8.500  20.750  7.3228e-03
8.500  21.000  7.3232e-03
8.500  21.250  7.3234e-03
8.500  21.500  7.3234e-03
8.500  21.750  7.3235e-03
8.500  22.000  7.3235e-03
8.500  22.250  7.3235e-03
8.500  22.500  7.3235e-03
8.500  22.750  7.3235e-03
8.500  23.000  7.3235e-03
8.500  23.250  7.3236e-03
8.500  23.500  7.3235e-03
8.500  23.750  7.3235e-03
8.500  24.000  7.3235e-03
8.750  17.000  1.4947e-04
8.750  17.250  2.8189e-04
8.750  17.500  5.3309e-04
8.750  17.750  1.0083e-03
8.750  18.000  1.9046e-03
8.750  18.250  3.5194e-03
8.750  18.500  5.1246e-03
8.750  18.750  6.0184e-03
8.750  19.000  6.6826e-03
8.750  19.250  7.0258e-03
8.750  19.500  7.1652e-03
8.750  19.750  7.2355e-03
8.750  20.000  7.2842e-03
8.750  20.250  7.3108e-03
8.750  20.500  7.3179e-03
8.750  20.750  7.3212e-03
8.750  21.000  7.3228e-03
8.750  21.250  7.3232e-03
8.750  21.500  7.3234e-03
8.750  21.750  7.3234e-03
8.750  22.000  7.3235e-03
8.750  22.250  7.3235e-03
8.750  22.500  7.3235e-03
8.750  22.750  7.3235e-03
8.750  23.000  7.3242e-03
8.750  23.250  7.3235e-03
8.750  23.500  7.3236e-03
8.750  23.750  7.3235e-03
8.750  24.000  7.3235e-03
9.000  17.000  7.9259e-05
9.000  17.250  1.4979e-04
9.000  17.500  2.8239e-04
9.000  17.750  5.3374e-04
9.000  18.000  1.0103e-03
9.000  18.250  1.9056e-03
9.000  18.500  3.5154e-03
9.000  18.750  5.1206e-03
9.000  19.000  6.0187e-03
9.000  19.250  6.6874e-03
9.000  19.500  7.0307e-03
9.000  19.750  7.1674e-03
9.000  20.000  7.2364e-03
9.000  20.250  7.2845e-03
9.000  20.500  7.3109e-03
9.000  20.750  7.3179e-03
9.000  21.000  7.3212e-03
9.000  21.250  7.3228e-03
9.000  21.500  7.3232e-03
9.000  21.750  7.3233e-03
9.000  22.000  7.3234e-03
9.000  22.250  7.3234e-03
9.000  22.500  7.3234e-03
9.000  22.750  7.3235e-03
9.000  23.000  7.3235e-03
9.000  23.250  7.3235e-03
9.000  23.500  7.3235e-03
9.000  23.750  7.3235e-03
9.000  24.000  7.3235e-03
9.250  17.000  4.1481e-05
9.250  17.250  7.9588e-05
9.250  17.500  1.5053e-04
9.250  17.750  2.8403e-04
9.250  18.000  5.3770e-04
9.250  18.250  1.0180e-03
9.250  18.500  1.9179e-03
9.250  18.750  3.5180e-03
9.250  19.000  5.1179e-03
9.250  19.250  6.0184e-03
9.250  19.500  6.6915e-03
9.250  19.750  7.0354e-03
9.250  20.000  7.1697e-03
9.250  20.250  7.2374e-03
9.250  20.500  7.2849e-03
9.250  20.750  7.3109e-03
9.250  21.000  7.3179e-03
9.250  21.250  7.3212e-03
9.250  21.500  7.3224e-03
9.250  21.750  7.3227e-03
9.250  22.000  7.3227e-03
9.250  22.250  7.3229e-03
9.250  22.500  7.3230e-03
9.250  22.750  7.3231e-03
9.250  23.000  7.3232e-03
9.250  23.250  7.3233e-03
9.250  23.500  7.3233e-03
9.250  23.750  7.3233e-03
9.250  24.000  7.3234e-03
9.500  17.000  2.1235e-05
9.500  17.250  4.1811e-05
9.500  17.500  8.0412e-05
9.500  17.750  1.5259e-04
9.500  18.000  2.8823e-04
9.500  18.250  5.4576e-04
9.500  18.500  1.0355e-03
9.500  18.750  1.9570e-03
9.500  19.000  3.5364e-03
9.500  19.250  5.1202e-03
9.500  19.500  6.0183e-03
9.500  19.750  6.6946e-03
9.500  20.000  7.0397e-03
9.500  20.250  7.1719e-03
9.500  20.500  7.2384e-03
9.500  20.750  7.2844e-03
9.500  21.000  7.3105e-03
9.500  21.250  7.3174e-03
9.500  21.500  7.3207e-03
9.500  21.750  7.3221e-03
9.500  22.000  7.3225e-03
9.500  22.250  7.3226e-03
9.500  22.500  7.3226e-03
9.500  22.750  7.3227e-03
9.500  23.000  7.3227e-03
9.500  23.250  7.3227e-03
9.500  23.500  7.3227e-03
9.500  23.750  7.3227e-03
9.500  24.000  7.3227e-03
9.750  17.000  1.0535e-05
9.750  17.250  2.1399e-05
9.750  17.500  4.2469e-05
9.750  17.750  8.2387e-05
9.750  18.000  1.5630e-04
9.750  18.250  2.9531e-04
9.750  18.500  5.6165e-04
9.750  18.750  1.0756e-03
9.750  19.000  2.0318e-03
9.750  19.250  3.5863e-03
9.750  19.500  5.1356e-03
9.750  19.750  6.0210e-03
9.750  20.000  6.6973e-03
9.750  20.250  7.0426e-03
9.750  20.500  7.1733e-03
9.750  20.750  7.2388e-03
9.750  21.000  7.2850e-03
9.750  21.250  7.3107e-03
9.750  21.500  7.3175e-03
9.750  21.750  7.3207e-03
9.750  22.000  7.3221e-03
9.750  22.250  7.3225e-03
9.750  22.500  7.3226e-03
9.750  22.750  7.3227e-03
9.750  23.000  7.3227e-03
9.750  23.250  7.3227e-03
9.750  23.500  7.3227e-03
9.750  23.750  7.3227e-03
9.750  24.000  7.3227e-03
10.000  17.000  4.6914e-06
10.000  17.250  1.0617e-05
10.000  17.500  2.1975e-05
10.000  17.750  4.3951e-05
10.000  18.000  8.5267e-05
10.000  18.250  1.6198e-04
10.000  18.500  3.0807e-04
10.000  18.750  5.9358e-04
10.000  19.000  1.1514e-03
10.000  19.250  2.1715e-03
10.000  19.500  3.7033e-03
10.000  19.750  5.1775e-03
10.000  20.000  6.0311e-03
10.000  20.250  6.7001e-03
10.000  20.500  7.0467e-03
10.000  20.750  7.1759e-03
10.000  21.000  7.2402e-03
10.000  21.250  7.2858e-03
10.000  21.500  7.3109e-03
10.000  21.750  7.3176e-03
10.000  22.000  7.3208e-03
10.000  22.250  7.3222e-03
10.000  22.500  7.3225e-03
10.000  22.750  7.3226e-03
10.000  23.000  7.3227e-03
10.000  23.250  7.3227e-03
10.000  23.500  7.3227e-03
10.000  23.750  7.3227e-03
10.000  24.000  7.3227e-03
10.250  17.000  2.2222e-06
10.250  17.250  4.7737e-06
10.250  17.500  1.0947e-05
10.250  17.750  2.2881e-05
10.250  18.000  4.5926e-05
10.250  18.250  8.9630e-05
10.250  18.500  1.7218e-04
10.250  18.750  3.3342e-04
10.250  19.000  6.5045e-04
10.250  19.250  1.2640e-03
10.250  19.500  2.3579e-03
10.250  19.750  3.8856e-03
10.250  20.000  5.2504e-03
10.250  20.250  6.0535e-03
10.250  20.500  6.7053e-03
10.250  20.750  7.0507e-03
10.250  21.000  7.1780e-03
10.250  21.250  7.2413e-03
10.250  21.500  7.2865e-03
10.250  21.750  7.3111e-03
10.250  22.000  7.3176e-03
10.250  22.250  7.3209e-03
10.250  22.500  7.3223e-03
10.250  22.750  7.3225e-03
10.250  23.000  7.3226e-03
10.250  23.250  7.3227e-03
10.250  23.500  7.3227e-03
10.250  23.750  7.3227e-03
10.250  24.000  7.3227e-03
10.500  17.000  1.1523e-06
10.500  17.250  2.3045e-06
10.500  17.500  5.0206e-06
10.500  17.750  1.1523e-05
10.500  18.000  2.4198e-05
10.500  18.250  4.8971e-05
10.500  18.500  9.6955e-05
10.500  18.750  1.8947e-04
10.500  19.000  3.6979e-04
10.500  19.250  7.2486e-04
10.500  19.500  1.3826e-03
10.500  19.750  2.5586e-03
10.500  20.000  4.0895e-03
10.500  20.250  5.3746e-03
10.500  20.500  6.0998e-03
10.500  20.750  6.7159e-03
10.500  21.000  7.0543e-03
10.500  21.250  7.1802e-03
10.500  21.500  7.2424e-03
10.500  21.750  7.2871e-03
10.500  22.000  7.3115e-03
10.500  22.250  7.3178e-03
10.500  22.500  7.3209e-03
10.500  22.750  7.3224e-03
10.500  23.000  7.3226e-03
10.500  23.250  7.3226e-03
10.500  23.500  7.3227e-03
10.500  23.750  7.3227e-03
10.500  24.000  7.3227e-03
10.750  17.000  1.0000e-07
10.750  17.250  1.1523e-06
10.750  17.500  2.3868e-06
10.750  17.750  5.4321e-06
10.750  18.000  1.2346e-05
10.750  18.250  2.6420e-05
10.750  18.500  5.4074e-05
10.750  18.750  1.0774e-04
10.750  19.000  2.1128e-04
10.750  19.250  4.1317e-04
10.750  19.500  8.0971e-04
10.750  19.750  1.5309e-03
10.750  20.000  2.7733e-03
10.750  20.250  4.2853e-03
10.750  20.500  5.5254e-03
10.750  20.750  6.1851e-03
10.750  21.000  6.7349e-03
10.750  21.250  7.0588e-03
10.750  21.500  7.1825e-03
10.750  21.750  7.2437e-03
10.750  22.000  7.2877e-03
10.750  22.250  7.3119e-03
10.750  22.500  7.3181e-03
10.750  22.750  7.3210e-03
10.750  23.000  7.3224e-03
10.750  23.250  7.3227e-03
10.750  23.500  7.3227e-03
10.750  23.750  7.3226e-03
10.750  24.000  7.3227e-03
11.000  17.000  1.0000e-07
11.000  17.250  1.0000e-07
11.000  17.500  1.1523e-06
11.000  17.750  2.6337e-06
11.000  18.000  6.0082e-06
11.000  18.250  1.3663e-05
11.000  18.500  2.9465e-05
11.000  18.750  6.0494e-05
11.000  19.000  1.2016e-04
11.000  19.250  2.3572e-04
11.000  19.500  4.6132e-04
11.000  19.750  9.0189e-04
11.000  20.000  1.6932e-03
11.000  20.250  2.9569e-03
11.000  20.500  4.4904e-03
11.000  20.750  5.7161e-03
11.000  21.000  6.2686e-03
11.000  21.250  6.7700e-03
11.000  21.500  7.0650e-03
11.000  21.750  7.1852e-03
11.000  22.000  7.2453e-03
11.000  22.250  7.2886e-03
11.000  22.500  7.3121e-03
11.000  22.750  7.3183e-03
11.000  23.000  7.3212e-03
11.000  23.250  7.3225e-03
11.000  23.500  7.3227e-03
11.000  23.750  7.3228e-03
11.000  24.000  7.3227e-03
11.250  17.000  1.0000e-07
11.250  17.250  1.0000e-07
11.250  17.500  1.0000e-07
11.250  17.750  1.3169e-06
11.250  18.000  2.8807e-06
11.250  18.250  6.6667e-06
11.250  18.500  1.5144e-05
11.250  18.750  3.2840e-05
11.250  19.000  6.7243e-05
11.250  19.250  1.3366e-04
11.250  19.500  2.6214e-04
11.250  19.750  5.1342e-04
11.250  20.000  1.0012e-03
11.250  20.250  1.8720e-03
11.250  20.500  3.2050e-03
11.250  20.750  4.6989e-03
11.250  21.000  5.8567e-03
11.250  21.250  6.3772e-03
11.250  21.500  6.8109e-03
11.250  21.750  7.0747e-03
11.250  22.000  7.1891e-03
11.250  22.250  7.2473e-03
11.250  22.500  7.2895e-03
11.250  22.750  7.3125e-03
11.250  23.000  7.3185e-03
11.250  23.250  7.3214e-03
11.250  23.500  7.3225e-03
11.250  23.750  7.3228e-03
11.250  24.000  7.3229e-03
11.500  17.000  1.0000e-07
11.500  17.250  1.0000e-07
11.500  17.500  1.0000e-07
11.500  17.750  1.0000e-07
11.500  18.000  1.3992e-06
11.500  18.250  3.1276e-06
11.500  18.500  7.4074e-06
11.500  18.750  1.6872e-05
11.500  19.000  3.6543e-05
11.500  19.250  7.4403e-05
11.500  19.500  1.4774e-04
11.500  19.750  2.9070e-04
11.500  20.000  5.6979e-04
11.500  20.250  1.1038e-03
11.500  20.500  2.0574e-03
11.500  20.750  3.4370e-03
11.500  21.000  4.9295e-03
11.500  21.250  6.0067e-03
11.500  21.500  6.4708e-03
11.500  21.750  6.8589e-03
11.500  22.000  7.0884e-03
11.500  22.250  7.1944e-03
11.500  22.500  7.2503e-03
11.500  22.750  7.2909e-03
11.500  23.000  7.3129e-03
11.500  23.250  7.3187e-03
11.500  23.500  7.3216e-03
11.500  23.750  7.3226e-03
11.500  24.000  7.3228e-03
11.750  17.000  1.0000e-07
11.750  17.250  1.0000e-07
11.750  17.500  1.0000e-07
11.750  17.750  1.0000e-07
11.750  18.000  1.0000e-07
11.750  18.250  1.4815e-06
11.750  18.500  3.4568e-06
11.750  18.750  8.2305e-06
11.750  19.000  1.8848e-05
11.750  19.250  4.0494e-05
11.750  19.500  8.1975e-05
11.750  19.750  1.6255e-04
11.750  20.000  3.2008e-04
11.750  20.250  6.2889e-04
11.750  20.500  1.2118e-03
11.750  20.750  2.2531e-03
11.750  21.000  3.7082e-03
11.750  21.250  5.2299e-03
11.750  21.500  6.1184e-03
11.750  21.750  6.5704e-03
11.750  22.000  6.9044e-03
11.750  22.250  7.1047e-03
11.750  22.500  7.2016e-03
11.750  22.750  7.2547e-03
11.750  23.000  7.2929e-03
11.750  23.250  7.3136e-03
11.750  23.500  7.3190e-03
11.750  23.750  7.3216e-03
11.750  24.000  7.3228e-03
12.000  17.000  1.0000e-07
12.000  17.250  1.0000e-07
12.000  17.500  1.0000e-07
12.000  17.750  1.0000e-07
12.000  18.000  1.0000e-07
12.000  18.250  1.0000e-07
12.000  18.500  1.6461e-06
12.000  18.750  3.8683e-06
12.000  19.000  9.3004e-06
12.000  19.250  2.1152e-05
12.000  19.500  4.4774e-05
12.000  19.750  8.9959e-05
12.000  20.000  1.7794e-04
12.000  20.250  3.5045e-04
12.000  20.500  6.8864e-04
12.000  20.750  1.3314e-03
12.000  21.000  2.4909e-03
12.000  21.250  4.0868e-03
12.000  21.500  5.5789e-03
12.000  21.750  6.2470e-03
12.000  22.000  6.6533e-03
12.000  22.250  6.9442e-03
12.000  22.500  7.1209e-03
12.000  22.750  7.2103e-03
12.000  23.000  7.2597e-03
12.000  23.250  7.2955e-03
12.000  23.500  7.3144e-03
12.000  23.750  7.3193e-03
12.000  24.000  7.3218e-03
12.250  17.000  1.0000e-07
12.250  17.250  1.0000e-07
12.250  17.500  1.0000e-07
12.250  17.750  1.0000e-07
12.250  18.000  1.0000e-07
12.250  18.250  1.0000e-07
12.250  18.500  8.2305e-07
12.250  18.750  1.8930e-06
12.250  19.000  4.4444e-06
12.250  19.250  1.0617e-05
12.250  19.500  2.3621e-05
12.250  19.750  4.9383e-05
12.250  20.000  9.8436e-05
12.250  20.250  1.9399e-04
12.250  20.500  3.8239e-04
12.250  20.750  7.5407e-04
12.250  21.000  1.4853e-03
12.250  21.250  2.8075e-03
12.250  21.500  4.5177e-03
12.250  21.750  5.8761e-03
12.250  22.000  6.3490e-03
12.250  22.250  6.7183e-03
12.250  22.500  6.9773e-03
12.250  22.750  7.1359e-03
12.250  23.000  7.2191e-03
12.250  23.250  7.2653e-03
12.250  23.500  7.2984e-03
12.250  23.750  7.3154e-03
12.250  24.000  7.3198e-03
12.500  17.000  1.0000e-07
12.500  17.250  1.0000e-07
12.500  17.500  1.0000e-07
12.500  17.750  1.0000e-07
12.500  18.000  1.0000e-07
12.500  18.250  1.0000e-07
12.500  18.500  1.0000e-07
12.500  18.750  9.8765e-07
12.500  19.000  2.1399e-06
12.500  19.250  5.1852e-06
12.500  19.500  1.2016e-05
12.500  19.750  2.6337e-05
12.500  20.000  5.3992e-05
12.500  20.250  1.0683e-04
12.500  20.500  2.1045e-04
12.500  20.750  4.1860e-04
12.500  21.000  8.4370e-04
12.500  21.250  1.6973e-03
12.500  21.500  3.1890e-03
12.500  21.750  4.9343e-03
12.500  22.000  6.0354e-03
12.500  22.250  6.4347e-03
12.500  22.500  6.7742e-03
12.500  22.750  7.0113e-03
12.500  23.000  7.1488e-03
12.500  23.250  7.2265e-03
12.500  23.500  7.2707e-03
12.500  23.750  7.3014e-03
12.500  24.000  7.3163e-03
12.750  17.000  1.0000e-07
12.750  17.250  1.0000e-07
12.750  17.500  1.0000e-07
12.750  17.750  1.0000e-07
12.750  18.000  1.0000e-07
12.750  18.250  1.0000e-07
12.750  18.500  1.0000e-07
12.750  18.750  1.0000e-07
12.750  19.000  1.1523e-06
12.750  19.250  2.5514e-06
12.750  19.500  5.9259e-06
12.750  19.750  1.3416e-05
12.750  20.000  2.8642e-05
12.750  20.250  5.8436e-05
12.750  20.500  1.1531e-04
12.750  20.750  2.2955e-04
12.750  21.000  4.6897e-04
12.750  21.250  9.6016e-04
12.750  21.500  1.9335e-03
12.750  21.750  3.6026e-03
12.750  22.000  5.2827e-03
12.750  22.250  6.1267e-03
12.750  22.500  6.5072e-03
12.750  22.750  6.8236e-03
12.750  23.000  7.0342e-03
12.750  23.250  7.1596e-03
12.750  23.500  7.2328e-03
12.750  23.750  7.2752e-03
12.750  24.000  7.3040e-03
13.000  17.000  1.0000e-07
13.000  17.250  1.0000e-07
13.000  17.500  1.0000e-07
13.000  17.750  1.0000e-07
13.000  18.000  1.0000e-07
13.000  18.250  1.0000e-07
13.000  18.500  1.0000e-07
13.000  18.750  1.0000e-07
13.000  19.000  1.0000e-07
13.000  19.250  1.3169e-06
13.000  19.500  2.8807e-06
13.000  19.750  6.5844e-06
13.000  20.000  1.4486e-05
13.000  20.250  3.0453e-05
13.000  20.500  6.2469e-05
13.000  20.750  1.2420e-04
13.000  21.000  2.5045e-04
13.000  21.250  5.2453e-04
13.000  21.500  1.0775e-03
13.000  21.750  2.2016e-03
13.000  22.000  3.9052e-03
13.000  22.250  5.5116e-03
13.000  22.500  6.2058e-03
13.000  22.750  6.5659e-03
13.000  23.000  6.8551e-03
13.000  23.250  7.0518e-03
13.000  23.500  7.1683e-03
13.000  23.750  7.2378e-03
13.000  24.000  7.2788e-03
13.250  17.000  1.0000e-07
13.250  17.250  1.0000e-07
13.250  17.500  1.0000e-07
13.250  17.750  1.0000e-07
13.250  18.000  1.0000e-07
13.250  18.250  1.0000e-07
13.250  18.500  1.0000e-07
13.250  18.750  1.0000e-07
13.250  19.000  1.0000e-07
13.250  19.250  1.0000e-07
13.250  19.500  1.5638e-06
13.250  19.750  3.2099e-06
13.250  20.000  7.0782e-06
13.250  20.250  1.5062e-05
13.250  20.500  3.1605e-05
13.250  20.750  6.4856e-05
13.250  21.000  1.3243e-04
13.250  21.250  2.7128e-04
13.250  21.500  5.5728e-04
13.250  21.750  1.1381e-03
13.250  22.000  2.3325e-03
13.250  22.250  4.1120e-03
13.250  22.500  5.6348e-03
13.250  22.750  6.2728e-03
13.250  23.000  6.6131e-03
13.250  23.250  6.8740e-03
13.250  23.500  7.0611e-03
13.250  23.750  7.1758e-03
13.250  24.000  7.2419e-03
13.500  17.000  1.0000e-07
13.500  17.250  1.0000e-07
13.500  17.500  1.0000e-07
13.500  17.750  1.0000e-07
13.500  18.000  1.0000e-07
13.500  18.250  1.0000e-07
13.500  18.500  1.0000e-07
13.500  18.750  1.0000e-07
13.500  19.000  1.0000e-07
13.500  19.250  1.0000e-07
13.500  19.500  9.0535e-07
13.500  19.750  1.7284e-06
13.500  20.000  3.5391e-06
13.500  20.250  7.4897e-06
13.500  20.500  1.5638e-05
13.500  20.750  3.2181e-05
13.500  21.000  6.4774e-05
13.500  21.250  1.3407e-04
13.500  21.500  2.6840e-04
13.500  21.750  5.4856e-04
13.500  22.000  1.1285e-03
13.500  22.250  2.3849e-03
13.500  22.500  4.1798e-03
13.500  22.750  5.7063e-03
13.500  23.000  6.3304e-03
13.500  23.250  6.6520e-03
13.500  23.500  6.9021e-03
13.500  23.750  7.0762e-03
13.500  24.000  7.1819e-03
13.750  17.000  1.0000e-07
13.750  17.250  1.0000e-07
13.750  17.500  1.0000e-07
13.750  17.750  1.0000e-07
13.750  18.000  1.0000e-07
13.750  18.250  1.0000e-07
13.750  18.500  1.0000e-07
13.750  18.750  1.0000e-07
13.750  19.000  1.0000e-07
13.750  19.250  1.0000e-07
13.750  19.500  1.0000e-07
13.750  19.750  9.8765e-07
13.750  20.000  1.8930e-06
13.750  20.250  3.8683e-06
13.750  20.500  7.9012e-06
13.750  20.750  1.6214e-05
13.750  21.000  3.2510e-05
13.750  21.250  6.4362e-05
13.750  21.500  1.2897e-04
13.750  21.750  2.6091e-04
13.750  22.000  5.3053e-04
13.750  22.250  1.1226e-03
13.750  22.500  2.3723e-03
13.750  22.750  4.2570e-03
13.750  23.000  5.7988e-03
13.750  23.250  6.3817e-03
13.750  23.500  6.6850e-03
13.750  23.750  6.9230e-03
13.750  24.000  7.0882e-03
14.000  17.000  1.0000e-07
14.000  17.250  1.0000e-07
14.000  17.500  1.0000e-07
14.000  17.750  1.0000e-07
14.000  18.000  1.0000e-07
14.000  18.250  1.0000e-07
14.000  18.500  1.0000e-07
14.000  18.750  1.0000e-07
14.000  19.000  1.0000e-07
14.000  19.250  1.0000e-07
14.000  19.500  1.0000e-07
14.000  19.750  1.0000e-07
14.000  20.000  1.0700e-06
14.000  20.250  2.1399e-06
14.000  20.500  4.1975e-06
14.000  20.750  8.3951e-06
14.000  21.000  1.6790e-05
14.000  21.250  3.3333e-05
14.000  21.500  6.4856e-05
14.000  21.750  1.2749e-04
14.000  22.000  2.5432e-04
14.000  22.250  5.2782e-04
14.000  22.500  1.1333e-03
14.000  22.750  2.4114e-03
14.000  23.000  4.3584e-03
14.000  23.250  5.9163e-03
14.000  23.500  6.4337e-03
14.000  23.750  6.7182e-03
14.000  24.000  6.9467e-03
