InwT 1.48022m  relative to Inci 1215.00A scaled to 1215A.
Hden   Phi(H)  Eq_Width (A)
7.000  17.000  3.2970e-03
7.000  17.250  1.9278e-03
7.000  17.500  1.2005e-03
7.000  17.750  8.2634e-04
7.000  18.000  6.4066e-04
7.000  18.250  5.3794e-04
7.000  18.500  4.7992e-04
7.000  18.750  4.5506e-04
7.000  19.000  4.4239e-04
7.000  19.250  4.3547e-04
7.000  19.500  4.3284e-04
7.000  19.750  4.3185e-04
7.000  20.000  4.3139e-04
7.000  20.250  4.3120e-04
7.000  20.500  4.3111e-04
7.000  20.750  4.3103e-04
7.000  21.000  4.3103e-04
7.000  21.250  4.3103e-04
7.000  21.500  4.3103e-04
7.000  21.750  4.3095e-04
7.000  22.000  4.3095e-04
7.000  22.250  4.3095e-04
7.000  22.500  4.3095e-04
7.000  22.750  4.3103e-04
7.000  23.000  4.3103e-04
7.000  23.250  4.3095e-04
7.000  23.500  4.3095e-04
7.000  23.750  4.3095e-04
7.000  24.000  4.3095e-04
7.250  17.000  5.7956e-03
7.250  17.250  3.2947e-03
7.250  17.500  1.9265e-03
7.250  17.750  1.1996e-03
7.250  18.000  8.2609e-04
7.250  18.250  6.4058e-04
7.250  18.500  5.3794e-04
7.250  18.750  4.7992e-04
7.250  19.000  4.5506e-04
7.250  19.250  4.4239e-04
7.250  19.500  4.3547e-04
7.250  19.750  4.3284e-04
7.250  20.000  4.3185e-04
7.250  20.250  4.3136e-04
7.250  20.500  4.3119e-04
7.250  20.750  4.3111e-04
7.250  21.000  4.3103e-04
7.250  21.250  4.3103e-04
7.250  21.500  4.3103e-04
7.250  21.750  4.3111e-04
7.250  22.000  4.3095e-04
7.250  22.250  4.3095e-04
7.250  22.500  4.3095e-04
7.250  22.750  4.3103e-04
7.250  23.000  4.3103e-04
7.250  23.250  4.3095e-04
7.250  23.500  4.3095e-04
7.250  23.750  4.3095e-04
7.250  24.000  4.3095e-04
7.500  17.000  9.3205e-03
7.500  17.250  5.7914e-03
7.500  17.500  3.2931e-03
7.500  17.750  1.9253e-03
7.500  18.000  1.1986e-03
7.500  18.250  8.2576e-04
7.500  18.500  6.4049e-04
7.500  18.750  5.3786e-04
7.500  19.000  4.7992e-04
7.500  19.250  4.5506e-04
7.500  19.500  4.4239e-04
7.500  19.750  4.3547e-04
7.500  20.000  4.3284e-04
7.500  20.250  4.3161e-04
7.500  20.500  4.3095e-04
7.500  20.750  4.3072e-04
7.500  21.000  4.3076e-04
7.500  21.250  4.3091e-04
7.500  21.500  4.3103e-04
7.500  21.750  4.3103e-04
7.500  22.000  4.3103e-04
7.500  22.250  4.3095e-04
7.500  22.500  4.3095e-04
7.500  22.750  4.3095e-04
7.500  23.000  4.3103e-04
7.500  23.250  4.3103e-04
7.500  23.500  4.3095e-04
7.500  23.750  4.3103e-04
7.500  24.000  4.3095e-04
7.750  17.000  1.4392e-02
7.750  17.250  9.3120e-03
7.750  17.500  5.7886e-03
7.750  17.750  3.2921e-03
7.750  18.000  1.9243e-03
7.750  18.250  1.1974e-03
7.750  18.500  8.2535e-04
7.750  18.750  6.4041e-04
7.750  19.000  5.3786e-04
7.750  19.250  4.7992e-04
7.750  19.500  4.5506e-04
7.750  19.750  4.4239e-04
7.750  20.000  4.3547e-04
7.750  20.250  4.3284e-04
7.750  20.500  4.3185e-04
7.750  20.750  4.3139e-04
7.750  21.000  4.3120e-04
7.750  21.250  4.3111e-04
7.750  21.500  4.3103e-04
7.750  21.750  4.3103e-04
7.750  22.000  4.3103e-04
7.750  22.250  4.3103e-04
7.750  22.500  4.3095e-04
7.750  22.750  4.3103e-04
7.750  23.000  4.3103e-04
7.750  23.250  4.3095e-04
7.750  23.500  4.3103e-04
7.750  23.750  4.3103e-04
7.750  24.000  4.3095e-04
8.000  17.000  1.5412e-02
8.000  17.250  1.4242e-02
8.000  17.500  9.2930e-03
8.000  17.750  5.7830e-03
8.000  18.000  3.2916e-03
8.000  18.250  1.9234e-03
8.000  18.500  1.1962e-03
8.000  18.750  8.2486e-04
8.000  19.000  6.4025e-04
8.000  19.250  5.3786e-04
8.000  19.500  4.7984e-04
8.000  19.750  4.5506e-04
8.000  20.000  4.4239e-04
8.000  20.250  4.3547e-04
8.000  20.500  4.3284e-04
8.000  20.750  4.3185e-04
8.000  21.000  4.3136e-04
8.000  21.250  4.3119e-04
8.000  21.500  4.3111e-04
8.000  21.750  4.3103e-04
8.000  22.000  4.3103e-04
8.000  22.250  4.3103e-04
8.000  22.500  4.3103e-04
8.000  22.750  4.3103e-04
8.000  23.000  4.3095e-04
8.000  23.250  4.3103e-04
8.000  23.500  4.3095e-04
8.000  23.750  4.3095e-04
8.000  24.000  4.3095e-04
8.250  17.000  1.6200e-02
8.250  17.250  1.5463e-02
8.250  17.500  1.4248e-02
8.250  17.750  9.2899e-03
8.250  18.000  5.7832e-03
8.250  18.250  3.2916e-03
8.250  18.500  1.9225e-03
8.250  18.750  1.1949e-03
8.250  19.000  8.2428e-04
8.250  19.250  6.4008e-04
8.250  19.500  5.3778e-04
8.250  19.750  4.7984e-04
8.250  20.000  4.5506e-04
8.250  20.250  4.4239e-04
8.250  20.500  4.3547e-04
8.250  20.750  4.3284e-04
8.250  21.000  4.3185e-04
8.250  21.250  4.3136e-04
8.250  21.500  4.3119e-04
8.250  21.750  4.3111e-04
8.250  22.000  4.3103e-04
8.250  22.250  4.3103e-04
8.250  22.500  4.3103e-04
8.250  22.750  4.3103e-04
8.250  23.000  4.3095e-04
8.250  23.250  4.3111e-04
8.250  23.500  4.3095e-04
8.250  23.750  4.3095e-04
8.250  24.000  4.3103e-04
8.500  17.000  1.6780e-02
8.500  17.250  1.6303e-02
8.500  17.500  1.5524e-02
8.500  17.750  1.4265e-02
8.500  18.000  9.2889e-03
8.500  18.250  5.7845e-03
8.500  18.500  3.2919e-03
8.500  18.750  1.9216e-03
8.500  19.000  1.1933e-03
8.500  19.250  8.2370e-04
8.500  19.500  6.3992e-04
8.500  19.750  5.3778e-04
8.500  20.000  4.7984e-04
8.500  20.250  4.5506e-04
8.500  20.500  4.4239e-04
8.500  20.750  4.3547e-04
8.500  21.000  4.3284e-04
8.500  21.250  4.3185e-04
8.500  21.500  4.3136e-04
8.500  21.750  4.3119e-04
8.500  22.000  4.3111e-04
8.500  22.250  4.3103e-04
8.500  22.500  4.3103e-04
8.500  22.750  4.3103e-04
8.500  23.000  4.3095e-04
8.500  23.250  4.3103e-04
8.500  23.500  4.3095e-04
8.500  23.750  4.3095e-04
8.500  24.000  4.3095e-04
8.750  17.000  1.7177e-02
8.750  17.250  1.6944e-02
8.750  17.500  1.6462e-02
8.750  17.750  1.5589e-02
8.750  18.000  1.4305e-02
8.750  18.250  9.2885e-03
8.750  18.500  5.7866e-03
8.750  18.750  3.2926e-03
8.750  19.000  1.9208e-03
8.750  19.250  1.1917e-03
8.750  19.500  8.2296e-04
8.750  19.750  6.3975e-04
8.750  20.000  5.3778e-04
8.750  20.250  4.7984e-04
8.750  20.500  4.5506e-04
8.750  20.750  4.4239e-04
8.750  21.000  4.3547e-04
8.750  21.250  4.3284e-04
8.750  21.500  4.3185e-04
8.750  21.750  4.3136e-04
8.750  22.000  4.3119e-04
8.750  22.250  4.3111e-04
8.750  22.500  4.3103e-04
8.750  22.750  4.3103e-04
8.750  23.000  4.3103e-04
8.750  23.250  4.3095e-04
8.750  23.500  4.3103e-04
8.750  23.750  4.3095e-04
8.750  24.000  4.3095e-04
9.000  17.000  1.7384e-02
9.000  17.250  1.7402e-02
9.000  17.500  1.7227e-02
9.000  17.750  1.6777e-02
9.000  18.000  1.5858e-02
9.000  18.250  1.4461e-02
9.000  18.500  9.2873e-03
9.000  18.750  5.7889e-03
9.000  19.000  3.2937e-03
9.000  19.250  1.9202e-03
9.000  19.500  1.1900e-03
9.000  19.750  8.2222e-04
9.000  20.000  6.3951e-04
9.000  20.250  5.3770e-04
9.000  20.500  4.7984e-04
9.000  20.750  4.5506e-04
9.000  21.000  4.4239e-04
9.000  21.250  4.3547e-04
9.000  21.500  4.3284e-04
9.000  21.750  4.3185e-04
9.000  22.000  4.3136e-04
9.000  22.250  4.3119e-04
9.000  22.500  4.3111e-04
9.000  22.750  4.3103e-04
9.000  23.000  4.3103e-04
9.000  23.250  4.3103e-04
9.000  23.500  4.3095e-04
9.000  23.750  4.3095e-04
9.000  24.000  4.3095e-04
9.250  17.000  1.7407e-02
9.250  17.250  1.7683e-02
9.250  17.500  1.7856e-02
9.250  17.750  1.7856e-02
9.250  18.000  1.7461e-02
9.250  18.250  1.6510e-02
9.250  18.500  1.4846e-02
9.250  18.750  9.2841e-03
9.250  19.000  5.7909e-03
9.250  19.250  3.2951e-03
9.250  19.500  1.9200e-03
9.250  19.750  1.1885e-03
9.250  20.000  8.2156e-04
9.250  20.250  6.3934e-04
9.250  20.500  5.3761e-04
9.250  20.750  4.7984e-04
9.250  21.000  4.5506e-04
9.250  21.250  4.4239e-04
9.250  21.500  4.3547e-04
9.250  21.750  4.3284e-04
9.250  22.000  4.3177e-04
9.250  22.250  4.3136e-04
9.250  22.500  4.3119e-04
9.250  22.750  4.3111e-04
9.250  23.000  4.3103e-04
9.250  23.250  4.3103e-04
9.250  23.500  4.3095e-04
9.250  23.750  4.3095e-04
9.250  24.000  4.3095e-04
9.500  17.000  1.7303e-02
9.500  17.250  1.7829e-02
9.500  17.500  1.8365e-02
9.500  17.750  1.8889e-02
9.500  18.000  1.9171e-02
9.500  18.250  1.9018e-02
9.500  18.500  1.8060e-02
9.500  18.750  1.5468e-02
9.500  19.000  9.2765e-03
9.500  19.250  5.7915e-03
9.500  19.500  3.2970e-03
9.500  19.750  1.9203e-03
9.500  20.000  1.1873e-03
9.500  20.250  8.2091e-04
9.500  20.500  6.3918e-04
9.500  20.750  5.3761e-04
9.500  21.000  4.7975e-04
9.500  21.250  4.5498e-04
9.500  21.500  4.4230e-04
9.500  21.750  4.3547e-04
9.500  22.000  4.3284e-04
9.500  22.250  4.3177e-04
9.500  22.500  4.3136e-04
9.500  22.750  4.3111e-04
9.500  23.000  4.3103e-04
9.500  23.250  4.3103e-04
9.500  23.500  4.3095e-04
9.500  23.750  4.3095e-04
9.500  24.000  4.3095e-04
9.750  17.000  1.7004e-02
9.750  17.250  1.7822e-02
9.750  17.500  1.8747e-02
9.750  17.750  1.9901e-02
9.750  18.000  2.1197e-02
9.750  18.250  2.2069e-02
9.750  18.500  2.2123e-02
9.750  18.750  2.0992e-02
9.750  19.000  1.5480e-02
9.750  19.250  9.2640e-03
9.750  19.500  5.7892e-03
9.750  19.750  3.2992e-03
9.750  20.000  1.9211e-03
9.750  20.250  1.1867e-03
9.750  20.500  8.2049e-04
9.750  20.750  6.3909e-04
9.750  21.000  5.3761e-04
9.750  21.250  4.7975e-04
9.750  21.500  4.5498e-04
9.750  21.750  4.4239e-04
9.750  22.000  4.3547e-04
9.750  22.250  4.3284e-04
9.750  22.500  4.3177e-04
9.750  22.750  4.3136e-04
9.750  23.000  4.3111e-04
9.750  23.250  4.3103e-04
9.750  23.500  4.3103e-04
9.750  23.750  4.3095e-04
9.750  24.000  4.3095e-04
10.000  17.000  1.6494e-02
10.000  17.250  1.7688e-02
10.000  17.500  1.9105e-02
10.000  17.750  2.1011e-02
10.000  18.000  2.3518e-02
10.000  18.250  2.5709e-02
10.000  18.500  2.6850e-02
10.000  18.750  2.6437e-02
10.000  19.000  2.3590e-02
10.000  19.250  1.5501e-02
10.000  19.500  9.2467e-03
10.000  19.750  5.7813e-03
10.000  20.000  3.3011e-03
10.000  20.250  1.9222e-03
10.000  20.500  1.1863e-03
10.000  20.750  8.2008e-04
10.000  21.000  6.3901e-04
10.000  21.250  5.3753e-04
10.000  21.500  4.7975e-04
10.000  21.750  4.5498e-04
10.000  22.000  4.4239e-04
10.000  22.250  4.3547e-04
10.000  22.500  4.3284e-04
10.000  22.750  4.3177e-04
10.000  23.000  4.3136e-04
10.000  23.250  4.3111e-04
10.000  23.500  4.3103e-04
10.000  23.750  4.3103e-04
10.000  24.000  4.3095e-04
10.250  17.000  1.6067e-02
10.250  17.250  1.7462e-02
10.250  17.500  1.9543e-02
10.250  17.750  2.2449e-02
10.250  18.000  2.6186e-02
10.250  18.250  2.9634e-02
10.250  18.500  3.1985e-02
10.250  18.750  3.2751e-02
10.250  19.000  3.1647e-02
10.250  19.250  2.6853e-02
10.250  19.500  1.5499e-02
10.250  19.750  9.2282e-03
10.250  20.000  5.7645e-03
10.250  20.250  3.3020e-03
10.250  20.500  1.9235e-03
10.250  20.750  1.1863e-03
10.250  21.000  8.1992e-04
10.250  21.250  6.3901e-04
10.250  21.500  5.3753e-04
10.250  21.750  4.7975e-04
10.250  22.000  4.5498e-04
10.250  22.250  4.4239e-04
10.250  22.500  4.3547e-04
10.250  22.750  4.3284e-04
10.250  23.000  4.3177e-04
10.250  23.250  4.3136e-04
10.250  23.500  4.3111e-04
10.250  23.750  4.3103e-04
10.250  24.000  4.3103e-04
10.500  17.000  1.5791e-02
10.500  17.250  1.7468e-02
10.500  17.500  2.0200e-02
10.500  17.750  2.4377e-02
10.500  18.000  2.9342e-02
10.500  18.250  3.3964e-02
10.500  18.500  3.7205e-02
10.500  18.750  3.9064e-02
10.500  19.000  3.8882e-02
10.500  19.250  3.6722e-02
10.500  19.500  2.6790e-02
10.500  19.750  1.5445e-02
10.500  20.000  9.1870e-03
10.500  20.250  5.7391e-03
10.500  20.500  3.3010e-03
10.500  20.750  1.9245e-03
10.500  21.000  1.1867e-03
10.500  21.250  8.1984e-04
10.500  21.500  6.3909e-04
10.500  21.750  5.3753e-04
10.500  22.000  4.7975e-04
10.500  22.250  4.5498e-04
10.500  22.500  4.4239e-04
10.500  22.750  4.3547e-04
10.500  23.000  4.3284e-04
10.500  23.250  4.3177e-04
10.500  23.500  4.3136e-04
10.500  23.750  4.3111e-04
10.500  24.000  4.3103e-04
10.750  17.000  1.5736e-02
10.750  17.250  1.7744e-02
10.750  17.500  2.1424e-02
10.750  17.750  2.6826e-02
10.750  18.000  3.2883e-02
10.750  18.250  3.8271e-02
10.750  18.500  4.2397e-02
10.750  18.750  4.4929e-02
10.750  19.000  4.5700e-02
10.750  19.250  4.4656e-02
10.750  19.500  4.0882e-02
10.750  19.750  2.6760e-02
10.750  20.000  1.5360e-02
10.750  20.250  9.1216e-03
10.750  20.500  5.7054e-03
10.750  20.750  3.2971e-03
10.750  21.000  1.9247e-03
10.750  21.250  1.1873e-03
10.750  21.500  8.2000e-04
10.750  21.750  6.3926e-04
10.750  22.000  5.3761e-04
10.750  22.250  4.7975e-04
10.750  22.500  4.5498e-04
10.750  22.750  4.4239e-04
10.750  23.000  4.3547e-04
10.750  23.250  4.3284e-04
10.750  23.500  4.3177e-04
10.750  23.750  4.3136e-04
10.750  24.000  4.3111e-04
11.000  17.000  1.5902e-02
11.000  17.250  1.8280e-02
11.000  17.500  2.2968e-02
11.000  17.750  2.9589e-02
11.000  18.000  3.6398e-02
11.000  18.250  4.2375e-02
11.000  18.500  4.7103e-02
11.000  18.750  5.0377e-02
11.000  19.000  5.2099e-02
11.000  19.250  5.2161e-02
11.000  19.500  5.0376e-02
11.000  19.750  4.5674e-02
11.000  20.000  2.6626e-02
11.000  20.250  1.5162e-02
11.000  20.500  9.0465e-03
11.000  20.750  5.6695e-03
11.000  21.000  3.2854e-03
11.000  21.250  1.9234e-03
11.000  21.500  1.1882e-03
11.000  21.750  8.2025e-04
11.000  22.000  6.3942e-04
11.000  22.250  5.3761e-04
11.000  22.500  4.7967e-04
11.000  22.750  4.5498e-04
11.000  23.000  4.4239e-04
11.000  23.250  4.3547e-04
11.000  23.500  4.3284e-04
11.000  23.750  4.3177e-04
11.000  24.000  4.3136e-04
11.250  17.000  1.6291e-02
11.250  17.250  1.8980e-02
11.250  17.500  2.4541e-02
11.250  17.750  3.2150e-02
11.250  18.000  3.9663e-02
11.250  18.250  4.6034e-02
11.250  18.500  5.1258e-02
11.250  18.750  5.5418e-02
11.250  19.000  5.7860e-02
11.250  19.250  5.8820e-02
11.250  19.500  5.8157e-02
11.250  19.750  5.5803e-02
11.250  20.000  4.7089e-02
11.250  20.250  2.6512e-02
11.250  20.500  1.5086e-02
11.250  20.750  8.9686e-03
11.250  21.000  5.6357e-03
11.250  21.250  3.2654e-03
11.250  21.500  1.9193e-03
11.250  21.750  1.1891e-03
11.250  22.000  8.2066e-04
11.250  22.250  6.3967e-04
11.250  22.500  5.3761e-04
11.250  22.750  4.7967e-04
11.250  23.000  4.5498e-04
11.250  23.250  4.4239e-04
11.250  23.500  4.3547e-04
11.250  23.750  4.3284e-04
11.250  24.000  4.3177e-04
11.500  17.000  1.6968e-02
11.500  17.250  1.9836e-02
11.500  17.500  2.5938e-02
11.500  17.750  3.4222e-02
11.500  18.000  4.2343e-02
11.500  18.250  4.9219e-02
11.500  18.500  5.4962e-02
11.500  18.750  5.9674e-02
11.500  19.000  6.2921e-02
11.500  19.250  6.4659e-02
11.500  19.500  6.4862e-02
11.500  19.750  6.3685e-02
11.500  20.000  6.0886e-02
11.500  20.250  4.7848e-02
11.500  20.500  2.6300e-02
11.500  20.750  1.4925e-02
11.500  21.000  8.9179e-03
11.500  21.250  5.6058e-03
11.500  21.500  3.2373e-03
11.500  21.750  1.9107e-03
11.500  22.000  1.1895e-03
11.500  22.250  8.2115e-04
11.500  22.500  6.3992e-04
11.500  22.750  5.3770e-04
11.500  23.000  4.7959e-04
11.500  23.250  4.5498e-04
11.500  23.500  4.4239e-04
11.500  23.750  4.3547e-04
11.500  24.000  4.3284e-04
11.750  17.000  1.8002e-02
11.750  17.250  2.0840e-02
11.750  17.500  2.7087e-02
11.750  17.750  3.5669e-02
11.750  18.000  4.4243e-02
11.750  18.250  5.1765e-02
11.750  18.500  5.8141e-02
11.750  18.750  6.3318e-02
11.750  19.000  6.7393e-02
11.750  19.250  6.9802e-02
11.750  19.500  7.0754e-02
11.750  19.750  7.0204e-02
11.750  20.000  6.8565e-02
11.750  20.250  6.5342e-02
11.750  20.500  4.7947e-02
11.750  20.750  2.6098e-02
11.750  21.000  1.4840e-02
11.750  21.250  8.9689e-03
11.750  21.500  5.5508e-03
11.750  21.750  3.1990e-03
11.750  22.000  1.8962e-03
11.750  22.250  1.1889e-03
11.750  22.500  8.2156e-04
11.750  22.750  6.4008e-04
11.750  23.000  5.3770e-04
11.750  23.250  4.7959e-04
11.750  23.500  4.5498e-04
11.750  23.750  4.4239e-04
11.750  24.000  4.3547e-04
12.000  17.000  1.9522e-02
12.000  17.250  2.2033e-02
12.000  17.500  2.7958e-02
12.000  17.750  3.6406e-02
12.000  18.000  4.5349e-02
12.000  18.250  5.3582e-02
12.000  18.500  6.0768e-02
12.000  18.750  6.6738e-02
12.000  19.000  7.1309e-02
12.000  19.250  7.4385e-02
12.000  19.500  7.5884e-02
12.000  19.750  7.5859e-02
12.000  20.000  7.4788e-02
12.000  20.250  7.2594e-02
12.000  20.500  6.8915e-02
12.000  20.750  4.7560e-02
12.000  21.000  2.5974e-02
12.000  21.250  1.4889e-02
12.000  21.500  9.1760e-03
12.000  21.750  5.4788e-03
12.000  22.000  3.1523e-03
12.000  22.250  1.8774e-03
12.000  22.500  1.1866e-03
12.000  22.750  8.2181e-04
12.000  23.000  6.4025e-04
12.000  23.250  5.3778e-04
12.000  23.500  4.7951e-04
12.000  23.750  4.5498e-04
12.000  24.000  4.4239e-04
12.250  17.000  2.1616e-02
12.250  17.250  2.3464e-02
12.250  17.500  2.8584e-02
12.250  17.750  3.6484e-02
12.250  18.000  4.5640e-02
12.250  18.250  5.4664e-02
12.250  18.500  6.2769e-02
12.250  18.750  6.9658e-02
12.250  19.000  7.4812e-02
12.250  19.250  7.8333e-02
12.250  19.500  8.0285e-02
12.250  19.750  8.0879e-02
12.250  20.000  7.9951e-02
12.250  20.250  7.8303e-02
12.250  20.500  7.5787e-02
12.250  20.750  7.1750e-02
12.250  21.000  4.6980e-02
12.250  21.250  2.5878e-02
12.250  21.500  1.5111e-02
12.250  21.750  9.4215e-03
12.250  22.000  5.3950e-03
12.250  22.250  3.1167e-03
12.250  22.500  1.8663e-03
12.250  22.750  1.1821e-03
12.250  23.000  8.2173e-04
12.250  23.250  6.4016e-04
12.250  23.500  5.3770e-04
12.250  23.750  4.7934e-04
12.250  24.000  4.5490e-04
12.500  17.000  2.4135e-02
12.500  17.250  2.5016e-02
12.500  17.500  2.9182e-02
12.500  17.750  3.6214e-02
12.500  18.000  4.5302e-02
12.500  18.250  5.4865e-02
12.500  18.500  6.3949e-02
12.500  18.750  7.1763e-02
12.500  19.000  7.7659e-02
12.500  19.250  8.1640e-02
12.500  19.500  8.3834e-02
12.500  19.750  8.4790e-02
12.500  20.000  8.4448e-02
12.500  20.250  8.2960e-02
12.500  20.500  8.0994e-02
12.500  20.750  7.8144e-02
12.500  21.000  7.3387e-02
12.500  21.250  4.6147e-02
12.500  21.500  2.6044e-02
12.500  21.750  1.5351e-02
12.500  22.000  9.4450e-03
12.500  22.250  5.3150e-03
12.500  22.500  3.0640e-03
12.500  22.750  1.8388e-03
12.500  23.000  1.1750e-03
12.500  23.250  8.2099e-04
12.500  23.500  6.3967e-04
12.500  23.750  5.3745e-04
12.500  24.000  4.7909e-04
12.750  17.000  2.4144e-02
12.750  17.250  2.6208e-02
12.750  17.500  2.9677e-02
12.750  17.750  3.6162e-02
12.750  18.000  4.4788e-02
12.750  18.250  5.4480e-02
12.750  18.500  6.4099e-02
12.750  18.750  7.2817e-02
12.750  19.000  7.9696e-02
12.750  19.250  8.4293e-02
12.750  19.500  8.6805e-02
12.750  19.750  8.7907e-02
12.750  20.000  8.7942e-02
12.750  20.250  8.6970e-02
12.750  20.500  8.5228e-02
12.750  20.750  8.2941e-02
12.750  21.000  8.0247e-02
12.750  21.250  7.4946e-02
12.750  21.500  4.5778e-02
12.750  21.750  2.6035e-02
12.750  22.000  1.5572e-02
12.750  22.250  9.2308e-03
12.750  22.500  5.2040e-03
12.750  22.750  2.9976e-03
12.750  23.000  1.8110e-03
12.750  23.250  1.1653e-03
12.750  23.500  8.1901e-04
12.750  23.750  6.3868e-04
12.750  24.000  5.3687e-04
13.000  17.000  2.1716e-02
13.000  17.250  2.6187e-02
13.000  17.500  3.0588e-02
13.000  17.750  3.6526e-02
13.000  18.000  4.4429e-02
13.000  18.250  5.3847e-02
13.000  18.500  6.3648e-02
13.000  18.750  7.2804e-02
13.000  19.000  8.0376e-02
13.000  19.250  8.5883e-02
13.000  19.500  8.8809e-02
13.000  19.750  9.0300e-02
13.000  20.000  9.0569e-02
13.000  20.250  9.0060e-02
13.000  20.500  8.8893e-02
13.000  20.750  8.6927e-02
13.000  21.000  8.4480e-02
13.000  21.250  8.1587e-02
13.000  21.500  7.5968e-02
13.000  21.750  4.4776e-02
13.000  22.000  2.5782e-02
13.000  22.250  1.5584e-02
13.000  22.500  8.9960e-03
13.000  22.750  5.0821e-03
13.000  23.000  2.9379e-03
13.000  23.250  1.7804e-03
13.000  23.500  1.1520e-03
13.000  23.750  8.1531e-04
13.000  24.000  6.3663e-04
13.250  17.000  2.1201e-02
13.250  17.250  2.5515e-02
13.250  17.500  3.2283e-02
13.250  17.750  3.7706e-02
13.250  18.000  4.4603e-02
13.250  18.250  5.3402e-02
13.250  18.500  6.3026e-02
13.250  18.750  7.2276e-02
13.250  19.000  8.0260e-02
13.250  19.250  8.6218e-02
13.250  19.500  8.9877e-02
13.250  19.750  9.2100e-02
13.250  20.000  9.2735e-02
13.250  20.250  9.2444e-02
13.250  20.500  9.1666e-02
13.250  20.750  9.0185e-02
13.250  21.000  8.8254e-02
13.250  21.250  8.5504e-02
13.250  21.500  8.2313e-02
13.250  21.750  7.2513e-02
13.250  22.000  4.2908e-02
13.250  22.250  2.5244e-02
13.250  22.500  1.5187e-02
13.250  22.750  8.7070e-03
13.250  23.000  4.9335e-03
13.250  23.250  2.8872e-03
13.250  23.500  1.7542e-03
13.250  23.750  1.1356e-03
13.250  24.000  8.0889e-04
13.500  17.000  2.0622e-02
13.500  17.250  2.4837e-02
13.500  17.500  3.1669e-02
13.500  17.750  3.8485e-02
13.500  18.000  4.5409e-02
13.500  18.250  5.3432e-02
13.500  18.500  6.2539e-02
13.500  18.750  7.1641e-02
13.500  19.000  7.9809e-02
13.500  19.250  8.6232e-02
13.500  19.500  9.0593e-02
13.500  19.750  9.3109e-02
13.500  20.000  9.4360e-02
13.500  20.250  9.4754e-02
13.500  20.500  9.4045e-02
13.500  20.750  9.2628e-02
13.500  21.000  9.0366e-02
13.500  21.250  8.8137e-02
13.500  21.500  8.5154e-02
13.500  21.750  7.9942e-02
13.500  22.000  6.7231e-02
13.500  22.250  4.0301e-02
13.500  22.500  2.3921e-02
13.500  22.750  1.4437e-02
13.500  23.000  8.3523e-03
13.500  23.250  4.7453e-03
13.500  23.500  2.7846e-03
13.500  23.750  1.7008e-03
13.500  24.000  1.1148e-03
13.750  17.000  2.0237e-02
13.750  17.250  2.4057e-02
13.750  17.500  3.0994e-02
13.750  17.750  3.8427e-02
13.750  18.000  4.6869e-02
13.750  18.250  5.4051e-02
13.750  18.500  6.2402e-02
13.750  18.750  7.1138e-02
13.750  19.000  7.9377e-02
13.750  19.250  8.6277e-02
13.750  19.500  9.1326e-02
13.750  19.750  9.4466e-02
13.750  20.000  9.6120e-02
13.750  20.250  9.6830e-02
13.750  20.500  9.6635e-02
13.750  20.750  9.5434e-02
13.750  21.000  9.3280e-02
13.750  21.250  9.0178e-02
13.750  21.500  8.7751e-02
13.750  21.750  8.3478e-02
13.750  22.000  7.6411e-02
13.750  22.250  6.0911e-02
13.750  22.500  3.6733e-02
13.750  22.750  2.2316e-02
13.750  23.000  1.3585e-02
13.750  23.250  7.9151e-03
13.750  23.500  4.5363e-03
13.750  23.750  2.6786e-03
13.750  24.000  1.6449e-03
14.000  17.000  1.9828e-02
14.000  17.250  2.3475e-02
14.000  17.500  2.9951e-02
14.000  17.750  3.7970e-02
14.000  18.000  4.7358e-02
14.000  18.250  5.5691e-02
14.000  18.500  6.3078e-02
14.000  18.750  7.1088e-02
14.000  19.000  7.9109e-02
14.000  19.250  8.6308e-02
14.000  19.500  9.2080e-02
14.000  19.750  9.6106e-02
14.000  20.000  9.8325e-02
14.000  20.250  9.9248e-02
14.000  20.500  9.9393e-02
14.000  20.750  9.8555e-02
14.000  21.000  9.6616e-02
14.000  21.250  9.3795e-02
14.000  21.500  9.1113e-02
14.000  21.750  8.7020e-02
14.000  22.000  8.1405e-02
14.000  22.250  7.2193e-02
14.000  22.500  5.3668e-02
14.000  22.750  3.2901e-02
14.000  23.000  2.0407e-02
14.000  23.250  1.2654e-02
14.000  23.500  7.3747e-03
14.000  23.750  4.2782e-03
14.000  24.000  2.5432e-03
