Ca2X 8498.00A  relative to Inci 1215.00A scaled to 1215A.
Hden   Phi(H)  Eq_Width (A)
7.000  17.000  1.0000e-07
7.000  17.250  1.0000e-07
7.000  17.500  1.0000e-07
7.000  17.750  1.0000e-07
7.000  18.000  1.0000e-07
7.000  18.250  1.0000e-07
7.000  18.500  1.0000e-07
7.000  18.750  1.0000e-07
7.000  19.000  1.0000e-07
7.000  19.250  1.0000e-07
7.000  19.500  1.0000e-07
7.000  19.750  1.0000e-07
7.000  20.000  1.0000e-07
7.000  20.250  1.0000e-07
7.000  20.500  1.0000e-07
7.000  20.750  1.0000e-07
7.000  21.000  1.0000e-07
7.000  21.250  1.0000e-07
7.000  21.500  1.0000e-07
7.000  21.750  1.0000e-07
7.000  22.000  1.0000e-07
7.000  22.250  1.0000e-07
7.000  22.500  1.0000e-07
7.000  22.750  1.0000e-07
7.000  23.000  1.0000e-07
7.000  23.250  1.0000e-07
7.000  23.500  1.0000e-07
7.000  23.750  1.0000e-07
7.000  24.000  1.0000e-07
7.250  17.000  1.0000e-07
7.250  17.250  1.0000e-07
7.250  17.500  1.0000e-07
7.250  17.750  1.0000e-07
7.250  18.000  1.0000e-07
7.250  18.250  1.0000e-07
7.250  18.500  1.0000e-07
7.250  18.750  1.0000e-07
7.250  19.000  1.0000e-07
7.250  19.250  1.0000e-07
7.250  19.500  1.0000e-07
7.250  19.750  1.0000e-07
7.250  20.000  1.0000e-07
7.250  20.250  1.0000e-07
7.250  20.500  1.0000e-07
7.250  20.750  1.0000e-07
7.250  21.000  1.0000e-07
7.250  21.250  1.0000e-07
7.250  21.500  1.0000e-07
7.250  21.750  1.0000e-07
7.250  22.000  1.0000e-07
7.250  22.250  1.0000e-07
7.250  22.500  1.0000e-07
7.250  22.750  1.0000e-07
7.250  23.000  1.0000e-07
7.250  23.250  1.0000e-07
7.250  23.500  1.0000e-07
7.250  23.750  1.0000e-07
7.250  24.000  1.0000e-07
7.500  17.000  1.0000e-07
7.500  17.250  1.0000e-07
7.500  17.500  1.0000e-07
7.500  17.750  1.0000e-07
7.500  18.000  1.0000e-07
7.500  18.250  1.0000e-07
7.500  18.500  1.0000e-07
7.500  18.750  1.0000e-07
7.500  19.000  1.0000e-07
7.500  19.250  1.0000e-07
7.500  19.500  1.0000e-07
7.500  19.750  1.0000e-07
7.500  20.000  1.0000e-07
7.500  20.250  1.0000e-07
7.500  20.500  1.0000e-07
7.500  20.750  1.0000e-07
7.500  21.000  1.0000e-07
7.500  21.250  1.0000e-07
7.500  21.500  1.0000e-07
7.500  21.750  1.0000e-07
7.500  22.000  1.0000e-07
7.500  22.250  1.0000e-07
7.500  22.500  1.0000e-07
7.500  22.750  1.0000e-07
7.500  23.000  1.0000e-07
7.500  23.250  1.0000e-07
7.500  23.500  1.0000e-07
7.500  23.750  1.0000e-07
7.500  24.000  1.0000e-07
7.750  17.000  1.0000e-07
7.750  17.250  1.0000e-07
7.750  17.500  1.0000e-07
7.750  17.750  1.0000e-07
7.750  18.000  1.0000e-07
7.750  18.250  1.0000e-07
7.750  18.500  1.0000e-07
7.750  18.750  1.0000e-07
7.750  19.000  1.0000e-07
7.750  19.250  1.0000e-07
7.750  19.500  1.0000e-07
7.750  19.750  1.0000e-07
7.750  20.000  1.0000e-07
7.750  20.250  1.0000e-07
7.750  20.500  1.0000e-07
7.750  20.750  1.0000e-07
7.750  21.000  1.0000e-07
7.750  21.250  1.0000e-07
7.750  21.500  1.0000e-07
7.750  21.750  1.0000e-07
7.750  22.000  1.0000e-07
7.750  22.250  1.0000e-07
7.750  22.500  1.0000e-07
7.750  22.750  1.0000e-07
7.750  23.000  1.0000e-07
7.750  23.250  1.0000e-07
7.750  23.500  1.0000e-07
7.750  23.750  1.0000e-07
7.750  24.000  1.0000e-07
8.000  17.000  1.0000e-07
8.000  17.250  1.0000e-07
8.000  17.500  1.0000e-07
8.000  17.750  1.0000e-07
8.000  18.000  1.0000e-07
8.000  18.250  1.0000e-07
8.000  18.500  1.0000e-07
8.000  18.750  1.0000e-07
8.000  19.000  1.0000e-07
8.000  19.250  1.0000e-07
8.000  19.500  1.0000e-07
8.000  19.750  1.0000e-07
8.000  20.000  1.0000e-07
8.000  20.250  1.0000e-07
8.000  20.500  1.0000e-07
8.000  20.750  1.0000e-07
8.000  21.000  1.0000e-07
8.000  21.250  1.0000e-07
8.000  21.500  1.0000e-07
8.000  21.750  1.0000e-07
8.000  22.000  1.0000e-07
8.000  22.250  1.0000e-07
8.000  22.500  1.0000e-07
8.000  22.750  1.0000e-07
8.000  23.000  1.0000e-07
8.000  23.250  1.0000e-07
8.000  23.500  1.0000e-07
8.000  23.750  1.0000e-07
8.000  24.000  1.0000e-07
8.250  17.000  1.0000e-07
8.250  17.250  1.0000e-07
8.250  17.500  1.0000e-07
8.250  17.750  1.0000e-07
8.250  18.000  1.0000e-07
8.250  18.250  1.0000e-07
8.250  18.500  1.0000e-07
8.250  18.750  1.0000e-07
8.250  19.000  1.0000e-07
8.250  19.250  1.0000e-07
8.250  19.500  1.0000e-07
8.250  19.750  1.0000e-07
8.250  20.000  1.0000e-07
8.250  20.250  1.0000e-07
8.250  20.500  1.0000e-07
8.250  20.750  1.0000e-07
8.250  21.000  1.0000e-07
8.250  21.250  1.0000e-07
8.250  21.500  1.0000e-07
8.250  21.750  1.0000e-07
8.250  22.000  1.0000e-07
8.250  22.250  1.0000e-07
8.250  22.500  1.0000e-07
8.250  22.750  1.0000e-07
8.250  23.000  1.0000e-07
8.250  23.250  1.0000e-07
8.250  23.500  1.0000e-07
8.250  23.750  1.0000e-07
8.250  24.000  1.0000e-07
8.500  17.000  1.5638e-06
8.500  17.250  1.0000e-07
8.500  17.500  1.0000e-07
8.500  17.750  1.0000e-07
8.500  18.000  1.0000e-07
8.500  18.250  1.0000e-07
8.500  18.500  1.0000e-07
8.500  18.750  1.0000e-07
8.500  19.000  1.0000e-07
8.500  19.250  1.0000e-07
8.500  19.500  1.0000e-07
8.500  19.750  1.0000e-07
8.500  20.000  1.0000e-07
8.500  20.250  1.0000e-07
8.500  20.500  1.0000e-07
8.500  20.750  1.0000e-07
8.500  21.000  1.0000e-07
8.500  21.250  1.0000e-07
8.500  21.500  1.0000e-07
8.500  21.750  1.0000e-07
8.500  22.000  1.0000e-07
8.500  22.250  1.0000e-07
8.500  22.500  1.0000e-07
8.500  22.750  1.0000e-07
8.500  23.000  1.0000e-07
8.500  23.250  1.0000e-07
8.500  23.500  1.0000e-07
8.500  23.750  1.0000e-07
8.500  24.000  1.0000e-07
8.750  17.000  3.8683e-06
8.750  17.250  1.6461e-06
8.750  17.500  1.0000e-07
8.750  17.750  1.0000e-07
8.750  18.000  1.0000e-07
8.750  18.250  1.0000e-07
8.750  18.500  1.0000e-07
8.750  18.750  1.0000e-07
8.750  19.000  1.0000e-07
8.750  19.250  1.0000e-07
8.750  19.500  1.0000e-07
8.750  19.750  1.0000e-07
8.750  20.000  1.0000e-07
8.750  20.250  1.0000e-07
8.750  20.500  1.0000e-07
8.750  20.750  1.0000e-07
8.750  21.000  1.0000e-07
8.750  21.250  1.0000e-07
8.750  21.500  1.0000e-07
8.750  21.750  1.0000e-07
8.750  22.000  1.0000e-07
8.750  22.250  1.0000e-07
8.750  22.500  1.0000e-07
8.750  22.750  1.0000e-07
8.750  23.000  1.0000e-07
8.750  23.250  1.0000e-07
8.750  23.500  1.0000e-07
8.750  23.750  1.0000e-07
8.750  24.000  1.0000e-07
9.000  17.000  9.3004e-06
9.000  17.250  4.1152e-06
9.000  17.500  1.8107e-06
9.000  17.750  1.0000e-07
9.000  18.000  1.0000e-07
9.000  18.250  1.0000e-07
9.000  18.500  1.0000e-07
9.000  18.750  1.0000e-07
9.000  19.000  1.0000e-07
9.000  19.250  1.0000e-07
9.000  19.500  1.0000e-07
9.000  19.750  1.0000e-07
9.000  20.000  1.0000e-07
9.000  20.250  1.0000e-07
9.000  20.500  1.0000e-07
9.000  20.750  1.0000e-07
9.000  21.000  1.0000e-07
9.000  21.250  1.0000e-07
9.000  21.500  1.0000e-07
9.000  21.750  1.0000e-07
9.000  22.000  1.0000e-07
9.000  22.250  1.0000e-07
9.000  22.500  1.0000e-07
9.000  22.750  1.0000e-07
9.000  23.000  1.0000e-07
9.000  23.250  1.0000e-07
9.000  23.500  1.0000e-07
9.000  23.750  1.0000e-07
9.000  24.000  1.0000e-07
9.250  17.000  2.1481e-05
9.250  17.250  1.0041e-05
9.250  17.500  4.5267e-06
9.250  17.750  2.0576e-06
9.250  18.000  9.0535e-07
9.250  18.250  1.0000e-07
9.250  18.500  1.0000e-07
9.250  18.750  1.0000e-07
9.250  19.000  1.0000e-07
9.250  19.250  1.0000e-07
9.250  19.500  1.0000e-07
9.250  19.750  1.0000e-07
9.250  20.000  1.0000e-07
9.250  20.250  1.0000e-07
9.250  20.500  1.0000e-07
9.250  20.750  1.0000e-07
9.250  21.000  1.0000e-07
9.250  21.250  1.0000e-07
9.250  21.500  1.0000e-07
9.250  21.750  1.0000e-07
9.250  22.000  1.0000e-07
9.250  22.250  1.0000e-07
9.250  22.500  1.0000e-07
9.250  22.750  1.0000e-07
9.250  23.000  1.0000e-07
9.250  23.250  1.0000e-07
9.250  23.500  1.0000e-07
9.250  23.750  1.0000e-07
9.250  24.000  1.0000e-07
9.500  17.000  4.7654e-05
9.500  17.250  2.3951e-05
9.500  17.500  1.1440e-05
9.500  17.750  5.5144e-06
9.500  18.000  2.7160e-06
9.500  18.250  1.4815e-06
9.500  18.500  8.2305e-07
9.500  18.750  1.0000e-07
9.500  19.000  1.0000e-07
9.500  19.250  1.0000e-07
9.500  19.500  1.0000e-07
9.500  19.750  1.0000e-07
9.500  20.000  1.0000e-07
9.500  20.250  1.0000e-07
9.500  20.500  1.0000e-07
9.500  20.750  1.0000e-07
9.500  21.000  1.0000e-07
9.500  21.250  1.0000e-07
9.500  21.500  1.0000e-07
9.500  21.750  1.0000e-07
9.500  22.000  1.0000e-07
9.500  22.250  1.0000e-07
9.500  22.500  1.0000e-07
9.500  22.750  1.0000e-07
9.500  23.000  1.0000e-07
9.500  23.250  1.0000e-07
9.500  23.500  1.0000e-07
9.500  23.750  1.0000e-07
9.500  24.000  1.0000e-07
9.750  17.000  1.0000e-04
9.750  17.250  5.5638e-05
9.750  17.500  2.9136e-05
9.750  17.750  1.5226e-05
9.750  18.000  8.4774e-06
9.750  18.250  4.9383e-06
9.750  18.500  2.9630e-06
9.750  18.750  1.6461e-06
9.750  19.000  1.0000e-07
9.750  19.250  1.0000e-07
9.750  19.500  1.0000e-07
9.750  19.750  1.0000e-07
9.750  20.000  1.0000e-07
9.750  20.250  1.0000e-07
9.750  20.500  1.0000e-07
9.750  20.750  1.0000e-07
9.750  21.000  1.0000e-07
9.750  21.250  1.0000e-07
9.750  21.500  1.0000e-07
9.750  21.750  1.0000e-07
9.750  22.000  1.0000e-07
9.750  22.250  1.0000e-07
9.750  22.500  1.0000e-07
9.750  22.750  1.0000e-07
9.750  23.000  1.0000e-07
9.750  23.250  1.0000e-07
9.750  23.500  1.0000e-07
9.750  23.750  1.0000e-07
9.750  24.000  1.0000e-07
10.000  17.000  2.0593e-04
10.000  17.250  1.2576e-04
10.000  17.500  7.3909e-05
10.000  17.750  4.3374e-05
10.000  18.000  2.7078e-05
10.000  18.250  1.6296e-05
10.000  18.500  9.1358e-06
10.000  18.750  4.7737e-06
10.000  19.000  1.8107e-06
10.000  19.250  1.0000e-07
10.000  19.500  1.0000e-07
10.000  19.750  1.0000e-07
10.000  20.000  1.0000e-07
10.000  20.250  1.0000e-07
10.000  20.500  1.0000e-07
10.000  20.750  1.0000e-07
10.000  21.000  1.0000e-07
10.000  21.250  1.0000e-07
10.000  21.500  1.0000e-07
10.000  21.750  1.0000e-07
10.000  22.000  1.0000e-07
10.000  22.250  1.0000e-07
10.000  22.500  1.0000e-07
10.000  22.750  1.0000e-07
10.000  23.000  1.0000e-07
10.000  23.250  1.0000e-07
10.000  23.500  1.0000e-07
10.000  23.750  1.0000e-07
10.000  24.000  1.0000e-07
10.250  17.000  4.2444e-04
10.250  17.250  2.8247e-04
10.250  17.500  1.8848e-04
10.250  17.750  1.2733e-04
10.250  18.000  8.6091e-05
10.250  18.250  4.9630e-05
10.250  18.500  2.5021e-05
10.250  18.750  1.1934e-05
10.250  19.000  6.6667e-06
10.250  19.250  2.5514e-06
10.250  19.500  1.0000e-07
10.250  19.750  1.0000e-07
10.250  20.000  1.0000e-07
10.250  20.250  1.0000e-07
10.250  20.500  1.0000e-07
10.250  20.750  1.0000e-07
10.250  21.000  1.0000e-07
10.250  21.250  1.0000e-07
10.250  21.500  1.0000e-07
10.250  21.750  1.0000e-07
10.250  22.000  1.0000e-07
10.250  22.250  1.0000e-07
10.250  22.500  1.0000e-07
10.250  22.750  1.0000e-07
10.250  23.000  1.0000e-07
10.250  23.250  1.0000e-07
10.250  23.500  1.0000e-07
10.250  23.750  1.0000e-07
10.250  24.000  1.0000e-07
10.500  17.000  8.4403e-04
10.500  17.250  6.3761e-04
10.500  17.500  4.8667e-04
10.500  17.750  3.7465e-04
10.500  18.000  2.6049e-04
10.500  18.250  1.5465e-04
10.500  18.500  8.4198e-05
10.500  18.750  6.0576e-05
10.500  19.000  4.2716e-05
10.500  19.250  1.7860e-05
10.500  19.500  3.4568e-06
10.500  19.750  1.0000e-07
10.500  20.000  1.0000e-07
10.500  20.250  1.0000e-07
10.500  20.500  1.0000e-07
10.500  20.750  1.0000e-07
10.500  21.000  1.0000e-07
10.500  21.250  1.0000e-07
10.500  21.500  1.0000e-07
10.500  21.750  1.0000e-07
10.500  22.000  1.0000e-07
10.500  22.250  1.0000e-07
10.500  22.500  1.0000e-07
10.500  22.750  1.0000e-07
10.500  23.000  1.0000e-07
10.500  23.250  1.0000e-07
10.500  23.500  1.0000e-07
10.500  23.750  1.0000e-07
10.500  24.000  1.0000e-07
10.750  17.000  1.5499e-03
10.750  17.250  1.3829e-03
10.750  17.500  1.2643e-03
10.750  17.750  1.1058e-03
10.750  18.000  8.1844e-04
10.750  18.250  5.3580e-04
10.750  18.500  3.9276e-04
10.750  18.750  3.0346e-04
10.750  19.000  2.1350e-04
10.750  19.250  1.1465e-04
10.750  19.500  1.9259e-05
10.750  19.750  8.2305e-07
10.750  20.000  1.0000e-07
10.750  20.250  1.0000e-07
10.750  20.500  1.0000e-07
10.750  20.750  1.0000e-07
10.750  21.000  1.0000e-07
10.750  21.250  1.0000e-07
10.750  21.500  1.0000e-07
10.750  21.750  1.0000e-07
10.750  22.000  1.0000e-07
10.750  22.250  1.0000e-07
10.750  22.500  1.0000e-07
10.750  22.750  1.0000e-07
10.750  23.000  1.0000e-07
10.750  23.250  1.0000e-07
10.750  23.500  1.0000e-07
10.750  23.750  1.0000e-07
10.750  24.000  1.0000e-07
11.000  17.000  2.6057e-03
11.000  17.250  2.7049e-03
11.000  17.500  3.0742e-03
11.000  17.750  3.1761e-03
11.000  18.000  2.5837e-03
11.000  18.250  1.9460e-03
11.000  18.500  1.4993e-03
11.000  18.750  1.1077e-03
11.000  19.000  7.4979e-04
11.000  19.250  4.2403e-04
11.000  19.500  1.9284e-04
11.000  19.750  2.2469e-05
11.000  20.000  9.8765e-07
11.000  20.250  1.0000e-07
11.000  20.500  1.0000e-07
11.000  20.750  1.0000e-07
11.000  21.000  1.0000e-07
11.000  21.250  1.0000e-07
11.000  21.500  1.0000e-07
11.000  21.750  1.0000e-07
11.000  22.000  1.0000e-07
11.000  22.250  1.0000e-07
11.000  22.500  1.0000e-07
11.000  22.750  1.0000e-07
11.000  23.000  1.0000e-07
11.000  23.250  1.0000e-07
11.000  23.500  1.0000e-07
11.000  23.750  1.0000e-07
11.000  24.000  1.0000e-07
11.250  17.000  4.1576e-03
11.250  17.250  4.6927e-03
11.250  17.500  6.4570e-03
11.250  17.750  7.6805e-03
11.250  18.000  7.0144e-03
11.250  18.250  5.6896e-03
11.250  18.500  4.3998e-03
11.250  18.750  3.1863e-03
11.250  19.000  2.1180e-03
11.250  19.250  1.2890e-03
11.250  19.500  6.6831e-04
11.250  19.750  2.5852e-04
11.250  20.000  1.6790e-05
11.250  20.250  1.0000e-07
11.250  20.500  1.0000e-07
11.250  20.750  1.0000e-07
11.250  21.000  1.0000e-07
11.250  21.250  1.0000e-07
11.250  21.500  1.0000e-07
11.250  21.750  1.0000e-07
11.250  22.000  1.0000e-07
11.250  22.250  1.0000e-07
11.250  22.500  1.0000e-07
11.250  22.750  1.0000e-07
11.250  23.000  1.0000e-07
11.250  23.250  1.0000e-07
11.250  23.500  1.0000e-07
11.250  23.750  1.0000e-07
11.250  24.000  1.0000e-07
11.500  17.000  6.4496e-03
11.500  17.250  7.7585e-03
11.500  17.500  1.1440e-02
11.500  17.750  1.4599e-02
11.500  18.000  1.4683e-02
11.500  18.250  1.2624e-02
11.500  18.500  9.9293e-03
11.500  18.750  7.1853e-03
11.500  19.000  4.8004e-03
11.500  19.250  2.9993e-03
11.500  19.500  1.7000e-03
11.500  19.750  7.7745e-04
11.500  20.000  2.7588e-04
11.500  20.250  5.5967e-06
11.500  20.500  1.0700e-06
11.500  20.750  1.0000e-07
11.500  21.000  1.0000e-07
11.500  21.250  1.0000e-07
11.500  21.500  1.0000e-07
11.500  21.750  1.0000e-07
11.500  22.000  1.0000e-07
11.500  22.250  1.0000e-07
11.500  22.500  1.0000e-07
11.500  22.750  1.0000e-07
11.500  23.000  1.0000e-07
11.500  23.250  1.0000e-07
11.500  23.500  1.0000e-07
11.500  23.750  1.0000e-07
11.500  24.000  1.0000e-07
11.750  17.000  1.0142e-02
11.750  17.250  1.2791e-02
11.750  17.500  1.8194e-02
11.750  17.750  2.3032e-02
11.750  18.000  2.4601e-02
11.750  18.250  2.2204e-02
11.750  18.500  1.7564e-02
11.750  18.750  1.2646e-02
11.750  19.000  8.4958e-03
11.750  19.250  5.3891e-03
11.750  19.500  3.1881e-03
11.750  19.750  1.7243e-03
11.750  20.000  7.6626e-04
11.750  20.250  2.5687e-04
11.750  20.500  8.2305e-06
11.750  20.750  2.0576e-06
11.750  21.000  1.0000e-07
11.750  21.250  1.0000e-07
11.750  21.500  1.0000e-07
11.750  21.750  1.0000e-07
11.750  22.000  1.0000e-07
11.750  22.250  1.0000e-07
11.750  22.500  1.0000e-07
11.750  22.750  1.0000e-07
11.750  23.000  1.0000e-07
11.750  23.250  1.0000e-07
11.750  23.500  1.0000e-07
11.750  23.750  1.0000e-07
11.750  24.000  1.0000e-07
12.000  17.000  1.6960e-02
12.000  17.250  2.0650e-02
12.000  17.500  2.7269e-02
12.000  17.750  3.3131e-02
12.000  18.000  3.5134e-02
12.000  18.250  3.2124e-02
12.000  18.500  2.5540e-02
12.000  18.750  1.8307e-02
12.000  19.000  1.2186e-02
12.000  19.250  7.8215e-03
12.000  19.500  4.7398e-03
12.000  19.750  2.7028e-03
12.000  20.000  1.4880e-03
12.000  20.250  6.2115e-04
12.000  20.500  1.6453e-04
12.000  20.750  1.7037e-05
12.000  21.000  2.1399e-06
12.000  21.250  1.0000e-07
12.000  21.500  1.0000e-07
12.000  21.750  1.0000e-07
12.000  22.000  1.0000e-07
12.000  22.250  1.0000e-07
12.000  22.500  1.0000e-07
12.000  22.750  1.0000e-07
12.000  23.000  1.0000e-07
12.000  23.250  1.0000e-07
12.000  23.500  1.0000e-07
12.000  23.750  1.0000e-07
12.000  24.000  1.0000e-07
12.250  17.000  2.8665e-02
12.250  17.250  3.2754e-02
12.250  17.500  3.9688e-02
12.250  17.750  4.5021e-02
12.250  18.000  4.5125e-02
12.250  18.250  4.0112e-02
12.250  18.500  3.1753e-02
12.250  18.750  2.2904e-02
12.250  19.000  1.5254e-02
12.250  19.250  9.8134e-03
12.250  19.500  5.9936e-03
12.250  19.750  3.3064e-03
12.250  20.000  2.0574e-03
12.250  20.250  1.1181e-03
12.250  20.500  4.5580e-04
12.250  20.750  1.2444e-04
12.250  21.000  1.8436e-05
12.250  21.250  2.2222e-06
12.250  21.500  1.0000e-07
12.250  21.750  1.0000e-07
12.250  22.000  1.0000e-07
12.250  22.250  1.0000e-07
12.250  22.500  1.0000e-07
12.250  22.750  1.0000e-07
12.250  23.000  1.0000e-07
12.250  23.250  1.0000e-07
12.250  23.500  1.0000e-07
12.250  23.750  1.0000e-07
12.250  24.000  1.0000e-07
12.500  17.000  4.7548e-02
12.500  17.250  5.1692e-02
12.500  17.500  5.6647e-02
12.500  17.750  5.7913e-02
12.500  18.000  5.3811e-02
12.500  18.250  4.5703e-02
12.500  18.500  3.5630e-02
12.500  18.750  2.5645e-02
12.500  19.000  1.7274e-02
12.500  19.250  1.1025e-02
12.500  19.500  7.0660e-03
12.500  19.750  4.5047e-03
12.500  20.000  2.2031e-03
12.500  20.250  1.4725e-03
12.500  20.500  6.9078e-04
12.500  20.750  3.8881e-04
12.500  21.000  1.2897e-04
12.500  21.250  2.1564e-05
12.500  21.500  2.5514e-06
12.500  21.750  1.0000e-07
12.500  22.000  1.0000e-07
12.500  22.250  1.0000e-07
12.500  22.500  1.0000e-07
12.500  22.750  1.0000e-07
12.500  23.000  1.0000e-07
12.500  23.250  1.0000e-07
12.500  23.500  1.0000e-07
12.500  23.750  1.0000e-07
12.500  24.000  1.0000e-07
12.750  17.000  7.2906e-02
12.750  17.250  7.5867e-02
12.750  17.500  7.4118e-02
12.750  17.750  6.8786e-02
12.750  18.000  6.0355e-02
12.750  18.250  4.9341e-02
12.750  18.500  3.7609e-02
12.750  18.750  2.6760e-02
12.750  19.000  1.8225e-02
12.750  19.250  1.1889e-02
12.750  19.500  7.5446e-03
12.750  19.750  4.6352e-03
12.750  20.000  2.7835e-03
12.750  20.250  1.8109e-03
12.750  20.500  8.8650e-04
12.750  20.750  6.1909e-04
12.750  21.000  2.1588e-04
12.750  21.250  9.5802e-05
12.750  21.500  2.2305e-05
12.750  21.750  2.2222e-06
12.750  22.000  1.0000e-07
12.750  22.250  1.0000e-07
12.750  22.500  1.0000e-07
12.750  22.750  1.0000e-07
12.750  23.000  1.0000e-07
12.750  23.250  1.0000e-07
12.750  23.500  1.0000e-07
12.750  23.750  1.0000e-07
12.750  24.000  1.0000e-07
13.000  17.000  7.4679e-02
13.000  17.250  8.1971e-02
13.000  17.500  8.1448e-02
13.000  17.750  7.5017e-02
13.000  18.000  6.4275e-02
13.000  18.250  5.1353e-02
13.000  18.500  3.8429e-02
13.000  18.750  2.7161e-02
13.000  19.000  1.8353e-02
13.000  19.250  1.2122e-02
13.000  19.500  7.8520e-03
13.000  19.750  4.9507e-03
13.000  20.000  3.2085e-03
13.000  20.250  1.8771e-03
13.000  20.500  1.0847e-03
13.000  20.750  8.2469e-04
13.000  21.000  3.2305e-04
13.000  21.250  1.7037e-04
13.000  21.500  7.6955e-05
13.000  21.750  1.7531e-05
13.000  22.000  1.7284e-06
13.000  22.250  1.0000e-07
13.000  22.500  1.0000e-07
13.000  22.750  1.0000e-07
13.000  23.000  1.0000e-07
13.000  23.250  1.0000e-07
13.000  23.500  1.0000e-07
13.000  23.750  1.0000e-07
13.000  24.000  1.0000e-07
13.250  17.000  6.9559e-02
13.250  17.250  7.8888e-02
13.250  17.500  8.3577e-02
13.250  17.750  7.7467e-02
13.250  18.000  6.5813e-02
13.250  18.250  5.1877e-02
13.250  18.500  3.8455e-02
13.250  18.750  2.6912e-02
13.250  19.000  1.8040e-02
13.250  19.250  1.1825e-02
13.250  19.500  7.7862e-03
13.250  19.750  4.8269e-03
13.250  20.000  3.2282e-03
13.250  20.250  1.9930e-03
13.250  20.500  1.1942e-03
13.250  20.750  7.0337e-04
13.250  21.000  3.9531e-04
13.250  21.250  2.1967e-04
13.250  21.500  1.1687e-04
13.250  21.750  5.9342e-05
13.250  22.000  1.3992e-05
13.250  22.250  1.3169e-06
13.250  22.500  1.0000e-07
13.250  22.750  1.0000e-07
13.250  23.000  1.0000e-07
13.250  23.250  1.0000e-07
13.250  23.500  1.0000e-07
13.250  23.750  1.0000e-07
13.250  24.000  1.0000e-07
13.500  17.000  6.1970e-02
13.500  17.250  7.3063e-02
13.500  17.500  7.9218e-02
13.500  17.750  7.5803e-02
13.500  18.000  6.5299e-02
13.500  18.250  5.1479e-02
13.500  18.500  3.7630e-02
13.500  18.750  2.6222e-02
13.500  19.000  1.7424e-02
13.500  19.250  1.1308e-02
13.500  19.500  7.3504e-03
13.500  19.750  4.9219e-03
13.500  20.000  3.1942e-03
13.500  20.250  2.0989e-03
13.500  20.500  1.2821e-03
13.500  20.750  7.7909e-04
13.500  21.000  4.8897e-04
13.500  21.250  2.6288e-04
13.500  21.500  1.4971e-04
13.500  21.750  8.2305e-05
13.500  22.000  4.4527e-05
13.500  22.250  1.0700e-05
13.500  22.500  1.2346e-06
13.500  22.750  1.0000e-07
13.500  23.000  1.0000e-07
13.500  23.250  1.0000e-07
13.500  23.500  1.0000e-07
13.500  23.750  1.0000e-07
13.500  24.000  1.0000e-07
13.750  17.000  5.3484e-02
13.750  17.250  6.5212e-02
13.750  17.500  7.3266e-02
13.750  17.750  7.1347e-02
13.750  18.000  6.2837e-02
13.750  18.250  4.9318e-02
13.750  18.500  3.6272e-02
13.750  18.750  2.5440e-02
13.750  19.000  1.6610e-02
13.750  19.250  1.0809e-02
13.750  19.500  6.9958e-03
13.750  19.750  4.7446e-03
13.750  20.000  3.0700e-03
13.750  20.250  1.9486e-03
13.750  20.500  1.3170e-03
13.750  20.750  8.1728e-04
13.750  21.000  5.0321e-04
13.750  21.250  3.0115e-04
13.750  21.500  1.7490e-04
13.750  21.750  1.0033e-04
13.750  22.000  5.6626e-05
13.750  22.250  3.0535e-05
13.750  22.500  7.9835e-06
13.750  22.750  9.0535e-07
13.750  23.000  1.0000e-07
13.750  23.250  1.0000e-07
13.750  23.500  1.0000e-07
13.750  23.750  1.0000e-07
13.750  24.000  1.0000e-07
14.000  17.000  4.4002e-02
14.000  17.250  5.6308e-02
14.000  17.500  6.5630e-02
14.000  17.750  6.5782e-02
14.000  18.000  5.7801e-02
14.000  18.250  4.6540e-02
14.000  18.500  3.4146e-02
14.000  18.750  2.3595e-02
14.000  19.000  1.5571e-02
14.000  19.250  1.0124e-02
14.000  19.500  6.6831e-03
14.000  19.750  4.5373e-03
14.000  20.000  2.9772e-03
14.000  20.250  1.8679e-03
14.000  20.500  1.2677e-03
14.000  20.750  8.1095e-04
14.000  21.000  5.4189e-04
14.000  21.250  3.2247e-04
14.000  21.500  1.9457e-04
14.000  21.750  1.1794e-04
14.000  22.000  6.6255e-05
14.000  22.250  3.7202e-05
14.000  22.500  1.8354e-05
14.000  22.750  5.4321e-06
14.000  23.000  1.0000e-07
14.000  23.250  1.0000e-07
14.000  23.500  1.0000e-07
14.000  23.750  1.0000e-07
14.000  24.000  1.0000e-07
