InwC 1.48022m  relative to Inci 1215.00A scaled to 1215A.
Hden   Phi(H)  Eq_Width (A)
7.000  17.000  4.2979e-04
7.000  17.250  4.2996e-04
7.000  17.500  4.3021e-04
7.000  17.750  4.3037e-04
7.000  18.000  4.3053e-04
7.000  18.250  4.3070e-04
7.000  18.500  4.3078e-04
7.000  18.750  4.3086e-04
7.000  19.000  4.3095e-04
7.000  19.250  4.3095e-04
7.000  19.500  4.3095e-04
7.000  19.750  4.3095e-04
7.000  20.000  4.3095e-04
7.000  20.250  4.3095e-04
7.000  20.500  4.3095e-04
7.000  20.750  4.3095e-04
7.000  21.000  4.3095e-04
7.000  21.250  4.3095e-04
7.000  21.500  4.3103e-04
7.000  21.750  4.3095e-04
7.000  22.000  4.3095e-04
7.000  22.250  4.3095e-04
7.000  22.500  4.3095e-04
7.000  22.750  4.3103e-04
7.000  23.000  4.3103e-04
7.000  23.250  4.3095e-04
7.000  23.500  4.3095e-04
7.000  23.750  4.3095e-04
7.000  24.000  4.3095e-04
7.250  17.000  4.2914e-04
7.250  17.250  4.2979e-04
7.250  17.500  4.3004e-04
7.250  17.750  4.3021e-04
7.250  18.000  4.3037e-04
7.250  18.250  4.3053e-04
7.250  18.500  4.3070e-04
7.250  18.750  4.3078e-04
7.250  19.000  4.3086e-04
7.250  19.250  4.3095e-04
7.250  19.500  4.3095e-04
7.250  19.750  4.3095e-04
7.250  20.000  4.3095e-04
7.250  20.250  4.3095e-04
7.250  20.500  4.3095e-04
7.250  20.750  4.3095e-04
7.250  21.000  4.3095e-04
7.250  21.250  4.3095e-04
7.250  21.500  4.3095e-04
7.250  21.750  4.3103e-04
7.250  22.000  4.3095e-04
7.250  22.250  4.3095e-04
7.250  22.500  4.3095e-04
7.250  22.750  4.3103e-04
7.250  23.000  4.3103e-04
7.250  23.250  4.3095e-04
7.250  23.500  4.3095e-04
7.250  23.750  4.3095e-04
7.250  24.000  4.3095e-04
7.500  17.000  4.1235e-04
7.500  17.250  4.2914e-04
7.500  17.500  4.2979e-04
7.500  17.750  4.3004e-04
7.500  18.000  4.3021e-04
7.500  18.250  4.3037e-04
7.500  18.500  4.3053e-04
7.500  18.750  4.3070e-04
7.500  19.000  4.3078e-04
7.500  19.250  4.3086e-04
7.500  19.500  4.3095e-04
7.500  19.750  4.3095e-04
7.500  20.000  4.3095e-04
7.500  20.250  4.3095e-04
7.500  20.500  4.3095e-04
7.500  20.750  4.3095e-04
7.500  21.000  4.3095e-04
7.500  21.250  4.3095e-04
7.500  21.500  4.3095e-04
7.500  21.750  4.3095e-04
7.500  22.000  4.3095e-04
7.500  22.250  4.3095e-04
7.500  22.500  4.3095e-04
7.500  22.750  4.3095e-04
7.500  23.000  4.3103e-04
7.500  23.250  4.3103e-04
7.500  23.500  4.3095e-04
7.500  23.750  4.3103e-04
7.500  24.000  4.3095e-04
7.750  17.000  3.8107e-04
7.750  17.250  4.1243e-04
7.750  17.500  4.2914e-04
7.750  17.750  4.2979e-04
7.750  18.000  4.3004e-04
7.750  18.250  4.3021e-04
7.750  18.500  4.3037e-04
7.750  18.750  4.3053e-04
7.750  19.000  4.3070e-04
7.750  19.250  4.3078e-04
7.750  19.500  4.3086e-04
7.750  19.750  4.3095e-04
7.750  20.000  4.3095e-04
7.750  20.250  4.3095e-04
7.750  20.500  4.3095e-04
7.750  20.750  4.3095e-04
7.750  21.000  4.3095e-04
7.750  21.250  4.3095e-04
7.750  21.500  4.3095e-04
7.750  21.750  4.3095e-04
7.750  22.000  4.3095e-04
7.750  22.250  4.3095e-04
7.750  22.500  4.3095e-04
7.750  22.750  4.3103e-04
7.750  23.000  4.3103e-04
7.750  23.250  4.3095e-04
7.750  23.500  4.3103e-04
7.750  23.750  4.3103e-04
7.750  24.000  4.3095e-04
8.000  17.000  2.6947e-04
8.000  17.250  3.7877e-04
8.000  17.500  4.1226e-04
8.000  17.750  4.2914e-04
8.000  18.000  4.2979e-04
8.000  18.250  4.3004e-04
8.000  18.500  4.3021e-04
8.000  18.750  4.3037e-04
8.000  19.000  4.3053e-04
8.000  19.250  4.3070e-04
8.000  19.500  4.3078e-04
8.000  19.750  4.3086e-04
8.000  20.000  4.3095e-04
8.000  20.250  4.3095e-04
8.000  20.500  4.3095e-04
8.000  20.750  4.3095e-04
8.000  21.000  4.3095e-04
8.000  21.250  4.3095e-04
8.000  21.500  4.3095e-04
8.000  21.750  4.3095e-04
8.000  22.000  4.3095e-04
8.000  22.250  4.3095e-04
8.000  22.500  4.3095e-04
8.000  22.750  4.3103e-04
8.000  23.000  4.3095e-04
8.000  23.250  4.3103e-04
8.000  23.500  4.3095e-04
8.000  23.750  4.3095e-04
8.000  24.000  4.3095e-04
8.250  17.000  1.8872e-04
8.250  17.250  2.7053e-04
8.250  17.500  3.7918e-04
8.250  17.750  4.1226e-04
8.250  18.000  4.2914e-04
8.250  18.250  4.2979e-04
8.250  18.500  4.3004e-04
8.250  18.750  4.3021e-04
8.250  19.000  4.3037e-04
8.250  19.250  4.3053e-04
8.250  19.500  4.3070e-04
8.250  19.750  4.3078e-04
8.250  20.000  4.3086e-04
8.250  20.250  4.3095e-04
8.250  20.500  4.3095e-04
8.250  20.750  4.3095e-04
8.250  21.000  4.3095e-04
8.250  21.250  4.3095e-04
8.250  21.500  4.3095e-04
8.250  21.750  4.3095e-04
8.250  22.000  4.3095e-04
8.250  22.250  4.3095e-04
8.250  22.500  4.3095e-04
8.250  22.750  4.3095e-04
8.250  23.000  4.3095e-04
8.250  23.250  4.3111e-04
8.250  23.500  4.3095e-04
8.250  23.750  4.3095e-04
8.250  24.000  4.3103e-04
8.500  17.000  1.3185e-04
8.500  17.250  1.9021e-04
8.500  17.500  2.7169e-04
8.500  17.750  3.7967e-04
8.500  18.000  4.1235e-04
8.500  18.250  4.2914e-04
8.500  18.500  4.2979e-04
8.500  18.750  4.3004e-04
8.500  19.000  4.3021e-04
8.500  19.250  4.3037e-04
8.500  19.500  4.3053e-04
8.500  19.750  4.3070e-04
8.500  20.000  4.3078e-04
8.500  20.250  4.3086e-04
8.500  20.500  4.3095e-04
8.500  20.750  4.3095e-04
8.500  21.000  4.3095e-04
8.500  21.250  4.3095e-04
8.500  21.500  4.3095e-04
8.500  21.750  4.3095e-04
8.500  22.000  4.3095e-04
8.500  22.250  4.3095e-04
8.500  22.500  4.3095e-04
8.500  22.750  4.3095e-04
8.500  23.000  4.3095e-04
8.500  23.250  4.3095e-04
8.500  23.500  4.3095e-04
8.500  23.750  4.3095e-04
8.500  24.000  4.3095e-04
8.750  17.000  9.2181e-05
8.750  17.250  1.3342e-04
8.750  17.500  1.9218e-04
8.750  17.750  2.7251e-04
8.750  18.000  3.8066e-04
8.750  18.250  4.1235e-04
8.750  18.500  4.2914e-04
8.750  18.750  4.2979e-04
8.750  19.000  4.3004e-04
8.750  19.250  4.3021e-04
8.750  19.500  4.3037e-04
8.750  19.750  4.3053e-04
8.750  20.000  4.3070e-04
8.750  20.250  4.3078e-04
8.750  20.500  4.3086e-04
8.750  20.750  4.3095e-04
8.750  21.000  4.3095e-04
8.750  21.250  4.3095e-04
8.750  21.500  4.3095e-04
8.750  21.750  4.3095e-04
8.750  22.000  4.3095e-04
8.750  22.250  4.3095e-04
8.750  22.500  4.3095e-04
8.750  22.750  4.3095e-04
8.750  23.000  4.3103e-04
8.750  23.250  4.3095e-04
8.750  23.500  4.3095e-04
8.750  23.750  4.3095e-04
8.750  24.000  4.3095e-04
9.000  17.000  6.4444e-05
9.000  17.250  9.3498e-05
9.000  17.500  1.3572e-04
9.000  17.750  1.9564e-04
9.000  18.000  2.7646e-04
9.000  18.250  3.8379e-04
9.000  18.500  4.1235e-04
9.000  18.750  4.2914e-04
9.000  19.000  4.2979e-04
9.000  19.250  4.3004e-04
9.000  19.500  4.3021e-04
9.000  19.750  4.3037e-04
9.000  20.000  4.3053e-04
9.000  20.250  4.3070e-04
9.000  20.500  4.3078e-04
9.000  20.750  4.3086e-04
9.000  21.000  4.3095e-04
9.000  21.250  4.3095e-04
9.000  21.500  4.3095e-04
9.000  21.750  4.3095e-04
9.000  22.000  4.3095e-04
9.000  22.250  4.3095e-04
9.000  22.500  4.3095e-04
9.000  22.750  4.3095e-04
9.000  23.000  4.3095e-04
9.000  23.250  4.3095e-04
9.000  23.500  4.3095e-04
9.000  23.750  4.3095e-04
9.000  24.000  4.3095e-04
9.250  17.000  4.5103e-05
9.250  17.250  6.5597e-05
9.250  17.500  9.5885e-05
9.250  17.750  1.4016e-04
9.250  18.000  2.0214e-04
9.250  18.250  2.8477e-04
9.250  18.500  3.9119e-04
9.250  18.750  4.1235e-04
9.250  19.000  4.2914e-04
9.250  19.250  4.2979e-04
9.250  19.500  4.2996e-04
9.250  19.750  4.3021e-04
9.250  20.000  4.3037e-04
9.250  20.250  4.3053e-04
9.250  20.500  4.3070e-04
9.250  20.750  4.3078e-04
9.250  21.000  4.3086e-04
9.250  21.250  4.3095e-04
9.250  21.500  4.3095e-04
9.250  21.750  4.3095e-04
9.250  22.000  4.3095e-04
9.250  22.250  4.3095e-04
9.250  22.500  4.3095e-04
9.250  22.750  4.3095e-04
9.250  23.000  4.3095e-04
9.250  23.250  4.3095e-04
9.250  23.500  4.3095e-04
9.250  23.750  4.3095e-04
9.250  24.000  4.3095e-04
9.500  17.000  3.1687e-05
9.500  17.250  4.6091e-05
9.500  17.500  6.7737e-05
9.500  17.750  1.0049e-04
9.500  18.000  1.4815e-04
9.500  18.250  2.1498e-04
9.500  18.500  3.0272e-04
9.500  18.750  4.0288e-04
9.500  19.000  4.1226e-04
9.500  19.250  4.2905e-04
9.500  19.500  4.2979e-04
9.500  19.750  4.2996e-04
9.500  20.000  4.3021e-04
9.500  20.250  4.3037e-04
9.500  20.500  4.3053e-04
9.500  20.750  4.3070e-04
9.500  21.000  4.3078e-04
9.500  21.250  4.3086e-04
9.500  21.500  4.3086e-04
9.500  21.750  4.3095e-04
9.500  22.000  4.3095e-04
9.500  22.250  4.3095e-04
9.500  22.500  4.3095e-04
9.500  22.750  4.3095e-04
9.500  23.000  4.3095e-04
9.500  23.250  4.3095e-04
9.500  23.500  4.3095e-04
9.500  23.750  4.3095e-04
9.500  24.000  4.3095e-04
9.750  17.000  2.2305e-05
9.750  17.250  3.2428e-05
9.750  17.500  4.7901e-05
9.750  17.750  7.2016e-05
9.750  18.000  1.0938e-04
9.750  18.250  1.6337e-04
9.750  18.500  2.3786e-04
9.750  18.750  3.3556e-04
9.750  19.000  4.0288e-04
9.750  19.250  4.1202e-04
9.750  19.500  4.2889e-04
9.750  19.750  4.2979e-04
9.750  20.000  4.2996e-04
9.750  20.250  4.3021e-04
9.750  20.500  4.3037e-04
9.750  20.750  4.3053e-04
9.750  21.000  4.3070e-04
9.750  21.250  4.3078e-04
9.750  21.500  4.3086e-04
9.750  21.750  4.3086e-04
9.750  22.000  4.3095e-04
9.750  22.250  4.3095e-04
9.750  22.500  4.3095e-04
9.750  22.750  4.3095e-04
9.750  23.000  4.3095e-04
9.750  23.250  4.3095e-04
9.750  23.500  4.3095e-04
9.750  23.750  4.3095e-04
9.750  24.000  4.3095e-04
10.000  17.000  1.5720e-05
10.000  17.250  2.2881e-05
10.000  17.500  3.3909e-05
10.000  17.750  5.1687e-05
10.000  18.000  8.0741e-05
10.000  18.250  1.2436e-04
10.000  18.500  1.8568e-04
10.000  18.750  2.6634e-04
10.000  19.000  3.6255e-04
10.000  19.250  4.0272e-04
10.000  19.500  4.1177e-04
10.000  19.750  4.2864e-04
10.000  20.000  4.2971e-04
10.000  20.250  4.2996e-04
10.000  20.500  4.3021e-04
10.000  20.750  4.3037e-04
10.000  21.000  4.3053e-04
10.000  21.250  4.3070e-04
10.000  21.500  4.3078e-04
10.000  21.750  4.3086e-04
10.000  22.000  4.3086e-04
10.000  22.250  4.3095e-04
10.000  22.500  4.3095e-04
10.000  22.750  4.3095e-04
10.000  23.000  4.3095e-04
10.000  23.250  4.3095e-04
10.000  23.500  4.3095e-04
10.000  23.750  4.3095e-04
10.000  24.000  4.3095e-04
10.250  17.000  1.1029e-05
10.250  17.250  1.6132e-05
10.250  17.500  2.4115e-05
10.250  17.750  3.7366e-05
10.250  18.000  5.9588e-05
10.250  18.250  9.3580e-05
10.250  18.500  1.4280e-04
10.250  18.750  2.1012e-04
10.250  19.000  2.9909e-04
10.250  19.250  3.9663e-04
10.250  19.500  4.0247e-04
10.250  19.750  4.1144e-04
10.250  20.000  4.2823e-04
10.250  20.250  4.2971e-04
10.250  20.500  4.2996e-04
10.250  20.750  4.3012e-04
10.250  21.000  4.3037e-04
10.250  21.250  4.3053e-04
10.250  21.500  4.3070e-04
10.250  21.750  4.3078e-04
10.250  22.000  4.3086e-04
10.250  22.250  4.3086e-04
10.250  22.500  4.3095e-04
10.250  22.750  4.3095e-04
10.250  23.000  4.3095e-04
10.250  23.250  4.3095e-04
10.250  23.500  4.3095e-04
10.250  23.750  4.3095e-04
10.250  24.000  4.3095e-04
10.500  17.000  7.8189e-06
10.500  17.250  1.1440e-05
10.500  17.500  1.7202e-05
10.500  17.750  2.7160e-05
10.500  18.000  4.4115e-05
10.500  18.250  7.0370e-05
10.500  18.500  1.0798e-04
10.500  18.750  1.6198e-04
10.500  19.000  2.3424e-04
10.500  19.250  3.2922e-04
10.500  19.500  3.9753e-04
10.500  19.750  4.0222e-04
10.500  20.000  4.1111e-04
10.500  20.250  4.2774e-04
10.500  20.500  4.2963e-04
10.500  20.750  4.2988e-04
10.500  21.000  4.3012e-04
10.500  21.250  4.3037e-04
10.500  21.500  4.3053e-04
10.500  21.750  4.3070e-04
10.500  22.000  4.3078e-04
10.500  22.250  4.3086e-04
10.500  22.500  4.3086e-04
10.500  22.750  4.3095e-04
10.500  23.000  4.3095e-04
10.500  23.250  4.3095e-04
10.500  23.500  4.3095e-04
10.500  23.750  4.3095e-04
10.500  24.000  4.3095e-04
10.750  17.000  5.5144e-06
10.750  17.250  8.0658e-06
10.750  17.500  1.2346e-05
10.750  17.750  1.9835e-05
10.750  18.000  3.2593e-05
10.750  18.250  5.2346e-05
10.750  18.500  8.1070e-05
10.750  18.750  1.2173e-04
10.750  19.000  1.7811e-04
10.750  19.250  2.5514e-04
10.750  19.500  3.5276e-04
10.750  19.750  3.9728e-04
10.750  20.000  4.0189e-04
10.750  20.250  4.1078e-04
10.750  20.500  4.2733e-04
10.750  20.750  4.2947e-04
10.750  21.000  4.2979e-04
10.750  21.250  4.3012e-04
10.750  21.500  4.3037e-04
10.750  21.750  4.3053e-04
10.750  22.000  4.3070e-04
10.750  22.250  4.3078e-04
10.750  22.500  4.3086e-04
10.750  22.750  4.3086e-04
10.750  23.000  4.3095e-04
10.750  23.250  4.3095e-04
10.750  23.500  4.3095e-04
10.750  23.750  4.3095e-04
10.750  24.000  4.3095e-04
11.000  17.000  3.8683e-06
11.000  17.250  5.7613e-06
11.000  17.500  8.8889e-06
11.000  17.750  1.4486e-05
11.000  18.000  2.3951e-05
11.000  18.250  3.8436e-05
11.000  18.500  5.9671e-05
11.000  18.750  8.9959e-05
11.000  19.000  1.3292e-04
11.000  19.250  1.9276e-04
11.000  19.500  2.7440e-04
11.000  19.750  3.8066e-04
11.000  20.000  3.9687e-04
11.000  20.250  4.0156e-04
11.000  20.500  4.1053e-04
11.000  20.750  4.2708e-04
11.000  21.000  4.2930e-04
11.000  21.250  4.2963e-04
11.000  21.500  4.3004e-04
11.000  21.750  4.3029e-04
11.000  22.000  4.3053e-04
11.000  22.250  4.3070e-04
11.000  22.500  4.3078e-04
11.000  22.750  4.3086e-04
11.000  23.000  4.3086e-04
11.000  23.250  4.3095e-04
11.000  23.500  4.3095e-04
11.000  23.750  4.3095e-04
11.000  24.000  4.3095e-04
11.250  17.000  2.7160e-06
11.250  17.250  4.0329e-06
11.250  17.500  6.3374e-06
11.250  17.750  1.0535e-05
11.250  18.000  1.7449e-05
11.250  18.250  2.7901e-05
11.250  18.500  4.3210e-05
11.250  18.750  6.6008e-05
11.250  19.000  9.7613e-05
11.250  19.250  1.4222e-04
11.250  19.500  2.0494e-04
11.250  19.750  2.9210e-04
11.250  20.000  3.8774e-04
11.250  20.250  3.9630e-04
11.250  20.500  4.0123e-04
11.250  20.750  4.1053e-04
11.250  21.000  4.2724e-04
11.250  21.250  4.2897e-04
11.250  21.500  4.2963e-04
11.250  21.750  4.2996e-04
11.250  22.000  4.3029e-04
11.250  22.250  4.3045e-04
11.250  22.500  4.3062e-04
11.250  22.750  4.3078e-04
11.250  23.000  4.3086e-04
11.250  23.250  4.3086e-04
11.250  23.500  4.3095e-04
11.250  23.750  4.3095e-04
11.250  24.000  4.3095e-04
11.500  17.000  1.9753e-06
11.500  17.250  2.8807e-06
11.500  17.500  4.5267e-06
11.500  17.750  7.5720e-06
11.500  18.000  1.2510e-05
11.500  18.250  2.0000e-05
11.500  18.500  3.1111e-05
11.500  18.750  4.7572e-05
11.500  19.000  7.0700e-05
11.500  19.250  1.0354e-04
11.500  19.500  1.5004e-04
11.500  19.750  2.1597e-04
11.500  20.000  3.0815e-04
11.500  20.250  3.9012e-04
11.500  20.500  3.9547e-04
11.500  20.750  4.0082e-04
11.500  21.000  4.1103e-04
11.500  21.250  4.2757e-04
11.500  21.500  4.2889e-04
11.500  21.750  4.2938e-04
11.500  22.000  4.2979e-04
11.500  22.250  4.3012e-04
11.500  22.500  4.3037e-04
11.500  22.750  4.3062e-04
11.500  23.000  4.3078e-04
11.500  23.250  4.3086e-04
11.500  23.500  4.3086e-04
11.500  23.750  4.3095e-04
11.500  24.000  4.3095e-04
11.750  17.000  1.3992e-06
11.750  17.250  2.0576e-06
11.750  17.500  3.2922e-06
11.750  17.750  5.4321e-06
11.750  18.000  8.8066e-06
11.750  18.250  1.4156e-05
11.750  18.500  2.2140e-05
11.750  18.750  3.3745e-05
11.750  19.000  5.0782e-05
11.750  19.250  7.4650e-05
11.750  19.500  1.0856e-04
11.750  19.750  1.5646e-04
11.750  20.000  2.2535e-04
11.750  20.250  3.2148e-04
11.750  20.500  3.8996e-04
11.750  20.750  3.9424e-04
11.750  21.000  4.0066e-04
11.750  21.250  4.1284e-04
11.750  21.500  4.2774e-04
11.750  21.750  4.2848e-04
11.750  22.000  4.2897e-04
11.750  22.250  4.2955e-04
11.750  22.500  4.2996e-04
11.750  22.750  4.3029e-04
11.750  23.000  4.3053e-04
11.750  23.250  4.3070e-04
11.750  23.500  4.3078e-04
11.750  23.750  4.3086e-04
11.750  24.000  4.3095e-04
12.000  17.000  9.8765e-07
12.000  17.250  1.4815e-06
12.000  17.500  2.3045e-06
12.000  17.750  3.7860e-06
12.000  18.000  6.1728e-06
12.000  18.250  9.8765e-06
12.000  18.500  1.5556e-05
12.000  18.750  2.4033e-05
12.000  19.000  3.6214e-05
12.000  19.250  5.3498e-05
12.000  19.500  7.7942e-05
12.000  19.750  1.1251e-04
12.000  20.000  1.6198e-04
12.000  20.250  2.3251e-04
12.000  20.500  3.3144e-04
12.000  20.750  3.8683e-04
12.000  21.000  3.9276e-04
12.000  21.250  4.0140e-04
12.000  21.500  4.1745e-04
12.000  21.750  4.2691e-04
12.000  22.000  4.2774e-04
12.000  22.250  4.2840e-04
12.000  22.500  4.2914e-04
12.000  22.750  4.2971e-04
12.000  23.000  4.3004e-04
12.000  23.250  4.3037e-04
12.000  23.500  4.3070e-04
12.000  23.750  4.3078e-04
12.000  24.000  4.3086e-04
12.250  17.000  1.0000e-07
12.250  17.250  1.0700e-06
12.250  17.500  1.6461e-06
12.250  17.750  2.6337e-06
12.250  18.000  4.2798e-06
12.250  18.250  6.9136e-06
12.250  18.500  1.0947e-05
12.250  18.750  1.7037e-05
12.250  19.000  2.5761e-05
12.250  19.250  3.8189e-05
12.250  19.500  5.5720e-05
12.250  19.750  8.0658e-05
12.250  20.000  1.1556e-04
12.250  20.250  1.6560e-04
12.250  20.500  2.3761e-04
12.250  20.750  3.3844e-04
12.250  21.000  3.8230e-04
12.250  21.250  3.9095e-04
12.250  21.500  4.0444e-04
12.250  21.750  4.2148e-04
12.250  22.000  4.2551e-04
12.250  22.250  4.2650e-04
12.250  22.500  4.2749e-04
12.250  22.750  4.2848e-04
12.250  23.000  4.2930e-04
12.250  23.250  4.2971e-04
12.250  23.500  4.3021e-04
12.250  23.750  4.3062e-04
12.250  24.000  4.3078e-04
12.500  17.000  1.0000e-07
12.500  17.250  1.0000e-07
12.500  17.500  1.1523e-06
12.500  17.750  1.8107e-06
12.500  18.000  2.9630e-06
12.500  18.250  4.7737e-06
12.500  18.500  7.6543e-06
12.500  18.750  1.2016e-05
12.500  19.000  1.8272e-05
12.500  19.250  2.7243e-05
12.500  19.500  3.9753e-05
12.500  19.750  5.7449e-05
12.500  20.000  8.2469e-05
12.500  20.250  1.1761e-04
12.500  20.500  1.6823e-04
12.500  20.750  2.4025e-04
12.500  21.000  3.3975e-04
12.500  21.250  3.7613e-04
12.500  21.500  3.9210e-04
12.500  21.750  4.0593e-04
12.500  22.000  4.2156e-04
12.500  22.250  4.2329e-04
12.500  22.500  4.2477e-04
12.500  22.750  4.2609e-04
12.500  23.000  4.2749e-04
12.500  23.250  4.2848e-04
12.500  23.500  4.2914e-04
12.500  23.750  4.2988e-04
12.500  24.000  4.3053e-04
12.750  17.000  1.0000e-07
12.750  17.250  1.0000e-07
12.750  17.500  1.0000e-07
12.750  17.750  1.2346e-06
12.750  18.000  2.0576e-06
12.750  18.250  3.3745e-06
12.750  18.500  5.3498e-06
12.750  18.750  8.4774e-06
12.750  19.000  1.3004e-05
12.750  19.250  1.9424e-05
12.750  19.500  2.8395e-05
12.750  19.750  4.0905e-05
12.750  20.000  5.8683e-05
12.750  20.250  8.3539e-05
12.750  20.500  1.1893e-04
12.750  20.750  1.6905e-04
12.750  21.000  2.4132e-04
12.750  21.250  3.4033e-04
12.750  21.500  3.7424e-04
12.750  21.750  3.8996e-04
12.750  22.000  4.0593e-04
12.750  22.250  4.1770e-04
12.750  22.500  4.2000e-04
12.750  22.750  4.2214e-04
12.750  23.000  4.2403e-04
12.750  23.250  4.2584e-04
12.750  23.500  4.2724e-04
12.750  23.750  4.2815e-04
12.750  24.000  4.2922e-04
13.000  17.000  1.0000e-07
13.000  17.250  1.0000e-07
13.000  17.500  1.0000e-07
13.000  17.750  9.0535e-07
13.000  18.000  1.3992e-06
13.000  18.250  2.3045e-06
13.000  18.500  3.7860e-06
13.000  18.750  5.9259e-06
13.000  19.000  9.1358e-06
13.000  19.250  1.3745e-05
13.000  19.500  2.0165e-05
13.000  19.750  2.9136e-05
13.000  20.000  4.1728e-05
13.000  20.250  5.9342e-05
13.000  20.500  8.4115e-05
13.000  20.750  1.1918e-04
13.000  21.000  1.6864e-04
13.000  21.250  2.3951e-04
13.000  21.500  3.4181e-04
13.000  21.750  3.6568e-04
13.000  22.000  3.8469e-04
13.000  22.250  4.0230e-04
13.000  22.500  4.1193e-04
13.000  22.750  4.1514e-04
13.000  23.000  4.1802e-04
13.000  23.250  4.2082e-04
13.000  23.500  4.2329e-04
13.000  23.750  4.2519e-04
13.000  24.000  4.2650e-04
13.250  17.000  1.0000e-07
13.250  17.250  1.0000e-07
13.250  17.500  1.0000e-07
13.250  17.750  1.0000e-07
13.250  18.000  9.8765e-07
13.250  18.250  1.6461e-06
13.250  18.500  2.6337e-06
13.250  18.750  4.1975e-06
13.250  19.000  6.5021e-06
13.250  19.250  9.7119e-06
13.250  19.500  1.4321e-05
13.250  19.750  2.0741e-05
13.250  20.000  2.9712e-05
13.250  20.250  4.2222e-05
13.250  20.500  5.9835e-05
13.250  20.750  8.4198e-05
13.250  21.000  1.1860e-04
13.250  21.250  1.6626e-04
13.250  21.500  2.3959e-04
13.250  21.750  3.2486e-04
13.250  22.000  3.5160e-04
13.250  22.250  3.7473e-04
13.250  22.500  3.9325e-04
13.250  22.750  4.0329e-04
13.250  23.000  4.0790e-04
13.250  23.250  4.1193e-04
13.250  23.500  4.1588e-04
13.250  23.750  4.1934e-04
13.250  24.000  4.2198e-04
13.500  17.000  1.0000e-07
13.500  17.250  1.0000e-07
13.500  17.500  1.0000e-07
13.500  17.750  1.0000e-07
13.500  18.000  1.0000e-07
13.500  18.250  1.1523e-06
13.500  18.500  1.8107e-06
13.500  18.750  2.9630e-06
13.500  19.000  4.5267e-06
13.500  19.250  6.8313e-06
13.500  19.500  1.0123e-05
13.500  19.750  1.4815e-05
13.500  20.000  2.1152e-05
13.500  20.250  3.0123e-05
13.500  20.500  4.2551e-05
13.500  20.750  5.9671e-05
13.500  21.000  8.3128e-05
13.500  21.250  1.1580e-04
13.500  21.500  1.6519e-04
13.500  21.750  2.2840e-04
13.500  22.000  3.0049e-04
13.500  22.250  3.3103e-04
13.500  22.500  3.5786e-04
13.500  22.750  3.7868e-04
13.500  23.000  3.9078e-04
13.500  23.250  3.9720e-04
13.500  23.500  4.0321e-04
13.500  23.750  4.0889e-04
13.500  24.000  4.1342e-04
13.750  17.000  1.0000e-07
13.750  17.250  1.0000e-07
13.750  17.500  1.0000e-07
13.750  17.750  1.0000e-07
13.750  18.000  1.0000e-07
13.750  18.250  1.0000e-07
13.750  18.500  1.3169e-06
13.750  18.750  2.0576e-06
13.750  19.000  3.1276e-06
13.750  19.250  4.7737e-06
13.750  19.500  7.1605e-06
13.750  19.750  1.0453e-05
13.750  20.000  1.5062e-05
13.750  20.250  2.1481e-05
13.750  20.500  3.0288e-05
13.750  20.750  4.2469e-05
13.750  21.000  5.9012e-05
13.750  21.250  8.1070e-05
13.750  21.500  1.1506e-04
13.750  21.750  1.5745e-04
13.750  22.000  2.1210e-04
13.750  22.250  2.7086e-04
13.750  22.500  3.0444e-04
13.750  22.750  3.3539e-04
13.750  23.000  3.5893e-04
13.750  23.250  3.7292e-04
13.750  23.500  3.8165e-04
13.750  23.750  3.9045e-04
13.750  24.000  3.9835e-04
14.000  17.000  1.0000e-07
14.000  17.250  1.0000e-07
14.000  17.500  1.0000e-07
14.000  17.750  1.0000e-07
14.000  18.000  1.0000e-07
14.000  18.250  1.0000e-07
14.000  18.500  9.0535e-07
14.000  18.750  1.3992e-06
14.000  19.000  2.1399e-06
14.000  19.250  3.3745e-06
14.000  19.500  5.0206e-06
14.000  19.750  7.3251e-06
14.000  20.000  1.0700e-05
14.000  20.250  1.5226e-05
14.000  20.500  2.1564e-05
14.000  20.750  3.0288e-05
14.000  21.000  4.1975e-05
14.000  21.250  5.7613e-05
14.000  21.500  8.1070e-05
14.000  21.750  1.0955e-04
14.000  22.000  1.4568e-04
14.000  22.250  1.9045e-04
14.000  22.500  2.3630e-04
14.000  22.750  2.7136e-04
14.000  23.000  3.0560e-04
14.000  23.250  3.3226e-04
14.000  23.500  3.4798e-04
14.000  23.750  3.5984e-04
14.000  24.000  3.7251e-04
