Ne 8 780.324A  relative to Inci 1215.00A scaled to 1215A.
Hden   Phi(H)  Eq_Width (A)
7.000  17.000  1.6163e-03
7.000  17.250  5.4409e-03
7.000  17.500  7.2561e-03
7.000  17.750  3.3808e-03
7.000  18.000  8.9918e-04
7.000  18.250  2.4914e-04
7.000  18.500  4.6255e-05
7.000  18.750  3.5391e-06
7.000  19.000  1.0000e-07
7.000  19.250  1.0000e-07
7.000  19.500  1.0000e-07
7.000  19.750  1.0000e-07
7.000  20.000  1.0000e-07
7.000  20.250  1.0000e-07
7.000  20.500  1.0000e-07
7.000  20.750  1.0000e-07
7.000  21.000  1.0000e-07
7.000  21.250  1.0000e-07
7.000  21.500  1.0000e-07
7.000  21.750  1.0000e-07
7.000  22.000  1.0000e-07
7.000  22.250  1.0000e-07
7.000  22.500  1.0000e-07
7.000  22.750  1.0000e-07
7.000  23.000  1.0000e-07
7.000  23.250  1.0000e-07
7.000  23.500  1.0000e-07
7.000  23.750  1.0000e-07
7.000  24.000  1.0000e-07
7.250  17.000  4.5111e-04
7.250  17.250  1.6616e-03
7.250  17.500  5.5591e-03
7.250  17.750  7.3531e-03
7.250  18.000  3.3942e-03
7.250  18.250  9.0058e-04
7.250  18.500  2.4930e-04
7.250  18.750  4.6255e-05
7.250  19.000  3.5391e-06
7.250  19.250  1.0000e-07
7.250  19.500  1.0000e-07
7.250  19.750  1.0000e-07
7.250  20.000  1.0000e-07
7.250  20.250  1.0000e-07
7.250  20.500  1.0000e-07
7.250  20.750  1.0000e-07
7.250  21.000  1.0000e-07
7.250  21.250  1.0000e-07
7.250  21.500  1.0000e-07
7.250  21.750  1.0000e-07
7.250  22.000  1.0000e-07
7.250  22.250  1.0000e-07
7.250  22.500  1.0000e-07
7.250  22.750  1.0000e-07
7.250  23.000  1.0000e-07
7.250  23.250  1.0000e-07
7.250  23.500  1.0000e-07
7.250  23.750  1.0000e-07
7.250  24.000  1.0000e-07
7.500  17.000  1.3465e-04
7.500  17.250  4.6148e-04
7.500  17.500  1.7021e-03
7.500  17.750  5.6781e-03
7.500  18.000  7.4667e-03
7.500  18.250  3.4099e-03
7.500  18.500  9.0206e-04
7.500  18.750  2.4947e-04
7.500  19.000  4.6255e-05
7.500  19.250  3.5391e-06
7.500  19.500  1.0000e-07
7.500  19.750  1.0000e-07
7.500  20.000  1.0000e-07
7.500  20.250  1.0000e-07
7.500  20.500  1.0000e-07
7.500  20.750  1.0000e-07
7.500  21.000  1.0000e-07
7.500  21.250  1.0000e-07
7.500  21.500  1.0000e-07
7.500  21.750  1.0000e-07
7.500  22.000  1.0000e-07
7.500  22.250  1.0000e-07
7.500  22.500  1.0000e-07
7.500  22.750  1.0000e-07
7.500  23.000  1.0000e-07
7.500  23.250  1.0000e-07
7.500  23.500  1.0000e-07
7.500  23.750  1.0000e-07
7.500  24.000  1.0000e-07
7.750  17.000  5.5802e-05
7.750  17.250  1.3770e-04
7.750  17.500  4.6955e-04
7.750  17.750  1.7371e-03
7.750  18.000  5.7965e-03
7.750  18.250  7.5941e-03
7.750  18.500  3.4278e-03
7.750  18.750  9.0370e-04
7.750  19.000  2.4963e-04
7.750  19.250  4.6255e-05
7.750  19.500  3.5391e-06
7.750  19.750  1.0000e-07
7.750  20.000  1.0000e-07
7.750  20.250  1.0000e-07
7.750  20.500  1.0000e-07
7.750  20.750  1.0000e-07
7.750  21.000  1.0000e-07
7.750  21.250  1.0000e-07
7.750  21.500  1.0000e-07
7.750  21.750  1.0000e-07
7.750  22.000  1.0000e-07
7.750  22.250  1.0000e-07
7.750  22.500  1.0000e-07
7.750  22.750  1.0000e-07
7.750  23.000  1.0000e-07
7.750  23.250  1.0000e-07
7.750  23.500  1.0000e-07
7.750  23.750  1.0000e-07
7.750  24.000  1.0000e-07
8.000  17.000  2.3374e-05
8.000  17.250  5.6543e-05
8.000  17.500  1.3959e-04
8.000  17.750  4.7531e-04
8.000  18.000  1.7666e-03
8.000  18.250  5.9171e-03
8.000  18.500  7.7344e-03
8.000  18.750  3.4473e-03
8.000  19.000  9.0519e-04
8.000  19.250  2.4971e-04
8.000  19.500  4.6255e-05
8.000  19.750  3.5391e-06
8.000  20.000  1.0000e-07
8.000  20.250  1.0000e-07
8.000  20.500  1.0000e-07
8.000  20.750  1.0000e-07
8.000  21.000  1.0000e-07
8.000  21.250  1.0000e-07
8.000  21.500  1.0000e-07
8.000  21.750  1.0000e-07
8.000  22.000  1.0000e-07
8.000  22.250  1.0000e-07
8.000  22.500  1.0000e-07
8.000  22.750  1.0000e-07
8.000  23.000  1.0000e-07
8.000  23.250  1.0000e-07
8.000  23.500  1.0000e-07
8.000  23.750  1.0000e-07
8.000  24.000  1.0000e-07
8.250  17.000  4.8560e-06
8.250  17.250  2.3704e-05
8.250  17.500  5.7202e-05
8.250  17.750  1.4115e-04
8.250  18.000  4.7868e-04
8.250  18.250  1.7914e-03
8.250  18.500  6.0426e-03
8.250  18.750  7.8920e-03
8.250  19.000  3.4687e-03
8.250  19.250  9.0683e-04
8.250  19.500  2.4988e-04
8.250  19.750  4.6255e-05
8.250  20.000  3.5391e-06
8.250  20.250  1.0000e-07
8.250  20.500  1.0000e-07
8.250  20.750  1.0000e-07
8.250  21.000  1.0000e-07
8.250  21.250  1.0000e-07
8.250  21.500  1.0000e-07
8.250  21.750  1.0000e-07
8.250  22.000  1.0000e-07
8.250  22.250  1.0000e-07
8.250  22.500  1.0000e-07
8.250  22.750  1.0000e-07
8.250  23.000  1.0000e-07
8.250  23.250  1.0000e-07
8.250  23.500  1.0000e-07
8.250  23.750  1.0000e-07
8.250  24.000  1.0000e-07
8.500  17.000  1.0000e-07
8.500  17.250  4.9383e-06
8.500  17.500  2.3951e-05
8.500  17.750  5.7613e-05
8.500  18.000  1.4198e-04
8.500  18.250  4.7984e-04
8.500  18.500  1.8117e-03
8.500  18.750  6.1747e-03
8.500  19.000  8.0677e-03
8.500  19.250  3.4919e-03
8.500  19.500  9.0856e-04
8.500  19.750  2.5004e-04
8.500  20.000  4.6255e-05
8.500  20.250  3.5391e-06
8.500  20.500  1.0000e-07
8.500  20.750  1.0000e-07
8.500  21.000  1.0000e-07
8.500  21.250  1.0000e-07
8.500  21.500  1.0000e-07
8.500  21.750  1.0000e-07
8.500  22.000  1.0000e-07
8.500  22.250  1.0000e-07
8.500  22.500  1.0000e-07
8.500  22.750  1.0000e-07
8.500  23.000  1.0000e-07
8.500  23.250  1.0000e-07
8.500  23.500  1.0000e-07
8.500  23.750  1.0000e-07
8.500  24.000  1.0000e-07
8.750  17.000  1.0000e-07
8.750  17.250  1.0000e-07
8.750  17.500  5.0206e-06
8.750  17.750  2.4198e-05
8.750  18.000  5.7860e-05
8.750  18.250  1.4222e-04
8.750  18.500  4.7885e-04
8.750  18.750  1.8063e-03
8.750  19.000  6.3141e-03
8.750  19.250  8.2602e-03
8.750  19.500  3.5161e-03
8.750  19.750  9.1045e-04
8.750  20.000  2.5029e-04
8.750  20.250  4.6173e-05
8.750  20.500  3.6214e-06
8.750  20.750  1.0000e-07
8.750  21.000  1.0000e-07
8.750  21.250  1.0000e-07
8.750  21.500  1.0000e-07
8.750  21.750  1.0000e-07
8.750  22.000  1.0000e-07
8.750  22.250  1.0000e-07
8.750  22.500  1.0000e-07
8.750  22.750  1.0000e-07
8.750  23.000  1.0000e-07
8.750  23.250  1.0000e-07
8.750  23.500  1.0000e-07
8.750  23.750  1.0000e-07
8.750  24.000  1.0000e-07
9.000  17.000  1.0000e-07
9.000  17.250  1.0000e-07
9.000  17.500  1.0000e-07
9.000  17.750  5.0206e-06
9.000  18.000  2.4280e-05
9.000  18.250  5.7942e-05
9.000  18.500  1.4189e-04
9.000  18.750  4.7613e-04
9.000  19.000  1.8147e-03
9.000  19.250  6.4481e-03
9.000  19.500  8.4620e-03
9.000  19.750  3.5424e-03
9.000  20.000  9.1284e-04
9.000  20.250  2.5045e-04
9.000  20.500  4.6173e-05
9.000  20.750  3.6214e-06
9.000  21.000  1.0000e-07
9.000  21.250  1.0000e-07
9.000  21.500  1.0000e-07
9.000  21.750  1.0000e-07
9.000  22.000  1.0000e-07
9.000  22.250  1.0000e-07
9.000  22.500  1.0000e-07
9.000  22.750  1.0000e-07
9.000  23.000  1.0000e-07
9.000  23.250  1.0000e-07
9.000  23.500  1.0000e-07
9.000  23.750  1.0000e-07
9.000  24.000  1.0000e-07
9.250  17.000  1.0000e-07
9.250  17.250  1.0000e-07
9.250  17.500  1.0000e-07
9.250  17.750  1.0000e-07
9.250  18.000  5.1029e-06
9.250  18.250  2.4362e-05
9.250  18.500  5.7942e-05
9.250  18.750  1.4123e-04
9.250  19.000  4.7185e-04
9.250  19.250  1.8151e-03
9.250  19.500  6.5653e-03
9.250  19.750  8.6621e-03
9.250  20.000  3.5700e-03
9.250  20.250  9.1564e-04
9.250  20.500  2.5078e-04
9.250  20.750  4.6173e-05
9.250  21.000  3.6214e-06
9.250  21.250  1.0000e-07
9.250  21.500  1.0000e-07
9.250  21.750  1.0000e-07
9.250  22.000  1.0000e-07
9.250  22.250  1.0000e-07
9.250  22.500  1.0000e-07
9.250  22.750  1.0000e-07
9.250  23.000  1.0000e-07
9.250  23.250  1.0000e-07
9.250  23.500  1.0000e-07
9.250  23.750  1.0000e-07
9.250  24.000  1.0000e-07
9.500  17.000  1.0000e-07
9.500  17.250  1.0000e-07
9.500  17.500  1.0000e-07
9.500  17.750  1.0000e-07
9.500  18.000  1.0000e-07
9.500  18.250  5.1029e-06
9.500  18.500  2.4362e-05
9.500  18.750  5.7778e-05
9.500  19.000  1.4066e-04
9.500  19.250  4.6675e-04
9.500  19.500  1.8083e-03
9.500  19.750  6.6898e-03
9.500  20.000  8.8531e-03
9.500  20.250  3.5993e-03
9.500  20.500  9.1934e-04
9.500  20.750  2.5366e-04
9.500  21.000  4.6091e-05
9.500  21.250  3.6214e-06
9.500  21.500  1.0000e-07
9.500  21.750  1.0000e-07
9.500  22.000  1.0000e-07
9.500  22.250  1.0000e-07
9.500  22.500  1.0000e-07
9.500  22.750  1.0000e-07
9.500  23.000  1.0000e-07
9.500  23.250  1.0000e-07
9.500  23.500  1.0000e-07
9.500  23.750  1.0000e-07
9.500  24.000  1.0000e-07
9.750  17.000  1.0000e-07
9.750  17.250  1.0000e-07
9.750  17.500  1.0000e-07
9.750  17.750  1.0000e-07
9.750  18.000  1.0000e-07
9.750  18.250  1.0000e-07
9.750  18.500  5.1852e-06
9.750  18.750  2.4362e-05
9.750  19.000  5.7531e-05
9.750  19.250  1.4041e-04
9.750  19.500  4.5860e-04
9.750  19.750  1.7997e-03
9.750  20.000  6.7595e-03
9.750  20.250  9.0289e-03
9.750  20.500  3.6360e-03
9.750  20.750  9.2724e-04
9.750  21.000  2.5391e-04
9.750  21.250  4.6091e-05
9.750  21.500  3.6214e-06
9.750  21.750  1.0000e-07
9.750  22.000  1.0000e-07
9.750  22.250  1.0000e-07
9.750  22.500  1.0000e-07
9.750  22.750  1.0000e-07
9.750  23.000  1.0000e-07
9.750  23.250  1.0000e-07
9.750  23.500  1.0000e-07
9.750  23.750  1.0000e-07
9.750  24.000  1.0000e-07
10.000  17.000  1.0000e-07
10.000  17.250  1.0000e-07
10.000  17.500  1.0000e-07
10.000  17.750  1.0000e-07
10.000  18.000  1.0000e-07
10.000  18.250  1.0000e-07
10.000  18.500  1.0000e-07
10.000  18.750  5.1852e-06
10.000  19.000  2.4362e-05
10.000  19.250  5.7366e-05
10.000  19.500  1.4148e-04
10.000  19.750  4.5539e-04
10.000  20.000  1.7944e-03
10.000  20.250  6.8140e-03
10.000  20.500  9.1979e-03
10.000  20.750  3.6698e-03
10.000  21.000  9.3235e-04
10.000  21.250  2.5333e-04
10.000  21.500  4.6091e-05
10.000  21.750  3.6214e-06
10.000  22.000  1.0000e-07
10.000  22.250  1.0000e-07
10.000  22.500  1.0000e-07
10.000  22.750  1.0000e-07
10.000  23.000  1.0000e-07
10.000  23.250  1.0000e-07
10.000  23.500  1.0000e-07
10.000  23.750  1.0000e-07
10.000  24.000  1.0000e-07
10.250  17.000  1.0000e-07
10.250  17.250  1.0000e-07
10.250  17.500  1.0000e-07
10.250  17.750  1.0000e-07
10.250  18.000  1.0000e-07
10.250  18.250  1.0000e-07
10.250  18.500  1.0000e-07
10.250  18.750  1.0000e-07
10.250  19.000  5.1852e-06
10.250  19.250  2.4280e-05
10.250  19.500  5.7778e-05
10.250  19.750  1.4354e-04
10.250  20.000  4.6272e-04
10.250  20.250  1.8277e-03
10.250  20.500  6.8751e-03
10.250  20.750  9.3184e-03
10.250  21.000  3.7091e-03
10.250  21.250  9.3926e-04
10.250  21.500  2.5300e-04
10.250  21.750  4.6091e-05
10.250  22.000  3.6214e-06
10.250  22.250  1.0000e-07
10.250  22.500  1.0000e-07
10.250  22.750  1.0000e-07
10.250  23.000  1.0000e-07
10.250  23.250  1.0000e-07
10.250  23.500  1.0000e-07
10.250  23.750  1.0000e-07
10.250  24.000  1.0000e-07
10.500  17.000  1.0000e-07
10.500  17.250  1.0000e-07
10.500  17.500  1.0000e-07
10.500  17.750  1.0000e-07
10.500  18.000  1.0000e-07
10.500  18.250  1.0000e-07
10.500  18.500  1.0000e-07
10.500  18.750  1.0000e-07
10.500  19.000  1.0000e-07
10.500  19.250  5.1852e-06
10.500  19.500  2.4280e-05
10.500  19.750  5.8601e-05
10.500  20.000  1.4831e-04
10.500  20.250  4.7588e-04
10.500  20.500  1.8826e-03
10.500  20.750  6.9574e-03
10.500  21.000  9.4787e-03
10.500  21.250  3.7549e-03
10.500  21.500  9.4798e-04
10.500  21.750  2.5366e-04
10.500  22.000  4.6173e-05
10.500  22.250  3.6214e-06
10.500  22.500  1.0000e-07
10.500  22.750  1.0000e-07
10.500  23.000  1.0000e-07
10.500  23.250  1.0000e-07
10.500  23.500  1.0000e-07
10.500  23.750  1.0000e-07
10.500  24.000  1.0000e-07
10.750  17.000  1.0000e-07
10.750  17.250  1.0000e-07
10.750  17.500  1.0000e-07
10.750  17.750  1.0000e-07
10.750  18.000  1.0000e-07
10.750  18.250  1.0000e-07
10.750  18.500  1.0000e-07
10.750  18.750  1.0000e-07
10.750  19.000  1.0000e-07
10.750  19.250  1.0000e-07
10.750  19.500  5.3498e-06
10.750  19.750  2.4691e-05
10.750  20.000  6.0823e-05
10.750  20.250  1.5811e-04
10.750  20.500  5.0329e-04
10.750  20.750  2.0128e-03
10.750  21.000  7.1497e-03
10.750  21.250  9.6470e-03
10.750  21.500  3.8083e-03
10.750  21.750  9.5885e-04
10.750  22.000  2.5490e-04
10.750  22.250  4.6173e-05
10.750  22.500  3.6214e-06
10.750  22.750  1.0000e-07
10.750  23.000  1.0000e-07
10.750  23.250  1.0000e-07
10.750  23.500  1.0000e-07
10.750  23.750  1.0000e-07
10.750  24.000  1.0000e-07
11.000  17.000  1.0000e-07
11.000  17.250  1.0000e-07
11.000  17.500  1.0000e-07
11.000  17.750  1.0000e-07
11.000  18.000  1.0000e-07
11.000  18.250  1.0000e-07
11.000  18.500  1.0000e-07
11.000  18.750  1.0000e-07
11.000  19.000  1.0000e-07
11.000  19.250  1.0000e-07
11.000  19.500  1.0000e-07
11.000  19.750  5.5967e-06
11.000  20.000  2.5350e-05
11.000  20.250  6.3621e-05
11.000  20.500  1.7753e-04
11.000  20.750  5.5654e-04
11.000  21.000  2.2723e-03
11.000  21.250  7.5245e-03
11.000  21.500  9.8402e-03
11.000  21.750  3.8708e-03
11.000  22.000  9.7292e-04
11.000  22.250  2.5630e-04
11.000  22.500  4.6255e-05
11.000  22.750  3.6214e-06
11.000  23.000  1.0000e-07
11.000  23.250  1.0000e-07
11.000  23.500  1.0000e-07
11.000  23.750  1.0000e-07
11.000  24.000  1.0000e-07
11.250  17.000  1.0000e-07
11.250  17.250  1.0000e-07
11.250  17.500  1.0000e-07
11.250  17.750  1.0000e-07
11.250  18.000  1.0000e-07
11.250  18.250  1.0000e-07
11.250  18.500  1.0000e-07
11.250  18.750  1.0000e-07
11.250  19.000  1.0000e-07
11.250  19.250  1.0000e-07
11.250  19.500  1.0000e-07
11.250  19.750  1.0000e-07
11.250  20.000  5.9259e-06
11.250  20.250  2.7160e-05
11.250  20.500  7.0288e-05
11.250  20.750  2.0765e-04
11.250  21.000  6.6584e-04
11.250  21.250  2.7093e-03
11.250  21.500  8.1208e-03
11.250  21.750  1.0077e-02
11.250  22.000  3.9384e-03
11.250  22.250  9.9037e-04
11.250  22.500  2.5811e-04
11.250  22.750  4.6337e-05
11.250  23.000  3.6214e-06
11.250  23.250  1.0000e-07
11.250  23.500  1.0000e-07
11.250  23.750  1.0000e-07
11.250  24.000  1.0000e-07
11.500  17.000  1.0000e-07
11.500  17.250  1.0000e-07
11.500  17.500  1.0000e-07
11.500  17.750  1.0000e-07
11.500  18.000  1.0000e-07
11.500  18.250  1.0000e-07
11.500  18.500  1.0000e-07
11.500  18.750  1.0000e-07
11.500  19.000  1.0000e-07
11.500  19.250  1.0000e-07
11.500  19.500  1.0000e-07
11.500  19.750  1.0000e-07
11.500  20.000  1.0000e-07
11.500  20.250  6.5021e-06
11.500  20.500  2.9465e-05
11.500  20.750  7.9259e-05
11.500  21.000  2.5309e-04
11.500  21.250  8.8255e-04
11.500  21.500  3.4514e-03
11.500  21.750  9.0700e-03
11.500  22.000  1.0378e-02
11.500  22.250  4.0279e-03
11.500  22.500  1.0112e-03
11.500  22.750  2.6025e-04
11.500  23.000  4.6337e-05
11.500  23.250  3.6214e-06
11.500  23.500  1.0000e-07
11.500  23.750  1.0000e-07
11.500  24.000  1.0000e-07
11.750  17.000  1.0000e-07
11.750  17.250  1.0000e-07
11.750  17.500  1.0000e-07
11.750  17.750  1.0000e-07
11.750  18.000  1.0000e-07
11.750  18.250  1.0000e-07
11.750  18.500  1.0000e-07
11.750  18.750  1.0000e-07
11.750  19.000  1.0000e-07
11.750  19.250  1.0000e-07
11.750  19.500  1.0000e-07
11.750  19.750  1.0000e-07
11.750  20.000  1.0000e-07
11.750  20.250  9.0535e-07
11.750  20.500  7.3251e-06
11.750  20.750  3.3004e-05
11.750  21.000  9.4074e-05
11.750  21.250  3.3770e-04
11.750  21.500  1.2392e-03
11.750  21.750  4.6120e-03
11.750  22.000  1.0340e-02
11.750  22.250  1.0728e-02
11.750  22.500  4.1314e-03
11.750  22.750  1.0375e-03
11.750  23.000  2.6296e-04
11.750  23.250  4.6420e-05
11.750  23.500  3.6214e-06
11.750  23.750  1.0000e-07
11.750  24.000  1.0000e-07
12.000  17.000  1.0000e-07
12.000  17.250  1.0000e-07
12.000  17.500  1.0000e-07
12.000  17.750  1.0000e-07
12.000  18.000  1.0000e-07
12.000  18.250  1.0000e-07
12.000  18.500  1.0000e-07
12.000  18.750  1.0000e-07
12.000  19.000  1.0000e-07
12.000  19.250  1.0000e-07
12.000  19.500  1.0000e-07
12.000  19.750  1.0000e-07
12.000  20.000  1.0000e-07
12.000  20.250  1.0000e-07
12.000  20.500  9.8765e-07
12.000  20.750  8.2305e-06
12.000  21.000  3.7860e-05
12.000  21.250  1.1877e-04
12.000  21.500  4.7317e-04
12.000  21.750  1.7528e-03
12.000  22.000  6.2091e-03
12.000  22.250  1.1858e-02
12.000  22.500  1.1067e-02
12.000  22.750  4.2458e-03
12.000  23.000  1.0660e-03
12.000  23.250  2.6617e-04
12.000  23.500  4.6420e-05
12.000  23.750  3.6214e-06
12.000  24.000  1.0000e-07
12.250  17.000  1.0000e-07
12.250  17.250  1.0000e-07
12.250  17.500  1.0000e-07
12.250  17.750  1.0000e-07
12.250  18.000  1.0000e-07
12.250  18.250  1.0000e-07
12.250  18.500  1.0000e-07
12.250  18.750  1.0000e-07
12.250  19.000  1.0000e-07
12.250  19.250  1.0000e-07
12.250  19.500  1.0000e-07
12.250  19.750  1.0000e-07
12.250  20.000  1.0000e-07
12.250  20.250  1.0000e-07
12.250  20.500  1.0000e-07
12.250  20.750  1.1523e-06
12.250  21.000  9.6296e-06
12.250  21.250  4.3786e-05
12.250  21.500  1.5317e-04
12.250  21.750  6.7177e-04
12.250  22.000  2.4528e-03
12.250  22.250  7.4793e-03
12.250  22.500  1.2627e-02
12.250  22.750  1.1290e-02
12.250  23.000  4.3537e-03
12.250  23.250  1.0978e-03
12.250  23.500  2.6996e-04
12.250  23.750  4.6337e-05
12.250  24.000  3.6214e-06
12.500  17.000  1.0000e-07
12.500  17.250  1.0000e-07
12.500  17.500  1.0000e-07
12.500  17.750  1.0000e-07
12.500  18.000  1.0000e-07
12.500  18.250  1.0000e-07
12.500  18.500  1.0000e-07
12.500  18.750  1.0000e-07
12.500  19.000  1.0000e-07
12.500  19.250  1.0000e-07
12.500  19.500  1.0000e-07
12.500  19.750  1.0000e-07
12.500  20.000  1.0000e-07
12.500  20.250  1.0000e-07
12.500  20.500  1.0000e-07
12.500  20.750  1.0000e-07
12.500  21.000  1.3169e-06
12.500  21.250  1.0864e-05
12.500  21.500  5.1111e-05
12.500  21.750  2.0091e-04
12.500  22.000  9.3753e-04
12.500  22.250  3.2723e-03
12.500  22.500  8.9314e-03
12.500  22.750  1.3558e-02
12.500  23.000  1.1235e-02
12.500  23.250  4.4347e-03
12.500  23.500  1.1311e-03
12.500  23.750  2.7407e-04
12.500  24.000  4.6173e-05
12.750  17.000  1.0000e-07
12.750  17.250  1.0000e-07
12.750  17.500  1.0000e-07
12.750  17.750  1.0000e-07
12.750  18.000  1.0000e-07
12.750  18.250  1.0000e-07
12.750  18.500  1.0000e-07
12.750  18.750  1.0000e-07
12.750  19.000  1.0000e-07
12.750  19.250  1.0000e-07
12.750  19.500  1.0000e-07
12.750  19.750  1.0000e-07
12.750  20.000  1.0000e-07
12.750  20.250  1.0000e-07
12.750  20.500  1.0000e-07
12.750  20.750  1.0000e-07
12.750  21.000  1.0000e-07
12.750  21.250  1.3992e-06
12.750  21.500  1.2016e-05
12.750  21.750  5.9835e-05
12.750  22.000  2.6782e-04
12.750  22.250  1.2830e-03
12.750  22.500  4.2571e-03
12.750  22.750  1.0006e-02
12.750  23.000  1.3585e-02
12.750  23.250  1.0807e-02
12.750  23.500  4.4459e-03
12.750  23.750  1.1636e-03
12.750  24.000  2.7844e-04
13.000  17.000  1.0000e-07
13.000  17.250  1.0000e-07
13.000  17.500  1.0000e-07
13.000  17.750  1.0000e-07
13.000  18.000  1.0000e-07
13.000  18.250  1.0000e-07
13.000  18.500  1.0000e-07
13.000  18.750  1.0000e-07
13.000  19.000  1.0000e-07
13.000  19.250  1.0000e-07
13.000  19.500  1.0000e-07
13.000  19.750  1.0000e-07
13.000  20.000  1.0000e-07
13.000  20.250  1.0000e-07
13.000  20.500  1.0000e-07
13.000  20.750  1.0000e-07
13.000  21.000  1.0000e-07
13.000  21.250  1.0000e-07
13.000  21.500  1.4815e-06
13.000  21.750  1.3827e-05
13.000  22.000  7.1770e-05
13.000  22.250  3.6165e-04
13.000  22.500  1.7154e-03
13.000  22.750  5.0765e-03
13.000  23.000  1.0018e-02
13.000  23.250  1.2663e-02
13.000  23.500  9.9712e-03
13.000  23.750  4.3616e-03
13.000  24.000  1.1909e-03
13.250  17.000  1.0000e-07
13.250  17.250  1.0000e-07
13.250  17.500  1.0000e-07
13.250  17.750  1.0000e-07
13.250  18.000  1.0000e-07
13.250  18.250  1.0000e-07
13.250  18.500  1.0000e-07
13.250  18.750  1.0000e-07
13.250  19.000  1.0000e-07
13.250  19.250  1.0000e-07
13.250  19.500  1.0000e-07
13.250  19.750  1.0000e-07
13.250  20.000  1.0000e-07
13.250  20.250  1.0000e-07
13.250  20.500  1.0000e-07
13.250  20.750  1.0000e-07
13.250  21.000  1.0000e-07
13.250  21.250  1.0000e-07
13.250  21.500  1.0000e-07
13.250  21.750  1.6461e-06
13.250  22.000  1.5967e-05
13.250  22.250  9.0864e-05
13.250  22.500  4.9572e-04
13.250  22.750  2.2029e-03
13.250  23.000  5.5677e-03
13.250  23.250  8.5949e-03
13.250  23.500  1.0240e-02
13.250  23.750  8.7802e-03
13.250  24.000  4.1419e-03
13.500  17.000  1.0000e-07
13.500  17.250  1.0000e-07
13.500  17.500  1.0000e-07
13.500  17.750  1.0000e-07
13.500  18.000  1.0000e-07
13.500  18.250  1.0000e-07
13.500  18.500  1.0000e-07
13.500  18.750  1.0000e-07
13.500  19.000  1.0000e-07
13.500  19.250  1.0000e-07
13.500  19.500  1.0000e-07
13.500  19.750  1.0000e-07
13.500  20.000  1.0000e-07
13.500  20.250  1.0000e-07
13.500  20.500  1.0000e-07
13.500  20.750  1.0000e-07
13.500  21.000  1.0000e-07
13.500  21.250  1.0000e-07
13.500  21.500  1.0000e-07
13.500  21.750  1.0000e-07
13.500  22.000  1.9753e-06
13.500  22.250  1.9835e-05
13.500  22.500  1.2288e-04
13.500  22.750  6.9086e-04
13.500  23.000  2.6370e-03
13.500  23.250  5.6786e-03
13.500  23.500  8.3500e-03
13.500  23.750  8.8718e-03
13.500  24.000  7.3167e-03
13.750  17.000  1.0000e-07
13.750  17.250  1.0000e-07
13.750  17.500  1.0000e-07
13.750  17.750  1.0000e-07
13.750  18.000  1.0000e-07
13.750  18.250  1.0000e-07
13.750  18.500  1.0000e-07
13.750  18.750  1.0000e-07
13.750  19.000  1.0000e-07
13.750  19.250  1.0000e-07
13.750  19.500  1.0000e-07
13.750  19.750  1.0000e-07
13.750  20.000  1.0000e-07
13.750  20.250  1.0000e-07
13.750  20.500  1.0000e-07
13.750  20.750  1.0000e-07
13.750  21.000  1.0000e-07
13.750  21.250  1.0000e-07
13.750  21.500  1.0000e-07
13.750  21.750  1.0000e-07
13.750  22.000  1.0000e-07
13.750  22.250  2.5514e-06
13.750  22.500  2.6502e-05
13.750  22.750  1.7556e-04
13.750  23.000  9.4115e-04
13.750  23.250  2.9335e-03
13.750  23.500  5.3414e-03
13.750  23.750  7.0677e-03
13.750  24.000  7.0719e-03
14.000  17.000  1.0000e-07
14.000  17.250  1.0000e-07
14.000  17.500  1.0000e-07
14.000  17.750  1.0000e-07
14.000  18.000  1.0000e-07
14.000  18.250  1.0000e-07
14.000  18.500  1.0000e-07
14.000  18.750  1.0000e-07
14.000  19.000  1.0000e-07
14.000  19.250  1.0000e-07
14.000  19.500  1.0000e-07
14.000  19.750  1.0000e-07
14.000  20.000  1.0000e-07
14.000  20.250  1.0000e-07
14.000  20.500  1.0000e-07
14.000  20.750  1.0000e-07
14.000  21.000  1.0000e-07
14.000  21.250  1.0000e-07
14.000  21.500  1.0000e-07
14.000  21.750  1.0000e-07
14.000  22.000  1.0000e-07
14.000  22.250  1.0000e-07
14.000  22.500  3.2922e-06
14.000  22.750  3.4568e-05
14.000  23.000  2.3778e-04
14.000  23.250  1.1798e-03
14.000  23.500  3.0482e-03
14.000  23.750  4.6957e-03
14.000  24.000  5.8451e-03
