InwD 1.48022m  relative to Inci 1215.00A scaled to 1215A.
Hden   Phi(H)  Eq_Width (A)
7.000  17.000  2.8672e-03
7.000  17.250  1.4978e-03
7.000  17.500  7.7029e-04
7.000  17.750  3.9597e-04
7.000  18.000  2.1013e-04
7.000  18.250  1.0724e-04
7.000  18.500  4.9140e-05
7.000  18.750  2.4200e-05
7.000  19.000  1.1440e-05
7.000  19.250  4.5200e-06
7.000  19.500  1.8900e-06
7.000  19.750  9.0000e-07
7.000  20.000  4.1000e-07
7.000  20.250  2.4000e-07
7.000  20.500  1.6000e-07
7.000  20.750  8.0000e-08
7.000  21.000  8.0000e-08
7.000  21.250  8.0000e-08
7.000  21.500  1.0000e-10
7.000  21.750  1.0000e-10
7.000  22.000  1.0000e-10
7.000  22.250  1.0000e-10
7.000  22.500  1.0000e-10
7.000  22.750  1.0000e-10
7.000  23.000  1.0000e-10
7.000  23.250  1.0000e-10
7.000  23.500  1.0000e-10
7.000  23.750  1.0000e-10
7.000  24.000  1.0000e-10
7.250  17.000  5.3665e-03
7.250  17.250  2.8649e-03
7.250  17.500  1.4965e-03
7.250  17.750  7.6939e-04
7.250  18.000  3.9572e-04
7.250  18.250  2.1005e-04
7.250  18.500  1.0724e-04
7.250  18.750  4.9140e-05
7.250  19.000  2.4200e-05
7.250  19.250  1.1440e-05
7.250  19.500  4.5200e-06
7.250  19.750  1.8900e-06
7.250  20.000  9.0000e-07
7.250  20.250  4.1000e-07
7.250  20.500  2.4000e-07
7.250  20.750  1.6000e-07
7.250  21.000  8.0000e-08
7.250  21.250  8.0000e-08
7.250  21.500  8.0000e-08
7.250  21.750  8.0000e-08
7.250  22.000  1.0000e-10
7.250  22.250  1.0000e-10
7.250  22.500  1.0000e-10
7.250  22.750  1.0000e-10
7.250  23.000  1.0000e-10
7.250  23.250  1.0000e-10
7.250  23.500  1.0000e-10
7.250  23.750  1.0000e-10
7.250  24.000  1.0000e-10
7.500  17.000  8.9082e-03
7.500  17.250  5.3623e-03
7.500  17.500  2.8633e-03
7.500  17.750  1.4953e-03
7.500  18.000  7.6839e-04
7.500  18.250  3.9539e-04
7.500  18.500  2.0996e-04
7.500  18.750  1.0716e-04
7.500  19.000  4.9140e-05
7.500  19.250  2.4200e-05
7.500  19.500  1.1440e-05
7.500  19.750  4.5200e-06
7.500  20.000  1.8900e-06
7.500  20.250  9.0000e-07
7.500  20.500  4.1000e-07
7.500  20.750  2.4000e-07
7.500  21.000  1.6000e-07
7.500  21.250  8.0000e-08
7.500  21.500  8.0000e-08
7.500  21.750  8.0000e-08
7.500  22.000  8.0000e-08
7.500  22.250  1.0000e-10
7.500  22.500  1.0000e-10
7.500  22.750  1.0000e-10
7.500  23.000  1.0000e-10
7.500  23.250  1.0000e-10
7.500  23.500  1.0000e-10
7.500  23.750  1.0000e-10
7.500  24.000  1.0000e-10
7.750  17.000  1.4011e-02
7.750  17.250  8.8996e-03
7.750  17.500  5.3595e-03
7.750  17.750  2.8623e-03
7.750  18.000  1.4943e-03
7.750  18.250  7.6719e-04
7.750  18.500  3.9498e-04
7.750  18.750  2.0988e-04
7.750  19.000  1.0716e-04
7.750  19.250  4.9140e-05
7.750  19.500  2.4200e-05
7.750  19.750  1.1440e-05
7.750  20.000  4.5200e-06
7.750  20.250  1.8900e-06
7.750  20.500  9.0000e-07
7.750  20.750  4.1000e-07
7.750  21.000  2.4000e-07
7.750  21.250  1.6000e-07
7.750  21.500  8.0000e-08
7.750  21.750  8.0000e-08
7.750  22.000  8.0000e-08
7.750  22.250  8.0000e-08
7.750  22.500  1.0000e-10
7.750  22.750  1.0000e-10
7.750  23.000  1.0000e-10
7.750  23.250  1.0000e-10
7.750  23.500  1.0000e-10
7.750  23.750  1.0000e-10
7.750  24.000  1.0000e-10
8.000  17.000  1.5143e-02
8.000  17.250  1.3863e-02
8.000  17.500  8.8807e-03
8.000  17.750  5.3539e-03
8.000  18.000  2.8618e-03
8.000  18.250  1.4934e-03
8.000  18.500  7.6599e-04
8.000  18.750  3.9449e-04
8.000  19.000  2.0972e-04
8.000  19.250  1.0716e-04
8.000  19.500  4.9060e-05
8.000  19.750  2.4200e-05
8.000  20.000  1.1440e-05
8.000  20.250  4.5200e-06
8.000  20.500  1.8900e-06
8.000  20.750  9.0000e-07
8.000  21.000  4.1000e-07
8.000  21.250  2.4000e-07
8.000  21.500  1.6000e-07
8.000  21.750  8.0000e-08
8.000  22.000  8.0000e-08
8.000  22.250  8.0000e-08
8.000  22.500  8.0000e-08
8.000  22.750  1.0000e-10
8.000  23.000  1.0000e-10
8.000  23.250  1.0000e-10
8.000  23.500  1.0000e-10
8.000  23.750  1.0000e-10
8.000  24.000  1.0000e-10
8.250  17.000  1.6011e-02
8.250  17.250  1.5192e-02
8.250  17.500  1.3869e-02
8.250  17.750  8.8776e-03
8.250  18.000  5.3541e-03
8.250  18.250  2.8618e-03
8.250  18.500  1.4925e-03
8.250  18.750  7.6469e-04
8.250  19.000  3.9391e-04
8.250  19.250  2.0955e-04
8.250  19.500  1.0708e-04
8.250  19.750  4.9060e-05
8.250  20.000  2.4200e-05
8.250  20.250  1.1440e-05
8.250  20.500  4.5200e-06
8.250  20.750  1.8900e-06
8.250  21.000  9.0000e-07
8.250  21.250  4.1000e-07
8.250  21.500  2.4000e-07
8.250  21.750  1.6000e-07
8.250  22.000  8.0000e-08
8.250  22.250  8.0000e-08
8.250  22.500  8.0000e-08
8.250  22.750  8.0000e-08
8.250  23.000  1.0000e-10
8.250  23.250  1.0000e-10
8.250  23.500  1.0000e-10
8.250  23.750  1.0000e-10
8.250  24.000  1.0000e-10
8.500  17.000  1.6648e-02
8.500  17.250  1.6113e-02
8.500  17.500  1.5252e-02
8.500  17.750  1.3885e-02
8.500  18.000  8.8765e-03
8.500  18.250  5.3554e-03
8.500  18.500  2.8621e-03
8.500  18.750  1.4916e-03
8.500  19.000  7.6309e-04
8.500  19.250  3.9333e-04
8.500  19.500  2.0939e-04
8.500  19.750  1.0708e-04
8.500  20.000  4.9060e-05
8.500  20.250  2.4200e-05
8.500  20.500  1.1440e-05
8.500  20.750  4.5200e-06
8.500  21.000  1.8900e-06
8.500  21.250  9.0000e-07
8.500  21.500  4.1000e-07
8.500  21.750  2.4000e-07
8.500  22.000  1.6000e-07
8.500  22.250  8.0000e-08
8.500  22.500  8.0000e-08
8.500  22.750  8.0000e-08
8.500  23.000  1.0000e-10
8.500  23.250  8.0000e-08
8.500  23.500  1.0000e-10
8.500  23.750  1.0000e-10
8.500  24.000  1.0000e-10
8.750  17.000  1.7085e-02
8.750  17.250  1.6811e-02
8.750  17.500  1.6270e-02
8.750  17.750  1.5316e-02
8.750  18.000  1.3924e-02
8.750  18.250  8.8761e-03
8.750  18.500  5.3575e-03
8.750  18.750  2.8628e-03
8.750  19.000  1.4908e-03
8.750  19.250  7.6149e-04
8.750  19.500  3.9259e-04
8.750  19.750  2.0922e-04
8.750  20.000  1.0708e-04
8.750  20.250  4.9060e-05
8.750  20.500  2.4200e-05
8.750  20.750  1.1440e-05
8.750  21.000  4.5200e-06
8.750  21.250  1.8900e-06
8.750  21.500  9.0000e-07
8.750  21.750  4.1000e-07
8.750  22.000  2.4000e-07
8.750  22.250  1.6000e-07
8.750  22.500  8.0000e-08
8.750  22.750  8.0000e-08
8.750  23.000  1.0000e-10
8.750  23.250  1.0000e-10
8.750  23.500  8.0000e-08
8.750  23.750  1.0000e-10
8.750  24.000  1.0000e-10
9.000  17.000  1.7320e-02
9.000  17.250  1.7309e-02
9.000  17.500  1.7091e-02
9.000  17.750  1.6581e-02
9.000  18.000  1.5582e-02
9.000  18.250  1.4077e-02
9.000  18.500  8.8749e-03
9.000  18.750  5.3598e-03
9.000  19.000  2.8639e-03
9.000  19.250  1.4902e-03
9.000  19.500  7.5979e-04
9.000  19.750  3.9185e-04
9.000  20.000  2.0898e-04
9.000  20.250  1.0700e-04
9.000  20.500  4.9060e-05
9.000  20.750  2.4200e-05
9.000  21.000  1.1440e-05
9.000  21.250  4.5200e-06
9.000  21.500  1.8900e-06
9.000  21.750  9.0000e-07
9.000  22.000  4.1000e-07
9.000  22.250  2.4000e-07
9.000  22.500  1.6000e-07
9.000  22.750  8.0000e-08
9.000  23.000  8.0000e-08
9.000  23.250  8.0000e-08
9.000  23.500  1.0000e-10
9.000  23.750  1.0000e-10
9.000  24.000  1.0000e-10
9.250  17.000  1.7362e-02
9.250  17.250  1.7617e-02
9.250  17.500  1.7760e-02
9.250  17.750  1.7716e-02
9.250  18.000  1.7259e-02
9.250  18.250  1.6225e-02
9.250  18.500  1.4455e-02
9.250  18.750  8.8717e-03
9.250  19.000  5.3618e-03
9.250  19.250  2.8653e-03
9.250  19.500  1.4900e-03
9.250  19.750  7.5829e-04
9.250  20.000  3.9119e-04
9.250  20.250  2.0881e-04
9.250  20.500  1.0691e-04
9.250  20.750  4.9060e-05
9.250  21.000  2.4200e-05
9.250  21.250  1.1440e-05
9.250  21.500  4.5200e-06
9.250  21.750  1.8900e-06
9.250  22.000  8.2000e-07
9.250  22.250  4.1000e-07
9.250  22.500  2.4000e-07
9.250  22.750  1.6000e-07
9.250  23.000  8.0000e-08
9.250  23.250  8.0000e-08
9.250  23.500  1.0000e-10
9.250  23.750  1.0000e-10
9.250  24.000  1.0000e-10
9.500  17.000  1.7271e-02
9.500  17.250  1.7783e-02
9.500  17.500  1.8297e-02
9.500  17.750  1.8789e-02
9.500  18.000  1.9023e-02
9.500  18.250  1.8803e-02
9.500  18.500  1.7757e-02
9.500  18.750  1.5065e-02
9.500  19.000  8.8642e-03
9.500  19.250  5.3624e-03
9.500  19.500  2.8672e-03
9.500  19.750  1.4903e-03
9.500  20.000  7.5709e-04
9.500  20.250  3.9054e-04
9.500  20.500  2.0865e-04
9.500  20.750  1.0691e-04
9.500  21.000  4.8970e-05
9.500  21.250  2.4120e-05
9.500  21.500  1.1440e-05
9.500  21.750  4.5200e-06
9.500  22.000  1.8900e-06
9.500  22.250  8.2000e-07
9.500  22.500  4.1000e-07
9.500  22.750  1.6000e-07
9.500  23.000  8.0000e-08
9.500  23.250  8.0000e-08
9.500  23.500  1.0000e-10
9.500  23.750  1.0000e-10
9.500  24.000  1.0000e-10
9.750  17.000  1.6982e-02
9.750  17.250  1.7790e-02
9.750  17.500  1.8699e-02
9.750  17.750  1.9829e-02
9.750  18.000  2.1088e-02
9.750  18.250  2.1906e-02
9.750  18.500  2.1885e-02
9.750  18.750  2.0656e-02
9.750  19.000  1.5077e-02
9.750  19.250  8.8520e-03
9.750  19.500  5.3603e-03
9.750  19.750  2.8694e-03
9.750  20.000  1.4911e-03
9.750  20.250  7.5649e-04
9.750  20.500  3.9012e-04
9.750  20.750  2.0856e-04
9.750  21.000  1.0691e-04
9.750  21.250  4.8970e-05
9.750  21.500  2.4120e-05
9.750  21.750  1.1530e-05
9.750  22.000  4.5200e-06
9.750  22.250  1.8900e-06
9.750  22.500  8.2000e-07
9.750  22.750  4.1000e-07
9.750  23.000  1.6000e-07
9.750  23.250  8.0000e-08
9.750  23.500  8.0000e-08
9.750  23.750  1.0000e-10
9.750  24.000  1.0000e-10
10.000  17.000  1.6478e-02
10.000  17.250  1.7665e-02
10.000  17.500  1.9071e-02
10.000  17.750  2.0959e-02
10.000  18.000  2.3437e-02
10.000  18.250  2.5585e-02
10.000  18.500  2.6664e-02
10.000  18.750  2.6171e-02
10.000  19.000  2.3227e-02
10.000  19.250  1.5098e-02
10.000  19.500  8.8349e-03
10.000  19.750  5.3527e-03
10.000  20.000  2.8714e-03
10.000  20.250  1.4922e-03
10.000  20.500  7.5609e-04
10.000  20.750  3.8971e-04
10.000  21.000  2.0848e-04
10.000  21.250  1.0683e-04
10.000  21.500  4.8970e-05
10.000  21.750  2.4120e-05
10.000  22.000  1.1530e-05
10.000  22.250  4.5200e-06
10.000  22.500  1.8900e-06
10.000  22.750  8.2000e-07
10.000  23.000  4.1000e-07
10.000  23.250  1.6000e-07
10.000  23.500  8.0000e-08
10.000  23.750  8.0000e-08
10.000  24.000  1.0000e-10
10.250  17.000  1.6056e-02
10.250  17.250  1.7446e-02
10.250  17.500  1.9519e-02
10.250  17.750  2.2412e-02
10.250  18.000  2.6126e-02
10.250  18.250  2.9540e-02
10.250  18.500  3.1842e-02
10.250  18.750  3.2541e-02
10.250  19.000  3.1348e-02
10.250  19.250  2.6456e-02
10.250  19.500  1.5097e-02
10.250  19.750  8.8168e-03
10.250  20.000  5.3363e-03
10.250  20.250  2.8723e-03
10.250  20.500  1.4935e-03
10.250  20.750  7.5618e-04
10.250  21.000  3.8955e-04
10.250  21.250  2.0848e-04
10.250  21.500  1.0683e-04
10.250  21.750  4.8970e-05
10.250  22.000  2.4120e-05
10.250  22.250  1.1530e-05
10.250  22.500  4.5200e-06
10.250  22.750  1.8900e-06
10.250  23.000  8.2000e-07
10.250  23.250  4.1000e-07
10.250  23.500  1.6000e-07
10.250  23.750  8.0000e-08
10.250  24.000  8.0000e-08
10.500  17.000  1.5783e-02
10.500  17.250  1.7457e-02
10.500  17.500  2.0183e-02
10.500  17.750  2.4350e-02
10.500  18.000  2.9298e-02
10.500  18.250  3.3894e-02
10.500  18.500  3.7097e-02
10.500  18.750  3.8902e-02
10.500  19.000  3.8648e-02
10.500  19.250  3.6393e-02
10.500  19.500  2.6392e-02
10.500  19.750  1.5043e-02
10.500  20.000  8.7759e-03
10.500  20.250  5.3114e-03
10.500  20.500  2.8714e-03
10.500  20.750  1.4946e-03
10.500  21.000  7.5658e-04
10.500  21.250  3.8947e-04
10.500  21.500  2.0856e-04
10.500  21.750  1.0683e-04
10.500  22.000  4.8970e-05
10.500  22.250  2.4120e-05
10.500  22.500  1.1530e-05
10.500  22.750  4.5200e-06
10.500  23.000  1.8900e-06
10.500  23.250  8.2000e-07
10.500  23.500  4.1000e-07
10.500  23.750  1.6000e-07
10.500  24.000  8.0000e-08
10.750  17.000  1.5730e-02
10.750  17.250  1.7736e-02
10.750  17.500  2.1412e-02
10.750  17.750  2.6806e-02
10.750  18.000  3.2850e-02
10.750  18.250  3.8219e-02
10.750  18.500  4.2316e-02
10.750  18.750  4.4807e-02
10.750  19.000  4.5522e-02
10.750  19.250  4.4401e-02
10.750  19.500  4.0529e-02
10.750  19.750  2.6363e-02
10.750  20.000  1.4958e-02
10.750  20.250  8.7108e-03
10.750  20.500  5.2781e-03
10.750  20.750  2.8676e-03
10.750  21.000  1.4949e-03
10.750  21.250  7.5718e-04
10.750  21.500  3.8963e-04
10.750  21.750  2.0873e-04
10.750  22.000  1.0691e-04
10.750  22.250  4.8970e-05
10.750  22.500  2.4120e-05
10.750  22.750  1.1530e-05
10.750  23.000  4.5200e-06
10.750  23.250  1.8900e-06
10.750  23.500  8.2000e-07
10.750  23.750  4.1000e-07
10.750  24.000  1.6000e-07
11.000  17.000  1.5898e-02
11.000  17.250  1.8274e-02
11.000  17.500  2.2959e-02
11.000  17.750  2.9575e-02
11.000  18.000  3.6374e-02
11.000  18.250  4.2337e-02
11.000  18.500  4.7043e-02
11.000  18.750  5.0287e-02
11.000  19.000  5.1966e-02
11.000  19.250  5.1968e-02
11.000  19.500  5.0102e-02
11.000  19.750  4.5293e-02
11.000  20.000  2.6229e-02
11.000  20.250  1.4760e-02
11.000  20.500  8.6360e-03
11.000  20.750  5.2424e-03
11.000  21.000  2.8561e-03
11.000  21.250  1.4938e-03
11.000  21.500  7.5816e-04
11.000  21.750  3.8996e-04
11.000  22.000  2.0889e-04
11.000  22.250  1.0691e-04
11.000  22.500  4.8890e-05
11.000  22.750  2.4120e-05
11.000  23.000  1.1530e-05
11.000  23.250  4.5200e-06
11.000  23.500  1.8900e-06
11.000  23.750  8.2000e-07
11.000  24.000  4.1000e-07
11.250  17.000  1.6288e-02
11.250  17.250  1.8976e-02
11.250  17.500  2.4535e-02
11.250  17.750  3.2139e-02
11.250  18.000  3.9646e-02
11.250  18.250  4.6006e-02
11.250  18.500  5.1215e-02
11.250  18.750  5.5352e-02
11.250  19.000  5.7762e-02
11.250  19.250  5.8678e-02
11.250  19.500  5.7952e-02
11.250  19.750  5.5511e-02
11.250  20.000  4.6701e-02
11.250  20.250  2.6116e-02
11.250  20.500  1.4685e-02
11.250  20.750  8.5581e-03
11.250  21.000  5.2085e-03
11.250  21.250  2.8364e-03
11.250  21.500  1.4897e-03
11.250  21.750  7.5914e-04
11.250  22.000  3.9037e-04
11.250  22.250  2.0922e-04
11.250  22.500  1.0699e-04
11.250  22.750  4.8890e-05
11.250  23.000  2.4120e-05
11.250  23.250  1.1530e-05
11.250  23.500  4.5200e-06
11.250  23.750  1.8900e-06
11.250  24.000  8.2000e-07
11.500  17.000  1.6966e-02
11.500  17.250  1.9833e-02
11.500  17.500  2.5933e-02
11.500  17.750  3.4214e-02
11.500  18.000  4.2330e-02
11.500  18.250  4.9199e-02
11.500  18.500  5.4931e-02
11.500  18.750  5.9626e-02
11.500  19.000  6.2850e-02
11.500  19.250  6.4555e-02
11.500  19.500  6.4712e-02
11.500  19.750  6.3469e-02
11.500  20.000  6.0578e-02
11.500  20.250  4.7458e-02
11.500  20.500  2.5905e-02
11.500  20.750  1.4524e-02
11.500  21.000  8.5069e-03
11.500  21.250  5.1782e-03
11.500  21.500  2.8084e-03
11.500  21.750  1.4813e-03
11.500  22.000  7.5971e-04
11.500  22.250  3.9103e-04
11.500  22.500  2.0955e-04
11.500  22.750  1.0708e-04
11.500  23.000  4.8810e-05
11.500  23.250  2.4120e-05
11.500  23.500  1.1530e-05
11.500  23.750  4.5200e-06
11.500  24.000  1.8900e-06
11.750  17.000  1.8001e-02
11.750  17.250  2.0838e-02
11.750  17.500  2.7084e-02
11.750  17.750  3.5664e-02
11.750  18.000  4.4234e-02
11.750  18.250  5.1751e-02
11.750  18.500  5.8119e-02
11.750  18.750  6.3284e-02
11.750  19.000  6.7342e-02
11.750  19.250  6.9727e-02
11.750  19.500  7.0645e-02
11.750  19.750  7.0048e-02
11.750  20.000  6.8340e-02
11.750  20.250  6.5021e-02
11.750  20.500  4.7557e-02
11.750  20.750  2.5704e-02
11.750  21.000  1.4439e-02
11.750  21.250  8.5561e-03
11.750  21.500  5.1231e-03
11.750  21.750  2.7705e-03
11.750  22.000  1.4672e-03
11.750  22.250  7.5935e-04
11.750  22.500  3.9160e-04
11.750  22.750  2.0979e-04
11.750  23.000  1.0717e-04
11.750  23.250  4.8890e-05
11.750  23.500  2.4200e-05
11.750  23.750  1.1530e-05
11.750  24.000  4.5200e-06
12.000  17.000  1.9521e-02
12.000  17.250  2.2032e-02
12.000  17.500  2.7956e-02
12.000  17.750  3.6402e-02
12.000  18.000  4.5343e-02
12.000  18.250  5.3572e-02
12.000  18.500  6.0752e-02
12.000  18.750  6.6714e-02
12.000  19.000  7.1273e-02
12.000  19.250  7.4332e-02
12.000  19.500  7.5806e-02
12.000  19.750  7.5746e-02
12.000  20.000  7.4626e-02
12.000  20.250  7.2361e-02
12.000  20.500  6.8584e-02
12.000  20.750  4.7173e-02
12.000  21.000  2.5581e-02
12.000  21.250  1.4488e-02
12.000  21.500  8.7586e-03
12.000  21.750  5.0519e-03
12.000  22.000  2.7246e-03
12.000  22.250  1.4490e-03
12.000  22.500  7.5746e-04
12.000  22.750  3.9210e-04
12.000  23.000  2.1021e-04
12.000  23.250  1.0741e-04
12.000  23.500  4.8810e-05
12.000  23.750  2.4200e-05
12.000  24.000  1.1530e-05
12.250  17.000  2.1616e-02
12.250  17.250  2.3463e-02
12.250  17.500  2.8582e-02
12.250  17.750  3.6481e-02
12.250  18.000  4.5636e-02
12.250  18.250  5.4657e-02
12.250  18.500  6.2758e-02
12.250  18.750  6.9641e-02
12.250  19.000  7.4786e-02
12.250  19.250  7.8295e-02
12.250  19.500  8.0229e-02
12.250  19.750  8.0798e-02
12.250  20.000  7.9835e-02
12.250  20.250  7.8137e-02
12.250  20.500  7.5549e-02
12.250  20.750  7.1412e-02
12.250  21.000  4.6598e-02
12.250  21.250  2.5487e-02
12.250  21.500  1.4707e-02
12.250  21.750  9.0000e-03
12.250  22.000  4.9695e-03
12.250  22.250  2.6902e-03
12.250  22.500  1.4388e-03
12.250  22.750  7.5362e-04
12.250  23.000  3.9243e-04
12.250  23.250  2.1045e-04
12.250  23.500  1.0749e-04
12.250  23.750  4.8720e-05
12.250  24.000  2.4120e-05
12.500  17.000  2.4135e-02
12.500  17.250  2.5016e-02
12.500  17.500  2.9181e-02
12.500  17.750  3.6212e-02
12.500  18.000  4.5299e-02
12.500  18.250  5.4860e-02
12.500  18.500  6.3941e-02
12.500  18.750  7.1751e-02
12.500  19.000  7.7641e-02
12.500  19.250  8.1613e-02
12.500  19.500  8.3794e-02
12.500  19.750  8.4733e-02
12.500  20.000  8.4366e-02
12.500  20.250  8.2842e-02
12.500  20.500  8.0826e-02
12.500  20.750  7.7904e-02
12.500  21.000  7.3047e-02
12.500  21.250  4.5771e-02
12.500  21.500  2.5652e-02
12.500  21.750  1.4945e-02
12.500  22.000  9.0234e-03
12.500  22.250  4.8917e-03
12.500  22.500  2.6392e-03
12.500  22.750  1.4127e-03
12.500  23.000  7.4751e-04
12.500  23.250  3.9251e-04
12.500  23.500  2.1053e-04
12.500  23.750  1.0757e-04
12.500  24.000  4.8560e-05
12.750  17.000  2.4144e-02
12.750  17.250  2.6208e-02
12.750  17.500  2.9677e-02
12.750  17.750  3.6161e-02
12.750  18.000  4.4786e-02
12.750  18.250  5.4477e-02
12.750  18.500  6.4094e-02
12.750  18.750  7.2809e-02
12.750  19.000  7.9683e-02
12.750  19.250  8.4274e-02
12.750  19.500  8.6777e-02
12.750  19.750  8.7866e-02
12.750  20.000  8.7883e-02
12.750  20.250  8.6886e-02
12.750  20.500  8.5109e-02
12.750  20.750  8.2772e-02
12.750  21.000  8.0006e-02
12.750  21.250  7.4606e-02
12.750  21.500  4.5404e-02
12.750  21.750  2.5645e-02
12.750  22.000  1.5166e-02
12.750  22.250  8.8131e-03
12.750  22.500  4.7840e-03
12.750  22.750  2.5755e-03
12.750  23.000  1.3870e-03
12.750  23.250  7.3946e-04
12.750  23.500  3.9177e-04
12.750  23.750  2.1053e-04
12.750  24.000  1.0765e-04
13.000  17.000  2.1716e-02
13.000  17.250  2.6187e-02
13.000  17.500  3.0588e-02
13.000  17.750  3.6525e-02
13.000  18.000  4.4428e-02
13.000  18.250  5.3845e-02
13.000  18.500  6.3644e-02
13.000  18.750  7.2798e-02
13.000  19.000  8.0367e-02
13.000  19.250  8.5869e-02
13.000  19.500  8.8789e-02
13.000  19.750  9.0271e-02
13.000  20.000  9.0527e-02
13.000  20.250  9.0001e-02
13.000  20.500  8.8809e-02
13.000  20.750  8.6808e-02
13.000  21.000  8.4311e-02
13.000  21.250  8.1347e-02
13.000  21.500  7.5626e-02
13.000  21.750  4.4410e-02
13.000  22.000  2.5397e-02
13.000  22.250  1.5182e-02
13.000  22.500  8.5841e-03
13.000  22.750  4.6670e-03
13.000  23.000  2.5199e-03
13.000  23.250  1.3596e-03
13.000  23.500  7.2871e-04
13.000  23.750  3.9012e-04
13.000  24.000  2.1013e-04
13.250  17.000  2.1201e-02
13.250  17.250  2.5515e-02
13.250  17.500  3.2283e-02
13.250  17.750  3.7706e-02
13.250  18.000  4.4602e-02
13.250  18.250  5.3400e-02
13.250  18.500  6.3023e-02
13.250  18.750  7.2272e-02
13.250  19.000  8.0253e-02
13.250  19.250  8.6208e-02
13.250  19.500  8.9863e-02
13.250  19.750  9.2079e-02
13.250  20.000  9.2705e-02
13.250  20.250  9.2402e-02
13.250  20.500  9.1606e-02
13.250  20.750  9.0101e-02
13.250  21.000  8.8135e-02
13.250  21.250  8.5338e-02
13.250  21.500  8.2073e-02
13.250  21.750  7.2188e-02
13.250  22.000  4.2556e-02
13.250  22.250  2.4869e-02
13.250  22.500  1.4794e-02
13.250  22.750  8.3037e-03
13.250  23.000  4.5256e-03
13.250  23.250  2.4753e-03
13.250  23.500  1.3383e-03
13.250  23.750  7.1626e-04
13.250  24.000  3.8691e-04
13.500  17.000  2.0622e-02
13.500  17.250  2.4837e-02
13.500  17.500  3.1669e-02
13.500  17.750  3.8485e-02
13.500  18.000  4.5409e-02
13.500  18.250  5.3431e-02
13.500  18.500  6.2537e-02
13.500  18.750  7.1638e-02
13.500  19.000  7.9804e-02
13.500  19.250  8.6225e-02
13.500  19.500  9.0583e-02
13.500  19.750  9.3094e-02
13.500  20.000  9.4339e-02
13.500  20.250  9.4724e-02
13.500  20.500  9.4002e-02
13.500  20.750  9.2568e-02
13.500  21.000  9.0283e-02
13.500  21.250  8.8021e-02
13.500  21.500  8.4989e-02
13.500  21.750  7.9714e-02
13.500  22.000  6.6931e-02
13.500  22.250  3.9970e-02
13.500  22.500  2.3563e-02
13.500  22.750  1.4058e-02
13.500  23.000  7.9615e-03
13.500  23.250  4.3481e-03
13.500  23.500  2.3814e-03
13.500  23.750  1.2919e-03
13.500  24.000  7.0138e-04
13.750  17.000  2.0237e-02
13.750  17.250  2.4057e-02
13.750  17.500  3.0994e-02
13.750  17.750  3.8427e-02
13.750  18.000  4.6869e-02
13.750  18.250  5.4051e-02
13.750  18.500  6.2401e-02
13.750  18.750  7.1136e-02
13.750  19.000  7.9374e-02
13.750  19.250  8.6272e-02
13.750  19.500  9.1319e-02
13.750  19.750  9.4456e-02
13.750  20.000  9.6105e-02
13.750  20.250  9.6809e-02
13.750  20.500  9.6605e-02
13.750  20.750  9.5392e-02
13.750  21.000  9.3221e-02
13.750  21.250  9.0097e-02
13.750  21.500  8.7636e-02
13.750  21.750  8.3321e-02
13.750  22.000  7.6199e-02
13.750  22.250  6.0640e-02
13.750  22.500  3.6429e-02
13.750  22.750  2.1981e-02
13.750  23.000  1.3226e-02
13.750  23.250  7.5422e-03
13.750  23.500  4.1547e-03
13.750  23.750  2.2882e-03
13.750  24.000  1.2465e-03
14.000  17.000  1.9828e-02
14.000  17.250  2.3475e-02
14.000  17.500  2.9951e-02
14.000  17.750  3.7970e-02
14.000  18.000  4.7358e-02
14.000  18.250  5.5691e-02
14.000  18.500  6.3077e-02
14.000  18.750  7.1087e-02
14.000  19.000  7.9107e-02
14.000  19.250  8.6305e-02
14.000  19.500  9.2075e-02
14.000  19.750  9.6099e-02
14.000  20.000  9.8314e-02
14.000  20.250  9.9233e-02
14.000  20.500  9.9371e-02
14.000  20.750  9.8525e-02
14.000  21.000  9.6574e-02
14.000  21.250  9.3737e-02
14.000  21.500  9.1032e-02
14.000  21.750  8.6910e-02
14.000  22.000  8.1259e-02
14.000  22.250  7.2003e-02
14.000  22.500  5.3432e-02
14.000  22.750  3.2630e-02
14.000  23.000  2.0101e-02
14.000  23.250  1.2322e-02
14.000  23.500  7.0267e-03
14.000  23.750  3.9184e-03
14.000  24.000  2.1707e-03
