Ne 5 1141.00A  relative to Inci 1215.00A scaled to 1215A.
Hden   Phi(H)  Eq_Width (A)
7.000  17.000  3.1877e-04
7.000  17.250  3.6626e-05
7.000  17.500  3.1276e-06
7.000  17.750  1.0000e-07
7.000  18.000  1.0000e-07
7.000  18.250  1.0000e-07
7.000  18.500  1.0000e-07
7.000  18.750  1.0000e-07
7.000  19.000  1.0000e-07
7.000  19.250  1.0000e-07
7.000  19.500  1.0000e-07
7.000  19.750  1.0000e-07
7.000  20.000  1.0000e-07
7.000  20.250  1.0000e-07
7.000  20.500  1.0000e-07
7.000  20.750  1.0000e-07
7.000  21.000  1.0000e-07
7.000  21.250  1.0000e-07
7.000  21.500  1.0000e-07
7.000  21.750  1.0000e-07
7.000  22.000  1.0000e-07
7.000  22.250  1.0000e-07
7.000  22.500  1.0000e-07
7.000  22.750  1.0000e-07
7.000  23.000  1.0000e-07
7.000  23.250  1.0000e-07
7.000  23.500  1.0000e-07
7.000  23.750  1.0000e-07
7.000  24.000  1.0000e-07
7.250  17.000  1.6656e-03
7.250  17.250  3.0675e-04
7.250  17.500  3.4733e-05
7.250  17.750  2.8807e-06
7.250  18.000  1.0000e-07
7.250  18.250  1.0000e-07
7.250  18.500  1.0000e-07
7.250  18.750  1.0000e-07
7.250  19.000  1.0000e-07
7.250  19.250  1.0000e-07
7.250  19.500  1.0000e-07
7.250  19.750  1.0000e-07
7.250  20.000  1.0000e-07
7.250  20.250  1.0000e-07
7.250  20.500  1.0000e-07
7.250  20.750  1.0000e-07
7.250  21.000  1.0000e-07
7.250  21.250  1.0000e-07
7.250  21.500  1.0000e-07
7.250  21.750  1.0000e-07
7.250  22.000  1.0000e-07
7.250  22.250  1.0000e-07
7.250  22.500  1.0000e-07
7.250  22.750  1.0000e-07
7.250  23.000  1.0000e-07
7.250  23.250  1.0000e-07
7.250  23.500  1.0000e-07
7.250  23.750  1.0000e-07
7.250  24.000  1.0000e-07
7.500  17.000  1.8570e-03
7.500  17.250  1.6379e-03
7.500  17.500  2.9449e-04
7.500  17.750  3.2840e-05
7.500  18.000  2.7160e-06
7.500  18.250  1.0000e-07
7.500  18.500  1.0000e-07
7.500  18.750  1.0000e-07
7.500  19.000  1.0000e-07
7.500  19.250  1.0000e-07
7.500  19.500  1.0000e-07
7.500  19.750  1.0000e-07
7.500  20.000  1.0000e-07
7.500  20.250  1.0000e-07
7.500  20.500  1.0000e-07
7.500  20.750  1.0000e-07
7.500  21.000  1.0000e-07
7.500  21.250  1.0000e-07
7.500  21.500  1.0000e-07
7.500  21.750  1.0000e-07
7.500  22.000  1.0000e-07
7.500  22.250  1.0000e-07
7.500  22.500  1.0000e-07
7.500  22.750  1.0000e-07
7.500  23.000  1.0000e-07
7.500  23.250  1.0000e-07
7.500  23.500  1.0000e-07
7.500  23.750  1.0000e-07
7.500  24.000  1.0000e-07
7.750  17.000  1.6943e-03
7.750  17.250  1.8505e-03
7.750  17.500  1.6041e-03
7.750  17.750  2.8214e-04
7.750  18.000  3.0947e-05
7.750  18.250  2.4691e-06
7.750  18.500  1.0000e-07
7.750  18.750  1.0000e-07
7.750  19.000  1.0000e-07
7.750  19.250  1.0000e-07
7.750  19.500  1.0000e-07
7.750  19.750  1.0000e-07
7.750  20.000  1.0000e-07
7.750  20.250  1.0000e-07
7.750  20.500  1.0000e-07
7.750  20.750  1.0000e-07
7.750  21.000  1.0000e-07
7.750  21.250  1.0000e-07
7.750  21.500  1.0000e-07
7.750  21.750  1.0000e-07
7.750  22.000  1.0000e-07
7.750  22.250  1.0000e-07
7.750  22.500  1.0000e-07
7.750  22.750  1.0000e-07
7.750  23.000  1.0000e-07
7.750  23.250  1.0000e-07
7.750  23.500  1.0000e-07
7.750  23.750  1.0000e-07
7.750  24.000  1.0000e-07
8.000  17.000  1.3174e-03
8.000  17.250  1.6863e-03
8.000  17.500  1.8196e-03
8.000  17.750  1.5708e-03
8.000  18.000  2.7004e-04
8.000  18.250  2.9136e-05
8.000  18.500  2.3045e-06
8.000  18.750  1.0000e-07
8.000  19.000  1.0000e-07
8.000  19.250  1.0000e-07
8.000  19.500  1.0000e-07
8.000  19.750  1.0000e-07
8.000  20.000  1.0000e-07
8.000  20.250  1.0000e-07
8.000  20.500  1.0000e-07
8.000  20.750  1.0000e-07
8.000  21.000  1.0000e-07
8.000  21.250  1.0000e-07
8.000  21.500  1.0000e-07
8.000  21.750  1.0000e-07
8.000  22.000  1.0000e-07
8.000  22.250  1.0000e-07
8.000  22.500  1.0000e-07
8.000  22.750  1.0000e-07
8.000  23.000  1.0000e-07
8.000  23.250  1.0000e-07
8.000  23.500  1.0000e-07
8.000  23.750  1.0000e-07
8.000  24.000  1.0000e-07
8.250  17.000  8.8181e-04
8.250  17.250  1.3268e-03
8.250  17.500  1.6796e-03
8.250  17.750  1.7941e-03
8.250  18.000  1.5285e-03
8.250  18.250  2.5811e-04
8.250  18.500  2.7407e-05
8.250  18.750  2.1399e-06
8.250  19.000  1.0000e-07
8.250  19.250  1.0000e-07
8.250  19.500  1.0000e-07
8.250  19.750  1.0000e-07
8.250  20.000  1.0000e-07
8.250  20.250  1.0000e-07
8.250  20.500  1.0000e-07
8.250  20.750  1.0000e-07
8.250  21.000  1.0000e-07
8.250  21.250  1.0000e-07
8.250  21.500  1.0000e-07
8.250  21.750  1.0000e-07
8.250  22.000  1.0000e-07
8.250  22.250  1.0000e-07
8.250  22.500  1.0000e-07
8.250  22.750  1.0000e-07
8.250  23.000  1.0000e-07
8.250  23.250  1.0000e-07
8.250  23.500  1.0000e-07
8.250  23.750  1.0000e-07
8.250  24.000  1.0000e-07
8.500  17.000  4.9786e-04
8.500  17.250  8.9012e-04
8.500  17.500  1.3266e-03
8.500  17.750  1.6636e-03
8.500  18.000  1.7618e-03
8.500  18.250  1.4836e-03
8.500  18.500  2.4675e-04
8.500  18.750  2.5761e-05
8.500  19.000  1.8930e-06
8.500  19.250  1.0000e-07
8.500  19.500  1.0000e-07
8.500  19.750  1.0000e-07
8.500  20.000  1.0000e-07
8.500  20.250  1.0000e-07
8.500  20.500  1.0000e-07
8.500  20.750  1.0000e-07
8.500  21.000  1.0000e-07
8.500  21.250  1.0000e-07
8.500  21.500  1.0000e-07
8.500  21.750  1.0000e-07
8.500  22.000  1.0000e-07
8.500  22.250  1.0000e-07
8.500  22.500  1.0000e-07
8.500  22.750  1.0000e-07
8.500  23.000  1.0000e-07
8.500  23.250  1.0000e-07
8.500  23.500  1.0000e-07
8.500  23.750  1.0000e-07
8.500  24.000  1.0000e-07
8.750  17.000  2.2938e-04
8.750  17.250  5.0461e-04
8.750  17.500  8.9440e-04
8.750  17.750  1.3193e-03
8.750  18.000  1.6406e-03
8.750  18.250  1.7245e-03
8.750  18.500  1.4388e-03
8.750  18.750  2.3597e-04
8.750  19.000  2.4198e-05
8.750  19.250  1.7284e-06
8.750  19.500  1.0000e-07
8.750  19.750  1.0000e-07
8.750  20.000  1.0000e-07
8.750  20.250  1.0000e-07
8.750  20.500  1.0000e-07
8.750  20.750  1.0000e-07
8.750  21.000  1.0000e-07
8.750  21.250  1.0000e-07
8.750  21.500  1.0000e-07
8.750  21.750  1.0000e-07
8.750  22.000  1.0000e-07
8.750  22.250  1.0000e-07
8.750  22.500  1.0000e-07
8.750  22.750  1.0000e-07
8.750  23.000  1.0000e-07
8.750  23.250  1.0000e-07
8.750  23.500  1.0000e-07
8.750  23.750  1.0000e-07
8.750  24.000  1.0000e-07
9.000  17.000  7.9671e-05
9.000  17.250  2.3473e-04
9.000  17.500  5.1070e-04
9.000  17.750  8.9440e-04
9.000  18.000  1.3067e-03
9.000  18.250  1.6123e-03
9.000  18.500  1.6846e-03
9.000  18.750  1.3958e-03
9.000  19.000  2.2593e-04
9.000  19.250  2.2716e-05
9.000  19.500  1.6461e-06
9.000  19.750  1.0000e-07
9.000  20.000  1.0000e-07
9.000  20.250  1.0000e-07
9.000  20.500  1.0000e-07
9.000  20.750  1.0000e-07
9.000  21.000  1.0000e-07
9.000  21.250  1.0000e-07
9.000  21.500  1.0000e-07
9.000  21.750  1.0000e-07
9.000  22.000  1.0000e-07
9.000  22.250  1.0000e-07
9.000  22.500  1.0000e-07
9.000  22.750  1.0000e-07
9.000  23.000  1.0000e-07
9.000  23.250  1.0000e-07
9.000  23.500  1.0000e-07
9.000  23.750  1.0000e-07
9.000  24.000  1.0000e-07
9.250  17.000  1.9095e-05
9.250  17.250  8.2634e-05
9.250  17.500  2.4107e-04
9.250  17.750  5.1695e-04
9.250  18.000  8.9292e-04
9.250  18.250  1.2908e-03
9.250  18.500  1.5804e-03
9.250  18.750  1.6422e-03
9.250  19.000  1.3563e-03
9.250  19.250  2.1663e-04
9.250  19.500  2.1399e-05
9.250  19.750  1.4815e-06
9.250  20.000  1.0000e-07
9.250  20.250  1.0000e-07
9.250  20.500  1.0000e-07
9.250  20.750  1.0000e-07
9.250  21.000  1.0000e-07
9.250  21.250  1.0000e-07
9.250  21.500  1.0000e-07
9.250  21.750  1.0000e-07
9.250  22.000  1.0000e-07
9.250  22.250  1.0000e-07
9.250  22.500  1.0000e-07
9.250  22.750  1.0000e-07
9.250  23.000  1.0000e-07
9.250  23.250  1.0000e-07
9.250  23.500  1.0000e-07
9.250  23.750  1.0000e-07
9.250  24.000  1.0000e-07
9.500  17.000  2.9630e-06
9.500  17.250  2.0082e-05
9.500  17.500  8.6667e-05
9.500  17.750  2.4872e-04
9.500  18.000  5.2387e-04
9.500  18.250  8.9070e-04
9.500  18.500  1.2732e-03
9.500  18.750  1.5483e-03
9.500  19.000  1.5984e-03
9.500  19.250  1.3210e-03
9.500  19.500  2.0823e-04
9.500  19.750  2.0082e-05
9.500  20.000  1.3169e-06
9.500  20.250  1.0000e-07
9.500  20.500  1.0000e-07
9.500  20.750  1.0000e-07
9.500  21.000  1.0000e-07
9.500  21.250  1.0000e-07
9.500  21.500  1.0000e-07
9.500  21.750  1.0000e-07
9.500  22.000  1.0000e-07
9.500  22.250  1.0000e-07
9.500  22.500  1.0000e-07
9.500  22.750  1.0000e-07
9.500  23.000  1.0000e-07
9.500  23.250  1.0000e-07
9.500  23.500  1.0000e-07
9.500  23.750  1.0000e-07
9.500  24.000  1.0000e-07
9.750  17.000  1.0000e-07
9.750  17.250  3.1276e-06
9.750  17.500  2.1399e-05
9.750  17.750  9.1358e-05
9.750  18.000  2.5704e-04
9.750  18.250  5.3078e-04
9.750  18.500  8.8930e-04
9.750  18.750  1.2568e-03
9.750  19.000  1.5150e-03
9.750  19.250  1.5533e-03
9.750  19.500  1.2888e-03
9.750  19.750  2.0049e-04
9.750  20.000  1.8930e-05
9.750  20.250  1.2346e-06
9.750  20.500  1.0000e-07
9.750  20.750  1.0000e-07
9.750  21.000  1.0000e-07
9.750  21.250  1.0000e-07
9.750  21.500  1.0000e-07
9.750  21.750  1.0000e-07
9.750  22.000  1.0000e-07
9.750  22.250  1.0000e-07
9.750  22.500  1.0000e-07
9.750  22.750  1.0000e-07
9.750  23.000  1.0000e-07
9.750  23.250  1.0000e-07
9.750  23.500  1.0000e-07
9.750  23.750  1.0000e-07
9.750  24.000  1.0000e-07
10.000  17.000  1.0000e-07
10.000  17.250  1.0000e-07
10.000  17.500  3.3745e-06
10.000  17.750  2.2963e-05
10.000  18.000  9.6049e-05
10.000  18.250  2.6428e-04
10.000  18.500  5.3638e-04
10.000  18.750  8.8683e-04
10.000  19.000  1.2412e-03
10.000  19.250  1.4807e-03
10.000  19.500  1.5054e-03
10.000  19.750  1.2564e-03
10.000  20.000  1.9350e-04
10.000  20.250  1.7860e-05
10.000  20.500  1.0700e-06
10.000  20.750  1.0000e-07
10.000  21.000  1.0000e-07
10.000  21.250  1.0000e-07
10.000  21.500  1.0000e-07
10.000  21.750  1.0000e-07
10.000  22.000  1.0000e-07
10.000  22.250  1.0000e-07
10.000  22.500  1.0000e-07
10.000  22.750  1.0000e-07
10.000  23.000  1.0000e-07
10.000  23.250  1.0000e-07
10.000  23.500  1.0000e-07
10.000  23.750  1.0000e-07
10.000  24.000  1.0000e-07
10.250  17.000  1.0000e-07
10.250  17.250  1.0000e-07
10.250  17.500  1.0000e-07
10.250  17.750  3.6214e-06
10.250  18.000  2.4280e-05
10.250  18.250  9.9342e-05
10.250  18.500  2.6856e-04
10.250  18.750  5.3909e-04
10.250  19.000  8.8510e-04
10.250  19.250  1.2318e-03
10.250  19.500  1.4505e-03
10.250  19.750  1.4620e-03
10.250  20.000  1.2290e-03
10.250  20.250  1.8675e-04
10.250  20.500  1.6872e-05
10.250  20.750  9.8765e-07
10.250  21.000  1.0000e-07
10.250  21.250  1.0000e-07
10.250  21.500  1.0000e-07
10.250  21.750  1.0000e-07
10.250  22.000  1.0000e-07
10.250  22.250  1.0000e-07
10.250  22.500  1.0000e-07
10.250  22.750  1.0000e-07
10.250  23.000  1.0000e-07
10.250  23.250  1.0000e-07
10.250  23.500  1.0000e-07
10.250  23.750  1.0000e-07
10.250  24.000  1.0000e-07
10.500  17.000  1.0000e-07
10.500  17.250  1.0000e-07
10.500  17.500  1.0000e-07
10.500  17.750  1.0000e-07
10.500  18.000  3.7860e-06
10.500  18.250  2.5103e-05
10.500  18.500  1.0074e-04
10.500  18.750  2.6872e-04
10.500  19.000  5.3844e-04
10.500  19.250  8.8502e-04
10.500  19.500  1.2258e-03
10.500  19.750  1.4346e-03
10.500  20.000  1.4381e-03
10.500  20.250  1.1973e-03
10.500  20.500  1.7951e-04
10.500  20.750  1.5802e-05
10.500  21.000  9.0535e-07
10.500  21.250  1.0000e-07
10.500  21.500  1.0000e-07
10.500  21.750  1.0000e-07
10.500  22.000  1.0000e-07
10.500  22.250  1.0000e-07
10.500  22.500  1.0000e-07
10.500  22.750  1.0000e-07
10.500  23.000  1.0000e-07
10.500  23.250  1.0000e-07
10.500  23.500  1.0000e-07
10.500  23.750  1.0000e-07
10.500  24.000  1.0000e-07
10.750  17.000  1.0000e-07
10.750  17.250  1.0000e-07
10.750  17.500  1.0000e-07
10.750  17.750  1.0000e-07
10.750  18.000  1.0000e-07
10.750  18.250  3.9506e-06
10.750  18.500  2.5432e-05
10.750  18.750  9.9753e-05
10.750  19.000  2.6420e-04
10.750  19.250  5.3325e-04
10.750  19.500  8.8305e-04
10.750  19.750  1.2260e-03
10.750  20.000  1.4379e-03
10.750  20.250  1.4370e-03
10.750  20.500  1.1734e-03
10.750  20.750  1.7029e-04
10.750  21.000  1.4733e-05
10.750  21.250  1.0000e-07
10.750  21.500  1.0000e-07
10.750  21.750  1.0000e-07
10.750  22.000  1.0000e-07
10.750  22.250  1.0000e-07
10.750  22.500  1.0000e-07
10.750  22.750  1.0000e-07
10.750  23.000  1.0000e-07
10.750  23.250  1.0000e-07
10.750  23.500  1.0000e-07
10.750  23.750  1.0000e-07
10.750  24.000  1.0000e-07
11.000  17.000  1.0000e-07
11.000  17.250  1.0000e-07
11.000  17.500  1.0000e-07
11.000  17.750  1.0000e-07
11.000  18.000  1.0000e-07
11.000  18.250  1.0000e-07
11.000  18.500  4.0329e-06
11.000  18.750  2.5021e-05
11.000  19.000  9.5391e-05
11.000  19.250  2.5251e-04
11.000  19.500  5.2132e-04
11.000  19.750  8.8313e-04
11.000  20.000  1.2352e-03
11.000  20.250  1.4542e-03
11.000  20.500  1.4502e-03
11.000  20.750  1.1348e-03
11.000  21.000  1.5844e-04
11.000  21.250  1.3416e-05
11.000  21.500  1.0000e-07
11.000  21.750  1.0000e-07
11.000  22.000  1.0000e-07
11.000  22.250  1.0000e-07
11.000  22.500  1.0000e-07
11.000  22.750  1.0000e-07
11.000  23.000  1.0000e-07
11.000  23.250  1.0000e-07
11.000  23.500  1.0000e-07
11.000  23.750  1.0000e-07
11.000  24.000  1.0000e-07
11.250  17.000  1.0000e-07
11.250  17.250  1.0000e-07
11.250  17.500  1.0000e-07
11.250  17.750  1.0000e-07
11.250  18.000  1.0000e-07
11.250  18.250  1.0000e-07
11.250  18.500  1.0000e-07
11.250  18.750  3.9506e-06
11.250  19.000  2.3374e-05
11.250  19.250  8.6667e-05
11.250  19.500  2.3300e-04
11.250  19.750  5.0041e-04
11.250  20.000  8.6947e-04
11.250  20.250  1.2281e-03
11.250  20.500  1.4514e-03
11.250  20.750  1.4547e-03
11.250  21.000  1.1030e-03
11.250  21.250  1.4148e-04
11.250  21.500  1.1687e-05
11.250  21.750  1.0000e-07
11.250  22.000  1.0000e-07
11.250  22.250  1.0000e-07
11.250  22.500  1.0000e-07
11.250  22.750  1.0000e-07
11.250  23.000  1.0000e-07
11.250  23.250  1.0000e-07
11.250  23.500  1.0000e-07
11.250  23.750  1.0000e-07
11.250  24.000  1.0000e-07
11.500  17.000  1.0000e-07
11.500  17.250  1.0000e-07
11.500  17.500  1.0000e-07
11.500  17.750  1.0000e-07
11.500  18.000  1.0000e-07
11.500  18.250  1.0000e-07
11.500  18.500  1.0000e-07
11.500  18.750  1.0000e-07
11.500  19.000  3.5391e-06
11.500  19.250  2.0247e-05
11.500  19.500  7.4403e-05
11.500  19.750  2.0749e-04
11.500  20.000  4.6609e-04
11.500  20.250  8.2272e-04
11.500  20.500  1.1786e-03
11.500  20.750  1.4034e-03
11.500  21.000  1.4258e-03
11.500  21.250  9.6782e-04
11.500  21.500  1.1942e-04
11.500  21.750  9.6296e-06
11.500  22.000  1.0000e-07
11.500  22.250  1.0000e-07
11.500  22.500  1.0000e-07
11.500  22.750  1.0000e-07
11.500  23.000  1.0000e-07
11.500  23.250  1.0000e-07
11.500  23.500  1.0000e-07
11.500  23.750  1.0000e-07
11.500  24.000  1.0000e-07
11.750  17.000  1.0000e-07
11.750  17.250  1.0000e-07
11.750  17.500  1.0000e-07
11.750  17.750  1.0000e-07
11.750  18.000  1.0000e-07
11.750  18.250  1.0000e-07
11.750  18.500  1.0000e-07
11.750  18.750  1.0000e-07
11.750  19.000  1.0000e-07
11.750  19.250  2.9630e-06
11.750  19.500  1.6296e-05
11.750  19.750  6.0988e-05
11.750  20.000  1.7860e-04
11.750  20.250  4.1770e-04
11.750  20.500  7.4486e-04
11.750  20.750  1.0725e-03
11.750  21.000  1.3017e-03
11.750  21.250  1.3635e-03
11.750  21.500  7.5053e-04
11.750  21.750  9.3498e-05
11.750  22.000  7.4074e-06
11.750  22.250  1.0000e-07
11.750  22.500  1.0000e-07
11.750  22.750  1.0000e-07
11.750  23.000  1.0000e-07
11.750  23.250  1.0000e-07
11.750  23.500  1.0000e-07
11.750  23.750  1.0000e-07
11.750  24.000  1.0000e-07
12.000  17.000  1.0000e-07
12.000  17.250  1.0000e-07
12.000  17.500  1.0000e-07
12.000  17.750  1.0000e-07
12.000  18.000  1.0000e-07
12.000  18.250  1.0000e-07
12.000  18.500  1.0000e-07
12.000  18.750  1.0000e-07
12.000  19.000  1.0000e-07
12.000  19.250  1.0000e-07
12.000  19.500  2.2222e-06
12.000  19.750  1.2428e-05
12.000  20.000  4.8642e-05
12.000  20.250  1.4979e-04
12.000  20.500  3.5671e-04
12.000  20.750  6.3432e-04
12.000  21.000  9.2749e-04
12.000  21.250  1.1768e-03
12.000  21.500  1.2971e-03
12.000  21.750  5.4165e-04
12.000  22.000  6.8066e-05
12.000  22.250  5.2675e-06
12.000  22.500  1.0000e-07
12.000  22.750  1.0000e-07
12.000  23.000  1.0000e-07
12.000  23.250  1.0000e-07
12.000  23.500  1.0000e-07
12.000  23.750  1.0000e-07
12.000  24.000  1.0000e-07
12.250  17.000  1.0000e-07
12.250  17.250  1.0000e-07
12.250  17.500  1.0000e-07
12.250  17.750  1.0000e-07
12.250  18.000  1.0000e-07
12.250  18.250  1.0000e-07
12.250  18.500  1.0000e-07
12.250  18.750  1.0000e-07
12.250  19.000  1.0000e-07
12.250  19.250  1.0000e-07
12.250  19.500  1.0000e-07
12.250  19.750  1.6461e-06
12.250  20.000  9.3827e-06
12.250  20.250  3.8601e-05
12.250  20.500  1.2313e-04
12.250  20.750  2.9086e-04
12.250  21.000  5.1506e-04
12.250  21.250  7.7934e-04
12.250  21.500  1.0426e-03
12.250  21.750  1.2044e-03
12.250  22.000  3.7539e-04
12.250  22.250  4.5185e-05
12.250  22.500  3.5391e-06
12.250  22.750  1.0000e-07
12.250  23.000  1.0000e-07
12.250  23.250  1.0000e-07
12.250  23.500  1.0000e-07
12.250  23.750  1.0000e-07
12.250  24.000  1.0000e-07
12.500  17.000  1.0000e-07
12.500  17.250  1.0000e-07
12.500  17.500  1.0000e-07
12.500  17.750  1.0000e-07
12.500  18.000  1.0000e-07
12.500  18.250  1.0000e-07
12.500  18.500  1.0000e-07
12.500  18.750  1.0000e-07
12.500  19.000  1.0000e-07
12.500  19.250  1.0000e-07
12.500  19.500  1.0000e-07
12.500  19.750  1.0000e-07
12.500  20.000  1.2346e-06
12.500  20.250  7.0782e-06
12.500  20.500  3.0782e-05
12.500  20.750  9.8601e-05
12.500  21.000  2.2535e-04
12.500  21.250  4.0683e-04
12.500  21.500  6.4379e-04
12.500  21.750  8.9778e-04
12.500  22.000  9.6765e-04
12.500  22.250  2.4107e-04
12.500  22.500  2.9218e-05
12.500  22.750  2.2222e-06
12.500  23.000  1.0000e-07
12.500  23.250  1.0000e-07
12.500  23.500  1.0000e-07
12.500  23.750  1.0000e-07
12.500  24.000  1.0000e-07
12.750  17.000  1.0000e-07
12.750  17.250  1.0000e-07
12.750  17.500  1.0000e-07
12.750  17.750  1.0000e-07
12.750  18.000  1.0000e-07
12.750  18.250  1.0000e-07
12.750  18.500  1.0000e-07
12.750  18.750  1.0000e-07
12.750  19.000  1.0000e-07
12.750  19.250  1.0000e-07
12.750  19.500  1.0000e-07
12.750  19.750  1.0000e-07
12.750  20.000  1.0000e-07
12.750  20.250  9.0535e-07
12.750  20.500  5.3498e-06
12.750  20.750  2.3951e-05
12.750  21.000  7.4074e-05
12.750  21.250  1.6864e-04
12.750  21.500  3.1580e-04
12.750  21.750  5.2049e-04
12.750  22.000  7.4016e-04
12.750  22.250  7.0436e-04
12.750  22.500  1.5811e-04
12.750  22.750  1.8354e-05
12.750  23.000  1.3169e-06
12.750  23.250  1.0000e-07
12.750  23.500  1.0000e-07
12.750  23.750  1.0000e-07
12.750  24.000  1.0000e-07
13.000  17.000  1.0000e-07
13.000  17.250  1.0000e-07
13.000  17.500  1.0000e-07
13.000  17.750  1.0000e-07
13.000  18.000  1.0000e-07
13.000  18.250  1.0000e-07
13.000  18.500  1.0000e-07
13.000  18.750  1.0000e-07
13.000  19.000  1.0000e-07
13.000  19.250  1.0000e-07
13.000  19.500  1.0000e-07
13.000  19.750  1.0000e-07
13.000  20.000  1.0000e-07
13.000  20.250  1.0000e-07
13.000  20.500  1.0000e-07
13.000  20.750  3.8683e-06
13.000  21.000  1.7119e-05
13.000  21.250  5.2428e-05
13.000  21.500  1.2222e-04
13.000  21.750  2.3959e-04
13.000  22.000  4.0543e-04
13.000  22.250  5.7786e-04
13.000  22.500  4.8576e-04
13.000  22.750  9.9588e-05
13.000  23.000  1.1029e-05
13.000  23.250  1.0000e-07
13.000  23.500  1.0000e-07
13.000  23.750  1.0000e-07
13.000  24.000  1.0000e-07
13.250  17.000  1.0000e-07
13.250  17.250  1.0000e-07
13.250  17.500  1.0000e-07
13.250  17.750  1.0000e-07
13.250  18.000  1.0000e-07
13.250  18.250  1.0000e-07
13.250  18.500  1.0000e-07
13.250  18.750  1.0000e-07
13.250  19.000  1.0000e-07
13.250  19.250  1.0000e-07
13.250  19.500  1.0000e-07
13.250  19.750  1.0000e-07
13.250  20.000  1.0000e-07
13.250  20.250  1.0000e-07
13.250  20.500  1.0000e-07
13.250  20.750  1.0000e-07
13.250  21.000  2.5514e-06
13.250  21.250  1.1111e-05
13.250  21.500  3.5638e-05
13.250  21.750  8.7160e-05
13.250  22.000  1.7745e-04
13.250  22.250  3.0230e-04
13.250  22.500  4.2765e-04
13.250  22.750  3.3029e-04
13.250  23.000  6.2551e-05
13.250  23.250  6.4198e-06
13.250  23.500  1.0000e-07
13.250  23.750  1.0000e-07
13.250  24.000  1.0000e-07
13.500  17.000  1.0000e-07
13.500  17.250  1.0000e-07
13.500  17.500  1.0000e-07
13.500  17.750  1.0000e-07
13.500  18.000  1.0000e-07
13.500  18.250  1.0000e-07
13.500  18.500  1.0000e-07
13.500  18.750  1.0000e-07
13.500  19.000  1.0000e-07
13.500  19.250  1.0000e-07
13.500  19.500  1.0000e-07
13.500  19.750  1.0000e-07
13.500  20.000  1.0000e-07
13.500  20.250  1.0000e-07
13.500  20.500  1.0000e-07
13.500  20.750  1.0000e-07
13.500  21.000  1.0000e-07
13.500  21.250  1.5638e-06
13.500  21.500  7.3251e-06
13.500  21.750  2.4856e-05
13.500  22.000  6.2305e-05
13.500  22.250  1.2617e-04
13.500  22.500  2.1621e-04
13.500  22.750  3.0502e-04
13.500  23.000  2.2395e-04
13.500  23.250  3.9753e-05
13.500  23.500  3.7860e-06
13.500  23.750  1.0000e-07
13.500  24.000  1.0000e-07
13.750  17.000  1.0000e-07
13.750  17.250  1.0000e-07
13.750  17.500  1.0000e-07
13.750  17.750  1.0000e-07
13.750  18.000  1.0000e-07
13.750  18.250  1.0000e-07
13.750  18.500  1.0000e-07
13.750  18.750  1.0000e-07
13.750  19.000  1.0000e-07
13.750  19.250  1.0000e-07
13.750  19.500  1.0000e-07
13.750  19.750  1.0000e-07
13.750  20.000  1.0000e-07
13.750  20.250  1.0000e-07
13.750  20.500  1.0000e-07
13.750  20.750  1.0000e-07
13.750  21.000  1.0000e-07
13.750  21.250  1.0000e-07
13.750  21.500  1.0700e-06
13.750  21.750  5.3498e-06
13.750  22.000  1.7860e-05
13.750  22.250  4.3128e-05
13.750  22.500  8.8066e-05
13.750  22.750  1.5062e-04
13.750  23.000  2.1342e-04
13.750  23.250  1.5029e-04
13.750  23.500  2.4280e-05
13.750  23.750  2.2222e-06
13.750  24.000  1.0000e-07
14.000  17.000  1.0000e-07
14.000  17.250  1.0000e-07
14.000  17.500  1.0000e-07
14.000  17.750  1.0000e-07
14.000  18.000  1.0000e-07
14.000  18.250  1.0000e-07
14.000  18.500  1.0000e-07
14.000  18.750  1.0000e-07
14.000  19.000  1.0000e-07
14.000  19.250  1.0000e-07
14.000  19.500  1.0000e-07
14.000  19.750  1.0000e-07
14.000  20.000  1.0000e-07
14.000  20.250  1.0000e-07
14.000  20.500  1.0000e-07
14.000  20.750  1.0000e-07
14.000  21.000  1.0000e-07
14.000  21.250  1.0000e-07
14.000  21.500  1.0000e-07
14.000  21.750  8.2305e-07
14.000  22.000  3.9506e-06
14.000  22.250  1.2181e-05
14.000  22.500  2.9383e-05
14.000  22.750  6.0658e-05
14.000  23.000  1.0494e-04
14.000  23.250  1.5062e-04
14.000  23.500  9.9588e-05
14.000  23.750  1.4650e-05
14.000  24.000  1.2346e-06
