InwT 7000.00A  relative to Inci 1215.00A scaled to 1215A.
Hden   Phi(H)  Eq_Width (A)
7.000  17.000  8.7241e-03
7.000  17.250  5.7771e-03
7.000  17.500  4.2777e-03
7.000  17.750  3.5476e-03
7.000  18.000  3.2002e-03
7.000  18.250  3.0110e-03
7.000  18.500  2.9063e-03
7.000  18.750  2.8613e-03
7.000  19.000  2.8384e-03
7.000  19.250  2.8260e-03
7.000  19.500  2.8211e-03
7.000  19.750  2.8191e-03
7.000  20.000  2.8183e-03
7.000  20.250  2.8179e-03
7.000  20.500  2.8178e-03
7.000  20.750  2.8176e-03
7.000  21.000  2.8176e-03
7.000  21.250  2.8175e-03
7.000  21.500  2.8176e-03
7.000  21.750  2.8175e-03
7.000  22.000  2.8175e-03
7.000  22.250  2.8175e-03
7.000  22.500  2.8175e-03
7.000  22.750  2.8176e-03
7.000  23.000  2.8176e-03
7.000  23.250  2.8175e-03
7.000  23.500  2.8175e-03
7.000  23.750  2.8175e-03
7.000  24.000  2.8175e-03
7.250  17.000  1.4323e-02
7.250  17.250  8.7158e-03
7.250  17.500  5.7729e-03
7.250  17.750  4.2753e-03
7.250  18.000  3.5469e-03
7.250  18.250  3.1999e-03
7.250  18.500  3.0109e-03
7.250  18.750  2.9063e-03
7.250  19.000  2.8613e-03
7.250  19.250  2.8384e-03
7.250  19.500  2.8260e-03
7.250  19.750  2.8211e-03
7.250  20.000  2.8191e-03
7.250  20.250  2.8183e-03
7.250  20.500  2.8179e-03
7.250  20.750  2.8178e-03
7.250  21.000  2.8176e-03
7.250  21.250  2.8176e-03
7.250  21.500  2.8175e-03
7.250  21.750  2.8181e-03
7.250  22.000  2.8175e-03
7.250  22.250  2.8175e-03
7.250  22.500  2.8175e-03
7.250  22.750  2.8178e-03
7.250  23.000  2.8178e-03
7.250  23.250  2.8175e-03
7.250  23.500  2.8175e-03
7.250  23.750  2.8175e-03
7.250  24.000  2.8175e-03
7.500  17.000  2.3528e-02
7.500  17.250  1.4305e-02
7.500  17.500  8.7099e-03
7.500  17.750  5.7693e-03
7.500  18.000  4.2726e-03
7.500  18.250  3.5461e-03
7.500  18.500  3.1998e-03
7.500  18.750  3.0109e-03
7.500  19.000  2.9062e-03
7.500  19.250  2.8613e-03
7.500  19.500  2.8384e-03
7.500  19.750  2.8260e-03
7.500  20.000  2.8211e-03
7.500  20.250  2.8191e-03
7.500  20.500  2.8183e-03
7.500  20.750  2.8179e-03
7.500  21.000  2.8177e-03
7.500  21.250  2.8176e-03
7.500  21.500  2.8176e-03
7.500  21.750  2.8175e-03
7.500  22.000  2.8175e-03
7.500  22.250  2.8175e-03
7.500  22.500  2.8175e-03
7.500  22.750  2.8175e-03
7.500  23.000  2.8177e-03
7.500  23.250  2.8178e-03
7.500  23.500  2.8175e-03
7.500  23.750  2.8179e-03
7.500  24.000  2.8175e-03
7.750  17.000  3.6911e-02
7.750  17.250  2.3464e-02
7.750  17.500  1.4293e-02
7.750  17.750  8.7061e-03
7.750  18.000  5.7663e-03
7.750  18.250  4.2697e-03
7.750  18.500  3.5452e-03
7.750  18.750  3.1995e-03
7.750  19.000  3.0109e-03
7.750  19.250  2.9062e-03
7.750  19.500  2.8613e-03
7.750  19.750  2.8384e-03
7.750  20.000  2.8260e-03
7.750  20.250  2.8211e-03
7.750  20.500  2.8191e-03
7.750  20.750  2.8183e-03
7.750  21.000  2.8179e-03
7.750  21.250  2.8177e-03
7.750  21.500  2.8176e-03
7.750  21.750  2.8175e-03
7.750  22.000  2.8175e-03
7.750  22.250  2.8175e-03
7.750  22.500  2.8175e-03
7.750  22.750  2.8176e-03
7.750  23.000  2.8176e-03
7.750  23.250  2.8175e-03
7.750  23.500  2.8178e-03
7.750  23.750  2.8178e-03
7.750  24.000  2.8175e-03
8.000  17.000  4.0469e-02
8.000  17.250  3.6496e-02
8.000  17.500  2.3401e-02
8.000  17.750  1.4277e-02
8.000  18.000  8.7042e-03
8.000  18.250  5.7636e-03
8.000  18.500  4.2665e-03
8.000  18.750  3.5440e-03
8.000  19.000  3.1992e-03
8.000  19.250  3.0109e-03
8.000  19.500  2.9062e-03
8.000  19.750  2.8613e-03
8.000  20.000  2.8384e-03
8.000  20.250  2.8260e-03
8.000  20.500  2.8211e-03
8.000  20.750  2.8191e-03
8.000  21.000  2.8183e-03
8.000  21.250  2.8179e-03
8.000  21.500  2.8177e-03
8.000  21.750  2.8176e-03
8.000  22.000  2.8175e-03
8.000  22.250  2.8175e-03
8.000  22.500  2.8175e-03
8.000  22.750  2.8176e-03
8.000  23.000  2.8175e-03
8.000  23.250  2.8177e-03
8.000  23.500  2.8175e-03
8.000  23.750  2.8175e-03
8.000  24.000  2.8175e-03
8.250  17.000  4.3391e-02
8.250  17.250  4.0568e-02
8.250  17.500  3.6466e-02
8.250  17.750  2.3368e-02
8.250  18.000  1.4276e-02
8.250  18.250  8.7040e-03
8.250  18.500  5.7612e-03
8.250  18.750  4.2630e-03
8.250  19.000  3.5427e-03
8.250  19.250  3.1988e-03
8.250  19.500  3.0108e-03
8.250  19.750  2.9062e-03
8.250  20.000  2.8613e-03
8.250  20.250  2.8384e-03
8.250  20.500  2.8260e-03
8.250  20.750  2.8211e-03
8.250  21.000  2.8191e-03
8.250  21.250  2.8183e-03
8.250  21.500  2.8179e-03
8.250  21.750  2.8177e-03
8.250  22.000  2.8176e-03
8.250  22.250  2.8175e-03
8.250  22.500  2.8175e-03
8.250  22.750  2.8176e-03
8.250  23.000  2.8175e-03
8.250  23.250  2.8183e-03
8.250  23.500  2.8175e-03
8.250  23.750  2.8175e-03
8.250  24.000  2.8177e-03
8.500  17.000  4.5822e-02
8.500  17.250  4.3669e-02
8.500  17.500  4.0717e-02
8.500  17.750  3.6479e-02
8.500  18.000  2.3349e-02
8.500  18.250  1.4280e-02
8.500  18.500  8.7050e-03
8.500  18.750  5.7587e-03
8.500  19.000  4.2591e-03
8.500  19.250  3.5413e-03
8.500  19.500  3.1984e-03
8.500  19.750  3.0107e-03
8.500  20.000  2.9062e-03
8.500  20.250  2.8613e-03
8.500  20.500  2.8384e-03
8.500  20.750  2.8260e-03
8.500  21.000  2.8211e-03
8.500  21.250  2.8191e-03
8.500  21.500  2.8183e-03
8.500  21.750  2.8179e-03
8.500  22.000  2.8177e-03
8.500  22.250  2.8176e-03
8.500  22.500  2.8175e-03
8.500  22.750  2.8175e-03
8.500  23.000  2.8175e-03
8.500  23.250  2.8176e-03
8.500  23.500  2.8175e-03
8.500  23.750  2.8175e-03
8.500  24.000  2.8175e-03
8.750  17.000  4.7817e-02
8.750  17.250  4.6293e-02
8.750  17.500  4.4123e-02
8.750  17.750  4.0871e-02
8.750  18.000  3.6562e-02
8.750  18.250  2.3336e-02
8.750  18.500  1.4286e-02
8.750  18.750  8.7074e-03
8.750  19.000  5.7564e-03
8.750  19.250  4.2550e-03
8.750  19.500  3.5398e-03
8.750  19.750  3.1980e-03
8.750  20.000  3.0106e-03
8.750  20.250  2.9061e-03
8.750  20.500  2.8613e-03
8.750  20.750  2.8384e-03
8.750  21.000  2.8260e-03
8.750  21.250  2.8211e-03
8.750  21.500  2.8191e-03
8.750  21.750  2.8183e-03
8.750  22.000  2.8179e-03
8.750  22.250  2.8177e-03
8.750  22.500  2.8176e-03
8.750  22.750  2.8175e-03
8.750  23.000  2.8178e-03
8.750  23.250  2.8175e-03
8.750  23.500  2.8176e-03
8.750  23.750  2.8175e-03
8.750  24.000  2.8175e-03
9.000  17.000  4.9353e-02
9.000  17.250  4.8473e-02
9.000  17.500  4.7124e-02
9.000  17.750  4.5036e-02
9.000  18.000  4.1618e-02
9.000  18.250  3.6953e-02
9.000  18.500  2.3325e-02
9.000  18.750  1.4295e-02
9.000  19.000  8.7111e-03
9.000  19.250  5.7546e-03
9.000  19.500  4.2509e-03
9.000  19.750  3.5381e-03
9.000  20.000  3.1976e-03
9.000  20.250  3.0105e-03
9.000  20.500  2.9061e-03
9.000  20.750  2.8613e-03
9.000  21.000  2.8384e-03
9.000  21.250  2.8260e-03
9.000  21.500  2.8211e-03
9.000  21.750  2.8191e-03
9.000  22.000  2.8183e-03
9.000  22.250  2.8179e-03
9.000  22.500  2.8177e-03
9.000  22.750  2.8176e-03
9.000  23.000  2.8175e-03
9.000  23.250  2.8175e-03
9.000  23.500  2.8175e-03
9.000  23.750  2.8175e-03
9.000  24.000  2.8175e-03
9.250  17.000  5.0466e-02
9.250  17.250  5.0228e-02
9.250  17.500  4.9809e-02
9.250  17.750  4.8971e-02
9.250  18.000  4.7001e-02
9.250  18.250  4.3400e-02
9.250  18.500  3.7931e-02
9.250  18.750  2.3312e-02
9.250  19.000  1.4303e-02
9.250  19.250  8.7164e-03
9.250  19.500  5.7540e-03
9.250  19.750  4.2471e-03
9.250  20.000  3.5365e-03
9.250  20.250  3.1973e-03
9.250  20.500  3.0105e-03
9.250  20.750  2.9061e-03
9.250  21.000  2.8613e-03
9.250  21.250  2.8384e-03
9.250  21.500  2.8258e-03
9.250  21.750  2.8209e-03
9.250  22.000  2.8188e-03
9.250  22.250  2.8181e-03
9.250  22.500  2.8178e-03
9.250  22.750  2.8176e-03
9.250  23.000  2.8175e-03
9.250  23.250  2.8175e-03
9.250  23.500  2.8174e-03
9.250  23.750  2.8174e-03
9.250  24.000  2.8174e-03
9.500  17.000  5.1371e-02
9.500  17.250  5.1716e-02
9.500  17.500  5.2246e-02
9.500  17.750  5.2854e-02
9.500  18.000  5.2815e-02
9.500  18.250  5.1437e-02
9.500  18.500  4.7587e-02
9.500  18.750  3.9483e-02
9.500  19.000  2.3288e-02
9.500  19.250  1.4309e-02
9.500  19.500  8.7230e-03
9.500  19.750  5.7549e-03
9.500  20.000  4.2442e-03
9.500  20.250  3.5352e-03
9.500  20.500  3.1970e-03
9.500  20.750  3.0103e-03
9.500  21.000  2.9059e-03
9.500  21.250  2.8612e-03
9.500  21.500  2.8383e-03
9.500  21.750  2.8258e-03
9.500  22.000  2.8208e-03
9.500  22.250  2.8188e-03
9.500  22.500  2.8180e-03
9.500  22.750  2.8176e-03
9.500  23.000  2.8174e-03
9.500  23.250  2.8174e-03
9.500  23.500  2.8173e-03
9.500  23.750  2.8173e-03
9.500  24.000  2.8173e-03
9.750  17.000  5.1872e-02
9.750  17.250  5.2925e-02
9.750  17.500  5.4439e-02
9.750  17.750  5.6809e-02
9.750  18.000  5.9745e-02
9.750  18.250  6.1346e-02
9.750  18.500  6.0310e-02
9.750  18.750  5.5571e-02
9.750  19.000  3.9537e-02
9.750  19.250  2.3250e-02
9.750  19.500  1.4308e-02
9.750  19.750  8.7302e-03
9.750  20.000  5.7572e-03
9.750  20.250  4.2426e-03
9.750  20.500  3.5342e-03
9.750  20.750  3.1967e-03
9.750  21.000  3.0102e-03
9.750  21.250  2.9058e-03
9.750  21.500  2.8612e-03
9.750  21.750  2.8383e-03
9.750  22.000  2.8258e-03
9.750  22.250  2.8208e-03
9.750  22.500  2.8188e-03
9.750  22.750  2.8180e-03
9.750  23.000  2.8176e-03
9.750  23.250  2.8174e-03
9.750  23.500  2.8174e-03
9.750  23.750  2.8173e-03
9.750  24.000  2.8173e-03
10.000  17.000  5.1944e-02
10.000  17.250  5.3952e-02
10.000  17.500  5.6776e-02
10.000  17.750  6.1286e-02
10.000  18.000  6.7838e-02
10.000  18.250  7.3378e-02
10.000  18.500  7.5555e-02
10.000  18.750  7.2643e-02
10.000  19.000  6.2287e-02
10.000  19.250  3.9695e-02
10.000  19.500  2.3202e-02
10.000  19.750  1.4291e-02
10.000  20.000  8.7366e-03
10.000  20.250  5.7606e-03
10.000  20.500  4.2416e-03
10.000  20.750  3.5334e-03
10.000  21.000  3.1966e-03
10.000  21.250  3.0103e-03
10.000  21.500  2.9058e-03
10.000  21.750  2.8612e-03
10.000  22.000  2.8383e-03
10.000  22.250  2.8258e-03
10.000  22.500  2.8208e-03
10.000  22.750  2.8188e-03
10.000  23.000  2.8180e-03
10.000  23.250  2.8176e-03
10.000  23.500  2.8174e-03
10.000  23.750  2.8174e-03
10.000  24.000  2.8173e-03
10.250  17.000  5.2334e-02
10.250  17.250  5.4953e-02
10.250  17.500  5.9650e-02
10.250  17.750  6.7134e-02
10.250  18.000  7.7427e-02
10.250  18.250  8.6775e-02
10.250  18.500  9.2636e-02
10.250  18.750  9.3289e-02
10.250  19.000  8.7678e-02
10.250  19.250  7.0893e-02
10.250  19.500  3.9746e-02
10.250  19.750  2.3158e-02
10.250  20.000  1.4254e-02
10.250  20.250  8.7397e-03
10.250  20.500  5.7642e-03
10.250  20.750  4.2416e-03
10.250  21.000  3.5330e-03
10.250  21.250  3.1967e-03
10.250  21.500  3.0103e-03
10.250  21.750  2.9058e-03
10.250  22.000  2.8612e-03
10.250  22.250  2.8383e-03
10.250  22.500  2.8258e-03
10.250  22.750  2.8208e-03
10.250  23.000  2.8188e-03
10.250  23.250  2.8180e-03
10.250  23.500  2.8176e-03
10.250  23.750  2.8174e-03
10.250  24.000  2.8174e-03
10.500  17.000  5.3195e-02
10.500  17.250  5.6792e-02
10.500  17.500  6.3587e-02
10.500  17.750  7.5002e-02
10.500  18.000  8.9169e-02
10.500  18.250  1.0225e-01
10.500  18.500  1.1072e-01
10.500  18.750  1.1472e-01
10.500  19.000  1.1183e-01
10.500  19.250  1.0215e-01
10.500  19.500  7.0185e-02
10.500  19.750  3.9524e-02
10.500  20.000  2.3011e-02
10.500  20.250  1.4184e-02
10.500  20.500  8.7358e-03
10.500  20.750  5.7672e-03
10.500  21.000  4.2426e-03
10.500  21.250  3.5329e-03
10.500  21.500  3.1969e-03
10.500  21.750  3.0103e-03
10.500  22.000  2.9059e-03
10.500  22.250  2.8612e-03
10.500  22.500  2.8384e-03
10.500  22.750  2.8258e-03
10.500  23.000  2.8208e-03
10.500  23.250  2.8188e-03
10.500  23.500  2.8180e-03
10.500  23.750  2.8176e-03
10.500  24.000  2.8174e-03
10.750  17.000  5.4707e-02
10.750  17.250  5.9546e-02
10.750  17.500  6.9600e-02
10.750  17.750  8.5142e-02
10.750  18.000  1.0284e-01
10.750  18.250  1.1831e-01
10.750  18.500  1.2957e-01
10.750  18.750  1.3542e-01
10.750  19.000  1.3546e-01
10.750  19.250  1.2951e-01
10.750  19.500  1.1391e-01
10.750  19.750  7.0151e-02
10.750  20.000  3.9140e-02
10.750  20.250  2.2727e-02
10.750  20.500  1.4082e-02
10.750  20.750  8.7193e-03
10.750  21.000  5.7677e-03
10.750  21.250  4.2443e-03
10.750  21.500  3.5333e-03
10.750  21.750  3.1971e-03
10.750  22.000  3.0103e-03
10.750  22.250  2.9059e-03
10.750  22.500  2.8612e-03
10.750  22.750  2.8384e-03
10.750  23.000  2.8258e-03
10.750  23.250  2.8209e-03
10.750  23.500  2.8188e-03
10.750  23.750  2.8180e-03
10.750  24.000  2.8176e-03
11.000  17.000  5.6898e-02
11.000  17.250  6.3139e-02
11.000  17.500  7.6877e-02
11.000  17.750  9.6839e-02
11.000  18.000  1.1717e-01
11.000  18.250  1.3456e-01
11.000  18.500  1.4764e-01
11.000  18.750  1.5580e-01
11.000  19.000  1.5881e-01
11.000  19.250  1.5639e-01
11.000  19.500  1.4785e-01
11.000  19.750  1.2909e-01
11.000  20.000  6.9538e-02
11.000  20.250  3.8120e-02
11.000  20.500  2.2391e-02
11.000  20.750  1.3955e-02
11.000  21.000  8.6801e-03
11.000  21.250  5.7630e-03
11.000  21.500  4.2465e-03
11.000  21.750  3.5338e-03
11.000  22.000  3.1974e-03
11.000  22.250  3.0103e-03
11.000  22.500  2.9058e-03
11.000  22.750  2.8613e-03
11.000  23.000  2.8384e-03
11.000  23.250  2.8258e-03
11.000  23.500  2.8209e-03
11.000  23.750  2.8189e-03
11.000  24.000  2.8180e-03
11.250  17.000  5.9881e-02
11.250  17.250  6.7288e-02
11.250  17.500  8.4381e-02
11.250  17.750  1.0826e-01
11.250  18.000  1.3132e-01
11.250  18.250  1.5008e-01
11.250  18.500  1.6474e-01
11.250  18.750  1.7583e-01
11.250  19.000  1.8112e-01
11.250  19.250  1.8149e-01
11.250  19.500  1.7668e-01
11.250  19.750  1.6640e-01
11.250  20.000  1.3330e-01
11.250  20.250  6.9148e-02
11.250  20.500  3.7806e-02
11.250  20.750  2.1996e-02
11.250  21.000  1.3807e-02
11.250  21.250  8.6140e-03
11.250  21.500  5.7499e-03
11.250  21.750  4.2484e-03
11.250  22.000  3.5346e-03
11.250  22.250  3.1979e-03
11.250  22.500  3.0104e-03
11.250  22.750  2.9058e-03
11.250  23.000  2.8613e-03
11.250  23.250  2.8384e-03
11.250  23.500  2.8258e-03
11.250  23.750  2.8209e-03
11.250  24.000  2.8189e-03
11.500  17.000  6.3998e-02
11.500  17.250  7.2071e-02
11.500  17.500  9.1375e-02
11.500  17.750  1.1816e-01
11.500  18.000  1.4384e-01
11.500  18.250  1.6457e-01
11.500  18.500  1.8103e-01
11.500  18.750  1.9389e-01
11.500  19.000  2.0174e-01
11.500  19.250  2.0468e-01
11.500  19.500  2.0271e-01
11.500  19.750  1.9629e-01
11.500  20.000  1.8459e-01
11.500  20.250  1.3725e-01
11.500  20.500  6.8196e-02
11.500  20.750  3.6978e-02
11.500  21.000  2.1623e-02
11.500  21.250  1.3657e-02
11.500  21.500  8.5214e-03
11.500  21.750  5.7261e-03
11.500  22.000  4.2492e-03
11.500  22.250  3.5356e-03
11.500  22.500  3.1983e-03
11.500  22.750  3.0104e-03
11.500  23.000  2.9057e-03
11.500  23.250  2.8612e-03
11.500  23.500  2.8384e-03
11.500  23.750  2.8258e-03
11.500  24.000  2.8209e-03
11.750  17.000  6.9582e-02
11.750  17.250  7.7569e-02
11.750  17.500  9.7628e-02
11.750  17.750  1.2586e-01
11.750  18.000  1.5359e-01
11.750  18.250  1.7699e-01
11.750  18.500  1.9582e-01
11.750  18.750  2.1012e-01
11.750  19.000  2.2072e-01
11.750  19.250  2.2575e-01
11.750  19.500  2.2620e-01
11.750  19.750  2.2178e-01
11.750  20.000  2.1384e-01
11.750  20.250  2.0061e-01
11.750  20.500  1.3760e-01
11.750  20.750  6.7364e-02
11.750  21.000  3.6402e-02
11.750  21.250  2.1463e-02
11.750  21.500  1.3447e-02
11.750  21.750  8.4057e-03
11.750  22.000  5.6872e-03
11.750  22.250  4.2477e-03
11.750  22.500  3.5364e-03
11.750  22.750  3.1985e-03
11.750  23.000  3.0104e-03
11.750  23.250  2.9056e-03
11.750  23.500  2.8612e-03
11.750  23.750  2.8384e-03
11.750  24.000  2.8259e-03
12.000  17.000  7.7192e-02
12.000  17.250  8.3975e-02
12.000  17.500  1.0304e-01
12.000  17.750  1.3098e-01
12.000  18.000  1.6029e-01
12.000  18.250  1.8656e-01
12.000  18.500  2.0854e-01
12.000  18.750  2.2570e-01
12.000  19.000  2.3779e-01
12.000  19.250  2.4479e-01
12.000  19.500  2.4683e-01
12.000  19.750  2.4405e-01
12.000  20.000  2.3790e-01
12.000  20.250  2.2807e-01
12.000  20.500  2.1335e-01
12.000  20.750  1.3709e-01
12.000  21.000  6.6936e-02
12.000  21.250  3.5990e-02
12.000  21.500  2.1583e-02
12.000  21.750  1.3221e-02
12.000  22.000  8.2730e-03
12.000  22.250  5.6361e-03
12.000  22.500  4.2426e-03
12.000  22.750  3.5369e-03
12.000  23.000  3.1987e-03
12.000  23.250  3.0103e-03
12.000  23.500  2.9053e-03
12.000  23.750  2.8612e-03
12.000  24.000  2.8384e-03
12.250  17.000  8.7098e-02
12.250  17.250  9.1453e-02
12.250  17.500  1.0766e-01
12.250  17.750  1.3369e-01
12.250  18.000  1.6390e-01
12.250  18.250  1.9313e-01
12.250  18.500  2.1854e-01
12.250  18.750  2.3915e-01
12.250  19.000  2.5320e-01
12.250  19.250  2.6140e-01
12.250  19.500  2.6452e-01
12.250  19.750  2.6348e-01
12.250  20.000  2.5767e-01
12.250  20.250  2.4957e-01
12.250  20.500  2.3869e-01
12.250  20.750  2.2280e-01
12.250  21.000  1.3540e-01
12.250  21.250  6.6200e-02
12.250  21.500  3.5852e-02
12.250  21.750  2.1852e-02
12.250  22.000  1.2982e-02
12.250  22.250  8.1866e-03
12.250  22.500  5.6106e-03
12.250  22.750  4.2331e-03
12.250  23.000  3.5370e-03
12.250  23.250  3.1985e-03
12.250  23.500  3.0101e-03
12.250  23.750  2.9051e-03
12.250  24.000  2.8610e-03
12.500  17.000  9.8350e-02
12.500  17.250  9.9203e-02
12.500  17.500  1.1193e-01
12.500  17.750  1.3504e-01
12.500  18.000  1.6520e-01
12.500  18.250  1.9642e-01
12.500  18.500  2.2527e-01
12.500  18.750  2.4909e-01
12.500  19.000  2.6573e-01
12.500  19.250  2.7534e-01
12.500  19.500  2.7880e-01
12.500  19.750  2.7848e-01
12.500  20.000  2.7431e-01
12.500  20.250  2.6664e-01
12.500  20.500  2.5753e-01
12.500  20.750  2.4558e-01
12.500  21.000  2.2692e-01
12.500  21.250  1.3170e-01
12.500  21.500  6.5696e-02
12.500  21.750  3.5871e-02
12.500  22.000  2.1776e-02
12.500  22.250  1.2788e-02
12.500  22.500  8.0575e-03
12.500  22.750  5.5424e-03
12.500  23.000  4.2193e-03
12.500  23.250  3.5363e-03
12.500  23.500  3.1980e-03
12.500  23.750  3.0096e-03
12.500  24.000  2.9047e-03
12.750  17.000  9.6923e-02
12.750  17.250  1.0378e-01
12.750  17.500  1.1517e-01
12.750  17.750  1.3706e-01
12.750  18.000  1.6595e-01
12.750  18.250  1.9780e-01
12.750  18.500  2.2844e-01
12.750  18.750  2.5516e-01
12.750  19.000  2.7498e-01
12.750  19.250  2.8649e-01
12.750  19.500  2.9061e-01
12.750  19.750  2.9022e-01
12.750  20.000  2.8680e-01
12.750  20.250  2.8058e-01
12.750  20.500  2.7217e-01
12.750  20.750  2.6213e-01
12.750  21.000  2.5069e-01
12.750  21.250  2.3068e-01
12.750  21.500  1.2789e-01
12.750  21.750  6.4500e-02
12.750  22.000  3.5968e-02
12.750  22.250  2.1234e-02
12.750  22.500  1.2526e-02
12.750  22.750  7.9011e-03
12.750  23.000  5.4811e-03
12.750  23.250  4.2015e-03
12.750  23.500  3.5341e-03
12.750  23.750  3.1967e-03
12.750  24.000  3.0088e-03
13.000  17.000  8.6871e-02
13.000  17.250  1.0360e-01
13.000  17.500  1.1978e-01
13.000  17.750  1.4070e-01
13.000  18.000  1.6748e-01
13.000  18.250  1.9856e-01
13.000  18.500  2.2983e-01
13.000  18.750  2.5783e-01
13.000  19.000  2.7961e-01
13.000  19.250  2.9382e-01
13.000  19.500  2.9907e-01
13.000  19.750  2.9936e-01
13.000  20.000  2.9609e-01
13.000  20.250  2.9088e-01
13.000  20.500  2.8397e-01
13.000  20.750  2.7512e-01
13.000  21.000  2.6490e-01
13.000  21.250  2.5322e-01
13.000  21.500  2.2879e-01
13.000  21.750  1.2297e-01
13.000  22.000  6.2976e-02
13.000  22.250  3.5890e-02
13.000  22.500  2.0729e-02
13.000  22.750  1.2279e-02
13.000  23.000  7.7801e-03
13.000  23.250  5.4206e-03
13.000  23.500  4.1786e-03
13.000  23.750  3.5295e-03
13.000  24.000  3.1942e-03
13.250  17.000  8.5532e-02
13.250  17.250  1.0186e-01
13.250  17.500  1.2753e-01
13.250  17.750  1.4737e-01
13.250  18.000  1.7116e-01
13.250  18.250  2.0034e-01
13.250  18.500  2.3106e-01
13.250  18.750  2.5921e-01
13.250  19.000  2.8203e-01
13.250  19.250  2.9731e-01
13.250  19.500  3.0458e-01
13.250  19.750  3.0680e-01
13.250  20.000  3.0400e-01
13.250  20.250  2.9882e-01
13.250  20.500  2.9277e-01
13.250  20.750  2.8513e-01
13.250  21.000  2.7682e-01
13.250  21.250  2.6643e-01
13.250  21.500  2.5056e-01
13.250  21.750  2.1668e-01
13.250  22.000  1.1687e-01
13.250  22.250  6.1525e-02
13.250  22.500  3.5131e-02
13.250  22.750  2.0176e-02
13.250  23.000  1.2006e-02
13.250  23.250  7.7166e-03
13.250  23.500  5.3867e-03
13.250  23.750  4.1523e-03
13.250  24.000  3.5215e-03
13.500  17.000  8.4015e-02
13.500  17.250  1.0012e-01
13.500  17.500  1.2643e-01
13.500  17.750  1.5241e-01
13.500  18.000  1.7731e-01
13.500  18.250  2.0413e-01
13.500  18.500  2.3318e-01
13.500  18.750  2.6074e-01
13.500  19.000  2.8390e-01
13.500  19.250  3.0032e-01
13.500  19.500  3.0945e-01
13.500  19.750  3.1223e-01
13.500  20.000  3.1082e-01
13.500  20.250  3.0691e-01
13.500  20.500  3.0040e-01
13.500  20.750  2.9266e-01
13.500  21.000  2.8338e-01
13.500  21.250  2.7516e-01
13.500  21.500  2.6094e-01
13.500  21.750  2.4393e-01
13.500  22.000  2.0141e-01
13.500  22.250  1.1004e-01
13.500  22.500  5.8863e-02
13.500  22.750  3.3742e-02
13.500  23.000  1.9577e-02
13.500  23.250  1.1679e-02
13.500  23.500  7.5213e-03
13.500  23.750  5.2895e-03
13.500  24.000  4.1226e-03
13.750  17.000  8.3339e-02
13.750  17.250  9.8032e-02
13.750  17.500  1.2503e-01
13.750  17.750  1.5416e-01
13.750  18.000  1.8586e-01
13.750  18.250  2.1034e-01
13.750  18.500  2.3696e-01
13.750  18.750  2.6321e-01
13.750  19.000  2.8642e-01
13.750  19.250  3.0405e-01
13.750  19.500  3.1494e-01
13.750  19.750  3.1927e-01
13.750  20.000  3.1869e-01
13.750  20.250  3.1527e-01
13.750  20.500  3.0954e-01
13.750  20.750  3.0178e-01
13.750  21.000  2.9252e-01
13.750  21.250  2.8199e-01
13.750  21.500  2.6964e-01
13.750  21.750  2.5713e-01
13.750  22.000  2.3664e-01
13.750  22.250  1.8462e-01
13.750  22.500  1.0155e-01
13.750  22.750  5.5803e-02
13.750  23.000  3.2337e-02
13.750  23.250  1.8922e-02
13.750  23.500  1.1383e-02
13.750  23.750  7.3681e-03
13.750  24.000  5.2080e-03
14.000  17.000  8.2663e-02
14.000  17.250  9.6727e-02
14.000  17.500  1.2219e-01
14.000  17.750  1.5405e-01
14.000  18.000  1.9035e-01
14.000  18.250  2.2039e-01
14.000  18.500  2.4397e-01
14.000  18.750  2.6772e-01
14.000  19.000  2.8999e-01
14.000  19.250  3.0826e-01
14.000  19.500  3.2102e-01
14.000  19.750  3.2772e-01
14.000  20.000  3.2850e-01
14.000  20.250  3.2532e-01
14.000  20.500  3.2020e-01
14.000  20.750  3.1299e-01
14.000  21.000  3.0377e-01
14.000  21.250  2.9390e-01
14.000  21.500  2.8067e-01
14.000  21.750  2.6959e-01
14.000  22.000  2.5616e-01
14.000  22.250  2.3124e-01
14.000  22.500  1.6683e-01
14.000  22.750  9.3121e-02
14.000  23.000  5.2496e-02
14.000  23.250  3.1081e-02
14.000  23.500  1.8187e-02
14.000  23.750  1.1054e-02
14.000  24.000  7.1838e-03
