InwC 910.000A  relative to Inci 1215.00A scaled to 1215A.
Hden   Phi(H)  Eq_Width (A)
7.000  17.000  3.8160e-03
7.000  17.250  5.4974e-03
7.000  17.500  6.6703e-03
7.000  17.750  7.2568e-03
7.000  18.000  7.5649e-03
7.000  18.250  7.7804e-03
7.000  18.500  7.9007e-03
7.000  18.750  7.9317e-03
7.000  19.000  7.9450e-03
7.000  19.250  7.9506e-03
7.000  19.500  7.9518e-03
7.000  19.750  7.9520e-03
7.000  20.000  7.9522e-03
7.000  20.250  7.9523e-03
7.000  20.500  7.9523e-03
7.000  20.750  7.9523e-03
7.000  21.000  7.9523e-03
7.000  21.250  7.9523e-03
7.000  21.500  7.9524e-03
7.000  21.750  7.9523e-03
7.000  22.000  7.9523e-03
7.000  22.250  7.9523e-03
7.000  22.500  7.9523e-03
7.000  22.750  7.9525e-03
7.000  23.000  7.9525e-03
7.000  23.250  7.9523e-03
7.000  23.500  7.9523e-03
7.000  23.750  7.9523e-03
7.000  24.000  7.9523e-03
7.250  17.000  2.3245e-03
7.250  17.250  3.8277e-03
7.250  17.500  5.5103e-03
7.250  17.750  6.6784e-03
7.250  18.000  7.2595e-03
7.250  18.250  7.5658e-03
7.250  18.500  7.7806e-03
7.250  18.750  7.9007e-03
7.250  19.000  7.9317e-03
7.250  19.250  7.9450e-03
7.250  19.500  7.9506e-03
7.250  19.750  7.9518e-03
7.250  20.000  7.9520e-03
7.250  20.250  7.9522e-03
7.250  20.500  7.9522e-03
7.250  20.750  7.9523e-03
7.250  21.000  7.9523e-03
7.250  21.250  7.9523e-03
7.250  21.500  7.9523e-03
7.250  21.750  7.9538e-03
7.250  22.000  7.9523e-03
7.250  22.250  7.9523e-03
7.250  22.500  7.9523e-03
7.250  22.750  7.9531e-03
7.250  23.000  7.9531e-03
7.250  23.250  7.9523e-03
7.250  23.500  7.9523e-03
7.250  23.750  7.9523e-03
7.250  24.000  7.9523e-03
7.500  17.000  1.2414e-03
7.500  17.250  2.3306e-03
7.500  17.500  3.8377e-03
7.500  17.750  5.5234e-03
7.500  18.000  6.6881e-03
7.500  18.250  7.2630e-03
7.500  18.500  7.5670e-03
7.500  18.750  7.7810e-03
7.500  19.000  7.9008e-03
7.500  19.250  7.9317e-03
7.500  19.500  7.9450e-03
7.500  19.750  7.9506e-03
7.500  20.000  7.9518e-03
7.500  20.250  7.9520e-03
7.500  20.500  7.9522e-03
7.500  20.750  7.9522e-03
7.500  21.000  7.9522e-03
7.500  21.250  7.9523e-03
7.500  21.500  7.9523e-03
7.500  21.750  7.9523e-03
7.500  22.000  7.9523e-03
7.500  22.250  7.9523e-03
7.500  22.500  7.9523e-03
7.500  22.750  7.9523e-03
7.500  23.000  7.9527e-03
7.500  23.250  7.9531e-03
7.500  23.500  7.9523e-03
7.500  23.750  7.9533e-03
7.500  24.000  7.9523e-03
7.750  17.000  6.4494e-04
7.750  17.250  1.2453e-03
7.750  17.500  2.3347e-03
7.750  17.750  3.8460e-03
7.750  18.000  5.5367e-03
7.750  18.250  6.6994e-03
7.750  18.500  7.2677e-03
7.750  18.750  7.5687e-03
7.750  19.000  7.7816e-03
7.750  19.250  7.9009e-03
7.750  19.500  7.9318e-03
7.750  19.750  7.9450e-03
7.750  20.000  7.9506e-03
7.750  20.250  7.9518e-03
7.750  20.500  7.9520e-03
7.750  20.750  7.9522e-03
7.750  21.000  7.9522e-03
7.750  21.250  7.9522e-03
7.750  21.500  7.9522e-03
7.750  21.750  7.9523e-03
7.750  22.000  7.9523e-03
7.750  22.250  7.9523e-03
7.750  22.500  7.9523e-03
7.750  22.750  7.9525e-03
7.750  23.000  7.9525e-03
7.750  23.250  7.9523e-03
7.750  23.500  7.9531e-03
7.750  23.750  7.9531e-03
7.750  24.000  7.9523e-03
8.000  17.000  3.3704e-04
8.000  17.250  6.4461e-04
8.000  17.500  1.2440e-03
8.000  17.750  2.3363e-03
8.000  18.000  3.8530e-03
8.000  18.250  5.5505e-03
8.000  18.500  6.7123e-03
8.000  18.750  7.2735e-03
8.000  19.000  7.5710e-03
8.000  19.250  7.7822e-03
8.000  19.500  7.9011e-03
8.000  19.750  7.9318e-03
8.000  20.000  7.9450e-03
8.000  20.250  7.9506e-03
8.000  20.500  7.9518e-03
8.000  20.750  7.9520e-03
8.000  21.000  7.9521e-03
8.000  21.250  7.9522e-03
8.000  21.500  7.9522e-03
8.000  21.750  7.9522e-03
8.000  22.000  7.9522e-03
8.000  22.250  7.9522e-03
8.000  22.500  7.9523e-03
8.000  22.750  7.9524e-03
8.000  23.000  7.9523e-03
8.000  23.250  7.9528e-03
8.000  23.500  7.9523e-03
8.000  23.750  7.9523e-03
8.000  24.000  7.9523e-03
8.250  17.000  1.7663e-04
8.250  17.250  3.3704e-04
8.250  17.500  6.4469e-04
8.250  17.750  1.2438e-03
8.250  18.000  2.3365e-03
8.250  18.250  3.8585e-03
8.250  18.500  5.5650e-03
8.250  18.750  6.7269e-03
8.250  19.000  7.2804e-03
8.250  19.250  7.5739e-03
8.250  19.500  7.7832e-03
8.250  19.750  7.9012e-03
8.250  20.000  7.9319e-03
8.250  20.250  7.9450e-03
8.250  20.500  7.9506e-03
8.250  20.750  7.9518e-03
8.250  21.000  7.9520e-03
8.250  21.250  7.9522e-03
8.250  21.500  7.9522e-03
8.250  21.750  7.9522e-03
8.250  22.000  7.9522e-03
8.250  22.250  7.9522e-03
8.250  22.500  7.9522e-03
8.250  22.750  7.9524e-03
8.250  23.000  7.9522e-03
8.250  23.250  7.9543e-03
8.250  23.500  7.9522e-03
8.250  23.750  7.9522e-03
8.250  24.000  7.9528e-03
8.500  17.000  9.2840e-05
8.500  17.250  1.7638e-04
8.500  17.500  3.3663e-04
8.500  17.750  6.4395e-04
8.500  18.000  1.2422e-03
8.500  18.250  2.3342e-03
8.500  18.500  3.8626e-03
8.500  18.750  5.5803e-03
8.500  19.000  6.7435e-03
8.500  19.250  7.2881e-03
8.500  19.500  7.5771e-03
8.500  19.750  7.7844e-03
8.500  20.000  7.9016e-03
8.500  20.250  7.9319e-03
8.500  20.500  7.9451e-03
8.500  20.750  7.9506e-03
8.500  21.000  7.9518e-03
8.500  21.250  7.9520e-03
8.500  21.500  7.9521e-03
8.500  21.750  7.9522e-03
8.500  22.000  7.9522e-03
8.500  22.250  7.9522e-03
8.500  22.500  7.9522e-03
8.500  22.750  7.9522e-03
8.500  23.000  7.9522e-03
8.500  23.250  7.9524e-03
8.500  23.500  7.9522e-03
8.500  23.750  7.9522e-03
8.500  24.000  7.9522e-03
8.750  17.000  4.9383e-05
8.750  17.250  9.2675e-05
8.750  17.500  1.7613e-04
8.750  17.750  3.3621e-04
8.750  18.000  6.4305e-04
8.750  18.250  1.2390e-03
8.750  18.500  2.3296e-03
8.750  18.750  3.8652e-03
8.750  19.000  5.5964e-03
8.750  19.250  6.7609e-03
8.750  19.500  7.2967e-03
8.750  19.750  7.5808e-03
8.750  20.000  7.7857e-03
8.750  20.250  7.9019e-03
8.750  20.500  7.9320e-03
8.750  20.750  7.9451e-03
8.750  21.000  7.9506e-03
8.750  21.250  7.9518e-03
8.750  21.500  7.9520e-03
8.750  21.750  7.9521e-03
8.750  22.000  7.9522e-03
8.750  22.250  7.9522e-03
8.750  22.500  7.9522e-03
8.750  22.750  7.9522e-03
8.750  23.000  7.9530e-03
8.750  23.250  7.9522e-03
8.750  23.500  7.9524e-03
8.750  23.750  7.9522e-03
8.750  24.000  7.9522e-03
9.000  17.000  2.6420e-05
9.000  17.250  4.9383e-05
9.000  17.500  9.2593e-05
9.000  17.750  1.7597e-04
9.000  18.000  3.3638e-04
9.000  18.250  6.4305e-04
9.000  18.500  1.2367e-03
9.000  18.750  2.3253e-03
9.000  19.000  3.8664e-03
9.000  19.250  5.6117e-03
9.000  19.500  6.7790e-03
9.000  19.750  7.3057e-03
9.000  20.000  7.5846e-03
9.000  20.250  7.7872e-03
9.000  20.500  7.9023e-03
9.000  20.750  7.9322e-03
9.000  21.000  7.9451e-03
9.000  21.250  7.9506e-03
9.000  21.500  7.9518e-03
9.000  21.750  7.9520e-03
9.000  22.000  7.9521e-03
9.000  22.250  7.9522e-03
9.000  22.500  7.9522e-03
9.000  22.750  7.9522e-03
9.000  23.000  7.9522e-03
9.000  23.250  7.9522e-03
9.000  23.500  7.9522e-03
9.000  23.750  7.9522e-03
9.000  24.000  7.9523e-03
9.250  17.000  1.4074e-05
9.250  17.250  2.6420e-05
9.250  17.500  4.9383e-05
9.250  17.750  9.2922e-05
9.250  18.000  1.7704e-04
9.250  18.250  3.3844e-04
9.250  18.500  6.4584e-04
9.250  18.750  1.2377e-03
9.250  19.000  2.3226e-03
9.250  19.250  3.8664e-03
9.250  19.500  5.6248e-03
9.250  19.750  6.7966e-03
9.250  20.000  7.3148e-03
9.250  20.250  7.5887e-03
9.250  20.500  7.7888e-03
9.250  20.750  7.9028e-03
9.250  21.000  7.9323e-03
9.250  21.250  7.9452e-03
9.250  21.500  7.9502e-03
9.250  21.750  7.9512e-03
9.250  22.000  7.9514e-03
9.250  22.250  7.9516e-03
9.250  22.500  7.9518e-03
9.250  22.750  7.9519e-03
9.250  23.000  7.9519e-03
9.250  23.250  7.9520e-03
9.250  23.500  7.9520e-03
9.250  23.750  7.9520e-03
9.250  24.000  7.9521e-03
9.500  17.000  7.4074e-06
9.500  17.250  1.4156e-05
9.500  17.500  2.6667e-05
9.500  17.750  5.0041e-05
9.500  18.000  9.4156e-05
9.500  18.250  1.7926e-04
9.500  18.500  3.4288e-04
9.500  18.750  6.5473e-04
9.500  19.000  1.2467e-03
9.500  19.250  2.3259e-03
9.500  19.500  3.8669e-03
9.500  19.750  5.6344e-03
9.500  20.000  6.8128e-03
9.500  20.250  7.3237e-03
9.500  20.500  7.5928e-03
9.500  20.750  7.7876e-03
9.500  21.000  7.9021e-03
9.500  21.250  7.9318e-03
9.500  21.500  7.9445e-03
9.500  21.750  7.9499e-03
9.500  22.000  7.9509e-03
9.500  22.250  7.9513e-03
9.500  22.500  7.9514e-03
9.500  22.750  7.9514e-03
9.500  23.000  7.9514e-03
9.500  23.250  7.9514e-03
9.500  23.500  7.9514e-03
9.500  23.750  7.9514e-03
9.500  24.000  7.9514e-03
9.750  17.000  3.7860e-06
9.750  17.250  7.4897e-06
9.750  17.500  1.4486e-05
9.750  17.750  2.7407e-05
9.750  18.000  5.1358e-05
9.750  18.250  9.6296e-05
9.750  18.500  1.8337e-04
9.750  18.750  3.5128e-04
9.750  19.000  6.7012e-04
9.750  19.250  1.2720e-03
9.750  19.500  2.3446e-03
9.750  19.750  3.8728e-03
9.750  20.000  5.6434e-03
9.750  20.250  6.8236e-03
9.750  20.500  7.3295e-03
9.750  20.750  7.5948e-03
9.750  21.000  7.7900e-03
9.750  21.250  7.9027e-03
9.750  21.500  7.9320e-03
9.750  21.750  7.9447e-03
9.750  22.000  7.9499e-03
9.750  22.250  7.9510e-03
9.750  22.500  7.9513e-03
9.750  22.750  7.9514e-03
9.750  23.000  7.9514e-03
9.750  23.250  7.9514e-03
9.750  23.500  7.9514e-03
9.750  23.750  7.9514e-03
9.750  24.000  7.9514e-03
10.000  17.000  1.7284e-06
10.000  17.250  3.7860e-06
10.000  17.500  7.6543e-06
10.000  17.750  1.4979e-05
10.000  18.000  2.8395e-05
10.000  18.250  5.3086e-05
10.000  18.500  9.9753e-05
10.000  18.750  1.9070e-04
10.000  19.000  3.6774e-04
10.000  19.250  7.0667e-04
10.000  19.500  1.3368e-03
10.000  19.750  2.3958e-03
10.000  20.000  3.8941e-03
10.000  20.250  5.6522e-03
10.000  20.500  6.8391e-03
10.000  20.750  7.3398e-03
10.000  21.000  7.6003e-03
10.000  21.250  7.7934e-03
10.000  21.500  7.9035e-03
10.000  21.750  7.9323e-03
10.000  22.000  7.9449e-03
10.000  22.250  7.9500e-03
10.000  22.500  7.9510e-03
10.000  22.750  7.9513e-03
10.000  23.000  7.9514e-03
10.000  23.250  7.9514e-03
10.000  23.500  7.9514e-03
10.000  23.750  7.9514e-03
10.000  24.000  7.9514e-03
10.250  17.000  8.2305e-07
10.250  17.250  1.7284e-06
10.250  17.500  3.9506e-06
10.250  17.750  8.0658e-06
10.250  18.000  1.5720e-05
10.250  18.250  2.9712e-05
10.250  18.500  5.5967e-05
10.250  18.750  1.0634e-04
10.250  19.000  2.0650e-04
10.250  19.250  4.0395e-04
10.250  19.500  7.7893e-04
10.250  19.750  1.4602e-03
10.250  20.000  2.4935e-03
10.250  20.250  3.9416e-03
10.250  20.500  5.6686e-03
10.250  20.750  6.8546e-03
10.250  21.000  7.3486e-03
10.250  21.250  7.6051e-03
10.250  21.500  7.7961e-03
10.250  21.750  7.9044e-03
10.250  22.000  7.9326e-03
10.250  22.250  7.9450e-03
10.250  22.500  7.9501e-03
10.250  22.750  7.9510e-03
10.250  23.000  7.9513e-03
10.250  23.250  7.9514e-03
10.250  23.500  7.9514e-03
10.250  23.750  7.9514e-03
10.250  24.000  7.9514e-03
10.500  17.000  1.0000e-07
10.500  17.250  9.0535e-07
10.500  17.500  1.8107e-06
10.500  17.750  4.1975e-06
10.500  18.000  8.5597e-06
10.500  18.250  1.6790e-05
10.500  18.500  3.2346e-05
10.500  18.750  6.1975e-05
10.500  19.000  1.2033e-04
10.500  19.250  2.3802e-04
10.500  19.500  4.6263e-04
10.500  19.750  8.9638e-04
10.500  20.000  1.6486e-03
10.500  20.250  2.6703e-03
10.500  20.500  4.0420e-03
10.500  20.750  5.7018e-03
10.500  21.000  6.8684e-03
10.500  21.250  7.3574e-03
10.500  21.500  7.6099e-03
10.500  21.750  7.7988e-03
10.500  22.000  7.9057e-03
10.500  22.250  7.9330e-03
10.500  22.500  7.9451e-03
10.500  22.750  7.9503e-03
10.500  23.000  7.9511e-03
10.500  23.250  7.9513e-03
10.500  23.500  7.9514e-03
10.500  23.750  7.9514e-03
10.500  24.000  7.9514e-03
10.750  17.000  1.0000e-07
10.750  17.250  1.0000e-07
10.750  17.500  9.0535e-07
10.750  17.750  2.0576e-06
10.750  18.000  4.5267e-06
10.750  18.250  9.5473e-06
10.750  18.500  1.9177e-05
10.750  18.750  3.7860e-05
10.750  19.000  7.4239e-05
10.750  19.250  1.4650e-04
10.750  19.500  2.9128e-04
10.750  19.750  5.5852e-04
10.750  20.000  1.0649e-03
10.750  20.250  1.8774e-03
10.750  20.500  2.9112e-03
10.750  20.750  4.2328e-03
10.750  21.000  5.7619e-03
10.750  21.250  6.8853e-03
10.750  21.500  7.3666e-03
10.750  21.750  7.6153e-03
10.750  22.000  7.8017e-03
10.750  22.250  7.9069e-03
10.750  22.500  7.9337e-03
10.750  22.750  7.9453e-03
10.750  23.000  7.9504e-03
10.750  23.250  7.9512e-03
10.750  23.500  7.9514e-03
10.750  23.750  7.9514e-03
10.750  24.000  7.9514e-03
11.000  17.000  1.0000e-07
11.000  17.250  1.0000e-07
11.000  17.500  1.0000e-07
11.000  17.750  1.0700e-06
11.000  18.000  2.3868e-06
11.000  18.250  5.3498e-06
11.000  18.500  1.1605e-05
11.000  18.750  2.4115e-05
11.000  19.000  4.8148e-05
11.000  19.250  9.4815e-05
11.000  19.500  1.8650e-04
11.000  19.750  3.6872e-04
11.000  20.000  6.9004e-04
11.000  20.250  1.2504e-03
11.000  20.500  2.1463e-03
11.000  20.750  3.2412e-03
11.000  21.000  4.4365e-03
11.000  21.250  5.8736e-03
11.000  21.500  6.9097e-03
11.000  21.750  7.3779e-03
11.000  22.000  7.6220e-03
11.000  22.250  7.8053e-03
11.000  22.500  7.9082e-03
11.000  22.750  7.9345e-03
11.000  23.000  7.9458e-03
11.000  23.250  7.9505e-03
11.000  23.500  7.9513e-03
11.000  23.750  7.9514e-03
11.000  24.000  7.9514e-03
11.250  17.000  1.0000e-07
11.250  17.250  1.0000e-07
11.250  17.500  1.0000e-07
11.250  17.750  1.0000e-07
11.250  18.000  1.2346e-06
11.250  18.250  2.9630e-06
11.250  18.500  6.9959e-06
11.250  18.750  1.5473e-05
11.250  19.000  3.1934e-05
11.250  19.250  6.3128e-05
11.250  19.500  1.2255e-04
11.250  19.750  2.3860e-04
11.250  20.000  4.6658e-04
11.250  20.250  8.5432e-04
11.250  20.500  1.5088e-03
11.250  20.750  2.4359e-03
11.250  21.000  3.5151e-03
11.250  21.250  4.7137e-03
11.250  21.500  6.0085e-03
11.250  21.750  6.9467e-03
11.250  22.000  7.3939e-03
11.250  22.250  7.6309e-03
11.250  22.500  7.8100e-03
11.250  22.750  7.9099e-03
11.250  23.000  7.9352e-03
11.250  23.250  7.9463e-03
11.250  23.500  7.9505e-03
11.250  23.750  7.9514e-03
11.250  24.000  7.9515e-03
11.500  17.000  1.0000e-07
11.500  17.250  1.0000e-07
11.500  17.500  1.0000e-07
11.500  17.750  1.0000e-07
11.500  18.000  1.0000e-07
11.500  18.250  1.5638e-06
11.500  18.500  3.9506e-06
11.500  18.750  9.4650e-06
11.500  19.000  2.0741e-05
11.500  19.250  4.1646e-05
11.500  19.500  8.0741e-05
11.500  19.750  1.5531e-04
11.500  20.000  2.9934e-04
11.500  20.250  5.7243e-04
11.500  20.500  1.0379e-03
11.500  20.750  1.7753e-03
11.500  21.000  2.7402e-03
11.500  21.250  3.8207e-03
11.500  21.500  4.9736e-03
11.500  21.750  6.1714e-03
11.500  22.000  7.0006e-03
11.500  22.250  7.4163e-03
11.500  22.500  7.6439e-03
11.500  22.750  7.8164e-03
11.500  23.000  7.9121e-03
11.500  23.250  7.9363e-03
11.500  23.500  7.9467e-03
11.500  23.750  7.9507e-03
11.500  24.000  7.9514e-03
11.750  17.000  1.0000e-07
11.750  17.250  1.0000e-07
11.750  17.500  1.0000e-07
11.750  17.750  1.0000e-07
11.750  18.000  1.0000e-07
11.750  18.250  8.2305e-07
11.750  18.500  2.1399e-06
11.750  18.750  5.3498e-06
11.750  19.000  1.2428e-05
11.750  19.250  2.6420e-05
11.750  19.500  5.1852e-05
11.750  19.750  9.9259e-05
11.750  20.000  1.8979e-04
11.750  20.250  3.6461e-04
11.750  20.500  6.8239e-04
11.750  20.750  1.2323e-03
11.750  21.000  2.0591e-03
11.750  21.250  3.0678e-03
11.750  21.500  4.0839e-03
11.750  21.750  5.2642e-03
11.750  22.000  6.3326e-03
11.750  22.250  7.0658e-03
11.750  22.500  7.4467e-03
11.750  22.750  7.6630e-03
11.750  23.000  7.8253e-03
11.750  23.250  7.9151e-03
11.750  23.500  7.9377e-03
11.750  23.750  7.9473e-03
11.750  24.000  7.9510e-03
12.000  17.000  1.0000e-07
12.000  17.250  1.0000e-07
12.000  17.500  1.0000e-07
12.000  17.750  1.0000e-07
12.000  18.000  1.0000e-07
12.000  18.250  1.0000e-07
12.000  18.500  1.0700e-06
12.000  18.750  2.7984e-06
12.000  19.000  6.7490e-06
12.000  19.250  1.5309e-05
12.000  19.500  3.1770e-05
12.000  19.750  6.1481e-05
12.000  20.000  1.1712e-04
12.000  20.250  2.2403e-04
12.000  20.500  4.2979e-04
12.000  20.750  8.0107e-04
12.000  21.000  1.4398e-03
12.000  21.250  2.3495e-03
12.000  21.500  3.3853e-03
12.000  21.750  4.4012e-03
12.000  22.000  5.5227e-03
12.000  22.250  6.4790e-03
12.000  22.500  7.1321e-03
12.000  22.750  7.4837e-03
12.000  23.000  7.6853e-03
12.000  23.250  7.8373e-03
12.000  23.500  7.9190e-03
12.000  23.750  7.9394e-03
12.000  24.000  7.9480e-03
12.250  17.000  1.0000e-07
12.250  17.250  1.0000e-07
12.250  17.500  1.0000e-07
12.250  17.750  1.0000e-07
12.250  18.000  1.0000e-07
12.250  18.250  1.0000e-07
12.250  18.500  1.0000e-07
12.250  18.750  1.3992e-06
12.250  19.000  3.3745e-06
12.250  19.250  8.0658e-06
12.250  19.500  1.7860e-05
12.250  19.750  3.6543e-05
12.250  20.000  7.0370e-05
12.250  20.250  1.3424e-04
12.250  20.500  2.5778e-04
12.250  20.750  4.9391e-04
12.250  21.000  9.2329e-04
12.250  21.250  1.6475e-03
12.250  21.500  2.6258e-03
12.250  21.750  3.6784e-03
12.250  22.000  4.6737e-03
12.250  22.250  5.7373e-03
12.250  22.500  6.6072e-03
12.250  22.750  7.1955e-03
12.250  23.000  7.5221e-03
12.250  23.250  7.7105e-03
12.250  23.500  7.8510e-03
12.250  23.750  7.9235e-03
12.250  24.000  7.9412e-03
12.500  17.000  1.0000e-07
12.500  17.250  1.0000e-07
12.500  17.500  1.0000e-07
12.500  17.750  1.0000e-07
12.500  18.000  1.0000e-07
12.500  18.250  1.0000e-07
12.500  18.500  1.0000e-07
12.500  18.750  1.0000e-07
12.500  19.000  1.6461e-06
12.500  19.250  3.8683e-06
12.500  19.500  9.0535e-06
12.500  19.750  1.9918e-05
12.500  20.000  4.0576e-05
12.500  20.250  7.8354e-05
12.500  20.500  1.5078e-04
12.500  20.750  2.9152e-04
12.500  21.000  5.6033e-04
12.500  21.250  1.0470e-03
12.500  21.500  1.8450e-03
12.500  21.750  2.8762e-03
12.500  22.000  3.9393e-03
12.500  22.250  4.9163e-03
12.500  22.500  5.9289e-03
12.500  22.750  6.7384e-03
12.500  23.000  7.2520e-03
12.500  23.250  7.5557e-03
12.500  23.500  7.7348e-03
12.500  23.750  7.8647e-03
12.500  24.000  7.9279e-03
12.750  17.000  1.0000e-07
12.750  17.250  1.0000e-07
12.750  17.500  1.0000e-07
12.750  17.750  1.0000e-07
12.750  18.000  1.0000e-07
12.750  18.250  1.0000e-07
12.750  18.500  1.0000e-07
12.750  18.750  1.0000e-07
12.750  19.000  1.0000e-07
12.750  19.250  1.8107e-06
12.750  19.500  4.1975e-06
12.750  19.750  9.7942e-06
12.750  20.000  2.1564e-05
12.750  20.250  4.4198e-05
12.750  20.500  8.6091e-05
12.750  20.750  1.6782e-04
12.750  21.000  3.2790e-04
12.750  21.250  6.2749e-04
12.750  21.500  1.1583e-03
12.750  21.750  2.0298e-03
12.750  22.000  3.0959e-03
12.750  22.250  4.1580e-03
12.750  22.500  5.1324e-03
12.750  22.750  6.1001e-03
12.750  23.000  6.8309e-03
12.750  23.250  7.2996e-03
12.750  23.500  7.5847e-03
12.750  23.750  7.7563e-03
12.750  24.000  7.8768e-03
13.000  17.000  1.0000e-07
13.000  17.250  1.0000e-07
13.000  17.500  1.0000e-07
13.000  17.750  1.0000e-07
13.000  18.000  1.0000e-07
13.000  18.250  1.0000e-07
13.000  18.500  1.0000e-07
13.000  18.750  1.0000e-07
13.000  19.000  1.0000e-07
13.000  19.250  8.2305e-07
13.000  19.500  1.8930e-06
13.000  19.750  4.3621e-06
13.000  20.000  1.0206e-05
13.000  20.250  2.2634e-05
13.000  20.500  4.7407e-05
13.000  20.750  9.3745e-05
13.000  21.000  1.8453e-04
13.000  21.250  3.6263e-04
13.000  21.500  6.8642e-04
13.000  21.750  1.2758e-03
13.000  22.000  2.1844e-03
13.000  22.250  3.2922e-03
13.000  22.500  4.3639e-03
13.000  22.750  5.3124e-03
13.000  23.000  6.2147e-03
13.000  23.250  6.9029e-03
13.000  23.500  7.3381e-03
13.000  23.750  7.6089e-03
13.000  24.000  7.7738e-03
13.250  17.000  1.0000e-07
13.250  17.250  1.0000e-07
13.250  17.500  1.0000e-07
13.250  17.750  1.0000e-07
13.250  18.000  1.0000e-07
13.250  18.250  1.0000e-07
13.250  18.500  1.0000e-07
13.250  18.750  1.0000e-07
13.250  19.000  1.0000e-07
13.250  19.250  1.0000e-07
13.250  19.500  9.0535e-07
13.250  19.750  1.8930e-06
13.250  20.000  4.3621e-06
13.250  20.250  1.0288e-05
13.250  20.500  2.3292e-05
13.250  20.750  4.9465e-05
13.250  21.000  1.0049e-04
13.250  21.250  1.9967e-04
13.250  21.500  3.8840e-04
13.250  21.750  7.3243e-04
13.250  22.000  1.3715e-03
13.250  22.250  2.3402e-03
13.250  22.500  3.4720e-03
13.250  22.750  4.5440e-03
13.250  23.000  5.4653e-03
13.250  23.250  6.2866e-03
13.250  23.500  6.9405e-03
13.250  23.750  7.3705e-03
13.250  24.000  7.6283e-03
13.500  17.000  1.0000e-07
13.500  17.250  1.0000e-07
13.500  17.500  1.0000e-07
13.500  17.750  1.0000e-07
13.500  18.000  1.0000e-07
13.500  18.250  1.0000e-07
13.500  18.500  1.0000e-07
13.500  18.750  1.0000e-07
13.500  19.000  1.0000e-07
13.500  19.250  1.0000e-07
13.500  19.500  1.0000e-07
13.500  19.750  9.0535e-07
13.500  20.000  1.8930e-06
13.500  20.250  4.3621e-06
13.500  20.500  1.0370e-05
13.500  20.750  2.3539e-05
13.500  21.000  4.9794e-05
13.500  21.250  1.0354e-04
13.500  21.500  2.0510e-04
13.500  21.750  4.0354e-04
13.500  22.000  7.7564e-04
13.500  22.250  1.4658e-03
13.500  22.500  2.4989e-03
13.500  22.750  3.6668e-03
13.500  23.000  4.7070e-03
13.500  23.250  5.5965e-03
13.500  23.500  6.3891e-03
13.500  23.750  7.0013e-03
13.500  24.000  7.3968e-03
13.750  17.000  1.0000e-07
13.750  17.250  1.0000e-07
13.750  17.500  1.0000e-07
13.750  17.750  1.0000e-07
13.750  18.000  1.0000e-07
13.750  18.250  1.0000e-07
13.750  18.500  1.0000e-07
13.750  18.750  1.0000e-07
13.750  19.000  1.0000e-07
13.750  19.250  1.0000e-07
13.750  19.500  1.0000e-07
13.750  19.750  1.0000e-07
13.750  20.000  9.0535e-07
13.750  20.250  1.9753e-06
13.750  20.500  4.5267e-06
13.750  20.750  1.0453e-05
13.750  21.000  2.3786e-05
13.750  21.250  5.0535e-05
13.750  21.500  1.0403e-04
13.750  21.750  2.1062e-04
13.750  22.000  4.1704e-04
13.750  22.250  8.2420e-04
13.750  22.500  1.5810e-03
13.750  22.750  2.6795e-03
13.750  23.000  3.8678e-03
13.750  23.250  4.8506e-03
13.750  23.500  5.7062e-03
13.750  23.750  6.4644e-03
13.750  24.000  7.0453e-03
14.000  17.000  1.0000e-07
14.000  17.250  1.0000e-07
14.000  17.500  1.0000e-07
14.000  17.750  1.0000e-07
14.000  18.000  1.0000e-07
14.000  18.250  1.0000e-07
14.000  18.500  1.0000e-07
14.000  18.750  1.0000e-07
14.000  19.000  1.0000e-07
14.000  19.250  1.0000e-07
14.000  19.500  1.0000e-07
14.000  19.750  1.0000e-07
14.000  20.000  1.0000e-07
14.000  20.250  9.8765e-07
14.000  20.500  2.1399e-06
14.000  20.750  4.6914e-06
14.000  21.000  1.0947e-05
14.000  21.250  2.4691e-05
14.000  21.500  5.2263e-05
14.000  21.750  1.0667e-04
14.000  22.000  2.1399e-04
14.000  22.250  4.3243e-04
14.000  22.500  8.7160e-04
14.000  22.750  1.6673e-03
14.000  23.000  2.8411e-03
14.000  23.250  4.0519e-03
14.000  23.500  4.9900e-03
14.000  23.750  5.8130e-03
14.000  24.000  6.5440e-03
