6lev 1304.00A  relative to Inci 1215.00A scaled to 1215A.
Hden   Phi(H)  Eq_Width (A)
 7.000	17.000	2.3045e-06
 7.000	17.250	1.0000e-07
 7.000	17.500	1.0000e-07
 7.000	17.750	1.0000e-07
 7.000	18.000	1.0000e-07
 7.000	18.250	1.0000e-07
 7.000	18.500	1.0000e-07
 7.000	18.750	1.0000e-07
 7.000	19.000	1.0000e-07
 7.000	19.250	1.0000e-07
 7.000	19.500	1.0000e-07
 7.000	19.750	1.0000e-07
 7.000	20.000	1.0000e-07
 7.000	20.250	1.0000e-07
 7.000	20.500	1.0000e-07
 7.000	20.750	1.0000e-07
 7.000	21.000	1.0000e-07
 7.000	21.250	1.0000e-07
 7.000	21.500	1.0000e-07
 7.000	21.750	1.0000e-07
 7.000	22.000	1.0000e-07
 7.000	22.250	1.0000e-07
 7.000	22.500	1.0000e-07
 7.000	22.750	1.0000e-07
 7.000	23.000	1.0000e-07
 7.000	23.250	1.0000e-07
 7.000	23.500	1.0000e-07
 7.000	23.750	1.0000e-07
 7.000	24.000	1.0000e-07
 7.250	17.000	6.0230e-04
 7.250	17.250	2.7160e-06
 7.250	17.500	1.0000e-07
 7.250	17.750	1.0000e-07
 7.250	18.000	1.0000e-07
 7.250	18.250	1.0000e-07
 7.250	18.500	1.0000e-07
 7.250	18.750	1.0000e-07
 7.250	19.000	1.0000e-07
 7.250	19.250	1.0000e-07
 7.250	19.500	1.0000e-07
 7.250	19.750	1.0000e-07
 7.250	20.000	1.0000e-07
 7.250	20.250	1.0000e-07
 7.250	20.500	1.0000e-07
 7.250	20.750	1.0000e-07
 7.250	21.000	1.0000e-07
 7.250	21.250	1.0000e-07
 7.250	21.500	1.0000e-07
 7.250	21.750	1.0000e-07
 7.250	22.000	1.0000e-07
 7.250	22.250	1.0000e-07
 7.250	22.500	1.0000e-07
 7.250	22.750	1.0000e-07
 7.250	23.000	1.0000e-07
 7.250	23.250	1.0000e-07
 7.250	23.500	1.0000e-07
 7.250	23.750	1.0000e-07
 7.250	24.000	1.0000e-07
 7.500	17.000	1.5492e-03
 7.500	17.250	9.9136e-04
 7.500	17.500	2.7984e-06
 7.500	17.750	1.0000e-07
 7.500	18.000	1.0000e-07
 7.500	18.250	1.0000e-07
 7.500	18.500	1.0000e-07
 7.500	18.750	1.0000e-07
 7.500	19.000	1.0000e-07
 7.500	19.250	1.0000e-07
 7.500	19.500	1.0000e-07
 7.500	19.750	1.0000e-07
 7.500	20.000	1.0000e-07
 7.500	20.250	1.0000e-07
 7.500	20.500	1.0000e-07
 7.500	20.750	1.0000e-07
 7.500	21.000	1.0000e-07
 7.500	21.250	1.0000e-07
 7.500	21.500	1.0000e-07
 7.500	21.750	1.0000e-07
 7.500	22.000	1.0000e-07
 7.500	22.250	1.0000e-07
 7.500	22.500	1.0000e-07
 7.500	22.750	1.0000e-07
 7.500	23.000	1.0000e-07
 7.500	23.250	1.0000e-07
 7.500	23.500	1.0000e-07
 7.500	23.750	1.0000e-07
 7.500	24.000	1.0000e-07
 7.750	17.000	2.4943e-03
 7.750	17.250	2.6758e-03
 7.750	17.500	1.6668e-03
 7.750	17.750	2.0576e-06
 7.750	18.000	1.0000e-07
 7.750	18.250	1.0000e-07
 7.750	18.500	1.0000e-07
 7.750	18.750	1.0000e-07
 7.750	19.000	1.0000e-07
 7.750	19.250	1.0000e-07
 7.750	19.500	1.0000e-07
 7.750	19.750	1.0000e-07
 7.750	20.000	1.0000e-07
 7.750	20.250	1.0000e-07
 7.750	20.500	1.0000e-07
 7.750	20.750	1.0000e-07
 7.750	21.000	1.0000e-07
 7.750	21.250	1.0000e-07
 7.750	21.500	1.0000e-07
 7.750	21.750	1.0000e-07
 7.750	22.000	1.0000e-07
 7.750	22.250	1.0000e-07
 7.750	22.500	1.0000e-07
 7.750	22.750	1.0000e-07
 7.750	23.000	1.0000e-07
 7.750	23.250	1.0000e-07
 7.750	23.500	1.0000e-07
 7.750	23.750	1.0000e-07
 7.750	24.000	1.0000e-07
 8.000	17.000	3.3444e-03
 8.000	17.250	4.5617e-03
 8.000	17.500	5.0115e-03
 8.000	17.750	3.0687e-03
 8.000	18.000	6.6667e-06
 8.000	18.250	1.0000e-07
 8.000	18.500	1.0000e-07
 8.000	18.750	1.0000e-07
 8.000	19.000	1.0000e-07
 8.000	19.250	1.0000e-07
 8.000	19.500	1.0000e-07
 8.000	19.750	1.0000e-07
 8.000	20.000	1.0000e-07
 8.000	20.250	1.0000e-07
 8.000	20.500	1.0000e-07
 8.000	20.750	1.0000e-07
 8.000	21.000	1.0000e-07
 8.000	21.250	1.0000e-07
 8.000	21.500	1.0000e-07
 8.000	21.750	1.0000e-07
 8.000	22.000	1.0000e-07
 8.000	22.250	1.0000e-07
 8.000	22.500	1.0000e-07
 8.000	22.750	1.0000e-07
 8.000	23.000	1.0000e-07
 8.000	23.250	1.0000e-07
 8.000	23.500	1.0000e-07
 8.000	23.750	1.0000e-07
 8.000	24.000	1.0000e-07
 8.250	17.000	4.4328e-03
 8.250	17.250	6.3291e-03
 8.250	17.500	8.7746e-03
 8.250	17.750	1.0953e-02
 8.250	18.000	5.5693e-03
 8.250	18.250	5.8436e-06
 8.250	18.500	1.0000e-07
 8.250	18.750	1.0000e-07
 8.250	19.000	1.0000e-07
 8.250	19.250	1.0000e-07
 8.250	19.500	1.0000e-07
 8.250	19.750	1.0000e-07
 8.250	20.000	1.0000e-07
 8.250	20.250	1.0000e-07
 8.250	20.500	1.0000e-07
 8.250	20.750	1.0000e-07
 8.250	21.000	1.0000e-07
 8.250	21.250	1.0000e-07
 8.250	21.500	1.0000e-07
 8.250	21.750	1.0000e-07
 8.250	22.000	1.0000e-07
 8.250	22.250	1.0000e-07
 8.250	22.500	1.0000e-07
 8.250	22.750	1.0000e-07
 8.250	23.000	1.0000e-07
 8.250	23.250	1.0000e-07
 8.250	23.500	1.0000e-07
 8.250	23.750	1.0000e-07
 8.250	24.000	1.0000e-07
 8.500	17.000	5.9087e-03
 8.500	17.250	8.6055e-03
 8.500	17.500	1.2344e-02
 8.500	17.750	1.9354e-02
 8.500	18.000	1.9410e-02
 8.500	18.250	9.1676e-03
 8.500	18.500	5.5720e-05
 8.500	18.750	1.0000e-07
 8.500	19.000	1.0000e-07
 8.500	19.250	1.0000e-07
 8.500	19.500	1.0000e-07
 8.500	19.750	1.0000e-07
 8.500	20.000	1.0000e-07
 8.500	20.250	1.0000e-07
 8.500	20.500	1.0000e-07
 8.500	20.750	1.0000e-07
 8.500	21.000	1.0000e-07
 8.500	21.250	1.0000e-07
 8.500	21.500	1.0000e-07
 8.500	21.750	1.0000e-07
 8.500	22.000	1.0000e-07
 8.500	22.250	1.0000e-07
 8.500	22.500	1.0000e-07
 8.500	22.750	1.0000e-07
 8.500	23.000	1.0000e-07
 8.500	23.250	1.0000e-07
 8.500	23.500	1.0000e-07
 8.500	23.750	1.0000e-07
 8.500	24.000	1.0000e-07
 8.750	17.000	7.7216e-03
 8.750	17.250	1.1566e-02
 8.750	17.500	1.6655e-02
 8.750	17.750	2.5218e-02
 8.750	18.000	3.1059e-02
 8.750	18.250	2.6508e-02
 8.750	18.500	1.2054e-02
 8.750	18.750	1.0000e-07
 8.750	19.000	1.0000e-07
 8.750	19.250	1.0000e-07
 8.750	19.500	1.0000e-07
 8.750	19.750	1.0000e-07
 8.750	20.000	1.0000e-07
 8.750	20.250	1.0000e-07
 8.750	20.500	1.0000e-07
 8.750	20.750	1.0000e-07
 8.750	21.000	1.0000e-07
 8.750	21.250	1.0000e-07
 8.750	21.500	1.0000e-07
 8.750	21.750	1.0000e-07
 8.750	22.000	1.0000e-07
 8.750	22.250	1.0000e-07
 8.750	22.500	1.0000e-07
 8.750	22.750	1.0000e-07
 8.750	23.000	1.0000e-07
 8.750	23.250	1.0000e-07
 8.750	23.500	1.0000e-07
 8.750	23.750	1.0000e-07
 8.750	24.000	1.0000e-07
 9.000	17.000	9.7893e-03
 9.000	17.250	1.5085e-02
 9.000	17.500	2.1880e-02
 9.000	17.750	2.7785e-02
 9.000	18.000	3.6718e-02
 9.000	18.250	3.6811e-02
 9.000	18.500	2.5091e-02
 9.000	18.750	1.0558e-02
 9.000	19.000	1.0000e-07
 9.000	19.250	1.0000e-07
 9.000	19.500	1.0000e-07
 9.000	19.750	1.0000e-07
 9.000	20.000	1.0000e-07
 9.000	20.250	1.0000e-07
 9.000	20.500	1.0000e-07
 9.000	20.750	1.0000e-07
 9.000	21.000	1.0000e-07
 9.000	21.250	1.0000e-07
 9.000	21.500	1.0000e-07
 9.000	21.750	1.0000e-07
 9.000	22.000	1.0000e-07
 9.000	22.250	1.0000e-07
 9.000	22.500	1.0000e-07
 9.000	22.750	1.0000e-07
 9.000	23.000	1.0000e-07
 9.000	23.250	1.0000e-07
 9.000	23.500	1.0000e-07
 9.000	23.750	1.0000e-07
 9.000	24.000	1.0000e-07
 9.250	17.000	1.1961e-02
 9.250	17.250	1.8890e-02
 9.250	17.500	2.7617e-02
 9.250	17.750	3.4235e-02
 9.250	18.000	4.1182e-02
 9.250	18.250	4.0246e-02
 9.250	18.500	3.1547e-02
 9.250	18.750	2.0324e-02
 9.250	19.000	7.5564e-03
 9.250	19.250	1.0000e-07
 9.250	19.500	1.0000e-07
 9.250	19.750	1.0000e-07
 9.250	20.000	1.0000e-07
 9.250	20.250	1.0000e-07
 9.250	20.500	1.0000e-07
 9.250	20.750	1.0000e-07
 9.250	21.000	1.0000e-07
 9.250	21.250	1.0000e-07
 9.250	21.500	1.0000e-07
 9.250	21.750	1.0000e-07
 9.250	22.000	1.0000e-07
 9.250	22.250	1.0000e-07
 9.250	22.500	1.0000e-07
 9.250	22.750	1.0000e-07
 9.250	23.000	1.0000e-07
 9.250	23.250	1.0000e-07
 9.250	23.500	1.0000e-07
 9.250	23.750	1.0000e-07
 9.250	24.000	1.0000e-07
 9.500	17.000	1.4298e-02
 9.500	17.250	2.2889e-02
 9.500	17.500	3.3525e-02
 9.500	17.750	4.0358e-02
 9.500	18.000	4.5541e-02
 9.500	18.250	4.0950e-02
 9.500	18.500	3.4383e-02
 9.500	18.750	2.3079e-02
 9.500	19.000	1.3903e-02
 9.500	19.250	5.8372e-03
 9.500	19.500	1.0000e-07
 9.500	19.750	1.0000e-07
 9.500	20.000	1.0000e-07
 9.500	20.250	1.0000e-07
 9.500	20.500	1.0000e-07
 9.500	20.750	1.0000e-07
 9.500	21.000	1.0000e-07
 9.500	21.250	1.0000e-07
 9.500	21.500	1.0000e-07
 9.500	21.750	1.0000e-07
 9.500	22.000	1.0000e-07
 9.500	22.250	1.0000e-07
 9.500	22.500	1.0000e-07
 9.500	22.750	1.0000e-07
 9.500	23.000	1.0000e-07
 9.500	23.250	1.0000e-07
 9.500	23.500	1.0000e-07
 9.500	23.750	1.0000e-07
 9.500	24.000	1.0000e-07
 9.750	17.000	1.6509e-02
 9.750	17.250	2.6817e-02
 9.750	17.500	3.8986e-02
 9.750	17.750	4.5473e-02
 9.750	18.000	4.1346e-02
 9.750	18.250	4.2173e-02
 9.750	18.500	3.3749e-02
 9.750	18.750	3.0330e-02
 9.750	19.000	1.6401e-02
 9.750	19.250	1.2876e-02
 9.750	19.500	5.1959e-04
 9.750	19.750	1.0000e-07
 9.750	20.000	1.0000e-07
 9.750	20.250	1.0000e-07
 9.750	20.500	1.0000e-07
 9.750	20.750	1.0000e-07
 9.750	21.000	1.0000e-07
 9.750	21.250	1.0000e-07
 9.750	21.500	1.0000e-07
 9.750	21.750	1.0000e-07
 9.750	22.000	1.0000e-07
 9.750	22.250	1.0000e-07
 9.750	22.500	1.0000e-07
 9.750	22.750	1.0000e-07
 9.750	23.000	1.0000e-07
 9.750	23.250	1.0000e-07
 9.750	23.500	1.0000e-07
 9.750	23.750	1.0000e-07
 9.750	24.000	1.0000e-07
10.000	17.000	1.8546e-02
10.000	17.250	3.0441e-02
10.000	17.500	4.3578e-02
10.000	17.750	4.9135e-02
10.000	18.000	4.3632e-02
10.000	18.250	4.2632e-02
10.000	18.500	3.5462e-02
10.000	18.750	2.7227e-02
10.000	19.000	1.6742e-02
10.000	19.250	1.5358e-02
10.000	19.500	9.9390e-03
10.000	19.750	1.0000e-07
10.000	20.000	1.0000e-07
10.000	20.250	1.0000e-07
10.000	20.500	1.0000e-07
10.000	20.750	1.0000e-07
10.000	21.000	1.0000e-07
10.000	21.250	1.0000e-07
10.000	21.500	1.0000e-07
10.000	21.750	1.0000e-07
10.000	22.000	1.0000e-07
10.000	22.250	1.0000e-07
10.000	22.500	1.0000e-07
10.000	22.750	1.0000e-07
10.000	23.000	1.0000e-07
10.000	23.250	1.0000e-07
10.000	23.500	1.0000e-07
10.000	23.750	1.0000e-07
10.000	24.000	1.0000e-07
10.250	17.000	2.0171e-02
10.250	17.250	3.3496e-02
10.250	17.500	4.7335e-02
10.250	17.750	5.1750e-02
10.250	18.000	4.5110e-02
10.250	18.250	4.2124e-02
10.250	18.500	3.3919e-02
10.250	18.750	2.6009e-02
10.250	19.000	1.6580e-02
10.250	19.250	9.9411e-03
10.250	19.500	8.2525e-03
10.250	19.750	3.3911e-03
10.250	20.000	1.0000e-07
10.250	20.250	1.0000e-07
10.250	20.500	1.0000e-07
10.250	20.750	1.0000e-07
10.250	21.000	1.0000e-07
10.250	21.250	1.0000e-07
10.250	21.500	1.0000e-07
10.250	21.750	1.0000e-07
10.250	22.000	1.0000e-07
10.250	22.250	1.0000e-07
10.250	22.500	1.0000e-07
10.250	22.750	1.0000e-07
10.250	23.000	1.0000e-07
10.250	23.250	1.0000e-07
10.250	23.500	1.0000e-07
10.250	23.750	1.0000e-07
10.250	24.000	1.0000e-07
10.500	17.000	2.1244e-02
10.500	17.250	3.5642e-02
10.500	17.500	4.9748e-02
10.500	17.750	5.2770e-02
10.500	18.000	4.5473e-02
10.500	18.250	3.5807e-02
10.500	18.500	3.2978e-02
10.500	18.750	1.5956e-02
10.500	19.000	1.0521e-02
10.500	19.250	7.1436e-03
10.500	19.500	7.6995e-03
10.500	19.750	4.9514e-03
10.500	20.000	8.1095e-04
10.500	20.250	1.0000e-07
10.500	20.500	1.0000e-07
10.500	20.750	1.0000e-07
10.500	21.000	1.0000e-07
10.500	21.250	1.0000e-07
10.500	21.500	1.0000e-07
10.500	21.750	1.0000e-07
10.500	22.000	1.0000e-07
10.500	22.250	1.0000e-07
10.500	22.500	1.0000e-07
10.500	22.750	1.0000e-07
10.500	23.000	1.0000e-07
10.500	23.250	1.0000e-07
10.500	23.500	1.0000e-07
10.500	23.750	1.0000e-07
10.500	24.000	1.0000e-07
10.750	17.000	2.1564e-02
10.750	17.250	3.6580e-02
10.750	17.500	5.0362e-02
10.750	17.750	5.2116e-02
10.750	18.000	4.3862e-02
10.750	18.250	3.3876e-02
10.750	18.500	2.2118e-02
10.750	18.750	1.4528e-02
10.750	19.000	9.7463e-03
10.750	19.250	6.7153e-03
10.750	19.500	4.9537e-03
10.750	19.750	3.6419e-03
10.750	20.000	3.6940e-03
10.750	20.250	3.1243e-04
10.750	20.500	1.0000e-07
10.750	20.750	1.0000e-07
10.750	21.000	1.0000e-07
10.750	21.250	1.0000e-07
10.750	21.500	1.0000e-07
10.750	21.750	1.0000e-07
10.750	22.000	1.0000e-07
10.750	22.250	1.0000e-07
10.750	22.500	1.0000e-07
10.750	22.750	1.0000e-07
10.750	23.000	1.0000e-07
10.750	23.250	1.0000e-07
10.750	23.500	1.0000e-07
10.750	23.750	1.0000e-07
10.750	24.000	1.0000e-07
11.000	17.000	2.1200e-02
11.000	17.250	3.6192e-02
11.000	17.500	4.9374e-02
11.000	17.750	4.9177e-02
11.000	18.000	4.0538e-02
11.000	18.250	3.1236e-02
11.000	18.500	1.9556e-02
11.000	18.750	1.2834e-02
11.000	19.000	9.2146e-03
11.000	19.250	6.0932e-03
11.000	19.500	5.3579e-03
11.000	19.750	3.0630e-03
11.000	20.000	3.1211e-03
11.000	20.250	3.0020e-03
11.000	20.500	6.6667e-06
11.000	20.750	1.0000e-07
11.000	21.000	1.0000e-07
11.000	21.250	1.0000e-07
11.000	21.500	1.0000e-07
11.000	21.750	1.0000e-07
11.000	22.000	1.0000e-07
11.000	22.250	1.0000e-07
11.000	22.500	1.0000e-07
11.000	22.750	1.0000e-07
11.000	23.000	1.0000e-07
11.000	23.250	1.0000e-07
11.000	23.500	1.0000e-07
11.000	23.750	1.0000e-07
11.000	24.000	1.0000e-07
11.250	17.000	2.0376e-02
11.250	17.250	3.4886e-02
11.250	17.500	4.6404e-02
11.250	17.750	4.5198e-02
11.250	18.000	3.6565e-02
11.250	18.250	2.7163e-02
11.250	18.500	1.9391e-02
11.250	18.750	1.0974e-02
11.250	19.000	7.7971e-03
11.250	19.250	5.1349e-03
11.250	19.500	3.4185e-03
11.250	19.750	2.5453e-03
11.250	20.000	2.3611e-03
11.250	20.250	2.3278e-03
11.250	20.500	2.6771e-03
11.250	20.750	4.7737e-06
11.250	21.000	1.0000e-07
11.250	21.250	1.0000e-07
11.250	21.500	1.0000e-07
11.250	21.750	1.0000e-07
11.250	22.000	1.0000e-07
11.250	22.250	1.0000e-07
11.250	22.500	1.0000e-07
11.250	22.750	1.0000e-07
11.250	23.000	1.0000e-07
11.250	23.250	1.0000e-07
11.250	23.500	1.0000e-07
11.250	23.750	1.0000e-07
11.250	24.000	1.0000e-07
11.500	17.000	1.9604e-02
11.500	17.250	3.2793e-02
11.500	17.500	4.2255e-02
11.500	17.750	4.0232e-02
11.500	18.000	3.1755e-02
11.500	18.250	2.3331e-02
11.500	18.500	1.7698e-02
11.500	18.750	9.6741e-03
11.500	19.000	6.0528e-03
11.500	19.250	4.0879e-03
11.500	19.500	3.7226e-03
11.500	19.750	2.2752e-03
11.500	20.000	1.8348e-03
11.500	20.250	1.8345e-03
11.500	20.500	2.1802e-03
11.500	20.750	3.8095e-03
11.500	21.000	1.7284e-06
11.500	21.250	1.0000e-07
11.500	21.500	1.0000e-07
11.500	21.750	1.0000e-07
11.500	22.000	1.0000e-07
11.500	22.250	1.0000e-07
11.500	22.500	1.0000e-07
11.500	22.750	1.0000e-07
11.500	23.000	1.0000e-07
11.500	23.250	1.0000e-07
11.500	23.500	1.0000e-07
11.500	23.750	1.0000e-07
11.500	24.000	1.0000e-07
11.750	17.000	1.9056e-02
11.750	17.250	3.0217e-02
11.750	17.500	3.7445e-02
11.750	17.750	3.4736e-02
11.750	18.000	2.6999e-02
11.750	18.250	1.9907e-02
11.750	18.500	1.4055e-02
11.750	18.750	1.0068e-02
11.750	19.000	5.1035e-03
11.750	19.250	3.2131e-03
11.750	19.500	2.3249e-03
11.750	19.750	1.7476e-03
11.750	20.000	1.5010e-03
11.750	20.250	1.5053e-03
11.750	20.500	1.7156e-03
11.750	20.750	2.1919e-03
11.750	21.000	4.2357e-03
11.750	21.250	1.0700e-06
11.750	21.500	1.0000e-07
11.750	21.750	1.0000e-07
11.750	22.000	1.0000e-07
11.750	22.250	1.0000e-07
11.750	22.500	1.0000e-07
11.750	22.750	1.0000e-07
11.750	23.000	1.0000e-07
11.750	23.250	1.0000e-07
11.750	23.500	1.0000e-07
11.750	23.750	1.0000e-07
11.750	24.000	1.0000e-07
12.000	17.000	1.8498e-02
12.000	17.250	2.7533e-02
12.000	17.500	3.2277e-02
12.000	17.750	2.9075e-02
12.000	18.000	2.2271e-02
12.000	18.250	1.6761e-02
12.000	18.500	1.2187e-02
12.000	18.750	7.7340e-03
12.000	19.000	4.1646e-03
12.000	19.250	2.7831e-03
12.000	19.500	1.9518e-03
12.000	19.750	1.4027e-03
12.000	20.000	1.2570e-03
12.000	20.250	1.1566e-03
12.000	20.500	1.2906e-03
12.000	20.750	1.6331e-03
12.000	21.000	2.0398e-03
12.000	21.250	4.0187e-03
12.000	21.500	1.1523e-06
12.000	21.750	1.0000e-07
12.000	22.000	1.0000e-07
12.000	22.250	1.0000e-07
12.000	22.500	1.0000e-07
12.000	22.750	1.0000e-07
12.000	23.000	1.0000e-07
12.000	23.250	1.0000e-07
12.000	23.500	1.0000e-07
12.000	23.750	1.0000e-07
12.000	24.000	1.0000e-07
12.250	17.000	1.7905e-02
12.250	17.250	2.4724e-02
12.250	17.500	2.7053e-02
12.250	17.750	2.3570e-02
12.250	18.000	1.8107e-02
12.250	18.250	1.3335e-02
12.250	18.500	9.5076e-03
12.250	18.750	6.4087e-03
12.250	19.000	3.4823e-03
12.250	19.250	2.2470e-03
12.250	19.500	1.4999e-03
12.250	19.750	1.1626e-03
12.250	20.000	9.5095e-04
12.250	20.250	8.9210e-04
12.250	20.500	9.6329e-04
12.250	20.750	1.1759e-03
12.250	21.000	1.5198e-03
12.250	21.250	1.9095e-03
12.250	21.500	3.5677e-03
12.250	21.750	9.0535e-07
12.250	22.000	1.0000e-07
12.250	22.250	1.0000e-07
12.250	22.500	1.0000e-07
12.250	22.750	1.0000e-07
12.250	23.000	1.0000e-07
12.250	23.250	1.0000e-07
12.250	23.500	1.0000e-07
12.250	23.750	1.0000e-07
12.250	24.000	1.0000e-07
12.500	17.000	1.5564e-02
12.500	17.250	2.1261e-02
12.500	17.500	2.2101e-02
12.500	17.750	1.8955e-02
12.500	18.000	1.4650e-02
12.500	18.250	1.0813e-02
12.500	18.500	7.3669e-03
12.500	18.750	4.9324e-03
12.500	19.000	3.2523e-03
12.500	19.250	1.8424e-03
12.500	19.500	1.2374e-03
12.500	19.750	9.8370e-04
12.500	20.000	7.9342e-04
12.500	20.250	7.1267e-04
12.500	20.500	7.2593e-04
12.500	20.750	8.4494e-04
12.500	21.000	1.0753e-03
12.500	21.250	1.4058e-03
12.500	21.500	1.7468e-03
12.500	21.750	2.3584e-03
12.500	22.000	1.0000e-07
12.500	22.250	1.0000e-07
12.500	22.500	1.0000e-07
12.500	22.750	1.0000e-07
12.500	23.000	1.0000e-07
12.500	23.250	1.0000e-07
12.500	23.500	1.0000e-07
12.500	23.750	1.0000e-07
12.500	24.000	1.0000e-07
12.750	17.000	1.0282e-02
12.750	17.250	1.5617e-02
12.750	17.500	1.7035e-02
12.750	17.750	1.5066e-02
12.750	18.000	1.1738e-02
12.750	18.250	8.4710e-03
12.750	18.500	5.9404e-03
12.750	18.750	3.9604e-03
12.750	19.000	2.5687e-03
12.750	19.250	1.5136e-03
12.750	19.500	1.0340e-03
12.750	19.750	8.0189e-04
12.750	20.000	6.6971e-04
12.750	20.250	5.9021e-04
12.750	20.500	5.7128e-04
12.750	20.750	6.1802e-04
12.750	21.000	7.5235e-04
12.750	21.250	9.8173e-04
12.750	21.500	1.2638e-03
12.750	21.750	1.5856e-03
12.750	22.000	1.7560e-03
12.750	22.250	1.0000e-07
12.750	22.500	1.0000e-07
12.750	22.750	1.0000e-07
12.750	23.000	1.0000e-07
12.750	23.250	1.0000e-07
12.750	23.500	1.0000e-07
12.750	23.750	1.0000e-07
12.750	24.000	1.0000e-07
13.000	17.000	4.5217e-03
13.000	17.250	8.0991e-03
13.000	17.500	1.0881e-02
13.000	17.750	1.0946e-02
13.000	18.000	9.0009e-03
13.000	18.250	6.6228e-03
13.000	18.500	4.6215e-03
13.000	18.750	3.0902e-03
13.000	19.000	1.7691e-03
13.000	19.250	1.2844e-03
13.000	19.500	8.9473e-04
13.000	19.750	6.9473e-04
13.000	20.000	5.7391e-04
13.000	20.250	5.1210e-04
13.000	20.500	4.7292e-04
13.000	20.750	4.7605e-04
13.000	21.000	5.2963e-04
13.000	21.250	6.6058e-04
13.000	21.500	8.5424e-04
13.000	21.750	1.0960e-03
13.000	22.000	1.3585e-03
13.000	22.250	1.1477e-03
13.000	22.500	1.0000e-07
13.000	22.750	1.0000e-07
13.000	23.000	1.0000e-07
13.000	23.250	1.0000e-07
13.000	23.500	1.0000e-07
13.000	23.750	1.0000e-07
13.000	24.000	1.0000e-07
13.250	17.000	2.7536e-03
13.250	17.250	4.4889e-03
13.250	17.500	6.3014e-03
13.250	17.750	7.0007e-03
13.250	18.000	6.1309e-03
13.250	18.250	4.9251e-03
13.250	18.500	3.4943e-03
13.250	18.750	2.3826e-03
13.250	19.000	1.6498e-03
13.250	19.250	1.0509e-03
13.250	19.500	7.8263e-04
13.250	19.750	6.0741e-04
13.250	20.000	5.1053e-04
13.250	20.250	4.4971e-04
13.250	20.500	4.0551e-04
13.250	20.750	3.8486e-04
13.250	21.000	3.9473e-04
13.250	21.250	4.4412e-04
13.250	21.500	5.3424e-04
13.250	21.750	6.9177e-04
13.250	22.000	8.8494e-04
13.250	22.250	1.0918e-03
13.250	22.500	7.8848e-04
13.250	22.750	1.0000e-07
13.250	23.000	1.0000e-07
13.250	23.250	1.0000e-07
13.250	23.500	1.0000e-07
13.250	23.750	1.0000e-07
13.250	24.000	1.0000e-07
13.500	17.000	1.6691e-03
13.500	17.250	2.7919e-03
13.500	17.500	3.9998e-03
13.500	17.750	4.6049e-03
13.500	18.000	4.3416e-03
13.500	18.250	3.4043e-03
13.500	18.500	2.6311e-03
13.500	18.750	1.8716e-03
13.500	19.000	1.2694e-03
13.500	19.250	8.3720e-04
13.500	19.500	6.7235e-04
13.500	19.750	5.3012e-04
13.500	20.000	4.5885e-04
13.500	20.250	3.9992e-04
13.500	20.500	3.5786e-04
13.500	20.750	3.2535e-04
13.500	21.000	3.0700e-04
13.500	21.250	3.1185e-04
13.500	21.500	3.3827e-04
13.500	21.750	4.0790e-04
13.500	22.000	5.2222e-04
13.500	22.250	6.5440e-04
13.500	22.500	8.1654e-04
13.500	22.750	5.0321e-04
13.500	23.000	1.0000e-07
13.500	23.250	1.0000e-07
13.500	23.500	1.0000e-07
13.500	23.750	1.0000e-07
13.500	24.000	1.0000e-07
13.750	17.000	1.0271e-03
13.750	17.250	1.7461e-03
13.750	17.500	2.5385e-03
13.750	17.750	2.9834e-03
13.750	18.000	2.9799e-03
13.750	18.250	2.4430e-03
13.750	18.500	1.8315e-03
13.750	18.750	1.4389e-03
13.750	19.000	1.0310e-03
13.750	19.250	7.6412e-04
13.750	19.500	5.4280e-04
13.750	19.750	4.6683e-04
13.750	20.000	4.1259e-04
13.750	20.250	3.6724e-04
13.750	20.500	3.2765e-04
13.750	20.750	2.9292e-04
13.750	21.000	2.6173e-04
13.750	21.250	2.4033e-04
13.750	21.500	2.3366e-04
13.750	21.750	2.4757e-04
13.750	22.000	2.8823e-04
13.750	22.250	3.5794e-04
13.750	22.500	4.5424e-04
13.750	22.750	5.8617e-04
13.750	23.000	2.4807e-04
13.750	23.250	1.0000e-07
13.750	23.500	1.0000e-07
13.750	23.750	1.0000e-07
13.750	24.000	1.0000e-07
14.000	17.000	6.4198e-04
14.000	17.250	1.0804e-03
14.000	17.500	1.6216e-03
14.000	17.750	1.9736e-03
14.000	18.000	1.9898e-03
14.000	18.250	1.7423e-03
14.000	18.500	1.3723e-03
14.000	18.750	1.0471e-03
14.000	19.000	8.4033e-04
14.000	19.250	6.4156e-04
14.000	19.500	4.9424e-04
14.000	19.750	4.2551e-04
14.000	20.000	3.8568e-04
14.000	20.250	3.4436e-04
14.000	20.500	3.1029e-04
14.000	20.750	2.7819e-04
14.000	21.000	2.4527e-04
14.000	21.250	2.1490e-04
14.000	21.500	1.8922e-04
14.000	21.750	1.7597e-04
14.000	22.000	1.7671e-04
14.000	22.250	1.9671e-04
14.000	22.500	2.3885e-04
14.000	22.750	3.0477e-04
14.000	23.000	4.6741e-04
14.000	23.250	3.1852e-05
14.000	23.500	1.0000e-07
14.000	23.750	1.0000e-07
14.000	24.000	1.0000e-07
