nInu 496.874A  relative to Inci 1215.00A scaled to 1215A.
Hden   Phi(H)  Eq_Width (A)
 7.000	17.000	1.3214e-02
 7.000	17.250	5.7538e-01
 7.000	17.500	8.3475e-01
 7.000	17.750	8.8400e-01
 7.000	18.000	8.9954e-01
 7.000	18.250	9.0794e-01
 7.000	18.500	9.1289e-01
 7.000	18.750	9.1397e-01
 7.000	19.000	9.1436e-01
 7.000	19.250	9.1451e-01
 7.000	19.500	9.1453e-01
 7.000	19.750	9.1453e-01
 7.000	20.000	9.1454e-01
 7.000	20.250	9.1454e-01
 7.000	20.500	9.1454e-01
 7.000	20.750	9.1454e-01
 7.000	21.000	9.1454e-01
 7.000	21.250	9.1454e-01
 7.000	21.500	9.1454e-01
 7.000	21.750	9.1454e-01
 7.000	22.000	9.1454e-01
 7.000	22.250	9.1454e-01
 7.000	22.500	9.1454e-01
 7.000	22.750	9.1454e-01
 7.000	23.000	9.1454e-01
 7.000	23.250	9.1454e-01
 7.000	23.500	9.1454e-01
 7.000	23.750	9.1454e-01
 7.000	24.000	9.1454e-01
 7.250	17.000	6.7916e-03
 7.250	17.250	1.3284e-02
 7.250	17.500	5.7905e-01
 7.250	17.750	8.3522e-01
 7.250	18.000	8.8417e-01
 7.250	18.250	8.9971e-01
 7.250	18.500	9.0794e-01
 7.250	18.750	9.1290e-01
 7.250	19.000	9.1397e-01
 7.250	19.250	9.1436e-01
 7.250	19.500	9.1451e-01
 7.250	19.750	9.1453e-01
 7.250	20.000	9.1453e-01
 7.250	20.250	9.1454e-01
 7.250	20.500	9.1454e-01
 7.250	20.750	9.1454e-01
 7.250	21.000	9.1454e-01
 7.250	21.250	9.1454e-01
 7.250	21.500	9.1454e-01
 7.250	21.750	9.1454e-01
 7.250	22.000	9.1454e-01
 7.250	22.250	9.1454e-01
 7.250	22.500	9.1454e-01
 7.250	22.750	9.1454e-01
 7.250	23.000	9.1454e-01
 7.250	23.250	9.1454e-01
 7.250	23.500	9.1454e-01
 7.250	23.750	9.1454e-01
 7.250	24.000	9.1454e-01
 7.500	17.000	3.5966e-03
 7.500	17.250	6.8216e-03
 7.500	17.500	1.3341e-02
 7.500	17.750	5.8051e-01
 7.500	18.000	8.3556e-01
 7.500	18.250	8.8468e-01
 7.500	18.500	8.9972e-01
 7.500	18.750	9.0797e-01
 7.500	19.000	9.1290e-01
 7.500	19.250	9.1398e-01
 7.500	19.500	9.1436e-01
 7.500	19.750	9.1451e-01
 7.500	20.000	9.1453e-01
 7.500	20.250	9.1454e-01
 7.500	20.500	9.1454e-01
 7.500	20.750	9.1454e-01
 7.500	21.000	9.1454e-01
 7.500	21.250	9.1454e-01
 7.500	21.500	9.1454e-01
 7.500	21.750	9.1454e-01
 7.500	22.000	9.1454e-01
 7.500	22.250	9.1454e-01
 7.500	22.500	9.1454e-01
 7.500	22.750	9.1454e-01
 7.500	23.000	9.1454e-01
 7.500	23.250	9.1454e-01
 7.500	23.500	9.1454e-01
 7.500	23.750	9.1454e-01
 7.500	24.000	9.1454e-01
 7.750	17.000	1.9107e-03
 7.750	17.250	3.6095e-03
 7.750	17.500	6.8377e-03
 7.750	17.750	1.3385e-02
 7.750	18.000	5.8638e-01
 7.750	18.250	8.3642e-01
 7.750	18.500	8.8509e-01
 7.750	18.750	8.9987e-01
 7.750	19.000	9.0799e-01
 7.750	19.250	9.1291e-01
 7.750	19.500	9.1398e-01
 7.750	19.750	9.1436e-01
 7.750	20.000	9.1451e-01
 7.750	20.250	9.1453e-01
 7.750	20.500	9.1454e-01
 7.750	20.750	9.1454e-01
 7.750	21.000	9.1454e-01
 7.750	21.250	9.1454e-01
 7.750	21.500	9.1454e-01
 7.750	21.750	9.1454e-01
 7.750	22.000	9.1454e-01
 7.750	22.250	9.1454e-01
 7.750	22.500	9.1454e-01
 7.750	22.750	9.1454e-01
 7.750	23.000	9.1454e-01
 7.750	23.250	9.1454e-01
 7.750	23.500	9.1454e-01
 7.750	23.750	9.1454e-01
 7.750	24.000	9.1454e-01
 8.000	17.000	1.0058e-03
 8.000	17.250	1.9030e-03
 8.000	17.500	3.5939e-03
 8.000	17.750	6.8258e-03
 8.000	18.000	1.3367e-02
 8.000	18.250	5.8557e-01
 8.000	18.500	8.3739e-01
 8.000	18.750	8.8534e-01
 8.000	19.000	9.0010e-01
 8.000	19.250	9.0803e-01
 8.000	19.500	9.1291e-01
 8.000	19.750	9.1398e-01
 8.000	20.000	9.1436e-01
 8.000	20.250	9.1451e-01
 8.000	20.500	9.1453e-01
 8.000	20.750	9.1453e-01
 8.000	21.000	9.1454e-01
 8.000	21.250	9.1454e-01
 8.000	21.500	9.1454e-01
 8.000	21.750	9.1454e-01
 8.000	22.000	9.1454e-01
 8.000	22.250	9.1454e-01
 8.000	22.500	9.1454e-01
 8.000	22.750	9.1454e-01
 8.000	23.000	9.1454e-01
 8.000	23.250	9.1454e-01
 8.000	23.500	9.1454e-01
 8.000	23.750	9.1454e-01
 8.000	24.000	9.1454e-01
 8.250	17.000	5.3251e-04
 8.250	17.250	1.0078e-03
 8.250	17.500	1.9053e-03
 8.250	17.750	3.5979e-03
 8.250	18.000	6.8350e-03
 8.250	18.250	1.3386e-02
 8.250	18.500	5.8441e-01
 8.250	18.750	8.3786e-01
 8.250	19.000	8.8596e-01
 8.250	19.250	9.0021e-01
 8.250	19.500	9.0806e-01
 8.250	19.750	9.1292e-01
 8.250	20.000	9.1398e-01
 8.250	20.250	9.1436e-01
 8.250	20.500	9.1451e-01
 8.250	20.750	9.1453e-01
 8.250	21.000	9.1453e-01
 8.250	21.250	9.1454e-01
 8.250	21.500	9.1454e-01
 8.250	21.750	9.1454e-01
 8.250	22.000	9.1454e-01
 8.250	22.250	9.1454e-01
 8.250	22.500	9.1454e-01
 8.250	22.750	9.1454e-01
 8.250	23.000	9.1454e-01
 8.250	23.250	9.1454e-01
 8.250	23.500	9.1454e-01
 8.250	23.750	9.1454e-01
 8.250	24.000	9.1454e-01
 8.500	17.000	2.8206e-04
 8.500	17.250	5.3325e-04
 8.500	17.500	1.0093e-03
 8.500	17.750	1.9072e-03
 8.500	18.000	3.6059e-03
 8.500	18.250	6.8434e-03
 8.500	18.500	1.3407e-02
 8.500	18.750	5.8567e-01
 8.500	19.000	8.3884e-01
 8.500	19.250	8.8633e-01
 8.500	19.500	9.0047e-01
 8.500	19.750	9.0812e-01
 8.500	20.000	9.1293e-01
 8.500	20.250	9.1398e-01
 8.500	20.500	9.1436e-01
 8.500	20.750	9.1451e-01
 8.500	21.000	9.1453e-01
 8.500	21.250	9.1453e-01
 8.500	21.500	9.1454e-01
 8.500	21.750	9.1454e-01
 8.500	22.000	9.1454e-01
 8.500	22.250	9.1454e-01
 8.500	22.500	9.1454e-01
 8.500	22.750	9.1454e-01
 8.500	23.000	9.1454e-01
 8.500	23.250	9.1454e-01
 8.500	23.500	9.1454e-01
 8.500	23.750	9.1454e-01
 8.500	24.000	9.1454e-01
 8.750	17.000	1.4971e-04
 8.750	17.250	2.8230e-04
 8.750	17.500	5.3391e-04
 8.750	17.750	1.0109e-03
 8.750	18.000	1.9130e-03
 8.750	18.250	3.6200e-03
 8.750	18.500	6.8717e-03
 8.750	18.750	1.3459e-02
 8.750	19.000	5.8406e-01
 8.750	19.250	8.3913e-01
 8.750	19.500	8.8701e-01
 8.750	19.750	9.0057e-01
 8.750	20.000	9.0819e-01
 8.750	20.250	9.1294e-01
 8.750	20.500	9.1399e-01
 8.750	20.750	9.1436e-01
 8.750	21.000	9.1451e-01
 8.750	21.250	9.1453e-01
 8.750	21.500	9.1453e-01
 8.750	21.750	9.1454e-01
 8.750	22.000	9.1454e-01
 8.750	22.250	9.1454e-01
 8.750	22.500	9.1454e-01
 8.750	22.750	9.1454e-01
 8.750	23.000	9.1454e-01
 8.750	23.250	9.1454e-01
 8.750	23.500	9.1454e-01
 8.750	23.750	9.1454e-01
 8.750	24.000	9.1454e-01
 9.000	17.000	7.9424e-05
 9.000	17.250	1.5004e-04
 9.000	17.500	2.8305e-04
 9.000	17.750	5.3605e-04
 9.000	18.000	1.0163e-03
 9.000	18.250	1.9250e-03
 9.000	18.500	3.6424e-03
 9.000	18.750	6.9340e-03
 9.000	19.000	1.7193e-02
 9.000	19.250	5.8812e-01
 9.000	19.500	8.3979e-01
 9.000	19.750	8.8780e-01
 9.000	20.000	9.0081e-01
 9.000	20.250	9.0826e-01
 9.000	20.500	9.1296e-01
 9.000	20.750	9.1399e-01
 9.000	21.000	9.1437e-01
 9.000	21.250	9.1451e-01
 9.000	21.500	9.1453e-01
 9.000	21.750	9.1454e-01
 9.000	22.000	9.1454e-01
 9.000	22.250	9.1454e-01
 9.000	22.500	9.1454e-01
 9.000	22.750	9.1454e-01
 9.000	23.000	9.1454e-01
 9.000	23.250	9.1454e-01
 9.000	23.500	9.1454e-01
 9.000	23.750	9.1454e-01
 9.000	24.000	9.1454e-01
 9.250	17.000	4.1564e-05
 9.250	17.250	7.9671e-05
 9.250	17.500	1.5103e-04
 9.250	17.750	2.8560e-04
 9.250	18.000	5.4099e-04
 9.250	18.250	1.0259e-03
 9.250	18.500	1.9455e-03
 9.250	18.750	3.7025e-03
 9.250	19.000	7.1016e-03
 9.250	19.250	5.4797e-02
 9.250	19.500	5.9324e-01
 9.250	19.750	8.4056e-01
 9.250	20.000	8.8838e-01
 9.250	20.250	9.0107e-01
 9.250	20.500	9.0833e-01
 9.250	20.750	9.1298e-01
 9.250	21.000	9.1400e-01
 9.250	21.250	9.1437e-01
 9.250	21.500	9.1451e-01
 9.250	21.750	9.1453e-01
 9.250	22.000	9.1454e-01
 9.250	22.250	9.1454e-01
 9.250	22.500	9.1454e-01
 9.250	22.750	9.1454e-01
 9.250	23.000	9.1454e-01
 9.250	23.250	9.1454e-01
 9.250	23.500	9.1454e-01
 9.250	23.750	9.1454e-01
 9.250	24.000	9.1454e-01
 9.500	17.000	2.1317e-05
 9.500	17.250	4.1893e-05
 9.500	17.500	8.0823e-05
 9.500	17.750	1.5366e-04
 9.500	18.000	2.9021e-04
 9.500	18.250	5.4938e-04
 9.500	18.500	1.0434e-03
 9.500	18.750	1.9951e-03
 9.500	19.000	3.8325e-03
 9.500	19.250	7.4401e-03
 9.500	19.500	1.5824e-01
 9.500	19.750	5.9961e-01
 9.500	20.000	8.4177e-01
 9.500	20.250	8.8885e-01
 9.500	20.500	9.0129e-01
 9.500	20.750	9.0840e-01
 9.500	21.000	9.1299e-01
 9.500	21.250	9.1400e-01
 9.500	21.500	9.1437e-01
 9.500	21.750	9.1451e-01
 9.500	22.000	9.1453e-01
 9.500	22.250	9.1454e-01
 9.500	22.500	9.1454e-01
 9.500	22.750	9.1454e-01
 9.500	23.000	9.1454e-01
 9.500	23.250	9.1454e-01
 9.500	23.500	9.1454e-01
 9.500	23.750	9.1454e-01
 9.500	24.000	9.1454e-01
 9.750	17.000	1.0535e-05
 9.750	17.250	2.1481e-05
 9.750	17.500	4.2798e-05
 9.750	17.750	8.2963e-05
 9.750	18.000	1.5728e-04
 9.750	18.250	2.9712e-04
 9.750	18.500	5.6502e-04
 9.750	18.750	1.0842e-03
 9.750	19.000	2.1043e-03
 9.750	19.250	4.0999e-03
 9.750	19.500	7.9930e-03
 9.750	19.750	2.6404e-01
 9.750	20.000	6.2067e-01
 9.750	20.250	8.4234e-01
 9.750	20.500	8.8931e-01
 9.750	20.750	9.0154e-01
 9.750	21.000	9.0849e-01
 9.750	21.250	9.1302e-01
 9.750	21.500	9.1401e-01
 9.750	21.750	9.1437e-01
 9.750	22.000	9.1451e-01
 9.750	22.250	9.1453e-01
 9.750	22.500	9.1454e-01
 9.750	22.750	9.1454e-01
 9.750	23.000	9.1454e-01
 9.750	23.250	9.1454e-01
 9.750	23.500	9.1454e-01
 9.750	23.750	9.1454e-01
 9.750	24.000	9.1454e-01
10.000	17.000	4.7737e-06
10.000	17.250	1.0700e-05
10.000	17.500	2.2140e-05
10.000	17.750	4.4280e-05
10.000	18.000	8.5844e-05
10.000	18.250	1.6288e-04
10.000	18.500	3.0971e-04
10.000	18.750	5.9687e-04
10.000	19.000	1.1653e-03
10.000	19.250	2.2874e-03
10.000	19.500	4.4708e-03
10.000	19.750	1.5188e-02
10.000	20.000	3.4257e-01
10.000	20.250	6.5670e-01
10.000	20.500	8.4473e-01
10.000	20.750	8.9006e-01
10.000	21.000	9.0181e-01
10.000	21.250	9.0858e-01
10.000	21.500	9.1304e-01
10.000	21.750	9.1402e-01
10.000	22.000	9.1437e-01
10.000	22.250	9.1451e-01
10.000	22.500	9.1453e-01
10.000	22.750	9.1454e-01
10.000	23.000	9.1454e-01
10.000	23.250	9.1454e-01
10.000	23.500	9.1454e-01
10.000	23.750	9.1454e-01
10.000	24.000	9.1454e-01
10.250	17.000	2.3045e-06
10.250	17.250	4.8560e-06
10.250	17.500	1.1029e-05
10.250	17.750	2.3045e-05
10.250	18.000	4.6173e-05
10.250	18.250	9.0123e-05
10.250	18.500	1.7292e-04
10.250	18.750	3.3473e-04
10.250	19.000	6.5358e-04
10.250	19.250	1.2853e-03
10.250	19.500	2.5283e-03
10.250	19.750	4.9332e-03
10.250	20.000	1.0497e-01
10.250	20.250	3.9748e-01
10.250	20.500	6.8051e-01
10.250	20.750	8.4748e-01
10.250	21.000	8.9053e-01
10.250	21.250	9.0214e-01
10.250	21.500	9.0867e-01
10.250	21.750	9.1307e-01
10.250	22.000	9.1403e-01
10.250	22.250	9.1438e-01
10.250	22.500	9.1451e-01
10.250	22.750	9.1453e-01
10.250	23.000	9.1453e-01
10.250	23.250	9.1454e-01
10.250	23.500	9.1454e-01
10.250	23.750	9.1454e-01
10.250	24.000	9.1454e-01
10.500	17.000	1.1523e-06
10.500	17.250	2.3045e-06
10.500	17.500	5.0206e-06
10.500	17.750	1.1605e-05
10.500	18.000	2.4362e-05
10.500	18.250	4.9218e-05
10.500	18.500	9.7366e-05
10.500	18.750	1.9012e-04
10.500	19.000	3.7111e-04
10.500	19.250	7.2790e-04
10.500	19.500	1.4325e-03
10.500	19.750	2.8095e-03
10.500	20.000	5.4508e-03
10.500	20.250	1.5070e-01
10.500	20.500	4.3117e-01
10.500	20.750	7.0153e-01
10.500	21.000	8.5228e-01
10.500	21.250	8.9133e-01
10.500	21.500	9.0238e-01
10.500	21.750	9.0879e-01
10.500	22.000	9.1310e-01
10.500	22.250	9.1404e-01
10.500	22.500	9.1438e-01
10.500	22.750	9.1451e-01
10.500	23.000	9.1453e-01
10.500	23.250	9.1454e-01
10.500	23.500	9.1454e-01
10.500	23.750	9.1454e-01
10.500	24.000	9.1454e-01
10.750	17.000	1.0000e-07
10.750	17.250	1.1523e-06
10.750	17.500	2.3868e-06
10.750	17.750	5.5144e-06
10.750	18.000	1.2428e-05
10.750	18.250	2.6584e-05
10.750	18.500	5.4239e-05
10.750	18.750	1.0807e-04
10.750	19.000	2.1193e-04
10.750	19.250	4.1457e-04
10.750	19.500	8.1383e-04
10.750	19.750	1.6011e-03
10.750	20.000	3.1300e-03
10.750	20.250	5.9825e-03
10.750	20.500	1.9608e-01
10.750	20.750	4.8423e-01
10.750	21.000	7.2775e-01
10.750	21.250	8.5896e-01
10.750	21.500	8.9239e-01
10.750	21.750	9.0273e-01
10.750	22.000	9.0889e-01
10.750	22.250	9.1314e-01
10.750	22.500	9.1405e-01
10.750	22.750	9.1439e-01
10.750	23.000	9.1451e-01
10.750	23.250	9.1453e-01
10.750	23.500	9.1454e-01
10.750	23.750	9.1454e-01
10.750	24.000	9.1454e-01
11.000	17.000	1.0000e-07
11.000	17.250	1.0000e-07
11.000	17.500	1.2346e-06
11.000	17.750	2.6337e-06
11.000	18.000	6.0905e-06
11.000	18.250	1.3663e-05
11.000	18.500	2.9547e-05
11.000	18.750	6.0658e-05
11.000	19.000	1.2058e-04
11.000	19.250	2.3638e-04
11.000	19.500	4.6255e-04
11.000	19.750	9.0872e-04
11.000	20.000	1.7846e-03
11.000	20.250	3.4732e-03
11.000	20.500	9.8281e-03
11.000	20.750	2.5528e-01
11.000	21.000	5.1822e-01
11.000	21.250	7.4683e-01
11.000	21.500	8.6533e-01
11.000	21.750	8.9393e-01
11.000	22.000	9.0320e-01
11.000	22.250	9.0908e-01
11.000	22.500	9.1318e-01
11.000	22.750	9.1407e-01
11.000	23.000	9.1439e-01
11.000	23.250	9.1451e-01
11.000	23.500	9.1453e-01
11.000	23.750	9.1454e-01
11.000	24.000	9.1454e-01
11.250	17.000	1.0000e-07
11.250	17.250	1.0000e-07
11.250	17.500	1.0000e-07
11.250	17.750	1.3169e-06
11.250	18.000	2.8807e-06
11.250	18.250	6.7490e-06
11.250	18.500	1.5226e-05
11.250	18.750	3.3004e-05
11.250	19.000	6.7490e-05
11.250	19.250	1.3407e-04
11.250	19.500	2.6280e-04
11.250	19.750	5.1473e-04
11.250	20.000	1.0108e-03
11.250	20.250	1.9815e-03
11.250	20.500	3.8487e-03
11.250	20.750	3.3401e-02
11.250	21.000	3.1251e-01
11.250	21.250	5.6714e-01
11.250	21.500	7.7536e-01
11.250	21.750	8.6938e-01
11.250	22.000	8.9542e-01
11.250	22.250	9.0390e-01
11.250	22.500	9.0938e-01
11.250	22.750	9.1325e-01
11.250	23.000	9.1410e-01
11.250	23.250	9.1440e-01
11.250	23.500	9.1452e-01
11.250	23.750	9.1453e-01
11.250	24.000	9.1454e-01
11.500	17.000	1.0000e-07
11.500	17.250	1.0000e-07
11.500	17.500	1.0000e-07
11.500	17.750	1.0000e-07
11.500	18.000	1.3992e-06
11.500	18.250	3.2099e-06
11.500	18.500	7.4074e-06
11.500	18.750	1.6955e-05
11.500	19.000	3.6708e-05
11.500	19.250	7.4733e-05
11.500	19.500	1.4815e-04
11.500	19.750	2.9128e-04
11.500	20.000	5.7111e-04
11.500	20.250	1.1176e-03
11.500	20.500	2.1830e-03
11.500	20.750	4.2361e-03
11.500	21.000	6.9554e-02
11.500	21.250	3.5534e-01
11.500	21.500	6.1096e-01
11.500	21.750	8.1101e-01
11.500	22.000	8.7517e-01
11.500	22.250	8.9678e-01
11.500	22.500	9.0465e-01
11.500	22.750	9.0974e-01
11.500	23.000	9.1334e-01
11.500	23.250	9.1414e-01
11.500	23.500	9.1442e-01
11.500	23.750	9.1452e-01
11.500	24.000	9.1453e-01
11.750	17.000	1.0000e-07
11.750	17.250	1.0000e-07
11.750	17.500	1.0000e-07
11.750	17.750	1.0000e-07
11.750	18.000	1.0000e-07
11.750	18.250	1.5638e-06
11.750	18.500	3.4568e-06
11.750	18.750	8.3128e-06
11.750	19.000	1.8930e-05
11.750	19.250	4.0576e-05
11.750	19.500	8.2222e-05
11.750	19.750	1.6288e-04
11.750	20.000	3.2074e-04
11.750	20.250	6.2963e-04
11.750	20.500	1.2300e-03
11.750	20.750	2.3974e-03
11.750	21.000	4.6845e-03
11.750	21.250	1.0897e-01
11.750	21.500	4.0925e-01
11.750	21.750	6.6243e-01
11.750	22.000	8.4087e-01
11.750	22.250	8.7887e-01
11.750	22.500	8.9820e-01
11.750	22.750	9.0527e-01
11.750	23.000	9.1013e-01
11.750	23.250	9.1345e-01
11.750	23.500	9.1419e-01
11.750	23.750	9.1444e-01
11.750	24.000	9.1452e-01
12.000	17.000	1.0000e-07
12.000	17.250	1.0000e-07
12.000	17.500	1.0000e-07
12.000	17.750	1.0000e-07
12.000	18.000	1.0000e-07
12.000	18.250	1.0000e-07
12.000	18.500	1.6461e-06
12.000	18.750	3.9506e-06
12.000	19.000	9.3827e-06
12.000	19.250	2.1235e-05
12.000	19.500	4.4856e-05
12.000	19.750	9.0206e-05
12.000	20.000	1.7827e-04
12.000	20.250	3.5128e-04
12.000	20.500	6.8988e-04
12.000	20.750	1.3506e-03
12.000	21.000	2.6685e-03
12.000	21.250	5.2779e-03
12.000	21.500	1.4437e-01
12.000	21.750	4.5747e-01
12.000	22.000	7.1057e-01
12.000	22.250	8.4813e-01
12.000	22.500	8.7999e-01
12.000	22.750	8.9940e-01
12.000	23.000	9.0586e-01
12.000	23.250	9.1048e-01
12.000	23.500	9.1359e-01
12.000	23.750	9.1424e-01
12.000	24.000	9.1445e-01
12.250	17.000	1.0000e-07
12.250	17.250	1.0000e-07
12.250	17.500	1.0000e-07
12.250	17.750	1.0000e-07
12.250	18.000	1.0000e-07
12.250	18.250	1.0000e-07
12.250	18.500	9.0535e-07
12.250	18.750	1.8930e-06
12.250	19.000	4.4444e-06
12.250	19.250	1.0700e-05
12.250	19.500	2.3704e-05
12.250	19.750	4.9465e-05
12.250	20.000	9.8519e-05
12.250	20.250	1.9432e-04
12.250	20.500	3.8288e-04
12.250	20.750	7.5580e-04
12.250	21.000	1.5066e-03
12.250	21.250	3.0265e-03
12.250	21.500	6.0178e-03
12.250	21.750	1.8439e-01
12.250	22.000	5.1391e-01
12.250	22.250	7.5774e-01
12.250	22.500	8.5416e-01
12.250	22.750	8.8276e-01
12.250	23.000	8.9993e-01
12.250	23.250	9.0639e-01
12.250	23.500	9.1083e-01
12.250	23.750	9.1373e-01
12.250	24.000	9.1429e-01
12.500	17.000	1.0000e-07
12.500	17.250	1.0000e-07
12.500	17.500	1.0000e-07
12.500	17.750	1.0000e-07
12.500	18.000	1.0000e-07
12.500	18.250	1.0000e-07
12.500	18.500	1.0000e-07
12.500	18.750	9.8765e-07
12.500	19.000	2.2222e-06
12.500	19.250	5.1852e-06
12.500	19.500	1.2099e-05
12.500	19.750	2.6420e-05
12.500	20.000	5.4156e-05
12.500	20.250	1.0708e-04
12.500	20.500	2.1095e-04
12.500	20.750	4.1942e-04
12.500	21.000	8.4774e-04
12.500	21.250	1.7360e-03
12.500	21.500	3.4820e-03
12.500	21.750	6.8685e-03
12.500	22.000	2.3577e-01
12.500	22.250	5.7165e-01
12.500	22.500	7.9208e-01
12.500	22.750	8.5681e-01
12.500	23.000	8.8453e-01
12.500	23.250	9.0035e-01
12.500	23.500	9.0675e-01
12.500	23.750	9.1111e-01
12.500	24.000	9.1386e-01
12.750	17.000	1.0000e-07
12.750	17.250	1.0000e-07
12.750	17.500	1.0000e-07
12.750	17.750	1.0000e-07
12.750	18.000	1.0000e-07
12.750	18.250	1.0000e-07
12.750	18.500	1.0000e-07
12.750	18.750	1.0000e-07
12.750	19.000	1.1523e-06
12.750	19.250	2.5514e-06
12.750	19.500	5.9259e-06
12.750	19.750	1.3416e-05
12.750	20.000	2.8724e-05
12.750	20.250	5.8601e-05
12.750	20.500	1.1588e-04
12.750	20.750	2.2897e-04
12.750	21.000	4.6519e-04
12.750	21.250	9.6486e-04
12.750	21.500	1.9631e-03
12.750	21.750	3.9691e-03
12.750	22.000	7.7916e-03
12.750	22.250	2.9817e-01
12.750	22.500	6.3038e-01
12.750	22.750	8.1201e-01
12.750	23.000	8.6043e-01
12.750	23.250	8.8521e-01
12.750	23.500	9.0113e-01
12.750	23.750	9.0706e-01
12.750	24.000	9.1133e-01
13.000	17.000	1.0000e-07
13.000	17.250	1.0000e-07
13.000	17.500	1.0000e-07
13.000	17.750	1.0000e-07
13.000	18.000	1.0000e-07
13.000	18.250	1.0000e-07
13.000	18.500	1.0000e-07
13.000	18.750	1.0000e-07
13.000	19.000	1.0000e-07
13.000	19.250	1.3169e-06
13.000	19.500	2.9630e-06
13.000	19.750	6.5844e-06
13.000	20.000	1.4486e-05
13.000	20.250	3.0535e-05
13.000	20.500	6.2551e-05
13.000	20.750	1.2543e-04
13.000	21.000	2.5251e-04
13.000	21.250	5.2914e-04
13.000	21.500	1.1030e-03
13.000	21.750	2.2085e-03
13.000	22.000	4.3423e-03
13.000	22.250	1.5283e-02
13.000	22.500	3.5507e-01
13.000	22.750	6.6542e-01
13.000	23.000	8.2328e-01
13.000	23.250	8.6169e-01
13.000	23.500	8.8815e-01
13.000	23.750	9.0123e-01
13.000	24.000	9.0720e-01
13.250	17.000	1.0000e-07
13.250	17.250	1.0000e-07
13.250	17.500	1.0000e-07
13.250	17.750	1.0000e-07
13.250	18.000	1.0000e-07
13.250	18.250	1.0000e-07
13.250	18.500	1.0000e-07
13.250	18.750	1.0000e-07
13.250	19.000	1.0000e-07
13.250	19.250	1.0000e-07
13.250	19.500	1.5638e-06
13.250	19.750	3.2922e-06
13.250	20.000	7.0782e-06
13.250	20.250	1.5144e-05
13.250	20.500	3.1523e-05
13.250	20.750	6.5350e-05
13.250	21.000	1.3309e-04
13.250	21.250	2.7366e-04
13.250	21.500	5.5481e-04
13.250	21.750	1.1410e-03
13.250	22.000	2.3412e-03
13.250	22.250	4.6537e-03
13.250	22.500	4.7546e-02
13.250	22.750	3.8154e-01
13.250	23.000	6.6895e-01
13.250	23.250	8.2683e-01
13.250	23.500	8.6460e-01
13.250	23.750	8.8845e-01
13.250	24.000	9.0099e-01
13.500	17.000	1.0000e-07
13.500	17.250	1.0000e-07
13.500	17.500	1.0000e-07
13.500	17.750	1.0000e-07
13.500	18.000	1.0000e-07
13.500	18.250	1.0000e-07
13.500	18.500	1.0000e-07
13.500	18.750	1.0000e-07
13.500	19.000	1.0000e-07
13.500	19.250	1.0000e-07
13.500	19.500	9.0535e-07
13.500	19.750	1.7284e-06
13.500	20.000	3.5391e-06
13.500	20.250	7.4897e-06
13.500	20.500	1.5638e-05
13.500	20.750	3.2181e-05
13.500	21.000	6.5021e-05
13.500	21.250	1.3407e-04
13.500	21.500	2.6872e-04
13.500	21.750	5.5391e-04
13.500	22.000	1.1676e-03
13.500	22.250	2.3741e-03
13.500	22.500	4.7535e-03
13.500	22.750	8.3215e-02
13.500	23.000	3.9742e-01
13.500	23.250	6.8608e-01
13.500	23.500	8.3158e-01
13.500	23.750	8.6632e-01
13.500	24.000	8.8877e-01
13.750	17.000	1.0000e-07
13.750	17.250	1.0000e-07
13.750	17.500	1.0000e-07
13.750	17.750	1.0000e-07
13.750	18.000	1.0000e-07
13.750	18.250	1.0000e-07
13.750	18.500	1.0000e-07
13.750	18.750	1.0000e-07
13.750	19.000	1.0000e-07
13.750	19.250	1.0000e-07
13.750	19.500	1.0000e-07
13.750	19.750	9.8765e-07
13.750	20.000	1.8930e-06
13.750	20.250	3.8683e-06
13.750	20.500	7.9835e-06
13.750	20.750	1.6214e-05
13.750	21.000	3.2593e-05
13.750	21.250	6.4362e-05
13.750	21.500	1.2897e-04
13.750	21.750	2.6016e-04
13.750	22.000	5.3292e-04
13.750	22.250	1.1231e-03
13.750	22.500	2.3818e-03
13.750	22.750	4.9633e-03
13.750	23.000	1.0132e-01
13.750	23.250	4.1722e-01
13.750	23.500	6.9292e-01
13.750	23.750	8.3697e-01
13.750	24.000	8.6790e-01
14.000	17.000	1.0000e-07
14.000	17.250	1.0000e-07
14.000	17.500	1.0000e-07
14.000	17.750	1.0000e-07
14.000	18.000	1.0000e-07
14.000	18.250	1.0000e-07
14.000	18.500	1.0000e-07
14.000	18.750	1.0000e-07
14.000	19.000	1.0000e-07
14.000	19.250	1.0000e-07
14.000	19.500	1.0000e-07
14.000	19.750	1.0000e-07
14.000	20.000	1.0700e-06
14.000	20.250	2.1399e-06
14.000	20.500	4.1975e-06
14.000	20.750	8.3951e-06
14.000	21.000	1.6872e-05
14.000	21.250	3.3333e-05
14.000	21.500	6.4938e-05
14.000	21.750	1.2741e-04
14.000	22.000	2.5416e-04
14.000	22.250	5.2774e-04
14.000	22.500	1.1336e-03
14.000	22.750	2.4871e-03
14.000	23.000	5.1633e-03
14.000	23.250	1.3702e-01
14.000	23.500	4.4928e-01
14.000	23.750	7.1975e-01
14.000	24.000	8.4146e-01
