N  3 1747.00A  relative to Inci 1215.00A scaled to 1215A.
Hden   Phi(H)  Eq_Width (A)
 7.000	17.000	6.1070e-05
 7.000	17.250	2.2222e-06
 7.000	17.500	1.0000e-07
 7.000	17.750	1.0000e-07
 7.000	18.000	1.0000e-07
 7.000	18.250	1.0000e-07
 7.000	18.500	1.0000e-07
 7.000	18.750	1.0000e-07
 7.000	19.000	1.0000e-07
 7.000	19.250	1.0000e-07
 7.000	19.500	1.0000e-07
 7.000	19.750	1.0000e-07
 7.000	20.000	1.0000e-07
 7.000	20.250	1.0000e-07
 7.000	20.500	1.0000e-07
 7.000	20.750	1.0000e-07
 7.000	21.000	1.0000e-07
 7.000	21.250	1.0000e-07
 7.000	21.500	1.0000e-07
 7.000	21.750	1.0000e-07
 7.000	22.000	1.0000e-07
 7.000	22.250	1.0000e-07
 7.000	22.500	1.0000e-07
 7.000	22.750	1.0000e-07
 7.000	23.000	1.0000e-07
 7.000	23.250	1.0000e-07
 7.000	23.500	1.0000e-07
 7.000	23.750	1.0000e-07
 7.000	24.000	1.0000e-07
 7.250	17.000	8.3539e-05
 7.250	17.250	6.4115e-05
 7.250	17.500	2.2222e-06
 7.250	17.750	1.0000e-07
 7.250	18.000	1.0000e-07
 7.250	18.250	1.0000e-07
 7.250	18.500	1.0000e-07
 7.250	18.750	1.0000e-07
 7.250	19.000	1.0000e-07
 7.250	19.250	1.0000e-07
 7.250	19.500	1.0000e-07
 7.250	19.750	1.0000e-07
 7.250	20.000	1.0000e-07
 7.250	20.250	1.0000e-07
 7.250	20.500	1.0000e-07
 7.250	20.750	1.0000e-07
 7.250	21.000	1.0000e-07
 7.250	21.250	1.0000e-07
 7.250	21.500	1.0000e-07
 7.250	21.750	1.0000e-07
 7.250	22.000	1.0000e-07
 7.250	22.250	1.0000e-07
 7.250	22.500	1.0000e-07
 7.250	22.750	1.0000e-07
 7.250	23.000	1.0000e-07
 7.250	23.250	1.0000e-07
 7.250	23.500	1.0000e-07
 7.250	23.750	1.0000e-07
 7.250	24.000	1.0000e-07
 7.500	17.000	1.1852e-04
 7.500	17.250	8.5844e-05
 7.500	17.500	6.5926e-05
 7.500	17.750	2.2222e-06
 7.500	18.000	1.0000e-07
 7.500	18.250	1.0000e-07
 7.500	18.500	1.0000e-07
 7.500	18.750	1.0000e-07
 7.500	19.000	1.0000e-07
 7.500	19.250	1.0000e-07
 7.500	19.500	1.0000e-07
 7.500	19.750	1.0000e-07
 7.500	20.000	1.0000e-07
 7.500	20.250	1.0000e-07
 7.500	20.500	1.0000e-07
 7.500	20.750	1.0000e-07
 7.500	21.000	1.0000e-07
 7.500	21.250	1.0000e-07
 7.500	21.500	1.0000e-07
 7.500	21.750	1.0000e-07
 7.500	22.000	1.0000e-07
 7.500	22.250	1.0000e-07
 7.500	22.500	1.0000e-07
 7.500	22.750	1.0000e-07
 7.500	23.000	1.0000e-07
 7.500	23.250	1.0000e-07
 7.500	23.500	1.0000e-07
 7.500	23.750	1.0000e-07
 7.500	24.000	1.0000e-07
 7.750	17.000	1.6988e-04
 7.750	17.250	1.1885e-04
 7.750	17.500	8.6173e-05
 7.750	17.750	6.6337e-05
 7.750	18.000	2.2222e-06
 7.750	18.250	1.0000e-07
 7.750	18.500	1.0000e-07
 7.750	18.750	1.0000e-07
 7.750	19.000	1.0000e-07
 7.750	19.250	1.0000e-07
 7.750	19.500	1.0000e-07
 7.750	19.750	1.0000e-07
 7.750	20.000	1.0000e-07
 7.750	20.250	1.0000e-07
 7.750	20.500	1.0000e-07
 7.750	20.750	1.0000e-07
 7.750	21.000	1.0000e-07
 7.750	21.250	1.0000e-07
 7.750	21.500	1.0000e-07
 7.750	21.750	1.0000e-07
 7.750	22.000	1.0000e-07
 7.750	22.250	1.0000e-07
 7.750	22.500	1.0000e-07
 7.750	22.750	1.0000e-07
 7.750	23.000	1.0000e-07
 7.750	23.250	1.0000e-07
 7.750	23.500	1.0000e-07
 7.750	23.750	1.0000e-07
 7.750	24.000	1.0000e-07
 8.000	17.000	2.3366e-04
 8.000	17.250	1.6370e-04
 8.000	17.500	1.1383e-04
 8.000	17.750	8.1728e-05
 8.000	18.000	6.2305e-05
 8.000	18.250	2.1399e-06
 8.000	18.500	1.0000e-07
 8.000	18.750	1.0000e-07
 8.000	19.000	1.0000e-07
 8.000	19.250	1.0000e-07
 8.000	19.500	1.0000e-07
 8.000	19.750	1.0000e-07
 8.000	20.000	1.0000e-07
 8.000	20.250	1.0000e-07
 8.000	20.500	1.0000e-07
 8.000	20.750	1.0000e-07
 8.000	21.000	1.0000e-07
 8.000	21.250	1.0000e-07
 8.000	21.500	1.0000e-07
 8.000	21.750	1.0000e-07
 8.000	22.000	1.0000e-07
 8.000	22.250	1.0000e-07
 8.000	22.500	1.0000e-07
 8.000	22.750	1.0000e-07
 8.000	23.000	1.0000e-07
 8.000	23.250	1.0000e-07
 8.000	23.500	1.0000e-07
 8.000	23.750	1.0000e-07
 8.000	24.000	1.0000e-07
 8.250	17.000	2.9934e-04
 8.250	17.250	2.1992e-04
 8.250	17.500	1.5399e-04
 8.250	17.750	1.0708e-04
 8.250	18.000	7.7202e-05
 8.250	18.250	5.9177e-05
 8.250	18.500	2.0576e-06
 8.250	18.750	1.0000e-07
 8.250	19.000	1.0000e-07
 8.250	19.250	1.0000e-07
 8.250	19.500	1.0000e-07
 8.250	19.750	1.0000e-07
 8.250	20.000	1.0000e-07
 8.250	20.250	1.0000e-07
 8.250	20.500	1.0000e-07
 8.250	20.750	1.0000e-07
 8.250	21.000	1.0000e-07
 8.250	21.250	1.0000e-07
 8.250	21.500	1.0000e-07
 8.250	21.750	1.0000e-07
 8.250	22.000	1.0000e-07
 8.250	22.250	1.0000e-07
 8.250	22.500	1.0000e-07
 8.250	22.750	1.0000e-07
 8.250	23.000	1.0000e-07
 8.250	23.250	1.0000e-07
 8.250	23.500	1.0000e-07
 8.250	23.750	1.0000e-07
 8.250	24.000	1.0000e-07
 8.500	17.000	3.3770e-04
 8.500	17.250	2.7012e-04
 8.500	17.500	1.9827e-04
 8.500	17.750	1.3885e-04
 8.500	18.000	9.6955e-05
 8.500	18.250	7.0700e-05
 8.500	18.500	5.4979e-05
 8.500	18.750	1.8107e-06
 8.500	19.000	1.0000e-07
 8.500	19.250	1.0000e-07
 8.500	19.500	1.0000e-07
 8.500	19.750	1.0000e-07
 8.500	20.000	1.0000e-07
 8.500	20.250	1.0000e-07
 8.500	20.500	1.0000e-07
 8.500	20.750	1.0000e-07
 8.500	21.000	1.0000e-07
 8.500	21.250	1.0000e-07
 8.500	21.500	1.0000e-07
 8.500	21.750	1.0000e-07
 8.500	22.000	1.0000e-07
 8.500	22.250	1.0000e-07
 8.500	22.500	1.0000e-07
 8.500	22.750	1.0000e-07
 8.500	23.000	1.0000e-07
 8.500	23.250	1.0000e-07
 8.500	23.500	1.0000e-07
 8.500	23.750	1.0000e-07
 8.500	24.000	1.0000e-07
 8.750	17.000	3.2486e-04
 8.750	17.250	2.9103e-04
 8.750	17.500	2.3251e-04
 8.750	17.750	1.7078e-04
 8.750	18.000	1.2008e-04
 8.750	18.250	8.4856e-05
 8.750	18.500	6.3951e-05
 8.750	18.750	4.7654e-05
 8.750	19.000	1.5638e-06
 8.750	19.250	1.0000e-07
 8.750	19.500	1.0000e-07
 8.750	19.750	1.0000e-07
 8.750	20.000	1.0000e-07
 8.750	20.250	1.0000e-07
 8.750	20.500	1.0000e-07
 8.750	20.750	1.0000e-07
 8.750	21.000	1.0000e-07
 8.750	21.250	1.0000e-07
 8.750	21.500	1.0000e-07
 8.750	21.750	1.0000e-07
 8.750	22.000	1.0000e-07
 8.750	22.250	1.0000e-07
 8.750	22.500	1.0000e-07
 8.750	22.750	1.0000e-07
 8.750	23.000	1.0000e-07
 8.750	23.250	1.0000e-07
 8.750	23.500	1.0000e-07
 8.750	23.750	1.0000e-07
 8.750	24.000	1.0000e-07
 9.000	17.000	2.6230e-04
 9.000	17.250	2.6922e-04
 9.000	17.500	2.4082e-04
 9.000	17.750	1.9243e-04
 9.000	18.000	1.4181e-04
 9.000	18.250	1.0082e-04
 9.000	18.500	7.3827e-05
 9.000	18.750	6.1317e-05
 9.000	19.000	3.1029e-05
 9.000	19.250	1.3169e-06
 9.000	19.500	1.0000e-07
 9.000	19.750	1.0000e-07
 9.000	20.000	1.0000e-07
 9.000	20.250	1.0000e-07
 9.000	20.500	1.0000e-07
 9.000	20.750	1.0000e-07
 9.000	21.000	1.0000e-07
 9.000	21.250	1.0000e-07
 9.000	21.500	1.0000e-07
 9.000	21.750	1.0000e-07
 9.000	22.000	1.0000e-07
 9.000	22.250	1.0000e-07
 9.000	22.500	1.0000e-07
 9.000	22.750	1.0000e-07
 9.000	23.000	1.0000e-07
 9.000	23.250	1.0000e-07
 9.000	23.500	1.0000e-07
 9.000	23.750	1.0000e-07
 9.000	24.000	1.0000e-07
 9.250	17.000	1.7646e-04
 9.250	17.250	2.1218e-04
 9.250	17.500	2.1761e-04
 9.250	17.750	1.9457e-04
 9.250	18.000	1.5564e-04
 9.250	18.250	1.1588e-04
 9.250	18.500	8.4938e-05
 9.250	18.750	6.7819e-05
 9.250	19.000	6.9794e-05
 9.250	19.250	1.9424e-05
 9.250	19.500	1.0700e-06
 9.250	19.750	1.0000e-07
 9.250	20.000	1.0000e-07
 9.250	20.250	1.0000e-07
 9.250	20.500	1.0000e-07
 9.250	20.750	1.0000e-07
 9.250	21.000	1.0000e-07
 9.250	21.250	1.0000e-07
 9.250	21.500	1.0000e-07
 9.250	21.750	1.0000e-07
 9.250	22.000	1.0000e-07
 9.250	22.250	1.0000e-07
 9.250	22.500	1.0000e-07
 9.250	22.750	1.0000e-07
 9.250	23.000	1.0000e-07
 9.250	23.250	1.0000e-07
 9.250	23.500	1.0000e-07
 9.250	23.750	1.0000e-07
 9.250	24.000	1.0000e-07
 9.500	17.000	9.6708e-05
 9.500	17.250	1.4123e-04
 9.500	17.500	1.7037e-04
 9.500	17.750	1.7465e-04
 9.500	18.000	1.5613e-04
 9.500	18.250	1.2593e-04
 9.500	18.500	9.5556e-05
 9.500	18.750	7.4321e-05
 9.500	19.000	7.0123e-05
 9.500	19.250	8.7160e-05
 9.500	19.500	1.2428e-05
 9.500	19.750	8.2305e-07
 9.500	20.000	1.0000e-07
 9.500	20.250	1.0000e-07
 9.500	20.500	1.0000e-07
 9.500	20.750	1.0000e-07
 9.500	21.000	1.0000e-07
 9.500	21.250	1.0000e-07
 9.500	21.500	1.0000e-07
 9.500	21.750	1.0000e-07
 9.500	22.000	1.0000e-07
 9.500	22.250	1.0000e-07
 9.500	22.500	1.0000e-07
 9.500	22.750	1.0000e-07
 9.500	23.000	1.0000e-07
 9.500	23.250	1.0000e-07
 9.500	23.500	1.0000e-07
 9.500	23.750	1.0000e-07
 9.500	24.000	1.0000e-07
 9.750	17.000	3.9835e-05
 9.750	17.250	7.6379e-05
 9.750	17.500	1.1276e-04
 9.750	17.750	1.3638e-04
 9.750	18.000	1.3992e-04
 9.750	18.250	1.2551e-04
 9.750	18.500	1.0165e-04
 9.750	18.750	7.9588e-05
 9.750	19.000	6.8642e-05
 9.750	19.250	7.7284e-05
 9.750	19.500	1.0181e-04
 9.750	19.750	8.5597e-06
 9.750	20.000	1.0000e-07
 9.750	20.250	1.0000e-07
 9.750	20.500	1.0000e-07
 9.750	20.750	1.0000e-07
 9.750	21.000	1.0000e-07
 9.750	21.250	1.0000e-07
 9.750	21.500	1.0000e-07
 9.750	21.750	1.0000e-07
 9.750	22.000	1.0000e-07
 9.750	22.250	1.0000e-07
 9.750	22.500	1.0000e-07
 9.750	22.750	1.0000e-07
 9.750	23.000	1.0000e-07
 9.750	23.250	1.0000e-07
 9.750	23.500	1.0000e-07
 9.750	23.750	1.0000e-07
 9.750	24.000	1.0000e-07
10.000	17.000	1.0206e-05
10.000	17.250	3.0617e-05
10.000	17.500	5.9835e-05
10.000	17.750	8.8807e-05
10.000	18.000	1.0774e-04
10.000	18.250	1.1012e-04
10.000	18.500	9.7613e-05
10.000	18.750	7.9753e-05
10.000	19.000	6.6173e-05
10.000	19.250	6.3374e-05
10.000	19.500	7.6626e-05
10.000	19.750	9.5391e-05
10.000	20.000	6.4198e-06
10.000	20.250	1.0000e-07
10.000	20.500	1.0000e-07
10.000	20.750	1.0000e-07
10.000	21.000	1.0000e-07
10.000	21.250	1.0000e-07
10.000	21.500	1.0000e-07
10.000	21.750	1.0000e-07
10.000	22.000	1.0000e-07
10.000	22.250	1.0000e-07
10.000	22.500	1.0000e-07
10.000	22.750	1.0000e-07
10.000	23.000	1.0000e-07
10.000	23.250	1.0000e-07
10.000	23.500	1.0000e-07
10.000	23.750	1.0000e-07
10.000	24.000	1.0000e-07
10.250	17.000	1.6461e-06
10.250	17.250	7.4897e-06
10.250	17.500	2.3128e-05
10.250	17.750	4.5514e-05
10.250	18.000	6.7819e-05
10.250	18.250	8.1152e-05
10.250	18.500	8.1070e-05
10.250	18.750	7.1523e-05
10.250	19.000	5.9835e-05
10.250	19.250	5.2099e-05
10.250	19.500	5.2840e-05
10.250	19.750	6.5597e-05
10.250	20.000	5.5391e-05
10.250	20.250	4.7737e-06
10.250	20.500	1.0000e-07
10.250	20.750	1.0000e-07
10.250	21.000	1.0000e-07
10.250	21.250	1.0000e-07
10.250	21.500	1.0000e-07
10.250	21.750	1.0000e-07
10.250	22.000	1.0000e-07
10.250	22.250	1.0000e-07
10.250	22.500	1.0000e-07
10.250	22.750	1.0000e-07
10.250	23.000	1.0000e-07
10.250	23.250	1.0000e-07
10.250	23.500	1.0000e-07
10.250	23.750	1.0000e-07
10.250	24.000	1.0000e-07
10.500	17.000	1.0000e-07
10.500	17.250	1.1523e-06
10.500	17.500	5.4321e-06
10.500	17.750	1.6872e-05
10.500	18.000	3.3169e-05
10.500	18.250	4.8230e-05
10.500	18.500	5.5967e-05
10.500	18.750	5.5226e-05
10.500	19.000	4.9218e-05
10.500	19.250	4.2387e-05
10.500	19.500	3.8025e-05
10.500	19.750	3.8848e-05
10.500	20.000	4.8971e-05
10.500	20.250	4.1399e-05
10.500	20.500	3.8683e-06
10.500	20.750	1.0000e-07
10.500	21.000	1.0000e-07
10.500	21.250	1.0000e-07
10.500	21.500	1.0000e-07
10.500	21.750	1.0000e-07
10.500	22.000	1.0000e-07
10.500	22.250	1.0000e-07
10.500	22.500	1.0000e-07
10.500	22.750	1.0000e-07
10.500	23.000	1.0000e-07
10.500	23.250	1.0000e-07
10.500	23.500	1.0000e-07
10.500	23.750	1.0000e-07
10.500	24.000	1.0000e-07
10.750	17.000	1.0000e-07
10.750	17.250	1.0000e-07
10.750	17.500	1.0000e-07
10.750	17.750	3.9506e-06
10.750	18.000	1.1852e-05
10.750	18.250	2.2387e-05
10.750	18.500	3.1358e-05
10.750	18.750	3.5885e-05
10.750	19.000	3.5638e-05
10.750	19.250	3.2346e-05
10.750	19.500	2.8148e-05
10.750	19.750	2.5103e-05
10.750	20.000	2.4938e-05
10.750	20.250	2.9712e-05
10.750	20.500	2.8230e-05
10.750	20.750	2.7984e-06
10.750	21.000	1.0000e-07
10.750	21.250	1.0000e-07
10.750	21.500	1.0000e-07
10.750	21.750	1.0000e-07
10.750	22.000	1.0000e-07
10.750	22.250	1.0000e-07
10.750	22.500	1.0000e-07
10.750	22.750	1.0000e-07
10.750	23.000	1.0000e-07
10.750	23.250	1.0000e-07
10.750	23.500	1.0000e-07
10.750	23.750	1.0000e-07
10.750	24.000	1.0000e-07
11.000	17.000	1.0000e-07
11.000	17.250	1.0000e-07
11.000	17.500	1.0000e-07
11.000	17.750	1.0000e-07
11.000	18.000	2.7984e-06
11.000	18.250	7.7366e-06
11.000	18.500	1.3909e-05
11.000	18.750	1.9259e-05
11.000	19.000	2.2058e-05
11.000	19.250	2.2140e-05
11.000	19.500	2.0412e-05
11.000	19.750	1.7778e-05
11.000	20.000	1.5473e-05
11.000	20.250	1.4897e-05
11.000	20.500	2.0412e-05
11.000	20.750	1.7037e-05
11.000	21.000	1.9753e-06
11.000	21.250	1.0000e-07
11.000	21.500	1.0000e-07
11.000	21.750	1.0000e-07
11.000	22.000	1.0000e-07
11.000	22.250	1.0000e-07
11.000	22.500	1.0000e-07
11.000	22.750	1.0000e-07
11.000	23.000	1.0000e-07
11.000	23.250	1.0000e-07
11.000	23.500	1.0000e-07
11.000	23.750	1.0000e-07
11.000	24.000	1.0000e-07
11.250	17.000	1.0000e-07
11.250	17.250	1.0000e-07
11.250	17.500	1.0000e-07
11.250	17.750	1.0000e-07
11.250	18.000	1.0000e-07
11.250	18.250	1.8107e-06
11.250	18.500	4.6914e-06
11.250	18.750	8.3951e-06
11.250	19.000	1.1523e-05
11.250	19.250	1.3251e-05
11.250	19.500	1.3580e-05
11.250	19.750	1.2675e-05
11.250	20.000	1.1111e-05
11.250	20.250	9.4650e-06
11.250	20.500	8.8066e-06
11.250	20.750	1.0535e-05
11.250	21.000	9.8765e-06
11.250	21.250	1.1523e-06
11.250	21.500	1.0000e-07
11.250	21.750	1.0000e-07
11.250	22.000	1.0000e-07
11.250	22.250	1.0000e-07
11.250	22.500	1.0000e-07
11.250	22.750	1.0000e-07
11.250	23.000	1.0000e-07
11.250	23.250	1.0000e-07
11.250	23.500	1.0000e-07
11.250	23.750	1.0000e-07
11.250	24.000	1.0000e-07
11.500	17.000	1.0000e-07
11.500	17.250	1.0000e-07
11.500	17.500	1.0000e-07
11.500	17.750	1.0000e-07
11.500	18.000	1.0000e-07
11.500	18.250	1.0000e-07
11.500	18.500	1.0700e-06
11.500	18.750	2.7984e-06
11.500	19.000	4.9383e-06
11.500	19.250	6.8313e-06
11.500	19.500	7.9835e-06
11.500	19.750	8.3951e-06
11.500	20.000	7.9835e-06
11.500	20.250	6.9959e-06
11.500	20.500	5.9259e-06
11.500	20.750	5.1852e-06
11.500	21.000	6.2551e-06
11.500	21.250	6.4198e-06
11.500	21.500	1.0000e-07
11.500	21.750	1.0000e-07
11.500	22.000	1.0000e-07
11.500	22.250	1.0000e-07
11.500	22.500	1.0000e-07
11.500	22.750	1.0000e-07
11.500	23.000	1.0000e-07
11.500	23.250	1.0000e-07
11.500	23.500	1.0000e-07
11.500	23.750	1.0000e-07
11.500	24.000	1.0000e-07
11.750	17.000	1.0000e-07
11.750	17.250	1.0000e-07
11.750	17.500	1.0000e-07
11.750	17.750	1.0000e-07
11.750	18.000	1.0000e-07
11.750	18.250	1.0000e-07
11.750	18.500	1.0000e-07
11.750	18.750	1.0000e-07
11.750	19.000	1.6461e-06
11.750	19.250	2.9630e-06
11.750	19.500	4.1152e-06
11.750	19.750	4.9383e-06
11.750	20.000	5.3498e-06
11.750	20.250	5.1029e-06
11.750	20.500	4.5267e-06
11.750	20.750	3.7037e-06
11.750	21.000	3.0453e-06
11.750	21.250	3.5391e-06
11.750	21.500	3.5391e-06
11.750	21.750	1.0000e-07
11.750	22.000	1.0000e-07
11.750	22.250	1.0000e-07
11.750	22.500	1.0000e-07
11.750	22.750	1.0000e-07
11.750	23.000	1.0000e-07
11.750	23.250	1.0000e-07
11.750	23.500	1.0000e-07
11.750	23.750	1.0000e-07
11.750	24.000	1.0000e-07
12.000	17.000	1.0000e-07
12.000	17.250	1.0000e-07
12.000	17.500	1.0000e-07
12.000	17.750	1.0000e-07
12.000	18.000	1.0000e-07
12.000	18.250	1.0000e-07
12.000	18.500	1.0000e-07
12.000	18.750	1.0000e-07
12.000	19.000	1.0000e-07
12.000	19.250	9.8765e-07
12.000	19.500	1.8107e-06
12.000	19.750	2.5514e-06
12.000	20.000	3.1276e-06
12.000	20.250	3.4568e-06
12.000	20.500	3.3745e-06
12.000	20.750	2.9630e-06
12.000	21.000	2.3868e-06
12.000	21.250	1.8930e-06
12.000	21.500	1.9753e-06
12.000	21.750	2.0576e-06
12.000	22.000	1.0000e-07
12.000	22.250	1.0000e-07
12.000	22.500	1.0000e-07
12.000	22.750	1.0000e-07
12.000	23.000	1.0000e-07
12.000	23.250	1.0000e-07
12.000	23.500	1.0000e-07
12.000	23.750	1.0000e-07
12.000	24.000	1.0000e-07
12.250	17.000	1.0000e-07
12.250	17.250	1.0000e-07
12.250	17.500	1.0000e-07
12.250	17.750	1.0000e-07
12.250	18.000	1.0000e-07
12.250	18.250	1.0000e-07
12.250	18.500	1.0000e-07
12.250	18.750	1.0000e-07
12.250	19.000	1.0000e-07
12.250	19.250	1.0000e-07
12.250	19.500	1.0000e-07
12.250	19.750	1.0700e-06
12.250	20.000	1.5638e-06
12.250	20.250	2.0576e-06
12.250	20.500	2.3045e-06
12.250	20.750	2.2222e-06
12.250	21.000	1.9753e-06
12.250	21.250	1.5638e-06
12.250	21.500	1.1523e-06
12.250	21.750	1.1523e-06
12.250	22.000	1.0700e-06
12.250	22.250	1.0000e-07
12.250	22.500	1.0000e-07
12.250	22.750	1.0000e-07
12.250	23.000	1.0000e-07
12.250	23.250	1.0000e-07
12.250	23.500	1.0000e-07
12.250	23.750	1.0000e-07
12.250	24.000	1.0000e-07
12.500	17.000	1.0000e-07
12.500	17.250	1.0000e-07
12.500	17.500	1.0000e-07
12.500	17.750	1.0000e-07
12.500	18.000	1.0000e-07
12.500	18.250	1.0000e-07
12.500	18.500	1.0000e-07
12.500	18.750	1.0000e-07
12.500	19.000	1.0000e-07
12.500	19.250	1.0000e-07
12.500	19.500	1.0000e-07
12.500	19.750	1.0000e-07
12.500	20.000	1.0000e-07
12.500	20.250	1.0700e-06
12.500	20.500	1.3169e-06
12.500	20.750	1.4815e-06
12.500	21.000	1.4815e-06
12.500	21.250	1.3169e-06
12.500	21.500	9.8765e-07
12.500	21.750	1.0000e-07
12.500	22.000	1.0000e-07
12.500	22.250	1.0000e-07
12.500	22.500	1.0000e-07
12.500	22.750	1.0000e-07
12.500	23.000	1.0000e-07
12.500	23.250	1.0000e-07
12.500	23.500	1.0000e-07
12.500	23.750	1.0000e-07
12.500	24.000	1.0000e-07
12.750	17.000	1.0000e-07
12.750	17.250	1.0000e-07
12.750	17.500	1.0000e-07
12.750	17.750	1.0000e-07
12.750	18.000	1.0000e-07
12.750	18.250	1.0000e-07
12.750	18.500	1.0000e-07
12.750	18.750	1.0000e-07
12.750	19.000	1.0000e-07
12.750	19.250	1.0000e-07
12.750	19.500	1.0000e-07
12.750	19.750	1.0000e-07
12.750	20.000	1.0000e-07
12.750	20.250	1.0000e-07
12.750	20.500	1.0000e-07
12.750	20.750	9.0535e-07
12.750	21.000	1.0700e-06
12.750	21.250	1.0700e-06
12.750	21.500	9.0535e-07
12.750	21.750	1.0000e-07
12.750	22.000	1.0000e-07
12.750	22.250	1.0000e-07
12.750	22.500	1.0000e-07
12.750	22.750	1.0000e-07
12.750	23.000	1.0000e-07
12.750	23.250	1.0000e-07
12.750	23.500	1.0000e-07
12.750	23.750	1.0000e-07
12.750	24.000	1.0000e-07
13.000	17.000	1.0000e-07
13.000	17.250	1.0000e-07
13.000	17.500	1.0000e-07
13.000	17.750	1.0000e-07
13.000	18.000	1.0000e-07
13.000	18.250	1.0000e-07
13.000	18.500	1.0000e-07
13.000	18.750	1.0000e-07
13.000	19.000	1.0000e-07
13.000	19.250	1.0000e-07
13.000	19.500	1.0000e-07
13.000	19.750	1.0000e-07
13.000	20.000	1.0000e-07
13.000	20.250	1.0000e-07
13.000	20.500	1.0000e-07
13.000	20.750	1.0000e-07
13.000	21.000	1.0000e-07
13.000	21.250	1.0000e-07
13.000	21.500	1.0000e-07
13.000	21.750	1.0000e-07
13.000	22.000	1.0000e-07
13.000	22.250	1.0000e-07
13.000	22.500	1.0000e-07
13.000	22.750	1.0000e-07
13.000	23.000	1.0000e-07
13.000	23.250	1.0000e-07
13.000	23.500	1.0000e-07
13.000	23.750	1.0000e-07
13.000	24.000	1.0000e-07
13.250	17.000	1.0000e-07
13.250	17.250	1.0000e-07
13.250	17.500	1.0000e-07
13.250	17.750	1.0000e-07
13.250	18.000	1.0000e-07
13.250	18.250	1.0000e-07
13.250	18.500	1.0000e-07
13.250	18.750	1.0000e-07
13.250	19.000	1.0000e-07
13.250	19.250	1.0000e-07
13.250	19.500	1.0000e-07
13.250	19.750	1.0000e-07
13.250	20.000	1.0000e-07
13.250	20.250	1.0000e-07
13.250	20.500	1.0000e-07
13.250	20.750	1.0000e-07
13.250	21.000	1.0000e-07
13.250	21.250	1.0000e-07
13.250	21.500	1.0000e-07
13.250	21.750	1.0000e-07
13.250	22.000	1.0000e-07
13.250	22.250	1.0000e-07
13.250	22.500	1.0000e-07
13.250	22.750	1.0000e-07
13.250	23.000	1.0000e-07
13.250	23.250	1.0000e-07
13.250	23.500	1.0000e-07
13.250	23.750	1.0000e-07
13.250	24.000	1.0000e-07
13.500	17.000	1.0000e-07
13.500	17.250	1.0000e-07
13.500	17.500	1.0000e-07
13.500	17.750	1.0000e-07
13.500	18.000	1.0000e-07
13.500	18.250	1.0000e-07
13.500	18.500	1.0000e-07
13.500	18.750	1.0000e-07
13.500	19.000	1.0000e-07
13.500	19.250	1.0000e-07
13.500	19.500	1.0000e-07
13.500	19.750	1.0000e-07
13.500	20.000	1.0000e-07
13.500	20.250	1.0000e-07
13.500	20.500	1.0000e-07
13.500	20.750	1.0000e-07
13.500	21.000	1.0000e-07
13.500	21.250	1.0000e-07
13.500	21.500	1.0000e-07
13.500	21.750	1.0000e-07
13.500	22.000	1.0000e-07
13.500	22.250	1.0000e-07
13.500	22.500	1.0000e-07
13.500	22.750	1.0000e-07
13.500	23.000	1.0000e-07
13.500	23.250	1.0000e-07
13.500	23.500	1.0000e-07
13.500	23.750	1.0000e-07
13.500	24.000	1.0000e-07
13.750	17.000	1.0000e-07
13.750	17.250	1.0000e-07
13.750	17.500	1.0000e-07
13.750	17.750	1.0000e-07
13.750	18.000	1.0000e-07
13.750	18.250	1.0000e-07
13.750	18.500	1.0000e-07
13.750	18.750	1.0000e-07
13.750	19.000	1.0000e-07
13.750	19.250	1.0000e-07
13.750	19.500	1.0000e-07
13.750	19.750	1.0000e-07
13.750	20.000	1.0000e-07
13.750	20.250	1.0000e-07
13.750	20.500	1.0000e-07
13.750	20.750	1.0000e-07
13.750	21.000	1.0000e-07
13.750	21.250	1.0000e-07
13.750	21.500	1.0000e-07
13.750	21.750	1.0000e-07
13.750	22.000	1.0000e-07
13.750	22.250	1.0000e-07
13.750	22.500	1.0000e-07
13.750	22.750	1.0000e-07
13.750	23.000	1.0000e-07
13.750	23.250	1.0000e-07
13.750	23.500	1.0000e-07
13.750	23.750	1.0000e-07
13.750	24.000	1.0000e-07
14.000	17.000	1.0000e-07
14.000	17.250	1.0000e-07
14.000	17.500	1.0000e-07
14.000	17.750	1.0000e-07
14.000	18.000	1.0000e-07
14.000	18.250	1.0000e-07
14.000	18.500	1.0000e-07
14.000	18.750	1.0000e-07
14.000	19.000	1.0000e-07
14.000	19.250	1.0000e-07
14.000	19.500	1.0000e-07
14.000	19.750	1.0000e-07
14.000	20.000	1.0000e-07
14.000	20.250	1.0000e-07
14.000	20.500	1.0000e-07
14.000	20.750	1.0000e-07
14.000	21.000	1.0000e-07
14.000	21.250	1.0000e-07
14.000	21.500	1.0000e-07
14.000	21.750	1.0000e-07
14.000	22.000	1.0000e-07
14.000	22.250	1.0000e-07
14.000	22.500	1.0000e-07
14.000	22.750	1.0000e-07
14.000	23.000	1.0000e-07
14.000	23.250	1.0000e-07
14.000	23.500	1.0000e-07
14.000	23.750	1.0000e-07
14.000	24.000	1.0000e-07
