InwT 3300.00A  relative to Inci 1215.00A scaled to 1215A.
Hden   Phi(H)  Eq_Width (A)
 7.000	17.000	1.4581e-01
 7.000	17.250	8.8302e-02
 7.000	17.500	5.5580e-02
 7.000	17.750	4.3544e-02
 7.000	18.000	3.8366e-02
 7.000	18.250	3.6077e-02
 7.000	18.500	3.4902e-02
 7.000	18.750	3.4435e-02
 7.000	19.000	3.4202e-02
 7.000	19.250	3.4073e-02
 7.000	19.500	3.4021e-02
 7.000	19.750	3.4000e-02
 7.000	20.000	3.3991e-02
 7.000	20.250	3.3987e-02
 7.000	20.500	3.3985e-02
 7.000	20.750	3.3984e-02
 7.000	21.000	3.3983e-02
 7.000	21.250	3.3983e-02
 7.000	21.500	3.3983e-02
 7.000	21.750	3.3983e-02
 7.000	22.000	3.3983e-02
 7.000	22.250	3.3984e-02
 7.000	22.500	3.3984e-02
 7.000	22.750	3.3984e-02
 7.000	23.000	3.3984e-02
 7.000	23.250	3.3984e-02
 7.000	23.500	3.3984e-02
 7.000	23.750	3.3984e-02
 7.000	24.000	3.3984e-02
 7.250	17.000	1.7003e-01
 7.250	17.250	1.4529e-01
 7.250	17.500	8.7907e-02
 7.250	17.750	5.5509e-02
 7.250	18.000	4.3515e-02
 7.250	18.250	3.8359e-02
 7.250	18.500	3.6075e-02
 7.250	18.750	3.4901e-02
 7.250	19.000	3.4435e-02
 7.250	19.250	3.4202e-02
 7.250	19.500	3.4073e-02
 7.250	19.750	3.4021e-02
 7.250	20.000	3.4000e-02
 7.250	20.250	3.3991e-02
 7.250	20.500	3.3987e-02
 7.250	20.750	3.3984e-02
 7.250	21.000	3.3983e-02
 7.250	21.250	3.3983e-02
 7.250	21.500	3.3983e-02
 7.250	21.750	3.3983e-02
 7.250	22.000	3.3983e-02
 7.250	22.250	3.3982e-02
 7.250	22.500	3.3983e-02
 7.250	22.750	3.3983e-02
 7.250	23.000	3.3983e-02
 7.250	23.250	3.3983e-02
 7.250	23.500	3.3983e-02
 7.250	23.750	3.3983e-02
 7.250	24.000	3.3983e-02
 7.500	17.000	1.9186e-01
 7.500	17.250	1.7189e-01
 7.500	17.500	1.4470e-01
 7.500	17.750	8.7570e-02
 7.500	18.000	5.5448e-02
 7.500	18.250	4.3485e-02
 7.500	18.500	3.8350e-02
 7.500	18.750	3.6074e-02
 7.500	19.000	3.4901e-02
 7.500	19.250	3.4435e-02
 7.500	19.500	3.4202e-02
 7.500	19.750	3.4073e-02
 7.500	20.000	3.4021e-02
 7.500	20.250	3.4000e-02
 7.500	20.500	3.3991e-02
 7.500	20.750	3.3987e-02
 7.500	21.000	3.3985e-02
 7.500	21.250	3.3983e-02
 7.500	21.500	3.3983e-02
 7.500	21.750	3.3982e-02
 7.500	22.000	3.3982e-02
 7.500	22.250	3.3982e-02
 7.500	22.500	3.3982e-02
 7.500	22.750	3.3982e-02
 7.500	23.000	3.3982e-02
 7.500	23.250	3.3982e-02
 7.500	23.500	3.3984e-02
 7.500	23.750	3.3982e-02
 7.500	24.000	3.3982e-02
 7.750	17.000	2.0140e-01
 7.750	17.250	1.9599e-01
 7.750	17.500	1.7325e-01
 7.750	17.750	1.4409e-01
 7.750	18.000	8.7279e-02
 7.750	18.250	5.5395e-02
 7.750	18.500	4.3453e-02
 7.750	18.750	3.8341e-02
 7.750	19.000	3.6073e-02
 7.750	19.250	3.4900e-02
 7.750	19.500	3.4435e-02
 7.750	19.750	3.4202e-02
 7.750	20.000	3.4073e-02
 7.750	20.250	3.4021e-02
 7.750	20.500	3.4000e-02
 7.750	20.750	3.3991e-02
 7.750	21.000	3.3987e-02
 7.750	21.250	3.3984e-02
 7.750	21.500	3.3983e-02
 7.750	21.750	3.3983e-02
 7.750	22.000	3.3982e-02
 7.750	22.250	3.3982e-02
 7.750	22.500	3.3982e-02
 7.750	22.750	3.3982e-02
 7.750	23.000	3.3982e-02
 7.750	23.250	3.3982e-02
 7.750	23.500	3.3982e-02
 7.750	23.750	3.3982e-02
 7.750	24.000	3.3982e-02
 8.000	17.000	2.0309e-01
 8.000	17.250	2.0448e-01
 8.000	17.500	1.9903e-01
 8.000	17.750	1.7344e-01
 8.000	18.000	1.4286e-01
 8.000	18.250	8.7054e-02
 8.000	18.500	5.5345e-02
 8.000	18.750	4.3418e-02
 8.000	19.000	3.8330e-02
 8.000	19.250	3.6071e-02
 8.000	19.500	3.4900e-02
 8.000	19.750	3.4435e-02
 8.000	20.000	3.4202e-02
 8.000	20.250	3.4073e-02
 8.000	20.500	3.4021e-02
 8.000	20.750	3.4000e-02
 8.000	21.000	3.3991e-02
 8.000	21.250	3.3987e-02
 8.000	21.500	3.3984e-02
 8.000	21.750	3.3983e-02
 8.000	22.000	3.3983e-02
 8.000	22.250	3.3982e-02
 8.000	22.500	3.3982e-02
 8.000	22.750	3.3982e-02
 8.000	23.000	3.3982e-02
 8.000	23.250	3.3983e-02
 8.000	23.500	3.3982e-02
 8.000	23.750	3.3982e-02
 8.000	24.000	3.3982e-02
 8.250	17.000	2.0762e-01
 8.250	17.250	2.0768e-01
 8.250	17.500	2.1031e-01
 8.250	17.750	2.0421e-01
 8.250	18.000	1.7597e-01
 8.250	18.250	1.4236e-01
 8.250	18.500	8.6845e-02
 8.250	18.750	5.5294e-02
 8.250	19.000	4.3379e-02
 8.250	19.250	3.8319e-02
 8.250	19.500	3.6070e-02
 8.250	19.750	3.4900e-02
 8.250	20.000	3.4435e-02
 8.250	20.250	3.4202e-02
 8.250	20.500	3.4073e-02
 8.250	20.750	3.4021e-02
 8.250	21.000	3.4000e-02
 8.250	21.250	3.3991e-02
 8.250	21.500	3.3987e-02
 8.250	21.750	3.3984e-02
 8.250	22.000	3.3983e-02
 8.250	22.250	3.3983e-02
 8.250	22.500	3.3982e-02
 8.250	22.750	3.3982e-02
 8.250	23.000	3.3982e-02
 8.250	23.250	3.3982e-02
 8.250	23.500	3.3982e-02
 8.250	23.750	3.3982e-02
 8.250	24.000	3.3982e-02
 8.500	17.000	2.1347e-01
 8.500	17.250	2.1229e-01
 8.500	17.500	2.1413e-01
 8.500	17.750	2.1928e-01
 8.500	18.000	2.1363e-01
 8.500	18.250	1.8016e-01
 8.500	18.500	1.4202e-01
 8.500	18.750	8.6643e-02
 8.500	19.000	5.5242e-02
 8.500	19.250	4.3333e-02
 8.500	19.500	3.8305e-02
 8.500	19.750	3.6069e-02
 8.500	20.000	3.4900e-02
 8.500	20.250	3.4435e-02
 8.500	20.500	3.4202e-02
 8.500	20.750	3.4073e-02
 8.500	21.000	3.4021e-02
 8.500	21.250	3.4000e-02
 8.500	21.500	3.3991e-02
 8.500	21.750	3.3987e-02
 8.500	22.000	3.3984e-02
 8.500	22.250	3.3983e-02
 8.500	22.500	3.3983e-02
 8.500	22.750	3.3982e-02
 8.500	23.000	3.3982e-02
 8.500	23.250	3.3982e-02
 8.500	23.500	3.3982e-02
 8.500	23.750	3.3982e-02
 8.500	24.000	3.3982e-02
 8.750	17.000	2.1891e-01
 8.750	17.250	2.1835e-01
 8.750	17.500	2.1958e-01
 8.750	17.750	2.2582e-01
 8.750	18.000	2.3570e-01
 8.750	18.250	2.2940e-01
 8.750	18.500	1.8946e-01
 8.750	18.750	1.4108e-01
 8.750	19.000	8.6416e-02
 8.750	19.250	5.5188e-02
 8.750	19.500	4.3283e-02
 8.750	19.750	3.8291e-02
 8.750	20.000	3.6067e-02
 8.750	20.250	3.4899e-02
 8.750	20.500	3.4435e-02
 8.750	20.750	3.4202e-02
 8.750	21.000	3.4073e-02
 8.750	21.250	3.4021e-02
 8.750	21.500	3.4000e-02
 8.750	21.750	3.3991e-02
 8.750	22.000	3.3987e-02
 8.750	22.250	3.3984e-02
 8.750	22.500	3.3983e-02
 8.750	22.750	3.3983e-02
 8.750	23.000	3.3982e-02
 8.750	23.250	3.3982e-02
 8.750	23.500	3.3982e-02
 8.750	23.750	3.3982e-02
 8.750	24.000	3.3982e-02
 9.000	17.000	2.2282e-01
 9.000	17.250	2.2402e-01
 9.000	17.500	2.2679e-01
 9.000	17.750	2.3344e-01
 9.000	18.000	2.4830e-01
 9.000	18.250	2.6616e-01
 9.000	18.500	2.5348e-01
 9.000	18.750	1.9678e-01
 9.000	19.000	1.4024e-01
 9.000	19.250	8.6165e-02
 9.000	19.500	5.5136e-02
 9.000	19.750	4.3232e-02
 9.000	20.000	3.8276e-02
 9.000	20.250	3.6065e-02
 9.000	20.500	3.4899e-02
 9.000	20.750	3.4435e-02
 9.000	21.000	3.4202e-02
 9.000	21.250	3.4073e-02
 9.000	21.500	3.4021e-02
 9.000	21.750	3.4000e-02
 9.000	22.000	3.3991e-02
 9.000	22.250	3.3987e-02
 9.000	22.500	3.3984e-02
 9.000	22.750	3.3983e-02
 9.000	23.000	3.3983e-02
 9.000	23.250	3.3982e-02
 9.000	23.500	3.3982e-02
 9.000	23.750	3.3982e-02
 9.000	24.000	3.3982e-02
 9.250	17.000	2.2483e-01
 9.250	17.250	2.2831e-01
 9.250	17.500	2.3413e-01
 9.250	17.750	2.4467e-01
 9.250	18.000	2.6482e-01
 9.250	18.250	2.9363e-01
 9.250	18.500	3.1152e-01
 9.250	18.750	2.8326e-01
 9.250	19.000	2.1180e-01
 9.250	19.250	1.3988e-01
 9.250	19.500	8.5842e-02
 9.250	19.750	5.5087e-02
 9.250	20.000	4.3183e-02
 9.250	20.250	3.8261e-02
 9.250	20.500	3.6063e-02
 9.250	20.750	3.4899e-02
 9.250	21.000	3.4435e-02
 9.250	21.250	3.4202e-02
 9.250	21.500	3.4066e-02
 9.250	21.750	3.4011e-02
 9.250	22.000	3.3989e-02
 9.250	22.250	3.3981e-02
 9.250	22.500	3.3986e-02
 9.250	22.750	3.3984e-02
 9.250	23.000	3.3983e-02
 9.250	23.250	3.3983e-02
 9.250	23.500	3.3982e-02
 9.250	23.750	3.3982e-02
 9.250	24.000	3.3982e-02
 9.500	17.000	2.2558e-01
 9.500	17.250	2.3163e-01
 9.500	17.500	2.4102e-01
 9.500	17.750	2.5747e-01
 9.500	18.000	2.8713e-01
 9.500	18.250	3.2587e-01
 9.500	18.500	3.5807e-01
 9.500	18.750	3.6051e-01
 9.500	19.000	3.0585e-01
 9.500	19.250	2.2104e-01
 9.500	19.500	1.3985e-01
 9.500	19.750	8.5494e-02
 9.500	20.000	5.5041e-02
 9.500	20.250	4.3139e-02
 9.500	20.500	3.8246e-02
 9.500	20.750	3.6061e-02
 9.500	21.000	3.4891e-02
 9.500	21.250	3.4425e-02
 9.500	21.500	3.4192e-02
 9.500	21.750	3.4060e-02
 9.500	22.000	3.4003e-02
 9.500	22.250	3.3982e-02
 9.500	22.500	3.3973e-02
 9.500	22.750	3.3968e-02
 9.500	23.000	3.3966e-02
 9.500	23.250	3.3965e-02
 9.500	23.500	3.3969e-02
 9.500	23.750	3.3969e-02
 9.500	24.000	3.3968e-02
 9.750	17.000	2.2440e-01
 9.750	17.250	2.3346e-01
 9.750	17.500	2.4707e-01
 9.750	17.750	2.7123e-01
 9.750	18.000	3.1364e-01
 9.750	18.250	3.6616e-01
 9.750	18.500	4.0667e-01
 9.750	18.750	4.2331e-01
 9.750	19.000	4.0336e-01
 9.750	19.250	3.3424e-01
 9.750	19.500	2.3228e-01
 9.750	19.750	1.3939e-01
 9.750	20.000	8.5006e-02
 9.750	20.250	5.4993e-02
 9.750	20.500	4.3101e-02
 9.750	20.750	3.8233e-02
 9.750	21.000	3.6059e-02
 9.750	21.250	3.4895e-02
 9.750	21.500	3.4426e-02
 9.750	21.750	3.4192e-02
 9.750	22.000	3.4061e-02
 9.750	22.250	3.4005e-02
 9.750	22.500	3.3981e-02
 9.750	22.750	3.3973e-02
 9.750	23.000	3.3969e-02
 9.750	23.250	3.3967e-02
 9.750	23.500	3.3965e-02
 9.750	23.750	3.3964e-02
 9.750	24.000	3.3964e-02
10.000	17.000	2.2089e-01
10.000	17.250	2.3473e-01
10.000	17.500	2.5394e-01
10.000	17.750	2.8803e-01
10.000	18.000	3.4686e-01
10.000	18.250	4.1297e-01
10.000	18.500	4.6042e-01
10.000	18.750	4.8227e-01
10.000	19.000	4.8223e-01
10.000	19.250	4.4463e-01
10.000	19.500	3.6752e-01
10.000	19.750	2.2811e-01
10.000	20.000	1.3784e-01
10.000	20.250	8.4718e-02
10.000	20.500	5.4931e-02
10.000	20.750	4.3065e-02
10.000	21.000	3.8220e-02
10.000	21.250	3.6057e-02
10.000	21.500	3.4896e-02
10.000	21.750	3.4431e-02
10.000	22.000	3.4193e-02
10.000	22.250	3.4062e-02
10.000	22.500	3.4008e-02
10.000	22.750	3.3983e-02
10.000	23.000	3.3972e-02
10.000	23.250	3.3968e-02
10.000	23.500	3.3967e-02
10.000	23.750	3.3966e-02
10.000	24.000	3.3965e-02
10.250	17.000	2.1722e-01
10.250	17.250	2.3537e-01
10.250	17.500	2.6323e-01
10.250	17.750	3.1071e-01
10.250	18.000	3.8549e-01
10.250	18.250	4.6416e-01
10.250	18.500	5.1708e-01
10.250	18.750	5.4362e-01
10.250	19.000	5.4807e-01
10.250	19.250	5.3662e-01
10.250	19.500	4.9285e-01
10.250	19.750	3.8218e-01
10.250	20.000	2.2757e-01
10.250	20.250	1.3552e-01
10.250	20.500	8.3852e-02
10.250	20.750	5.4836e-02
10.250	21.000	4.3028e-02
10.250	21.250	3.8206e-02
10.250	21.500	3.6054e-02
10.250	21.750	3.4896e-02
10.250	22.000	3.4433e-02
10.250	22.250	3.4196e-02
10.250	22.500	3.4062e-02
10.250	22.750	3.4009e-02
10.250	23.000	3.3986e-02
10.250	23.250	3.3974e-02
10.250	23.500	3.3969e-02
10.250	23.750	3.3966e-02
10.250	24.000	3.3965e-02
10.500	17.000	2.1371e-01
10.500	17.250	2.3823e-01
10.500	17.500	2.7706e-01
10.500	17.750	3.4264e-01
10.500	18.000	4.3247e-01
10.500	18.250	5.2119e-01
10.500	18.500	5.7986e-01
10.500	18.750	6.1486e-01
10.500	19.000	6.2977e-01
10.500	19.250	6.2567e-01
10.500	19.500	5.9857e-01
10.500	19.750	5.3884e-01
10.500	20.000	3.8961e-01
10.500	20.250	2.2285e-01
10.500	20.500	1.3130e-01
10.500	20.750	8.2609e-02
10.500	21.000	5.4701e-02
10.500	21.250	4.2989e-02
10.500	21.500	3.8192e-02
10.500	21.750	3.6050e-02
10.500	22.000	3.4896e-02
10.500	22.250	3.4434e-02
10.500	22.500	3.4200e-02
10.500	22.750	3.4063e-02
10.500	23.000	3.4010e-02
10.500	23.250	3.3987e-02
10.500	23.500	3.3977e-02
10.500	23.750	3.3971e-02
10.500	24.000	3.3968e-02
10.750	17.000	2.1033e-01
10.750	17.250	2.4302e-01
10.750	17.500	2.9824e-01
10.750	17.750	3.8314e-01
10.750	18.000	4.8740e-01
10.750	18.250	5.8247e-01
10.750	18.500	6.5082e-01
10.750	18.750	6.9643e-01
10.750	19.000	7.1878e-01
10.750	19.250	7.1871e-01
10.750	19.500	7.0010e-01
10.750	19.750	6.6018e-01
10.750	20.000	5.8492e-01
10.750	20.250	4.0014e-01
10.750	20.500	2.1673e-01
10.750	20.750	1.2789e-01
10.750	21.000	8.1217e-02
10.750	21.250	5.4489e-02
10.750	21.500	4.2941e-02
10.750	21.750	3.8176e-02
10.750	22.000	3.6046e-02
10.750	22.250	3.4894e-02
10.750	22.500	3.4433e-02
10.750	22.750	3.4201e-02
10.750	23.000	3.4064e-02
10.750	23.250	3.4011e-02
10.750	23.500	3.3989e-02
10.750	23.750	3.3979e-02
10.750	24.000	3.3973e-02
11.000	17.000	2.0703e-01
11.000	17.250	2.4850e-01
11.000	17.500	3.2258e-01
11.000	17.750	4.2867e-01
11.000	18.000	5.4445e-01
11.000	18.250	6.4650e-01
11.000	18.500	7.2575e-01
11.000	18.750	7.8380e-01
11.000	19.000	8.1309e-01
11.000	19.250	8.1604e-01
11.000	19.500	8.0213e-01
11.000	19.750	7.7150e-01
11.000	20.000	7.1866e-01
11.000	20.250	6.2748e-01
11.000	20.500	3.8819e-01
11.000	20.750	2.1090e-01
11.000	21.000	1.2368e-01
11.000	21.250	7.9457e-02
11.000	21.500	5.4179e-02
11.000	21.750	4.2882e-02
11.000	22.000	3.8157e-02
11.000	22.250	3.6040e-02
11.000	22.500	3.4892e-02
11.000	22.750	3.4433e-02
11.000	23.000	3.4202e-02
11.000	23.250	3.4069e-02
11.000	23.500	3.4011e-02
11.000	23.750	3.3989e-02
11.000	24.000	3.3980e-02
11.250	17.000	2.0347e-01
11.250	17.250	2.5278e-01
11.250	17.500	3.4415e-01
11.250	17.750	4.7012e-01
11.250	18.000	5.9895e-01
11.250	18.250	7.0913e-01
11.250	18.500	7.9705e-01
11.250	18.750	8.6350e-01
11.250	19.000	9.0207e-01
11.250	19.250	9.1612e-01
11.250	19.500	9.0551e-01
11.250	19.750	8.7879e-01
11.250	20.000	8.3460e-01
11.250	20.250	7.6924e-01
11.250	20.500	6.6472e-01
11.250	20.750	3.8548e-01
11.250	21.000	2.0583e-01
11.250	21.250	1.2027e-01
11.250	21.500	7.7824e-02
11.250	21.750	5.3689e-02
11.250	22.000	4.2808e-02
11.250	22.250	3.8139e-02
11.250	22.500	3.6030e-02
11.250	22.750	3.4890e-02
11.250	23.000	3.4432e-02
11.250	23.250	3.4201e-02
11.250	23.500	3.4071e-02
11.250	23.750	3.4012e-02
11.250	24.000	3.3990e-02
11.500	17.000	2.0019e-01
11.500	17.250	2.5603e-01
11.500	17.500	3.5942e-01
11.500	17.750	5.0061e-01
11.500	18.000	6.4319e-01
11.500	18.250	7.6423e-01
11.500	18.500	8.6064e-01
11.500	18.750	9.3718e-01
11.500	19.000	9.8529e-01
11.500	19.250	1.0092e+00
11.500	19.500	1.0067e+00
11.500	19.750	9.8386e-01
11.500	20.000	9.4432e-01
11.500	20.250	8.8815e-01
11.500	20.500	8.1064e-01
11.500	20.750	6.8137e-01
11.500	21.000	3.7903e-01
11.500	21.250	1.9874e-01
11.500	21.500	1.1702e-01
11.500	21.750	7.6148e-02
11.500	22.000	5.3148e-02
11.500	22.250	4.2711e-02
11.500	22.500	3.8121e-02
11.500	22.750	3.6021e-02
11.500	23.000	3.4886e-02
11.500	23.250	3.4430e-02
11.500	23.500	3.4201e-02
11.500	23.750	3.4072e-02
11.500	24.000	3.4017e-02
11.750	17.000	1.9696e-01
11.750	17.250	2.5722e-01
11.750	17.500	3.6677e-01
11.750	17.750	5.1646e-01
11.750	18.000	6.7066e-01
11.750	18.250	8.0415e-01
11.750	18.500	9.1362e-01
11.750	18.750	9.9947e-01
11.750	19.000	1.0623e+00
11.750	19.250	1.0951e+00
11.750	19.500	1.1036e+00
11.750	19.750	1.0866e+00
11.750	20.000	1.0492e+00
11.750	20.250	9.9703e-01
11.750	20.500	9.3022e-01
11.750	20.750	8.4066e-01
11.750	21.000	6.9160e-01
11.750	21.250	3.7243e-01
11.750	21.500	1.9396e-01
11.750	21.750	1.1485e-01
11.750	22.000	7.4139e-02
11.750	22.250	5.2635e-02
11.750	22.500	4.2581e-02
11.750	22.750	3.8107e-02
11.750	23.000	3.6013e-02
11.750	23.250	3.4881e-02
11.750	23.500	3.4428e-02
11.750	23.750	3.4200e-02
11.750	24.000	3.4072e-02
12.000	17.000	1.9371e-01
12.000	17.250	2.5566e-01
12.000	17.500	3.6490e-01
12.000	17.750	5.1563e-01
12.000	18.000	6.7650e-01
12.000	18.250	8.2386e-01
12.000	18.500	9.5165e-01
12.000	18.750	1.0549e+00
12.000	19.000	1.1291e+00
12.000	19.250	1.1736e+00
12.000	19.500	1.1889e+00
12.000	19.750	1.1788e+00
12.000	20.000	1.1467e+00
12.000	20.250	1.0982e+00
12.000	20.500	1.0359e+00
12.000	20.750	9.6012e-01
12.000	21.000	8.5997e-01
12.000	21.250	6.5498e-01
12.000	21.500	3.6786e-01
12.000	21.750	1.8847e-01
12.000	22.000	1.1320e-01
12.000	22.250	7.2183e-02
12.000	22.500	5.2059e-02
12.000	22.750	4.2422e-02
12.000	23.000	3.8087e-02
12.000	23.250	3.6006e-02
12.000	23.500	3.4876e-02
12.000	23.750	3.4426e-02
12.000	24.000	3.4200e-02
12.250	17.000	1.8985e-01
12.250	17.250	2.5097e-01
12.250	17.500	3.5382e-01
12.250	17.750	4.9816e-01
12.250	18.000	6.6193e-01
12.250	18.250	8.2425e-01
12.250	18.500	9.7156e-01
12.250	18.750	1.0941e+00
12.250	19.000	1.1822e+00
12.250	19.250	1.2367e+00
12.250	19.500	1.2601e+00
12.250	19.750	1.2575e+00
12.250	20.000	1.2321e+00
12.250	20.250	1.1889e+00
12.250	20.500	1.1307e+00
12.250	20.750	1.0623e+00
12.250	21.000	9.8049e-01
12.250	21.250	8.7018e-01
12.250	21.500	6.4632e-01
12.250	21.750	3.5922e-01
12.250	22.000	1.8440e-01
12.250	22.250	1.1183e-01
12.250	22.500	7.0451e-02
12.250	22.750	5.1457e-02
12.250	23.000	4.2257e-02
12.250	23.250	3.8065e-02
12.250	23.500	3.5997e-02
12.250	23.750	3.4870e-02
12.250	24.000	3.4424e-02
12.500	17.000	1.7998e-01
12.500	17.250	2.4170e-01
12.500	17.500	3.3646e-01
12.500	17.750	4.7031e-01
12.500	18.000	6.3247e-01
12.500	18.250	8.0342e-01
12.500	18.500	9.6734e-01
12.500	18.750	1.1091e+00
12.500	19.000	1.2145e+00
12.500	19.250	1.2801e+00
12.500	19.500	1.3126e+00
12.500	19.750	1.3182e+00
12.500	20.000	1.3010e+00
12.500	20.250	1.2655e+00
12.500	20.500	1.2126e+00
12.500	20.750	1.1516e+00
12.500	21.000	1.0816e+00
12.500	21.250	9.9613e-01
12.500	21.500	8.6145e-01
12.500	21.750	6.2381e-01
12.500	22.000	3.4641e-01
12.500	22.250	1.8071e-01
12.500	22.500	1.0957e-01
12.500	22.750	6.8841e-02
12.500	23.000	5.0821e-02
12.500	23.250	4.2083e-02
12.500	23.500	3.8035e-02
12.500	23.750	3.5985e-02
12.500	24.000	3.4864e-02
12.750	17.000	1.6227e-01
12.750	17.250	2.2228e-01
12.750	17.500	3.1348e-01
12.750	17.750	4.3957e-01
12.750	18.000	5.9560e-01
12.750	18.250	7.6815e-01
12.750	18.500	9.3947e-01
12.750	18.750	1.0954e+00
12.750	19.000	1.2187e+00
12.750	19.250	1.3021e+00
12.750	19.500	1.3427e+00
12.750	19.750	1.3557e+00
12.750	20.000	1.3460e+00
12.750	20.250	1.3214e+00
12.750	20.500	1.2783e+00
12.750	20.750	1.2230e+00
12.750	21.000	1.1633e+00
12.750	21.250	1.0946e+00
12.750	21.500	9.8645e-01
12.750	21.750	8.5505e-01
12.750	22.000	5.9570e-01
12.750	22.250	3.3272e-01
12.750	22.500	1.7765e-01
12.750	22.750	1.0612e-01
12.750	23.000	6.7529e-02
12.750	23.250	5.0194e-02
12.750	23.500	4.1870e-02
12.750	23.750	3.7992e-02
12.750	24.000	3.5967e-02
13.000	17.000	1.3886e-01
13.000	17.250	1.9297e-01
13.000	17.500	2.8345e-01
13.000	17.750	4.0470e-01
13.000	18.000	5.5392e-01
13.000	18.250	7.2251e-01
13.000	18.500	8.9547e-01
13.000	18.750	1.0577e+00
13.000	19.000	1.1939e+00
13.000	19.250	1.2922e+00
13.000	19.500	1.3467e+00
13.000	19.750	1.3703e+00
13.000	20.000	1.3711e+00
13.000	20.250	1.3531e+00
13.000	20.500	1.3242e+00
13.000	20.750	1.2824e+00
13.000	21.000	1.2307e+00
13.000	21.250	1.1752e+00
13.000	21.500	1.0871e+00
13.000	21.750	9.8758e-01
13.000	22.000	8.3745e-01
13.000	22.250	5.6468e-01
13.000	22.500	3.1517e-01
13.000	22.750	1.7475e-01
13.000	23.000	1.0257e-01
13.000	23.250	6.6007e-02
13.000	23.500	4.9454e-02
13.000	23.750	4.1664e-02
13.000	24.000	3.7928e-02
13.250	17.000	1.2680e-01
13.250	17.250	1.7188e-01
13.250	17.500	2.4829e-01
13.250	17.750	3.6327e-01
13.250	18.000	5.0608e-01
13.250	18.250	6.7151e-01
13.250	18.500	8.4213e-01
13.250	18.750	1.0061e+00
13.250	19.000	1.1484e+00
13.250	19.250	1.2588e+00
13.250	19.500	1.3286e+00
13.250	19.750	1.3670e+00
13.250	20.000	1.3778e+00
13.250	20.250	1.3681e+00
13.250	20.500	1.3452e+00
13.250	20.750	1.3148e+00
13.250	21.000	1.2762e+00
13.250	21.250	1.2289e+00
13.250	21.500	1.1475e+00
13.250	21.750	1.0758e+00
13.250	22.000	9.7552e-01
13.250	22.250	8.0811e-01
13.250	22.500	5.2684e-01
13.250	22.750	2.9663e-01
13.250	23.000	1.6636e-01
13.250	23.250	9.8583e-02
13.250	23.500	6.4594e-02
13.250	23.750	4.8891e-02
13.250	24.000	4.1513e-02
13.500	17.000	1.1484e-01
13.500	17.250	1.5473e-01
13.500	17.500	2.2165e-01
13.500	17.750	3.2232e-01
13.500	18.000	4.5856e-01
13.500	18.250	6.1484e-01
13.500	18.500	7.8355e-01
13.500	18.750	9.4625e-01
13.500	19.000	1.0938e+00
13.500	19.250	1.2114e+00
13.500	19.500	1.2955e+00
13.500	19.750	1.3444e+00
13.500	20.000	1.3681e+00
13.500	20.250	1.3710e+00
13.500	20.500	1.3546e+00
13.500	20.750	1.3272e+00
13.500	21.000	1.2923e+00
13.500	21.250	1.2557e+00
13.500	21.500	1.1830e+00
13.500	21.750	1.1271e+00
13.500	22.000	1.0555e+00
13.500	22.250	9.4330e-01
13.500	22.500	7.5809e-01
13.500	22.750	4.8350e-01
13.500	23.000	2.7298e-01
13.500	23.250	1.5769e-01
13.500	23.500	9.4525e-02
13.500	23.750	6.3133e-02
13.500	24.000	4.8335e-02
13.750	17.000	1.0431e-01
13.750	17.250	1.3845e-01
13.750	17.500	1.9693e-01
13.750	17.750	2.8441e-01
13.750	18.000	4.0831e-01
13.750	18.250	5.5913e-01
13.750	18.500	7.1926e-01
13.750	18.750	8.8358e-01
13.750	19.000	1.0331e+00
13.750	19.250	1.1614e+00
13.750	19.500	1.2575e+00
13.750	19.750	1.3201e+00
13.750	20.000	1.3542e+00
13.750	20.250	1.3665e+00
13.750	20.500	1.3599e+00
13.750	20.750	1.3371e+00
13.750	21.000	1.3035e+00
13.750	21.250	1.2645e+00
13.750	21.500	1.2017e+00
13.750	21.750	1.1505e+00
13.750	22.000	1.0850e+00
13.750	22.250	9.9746e-01
13.750	22.500	8.8898e-01
13.750	22.750	6.9978e-01
13.750	23.000	4.3439e-01
13.750	23.250	2.4964e-01
13.750	23.500	1.4694e-01
13.750	23.750	9.0382e-02
13.750	24.000	6.1678e-02
14.000	17.000	9.4731e-02
14.000	17.250	1.2383e-01
14.000	17.500	1.7322e-01
14.000	17.750	2.5128e-01
14.000	18.000	3.6035e-01
14.000	18.250	5.0059e-01
14.000	18.500	6.5817e-01
14.000	18.750	8.1809e-01
14.000	19.000	9.6991e-01
14.000	19.250	1.1045e+00
14.000	19.500	1.2141e+00
14.000	19.750	1.2926e+00
14.000	20.000	1.3404e+00
14.000	20.250	1.3612e+00
14.000	20.500	1.3641e+00
14.000	20.750	1.3497e+00
14.000	21.000	1.3214e+00
14.000	21.250	1.2847e+00
14.000	21.500	1.2193e+00
14.000	21.750	1.1703e+00
14.000	22.000	1.1065e+00
14.000	22.250	1.0203e+00
14.000	22.500	9.2100e-01
14.000	22.750	8.2872e-01
14.000	23.000	6.3071e-01
14.000	23.250	3.8735e-01
14.000	23.500	2.2716e-01
14.000	23.750	1.3863e-01
14.000	24.000	8.6432e-02
