nInu 1324.00A  relative to Inci 1215.00A scaled to 1215A.
Hden   Phi(H)  Eq_Width (A)
 7.000	17.000	9.9099e-01
 7.000	17.250	9.9423e-01
 7.000	17.500	9.9676e-01
 7.000	17.750	9.9676e-01
 7.000	18.000	9.9676e-01
 7.000	18.250	9.9676e-01
 7.000	18.500	9.9675e-01
 7.000	18.750	9.9676e-01
 7.000	19.000	9.9676e-01
 7.000	19.250	9.9676e-01
 7.000	19.500	9.9676e-01
 7.000	19.750	9.9676e-01
 7.000	20.000	9.9676e-01
 7.000	20.250	9.9676e-01
 7.000	20.500	9.9676e-01
 7.000	20.750	9.9676e-01
 7.000	21.000	9.9676e-01
 7.000	21.250	9.9676e-01
 7.000	21.500	9.9676e-01
 7.000	21.750	9.9676e-01
 7.000	22.000	9.9676e-01
 7.000	22.250	9.9676e-01
 7.000	22.500	9.9676e-01
 7.000	22.750	9.9676e-01
 7.000	23.000	9.9676e-01
 7.000	23.250	9.9676e-01
 7.000	23.500	9.9676e-01
 7.000	23.750	9.9676e-01
 7.000	24.000	9.9676e-01
 7.250	17.000	9.9070e-01
 7.250	17.250	9.9094e-01
 7.250	17.500	9.9425e-01
 7.250	17.750	9.9676e-01
 7.250	18.000	9.9676e-01
 7.250	18.250	9.9676e-01
 7.250	18.500	9.9676e-01
 7.250	18.750	9.9675e-01
 7.250	19.000	9.9676e-01
 7.250	19.250	9.9676e-01
 7.250	19.500	9.9676e-01
 7.250	19.750	9.9676e-01
 7.250	20.000	9.9676e-01
 7.250	20.250	9.9676e-01
 7.250	20.500	9.9676e-01
 7.250	20.750	9.9676e-01
 7.250	21.000	9.9676e-01
 7.250	21.250	9.9676e-01
 7.250	21.500	9.9676e-01
 7.250	21.750	9.9676e-01
 7.250	22.000	9.9676e-01
 7.250	22.250	9.9676e-01
 7.250	22.500	9.9676e-01
 7.250	22.750	9.9676e-01
 7.250	23.000	9.9676e-01
 7.250	23.250	9.9676e-01
 7.250	23.500	9.9676e-01
 7.250	23.750	9.9676e-01
 7.250	24.000	9.9676e-01
 7.500	17.000	9.9103e-01
 7.500	17.250	9.9069e-01
 7.500	17.500	9.9089e-01
 7.500	17.750	9.9421e-01
 7.500	18.000	9.9676e-01
 7.500	18.250	9.9676e-01
 7.500	18.500	9.9676e-01
 7.500	18.750	9.9676e-01
 7.500	19.000	9.9675e-01
 7.500	19.250	9.9676e-01
 7.500	19.500	9.9676e-01
 7.500	19.750	9.9676e-01
 7.500	20.000	9.9675e-01
 7.500	20.250	9.9676e-01
 7.500	20.500	9.9676e-01
 7.500	20.750	9.9676e-01
 7.500	21.000	9.9676e-01
 7.500	21.250	9.9676e-01
 7.500	21.500	9.9676e-01
 7.500	21.750	9.9676e-01
 7.500	22.000	9.9676e-01
 7.500	22.250	9.9676e-01
 7.500	22.500	9.9676e-01
 7.500	22.750	9.9676e-01
 7.500	23.000	9.9676e-01
 7.500	23.250	9.9676e-01
 7.500	23.500	9.9675e-01
 7.500	23.750	9.9676e-01
 7.500	24.000	9.9676e-01
 7.750	17.000	9.9177e-01
 7.750	17.250	9.9094e-01
 7.750	17.500	9.9062e-01
 7.750	17.750	9.9083e-01
 7.750	18.000	9.9437e-01
 7.750	18.250	9.9675e-01
 7.750	18.500	9.9676e-01
 7.750	18.750	9.9676e-01
 7.750	19.000	9.9676e-01
 7.750	19.250	9.9675e-01
 7.750	19.500	9.9676e-01
 7.750	19.750	9.9676e-01
 7.750	20.000	9.9676e-01
 7.750	20.250	9.9676e-01
 7.750	20.500	9.9676e-01
 7.750	20.750	9.9676e-01
 7.750	21.000	9.9676e-01
 7.750	21.250	9.9676e-01
 7.750	21.500	9.9676e-01
 7.750	21.750	9.9676e-01
 7.750	22.000	9.9676e-01
 7.750	22.250	9.9676e-01
 7.750	22.500	9.9676e-01
 7.750	22.750	9.9676e-01
 7.750	23.000	9.9676e-01
 7.750	23.250	9.9676e-01
 7.750	23.500	9.9676e-01
 7.750	23.750	9.9676e-01
 7.750	24.000	9.9676e-01
 8.000	17.000	9.9271e-01
 8.000	17.250	9.9162e-01
 8.000	17.500	9.9077e-01
 8.000	17.750	9.9048e-01
 8.000	18.000	9.9083e-01
 8.000	18.250	9.9437e-01
 8.000	18.500	9.9675e-01
 8.000	18.750	9.9676e-01
 8.000	19.000	9.9676e-01
 8.000	19.250	9.9676e-01
 8.000	19.500	9.9676e-01
 8.000	19.750	9.9676e-01
 8.000	20.000	9.9676e-01
 8.000	20.250	9.9676e-01
 8.000	20.500	9.9676e-01
 8.000	20.750	9.9676e-01
 8.000	21.000	9.9676e-01
 8.000	21.250	9.9676e-01
 8.000	21.500	9.9676e-01
 8.000	21.750	9.9676e-01
 8.000	22.000	9.9676e-01
 8.000	22.250	9.9676e-01
 8.000	22.500	9.9676e-01
 8.000	22.750	9.9676e-01
 8.000	23.000	9.9676e-01
 8.000	23.250	9.9676e-01
 8.000	23.500	9.9676e-01
 8.000	23.750	9.9675e-01
 8.000	24.000	9.9676e-01
 8.250	17.000	9.9355e-01
 8.250	17.250	9.9242e-01
 8.250	17.500	9.9125e-01
 8.250	17.750	9.9041e-01
 8.250	18.000	9.9012e-01
 8.250	18.250	9.9059e-01
 8.250	18.500	9.9440e-01
 8.250	18.750	9.9675e-01
 8.250	19.000	9.9675e-01
 8.250	19.250	9.9676e-01
 8.250	19.500	9.9676e-01
 8.250	19.750	9.9675e-01
 8.250	20.000	9.9676e-01
 8.250	20.250	9.9676e-01
 8.250	20.500	9.9676e-01
 8.250	20.750	9.9676e-01
 8.250	21.000	9.9676e-01
 8.250	21.250	9.9676e-01
 8.250	21.500	9.9676e-01
 8.250	21.750	9.9676e-01
 8.250	22.000	9.9675e-01
 8.250	22.250	9.9676e-01
 8.250	22.500	9.9676e-01
 8.250	22.750	9.9676e-01
 8.250	23.000	9.9675e-01
 8.250	23.250	9.9676e-01
 8.250	23.500	9.9676e-01
 8.250	23.750	9.9676e-01
 8.250	24.000	9.9676e-01
 8.500	17.000	9.9418e-01
 8.500	17.250	9.9316e-01
 8.500	17.500	9.9189e-01
 8.500	17.750	9.9057e-01
 8.500	18.000	9.8962e-01
 8.500	18.250	9.8945e-01
 8.500	18.500	9.9025e-01
 8.500	18.750	9.9445e-01
 8.500	19.000	9.9675e-01
 8.500	19.250	9.9675e-01
 8.500	19.500	9.9676e-01
 8.500	19.750	9.9676e-01
 8.500	20.000	9.9675e-01
 8.500	20.250	9.9676e-01
 8.500	20.500	9.9676e-01
 8.500	20.750	9.9676e-01
 8.500	21.000	9.9676e-01
 8.500	21.250	9.9676e-01
 8.500	21.500	9.9676e-01
 8.500	21.750	9.9676e-01
 8.500	22.000	9.9676e-01
 8.500	22.250	9.9676e-01
 8.500	22.500	9.9676e-01
 8.500	22.750	9.9676e-01
 8.500	23.000	9.9676e-01
 8.500	23.250	9.9676e-01
 8.500	23.500	9.9676e-01
 8.500	23.750	9.9676e-01
 8.500	24.000	9.9676e-01
 8.750	17.000	9.9457e-01
 8.750	17.250	9.9367e-01
 8.750	17.500	9.9244e-01
 8.750	17.750	9.9087e-01
 8.750	18.000	9.8923e-01
 8.750	18.250	9.8823e-01
 8.750	18.500	9.8825e-01
 8.750	18.750	9.9028e-01
 8.750	19.000	9.9450e-01
 8.750	19.250	9.9675e-01
 8.750	19.500	9.9675e-01
 8.750	19.750	9.9676e-01
 8.750	20.000	9.9676e-01
 8.750	20.250	9.9676e-01
 8.750	20.500	9.9676e-01
 8.750	20.750	9.9675e-01
 8.750	21.000	9.9676e-01
 8.750	21.250	9.9676e-01
 8.750	21.500	9.9676e-01
 8.750	21.750	9.9676e-01
 8.750	22.000	9.9676e-01
 8.750	22.250	9.9676e-01
 8.750	22.500	9.9676e-01
 8.750	22.750	9.9676e-01
 8.750	23.000	9.9676e-01
 8.750	23.250	9.9676e-01
 8.750	23.500	9.9676e-01
 8.750	23.750	9.9676e-01
 8.750	24.000	9.9676e-01
 9.000	17.000	9.9475e-01
 9.000	17.250	9.9394e-01
 9.000	17.500	9.9275e-01
 9.000	17.750	9.9108e-01
 9.000	18.000	9.8899e-01
 9.000	18.250	9.8703e-01
 9.000	18.500	9.8619e-01
 9.000	18.750	9.8664e-01
 9.000	19.000	9.9029e-01
 9.000	19.250	9.9450e-01
 9.000	19.500	9.9674e-01
 9.000	19.750	9.9675e-01
 9.000	20.000	9.9675e-01
 9.000	20.250	9.9676e-01
 9.000	20.500	9.9675e-01
 9.000	20.750	9.9676e-01
 9.000	21.000	9.9676e-01
 9.000	21.250	9.9676e-01
 9.000	21.500	9.9676e-01
 9.000	21.750	9.9676e-01
 9.000	22.000	9.9676e-01
 9.000	22.250	9.9676e-01
 9.000	22.500	9.9676e-01
 9.000	22.750	9.9676e-01
 9.000	23.000	9.9676e-01
 9.000	23.250	9.9676e-01
 9.000	23.500	9.9676e-01
 9.000	23.750	9.9676e-01
 9.000	24.000	9.9676e-01
 9.250	17.000	9.9478e-01
 9.250	17.250	9.9399e-01
 9.250	17.500	9.9280e-01
 9.250	17.750	9.9107e-01
 9.250	18.000	9.8870e-01
 9.250	18.250	9.8609e-01
 9.250	18.500	9.8411e-01
 9.250	18.750	9.8383e-01
 9.250	19.000	9.8467e-01
 9.250	19.250	9.9019e-01
 9.250	19.500	9.9454e-01
 9.250	19.750	9.9673e-01
 9.250	20.000	9.9675e-01
 9.250	20.250	9.9675e-01
 9.250	20.500	9.9675e-01
 9.250	20.750	9.9676e-01
 9.250	21.000	9.9676e-01
 9.250	21.250	9.9676e-01
 9.250	21.500	9.9676e-01
 9.250	21.750	9.9676e-01
 9.250	22.000	9.9676e-01
 9.250	22.250	9.9676e-01
 9.250	22.500	9.9676e-01
 9.250	22.750	9.9676e-01
 9.250	23.000	9.9676e-01
 9.250	23.250	9.9676e-01
 9.250	23.500	9.9676e-01
 9.250	23.750	9.9676e-01
 9.250	24.000	9.9676e-01
 9.500	17.000	9.9473e-01
 9.500	17.250	9.9391e-01
 9.500	17.500	9.9267e-01
 9.500	17.750	9.9083e-01
 9.500	18.000	9.8825e-01
 9.500	18.250	9.8517e-01
 9.500	18.500	9.8198e-01
 9.500	18.750	9.7978e-01
 9.500	19.000	9.8013e-01
 9.500	19.250	9.8220e-01
 9.500	19.500	9.9019e-01
 9.500	19.750	9.9438e-01
 9.500	20.000	9.9672e-01
 9.500	20.250	9.9675e-01
 9.500	20.500	9.9675e-01
 9.500	20.750	9.9675e-01
 9.500	21.000	9.9676e-01
 9.500	21.250	9.9676e-01
 9.500	21.500	9.9676e-01
 9.500	21.750	9.9676e-01
 9.500	22.000	9.9676e-01
 9.500	22.250	9.9676e-01
 9.500	22.500	9.9676e-01
 9.500	22.750	9.9676e-01
 9.500	23.000	9.9676e-01
 9.500	23.250	9.9676e-01
 9.500	23.500	9.9676e-01
 9.500	23.750	9.9676e-01
 9.500	24.000	9.9676e-01
 9.750	17.000	9.9462e-01
 9.750	17.250	9.9376e-01
 9.750	17.500	9.9245e-01
 9.750	17.750	9.9044e-01
 9.750	18.000	9.8762e-01
 9.750	18.250	9.8386e-01
 9.750	18.500	9.7949e-01
 9.750	18.750	9.7543e-01
 9.750	19.000	9.7328e-01
 9.750	19.250	9.7649e-01
 9.750	19.500	9.8322e-01
 9.750	19.750	9.9032e-01
 9.750	20.000	9.9446e-01
 9.750	20.250	9.9669e-01
 9.750	20.500	9.9674e-01
 9.750	20.750	9.9675e-01
 9.750	21.000	9.9675e-01
 9.750	21.250	9.9676e-01
 9.750	21.500	9.9676e-01
 9.750	21.750	9.9676e-01
 9.750	22.000	9.9676e-01
 9.750	22.250	9.9676e-01
 9.750	22.500	9.9676e-01
 9.750	22.750	9.9676e-01
 9.750	23.000	9.9676e-01
 9.750	23.250	9.9676e-01
 9.750	23.500	9.9676e-01
 9.750	23.750	9.9676e-01
 9.750	24.000	9.9676e-01
10.000	17.000	9.9447e-01
10.000	17.250	9.9358e-01
10.000	17.500	9.9220e-01
10.000	17.750	9.9001e-01
10.000	18.000	9.8677e-01
10.000	18.250	9.8217e-01
10.000	18.500	9.7649e-01
10.000	18.750	9.7044e-01
10.000	19.000	9.6597e-01
10.000	19.250	9.6539e-01
10.000	19.500	9.7259e-01
10.000	19.750	9.8566e-01
10.000	20.000	9.9079e-01
10.000	20.250	9.9443e-01
10.000	20.500	9.9665e-01
10.000	20.750	9.9673e-01
10.000	21.000	9.9675e-01
10.000	21.250	9.9675e-01
10.000	21.500	9.9676e-01
10.000	21.750	9.9676e-01
10.000	22.000	9.9676e-01
10.000	22.250	9.9676e-01
10.000	22.500	9.9676e-01
10.000	22.750	9.9676e-01
10.000	23.000	9.9676e-01
10.000	23.250	9.9676e-01
10.000	23.500	9.9676e-01
10.000	23.750	9.9676e-01
10.000	24.000	9.9676e-01
10.250	17.000	9.9427e-01
10.250	17.250	9.9337e-01
10.250	17.500	9.9190e-01
10.250	17.750	9.8951e-01
10.250	18.000	9.8567e-01
10.250	18.250	9.8021e-01
10.250	18.500	9.7322e-01
10.250	18.750	9.6525e-01
10.250	19.000	9.5733e-01
10.250	19.250	9.5333e-01
10.250	19.500	9.5994e-01
10.250	19.750	9.7165e-01
10.250	20.000	9.8654e-01
10.250	20.250	9.9082e-01
10.250	20.500	9.9454e-01
10.250	20.750	9.9659e-01
10.250	21.000	9.9672e-01
10.250	21.250	9.9675e-01
10.250	21.500	9.9675e-01
10.250	21.750	9.9676e-01
10.250	22.000	9.9676e-01
10.250	22.250	9.9676e-01
10.250	22.500	9.9676e-01
10.250	22.750	9.9676e-01
10.250	23.000	9.9676e-01
10.250	23.250	9.9676e-01
10.250	23.500	9.9676e-01
10.250	23.750	9.9676e-01
10.250	24.000	9.9676e-01
10.500	17.000	9.9396e-01
10.500	17.250	9.9308e-01
10.500	17.500	9.9153e-01
10.500	17.750	9.8886e-01
10.500	18.000	9.8440e-01
10.500	18.250	9.7793e-01
10.500	18.500	9.6998e-01
10.500	18.750	9.6123e-01
10.500	19.000	9.5410e-01
10.500	19.250	9.5176e-01
10.500	19.500	9.5390e-01
10.500	19.750	9.6221e-01
10.500	20.000	9.7333e-01
10.500	20.250	9.8806e-01
10.500	20.500	9.9146e-01
10.500	20.750	9.9468e-01
10.500	21.000	9.9652e-01
10.500	21.250	9.9670e-01
10.500	21.500	9.9674e-01
10.500	21.750	9.9675e-01
10.500	22.000	9.9676e-01
10.500	22.250	9.9676e-01
10.500	22.500	9.9676e-01
10.500	22.750	9.9676e-01
10.500	23.000	9.9676e-01
10.500	23.250	9.9676e-01
10.500	23.500	9.9676e-01
10.500	23.750	9.9676e-01
10.500	24.000	9.9676e-01
10.750	17.000	9.9340e-01
10.750	17.250	9.9263e-01
10.750	17.500	9.9098e-01
10.750	17.750	9.8784e-01
10.750	18.000	9.8275e-01
10.750	18.250	9.7573e-01
10.750	18.500	9.6733e-01
10.750	18.750	9.5907e-01
10.750	19.000	9.5378e-01
10.750	19.250	9.5161e-01
10.750	19.500	9.5158e-01
10.750	19.750	9.5450e-01
10.750	20.000	9.6342e-01
10.750	20.250	9.7768e-01
10.750	20.500	9.8808e-01
10.750	20.750	9.9170e-01
10.750	21.000	9.9471e-01
10.750	21.250	9.9645e-01
10.750	21.500	9.9667e-01
10.750	21.750	9.9673e-01
10.750	22.000	9.9675e-01
10.750	22.250	9.9675e-01
10.750	22.500	9.9676e-01
10.750	22.750	9.9676e-01
10.750	23.000	9.9676e-01
10.750	23.250	9.9676e-01
10.750	23.500	9.9676e-01
10.750	23.750	9.9676e-01
10.750	24.000	9.9676e-01
11.000	17.000	9.9247e-01
11.000	17.250	9.9186e-01
11.000	17.500	9.9001e-01
11.000	17.750	9.8637e-01
11.000	18.000	9.8059e-01
11.000	18.250	9.7299e-01
11.000	18.500	9.6443e-01
11.000	18.750	9.5730e-01
11.000	19.000	9.5366e-01
11.000	19.250	9.5169e-01
11.000	19.500	9.5116e-01
11.000	19.750	9.5121e-01
11.000	20.000	9.5351e-01
11.000	20.250	9.6245e-01
11.000	20.500	9.8064e-01
11.000	20.750	9.8761e-01
11.000	21.000	9.9197e-01
11.000	21.250	9.9468e-01
11.000	21.500	9.9636e-01
11.000	21.750	9.9664e-01
11.000	22.000	9.9672e-01
11.000	22.250	9.9674e-01
11.000	22.500	9.9675e-01
11.000	22.750	9.9676e-01
11.000	23.000	9.9676e-01
11.000	23.250	9.9676e-01
11.000	23.500	9.9676e-01
11.000	23.750	9.9676e-01
11.000	24.000	9.9676e-01
11.250	17.000	9.9133e-01
11.250	17.250	9.9059e-01
11.250	17.500	9.8843e-01
11.250	17.750	9.8413e-01
11.250	18.000	9.7740e-01
11.250	18.250	9.6890e-01
11.250	18.500	9.6048e-01
11.250	18.750	9.5468e-01
11.250	19.000	9.5238e-01
11.250	19.250	9.5152e-01
11.250	19.500	9.5066e-01
11.250	19.750	9.4984e-01
11.250	20.000	9.4928e-01
11.250	20.250	9.5100e-01
11.250	20.500	9.6053e-01
11.250	20.750	9.7843e-01
11.250	21.000	9.8811e-01
11.250	21.250	9.9184e-01
11.250	21.500	9.9449e-01
11.250	21.750	9.9619e-01
11.250	22.000	9.9660e-01
11.250	22.250	9.9670e-01
11.250	22.500	9.9674e-01
11.250	22.750	9.9675e-01
11.250	23.000	9.9675e-01
11.250	23.250	9.9676e-01
11.250	23.500	9.9676e-01
11.250	23.750	9.9676e-01
11.250	24.000	9.9676e-01
11.500	17.000	9.9032e-01
11.500	17.250	9.8885e-01
11.500	17.500	9.8603e-01
11.500	17.750	9.8065e-01
11.500	18.000	9.7235e-01
11.500	18.250	9.6265e-01
11.500	18.500	9.5502e-01
11.500	18.750	9.5074e-01
11.500	19.000	9.4976e-01
11.500	19.250	9.4988e-01
11.500	19.500	9.4968e-01
11.500	19.750	9.4900e-01
11.500	20.000	9.4768e-01
11.500	20.250	9.4643e-01
11.500	20.500	9.4802e-01
11.500	20.750	9.5525e-01
11.500	21.000	9.7859e-01
11.500	21.250	9.8790e-01
11.500	21.500	9.9198e-01
11.500	21.750	9.9431e-01
11.500	22.000	9.9600e-01
11.500	22.250	9.9655e-01
11.500	22.500	9.9668e-01
11.500	22.750	9.9673e-01
11.500	23.000	9.9675e-01
11.500	23.250	9.9675e-01
11.500	23.500	9.9676e-01
11.500	23.750	9.9676e-01
11.500	24.000	9.9676e-01
11.750	17.000	9.8949e-01
11.750	17.250	9.8686e-01
11.750	17.500	9.8263e-01
11.750	17.750	9.7526e-01
11.750	18.000	9.6452e-01
11.750	18.250	9.5408e-01
11.750	18.500	9.4799e-01
11.750	18.750	9.4564e-01
11.750	19.000	9.4579e-01
11.750	19.250	9.4683e-01
11.750	19.500	9.4771e-01
11.750	19.750	9.4788e-01
11.750	20.000	9.4693e-01
11.750	20.250	9.4501e-01
11.750	20.500	9.4295e-01
11.750	20.750	9.4400e-01
11.750	21.000	9.5114e-01
11.750	21.250	9.7722e-01
11.750	21.500	9.8786e-01
11.750	21.750	9.9174e-01
11.750	22.000	9.9432e-01
11.750	22.250	9.9587e-01
11.750	22.500	9.9647e-01
11.750	22.750	9.9667e-01
11.750	23.000	9.9673e-01
11.750	23.250	9.9675e-01
11.750	23.500	9.9675e-01
11.750	23.750	9.9675e-01
11.750	24.000	9.9676e-01
12.000	17.000	9.8844e-01
12.000	17.250	9.8440e-01
12.000	17.500	9.7767e-01
12.000	17.750	9.6693e-01
12.000	18.000	9.5354e-01
12.000	18.250	9.4368e-01
12.000	18.500	9.3898e-01
12.000	18.750	9.3865e-01
12.000	19.000	9.4009e-01
12.000	19.250	9.4227e-01
12.000	19.500	9.4429e-01
12.000	19.750	9.4569e-01
12.000	20.000	9.4585e-01
12.000	20.250	9.4448e-01
12.000	20.500	9.4190e-01
12.000	20.750	9.3904e-01
12.000	21.000	9.3997e-01
12.000	21.250	9.4567e-01
12.000	21.500	9.7673e-01
12.000	21.750	9.8775e-01
12.000	22.000	9.9125e-01
12.000	22.250	9.9421e-01
12.000	22.500	9.9570e-01
12.000	22.750	9.9637e-01
12.000	23.000	9.9663e-01
12.000	23.250	9.9671e-01
12.000	23.500	9.9675e-01
12.000	23.750	9.9675e-01
12.000	24.000	9.9675e-01
12.250	17.000	9.8510e-01
12.250	17.250	9.7944e-01
12.250	17.500	9.6935e-01
12.250	17.750	9.5438e-01
12.250	18.000	9.3963e-01
12.250	18.250	9.3040e-01
12.250	18.500	9.2832e-01
12.250	18.750	9.2982e-01
12.250	19.000	9.3252e-01
12.250	19.250	9.3589e-01
12.250	19.500	9.3920e-01
12.250	19.750	9.4185e-01
12.250	20.000	9.4341e-01
12.250	20.250	9.4338e-01
12.250	20.500	9.4170e-01
12.250	20.750	9.3821e-01
12.250	21.000	9.3449e-01
12.250	21.250	9.3624e-01
12.250	21.500	9.4569e-01
12.250	21.750	9.7591e-01
12.250	22.000	9.8764e-01
12.250	22.250	9.9061e-01
12.250	22.500	9.9391e-01
12.250	22.750	9.9549e-01
12.250	23.000	9.9627e-01
12.250	23.250	9.9658e-01
12.250	23.500	9.9670e-01
12.250	23.750	9.9674e-01
12.250	24.000	9.9675e-01
12.500	17.000	9.7738e-01
12.500	17.250	9.6711e-01
12.500	17.500	9.5374e-01
12.500	17.750	9.3645e-01
12.500	18.000	9.2215e-01
12.500	18.250	9.1461e-01
12.500	18.500	9.1573e-01
12.500	18.750	9.1881e-01
12.500	19.000	9.2298e-01
12.500	19.250	9.2764e-01
12.500	19.500	9.3229e-01
12.500	19.750	9.3641e-01
12.500	20.000	9.3946e-01
12.500	20.250	9.4088e-01
12.500	20.500	9.4061e-01
12.500	20.750	9.3829e-01
12.500	21.000	9.3398e-01
12.500	21.250	9.2984e-01
12.500	21.500	9.3223e-01
12.500	21.750	9.4871e-01
12.500	22.000	9.7636e-01
12.500	22.250	9.8712e-01
12.500	22.500	9.9015e-01
12.500	22.750	9.9355e-01
12.500	23.000	9.9530e-01
12.500	23.250	9.9617e-01
12.500	23.500	9.9653e-01
12.500	23.750	9.9668e-01
12.500	24.000	9.9674e-01
12.750	17.000	9.6152e-01
12.750	17.250	9.4203e-01
12.750	17.500	9.2583e-01
12.750	17.750	9.1093e-01
12.750	18.000	8.9595e-01
12.750	18.250	8.9518e-01
12.750	18.500	8.9886e-01
12.750	18.750	9.0431e-01
12.750	19.000	9.1063e-01
12.750	19.250	9.1692e-01
12.750	19.500	9.2319e-01
12.750	19.750	9.2882e-01
12.750	20.000	9.3351e-01
12.750	20.250	9.3666e-01
12.750	20.500	9.3815e-01
12.750	20.750	9.3733e-01
12.750	21.000	9.3382e-01
12.750	21.250	9.2837e-01
12.750	21.500	9.2407e-01
12.750	21.750	9.2967e-01
12.750	22.000	9.5306e-01
12.750	22.250	9.7691e-01
12.750	22.500	9.8636e-01
12.750	22.750	9.8983e-01
12.750	23.000	9.9339e-01
12.750	23.250	9.9517e-01
12.750	23.500	9.9602e-01
12.750	23.750	9.9647e-01
12.750	24.000	9.9666e-01
13.000	17.000	9.6533e-01
13.000	17.250	9.4982e-01
13.000	17.500	8.9845e-01
13.000	17.750	8.6570e-01
13.000	18.000	8.6689e-01
13.000	18.250	8.7063e-01
13.000	18.500	8.7680e-01
13.000	18.750	8.8476e-01
13.000	19.000	8.9376e-01
13.000	19.250	9.0284e-01
13.000	19.500	9.1134e-01
13.000	19.750	9.1904e-01
13.000	20.000	9.2536e-01
13.000	20.250	9.3028e-01
13.000	20.500	9.3324e-01
13.000	20.750	9.3422e-01
13.000	21.000	9.3238e-01
13.000	21.250	9.2761e-01
13.000	21.500	9.2096e-01
13.000	21.750	9.1621e-01
13.000	22.000	9.2828e-01
13.000	22.250	9.5578e-01
13.000	22.500	9.7811e-01
13.000	22.750	9.8546e-01
13.000	23.000	9.8997e-01
13.000	23.250	9.9350e-01
13.000	23.500	9.9505e-01
13.000	23.750	9.9593e-01
13.000	24.000	9.9637e-01
13.250	17.000	9.6814e-01
13.250	17.250	9.5912e-01
13.250	17.500	9.3608e-01
13.250	17.750	8.9230e-01
13.250	18.000	8.6102e-01
13.250	18.250	8.4033e-01
13.250	18.500	8.4843e-01
13.250	18.750	8.5905e-01
13.250	19.000	8.7212e-01
13.250	19.250	8.8412e-01
13.250	19.500	8.9567e-01
13.250	19.750	9.0592e-01
13.250	20.000	9.1470e-01
13.250	20.250	9.2138e-01
13.250	20.500	9.2626e-01
13.250	20.750	9.2866e-01
13.250	21.000	9.2866e-01
13.250	21.250	9.2505e-01
13.250	21.500	9.1850e-01
13.250	21.750	9.0816e-01
13.250	22.000	9.0351e-01
13.250	22.250	9.2824e-01
13.250	22.500	9.5907e-01
13.250	22.750	9.7835e-01
13.250	23.000	9.8556e-01
13.250	23.250	9.9010e-01
13.250	23.500	9.9331e-01
13.250	23.750	9.9492e-01
13.250	24.000	9.9580e-01
13.500	17.000	9.7242e-01
13.500	17.250	9.6195e-01
13.500	17.500	9.4339e-01
13.500	17.750	9.0990e-01
13.500	18.000	8.5418e-01
13.500	18.250	8.2834e-01
13.500	18.500	8.1512e-01
13.500	18.750	8.2829e-01
13.500	19.000	8.4320e-01
13.500	19.250	8.6021e-01
13.500	19.500	8.7539e-01
13.500	19.750	8.8889e-01
13.500	20.000	9.0020e-01
13.500	20.250	9.0957e-01
13.500	20.500	9.1638e-01
13.500	20.750	9.2098e-01
13.500	21.000	9.2235e-01
13.500	21.250	9.1982e-01
13.500	21.500	9.1410e-01
13.500	21.750	9.0139e-01
13.500	22.000	8.8466e-01
13.500	22.250	8.8358e-01
13.500	22.500	9.3011e-01
13.500	22.750	9.6113e-01
13.500	23.000	9.7894e-01
13.500	23.250	9.8518e-01
13.500	23.500	9.8993e-01
13.500	23.750	9.9309e-01
13.500	24.000	9.9475e-01
13.750	17.000	9.7696e-01
13.750	17.250	9.6602e-01
13.750	17.500	9.4920e-01
13.750	17.750	9.2576e-01
13.750	18.000	8.7392e-01
13.750	18.250	8.1242e-01
13.750	18.500	8.0086e-01
13.750	18.750	7.9166e-01
13.750	19.000	8.0963e-01
13.750	19.250	8.2880e-01
13.750	19.500	8.4889e-01
13.750	19.750	8.6676e-01
13.750	20.000	8.8164e-01
13.750	20.250	8.9383e-01
13.750	20.500	9.0338e-01
13.750	20.750	9.1006e-01
13.750	21.000	9.1338e-01
13.750	21.250	9.1208e-01
13.750	21.500	9.0691e-01
13.750	21.750	8.9305e-01
13.750	22.000	8.6955e-01
13.750	22.250	8.4391e-01
13.750	22.500	8.5834e-01
13.750	22.750	9.3503e-01
13.750	23.000	9.6294e-01
13.750	23.250	9.7892e-01
13.750	23.500	9.8514e-01
13.750	23.750	9.8987e-01
13.750	24.000	9.9271e-01
14.000	17.000	9.8187e-01
14.000	17.250	9.7228e-01
14.000	17.500	9.5520e-01
14.000	17.750	9.3255e-01
14.000	18.000	8.9734e-01
14.000	18.250	8.3510e-01
14.000	18.500	7.7888e-01
14.000	18.750	7.6163e-01
14.000	19.000	7.7122e-01
14.000	19.250	7.9285e-01
14.000	19.500	8.1544e-01
14.000	19.750	8.3870e-01
14.000	20.000	8.5783e-01
14.000	20.250	8.7380e-01
14.000	20.500	8.8627e-01
14.000	20.750	8.9532e-01
14.000	21.000	9.0085e-01
14.000	21.250	9.0132e-01
14.000	21.500	8.9725e-01
14.000	21.750	8.8220e-01
14.000	22.000	8.5375e-01
14.000	22.250	8.1392e-01
14.000	22.500	7.8641e-01
14.000	22.750	8.3701e-01
14.000	23.000	9.3860e-01
14.000	23.250	9.6446e-01
14.000	23.500	9.7801e-01
14.000	23.750	9.8369e-01
14.000	24.000	9.8914e-01
