Inwd 1417.00A  relative to Inci 1215.00A scaled to 1215A.
Hden   Phi(H)  Eq_Width (A)
 7.000	17.000	4.1152e-04
 7.000	17.250	4.7737e-05
 7.000	17.500	1.0000e-07
 7.000	17.750	1.0000e-07
 7.000	18.000	1.0000e-07
 7.000	18.250	1.0000e-07
 7.000	18.500	1.0000e-07
 7.000	18.750	1.0000e-07
 7.000	19.000	1.0000e-07
 7.000	19.250	1.0000e-07
 7.000	19.500	1.0000e-07
 7.000	19.750	1.0000e-07
 7.000	20.000	1.0000e-07
 7.000	20.250	1.0000e-07
 7.000	20.500	1.0000e-07
 7.000	20.750	1.0000e-07
 7.000	21.000	1.0000e-07
 7.000	21.250	1.0000e-07
 7.000	21.500	1.0000e-07
 7.000	21.750	1.0000e-07
 7.000	22.000	1.0000e-07
 7.000	22.250	1.0000e-07
 7.000	22.500	1.0000e-07
 7.000	22.750	1.0000e-07
 7.000	23.000	1.0000e-07
 7.000	23.250	1.0000e-07
 7.000	23.500	1.0000e-07
 7.000	23.750	1.0000e-07
 7.000	24.000	1.0000e-07
 7.250	17.000	5.2584e-04
 7.250	17.250	4.4255e-04
 7.250	17.500	4.9053e-05
 7.250	17.750	1.0000e-07
 7.250	18.000	1.0000e-07
 7.250	18.250	1.0000e-07
 7.250	18.500	1.0000e-07
 7.250	18.750	1.0000e-07
 7.250	19.000	1.0000e-07
 7.250	19.250	1.0000e-07
 7.250	19.500	1.0000e-07
 7.250	19.750	1.0000e-07
 7.250	20.000	1.0000e-07
 7.250	20.250	1.0000e-07
 7.250	20.500	1.0000e-07
 7.250	20.750	1.0000e-07
 7.250	21.000	1.0000e-07
 7.250	21.250	1.0000e-07
 7.250	21.500	1.0000e-07
 7.250	21.750	1.0000e-07
 7.250	22.000	1.0000e-07
 7.250	22.250	1.0000e-07
 7.250	22.500	1.0000e-07
 7.250	22.750	1.0000e-07
 7.250	23.000	1.0000e-07
 7.250	23.250	1.0000e-07
 7.250	23.500	1.0000e-07
 7.250	23.750	1.0000e-07
 7.250	24.000	1.0000e-07
 7.500	17.000	6.3926e-04
 7.500	17.250	5.5909e-04
 7.500	17.500	4.6930e-04
 7.500	17.750	5.0123e-05
 7.500	18.000	1.0000e-07
 7.500	18.250	1.0000e-07
 7.500	18.500	1.0000e-07
 7.500	18.750	1.0000e-07
 7.500	19.000	1.0000e-07
 7.500	19.250	1.0000e-07
 7.500	19.500	1.0000e-07
 7.500	19.750	1.0000e-07
 7.500	20.000	1.0000e-07
 7.500	20.250	1.0000e-07
 7.500	20.500	1.0000e-07
 7.500	20.750	1.0000e-07
 7.500	21.000	1.0000e-07
 7.500	21.250	1.0000e-07
 7.500	21.500	1.0000e-07
 7.500	21.750	1.0000e-07
 7.500	22.000	1.0000e-07
 7.500	22.250	1.0000e-07
 7.500	22.500	1.0000e-07
 7.500	22.750	1.0000e-07
 7.500	23.000	1.0000e-07
 7.500	23.250	1.0000e-07
 7.500	23.500	1.0000e-07
 7.500	23.750	1.0000e-07
 7.500	24.000	1.0000e-07
 7.750	17.000	7.3523e-04
 7.750	17.250	6.7070e-04
 7.750	17.500	5.8584e-04
 7.750	17.750	4.9128e-04
 7.750	18.000	5.1276e-05
 7.750	18.250	1.0000e-07
 7.750	18.500	1.0000e-07
 7.750	18.750	1.0000e-07
 7.750	19.000	1.0000e-07
 7.750	19.250	1.0000e-07
 7.750	19.500	1.0000e-07
 7.750	19.750	1.0000e-07
 7.750	20.000	1.0000e-07
 7.750	20.250	1.0000e-07
 7.750	20.500	1.0000e-07
 7.750	20.750	1.0000e-07
 7.750	21.000	1.0000e-07
 7.750	21.250	1.0000e-07
 7.750	21.500	1.0000e-07
 7.750	21.750	1.0000e-07
 7.750	22.000	1.0000e-07
 7.750	22.250	1.0000e-07
 7.750	22.500	1.0000e-07
 7.750	22.750	1.0000e-07
 7.750	23.000	1.0000e-07
 7.750	23.250	1.0000e-07
 7.750	23.500	1.0000e-07
 7.750	23.750	1.0000e-07
 7.750	24.000	1.0000e-07
 8.000	17.000	8.1012e-04
 8.000	17.250	7.4905e-04
 8.000	17.500	6.8239e-04
 8.000	17.750	5.9407e-04
 8.000	18.000	4.9687e-04
 8.000	18.250	5.2346e-05
 8.000	18.500	1.0000e-07
 8.000	18.750	1.0000e-07
 8.000	19.000	1.0000e-07
 8.000	19.250	1.0000e-07
 8.000	19.500	1.0000e-07
 8.000	19.750	1.0000e-07
 8.000	20.000	1.0000e-07
 8.000	20.250	1.0000e-07
 8.000	20.500	1.0000e-07
 8.000	20.750	1.0000e-07
 8.000	21.000	1.0000e-07
 8.000	21.250	1.0000e-07
 8.000	21.500	1.0000e-07
 8.000	21.750	1.0000e-07
 8.000	22.000	1.0000e-07
 8.000	22.250	1.0000e-07
 8.000	22.500	1.0000e-07
 8.000	22.750	1.0000e-07
 8.000	23.000	1.0000e-07
 8.000	23.250	1.0000e-07
 8.000	23.500	1.0000e-07
 8.000	23.750	1.0000e-07
 8.000	24.000	1.0000e-07
 8.250	17.000	9.1909e-04
 8.250	17.250	8.3284e-04
 8.250	17.500	7.6947e-04
 8.250	17.750	6.9951e-04
 8.250	18.000	6.0971e-04
 8.250	18.250	5.1119e-04
 8.250	18.500	5.2675e-05
 8.250	18.750	1.0000e-07
 8.250	19.000	1.0000e-07
 8.250	19.250	1.0000e-07
 8.250	19.500	1.0000e-07
 8.250	19.750	1.0000e-07
 8.250	20.000	1.0000e-07
 8.250	20.250	1.0000e-07
 8.250	20.500	1.0000e-07
 8.250	20.750	1.0000e-07
 8.250	21.000	1.0000e-07
 8.250	21.250	1.0000e-07
 8.250	21.500	1.0000e-07
 8.250	21.750	1.0000e-07
 8.250	22.000	1.0000e-07
 8.250	22.250	1.0000e-07
 8.250	22.500	1.0000e-07
 8.250	22.750	1.0000e-07
 8.250	23.000	1.0000e-07
 8.250	23.250	1.0000e-07
 8.250	23.500	1.0000e-07
 8.250	23.750	1.0000e-07
 8.250	24.000	1.0000e-07
 8.500	17.000	9.8708e-04
 8.500	17.250	9.3901e-04
 8.500	17.500	8.5070e-04
 8.500	17.750	7.8477e-04
 8.500	18.000	7.1465e-04
 8.500	18.250	6.2560e-04
 8.500	18.500	5.2609e-04
 8.500	18.750	5.3004e-05
 8.500	19.000	1.0000e-07
 8.500	19.250	1.0000e-07
 8.500	19.500	1.0000e-07
 8.500	19.750	1.0000e-07
 8.500	20.000	1.0000e-07
 8.500	20.250	1.0000e-07
 8.500	20.500	1.0000e-07
 8.500	20.750	1.0000e-07
 8.500	21.000	1.0000e-07
 8.500	21.250	1.0000e-07
 8.500	21.500	1.0000e-07
 8.500	21.750	1.0000e-07
 8.500	22.000	1.0000e-07
 8.500	22.250	1.0000e-07
 8.500	22.500	1.0000e-07
 8.500	22.750	1.0000e-07
 8.500	23.000	1.0000e-07
 8.500	23.250	1.0000e-07
 8.500	23.500	1.0000e-07
 8.500	23.750	1.0000e-07
 8.500	24.000	1.0000e-07
 8.750	17.000	9.0420e-04
 8.750	17.250	1.0071e-03
 8.750	17.500	9.5737e-04
 8.750	17.750	8.6741e-04
 8.750	18.000	8.0115e-04
 8.750	18.250	7.3128e-04
 8.750	18.500	6.4856e-04
 8.750	18.750	5.4387e-04
 8.750	19.000	5.3416e-05
 8.750	19.250	1.0000e-07
 8.750	19.500	1.0000e-07
 8.750	19.750	1.0000e-07
 8.750	20.000	1.0000e-07
 8.750	20.250	1.0000e-07
 8.750	20.500	1.0000e-07
 8.750	20.750	1.0000e-07
 8.750	21.000	1.0000e-07
 8.750	21.250	1.0000e-07
 8.750	21.500	1.0000e-07
 8.750	21.750	1.0000e-07
 8.750	22.000	1.0000e-07
 8.750	22.250	1.0000e-07
 8.750	22.500	1.0000e-07
 8.750	22.750	1.0000e-07
 8.750	23.000	1.0000e-07
 8.750	23.250	1.0000e-07
 8.750	23.500	1.0000e-07
 8.750	23.750	1.0000e-07
 8.750	24.000	1.0000e-07
 9.000	17.000	6.6296e-04
 9.000	17.250	9.2733e-04
 9.000	17.500	1.0293e-03
 9.000	17.750	9.7877e-04
 9.000	18.000	8.8889e-04
 9.000	18.250	8.2337e-04
 9.000	18.500	7.6049e-04
 9.000	18.750	6.9679e-04
 9.000	19.000	5.2041e-04
 9.000	19.250	5.4156e-05
 9.000	19.500	1.0000e-07
 9.000	19.750	1.0000e-07
 9.000	20.000	1.0000e-07
 9.000	20.250	1.0000e-07
 9.000	20.500	1.0000e-07
 9.000	20.750	1.0000e-07
 9.000	21.000	1.0000e-07
 9.000	21.250	1.0000e-07
 9.000	21.500	1.0000e-07
 9.000	21.750	1.0000e-07
 9.000	22.000	1.0000e-07
 9.000	22.250	1.0000e-07
 9.000	22.500	1.0000e-07
 9.000	22.750	1.0000e-07
 9.000	23.000	1.0000e-07
 9.000	23.250	1.0000e-07
 9.000	23.500	1.0000e-07
 9.000	23.750	1.0000e-07
 9.000	24.000	1.0000e-07
 9.250	17.000	3.6963e-04
 9.250	17.250	6.8642e-04
 9.250	17.500	9.5613e-04
 9.250	17.750	1.0582e-03
 9.250	18.000	1.0081e-03
 9.250	18.250	9.2123e-04
 9.250	18.500	8.6354e-04
 9.250	18.750	8.1605e-04
 9.250	19.000	7.8634e-04
 9.250	19.250	4.7399e-04
 9.250	19.500	5.5226e-05
 9.250	19.750	1.0000e-07
 9.250	20.000	1.0000e-07
 9.250	20.250	1.0000e-07
 9.250	20.500	1.0000e-07
 9.250	20.750	1.0000e-07
 9.250	21.000	1.0000e-07
 9.250	21.250	1.0000e-07
 9.250	21.500	1.0000e-07
 9.250	21.750	1.0000e-07
 9.250	22.000	1.0000e-07
 9.250	22.250	1.0000e-07
 9.250	22.500	1.0000e-07
 9.250	22.750	1.0000e-07
 9.250	23.000	1.0000e-07
 9.250	23.250	1.0000e-07
 9.250	23.500	1.0000e-07
 9.250	23.750	1.0000e-07
 9.250	24.000	1.0000e-07
 9.500	17.000	1.4551e-04
 9.500	17.250	3.8642e-04
 9.500	17.500	7.1753e-04
 9.500	17.750	9.9342e-04
 9.500	18.000	1.0987e-03
 9.500	18.250	1.0559e-03
 9.500	18.500	9.7424e-04
 9.500	18.750	9.2535e-04
 9.500	19.000	9.0716e-04
 9.500	19.250	9.2148e-04
 9.500	19.500	4.2206e-04
 9.500	19.750	5.6543e-05
 9.500	20.000	1.0000e-07
 9.500	20.250	1.0000e-07
 9.500	20.500	1.0000e-07
 9.500	20.750	1.0000e-07
 9.500	21.000	1.0000e-07
 9.500	21.250	1.0000e-07
 9.500	21.500	1.0000e-07
 9.500	21.750	1.0000e-07
 9.500	22.000	1.0000e-07
 9.500	22.250	1.0000e-07
 9.500	22.500	1.0000e-07
 9.500	22.750	1.0000e-07
 9.500	23.000	1.0000e-07
 9.500	23.250	1.0000e-07
 9.500	23.500	1.0000e-07
 9.500	23.750	1.0000e-07
 9.500	24.000	1.0000e-07
 9.750	17.000	3.7695e-05
 9.750	17.250	1.5193e-04
 9.750	17.500	4.0774e-04
 9.750	17.750	7.5465e-04
 9.750	18.000	1.0375e-03
 9.750	18.250	1.1500e-03
 9.750	18.500	1.1158e-03
 9.750	18.750	1.0351e-03
 9.750	19.000	1.0026e-03
 9.750	19.250	1.0385e-03
 9.750	19.500	1.0029e-03
 9.750	19.750	3.9564e-04
 9.750	20.000	5.9012e-05
 9.750	20.250	1.0000e-07
 9.750	20.500	1.0000e-07
 9.750	20.750	1.0000e-07
 9.750	21.000	1.0000e-07
 9.750	21.250	1.0000e-07
 9.750	21.500	1.0000e-07
 9.750	21.750	1.0000e-07
 9.750	22.000	1.0000e-07
 9.750	22.250	1.0000e-07
 9.750	22.500	1.0000e-07
 9.750	22.750	1.0000e-07
 9.750	23.000	1.0000e-07
 9.750	23.250	1.0000e-07
 9.750	23.500	1.0000e-07
 9.750	23.750	1.0000e-07
 9.750	24.000	1.0000e-07
10.000	17.000	6.1728e-06
10.000	17.250	3.8683e-05
10.000	17.500	1.6000e-04
10.000	17.750	4.3012e-04
10.000	18.000	7.9053e-04
10.000	18.250	1.0828e-03
10.000	18.500	1.1964e-03
10.000	18.750	1.1633e-03
10.000	19.000	1.0916e-03
10.000	19.250	1.0951e-03
10.000	19.500	1.1879e-03
10.000	19.750	1.2104e-03
10.000	20.000	4.0889e-04
10.000	20.250	5.9012e-05
10.000	20.500	1.0000e-07
10.000	20.750	1.0000e-07
10.000	21.000	1.0000e-07
10.000	21.250	1.0000e-07
10.000	21.500	1.0000e-07
10.000	21.750	1.0000e-07
10.000	22.000	1.0000e-07
10.000	22.250	1.0000e-07
10.000	22.500	1.0000e-07
10.000	22.750	1.0000e-07
10.000	23.000	1.0000e-07
10.000	23.250	1.0000e-07
10.000	23.500	1.0000e-07
10.000	23.750	1.0000e-07
10.000	24.000	1.0000e-07
10.250	17.000	1.0000e-07
10.250	17.250	6.1728e-06
10.250	17.500	4.0082e-05
10.250	17.750	1.6691e-04
10.250	18.000	4.4724e-04
10.250	18.250	8.1564e-04
10.250	18.500	1.0998e-03
10.250	18.750	1.2053e-03
10.250	19.000	1.1700e-03
10.250	19.250	1.1311e-03
10.250	19.500	1.1715e-03
10.250	19.750	1.3128e-03
10.250	20.000	1.1105e-03
10.250	20.250	4.3811e-04
10.250	20.500	6.4774e-05
10.250	20.750	1.0000e-07
10.250	21.000	1.0000e-07
10.250	21.250	1.0000e-07
10.250	21.500	1.0000e-07
10.250	21.750	1.0000e-07
10.250	22.000	1.0000e-07
10.250	22.250	1.0000e-07
10.250	22.500	1.0000e-07
10.250	22.750	1.0000e-07
10.250	23.000	1.0000e-07
10.250	23.250	1.0000e-07
10.250	23.500	1.0000e-07
10.250	23.750	1.0000e-07
10.250	24.000	1.0000e-07
10.500	17.000	1.0000e-07
10.500	17.250	1.0000e-07
10.500	17.500	6.1728e-06
10.500	17.750	4.0988e-05
10.500	18.000	1.7119e-04
10.500	18.250	4.5309e-04
10.500	18.500	8.0403e-04
10.500	18.750	1.0623e-03
10.500	19.000	1.1619e-03
10.500	19.250	1.1560e-03
10.500	19.500	1.1490e-03
10.500	19.750	1.2211e-03
10.500	20.000	1.3936e-03
10.500	20.250	1.2213e-03
10.500	20.500	5.0831e-04
10.500	20.750	7.2675e-05
10.500	21.000	1.0000e-07
10.500	21.250	1.0000e-07
10.500	21.500	1.0000e-07
10.500	21.750	1.0000e-07
10.500	22.000	1.0000e-07
10.500	22.250	1.0000e-07
10.500	22.500	1.0000e-07
10.500	22.750	1.0000e-07
10.500	23.000	1.0000e-07
10.500	23.250	1.0000e-07
10.500	23.500	1.0000e-07
10.500	23.750	1.0000e-07
10.500	24.000	1.0000e-07
10.750	17.000	1.0000e-07
10.750	17.250	1.0000e-07
10.750	17.500	1.0000e-07
10.750	17.750	6.3374e-06
10.750	18.000	4.1481e-05
10.750	18.250	1.7062e-04
10.750	18.500	4.3473e-04
10.750	18.750	7.4930e-04
10.750	19.000	9.8436e-04
10.750	19.250	1.0988e-03
10.750	19.500	1.1257e-03
10.750	19.750	1.1469e-03
10.750	20.000	1.2385e-03
10.750	20.250	1.3689e-03
10.750	20.500	1.2614e-03
10.750	20.750	5.4642e-04
10.750	21.000	7.7366e-05
10.750	21.250	1.0000e-07
10.750	21.500	1.0000e-07
10.750	21.750	1.0000e-07
10.750	22.000	1.0000e-07
10.750	22.250	1.0000e-07
10.750	22.500	1.0000e-07
10.750	22.750	1.0000e-07
10.750	23.000	1.0000e-07
10.750	23.250	1.0000e-07
10.750	23.500	1.0000e-07
10.750	23.750	1.0000e-07
10.750	24.000	1.0000e-07
11.000	17.000	1.0000e-07
11.000	17.250	1.0000e-07
11.000	17.500	1.0000e-07
11.000	17.750	1.0000e-07
11.000	18.000	6.4198e-06
11.000	18.250	4.0494e-05
11.000	18.500	1.6033e-04
11.000	18.750	3.9449e-04
11.000	19.000	6.6864e-04
11.000	19.250	8.9160e-04
11.000	19.500	1.0283e-03
11.000	19.750	1.0886e-03
11.000	20.000	1.1333e-03
11.000	20.250	1.2270e-03
11.000	20.500	1.3845e-03
11.000	20.750	1.2500e-03
11.000	21.000	5.8700e-04
11.000	21.250	7.9424e-05
11.000	21.500	1.0000e-07
11.000	21.750	1.0000e-07
11.000	22.000	1.0000e-07
11.000	22.250	1.0000e-07
11.000	22.500	1.0000e-07
11.000	22.750	1.0000e-07
11.000	23.000	1.0000e-07
11.000	23.250	1.0000e-07
11.000	23.500	1.0000e-07
11.000	23.750	1.0000e-07
11.000	24.000	1.0000e-07
11.250	17.000	1.0000e-07
11.250	17.250	1.0000e-07
11.250	17.500	1.0000e-07
11.250	17.750	1.0000e-07
11.250	18.000	1.0000e-07
11.250	18.250	6.0905e-06
11.250	18.500	3.7202e-05
11.250	18.750	1.4337e-04
11.250	19.000	3.4263e-04
11.250	19.250	5.8198e-04
11.250	19.500	8.0123e-04
11.250	19.750	9.6189e-04
11.250	20.000	1.0497e-03
11.250	20.250	1.1088e-03
11.250	20.500	1.1974e-03
11.250	20.750	1.2759e-03
11.250	21.000	1.1954e-03
11.250	21.250	5.5210e-04
11.250	21.500	6.4691e-05
11.250	21.750	1.0000e-07
11.250	22.000	1.0000e-07
11.250	22.250	1.0000e-07
11.250	22.500	1.0000e-07
11.250	22.750	1.0000e-07
11.250	23.000	1.0000e-07
11.250	23.250	1.0000e-07
11.250	23.500	1.0000e-07
11.250	23.750	1.0000e-07
11.250	24.000	1.0000e-07
11.500	17.000	1.0000e-07
11.500	17.250	1.0000e-07
11.500	17.500	1.0000e-07
11.500	17.750	1.0000e-07
11.500	18.000	1.0000e-07
11.500	18.250	1.0000e-07
11.500	18.500	5.2675e-06
11.500	18.750	3.2346e-05
11.500	19.000	1.2280e-04
11.500	19.250	2.8963e-04
11.500	19.500	5.0148e-04
11.500	19.750	7.2033e-04
11.500	20.000	8.9918e-04
11.500	20.250	1.0018e-03
11.500	20.500	1.0626e-03
11.500	20.750	1.1255e-03
11.500	21.000	1.1688e-03
11.500	21.250	1.1086e-03
11.500	21.500	4.8099e-04
11.500	21.750	3.4074e-05
11.500	22.000	1.0000e-07
11.500	22.250	1.0000e-07
11.500	22.500	1.0000e-07
11.500	22.750	1.0000e-07
11.500	23.000	1.0000e-07
11.500	23.250	1.0000e-07
11.500	23.500	1.0000e-07
11.500	23.750	1.0000e-07
11.500	24.000	1.0000e-07
11.750	17.000	1.0000e-07
11.750	17.250	1.0000e-07
11.750	17.500	1.0000e-07
11.750	17.750	1.0000e-07
11.750	18.000	1.0000e-07
11.750	18.250	1.0000e-07
11.750	18.500	1.0000e-07
11.750	18.750	4.2798e-06
11.750	19.000	2.6749e-05
11.750	19.250	1.0123e-04
11.750	19.500	2.4008e-04
11.750	19.750	4.2922e-04
11.750	20.000	6.4420e-04
11.750	20.250	8.2757e-04
11.750	20.500	9.3243e-04
11.750	20.750	9.8527e-04
11.750	21.000	1.0052e-03
11.750	21.250	1.0088e-03
11.750	21.500	9.1399e-04
11.750	21.750	3.6247e-04
11.750	22.000	9.3004e-06
11.750	22.250	1.0000e-07
11.750	22.500	1.0000e-07
11.750	22.750	1.0000e-07
11.750	23.000	1.0000e-07
11.750	23.250	1.0000e-07
11.750	23.500	1.0000e-07
11.750	23.750	1.0000e-07
11.750	24.000	1.0000e-07
12.000	17.000	1.0000e-07
12.000	17.250	1.0000e-07
12.000	17.500	1.0000e-07
12.000	17.750	1.0000e-07
12.000	18.000	1.0000e-07
12.000	18.250	1.0000e-07
12.000	18.500	1.0000e-07
12.000	18.750	1.0000e-07
12.000	19.000	3.2922e-06
12.000	19.250	2.1235e-05
12.000	19.500	8.0494e-05
12.000	19.750	1.9391e-04
12.000	20.000	3.6239e-04
12.000	20.250	5.6584e-04
12.000	20.500	7.3975e-04
12.000	20.750	8.3325e-04
12.000	21.000	8.7457e-04
12.000	21.250	8.6263e-04
12.000	21.500	7.9959e-04
12.000	21.750	7.1868e-04
12.000	22.000	2.3547e-04
12.000	22.250	2.6337e-06
12.000	22.500	1.0000e-07
12.000	22.750	1.0000e-07
12.000	23.000	1.0000e-07
12.000	23.250	1.0000e-07
12.000	23.500	1.0000e-07
12.000	23.750	1.0000e-07
12.000	24.000	1.0000e-07
12.250	17.000	1.0000e-07
12.250	17.250	1.0000e-07
12.250	17.500	1.0000e-07
12.250	17.750	1.0000e-07
12.250	18.000	1.0000e-07
12.250	18.250	1.0000e-07
12.250	18.500	1.0000e-07
12.250	18.750	1.0000e-07
12.250	19.000	1.0000e-07
12.250	19.250	2.4691e-06
12.250	19.500	1.6132e-05
12.250	19.750	6.1811e-05
12.250	20.000	1.5333e-04
12.250	20.250	2.9934e-04
12.250	20.500	4.7909e-04
12.250	20.750	6.2947e-04
12.250	21.000	7.2560e-04
12.250	21.250	7.4354e-04
12.250	21.500	6.9243e-04
12.250	21.750	6.0782e-04
12.250	22.000	5.2823e-04
12.250	22.250	1.2955e-04
12.250	22.500	1.0700e-06
12.250	22.750	1.0000e-07
12.250	23.000	1.0000e-07
12.250	23.250	1.0000e-07
12.250	23.500	1.0000e-07
12.250	23.750	1.0000e-07
12.250	24.000	1.0000e-07
12.500	17.000	1.0000e-07
12.500	17.250	1.0000e-07
12.500	17.500	1.0000e-07
12.500	17.750	1.0000e-07
12.500	18.000	1.0000e-07
12.500	18.250	1.0000e-07
12.500	18.500	1.0000e-07
12.500	18.750	1.0000e-07
12.500	19.000	1.0000e-07
12.500	19.250	1.0000e-07
12.500	19.500	1.8107e-06
12.500	19.750	1.2099e-05
12.500	20.000	4.6091e-05
12.500	20.250	1.1819e-04
12.500	20.500	2.3934e-04
12.500	20.750	3.8914e-04
12.500	21.000	5.2255e-04
12.500	21.250	6.0041e-04
12.500	21.500	5.9679e-04
12.500	21.750	5.3712e-04
12.500	22.000	4.5218e-04
12.500	22.250	3.6905e-04
12.500	22.500	6.0000e-05
12.500	22.750	1.0000e-07
12.500	23.000	1.0000e-07
12.500	23.250	1.0000e-07
12.500	23.500	1.0000e-07
12.500	23.750	1.0000e-07
12.500	24.000	1.0000e-07
12.750	17.000	1.0000e-07
12.750	17.250	1.0000e-07
12.750	17.500	1.0000e-07
12.750	17.750	1.0000e-07
12.750	18.000	1.0000e-07
12.750	18.250	1.0000e-07
12.750	18.500	1.0000e-07
12.750	18.750	1.0000e-07
12.750	19.000	1.0000e-07
12.750	19.250	1.0000e-07
12.750	19.500	1.0000e-07
12.750	19.750	1.3169e-06
12.750	20.000	8.4774e-06
12.750	20.250	3.3251e-05
12.750	20.500	8.8230e-05
12.750	20.750	1.8272e-04
12.750	21.000	3.0362e-04
12.750	21.250	4.1259e-04
12.750	21.500	4.7037e-04
12.750	21.750	4.6667e-04
12.750	22.000	4.0230e-04
12.750	22.250	3.2831e-04
12.750	22.500	2.5070e-04
12.750	22.750	2.5844e-05
12.750	23.000	1.0000e-07
12.750	23.250	1.0000e-07
12.750	23.500	1.0000e-07
12.750	23.750	1.0000e-07
12.750	24.000	1.0000e-07
13.000	17.000	1.0000e-07
13.000	17.250	1.0000e-07
13.000	17.500	1.0000e-07
13.000	17.750	1.0000e-07
13.000	18.000	1.0000e-07
13.000	18.250	1.0000e-07
13.000	18.500	1.0000e-07
13.000	18.750	1.0000e-07
13.000	19.000	1.0000e-07
13.000	19.250	1.0000e-07
13.000	19.500	1.0000e-07
13.000	19.750	1.0000e-07
13.000	20.000	9.0535e-07
13.000	20.250	5.5144e-06
13.000	20.500	2.2551e-05
13.000	20.750	6.2716e-05
13.000	21.000	1.3325e-04
13.000	21.250	2.2807e-04
13.000	21.500	3.1663e-04
13.000	21.750	3.5053e-04
13.000	22.000	3.3811e-04
13.000	22.250	2.8626e-04
13.000	22.500	2.2650e-04
13.000	22.750	1.5918e-04
13.000	23.000	1.1770e-05
13.000	23.250	1.0000e-07
13.000	23.500	1.0000e-07
13.000	23.750	1.0000e-07
13.000	24.000	1.0000e-07
13.250	17.000	1.0000e-07
13.250	17.250	1.0000e-07
13.250	17.500	1.0000e-07
13.250	17.750	1.0000e-07
13.250	18.000	1.0000e-07
13.250	18.250	1.0000e-07
13.250	18.500	1.0000e-07
13.250	18.750	1.0000e-07
13.250	19.000	1.0000e-07
13.250	19.250	1.0000e-07
13.250	19.500	1.0000e-07
13.250	19.750	1.0000e-07
13.250	20.000	1.0000e-07
13.250	20.250	1.0000e-07
13.250	20.500	3.2099e-06
13.250	20.750	1.3827e-05
13.250	21.000	4.0412e-05
13.250	21.250	9.0041e-05
13.250	21.500	1.5128e-04
13.250	21.750	2.1580e-04
13.250	22.000	2.5374e-04
13.250	22.250	2.4444e-04
13.250	22.500	2.0436e-04
13.250	22.750	1.6543e-04
13.250	23.000	1.1547e-04
13.250	23.250	7.1605e-06
13.250	23.500	1.0000e-07
13.250	23.750	1.0000e-07
13.250	24.000	1.0000e-07
13.500	17.000	1.0000e-07
13.500	17.250	1.0000e-07
13.500	17.500	1.0000e-07
13.500	17.750	1.0000e-07
13.500	18.000	1.0000e-07
13.500	18.250	1.0000e-07
13.500	18.500	1.0000e-07
13.500	18.750	1.0000e-07
13.500	19.000	1.0000e-07
13.500	19.250	1.0000e-07
13.500	19.500	1.0000e-07
13.500	19.750	1.0000e-07
13.500	20.000	1.0000e-07
13.500	20.250	1.0000e-07
13.500	20.500	1.0000e-07
13.500	20.750	1.8107e-06
13.500	21.000	7.7366e-06
13.500	21.250	2.4280e-05
13.500	21.500	5.5144e-05
13.500	21.750	1.0165e-04
13.500	22.000	1.5226e-04
13.500	22.250	1.7885e-04
13.500	22.500	1.8016e-04
13.500	22.750	1.5679e-04
13.500	23.000	1.3893e-04
13.500	23.250	8.9959e-05
13.500	23.500	4.9383e-06
13.500	23.750	1.0000e-07
13.500	24.000	1.0000e-07
13.750	17.000	1.0000e-07
13.750	17.250	1.0000e-07
13.750	17.500	1.0000e-07
13.750	17.750	1.0000e-07
13.750	18.000	1.0000e-07
13.750	18.250	1.0000e-07
13.750	18.500	1.0000e-07
13.750	18.750	1.0000e-07
13.750	19.000	1.0000e-07
13.750	19.250	1.0000e-07
13.750	19.500	1.0000e-07
13.750	19.750	1.0000e-07
13.750	20.000	1.0000e-07
13.750	20.250	1.0000e-07
13.750	20.500	1.0000e-07
13.750	20.750	1.0000e-07
13.750	21.000	1.0700e-06
13.750	21.250	4.6091e-06
13.750	21.500	1.4815e-05
13.750	21.750	3.5802e-05
13.750	22.000	6.5761e-05
13.750	22.250	9.9835e-05
13.750	22.500	1.2708e-04
13.750	22.750	1.3506e-04
13.750	23.000	1.2938e-04
13.750	23.250	1.2049e-04
13.750	23.500	7.6132e-05
13.750	23.750	3.6214e-06
13.750	24.000	1.0000e-07
14.000	17.000	1.0000e-07
14.000	17.250	1.0000e-07
14.000	17.500	1.0000e-07
14.000	17.750	1.0000e-07
14.000	18.000	1.0000e-07
14.000	18.250	1.0000e-07
14.000	18.500	1.0000e-07
14.000	18.750	1.0000e-07
14.000	19.000	1.0000e-07
14.000	19.250	1.0000e-07
14.000	19.500	1.0000e-07
14.000	19.750	1.0000e-07
14.000	20.000	1.0000e-07
14.000	20.250	1.0000e-07
14.000	20.500	1.0000e-07
14.000	20.750	1.0000e-07
14.000	21.000	1.0000e-07
14.000	21.250	1.0000e-07
14.000	21.500	3.0453e-06
14.000	21.750	9.8765e-06
14.000	22.000	2.3704e-05
14.000	22.250	4.3951e-05
14.000	22.500	6.8807e-05
14.000	22.750	9.3251e-05
14.000	23.000	1.0568e-04
14.000	23.250	1.1193e-04
14.000	23.500	1.0617e-04
14.000	23.750	5.7366e-05
14.000	24.000	1.8930e-06
