Inwd 1754.00A  relative to Inci 1215.00A scaled to 1215A.
Hden   Phi(H)  Eq_Width (A)
 7.000	17.000	8.6420e-05
 7.000	17.250	3.1276e-06
 7.000	17.500	1.0000e-07
 7.000	17.750	1.0000e-07
 7.000	18.000	1.0000e-07
 7.000	18.250	1.0000e-07
 7.000	18.500	1.0000e-07
 7.000	18.750	1.0000e-07
 7.000	19.000	1.0000e-07
 7.000	19.250	1.0000e-07
 7.000	19.500	1.0000e-07
 7.000	19.750	1.0000e-07
 7.000	20.000	1.0000e-07
 7.000	20.250	1.0000e-07
 7.000	20.500	1.0000e-07
 7.000	20.750	1.0000e-07
 7.000	21.000	1.0000e-07
 7.000	21.250	1.0000e-07
 7.000	21.500	1.0000e-07
 7.000	21.750	1.0000e-07
 7.000	22.000	1.0000e-07
 7.000	22.250	1.0000e-07
 7.000	22.500	1.0000e-07
 7.000	22.750	1.0000e-07
 7.000	23.000	1.0000e-07
 7.000	23.250	1.0000e-07
 7.000	23.500	1.0000e-07
 7.000	23.750	1.0000e-07
 7.000	24.000	1.0000e-07
 7.250	17.000	1.1951e-04
 7.250	17.250	9.2016e-05
 7.250	17.500	3.2099e-06
 7.250	17.750	1.0000e-07
 7.250	18.000	1.0000e-07
 7.250	18.250	1.0000e-07
 7.250	18.500	1.0000e-07
 7.250	18.750	1.0000e-07
 7.250	19.000	1.0000e-07
 7.250	19.250	1.0000e-07
 7.250	19.500	1.0000e-07
 7.250	19.750	1.0000e-07
 7.250	20.000	1.0000e-07
 7.250	20.250	1.0000e-07
 7.250	20.500	1.0000e-07
 7.250	20.750	1.0000e-07
 7.250	21.000	1.0000e-07
 7.250	21.250	1.0000e-07
 7.250	21.500	1.0000e-07
 7.250	21.750	1.0000e-07
 7.250	22.000	1.0000e-07
 7.250	22.250	1.0000e-07
 7.250	22.500	1.0000e-07
 7.250	22.750	1.0000e-07
 7.250	23.000	1.0000e-07
 7.250	23.250	1.0000e-07
 7.250	23.500	1.0000e-07
 7.250	23.750	1.0000e-07
 7.250	24.000	1.0000e-07
 7.500	17.000	1.7342e-04
 7.500	17.250	1.2617e-04
 7.500	17.500	9.7284e-05
 7.500	17.750	3.2922e-06
 7.500	18.000	1.0000e-07
 7.500	18.250	1.0000e-07
 7.500	18.500	1.0000e-07
 7.500	18.750	1.0000e-07
 7.500	19.000	1.0000e-07
 7.500	19.250	1.0000e-07
 7.500	19.500	1.0000e-07
 7.500	19.750	1.0000e-07
 7.500	20.000	1.0000e-07
 7.500	20.250	1.0000e-07
 7.500	20.500	1.0000e-07
 7.500	20.750	1.0000e-07
 7.500	21.000	1.0000e-07
 7.500	21.250	1.0000e-07
 7.500	21.500	1.0000e-07
 7.500	21.750	1.0000e-07
 7.500	22.000	1.0000e-07
 7.500	22.250	1.0000e-07
 7.500	22.500	1.0000e-07
 7.500	22.750	1.0000e-07
 7.500	23.000	1.0000e-07
 7.500	23.250	1.0000e-07
 7.500	23.500	1.0000e-07
 7.500	23.750	1.0000e-07
 7.500	24.000	1.0000e-07
 7.750	17.000	2.5901e-04
 7.750	17.250	1.8198e-04
 7.750	17.500	1.3251e-04
 7.750	17.750	1.0239e-04
 7.750	18.000	3.3745e-06
 7.750	18.250	1.0000e-07
 7.750	18.500	1.0000e-07
 7.750	18.750	1.0000e-07
 7.750	19.000	1.0000e-07
 7.750	19.250	1.0000e-07
 7.750	19.500	1.0000e-07
 7.750	19.750	1.0000e-07
 7.750	20.000	1.0000e-07
 7.750	20.250	1.0000e-07
 7.750	20.500	1.0000e-07
 7.750	20.750	1.0000e-07
 7.750	21.000	1.0000e-07
 7.750	21.250	1.0000e-07
 7.750	21.500	1.0000e-07
 7.750	21.750	1.0000e-07
 7.750	22.000	1.0000e-07
 7.750	22.250	1.0000e-07
 7.750	22.500	1.0000e-07
 7.750	22.750	1.0000e-07
 7.750	23.000	1.0000e-07
 7.750	23.250	1.0000e-07
 7.750	23.500	1.0000e-07
 7.750	23.750	1.0000e-07
 7.750	24.000	1.0000e-07
 8.000	17.000	3.8263e-04
 8.000	17.250	2.6881e-04
 8.000	17.500	1.8782e-04
 8.000	17.750	1.3547e-04
 8.000	18.000	1.0354e-04
 8.000	18.250	3.6214e-06
 8.000	18.500	1.0000e-07
 8.000	18.750	1.0000e-07
 8.000	19.000	1.0000e-07
 8.000	19.250	1.0000e-07
 8.000	19.500	1.0000e-07
 8.000	19.750	1.0000e-07
 8.000	20.000	1.0000e-07
 8.000	20.250	1.0000e-07
 8.000	20.500	1.0000e-07
 8.000	20.750	1.0000e-07
 8.000	21.000	1.0000e-07
 8.000	21.250	1.0000e-07
 8.000	21.500	1.0000e-07
 8.000	21.750	1.0000e-07
 8.000	22.000	1.0000e-07
 8.000	22.250	1.0000e-07
 8.000	22.500	1.0000e-07
 8.000	22.750	1.0000e-07
 8.000	23.000	1.0000e-07
 8.000	23.250	1.0000e-07
 8.000	23.500	1.0000e-07
 8.000	23.750	1.0000e-07
 8.000	24.000	1.0000e-07
 8.250	17.000	5.4996e-04
 8.250	17.250	4.0469e-04
 8.250	17.500	2.8428e-04
 8.250	17.750	1.9877e-04
 8.250	18.000	1.4395e-04
 8.250	18.250	1.1062e-04
 8.250	18.500	3.7860e-06
 8.250	18.750	1.0000e-07
 8.250	19.000	1.0000e-07
 8.250	19.250	1.0000e-07
 8.250	19.500	1.0000e-07
 8.250	19.750	1.0000e-07
 8.250	20.000	1.0000e-07
 8.250	20.250	1.0000e-07
 8.250	20.500	1.0000e-07
 8.250	20.750	1.0000e-07
 8.250	21.000	1.0000e-07
 8.250	21.250	1.0000e-07
 8.250	21.500	1.0000e-07
 8.250	21.750	1.0000e-07
 8.250	22.000	1.0000e-07
 8.250	22.250	1.0000e-07
 8.250	22.500	1.0000e-07
 8.250	22.750	1.0000e-07
 8.250	23.000	1.0000e-07
 8.250	23.250	1.0000e-07
 8.250	23.500	1.0000e-07
 8.250	23.750	1.0000e-07
 8.250	24.000	1.0000e-07
 8.500	17.000	7.3654e-04
 8.500	17.250	5.8881e-04
 8.500	17.500	4.3300e-04
 8.500	17.750	3.0461e-04
 8.500	18.000	2.1416e-04
 8.500	18.250	1.5687e-04
 8.500	18.500	1.2206e-04
 8.500	18.750	4.0329e-06
 8.500	19.000	1.0000e-07
 8.500	19.250	1.0000e-07
 8.500	19.500	1.0000e-07
 8.500	19.750	1.0000e-07
 8.500	20.000	1.0000e-07
 8.500	20.250	1.0000e-07
 8.500	20.500	1.0000e-07
 8.500	20.750	1.0000e-07
 8.500	21.000	1.0000e-07
 8.500	21.250	1.0000e-07
 8.500	21.500	1.0000e-07
 8.500	21.750	1.0000e-07
 8.500	22.000	1.0000e-07
 8.500	22.250	1.0000e-07
 8.500	22.500	1.0000e-07
 8.500	22.750	1.0000e-07
 8.500	23.000	1.0000e-07
 8.500	23.250	1.0000e-07
 8.500	23.500	1.0000e-07
 8.500	23.750	1.0000e-07
 8.500	24.000	1.0000e-07
 8.750	17.000	8.9473e-04
 8.750	17.250	7.9893e-04
 8.750	17.500	6.3802e-04
 8.750	17.750	4.7004e-04
 8.750	18.000	3.3259e-04
 8.750	18.250	2.3712e-04
 8.750	18.500	1.7967e-04
 8.750	18.750	1.3243e-04
 8.750	19.000	4.3621e-06
 8.750	19.250	1.0000e-07
 8.750	19.500	1.0000e-07
 8.750	19.750	1.0000e-07
 8.750	20.000	1.0000e-07
 8.750	20.250	1.0000e-07
 8.750	20.500	1.0000e-07
 8.750	20.750	1.0000e-07
 8.750	21.000	1.0000e-07
 8.750	21.250	1.0000e-07
 8.750	21.500	1.0000e-07
 8.750	21.750	1.0000e-07
 8.750	22.000	1.0000e-07
 8.750	22.250	1.0000e-07
 8.750	22.500	1.0000e-07
 8.750	22.750	1.0000e-07
 8.750	23.000	1.0000e-07
 8.750	23.250	1.0000e-07
 8.750	23.500	1.0000e-07
 8.750	23.750	1.0000e-07
 8.750	24.000	1.0000e-07
 9.000	17.000	9.5909e-04
 9.000	17.250	9.7827e-04
 9.000	17.500	8.7267e-04
 9.000	17.750	6.9802e-04
 9.000	18.000	5.1720e-04
 9.000	18.250	3.7119e-04
 9.000	18.500	2.7481e-04
 9.000	18.750	2.3004e-04
 9.000	19.000	1.1358e-04
 9.000	19.250	4.7737e-06
 9.000	19.500	1.0000e-07
 9.000	19.750	1.0000e-07
 9.000	20.000	1.0000e-07
 9.000	20.250	1.0000e-07
 9.000	20.500	1.0000e-07
 9.000	20.750	1.0000e-07
 9.000	21.000	1.0000e-07
 9.000	21.250	1.0000e-07
 9.000	21.500	1.0000e-07
 9.000	21.750	1.0000e-07
 9.000	22.000	1.0000e-07
 9.000	22.250	1.0000e-07
 9.000	22.500	1.0000e-07
 9.000	22.750	1.0000e-07
 9.000	23.000	1.0000e-07
 9.000	23.250	1.0000e-07
 9.000	23.500	1.0000e-07
 9.000	23.750	1.0000e-07
 9.000	24.000	1.0000e-07
 9.250	17.000	8.7621e-04
 9.250	17.250	1.0450e-03
 9.250	17.500	1.0670e-03
 9.250	17.750	9.5325e-04
 9.250	18.000	7.6584e-04
 9.250	18.250	5.7531e-04
 9.250	18.500	4.2724e-04
 9.250	18.750	3.4642e-04
 9.250	19.000	3.5860e-04
 9.250	19.250	9.6543e-05
 9.250	19.500	5.1852e-06
 9.250	19.750	1.0000e-07
 9.250	20.000	1.0000e-07
 9.250	20.250	1.0000e-07
 9.250	20.500	1.0000e-07
 9.250	20.750	1.0000e-07
 9.250	21.000	1.0000e-07
 9.250	21.250	1.0000e-07
 9.250	21.500	1.0000e-07
 9.250	21.750	1.0000e-07
 9.250	22.000	1.0000e-07
 9.250	22.250	1.0000e-07
 9.250	22.500	1.0000e-07
 9.250	22.750	1.0000e-07
 9.250	23.000	1.0000e-07
 9.250	23.250	1.0000e-07
 9.250	23.500	1.0000e-07
 9.250	23.750	1.0000e-07
 9.250	24.000	1.0000e-07
 9.500	17.000	6.4379e-04
 9.500	17.250	9.3235e-04
 9.500	17.500	1.1185e-03
 9.500	17.750	1.1453e-03
 9.500	18.000	1.0268e-03
 9.500	18.250	8.3539e-04
 9.500	18.500	6.4337e-04
 9.500	18.750	5.0971e-04
 9.500	19.000	4.8798e-04
 9.500	19.250	6.0091e-04
 9.500	19.500	8.2963e-05
 9.500	19.750	5.5144e-06
 9.500	20.000	1.0000e-07
 9.500	20.250	1.0000e-07
 9.500	20.500	1.0000e-07
 9.500	20.750	1.0000e-07
 9.500	21.000	1.0000e-07
 9.500	21.250	1.0000e-07
 9.500	21.500	1.0000e-07
 9.500	21.750	1.0000e-07
 9.500	22.000	1.0000e-07
 9.500	22.250	1.0000e-07
 9.500	22.500	1.0000e-07
 9.500	22.750	1.0000e-07
 9.500	23.000	1.0000e-07
 9.500	23.250	1.0000e-07
 9.500	23.500	1.0000e-07
 9.500	23.750	1.0000e-07
 9.500	24.000	1.0000e-07
 9.750	17.000	3.4025e-04
 9.750	17.250	6.4864e-04
 9.750	17.500	9.5276e-04
 9.750	17.750	1.1509e-03
 9.750	18.000	1.1840e-03
 9.750	18.250	1.0718e-03
 9.750	18.500	8.8115e-04
 9.750	18.750	7.0379e-04
 9.750	19.000	6.1992e-04
 9.750	19.250	6.9926e-04
 9.750	19.500	8.9095e-04
 9.750	19.750	7.2922e-05
 9.750	20.000	5.6790e-06
 9.750	20.250	1.0000e-07
 9.750	20.500	1.0000e-07
 9.750	20.750	1.0000e-07
 9.750	21.000	1.0000e-07
 9.750	21.250	1.0000e-07
 9.750	21.500	1.0000e-07
 9.750	21.750	1.0000e-07
 9.750	22.000	1.0000e-07
 9.750	22.250	1.0000e-07
 9.750	22.500	1.0000e-07
 9.750	22.750	1.0000e-07
 9.750	23.000	1.0000e-07
 9.750	23.250	1.0000e-07
 9.750	23.500	1.0000e-07
 9.750	23.750	1.0000e-07
 9.750	24.000	1.0000e-07
10.000	17.000	1.0510e-04
10.000	17.250	3.1490e-04
10.000	17.500	6.1399e-04
10.000	17.750	9.1169e-04
10.000	18.000	1.1100e-03
10.000	18.250	1.1459e-03
10.000	18.500	1.0315e-03
10.000	18.750	8.6025e-04
10.000	19.000	7.2988e-04
10.000	19.250	7.1119e-04
10.000	19.500	8.4889e-04
10.000	19.750	9.8642e-04
10.000	20.000	6.5844e-05
10.000	20.250	5.2675e-06
10.000	20.500	1.0000e-07
10.000	20.750	1.0000e-07
10.000	21.000	1.0000e-07
10.000	21.250	1.0000e-07
10.000	21.500	1.0000e-07
10.000	21.750	1.0000e-07
10.000	22.000	1.0000e-07
10.000	22.250	1.0000e-07
10.000	22.500	1.0000e-07
10.000	22.750	1.0000e-07
10.000	23.000	1.0000e-07
10.000	23.250	1.0000e-07
10.000	23.500	1.0000e-07
10.000	23.750	1.0000e-07
10.000	24.000	1.0000e-07
10.250	17.000	1.9012e-05
10.250	17.250	8.8395e-05
10.250	17.500	2.7160e-04
10.250	17.750	5.3564e-04
10.250	18.000	8.0321e-04
10.250	18.250	9.7259e-04
10.250	18.500	9.8716e-04
10.250	18.750	8.8840e-04
10.250	19.000	7.6033e-04
10.250	19.250	6.7325e-04
10.250	19.500	6.8305e-04
10.250	19.750	8.2897e-04
10.250	20.000	6.5654e-04
10.250	20.250	5.6543e-05
10.250	20.500	4.8560e-06
10.250	20.750	1.0000e-07
10.250	21.000	1.0000e-07
10.250	21.250	1.0000e-07
10.250	21.500	1.0000e-07
10.250	21.750	1.0000e-07
10.250	22.000	1.0000e-07
10.250	22.250	1.0000e-07
10.250	22.500	1.0000e-07
10.250	22.750	1.0000e-07
10.250	23.000	1.0000e-07
10.250	23.250	1.0000e-07
10.250	23.500	1.0000e-07
10.250	23.750	1.0000e-07
10.250	24.000	1.0000e-07
10.500	17.000	2.5514e-06
10.500	17.250	1.4568e-05
10.500	17.500	7.0041e-05
10.500	17.750	2.1737e-04
10.500	18.000	4.3053e-04
10.500	18.250	6.3383e-04
10.500	18.500	7.4790e-04
10.500	18.750	7.5144e-04
10.500	19.000	6.8082e-04
10.500	19.250	5.9284e-04
10.500	19.500	5.3523e-04
10.500	19.750	5.4469e-04
10.500	20.000	6.6930e-04
10.500	20.250	5.3177e-04
10.500	20.500	4.8971e-05
10.500	20.750	4.1975e-06
10.500	21.000	1.0000e-07
10.500	21.250	1.0000e-07
10.500	21.500	1.0000e-07
10.500	21.750	1.0000e-07
10.500	22.000	1.0000e-07
10.500	22.250	1.0000e-07
10.500	22.500	1.0000e-07
10.500	22.750	1.0000e-07
10.500	23.000	1.0000e-07
10.500	23.250	1.0000e-07
10.500	23.500	1.0000e-07
10.500	23.750	1.0000e-07
10.500	24.000	1.0000e-07
10.750	17.000	1.0000e-07
10.750	17.250	1.8107e-06
10.750	17.500	1.0782e-05
10.750	17.750	5.4156e-05
10.750	18.000	1.6321e-04
10.750	18.250	3.1136e-04
10.750	18.500	4.4255e-04
10.750	18.750	5.1399e-04
10.750	19.000	5.1613e-04
10.750	19.250	4.7259e-04
10.750	19.500	4.1556e-04
10.750	19.750	3.7210e-04
10.750	20.000	3.6856e-04
10.750	20.250	4.2181e-04
10.750	20.500	3.8263e-04
10.750	20.750	3.7284e-05
10.750	21.000	3.2099e-06
10.750	21.250	1.0000e-07
10.750	21.500	1.0000e-07
10.750	21.750	1.0000e-07
10.750	22.000	1.0000e-07
10.750	22.250	1.0000e-07
10.750	22.500	1.0000e-07
10.750	22.750	1.0000e-07
10.750	23.000	1.0000e-07
10.750	23.250	1.0000e-07
10.750	23.500	1.0000e-07
10.750	23.750	1.0000e-07
10.750	24.000	1.0000e-07
11.000	17.000	1.0000e-07
11.000	17.250	1.0000e-07
11.000	17.500	1.2346e-06
11.000	17.750	8.2305e-06
11.000	18.000	4.0165e-05
11.000	18.250	1.1111e-04
11.000	18.500	2.0305e-04
11.000	18.750	2.8370e-04
11.000	19.000	3.2774e-04
11.000	19.250	3.3177e-04
11.000	19.500	3.0741e-04
11.000	19.750	2.7095e-04
11.000	20.000	2.3794e-04
11.000	20.250	2.2807e-04
11.000	20.500	2.9539e-04
11.000	20.750	2.3901e-04
11.000	21.000	2.7407e-05
11.000	21.250	2.3045e-06
11.000	21.500	1.0000e-07
11.000	21.750	1.0000e-07
11.000	22.000	1.0000e-07
11.000	22.250	1.0000e-07
11.000	22.500	1.0000e-07
11.000	22.750	1.0000e-07
11.000	23.000	1.0000e-07
11.000	23.250	1.0000e-07
11.000	23.500	1.0000e-07
11.000	23.750	1.0000e-07
11.000	24.000	1.0000e-07
11.250	17.000	1.0000e-07
11.250	17.250	1.0000e-07
11.250	17.500	1.0000e-07
11.250	17.750	9.8765e-07
11.250	18.000	6.1728e-06
11.250	18.250	2.6831e-05
11.250	18.500	6.9547e-05
11.250	18.750	1.2494e-04
11.250	19.000	1.7309e-04
11.250	19.250	2.0091e-04
11.250	19.500	2.0700e-04
11.250	19.750	1.9490e-04
11.250	20.000	1.7243e-04
11.250	20.250	1.4938e-04
11.250	20.500	1.3835e-04
11.250	20.750	1.5687e-04
11.250	21.000	1.4140e-04
11.250	21.250	1.6955e-05
11.250	21.500	1.2346e-06
11.250	21.750	1.0000e-07
11.250	22.000	1.0000e-07
11.250	22.250	1.0000e-07
11.250	22.500	1.0000e-07
11.250	22.750	1.0000e-07
11.250	23.000	1.0000e-07
11.250	23.250	1.0000e-07
11.250	23.500	1.0000e-07
11.250	23.750	1.0000e-07
11.250	24.000	1.0000e-07
11.500	17.000	1.0000e-07
11.500	17.250	1.0000e-07
11.500	17.500	1.0000e-07
11.500	17.750	1.0000e-07
11.500	18.000	1.0000e-07
11.500	18.250	4.1975e-06
11.500	18.500	1.6461e-05
11.500	18.750	4.1728e-05
11.500	19.000	7.4815e-05
11.500	19.250	1.0362e-04
11.500	19.500	1.2230e-04
11.500	19.750	1.2947e-04
11.500	20.000	1.2436e-04
11.500	20.250	1.1045e-04
11.500	20.500	9.4403e-05
11.500	20.750	8.4280e-05
11.500	21.000	9.4403e-05
11.500	21.250	9.2922e-05
11.500	21.500	9.7942e-06
11.500	21.750	1.0000e-07
11.500	22.000	1.0000e-07
11.500	22.250	1.0000e-07
11.500	22.500	1.0000e-07
11.500	22.750	1.0000e-07
11.500	23.000	1.0000e-07
11.500	23.250	1.0000e-07
11.500	23.500	1.0000e-07
11.500	23.750	1.0000e-07
11.500	24.000	1.0000e-07
11.750	17.000	1.0000e-07
11.750	17.250	1.0000e-07
11.750	17.500	1.0000e-07
11.750	17.750	1.0000e-07
11.750	18.000	1.0000e-07
11.750	18.250	1.0000e-07
11.750	18.500	2.6337e-06
11.750	18.750	9.7942e-06
11.750	19.000	2.4856e-05
11.750	19.250	4.4609e-05
11.750	19.500	6.2469e-05
11.750	19.750	7.5720e-05
11.750	20.000	8.2551e-05
11.750	20.250	8.0494e-05
11.750	20.500	7.1687e-05
11.750	20.750	6.0494e-05
11.750	21.000	4.9877e-05
11.750	21.250	5.4897e-05
11.750	21.500	5.1770e-05
11.750	21.750	4.9383e-06
11.750	22.000	1.0000e-07
11.750	22.250	1.0000e-07
11.750	22.500	1.0000e-07
11.750	22.750	1.0000e-07
11.750	23.000	1.0000e-07
11.750	23.250	1.0000e-07
11.750	23.500	1.0000e-07
11.750	23.750	1.0000e-07
11.750	24.000	1.0000e-07
12.000	17.000	1.0000e-07
12.000	17.250	1.0000e-07
12.000	17.500	1.0000e-07
12.000	17.750	1.0000e-07
12.000	18.000	1.0000e-07
12.000	18.250	1.0000e-07
12.000	18.500	1.0000e-07
12.000	18.750	1.5638e-06
12.000	19.000	5.8436e-06
12.000	19.250	1.4897e-05
12.000	19.500	2.6996e-05
12.000	19.750	3.8519e-05
12.000	20.000	4.8148e-05
12.000	20.250	5.3827e-05
12.000	20.500	5.3004e-05
12.000	20.750	4.7078e-05
12.000	21.000	3.9342e-05
12.000	21.250	3.1111e-05
12.000	21.500	3.0617e-05
12.000	21.750	2.9959e-05
12.000	22.000	2.3045e-06
12.000	22.250	1.0000e-07
12.000	22.500	1.0000e-07
12.000	22.750	1.0000e-07
12.000	23.000	1.0000e-07
12.000	23.250	1.0000e-07
12.000	23.500	1.0000e-07
12.000	23.750	1.0000e-07
12.000	24.000	1.0000e-07
12.250	17.000	1.0000e-07
12.250	17.250	1.0000e-07
12.250	17.500	1.0000e-07
12.250	17.750	1.0000e-07
12.250	18.000	1.0000e-07
12.250	18.250	1.0000e-07
12.250	18.500	1.0000e-07
12.250	18.750	1.0000e-07
12.250	19.000	9.0535e-07
12.250	19.250	3.5391e-06
12.250	19.500	9.2181e-06
12.250	19.750	1.6790e-05
12.250	20.000	2.4527e-05
12.250	20.250	3.1523e-05
12.250	20.500	3.5638e-05
12.250	20.750	3.5226e-05
12.250	21.000	3.1605e-05
12.250	21.250	2.5926e-05
12.250	21.500	1.9259e-05
12.250	21.750	1.7860e-05
12.250	22.000	1.5638e-05
12.250	22.250	9.8765e-07
12.250	22.500	1.0000e-07
12.250	22.750	1.0000e-07
12.250	23.000	1.0000e-07
12.250	23.250	1.0000e-07
12.250	23.500	1.0000e-07
12.250	23.750	1.0000e-07
12.250	24.000	1.0000e-07
12.500	17.000	1.0000e-07
12.500	17.250	1.0000e-07
12.500	17.500	1.0000e-07
12.500	17.750	1.0000e-07
12.500	18.000	1.0000e-07
12.500	18.250	1.0000e-07
12.500	18.500	1.0000e-07
12.500	18.750	1.0000e-07
12.500	19.000	1.0000e-07
12.500	19.250	1.0000e-07
12.500	19.500	2.3045e-06
12.500	19.750	5.9259e-06
12.500	20.000	1.0864e-05
12.500	20.250	1.6049e-05
12.500	20.500	2.0988e-05
12.500	20.750	2.3951e-05
12.500	21.000	2.4115e-05
12.500	21.250	2.1811e-05
12.500	21.500	1.7037e-05
12.500	21.750	1.2757e-05
12.500	22.000	1.1934e-05
12.500	22.250	8.5597e-06
12.500	22.500	1.0000e-07
12.500	22.750	1.0000e-07
12.500	23.000	1.0000e-07
12.500	23.250	1.0000e-07
12.500	23.500	1.0000e-07
12.500	23.750	1.0000e-07
12.500	24.000	1.0000e-07
12.750	17.000	1.0000e-07
12.750	17.250	1.0000e-07
12.750	17.500	1.0000e-07
12.750	17.750	1.0000e-07
12.750	18.000	1.0000e-07
12.750	18.250	1.0000e-07
12.750	18.500	1.0000e-07
12.750	18.750	1.0000e-07
12.750	19.000	1.0000e-07
12.750	19.250	1.0000e-07
12.750	19.500	1.0000e-07
12.750	19.750	1.4815e-06
12.750	20.000	3.8683e-06
12.750	20.250	7.0782e-06
12.750	20.500	1.0700e-05
12.750	20.750	1.4156e-05
12.750	21.000	1.6379e-05
12.750	21.250	1.6790e-05
12.750	21.500	1.4897e-05
12.750	21.750	1.1934e-05
12.750	22.000	9.3004e-06
12.750	22.250	8.9712e-06
12.750	22.500	5.1852e-06
12.750	22.750	1.0000e-07
12.750	23.000	1.0000e-07
12.750	23.250	1.0000e-07
12.750	23.500	1.0000e-07
12.750	23.750	1.0000e-07
12.750	24.000	1.0000e-07
13.000	17.000	1.0000e-07
13.000	17.250	1.0000e-07
13.000	17.500	1.0000e-07
13.000	17.750	1.0000e-07
13.000	18.000	1.0000e-07
13.000	18.250	1.0000e-07
13.000	18.500	1.0000e-07
13.000	18.750	1.0000e-07
13.000	19.000	1.0000e-07
13.000	19.250	1.0000e-07
13.000	19.500	1.0000e-07
13.000	19.750	1.0000e-07
13.000	20.000	9.8765e-07
13.000	20.250	2.4691e-06
13.000	20.500	4.6914e-06
13.000	20.750	7.2428e-06
13.000	21.000	9.7119e-06
13.000	21.250	1.1687e-05
13.000	21.500	1.2181e-05
13.000	21.750	1.0617e-05
13.000	22.000	8.3951e-06
13.000	22.250	7.5720e-06
13.000	22.500	8.0658e-06
13.000	22.750	2.8807e-06
13.000	23.000	1.0000e-07
13.000	23.250	1.0000e-07
13.000	23.500	1.0000e-07
13.000	23.750	1.0000e-07
13.000	24.000	1.0000e-07
13.250	17.000	1.0000e-07
13.250	17.250	1.0000e-07
13.250	17.500	1.0000e-07
13.250	17.750	1.0000e-07
13.250	18.000	1.0000e-07
13.250	18.250	1.0000e-07
13.250	18.500	1.0000e-07
13.250	18.750	1.0000e-07
13.250	19.000	1.0000e-07
13.250	19.250	1.0000e-07
13.250	19.500	1.0000e-07
13.250	19.750	1.0000e-07
13.250	20.000	1.0000e-07
13.250	20.250	1.0000e-07
13.250	20.500	1.5638e-06
13.250	20.750	3.0453e-06
13.250	21.000	4.8560e-06
13.250	21.250	6.7490e-06
13.250	21.500	7.6543e-06
13.250	21.750	8.1481e-06
13.250	22.000	7.8189e-06
13.250	22.250	6.5021e-06
13.250	22.500	6.6667e-06
13.250	22.750	6.5844e-06
13.250	23.000	1.8930e-06
13.250	23.250	1.0000e-07
13.250	23.500	1.0000e-07
13.250	23.750	1.0000e-07
13.250	24.000	1.0000e-07
13.500	17.000	1.0000e-07
13.500	17.250	1.0000e-07
13.500	17.500	1.0000e-07
13.500	17.750	1.0000e-07
13.500	18.000	1.0000e-07
13.500	18.250	1.0000e-07
13.500	18.500	1.0000e-07
13.500	18.750	1.0000e-07
13.500	19.000	1.0000e-07
13.500	19.250	1.0000e-07
13.500	19.500	1.0000e-07
13.500	19.750	1.0000e-07
13.500	20.000	1.0000e-07
13.500	20.250	1.0000e-07
13.500	20.500	1.0000e-07
13.500	20.750	9.8765e-07
13.500	21.000	1.9753e-06
13.500	21.250	3.1276e-06
13.500	21.500	4.2798e-06
13.500	21.750	5.2675e-06
13.500	22.000	6.0082e-06
13.500	22.250	5.7613e-06
13.500	22.500	5.5144e-06
13.500	22.750	6.2551e-06
13.500	23.000	6.0082e-06
13.500	23.250	1.3169e-06
13.500	23.500	1.0000e-07
13.500	23.750	1.0000e-07
13.500	24.000	1.0000e-07
13.750	17.000	1.0000e-07
13.750	17.250	1.0000e-07
13.750	17.500	1.0000e-07
13.750	17.750	1.0000e-07
13.750	18.000	1.0000e-07
13.750	18.250	1.0000e-07
13.750	18.500	1.0000e-07
13.750	18.750	1.0000e-07
13.750	19.000	1.0000e-07
13.750	19.250	1.0000e-07
13.750	19.500	1.0000e-07
13.750	19.750	1.0000e-07
13.750	20.000	1.0000e-07
13.750	20.250	1.0000e-07
13.750	20.500	1.0000e-07
13.750	20.750	1.0000e-07
13.750	21.000	1.0000e-07
13.750	21.250	1.3169e-06
13.750	21.500	2.0576e-06
13.750	21.750	2.8807e-06
13.750	22.000	3.6214e-06
13.750	22.250	4.1975e-06
13.750	22.500	4.6091e-06
13.750	22.750	5.2675e-06
13.750	23.000	6.1728e-06
13.750	23.250	5.2675e-06
13.750	23.500	9.8765e-07
13.750	23.750	1.0000e-07
13.750	24.000	1.0000e-07
14.000	17.000	1.0000e-07
14.000	17.250	1.0000e-07
14.000	17.500	1.0000e-07
14.000	17.750	1.0000e-07
14.000	18.000	1.0000e-07
14.000	18.250	1.0000e-07
14.000	18.500	1.0000e-07
14.000	18.750	1.0000e-07
14.000	19.000	1.0000e-07
14.000	19.250	1.0000e-07
14.000	19.500	1.0000e-07
14.000	19.750	1.0000e-07
14.000	20.000	1.0000e-07
14.000	20.250	1.0000e-07
14.000	20.500	1.0000e-07
14.000	20.750	1.0000e-07
14.000	21.000	1.0000e-07
14.000	21.250	1.0000e-07
14.000	21.500	9.8765e-07
14.000	21.750	1.4815e-06
14.000	22.000	2.1399e-06
14.000	22.250	2.7160e-06
14.000	22.500	3.3745e-06
14.000	22.750	4.1152e-06
14.000	23.000	5.2675e-06
14.000	23.250	6.3374e-06
14.000	23.500	4.6091e-06
14.000	23.750	1.0000e-07
14.000	24.000	1.0000e-07
