Inwd 2327.00A  relative to Inci 1215.00A scaled to 1215A.
Hden   Phi(H)  Eq_Width (A)
 7.000	17.000	1.5350e-04
 7.000	17.250	1.0000e-07
 7.000	17.500	1.0000e-07
 7.000	17.750	1.0000e-07
 7.000	18.000	1.0000e-07
 7.000	18.250	1.0000e-07
 7.000	18.500	1.0000e-07
 7.000	18.750	1.0000e-07
 7.000	19.000	1.0000e-07
 7.000	19.250	1.0000e-07
 7.000	19.500	1.0000e-07
 7.000	19.750	1.0000e-07
 7.000	20.000	1.0000e-07
 7.000	20.250	1.0000e-07
 7.000	20.500	1.0000e-07
 7.000	20.750	1.0000e-07
 7.000	21.000	1.0000e-07
 7.000	21.250	1.0000e-07
 7.000	21.500	1.0000e-07
 7.000	21.750	1.0000e-07
 7.000	22.000	1.0000e-07
 7.000	22.250	1.0000e-07
 7.000	22.500	1.0000e-07
 7.000	22.750	1.0000e-07
 7.000	23.000	1.0000e-07
 7.000	23.250	1.0000e-07
 7.000	23.500	1.0000e-07
 7.000	23.750	1.0000e-07
 7.000	24.000	1.0000e-07
 7.250	17.000	1.8474e-03
 7.250	17.250	1.3523e-04
 7.250	17.500	1.0000e-07
 7.250	17.750	1.0000e-07
 7.250	18.000	1.0000e-07
 7.250	18.250	1.0000e-07
 7.250	18.500	1.0000e-07
 7.250	18.750	1.0000e-07
 7.250	19.000	1.0000e-07
 7.250	19.250	1.0000e-07
 7.250	19.500	1.0000e-07
 7.250	19.750	1.0000e-07
 7.250	20.000	1.0000e-07
 7.250	20.250	1.0000e-07
 7.250	20.500	1.0000e-07
 7.250	20.750	1.0000e-07
 7.250	21.000	1.0000e-07
 7.250	21.250	1.0000e-07
 7.250	21.500	1.0000e-07
 7.250	21.750	1.0000e-07
 7.250	22.000	1.0000e-07
 7.250	22.250	1.0000e-07
 7.250	22.500	1.0000e-07
 7.250	22.750	1.0000e-07
 7.250	23.000	1.0000e-07
 7.250	23.250	1.0000e-07
 7.250	23.500	1.0000e-07
 7.250	23.750	1.0000e-07
 7.250	24.000	1.0000e-07
 7.500	17.000	3.5110e-03
 7.500	17.250	2.0131e-03
 7.500	17.500	1.1687e-04
 7.500	17.750	1.0000e-07
 7.500	18.000	1.0000e-07
 7.500	18.250	1.0000e-07
 7.500	18.500	1.0000e-07
 7.500	18.750	1.0000e-07
 7.500	19.000	1.0000e-07
 7.500	19.250	1.0000e-07
 7.500	19.500	1.0000e-07
 7.500	19.750	1.0000e-07
 7.500	20.000	1.0000e-07
 7.500	20.250	1.0000e-07
 7.500	20.500	1.0000e-07
 7.500	20.750	1.0000e-07
 7.500	21.000	1.0000e-07
 7.500	21.250	1.0000e-07
 7.500	21.500	1.0000e-07
 7.500	21.750	1.0000e-07
 7.500	22.000	1.0000e-07
 7.500	22.250	1.0000e-07
 7.500	22.500	1.0000e-07
 7.500	22.750	1.0000e-07
 7.500	23.000	1.0000e-07
 7.500	23.250	1.0000e-07
 7.500	23.500	1.0000e-07
 7.500	23.750	1.0000e-07
 7.500	24.000	1.0000e-07
 7.750	17.000	4.9809e-03
 7.750	17.250	3.9361e-03
 7.750	17.500	2.2002e-03
 7.750	17.750	1.0107e-04
 7.750	18.000	1.0000e-07
 7.750	18.250	1.0000e-07
 7.750	18.500	1.0000e-07
 7.750	18.750	1.0000e-07
 7.750	19.000	1.0000e-07
 7.750	19.250	1.0000e-07
 7.750	19.500	1.0000e-07
 7.750	19.750	1.0000e-07
 7.750	20.000	1.0000e-07
 7.750	20.250	1.0000e-07
 7.750	20.500	1.0000e-07
 7.750	20.750	1.0000e-07
 7.750	21.000	1.0000e-07
 7.750	21.250	1.0000e-07
 7.750	21.500	1.0000e-07
 7.750	21.750	1.0000e-07
 7.750	22.000	1.0000e-07
 7.750	22.250	1.0000e-07
 7.750	22.500	1.0000e-07
 7.750	22.750	1.0000e-07
 7.750	23.000	1.0000e-07
 7.750	23.250	1.0000e-07
 7.750	23.500	1.0000e-07
 7.750	23.750	1.0000e-07
 7.750	24.000	1.0000e-07
 8.000	17.000	6.4911e-03
 8.000	17.250	5.6032e-03
 8.000	17.500	4.4754e-03
 8.000	17.750	2.4432e-03
 8.000	18.000	1.4099e-04
 8.000	18.250	1.0000e-07
 8.000	18.500	1.0000e-07
 8.000	18.750	1.0000e-07
 8.000	19.000	1.0000e-07
 8.000	19.250	1.0000e-07
 8.000	19.500	1.0000e-07
 8.000	19.750	1.0000e-07
 8.000	20.000	1.0000e-07
 8.000	20.250	1.0000e-07
 8.000	20.500	1.0000e-07
 8.000	20.750	1.0000e-07
 8.000	21.000	1.0000e-07
 8.000	21.250	1.0000e-07
 8.000	21.500	1.0000e-07
 8.000	21.750	1.0000e-07
 8.000	22.000	1.0000e-07
 8.000	22.250	1.0000e-07
 8.000	22.500	1.0000e-07
 8.000	22.750	1.0000e-07
 8.000	23.000	1.0000e-07
 8.000	23.250	1.0000e-07
 8.000	23.500	1.0000e-07
 8.000	23.750	1.0000e-07
 8.000	24.000	1.0000e-07
 8.250	17.000	8.1801e-03
 8.250	17.250	7.1888e-03
 8.250	17.500	6.3146e-03
 8.250	17.750	5.0145e-03
 8.250	18.000	2.7614e-03
 8.250	18.250	1.2000e-04
 8.250	18.500	1.0000e-07
 8.250	18.750	1.0000e-07
 8.250	19.000	1.0000e-07
 8.250	19.250	1.0000e-07
 8.250	19.500	1.0000e-07
 8.250	19.750	1.0000e-07
 8.250	20.000	1.0000e-07
 8.250	20.250	1.0000e-07
 8.250	20.500	1.0000e-07
 8.250	20.750	1.0000e-07
 8.250	21.000	1.0000e-07
 8.250	21.250	1.0000e-07
 8.250	21.500	1.0000e-07
 8.250	21.750	1.0000e-07
 8.250	22.000	1.0000e-07
 8.250	22.250	1.0000e-07
 8.250	22.500	1.0000e-07
 8.250	22.750	1.0000e-07
 8.250	23.000	1.0000e-07
 8.250	23.250	1.0000e-07
 8.250	23.500	1.0000e-07
 8.250	23.750	1.0000e-07
 8.250	24.000	1.0000e-07
 8.500	17.000	1.0097e-02
 8.500	17.250	8.9459e-03
 8.500	17.500	8.0036e-03
 8.500	17.750	7.1372e-03
 8.500	18.000	5.8281e-03
 8.500	18.250	3.1298e-03
 8.500	18.500	7.4568e-05
 8.500	18.750	1.0000e-07
 8.500	19.000	1.0000e-07
 8.500	19.250	1.0000e-07
 8.500	19.500	1.0000e-07
 8.500	19.750	1.0000e-07
 8.500	20.000	1.0000e-07
 8.500	20.250	1.0000e-07
 8.500	20.500	1.0000e-07
 8.500	20.750	1.0000e-07
 8.500	21.000	1.0000e-07
 8.500	21.250	1.0000e-07
 8.500	21.500	1.0000e-07
 8.500	21.750	1.0000e-07
 8.500	22.000	1.0000e-07
 8.500	22.250	1.0000e-07
 8.500	22.500	1.0000e-07
 8.500	22.750	1.0000e-07
 8.500	23.000	1.0000e-07
 8.500	23.250	1.0000e-07
 8.500	23.500	1.0000e-07
 8.500	23.750	1.0000e-07
 8.500	24.000	1.0000e-07
 8.750	17.000	1.2114e-02
 8.750	17.250	1.0816e-02
 8.750	17.500	9.7602e-03
 8.750	17.750	8.9073e-03
 8.750	18.000	8.1288e-03
 8.750	18.250	6.6296e-03
 8.750	18.500	3.6335e-03
 8.750	18.750	2.9547e-05
 8.750	19.000	1.0000e-07
 8.750	19.250	1.0000e-07
 8.750	19.500	1.0000e-07
 8.750	19.750	1.0000e-07
 8.750	20.000	1.0000e-07
 8.750	20.250	1.0000e-07
 8.750	20.500	1.0000e-07
 8.750	20.750	1.0000e-07
 8.750	21.000	1.0000e-07
 8.750	21.250	1.0000e-07
 8.750	21.500	1.0000e-07
 8.750	21.750	1.0000e-07
 8.750	22.000	1.0000e-07
 8.750	22.250	1.0000e-07
 8.750	22.500	1.0000e-07
 8.750	22.750	1.0000e-07
 8.750	23.000	1.0000e-07
 8.750	23.250	1.0000e-07
 8.750	23.500	1.0000e-07
 8.750	23.750	1.0000e-07
 8.750	24.000	1.0000e-07
 9.000	17.000	1.3981e-02
 9.000	17.250	1.2601e-02
 9.000	17.500	1.1479e-02
 9.000	17.750	1.0569e-02
 9.000	18.000	9.7337e-03
 9.000	18.250	8.6821e-03
 9.000	18.500	6.7101e-03
 9.000	18.750	2.9705e-03
 9.000	19.000	7.5720e-06
 9.000	19.250	1.0000e-07
 9.000	19.500	1.0000e-07
 9.000	19.750	1.0000e-07
 9.000	20.000	1.0000e-07
 9.000	20.250	1.0000e-07
 9.000	20.500	1.0000e-07
 9.000	20.750	1.0000e-07
 9.000	21.000	1.0000e-07
 9.000	21.250	1.0000e-07
 9.000	21.500	1.0000e-07
 9.000	21.750	1.0000e-07
 9.000	22.000	1.0000e-07
 9.000	22.250	1.0000e-07
 9.000	22.500	1.0000e-07
 9.000	22.750	1.0000e-07
 9.000	23.000	1.0000e-07
 9.000	23.250	1.0000e-07
 9.000	23.500	1.0000e-07
 9.000	23.750	1.0000e-07
 9.000	24.000	1.0000e-07
 9.250	17.000	1.5330e-02
 9.250	17.250	1.4033e-02
 9.250	17.500	1.2921e-02
 9.250	17.750	1.1967e-02
 9.250	18.000	1.0977e-02
 9.250	18.250	9.6097e-03
 9.250	18.500	7.8252e-03
 9.250	18.750	5.3939e-03
 9.250	19.000	2.1129e-03
 9.250	19.250	2.8807e-06
 9.250	19.500	1.0000e-07
 9.250	19.750	1.0000e-07
 9.250	20.000	1.0000e-07
 9.250	20.250	1.0000e-07
 9.250	20.500	1.0000e-07
 9.250	20.750	1.0000e-07
 9.250	21.000	1.0000e-07
 9.250	21.250	1.0000e-07
 9.250	21.500	1.0000e-07
 9.250	21.750	1.0000e-07
 9.250	22.000	1.0000e-07
 9.250	22.250	1.0000e-07
 9.250	22.500	1.0000e-07
 9.250	22.750	1.0000e-07
 9.250	23.000	1.0000e-07
 9.250	23.250	1.0000e-07
 9.250	23.500	1.0000e-07
 9.250	23.750	1.0000e-07
 9.250	24.000	1.0000e-07
 9.500	17.000	1.5855e-02
 9.500	17.250	1.4865e-02
 9.500	17.500	1.3869e-02
 9.500	17.750	1.2892e-02
 9.500	18.000	1.1704e-02
 9.500	18.250	9.9407e-03
 9.500	18.500	7.7867e-03
 9.500	18.750	5.6293e-03
 9.500	19.000	3.2810e-03
 9.500	19.250	1.1407e-03
 9.500	19.500	1.3169e-06
 9.500	19.750	1.0000e-07
 9.500	20.000	1.0000e-07
 9.500	20.250	1.0000e-07
 9.500	20.500	1.0000e-07
 9.500	20.750	1.0000e-07
 9.500	21.000	1.0000e-07
 9.500	21.250	1.0000e-07
 9.500	21.500	1.0000e-07
 9.500	21.750	1.0000e-07
 9.500	22.000	1.0000e-07
 9.500	22.250	1.0000e-07
 9.500	22.500	1.0000e-07
 9.500	22.750	1.0000e-07
 9.500	23.000	1.0000e-07
 9.500	23.250	1.0000e-07
 9.500	23.500	1.0000e-07
 9.500	23.750	1.0000e-07
 9.500	24.000	1.0000e-07
 9.750	17.000	1.5428e-02
 9.750	17.250	1.4846e-02
 9.750	17.500	1.4111e-02
 9.750	17.750	1.3166e-02
 9.750	18.000	1.1719e-02
 9.750	18.250	9.6840e-03
 9.750	18.500	7.2246e-03
 9.750	18.750	4.8652e-03
 9.750	19.000	2.9852e-03
 9.750	19.250	1.3679e-03
 9.750	19.500	1.0412e-04
 9.750	19.750	1.0000e-07
 9.750	20.000	1.0000e-07
 9.750	20.250	1.0000e-07
 9.750	20.500	1.0000e-07
 9.750	20.750	1.0000e-07
 9.750	21.000	1.0000e-07
 9.750	21.250	1.0000e-07
 9.750	21.500	1.0000e-07
 9.750	21.750	1.0000e-07
 9.750	22.000	1.0000e-07
 9.750	22.250	1.0000e-07
 9.750	22.500	1.0000e-07
 9.750	22.750	1.0000e-07
 9.750	23.000	1.0000e-07
 9.750	23.250	1.0000e-07
 9.750	23.500	1.0000e-07
 9.750	23.750	1.0000e-07
 9.750	24.000	1.0000e-07
10.000	17.000	1.4297e-02
10.000	17.250	1.4094e-02
10.000	17.500	1.3638e-02
10.000	17.750	1.2755e-02
10.000	18.000	1.1178e-02
10.000	18.250	8.9070e-03
10.000	18.500	6.3059e-03
10.000	18.750	3.9883e-03
10.000	19.000	2.1453e-03
10.000	19.250	9.8823e-04
10.000	19.500	3.5053e-04
10.000	19.750	2.8642e-05
10.000	20.000	1.0000e-07
10.000	20.250	1.0000e-07
10.000	20.500	1.0000e-07
10.000	20.750	1.0000e-07
10.000	21.000	1.0000e-07
10.000	21.250	1.0000e-07
10.000	21.500	1.0000e-07
10.000	21.750	1.0000e-07
10.000	22.000	1.0000e-07
10.000	22.250	1.0000e-07
10.000	22.500	1.0000e-07
10.000	22.750	1.0000e-07
10.000	23.000	1.0000e-07
10.000	23.250	1.0000e-07
10.000	23.500	1.0000e-07
10.000	23.750	1.0000e-07
10.000	24.000	1.0000e-07
10.250	17.000	1.2934e-02
10.250	17.250	1.2905e-02
10.250	17.500	1.2639e-02
10.250	17.750	1.1811e-02
10.250	18.000	1.0145e-02
10.250	18.250	7.7863e-03
10.250	18.500	5.2384e-03
10.250	18.750	3.0903e-03
10.250	19.000	1.5426e-03
10.250	19.250	7.0288e-04
10.250	19.500	3.4815e-04
10.250	19.750	2.0436e-04
10.250	20.000	8.8066e-06
10.250	20.250	1.0000e-07
10.250	20.500	1.0000e-07
10.250	20.750	1.0000e-07
10.250	21.000	1.0000e-07
10.250	21.250	1.0000e-07
10.250	21.500	1.0000e-07
10.250	21.750	1.0000e-07
10.250	22.000	1.0000e-07
10.250	22.250	1.0000e-07
10.250	22.500	1.0000e-07
10.250	22.750	1.0000e-07
10.250	23.000	1.0000e-07
10.250	23.250	1.0000e-07
10.250	23.500	1.0000e-07
10.250	23.750	1.0000e-07
10.250	24.000	1.0000e-07
10.500	17.000	1.1647e-02
10.500	17.250	1.1620e-02
10.500	17.500	1.1376e-02
10.500	17.750	1.0546e-02
10.500	18.000	8.8343e-03
10.500	18.250	6.4517e-03
10.500	18.500	4.2413e-03
10.500	18.750	2.4690e-03
10.500	19.000	1.3307e-03
10.500	19.250	7.1514e-04
10.500	19.500	3.6947e-04
10.500	19.750	1.8790e-04
10.500	20.000	1.9811e-04
10.500	20.250	5.0206e-06
10.500	20.500	1.0000e-07
10.500	20.750	1.0000e-07
10.500	21.000	1.0000e-07
10.500	21.250	1.0000e-07
10.500	21.500	1.0000e-07
10.500	21.750	1.0000e-07
10.500	22.000	1.0000e-07
10.500	22.250	1.0000e-07
10.500	22.500	1.0000e-07
10.500	22.750	1.0000e-07
10.500	23.000	1.0000e-07
10.500	23.250	1.0000e-07
10.500	23.500	1.0000e-07
10.500	23.750	1.0000e-07
10.500	24.000	1.0000e-07
10.750	17.000	1.0466e-02
10.750	17.250	1.0412e-02
10.750	17.500	1.0088e-02
10.750	17.750	9.1831e-03
10.750	18.000	7.4775e-03
10.750	18.250	5.3077e-03
10.750	18.500	3.4412e-03
10.750	18.750	2.0444e-03
10.750	19.000	1.2074e-03
10.750	19.250	6.9695e-04
10.750	19.500	3.7383e-04
10.750	19.750	1.8477e-04
10.750	20.000	8.8724e-05
10.750	20.250	1.7613e-05
10.750	20.500	2.7984e-06
10.750	20.750	1.0000e-07
10.750	21.000	1.0000e-07
10.750	21.250	1.0000e-07
10.750	21.500	1.0000e-07
10.750	21.750	1.0000e-07
10.750	22.000	1.0000e-07
10.750	22.250	1.0000e-07
10.750	22.500	1.0000e-07
10.750	22.750	1.0000e-07
10.750	23.000	1.0000e-07
10.750	23.250	1.0000e-07
10.750	23.500	1.0000e-07
10.750	23.750	1.0000e-07
10.750	24.000	1.0000e-07
11.000	17.000	9.3545e-03
11.000	17.250	9.2860e-03
11.000	17.500	8.8950e-03
11.000	17.750	7.9230e-03
11.000	18.000	6.2306e-03
11.000	18.250	4.3018e-03
11.000	18.500	2.7618e-03
11.000	18.750	1.6949e-03
11.000	19.000	1.0612e-03
11.000	19.250	6.5045e-04
11.000	19.500	3.6263e-04
11.000	19.750	1.8667e-04
11.000	20.000	8.9630e-05
11.000	20.250	3.9753e-05
11.000	20.500	8.8066e-06
11.000	20.750	1.3992e-06
11.000	21.000	1.0000e-07
11.000	21.250	1.0000e-07
11.000	21.500	1.0000e-07
11.000	21.750	1.0000e-07
11.000	22.000	1.0000e-07
11.000	22.250	1.0000e-07
11.000	22.500	1.0000e-07
11.000	22.750	1.0000e-07
11.000	23.000	1.0000e-07
11.000	23.250	1.0000e-07
11.000	23.500	1.0000e-07
11.000	23.750	1.0000e-07
11.000	24.000	1.0000e-07
11.250	17.000	8.2270e-03
11.250	17.250	8.2334e-03
11.250	17.500	7.8403e-03
11.250	17.750	6.8233e-03
11.250	18.000	5.1462e-03
11.250	18.250	3.4690e-03
11.250	18.500	2.2559e-03
11.250	18.750	1.4551e-03
11.250	19.000	9.3786e-04
11.250	19.250	5.8288e-04
11.250	19.500	3.4683e-04
11.250	19.750	1.8938e-04
11.250	20.000	9.5144e-05
11.250	20.250	4.4938e-05
11.250	20.500	1.9177e-05
11.250	20.750	2.7160e-06
11.250	21.000	1.0000e-07
11.250	21.250	1.0000e-07
11.250	21.500	1.0000e-07
11.250	21.750	1.0000e-07
11.250	22.000	1.0000e-07
11.250	22.250	1.0000e-07
11.250	22.500	1.0000e-07
11.250	22.750	1.0000e-07
11.250	23.000	1.0000e-07
11.250	23.250	1.0000e-07
11.250	23.500	1.0000e-07
11.250	23.750	1.0000e-07
11.250	24.000	1.0000e-07
11.500	17.000	6.9876e-03
11.500	17.250	7.1481e-03
11.500	17.500	6.8333e-03
11.500	17.750	5.8056e-03
11.500	18.000	4.2216e-03
11.500	18.250	2.7947e-03
11.500	18.500	1.8580e-03
11.500	18.750	1.2195e-03
11.500	19.000	8.1177e-04
11.500	19.250	5.2016e-04
11.500	19.500	3.2329e-04
11.500	19.750	1.8881e-04
11.500	20.000	1.0313e-04
11.500	20.250	5.2099e-05
11.500	20.500	2.4774e-05
11.500	20.750	1.2840e-05
11.500	21.000	1.3992e-06
11.500	21.250	1.0000e-07
11.500	21.500	1.0000e-07
11.500	21.750	1.0000e-07
11.500	22.000	1.0000e-07
11.500	22.250	1.0000e-07
11.500	22.500	1.0000e-07
11.500	22.750	1.0000e-07
11.500	23.000	1.0000e-07
11.500	23.250	1.0000e-07
11.500	23.500	1.0000e-07
11.500	23.750	1.0000e-07
11.500	24.000	1.0000e-07
11.750	17.000	5.6099e-03
11.750	17.250	5.9236e-03
11.750	17.500	5.7323e-03
11.750	17.750	4.7829e-03
11.750	18.000	3.3732e-03
11.750	18.250	2.2308e-03
11.750	18.500	1.5069e-03
11.750	18.750	1.0226e-03
11.750	19.000	6.8272e-04
11.750	19.250	4.5728e-04
11.750	19.500	2.9440e-04
11.750	19.750	1.8198e-04
11.750	20.000	1.0733e-04
11.750	20.250	5.9506e-05
11.750	20.500	3.0782e-05
11.750	20.750	1.5391e-05
11.750	21.000	7.9012e-06
11.750	21.250	1.0000e-07
11.750	21.500	1.0000e-07
11.750	21.750	1.0000e-07
11.750	22.000	1.0000e-07
11.750	22.250	1.0000e-07
11.750	22.500	1.0000e-07
11.750	22.750	1.0000e-07
11.750	23.000	1.0000e-07
11.750	23.250	1.0000e-07
11.750	23.500	1.0000e-07
11.750	23.750	1.0000e-07
11.750	24.000	1.0000e-07
12.000	17.000	3.9910e-03
12.000	17.250	4.4498e-03
12.000	17.500	4.4503e-03
12.000	17.750	3.6700e-03
12.000	18.000	2.5416e-03
12.000	18.250	1.7123e-03
12.000	18.500	1.1872e-03
12.000	18.750	8.3638e-04
12.000	19.000	5.6840e-04
12.000	19.250	3.9819e-04
12.000	19.500	2.6601e-04
12.000	19.750	1.7103e-04
12.000	20.000	1.0642e-04
12.000	20.250	6.4115e-05
12.000	20.500	3.6543e-05
12.000	20.750	1.9918e-05
12.000	21.000	1.0782e-05
12.000	21.250	1.1193e-05
12.000	21.500	1.0000e-07
12.000	21.750	1.0000e-07
12.000	22.000	1.0000e-07
12.000	22.250	1.0000e-07
12.000	22.500	1.0000e-07
12.000	22.750	1.0000e-07
12.000	23.000	1.0000e-07
12.000	23.250	1.0000e-07
12.000	23.500	1.0000e-07
12.000	23.750	1.0000e-07
12.000	24.000	1.0000e-07
12.250	17.000	2.5159e-03
12.250	17.250	2.8426e-03
12.250	17.500	2.8432e-03
12.250	17.750	2.3602e-03
12.250	18.000	1.7227e-03
12.250	18.250	1.2095e-03
12.250	18.500	9.2107e-04
12.250	18.750	6.9243e-04
12.250	19.000	4.8222e-04
12.250	19.250	3.4568e-04
12.250	19.500	2.3646e-04
12.250	19.750	1.5745e-04
12.250	20.000	1.0263e-04
12.250	20.250	6.5350e-05
12.250	20.500	4.0165e-05
12.250	20.750	2.3951e-05
12.250	21.000	1.4156e-05
12.250	21.250	8.6420e-06
12.250	21.500	4.7737e-06
12.250	21.750	1.0000e-07
12.250	22.000	1.0000e-07
12.250	22.250	1.0000e-07
12.250	22.500	1.0000e-07
12.250	22.750	1.0000e-07
12.250	23.000	1.0000e-07
12.250	23.250	1.0000e-07
12.250	23.500	1.0000e-07
12.250	23.750	1.0000e-07
12.250	24.000	1.0000e-07
12.500	17.000	1.3133e-03
12.500	17.250	1.4519e-03
12.500	17.500	1.3688e-03
12.500	17.750	1.1165e-03
12.500	18.000	8.9572e-04
12.500	18.250	8.0510e-04
12.500	18.500	7.0230e-04
12.500	18.750	5.6560e-04
12.500	19.000	4.2831e-04
12.500	19.250	2.9720e-04
12.500	19.500	2.1012e-04
12.500	19.750	1.4403e-04
12.500	20.000	9.6626e-05
12.500	20.250	6.4115e-05
12.500	20.500	4.1317e-05
12.500	20.750	2.6502e-05
12.500	21.000	1.6872e-05
12.500	21.250	1.0947e-05
12.500	21.500	6.9136e-06
12.500	21.750	2.7984e-06
12.500	22.000	1.0000e-07
12.500	22.250	1.0000e-07
12.500	22.500	1.0000e-07
12.500	22.750	1.0000e-07
12.500	23.000	1.0000e-07
12.500	23.250	1.0000e-07
12.500	23.500	1.0000e-07
12.500	23.750	1.0000e-07
12.500	24.000	1.0000e-07
12.750	17.000	4.4593e-04
12.750	17.250	4.8148e-04
12.750	17.500	4.6881e-04
12.750	17.750	4.6502e-04
12.750	18.000	5.0239e-04
12.750	18.250	5.0601e-04
12.750	18.500	4.8691e-04
12.750	18.750	4.2889e-04
12.750	19.000	3.5095e-04
12.750	19.250	2.6041e-04
12.750	19.500	1.8486e-04
12.750	19.750	1.2938e-04
12.750	20.000	9.0041e-05
12.750	20.250	6.0658e-05
12.750	20.500	4.0658e-05
12.750	20.750	2.7160e-05
12.750	21.000	1.8519e-05
12.750	21.250	1.2593e-05
12.750	21.500	8.4774e-06
12.750	21.750	6.5021e-06
12.750	22.000	1.3169e-06
12.750	22.250	1.0000e-07
12.750	22.500	1.0000e-07
12.750	22.750	1.0000e-07
12.750	23.000	1.0000e-07
12.750	23.250	1.0000e-07
12.750	23.500	1.0000e-07
12.750	23.750	1.0000e-07
12.750	24.000	1.0000e-07
13.000	17.000	1.9440e-04
13.000	17.250	2.3342e-04
13.000	17.500	2.6156e-04
13.000	17.750	2.8502e-04
13.000	18.000	3.0510e-04
13.000	18.250	3.2420e-04
13.000	18.500	3.2840e-04
13.000	18.750	3.0428e-04
13.000	19.000	2.6008e-04
13.000	19.250	2.0782e-04
13.000	19.500	1.5951e-04
13.000	19.750	1.1547e-04
13.000	20.000	8.0823e-05
13.000	20.250	5.6790e-05
13.000	20.500	3.9424e-05
13.000	20.750	2.7160e-05
13.000	21.000	1.9012e-05
13.000	21.250	1.3580e-05
13.000	21.500	9.5473e-06
13.000	21.750	7.4897e-06
13.000	22.000	6.5021e-06
13.000	22.250	1.0000e-07
13.000	22.500	1.0000e-07
13.000	22.750	1.0000e-07
13.000	23.000	1.0000e-07
13.000	23.250	1.0000e-07
13.000	23.500	1.0000e-07
13.000	23.750	1.0000e-07
13.000	24.000	1.0000e-07
13.250	17.000	1.1432e-04
13.250	17.250	1.3202e-04
13.250	17.500	1.5432e-04
13.250	17.750	1.6963e-04
13.250	18.000	1.8173e-04
13.250	18.250	1.9934e-04
13.250	18.500	2.0897e-04
13.250	18.750	2.0329e-04
13.250	19.000	1.8263e-04
13.250	19.250	1.5333e-04
13.250	19.500	1.2272e-04
13.250	19.750	9.5226e-05
13.250	20.000	7.2263e-05
13.250	20.250	5.1523e-05
13.250	20.500	3.6872e-05
13.250	20.750	2.6420e-05
13.250	21.000	1.8848e-05
13.250	21.250	1.3827e-05
13.250	21.500	9.9588e-06
13.250	21.750	7.9012e-06
13.250	22.000	6.9959e-06
13.250	22.250	6.7490e-06
13.250	22.500	1.0000e-07
13.250	22.750	1.0000e-07
13.250	23.000	1.0000e-07
13.250	23.250	1.0000e-07
13.250	23.500	1.0000e-07
13.250	23.750	1.0000e-07
13.250	24.000	1.0000e-07
13.500	17.000	6.5597e-05
13.500	17.250	7.8107e-05
13.500	17.500	9.2675e-05
13.500	17.750	1.0362e-04
13.500	18.000	1.1070e-04
13.500	18.250	1.2091e-04
13.500	18.500	1.2947e-04
13.500	18.750	1.2996e-04
13.500	19.000	1.2222e-04
13.500	19.250	1.0790e-04
13.500	19.500	9.0206e-05
13.500	19.750	7.2757e-05
13.500	20.000	5.7202e-05
13.500	20.250	4.4527e-05
13.500	20.500	3.3745e-05
13.500	20.750	2.4774e-05
13.500	21.000	1.8189e-05
13.500	21.250	1.3498e-05
13.500	21.500	9.9588e-06
13.500	21.750	7.9835e-06
13.500	22.000	6.9136e-06
13.500	22.250	6.7490e-06
13.500	22.500	7.0782e-06
13.500	22.750	1.0000e-07
13.500	23.000	1.0000e-07
13.500	23.250	1.0000e-07
13.500	23.500	1.0000e-07
13.500	23.750	1.0000e-07
13.500	24.000	1.0000e-07
13.750	17.000	3.6543e-05
13.750	17.250	4.5103e-05
13.750	17.500	5.4979e-05
13.750	17.750	6.3045e-05
13.750	18.000	6.7654e-05
13.750	18.250	7.3498e-05
13.750	18.500	7.9259e-05
13.750	18.750	8.1152e-05
13.750	19.000	7.8765e-05
13.750	19.250	7.2510e-05
13.750	19.500	6.3868e-05
13.750	19.750	5.3745e-05
13.750	20.000	4.3868e-05
13.750	20.250	3.5144e-05
13.750	20.500	2.7984e-05
13.750	20.750	2.2305e-05
13.750	21.000	1.7202e-05
13.750	21.250	1.3086e-05
13.750	21.500	9.7942e-06
13.750	21.750	7.8189e-06
13.750	22.000	6.5844e-06
13.750	22.250	6.1728e-06
13.750	22.500	6.6667e-06
13.750	22.750	7.0782e-06
13.750	23.000	1.0000e-07
13.750	23.250	1.0000e-07
13.750	23.500	1.0000e-07
13.750	23.750	1.0000e-07
13.750	24.000	1.0000e-07
14.000	17.000	1.9506e-05
14.000	17.250	2.5021e-05
14.000	17.500	3.1852e-05
14.000	17.750	3.7778e-05
14.000	18.000	4.1235e-05
14.000	18.250	4.4774e-05
14.000	18.500	4.8313e-05
14.000	18.750	5.0123e-05
14.000	19.000	4.9794e-05
14.000	19.250	4.7407e-05
14.000	19.500	4.3539e-05
14.000	19.750	3.8436e-05
14.000	20.000	3.2675e-05
14.000	20.250	2.7160e-05
14.000	20.500	2.2222e-05
14.000	20.750	1.8107e-05
14.000	21.000	1.4815e-05
14.000	21.250	1.2016e-05
14.000	21.500	9.4650e-06
14.000	21.750	7.5720e-06
14.000	22.000	6.3374e-06
14.000	22.250	5.5967e-06
14.000	22.500	5.5967e-06
14.000	22.750	6.5021e-06
14.000	23.000	6.2551e-06
14.000	23.250	1.0000e-07
14.000	23.500	1.0000e-07
14.000	23.750	1.0000e-07
14.000	24.000	1.0000e-07
