nInu 1143.64A  relative to Inci 1215.00A scaled to 1215A.
Hden   Phi(H)  Eq_Width (A)
 7.000	17.000	9.9614e-01
 7.000	17.250	9.9873e-01
 7.000	17.500	1.0007e+00
 7.000	17.750	1.0007e+00
 7.000	18.000	1.0007e+00
 7.000	18.250	1.0007e+00
 7.000	18.500	1.0007e+00
 7.000	18.750	1.0007e+00
 7.000	19.000	1.0007e+00
 7.000	19.250	1.0007e+00
 7.000	19.500	1.0007e+00
 7.000	19.750	1.0007e+00
 7.000	20.000	1.0007e+00
 7.000	20.250	1.0007e+00
 7.000	20.500	1.0007e+00
 7.000	20.750	1.0007e+00
 7.000	21.000	1.0007e+00
 7.000	21.250	1.0007e+00
 7.000	21.500	1.0007e+00
 7.000	21.750	1.0007e+00
 7.000	22.000	1.0007e+00
 7.000	22.250	1.0007e+00
 7.000	22.500	1.0007e+00
 7.000	22.750	1.0007e+00
 7.000	23.000	1.0007e+00
 7.000	23.250	1.0007e+00
 7.000	23.500	1.0007e+00
 7.000	23.750	1.0007e+00
 7.000	24.000	1.0007e+00
 7.250	17.000	9.9523e-01
 7.250	17.250	9.9612e-01
 7.250	17.500	9.9874e-01
 7.250	17.750	1.0007e+00
 7.250	18.000	1.0007e+00
 7.250	18.250	1.0007e+00
 7.250	18.500	1.0007e+00
 7.250	18.750	1.0007e+00
 7.250	19.000	1.0007e+00
 7.250	19.250	1.0007e+00
 7.250	19.500	1.0007e+00
 7.250	19.750	1.0007e+00
 7.250	20.000	1.0007e+00
 7.250	20.250	1.0007e+00
 7.250	20.500	1.0007e+00
 7.250	20.750	1.0007e+00
 7.250	21.000	1.0007e+00
 7.250	21.250	1.0007e+00
 7.250	21.500	1.0007e+00
 7.250	21.750	1.0007e+00
 7.250	22.000	1.0007e+00
 7.250	22.250	1.0007e+00
 7.250	22.500	1.0007e+00
 7.250	22.750	1.0007e+00
 7.250	23.000	1.0007e+00
 7.250	23.250	1.0007e+00
 7.250	23.500	1.0007e+00
 7.250	23.750	1.0007e+00
 7.250	24.000	1.0007e+00
 7.500	17.000	9.9509e-01
 7.500	17.250	9.9525e-01
 7.500	17.500	9.9610e-01
 7.500	17.750	9.9877e-01
 7.500	18.000	1.0007e+00
 7.500	18.250	1.0007e+00
 7.500	18.500	1.0007e+00
 7.500	18.750	1.0007e+00
 7.500	19.000	1.0007e+00
 7.500	19.250	1.0007e+00
 7.500	19.500	1.0007e+00
 7.500	19.750	1.0007e+00
 7.500	20.000	1.0007e+00
 7.500	20.250	1.0007e+00
 7.500	20.500	1.0007e+00
 7.500	20.750	1.0007e+00
 7.500	21.000	1.0007e+00
 7.500	21.250	1.0007e+00
 7.500	21.500	1.0007e+00
 7.500	21.750	1.0007e+00
 7.500	22.000	1.0007e+00
 7.500	22.250	1.0007e+00
 7.500	22.500	1.0007e+00
 7.500	22.750	1.0007e+00
 7.500	23.000	1.0007e+00
 7.500	23.250	1.0007e+00
 7.500	23.500	1.0007e+00
 7.500	23.750	1.0007e+00
 7.500	24.000	1.0007e+00
 7.750	17.000	9.9538e-01
 7.750	17.250	9.9501e-01
 7.750	17.500	9.9521e-01
 7.750	17.750	9.9607e-01
 7.750	18.000	9.9884e-01
 7.750	18.250	1.0007e+00
 7.750	18.500	1.0007e+00
 7.750	18.750	1.0007e+00
 7.750	19.000	1.0007e+00
 7.750	19.250	1.0007e+00
 7.750	19.500	1.0007e+00
 7.750	19.750	1.0007e+00
 7.750	20.000	1.0007e+00
 7.750	20.250	1.0007e+00
 7.750	20.500	1.0007e+00
 7.750	20.750	1.0007e+00
 7.750	21.000	1.0007e+00
 7.750	21.250	1.0007e+00
 7.750	21.500	1.0007e+00
 7.750	21.750	1.0007e+00
 7.750	22.000	1.0007e+00
 7.750	22.250	1.0007e+00
 7.750	22.500	1.0007e+00
 7.750	22.750	1.0007e+00
 7.750	23.000	1.0007e+00
 7.750	23.250	1.0007e+00
 7.750	23.500	1.0007e+00
 7.750	23.750	1.0007e+00
 7.750	24.000	1.0007e+00
 8.000	17.000	9.9589e-01
 8.000	17.250	9.9522e-01
 8.000	17.500	9.9487e-01
 8.000	17.750	9.9512e-01
 8.000	18.000	9.9609e-01
 8.000	18.250	9.9885e-01
 8.000	18.500	1.0007e+00
 8.000	18.750	1.0007e+00
 8.000	19.000	1.0007e+00
 8.000	19.250	1.0007e+00
 8.000	19.500	1.0007e+00
 8.000	19.750	1.0007e+00
 8.000	20.000	1.0007e+00
 8.000	20.250	1.0007e+00
 8.000	20.500	1.0007e+00
 8.000	20.750	1.0007e+00
 8.000	21.000	1.0007e+00
 8.000	21.250	1.0007e+00
 8.000	21.500	1.0007e+00
 8.000	21.750	1.0007e+00
 8.000	22.000	1.0007e+00
 8.000	22.250	1.0007e+00
 8.000	22.500	1.0007e+00
 8.000	22.750	1.0007e+00
 8.000	23.000	1.0007e+00
 8.000	23.250	1.0007e+00
 8.000	23.500	1.0007e+00
 8.000	23.750	1.0007e+00
 8.000	24.000	1.0007e+00
 8.250	17.000	9.9625e-01
 8.250	17.250	9.9556e-01
 8.250	17.500	9.9484e-01
 8.250	17.750	9.9458e-01
 8.250	18.000	9.9489e-01
 8.250	18.250	9.9594e-01
 8.250	18.500	9.9887e-01
 8.250	18.750	1.0007e+00
 8.250	19.000	1.0007e+00
 8.250	19.250	1.0007e+00
 8.250	19.500	1.0007e+00
 8.250	19.750	1.0007e+00
 8.250	20.000	1.0007e+00
 8.250	20.250	1.0007e+00
 8.250	20.500	1.0007e+00
 8.250	20.750	1.0007e+00
 8.250	21.000	1.0007e+00
 8.250	21.250	1.0007e+00
 8.250	21.500	1.0007e+00
 8.250	21.750	1.0007e+00
 8.250	22.000	1.0007e+00
 8.250	22.250	1.0007e+00
 8.250	22.500	1.0007e+00
 8.250	22.750	1.0007e+00
 8.250	23.000	1.0007e+00
 8.250	23.250	1.0007e+00
 8.250	23.500	1.0007e+00
 8.250	23.750	1.0007e+00
 8.250	24.000	1.0007e+00
 8.500	17.000	9.9629e-01
 8.500	17.250	9.9579e-01
 8.500	17.500	9.9497e-01
 8.500	17.750	9.9418e-01
 8.500	18.000	9.9392e-01
 8.500	18.250	9.9443e-01
 8.500	18.500	9.9573e-01
 8.500	18.750	9.9891e-01
 8.500	19.000	1.0007e+00
 8.500	19.250	1.0007e+00
 8.500	19.500	1.0007e+00
 8.500	19.750	1.0007e+00
 8.500	20.000	1.0007e+00
 8.500	20.250	1.0007e+00
 8.500	20.500	1.0007e+00
 8.500	20.750	1.0007e+00
 8.500	21.000	1.0007e+00
 8.500	21.250	1.0007e+00
 8.500	21.500	1.0007e+00
 8.500	21.750	1.0007e+00
 8.500	22.000	1.0007e+00
 8.500	22.250	1.0007e+00
 8.500	22.500	1.0007e+00
 8.500	22.750	1.0007e+00
 8.500	23.000	1.0007e+00
 8.500	23.250	1.0007e+00
 8.500	23.500	1.0007e+00
 8.500	23.750	1.0007e+00
 8.500	24.000	1.0007e+00
 8.750	17.000	9.9592e-01
 8.750	17.250	9.9569e-01
 8.750	17.500	9.9497e-01
 8.750	17.750	9.9390e-01
 8.750	18.000	9.9291e-01
 8.750	18.250	9.9282e-01
 8.750	18.500	9.9363e-01
 8.750	18.750	9.9577e-01
 8.750	19.000	9.9896e-01
 8.750	19.250	1.0007e+00
 8.750	19.500	1.0007e+00
 8.750	19.750	1.0007e+00
 8.750	20.000	1.0007e+00
 8.750	20.250	1.0007e+00
 8.750	20.500	1.0007e+00
 8.750	20.750	1.0007e+00
 8.750	21.000	1.0007e+00
 8.750	21.250	1.0007e+00
 8.750	21.500	1.0007e+00
 8.750	21.750	1.0007e+00
 8.750	22.000	1.0007e+00
 8.750	22.250	1.0007e+00
 8.750	22.500	1.0007e+00
 8.750	22.750	1.0007e+00
 8.750	23.000	1.0007e+00
 8.750	23.250	1.0007e+00
 8.750	23.500	1.0007e+00
 8.750	23.750	1.0007e+00
 8.750	24.000	1.0007e+00
 9.000	17.000	9.9513e-01
 9.000	17.250	9.9518e-01
 9.000	17.500	9.9463e-01
 9.000	17.750	9.9349e-01
 9.000	18.000	9.9198e-01
 9.000	18.250	9.9093e-01
 9.000	18.500	9.9127e-01
 9.000	18.750	9.9261e-01
 9.000	19.000	9.9582e-01
 9.000	19.250	9.9897e-01
 9.000	19.500	1.0007e+00
 9.000	19.750	1.0007e+00
 9.000	20.000	1.0007e+00
 9.000	20.250	1.0007e+00
 9.000	20.500	1.0007e+00
 9.000	20.750	1.0007e+00
 9.000	21.000	1.0007e+00
 9.000	21.250	1.0007e+00
 9.000	21.500	1.0007e+00
 9.000	21.750	1.0007e+00
 9.000	22.000	1.0007e+00
 9.000	22.250	1.0007e+00
 9.000	22.500	1.0007e+00
 9.000	22.750	1.0007e+00
 9.000	23.000	1.0007e+00
 9.000	23.250	1.0007e+00
 9.000	23.500	1.0007e+00
 9.000	23.750	1.0007e+00
 9.000	24.000	1.0007e+00
 9.250	17.000	9.9390e-01
 9.250	17.250	9.9424e-01
 9.250	17.500	9.9388e-01
 9.250	17.750	9.9276e-01
 9.250	18.000	9.9094e-01
 9.250	18.250	9.8913e-01
 9.250	18.500	9.8846e-01
 9.250	18.750	9.8960e-01
 9.250	19.000	9.9140e-01
 9.250	19.250	9.9578e-01
 9.250	19.500	9.9902e-01
 9.250	19.750	1.0007e+00
 9.250	20.000	1.0007e+00
 9.250	20.250	1.0007e+00
 9.250	20.500	1.0007e+00
 9.250	20.750	1.0007e+00
 9.250	21.000	1.0007e+00
 9.250	21.250	1.0007e+00
 9.250	21.500	1.0007e+00
 9.250	21.750	1.0007e+00
 9.250	22.000	1.0007e+00
 9.250	22.250	1.0007e+00
 9.250	22.500	1.0007e+00
 9.250	22.750	1.0007e+00
 9.250	23.000	1.0007e+00
 9.250	23.250	1.0007e+00
 9.250	23.500	1.0007e+00
 9.250	23.750	1.0007e+00
 9.250	24.000	1.0007e+00
 9.500	17.000	9.9224e-01
 9.500	17.250	9.9287e-01
 9.500	17.500	9.9272e-01
 9.500	17.750	9.9162e-01
 9.500	18.000	9.8962e-01
 9.500	18.250	9.8730e-01
 9.500	18.500	9.8544e-01
 9.500	18.750	9.8516e-01
 9.500	19.000	9.8722e-01
 9.500	19.250	9.8999e-01
 9.500	19.500	9.9582e-01
 9.500	19.750	9.9896e-01
 9.500	20.000	1.0007e+00
 9.500	20.250	1.0007e+00
 9.500	20.500	1.0007e+00
 9.500	20.750	1.0007e+00
 9.500	21.000	1.0007e+00
 9.500	21.250	1.0007e+00
 9.500	21.500	1.0007e+00
 9.500	21.750	1.0007e+00
 9.500	22.000	1.0007e+00
 9.500	22.250	1.0007e+00
 9.500	22.500	1.0007e+00
 9.500	22.750	1.0007e+00
 9.500	23.000	1.0007e+00
 9.500	23.250	1.0007e+00
 9.500	23.500	1.0007e+00
 9.500	23.750	1.0007e+00
 9.500	24.000	1.0007e+00
 9.750	17.000	9.9010e-01
 9.750	17.250	9.9106e-01
 9.750	17.500	9.9113e-01
 9.750	17.750	9.9009e-01
 9.750	18.000	9.8797e-01
 9.750	18.250	9.8507e-01
 9.750	18.500	9.8220e-01
 9.750	18.750	9.8033e-01
 9.750	19.000	9.8065e-01
 9.750	19.250	9.8505e-01
 9.750	19.500	9.9092e-01
 9.750	19.750	9.9601e-01
 9.750	20.000	9.9899e-01
 9.750	20.250	1.0007e+00
 9.750	20.500	1.0007e+00
 9.750	20.750	1.0007e+00
 9.750	21.000	1.0007e+00
 9.750	21.250	1.0007e+00
 9.750	21.500	1.0007e+00
 9.750	21.750	1.0007e+00
 9.750	22.000	1.0007e+00
 9.750	22.250	1.0007e+00
 9.750	22.500	1.0007e+00
 9.750	22.750	1.0007e+00
 9.750	23.000	1.0007e+00
 9.750	23.250	1.0007e+00
 9.750	23.500	1.0007e+00
 9.750	23.750	1.0007e+00
 9.750	24.000	1.0007e+00
10.000	17.000	9.8741e-01
10.000	17.250	9.8876e-01
10.000	17.500	9.8911e-01
10.000	17.750	9.8815e-01
10.000	18.000	9.8581e-01
10.000	18.250	9.8236e-01
10.000	18.500	9.7857e-01
10.000	18.750	9.7520e-01
10.000	19.000	9.7381e-01
10.000	19.250	9.7582e-01
10.000	19.500	9.8299e-01
10.000	19.750	9.9266e-01
10.000	20.000	9.9636e-01
10.000	20.250	9.9900e-01
10.000	20.500	1.0006e+00
10.000	20.750	1.0007e+00
10.000	21.000	1.0007e+00
10.000	21.250	1.0007e+00
10.000	21.500	1.0007e+00
10.000	21.750	1.0007e+00
10.000	22.000	1.0007e+00
10.000	22.250	1.0007e+00
10.000	22.500	1.0007e+00
10.000	22.750	1.0007e+00
10.000	23.000	1.0007e+00
10.000	23.250	1.0007e+00
10.000	23.500	1.0007e+00
10.000	23.750	1.0007e+00
10.000	24.000	1.0007e+00
10.250	17.000	9.8404e-01
10.250	17.250	9.8586e-01
10.250	17.500	9.8652e-01
10.250	17.750	9.8565e-01
10.250	18.000	9.8300e-01
10.250	18.250	9.7909e-01
10.250	18.500	9.7460e-01
10.250	18.750	9.6993e-01
10.250	19.000	9.6592e-01
10.250	19.250	9.6536e-01
10.250	19.500	9.7259e-01
10.250	19.750	9.8285e-01
10.250	20.000	9.9345e-01
10.250	20.250	9.9640e-01
10.250	20.500	9.9910e-01
10.250	20.750	1.0006e+00
10.250	21.000	1.0007e+00
10.250	21.250	1.0007e+00
10.250	21.500	1.0007e+00
10.250	21.750	1.0007e+00
10.250	22.000	1.0007e+00
10.250	22.250	1.0007e+00
10.250	22.500	1.0007e+00
10.250	22.750	1.0007e+00
10.250	23.000	1.0007e+00
10.250	23.250	1.0007e+00
10.250	23.500	1.0007e+00
10.250	23.750	1.0007e+00
10.250	24.000	1.0007e+00
10.500	17.000	9.7966e-01
10.500	17.250	9.8216e-01
10.500	17.500	9.8318e-01
10.500	17.750	9.8233e-01
10.500	18.000	9.7938e-01
10.500	18.250	9.7499e-01
10.500	18.500	9.7015e-01
10.500	18.750	9.6506e-01
10.500	19.000	9.6153e-01
10.500	19.250	9.6182e-01
10.500	19.500	9.6578e-01
10.500	19.750	9.7446e-01
10.500	20.000	9.8436e-01
10.500	20.250	9.9453e-01
10.500	20.500	9.9701e-01
10.500	20.750	9.9924e-01
10.500	21.000	1.0006e+00
10.500	21.250	1.0007e+00
10.500	21.500	1.0007e+00
10.500	21.750	1.0007e+00
10.500	22.000	1.0007e+00
10.500	22.250	1.0007e+00
10.500	22.500	1.0007e+00
10.500	22.750	1.0007e+00
10.500	23.000	1.0007e+00
10.500	23.250	1.0007e+00
10.500	23.500	1.0007e+00
10.500	23.750	1.0007e+00
10.500	24.000	1.0007e+00
10.750	17.000	9.7388e-01
10.750	17.250	9.7727e-01
10.750	17.500	9.7875e-01
10.750	17.750	9.7781e-01
10.750	18.000	9.7456e-01
10.750	18.250	9.7007e-01
10.750	18.500	9.6524e-01
10.750	18.750	9.6080e-01
10.750	19.000	9.5865e-01
10.750	19.250	9.5888e-01
10.750	19.500	9.6108e-01
10.750	19.750	9.6605e-01
10.750	20.000	9.7558e-01
10.750	20.250	9.8725e-01
10.750	20.500	9.9462e-01
10.750	20.750	9.9718e-01
10.750	21.000	9.9929e-01
10.750	21.250	1.0005e+00
10.750	21.500	1.0007e+00
10.750	21.750	1.0007e+00
10.750	22.000	1.0007e+00
10.750	22.250	1.0007e+00
10.750	22.500	1.0007e+00
10.750	22.750	1.0007e+00
10.750	23.000	1.0007e+00
10.750	23.250	1.0007e+00
10.750	23.500	1.0007e+00
10.750	23.750	1.0007e+00
10.750	24.000	1.0007e+00
11.000	17.000	9.6571e-01
11.000	17.250	9.7070e-01
11.000	17.500	9.7274e-01
11.000	17.750	9.7167e-01
11.000	18.000	9.6813e-01
11.000	18.250	9.6357e-01
11.000	18.500	9.5897e-01
11.000	18.750	9.5564e-01
11.000	19.000	9.5493e-01
11.000	19.250	9.5539e-01
11.000	19.500	9.5710e-01
11.000	19.750	9.5990e-01
11.000	20.000	9.6516e-01
11.000	20.250	9.7522e-01
11.000	20.500	9.8944e-01
11.000	20.750	9.9434e-01
11.000	21.000	9.9740e-01
11.000	21.250	9.9930e-01
11.000	21.500	1.0004e+00
11.000	21.750	1.0006e+00
11.000	22.000	1.0007e+00
11.000	22.250	1.0007e+00
11.000	22.500	1.0007e+00
11.000	22.750	1.0007e+00
11.000	23.000	1.0007e+00
11.000	23.250	1.0007e+00
11.000	23.500	1.0007e+00
11.000	23.750	1.0007e+00
11.000	24.000	1.0007e+00
11.250	17.000	9.5409e-01
11.250	17.250	9.6134e-01
11.250	17.500	9.6443e-01
11.250	17.750	9.6332e-01
11.250	18.000	9.5930e-01
11.250	18.250	9.5457e-01
11.250	18.500	9.5056e-01
11.250	18.750	9.4844e-01
11.250	19.000	9.4887e-01
11.250	19.250	9.5025e-01
11.250	19.500	9.5192e-01
11.250	19.750	9.5402e-01
11.250	20.000	9.5737e-01
11.250	20.250	9.6308e-01
11.250	20.500	9.7433e-01
11.250	20.750	9.8801e-01
11.250	21.000	9.9475e-01
11.250	21.250	9.9740e-01
11.250	21.500	9.9920e-01
11.250	21.750	1.0003e+00
11.250	22.000	1.0006e+00
11.250	22.250	1.0007e+00
11.250	22.500	1.0007e+00
11.250	22.750	1.0007e+00
11.250	23.000	1.0007e+00
11.250	23.250	1.0007e+00
11.250	23.500	1.0007e+00
11.250	23.750	1.0007e+00
11.250	24.000	1.0007e+00
11.500	17.000	9.3863e-01
11.500	17.250	9.4790e-01
11.500	17.500	9.5250e-01
11.500	17.750	9.5149e-01
11.500	18.000	9.4701e-01
11.500	18.250	9.4192e-01
11.500	18.500	9.3894e-01
11.500	18.750	9.3783e-01
11.500	19.000	9.3928e-01
11.500	19.250	9.4159e-01
11.500	19.500	9.4407e-01
11.500	19.750	9.4663e-01
11.500	20.000	9.4987e-01
11.500	20.250	9.5416e-01
11.500	20.500	9.6085e-01
11.500	20.750	9.7112e-01
11.500	21.000	9.8815e-01
11.500	21.250	9.9462e-01
11.500	21.500	9.9748e-01
11.500	21.750	9.9910e-01
11.500	22.000	1.0002e+00
11.500	22.250	1.0006e+00
11.500	22.500	1.0007e+00
11.500	22.750	1.0007e+00
11.500	23.000	1.0007e+00
11.500	23.250	1.0007e+00
11.500	23.500	1.0007e+00
11.500	23.750	1.0007e+00
11.500	24.000	1.0007e+00
11.750	17.000	9.1886e-01
11.750	17.250	9.2923e-01
11.750	17.500	9.3493e-01
11.750	17.750	9.3451e-01
11.750	18.000	9.2955e-01
11.750	18.250	9.2482e-01
11.750	18.500	9.2296e-01
11.750	18.750	9.2314e-01
11.750	19.000	9.2470e-01
11.750	19.250	9.2784e-01
11.750	19.500	9.3129e-01
11.750	19.750	9.3536e-01
11.750	20.000	9.4015e-01
11.750	20.250	9.4530e-01
11.750	20.500	9.5048e-01
11.750	20.750	9.5791e-01
11.750	21.000	9.6894e-01
11.750	21.250	9.8719e-01
11.750	21.500	9.9466e-01
11.750	21.750	9.9736e-01
11.750	22.000	9.9911e-01
11.750	22.250	1.0001e+00
11.750	22.500	1.0005e+00
11.750	22.750	1.0006e+00
11.750	23.000	1.0007e+00
11.750	23.250	1.0007e+00
11.750	23.500	1.0007e+00
11.750	23.750	1.0007e+00
11.750	24.000	1.0007e+00
12.000	17.000	8.8759e-01
12.000	17.250	9.0280e-01
12.000	17.500	9.1000e-01
12.000	17.750	9.0963e-01
12.000	18.000	9.0538e-01
12.000	18.250	9.0218e-01
12.000	18.500	9.0107e-01
12.000	18.750	9.0201e-01
12.000	19.000	9.0372e-01
12.000	19.250	9.0786e-01
12.000	19.500	9.1260e-01
12.000	19.750	9.1887e-01
12.000	20.000	9.2641e-01
12.000	20.250	9.3338e-01
12.000	20.500	9.4002e-01
12.000	20.750	9.4646e-01
12.000	21.000	9.5508e-01
12.000	21.250	9.6486e-01
12.000	21.500	9.8692e-01
12.000	21.750	9.9457e-01
12.000	22.000	9.9706e-01
12.000	22.250	9.9904e-01
12.000	22.500	1.0000e+00
12.000	22.750	1.0005e+00
12.000	23.000	1.0006e+00
12.000	23.250	1.0007e+00
12.000	23.500	1.0007e+00
12.000	23.750	1.0007e+00
12.000	24.000	1.0007e+00
12.250	17.000	8.4193e-01
12.250	17.250	8.6283e-01
12.250	17.500	8.7232e-01
12.250	17.750	8.7381e-01
12.250	18.000	8.7269e-01
12.250	18.250	8.7104e-01
12.250	18.500	8.7200e-01
12.250	18.750	8.7433e-01
12.250	19.000	8.7714e-01
12.250	19.250	8.8230e-01
12.250	19.500	8.8922e-01
12.250	19.750	8.9759e-01
12.250	20.000	9.0731e-01
12.250	20.250	9.1717e-01
12.250	20.500	9.2617e-01
12.250	20.750	9.3411e-01
12.250	21.000	9.4171e-01
12.250	21.250	9.5243e-01
12.250	21.500	9.6516e-01
12.250	21.750	9.8634e-01
12.250	22.000	9.9459e-01
12.250	22.250	9.9670e-01
12.250	22.500	9.9885e-01
12.250	22.750	9.9988e-01
12.250	23.000	1.0004e+00
12.250	23.250	1.0006e+00
12.250	23.500	1.0007e+00
12.250	23.750	1.0007e+00
12.250	24.000	1.0007e+00
12.500	17.000	8.2852e-01
12.500	17.250	8.0920e-01
12.500	17.500	8.2305e-01
12.500	17.750	8.2782e-01
12.500	18.000	8.2895e-01
12.500	18.250	8.3061e-01
12.500	18.500	8.3487e-01
12.500	18.750	8.3992e-01
12.500	19.000	8.4680e-01
12.500	19.250	8.5410e-01
12.500	19.500	8.6324e-01
12.500	19.750	8.7376e-01
12.500	20.000	8.8525e-01
12.500	20.250	8.9610e-01
12.500	20.500	9.0750e-01
12.500	20.750	9.1777e-01
12.500	21.000	9.2716e-01
12.500	21.250	9.3666e-01
12.500	21.500	9.4950e-01
12.500	21.750	9.6706e-01
12.500	22.000	9.8667e-01
12.500	22.250	9.9422e-01
12.500	22.500	9.9641e-01
12.500	22.750	9.9861e-01
12.500	23.000	9.9975e-01
12.500	23.250	1.0003e+00
12.500	23.500	1.0006e+00
12.500	23.750	1.0007e+00
12.500	24.000	1.0007e+00
12.750	17.000	8.6541e-01
12.750	17.250	7.7323e-01
12.750	17.500	7.6367e-01
12.750	17.750	7.7158e-01
12.750	18.000	7.7203e-01
12.750	18.250	7.7746e-01
12.750	18.500	7.8681e-01
12.750	18.750	7.9748e-01
12.750	19.000	8.0971e-01
12.750	19.250	8.2209e-01
12.750	19.500	8.3536e-01
12.750	19.750	8.4797e-01
12.750	20.000	8.6089e-01
12.750	20.250	8.7318e-01
12.750	20.500	8.8551e-01
12.750	20.750	8.9763e-01
12.750	21.000	9.0761e-01
12.750	21.250	9.1828e-01
12.750	21.500	9.3039e-01
12.750	21.750	9.4787e-01
12.750	22.000	9.7015e-01
12.750	22.250	9.8705e-01
12.750	22.500	9.9375e-01
12.750	22.750	9.9617e-01
12.750	23.000	9.9850e-01
12.750	23.250	9.9966e-01
12.750	23.500	1.0002e+00
12.750	23.750	1.0005e+00
12.750	24.000	1.0006e+00
13.000	17.000	9.6144e-01
13.000	17.250	9.3259e-01
13.000	17.500	7.6459e-01
13.000	17.750	6.8811e-01
13.000	18.000	7.0099e-01
13.000	18.250	7.1380e-01
13.000	18.500	7.2910e-01
13.000	18.750	7.4656e-01
13.000	19.000	7.6564e-01
13.000	19.250	7.8461e-01
13.000	19.500	8.0235e-01
13.000	19.750	8.1937e-01
13.000	20.000	8.3451e-01
13.000	20.250	8.4829e-01
13.000	20.500	8.6058e-01
13.000	20.750	8.7263e-01
13.000	21.000	8.8342e-01
13.000	21.250	8.9453e-01
13.000	21.500	9.0749e-01
13.000	21.750	9.2221e-01
13.000	22.000	9.4701e-01
13.000	22.250	9.7200e-01
13.000	22.500	9.8787e-01
13.000	22.750	9.9316e-01
13.000	23.000	9.9625e-01
13.000	23.250	9.9857e-01
13.000	23.500	9.9958e-01
13.000	23.750	1.0002e+00
13.000	24.000	1.0004e+00
13.250	17.000	9.6827e-01
13.250	17.250	9.5368e-01
13.250	17.500	8.9814e-01
13.250	17.750	7.7232e-01
13.250	18.000	6.9159e-01
13.250	18.250	6.4150e-01
13.250	18.500	6.6146e-01
13.250	18.750	6.8515e-01
13.250	19.000	7.1351e-01
13.250	19.250	7.3867e-01
13.250	19.500	7.6314e-01
13.250	19.750	7.8507e-01
13.250	20.000	8.0468e-01
13.250	20.250	8.2086e-01
13.250	20.500	8.3477e-01
13.250	20.750	8.4660e-01
13.250	21.000	8.5743e-01
13.250	21.250	8.6699e-01
13.250	21.500	8.7785e-01
13.250	21.750	8.9014e-01
13.250	22.000	9.1029e-01
13.250	22.250	9.4705e-01
13.250	22.500	9.7422e-01
13.250	22.750	9.8801e-01
13.250	23.000	9.9321e-01
13.250	23.250	9.9633e-01
13.250	23.500	9.9843e-01
13.250	23.750	9.9949e-01
13.250	24.000	1.0001e+00
13.500	17.000	9.7459e-01
13.500	17.250	9.6100e-01
13.500	17.500	9.2322e-01
13.500	17.750	8.2364e-01
13.500	18.000	6.7438e-01
13.500	18.250	6.1431e-01
13.500	18.500	5.8488e-01
13.500	18.750	6.1466e-01
13.500	19.000	6.4662e-01
13.500	19.250	6.8294e-01
13.500	19.500	7.1534e-01
13.500	19.750	7.4411e-01
13.500	20.000	7.6824e-01
13.500	20.250	7.8888e-01
13.500	20.500	8.0501e-01
13.500	20.750	8.1920e-01
13.500	21.000	8.2969e-01
13.500	21.250	8.3735e-01
13.500	21.500	8.4603e-01
13.500	21.750	8.5221e-01
13.500	22.000	8.6420e-01
13.500	22.250	8.9367e-01
13.500	22.500	9.4809e-01
13.500	22.750	9.7558e-01
13.500	23.000	9.8835e-01
13.500	23.250	9.9297e-01
13.500	23.500	9.9620e-01
13.500	23.750	9.9828e-01
13.500	24.000	9.9937e-01
13.750	17.000	9.7978e-01
13.750	17.250	9.6758e-01
13.750	17.500	9.4148e-01
13.750	17.750	8.6921e-01
13.750	18.000	7.2350e-01
13.750	18.250	5.7123e-01
13.750	18.500	5.5078e-01
13.750	18.750	5.3198e-01
13.750	19.000	5.7120e-01
13.750	19.250	6.1183e-01
13.750	19.500	6.5461e-01
13.750	19.750	6.9275e-01
13.750	20.000	7.2453e-01
13.750	20.250	7.5057e-01
13.750	20.500	7.7151e-01
13.750	20.750	7.8766e-01
13.750	21.000	8.0003e-01
13.750	21.250	8.0714e-01
13.750	21.500	8.1356e-01
13.750	21.750	8.1381e-01
13.750	22.000	8.1322e-01
13.750	22.250	8.2542e-01
13.750	22.500	8.7437e-01
13.750	22.750	9.5161e-01
13.750	23.000	9.7665e-01
13.750	23.250	9.8829e-01
13.750	23.500	9.9288e-01
13.750	23.750	9.9614e-01
13.750	24.000	9.9801e-01
14.000	17.000	9.8447e-01
14.000	17.250	9.7471e-01
14.000	17.500	9.5377e-01
14.000	17.750	8.8744e-01
14.000	18.000	7.8424e-01
14.000	18.250	6.1968e-01
14.000	18.500	4.9188e-01
14.000	18.750	4.6210e-01
14.000	19.000	4.8590e-01
14.000	19.250	5.3213e-01
14.000	19.500	5.7940e-01
14.000	19.750	6.2875e-01
14.000	20.000	6.6973e-01
14.000	20.250	7.0407e-01
14.000	20.500	7.3093e-01
14.000	20.750	7.5106e-01
14.000	21.000	7.6621e-01
14.000	21.250	7.7451e-01
14.000	21.500	7.8120e-01
14.000	21.750	7.7722e-01
14.000	22.000	7.6687e-01
14.000	22.250	7.5910e-01
14.000	22.500	7.7965e-01
14.000	22.750	8.5893e-01
14.000	23.000	9.5530e-01
14.000	23.250	9.7763e-01
14.000	23.500	9.8769e-01
14.000	23.750	9.9190e-01
14.000	24.000	9.9562e-01
