InwT 3587.67A  relative to Inci 1215.00A scaled to 1215A.
Hden   Phi(H)  Eq_Width (A)
7.000  17.000  2.0706e-01
7.000  17.250  1.7059e-01
7.000  17.500  1.0711e-01
7.000  17.750  7.5223e-02
7.000  18.000  6.4520e-02
7.000  18.250  5.9923e-02
7.000  18.500  5.7798e-02
7.000  18.750  5.7002e-02
7.000  19.000  5.6614e-02
7.000  19.250  5.6396e-02
7.000  19.500  5.6309e-02
7.000  19.750  5.6274e-02
7.000  20.000  5.6259e-02
7.000  20.250  5.6252e-02
7.000  20.500  5.6249e-02
7.000  20.750  5.6247e-02
7.000  21.000  5.6246e-02
7.000  21.250  5.6246e-02
7.000  21.500  5.6246e-02
7.000  21.750  5.6246e-02
7.000  22.000  5.6246e-02
7.000  22.250  5.6246e-02
7.000  22.500  5.6246e-02
7.000  22.750  5.6253e-02
7.000  23.000  5.6247e-02
7.000  23.250  5.6248e-02
7.000  23.500  5.6248e-02
7.000  23.750  5.6248e-02
7.000  24.000  5.6249e-02
7.250  17.000  2.4558e-01
7.250  17.250  2.0956e-01
7.250  17.500  1.6928e-01
7.250  17.750  1.0670e-01
7.250  18.000  7.5164e-02
7.250  18.250  6.4496e-02
7.250  18.500  5.9920e-02
7.250  18.750  5.7798e-02
7.250  19.000  5.7002e-02
7.250  19.250  5.6614e-02
7.250  19.500  5.6396e-02
7.250  19.750  5.6309e-02
7.250  20.000  5.6274e-02
7.250  20.250  5.6259e-02
7.250  20.500  5.6252e-02
7.250  20.750  5.6249e-02
7.250  21.000  5.6247e-02
7.250  21.250  5.6246e-02
7.250  21.500  5.6245e-02
7.250  21.750  5.6245e-02
7.250  22.000  5.6245e-02
7.250  22.250  5.6245e-02
7.250  22.500  5.6245e-02
7.250  22.750  5.6245e-02
7.250  23.000  5.6246e-02
7.250  23.250  5.6246e-02
7.250  23.500  5.6246e-02
7.250  23.750  5.6246e-02
7.250  24.000  5.6246e-02
7.500  17.000  2.6335e-01
7.500  17.250  2.5303e-01
7.500  17.500  2.1176e-01
7.500  17.750  1.6810e-01
7.500  18.000  1.0633e-01
7.500  18.250  7.5110e-02
7.500  18.500  6.4470e-02
7.500  18.750  5.9917e-02
7.500  19.000  5.7797e-02
7.500  19.250  5.7002e-02
7.500  19.500  5.6614e-02
7.500  19.750  5.6396e-02
7.500  20.000  5.6309e-02
7.500  20.250  5.6274e-02
7.500  20.500  5.6259e-02
7.500  20.750  5.6252e-02
7.500  21.000  5.6249e-02
7.500  21.250  5.6247e-02
7.500  21.500  5.6246e-02
7.500  21.750  5.6245e-02
7.500  22.000  5.6245e-02
7.500  22.250  5.6245e-02
7.500  22.500  5.6245e-02
7.500  22.750  5.6245e-02
7.500  23.000  5.6245e-02
7.500  23.250  5.6245e-02
7.500  23.500  5.6245e-02
7.500  23.750  5.6245e-02
7.500  24.000  5.6245e-02
7.750  17.000  2.6159e-01
7.750  17.250  2.7167e-01
7.750  17.500  2.6127e-01
7.750  17.750  2.1432e-01
7.750  18.000  1.6702e-01
7.750  18.250  1.0601e-01
7.750  18.500  7.5056e-02
7.750  18.750  6.4441e-02
7.750  19.000  5.9914e-02
7.750  19.250  5.7796e-02
7.750  19.500  5.7001e-02
7.750  19.750  5.6614e-02
7.750  20.000  5.6396e-02
7.750  20.250  5.6309e-02
7.750  20.500  5.6274e-02
7.750  20.750  5.6259e-02
7.750  21.000  5.6252e-02
7.750  21.250  5.6249e-02
7.750  21.500  5.6247e-02
7.750  21.750  5.6246e-02
7.750  22.000  5.6245e-02
7.750  22.250  5.6245e-02
7.750  22.500  5.6245e-02
7.750  22.750  5.6245e-02
7.750  23.000  5.6245e-02
7.750  23.250  5.6245e-02
7.750  23.500  5.6245e-02
7.750  23.750  5.6245e-02
7.750  24.000  5.6245e-02
8.000  17.000  2.5924e-01
8.000  17.250  2.6675e-01
8.000  17.500  2.7944e-01
8.000  17.750  2.6923e-01
8.000  18.000  2.1678e-01
8.000  18.250  1.6587e-01
8.000  18.500  1.0574e-01
8.000  18.750  7.5000e-02
8.000  19.000  6.4407e-02
8.000  19.250  5.9910e-02
8.000  19.500  5.7796e-02
8.000  19.750  5.7001e-02
8.000  20.000  5.6614e-02
8.000  20.250  5.6396e-02
8.000  20.500  5.6309e-02
8.000  20.750  5.6274e-02
8.000  21.000  5.6259e-02
8.000  21.250  5.6252e-02
8.000  21.500  5.6249e-02
8.000  21.750  5.6247e-02
8.000  22.000  5.6246e-02
8.000  22.250  5.6245e-02
8.000  22.500  5.6245e-02
8.000  22.750  5.6245e-02
8.000  23.000  5.6245e-02
8.000  23.250  5.6245e-02
8.000  23.500  5.6245e-02
8.000  23.750  5.6245e-02
8.000  24.000  5.6245e-02
8.250  17.000  2.6482e-01
8.250  17.250  2.6597e-01
8.250  17.500  2.7691e-01
8.250  17.750  2.9424e-01
8.250  18.000  2.8381e-01
8.250  18.250  2.2198e-01
8.250  18.500  1.6475e-01
8.250  18.750  1.0546e-01
8.250  19.000  7.4935e-02
8.250  19.250  6.4368e-02
8.250  19.500  5.9906e-02
8.250  19.750  5.7795e-02
8.250  20.000  5.7001e-02
8.250  20.250  5.6614e-02
8.250  20.500  5.6396e-02
8.250  20.750  5.6309e-02
8.250  21.000  5.6274e-02
8.250  21.250  5.6259e-02
8.250  21.500  5.6252e-02
8.250  21.750  5.6249e-02
8.250  22.000  5.6247e-02
8.250  22.250  5.6246e-02
8.250  22.500  5.6245e-02
8.250  22.750  5.6245e-02
8.250  23.000  5.6245e-02
8.250  23.250  5.6245e-02
8.250  23.500  5.6245e-02
8.250  23.750  5.6245e-02
8.250  24.000  5.6245e-02
8.500  17.000  2.7357e-01
8.500  17.250  2.7160e-01
8.500  17.500  2.7659e-01
8.500  17.750  2.9516e-01
8.500  18.000  3.1931e-01
8.500  18.250  3.0567e-01
8.500  18.500  2.2862e-01
8.500  18.750  1.6355e-01
8.500  19.000  1.0518e-01
8.500  19.250  7.4864e-02
8.500  19.500  6.4321e-02
8.500  19.750  5.9900e-02
8.500  20.000  5.7795e-02
8.500  20.250  5.7001e-02
8.500  20.500  5.6614e-02
8.500  20.750  5.6396e-02
8.500  21.000  5.6309e-02
8.500  21.250  5.6274e-02
8.500  21.500  5.6259e-02
8.500  21.750  5.6252e-02
8.500  22.000  5.6249e-02
8.500  22.250  5.6247e-02
8.500  22.500  5.6246e-02
8.500  22.750  5.6245e-02
8.500  23.000  5.6245e-02
8.500  23.250  5.6245e-02
8.500  23.500  5.6245e-02
8.500  23.750  5.6245e-02
8.500  24.000  5.6245e-02
8.750  17.000  2.8220e-01
8.750  17.250  2.8056e-01
8.750  17.500  2.8317e-01
8.750  17.750  2.9604e-01
8.750  18.000  3.2915e-01
8.750  18.250  3.6430e-01
8.750  18.500  3.2724e-01
8.750  18.750  2.3475e-01
8.750  19.000  1.6232e-01
8.750  19.250  1.0486e-01
8.750  19.500  7.4785e-02
8.750  19.750  6.4269e-02
8.750  20.000  5.9894e-02
8.750  20.250  5.7794e-02
8.750  20.500  5.7001e-02
8.750  20.750  5.6614e-02
8.750  21.000  5.6396e-02
8.750  21.250  5.6309e-02
8.750  21.500  5.6274e-02
8.750  21.750  5.6259e-02
8.750  22.000  5.6252e-02
8.750  22.250  5.6249e-02
8.750  22.500  5.6247e-02
8.750  22.750  5.6246e-02
8.750  23.000  5.6246e-02
8.750  23.250  5.6245e-02
8.750  23.500  5.6245e-02
8.750  23.750  5.6245e-02
8.750  24.000  5.6245e-02
9.000  17.000  2.8899e-01
9.000  17.250  2.8930e-01
9.000  17.500  2.9323e-01
9.000  17.750  3.0555e-01
9.000  18.000  3.3798e-01
9.000  18.250  3.9265e-01
9.000  18.500  4.2492e-01
9.000  18.750  3.5670e-01
9.000  19.000  2.4529e-01
9.000  19.250  1.6127e-01
9.000  19.500  1.0447e-01
9.000  19.750  7.4701e-02
9.000  20.000  6.4214e-02
9.000  20.250  5.9887e-02
9.000  20.500  5.7794e-02
9.000  20.750  5.7001e-02
9.000  21.000  5.6614e-02
9.000  21.250  5.6396e-02
9.000  21.500  5.6309e-02
9.000  21.750  5.6274e-02
9.000  22.000  5.6259e-02
9.000  22.250  5.6252e-02
9.000  22.500  5.6249e-02
9.000  22.750  5.6247e-02
9.000  23.000  5.6246e-02
9.000  23.250  5.6245e-02
9.000  23.500  5.6245e-02
9.000  23.750  5.6245e-02
9.000  24.000  5.6245e-02
9.250  17.000  2.9330e-01
9.250  17.250  2.9642e-01
9.250  17.500  3.0391e-01
9.250  17.750  3.2058e-01
9.250  18.000  3.5678e-01
9.250  18.250  4.1896e-01
9.250  18.500  4.7979e-01
9.250  18.750  4.8108e-01
9.250  19.000  3.7519e-01
9.250  19.250  2.5452e-01
9.250  19.500  1.6088e-01
9.250  19.750  1.0401e-01
9.250  20.000  7.4612e-02
9.250  20.250  6.4158e-02
9.250  20.500  5.9880e-02
9.250  20.750  5.7793e-02
9.250  21.000  5.7001e-02
9.250  21.250  5.6614e-02
9.250  21.500  5.6390e-02
9.250  21.750  5.6282e-02
9.250  22.000  5.6245e-02
9.250  22.250  5.6232e-02
9.250  22.500  5.6252e-02
9.250  22.750  5.6248e-02
9.250  23.000  5.6247e-02
9.250  23.250  5.6246e-02
9.250  23.500  5.6245e-02
9.250  23.750  5.6245e-02
9.250  24.000  5.6245e-02
9.500  17.000  2.9589e-01
9.500  17.250  3.0207e-01
9.500  17.500  3.1416e-01
9.500  17.750  3.3849e-01
9.500  18.000  3.8675e-01
9.500  18.250  4.6027e-01
9.500  18.500  5.2470e-01
9.500  18.750  5.5904e-01
9.500  19.000  5.3007e-01
9.500  19.250  3.8918e-01
9.500  19.500  2.5408e-01
9.500  19.750  1.5975e-01
9.500  20.000  1.0343e-01
9.500  20.250  7.4514e-02
9.500  20.500  6.4102e-02
9.500  20.750  5.9871e-02
9.500  21.000  5.7784e-02
9.500  21.250  5.6977e-02
9.500  21.500  5.6585e-02
9.500  21.750  5.6362e-02
9.500  22.000  5.6264e-02
9.500  22.250  5.6221e-02
9.500  22.500  5.6208e-02
9.500  22.750  5.6201e-02
9.500  23.000  5.6197e-02
9.500  23.250  5.6195e-02
9.500  23.500  5.6211e-02
9.500  23.750  5.6210e-02
9.500  24.000  5.6210e-02
9.750  17.000  2.9624e-01
9.750  17.250  3.0630e-01
9.750  17.500  3.2358e-01
9.750  17.750  3.5818e-01
9.750  18.000  4.2591e-01
9.750  18.250  5.1413e-01
9.750  18.500  5.8189e-01
9.750  18.750  6.1864e-01
9.750  19.000  6.1901e-01
9.750  19.250  5.5397e-01
9.750  19.500  4.1085e-01
9.750  19.750  2.5120e-01
9.750  20.000  1.5778e-01
9.750  20.250  1.0291e-01
9.750  20.500  7.4403e-02
9.750  20.750  6.4047e-02
9.750  21.000  5.9862e-02
9.750  21.250  5.7788e-02
9.750  21.500  5.6991e-02
9.750  21.750  5.6587e-02
9.750  22.000  5.6365e-02
9.750  22.250  5.6271e-02
9.750  22.500  5.6226e-02
9.750  22.750  5.6205e-02
9.750  23.000  5.6200e-02
9.750  23.250  5.6197e-02
9.750  23.500  5.6196e-02
9.750  23.750  5.6195e-02
9.750  24.000  5.6194e-02
10.000  17.000  2.9382e-01
10.000  17.250  3.0966e-01
10.000  17.500  3.3408e-01
10.000  17.750  3.8237e-01
10.000  18.000  4.7198e-01
10.000  18.250  5.7674e-01
10.000  18.500  6.4526e-01
10.000  18.750  6.7956e-01
10.000  19.000  6.8480e-01
10.000  19.250  6.6700e-01
10.000  19.500  5.8576e-01
10.000  19.750  4.2944e-01
10.000  20.000  2.4633e-01
10.000  20.250  1.5441e-01
10.000  20.500  1.0207e-01
10.000  20.750  7.4269e-02
10.000  21.000  6.3988e-02
10.000  21.250  5.9851e-02
10.000  21.500  5.7788e-02
10.000  21.750  5.6997e-02
10.000  22.000  5.6597e-02
10.000  22.250  5.6367e-02
10.000  22.500  5.6275e-02
10.000  22.750  5.6233e-02
10.000  23.000  5.6211e-02
10.000  23.250  5.6200e-02
10.000  23.500  5.6195e-02
10.000  23.750  5.6193e-02
10.000  24.000  5.6193e-02
10.250  17.000  2.9107e-01
10.250  17.250  3.1269e-01
10.250  17.500  3.4816e-01
10.250  17.750  4.1507e-01
10.250  18.000  5.2555e-01
10.250  18.250  6.4285e-01
10.250  18.500  7.1888e-01
10.250  18.750  7.5276e-01
10.250  19.000  7.5639e-01
10.250  19.250  7.5520e-01
10.250  19.500  7.2476e-01
10.250  19.750  6.3324e-01
10.250  20.000  4.0990e-01
10.250  20.250  2.4106e-01
10.250  20.500  1.5032e-01
10.250  20.750  1.0111e-01
10.250  21.000  7.4103e-02
10.250  21.250  6.3921e-02
10.250  21.500  5.9836e-02
10.250  21.750  5.7787e-02
10.250  22.000  5.6998e-02
10.250  22.250  5.6608e-02
10.250  22.500  5.6367e-02
10.250  22.750  5.6278e-02
10.250  23.000  5.6238e-02
10.250  23.250  5.6218e-02
10.250  23.500  5.6208e-02
10.250  23.750  5.6202e-02
10.250  24.000  5.6199e-02
10.500  17.000  2.8876e-01
10.500  17.250  3.1883e-01
10.500  17.500  3.6932e-01
10.500  17.750  4.6049e-01
10.500  18.000  5.9101e-01
10.500  18.250  7.2200e-01
10.500  18.500  8.0305e-01
10.500  18.750  8.4730e-01
10.500  19.000  8.6490e-01
10.500  19.250  8.6615e-01
10.500  19.500  8.4593e-01
10.500  19.750  7.9027e-01
10.500  20.000  6.7018e-01
10.500  20.250  3.9897e-01
10.500  20.500  2.3335e-01
10.500  20.750  1.4516e-01
10.500  21.000  9.9677e-02
10.500  21.250  7.3888e-02
10.500  21.500  6.3843e-02
10.500  21.750  5.9816e-02
10.500  22.000  5.7783e-02
10.500  22.250  5.6998e-02
10.500  22.500  5.6612e-02
10.500  22.750  5.6372e-02
10.500  23.000  5.6280e-02
10.500  23.250  5.6242e-02
10.500  23.500  5.6224e-02
10.500  23.750  5.6214e-02
10.500  24.000  5.6209e-02
10.750  17.000  2.8655e-01
10.750  17.250  3.2772e-01
10.750  17.500  4.0083e-01
10.750  17.750  5.1911e-01
10.750  18.000  6.6981e-01
10.750  18.250  8.0872e-01
10.750  18.500  9.0350e-01
10.750  18.750  9.6315e-01
10.750  19.000  9.9159e-01
10.750  19.250  9.9061e-01
10.750  19.500  9.7064e-01
10.750  19.750  9.3072e-01
10.750  20.000  8.5128e-01
10.750  20.250  7.0227e-01
10.750  20.500  3.9222e-01
10.750  20.750  2.2632e-01
10.750  21.000  1.4112e-01
10.750  21.250  9.8310e-02
10.750  21.500  7.3637e-02
10.750  21.750  6.3753e-02
10.750  22.000  5.9785e-02
10.750  22.250  5.7778e-02
10.750  22.500  5.6996e-02
10.750  22.750  5.6612e-02
10.750  23.000  5.6386e-02
10.750  23.250  5.6280e-02
10.750  23.500  5.6244e-02
10.750  23.750  5.6227e-02
10.750  24.000  5.6219e-02
11.000  17.000  2.8429e-01
11.000  17.250  3.3807e-01
11.000  17.500  4.3785e-01
11.000  17.750  5.8639e-01
11.000  18.000  7.5405e-01
11.000  18.250  9.0368e-01
11.000  18.500  1.0188e+00
11.000  18.750  1.0937e+00
11.000  19.000  1.1315e+00
11.000  19.250  1.1325e+00
11.000  19.500  1.1060e+00
11.000  19.750  1.0661e+00
11.000  20.000  1.0057e+00
11.000  20.250  9.0312e-01
11.000  20.500  7.2887e-01
11.000  20.750  3.8279e-01
11.000  21.000  2.1498e-01
11.000  21.250  1.3683e-01
11.000  21.500  9.6450e-02
11.000  21.750  7.3258e-02
11.000  22.000  6.3654e-02
11.000  22.250  5.9751e-02
11.000  22.500  5.7771e-02
11.000  22.750  5.6993e-02
11.000  23.000  5.6611e-02
11.000  23.250  5.6392e-02
11.000  23.500  5.6285e-02
11.000  23.750  5.6245e-02
11.000  24.000  5.6229e-02
11.250  17.000  2.8202e-01
11.250  17.250  3.4730e-01
11.250  17.500  4.7263e-01
11.250  17.750  6.5061e-01
11.250  18.000  8.3775e-01
11.250  18.250  9.9998e-01
11.250  18.500  1.1264e+00
11.250  18.750  1.2190e+00
11.250  19.000  1.2674e+00
11.250  19.250  1.2756e+00
11.250  19.500  1.2538e+00
11.250  19.750  1.2082e+00
11.250  20.000  1.1481e+00
11.250  20.250  1.0667e+00
11.250  20.500  9.4258e-01
11.250  20.750  7.3475e-01
11.250  21.000  3.6940e-01
11.250  21.250  2.0698e-01
11.250  21.500  1.3312e-01
11.250  21.750  9.4776e-02
11.250  22.000  7.2830e-02
11.250  22.250  6.3560e-02
11.250  22.500  5.9714e-02
11.250  22.750  5.7761e-02
11.250  23.000  5.6989e-02
11.250  23.250  5.6610e-02
11.250  23.500  5.6394e-02
11.250  23.750  5.6299e-02
11.250  24.000  5.6247e-02
11.500  17.000  2.8040e-01
11.500  17.250  3.5571e-01
11.500  17.500  4.9975e-01
11.500  17.750  7.0160e-01
11.500  18.000  9.0943e-01
11.500  18.250  1.0880e+00
11.500  18.500  1.2284e+00
11.500  18.750  1.3366e+00
11.500  19.000  1.3982e+00
11.500  19.250  1.4197e+00
11.500  19.500  1.4052e+00
11.500  19.750  1.3624e+00
11.500  20.000  1.2953e+00
11.500  20.250  1.2136e+00
11.500  20.500  1.1108e+00
11.500  20.750  9.6665e-01
11.500  21.000  7.1917e-01
11.500  21.250  3.6184e-01
11.500  21.500  2.0040e-01
11.500  21.750  1.3065e-01
11.500  22.000  9.2292e-02
11.500  22.250  7.2364e-02
11.500  22.500  6.3456e-02
11.500  22.750  5.9684e-02
11.500  23.000  5.7748e-02
11.500  23.250  5.6984e-02
11.500  23.500  5.6608e-02
11.500  23.750  5.6394e-02
11.500  24.000  5.6305e-02
11.750  17.000  2.7965e-01
11.750  17.250  3.6216e-01
11.750  17.500  5.1691e-01
11.750  17.750  7.3338e-01
11.750  18.000  9.5927e-01
11.750  18.250  1.1558e+00
11.750  18.500  1.3141e+00
11.750  18.750  1.4338e+00
11.750  19.000  1.5159e+00
11.750  19.250  1.5529e+00
11.750  19.500  1.5508e+00
11.750  19.750  1.5129e+00
11.750  20.000  1.4452e+00
11.750  20.250  1.3587e+00
11.750  20.500  1.2582e+00
11.750  20.750  1.1349e+00
11.750  21.000  9.7224e-01
11.750  21.250  6.7473e-01
11.750  21.500  3.5658e-01
11.750  21.750  1.9455e-01
11.750  22.000  1.2927e-01
11.750  22.250  9.0108e-02
11.750  22.500  7.1773e-02
11.750  22.750  6.3342e-02
11.750  23.000  5.9648e-02
11.750  23.250  5.7733e-02
11.750  23.500  5.6977e-02
11.750  23.750  5.6606e-02
11.750  24.000  5.6394e-02
12.000  17.000  2.7937e-01
12.000  17.250  3.6553e-01
12.000  17.500  5.2166e-01
12.000  17.750  7.4110e-01
12.000  18.000  9.7775e-01
12.000  18.250  1.1940e+00
12.000  18.500  1.3775e+00
12.000  18.750  1.5197e+00
12.000  19.000  1.6180e+00
12.000  19.250  1.6714e+00
12.000  19.500  1.6808e+00
12.000  19.750  1.6508e+00
12.000  20.000  1.5893e+00
12.000  20.250  1.5023e+00
12.000  20.500  1.3982e+00
12.000  20.750  1.2812e+00
12.000  21.000  1.1407e+00
12.000  21.250  9.6059e-01
12.000  21.500  6.5934e-01
12.000  21.750  3.4636e-01
12.000  22.000  1.9037e-01
12.000  22.250  1.2774e-01
12.000  22.500  8.8301e-02
12.000  22.750  7.1197e-02
12.000  23.000  6.3210e-02
12.000  23.250  5.9616e-02
12.000  23.500  5.7719e-02
12.000  23.750  5.6970e-02
12.000  24.000  5.6603e-02
12.250  17.000  2.7654e-01
12.250  17.250  3.6526e-01
12.250  17.500  5.1418e-01
12.250  17.750  7.2549e-01
12.250  18.000  9.6672e-01
12.250  18.250  1.2032e+00
12.250  18.500  1.4130e+00
12.250  18.750  1.5799e+00
12.250  19.000  1.6957e+00
12.250  19.250  1.7620e+00
12.250  19.500  1.7848e+00
12.250  19.750  1.7658e+00
12.250  20.000  1.7149e+00
12.250  20.250  1.6337e+00
12.250  20.500  1.5335e+00
12.250  20.750  1.4164e+00
12.250  21.000  1.2858e+00
12.250  21.250  1.1302e+00
12.250  21.500  9.2858e-01
12.250  21.750  6.2129e-01
12.250  22.000  3.3446e-01
12.250  22.250  1.8818e-01
12.250  22.500  1.2456e-01
12.250  22.750  8.6722e-02
12.250  23.000  7.0655e-02
12.250  23.250  6.3062e-02
12.250  23.500  5.9580e-02
12.250  23.750  5.7701e-02
12.250  24.000  5.6962e-02
12.500  17.000  2.5885e-01
12.500  17.250  3.5559e-01
12.500  17.500  4.9689e-01
12.500  17.750  6.9465e-01
12.500  18.000  9.3383e-01
12.500  18.250  1.1824e+00
12.500  18.500  1.4126e+00
12.500  18.750  1.6049e+00
12.500  19.000  1.7421e+00
12.500  19.250  1.8222e+00
12.500  19.500  1.8557e+00
12.500  19.750  1.8489e+00
12.500  20.000  1.8100e+00
12.500  20.250  1.7421e+00
12.500  20.500  1.6491e+00
12.500  20.750  1.5395e+00
12.500  21.000  1.4158e+00
12.500  21.250  1.2730e+00
12.500  21.500  1.0923e+00
12.500  21.750  8.9356e-01
12.500  22.000  5.8448e-01
12.500  22.250  3.2052e-01
12.500  22.500  1.8700e-01
12.500  22.750  1.2052e-01
12.500  23.000  8.5258e-02
12.500  23.250  6.9960e-02
12.500  23.500  6.2897e-02
12.500  23.750  5.9531e-02
12.500  24.000  5.7683e-02
12.750  17.000  2.3492e-01
12.750  17.250  3.2422e-01
12.750  17.500  4.6669e-01
12.750  17.750  6.5653e-01
12.750  18.000  8.8714e-01
12.750  18.250  1.1364e+00
12.750  18.500  1.3771e+00
12.750  18.750  1.5887e+00
12.750  19.000  1.7486e+00
12.750  19.250  1.8503e+00
12.750  19.500  1.8925e+00
12.750  19.750  1.8964e+00
12.750  20.000  1.8699e+00
12.750  20.250  1.8154e+00
12.750  20.500  1.7382e+00
12.750  20.750  1.6411e+00
12.750  21.000  1.5267e+00
12.750  21.250  1.3998e+00
12.750  21.500  1.2305e+00
12.750  21.750  1.0574e+00
12.750  22.000  8.5153e-01
12.750  22.250  5.4936e-01
12.750  22.500  3.0343e-01
12.750  22.750  1.8386e-01
12.750  23.000  1.1646e-01
12.750  23.250  8.3742e-02
12.750  23.500  6.9394e-02
12.750  23.750  6.2719e-02
12.750  24.000  5.9462e-02
13.000  17.000  1.9975e-01
13.000  17.250  2.7828e-01
13.000  17.500  4.1467e-01
13.000  17.750  6.0285e-01
13.000  18.000  8.2631e-01
13.000  18.250  1.0738e+00
13.000  18.500  1.3179e+00
13.000  18.750  1.5371e+00
13.000  19.000  1.7142e+00
13.000  19.250  1.8373e+00
13.000  19.500  1.8980e+00
13.000  19.750  1.9132e+00
13.000  20.000  1.8962e+00
13.000  20.250  1.8570e+00
13.000  20.500  1.7938e+00
13.000  20.750  1.7126e+00
13.000  21.000  1.6140e+00
13.000  21.250  1.5023e+00
13.000  21.500  1.3488e+00
13.000  21.750  1.1929e+00
13.000  22.000  1.0146e+00
13.000  22.250  8.0235e-01
13.000  22.500  5.1056e-01
13.000  22.750  2.9123e-01
13.000  23.000  1.7787e-01
13.000  23.250  1.1256e-01
13.000  23.500  8.2405e-02
13.000  23.750  6.8828e-02
13.000  24.000  6.2494e-02
13.250  17.000  1.8387e-01
13.250  17.250  2.4988e-01
13.250  17.500  3.6212e-01
13.250  17.750  5.3375e-01
13.250  18.000  7.5383e-01
13.250  18.250  9.9383e-01
13.250  18.500  1.2415e+00
13.250  18.750  1.4656e+00
13.250  19.000  1.6527e+00
13.250  19.250  1.7906e+00
13.250  19.500  1.8696e+00
13.250  19.750  1.9074e+00
13.250  20.000  1.8994e+00
13.250  20.250  1.8691e+00
13.250  20.500  1.8199e+00
13.250  20.750  1.7511e+00
13.250  21.000  1.6719e+00
13.250  21.250  1.5722e+00
13.250  21.500  1.4350e+00
13.250  21.750  1.2897e+00
13.250  22.000  1.1322e+00
13.250  22.250  9.5057e-01
13.250  22.500  7.3747e-01
13.250  22.750  4.6342e-01
13.250  23.000  2.7628e-01
13.250  23.250  1.6960e-01
13.250  23.500  1.0915e-01
13.250  23.750  8.1032e-02
13.250  24.000  6.8243e-02
13.500  17.000  1.6834e-01
13.500  17.250  2.2495e-01
13.500  17.500  3.2367e-01
13.500  17.750  4.7324e-01
13.500  18.000  6.7554e-01
13.500  18.250  9.1156e-01
13.500  18.500  1.1478e+00
13.500  18.750  1.3801e+00
13.500  19.000  1.5739e+00
13.500  19.250  1.7229e+00
13.500  19.500  1.8225e+00
13.500  19.750  1.8739e+00
13.500  20.000  1.8876e+00
13.500  20.250  1.8708e+00
13.500  20.500  1.8275e+00
13.500  20.750  1.7663e+00
13.500  21.000  1.6911e+00
13.500  21.250  1.6039e+00
13.500  21.500  1.4800e+00
13.500  21.750  1.3504e+00
13.500  22.000  1.1951e+00
13.500  22.250  1.0401e+00
13.500  22.500  8.8094e-01
13.500  22.750  6.6043e-01
13.500  23.000  4.1762e-01
13.500  23.250  2.5095e-01
13.500  23.500  1.5891e-01
13.500  23.750  1.0515e-01
13.500  24.000  7.9482e-02
13.750  17.000  1.5380e-01
13.750  17.250  2.0328e-01
13.750  17.500  2.8931e-01
13.750  17.750  4.1716e-01
13.750  18.000  5.9931e-01
13.750  18.250  8.2097e-01
13.750  18.500  1.0558e+00
13.750  18.750  1.2809e+00
13.750  19.000  1.4852e+00
13.750  19.250  1.6483e+00
13.750  19.500  1.7656e+00
13.750  19.750  1.8355e+00
13.750  20.000  1.8645e+00
13.750  20.250  1.8612e+00
13.750  20.500  1.8304e+00
13.750  20.750  1.7755e+00
13.750  21.000  1.7036e+00
13.750  21.250  1.6187e+00
13.750  21.500  1.4964e+00
13.750  21.750  1.3767e+00
13.750  22.000  1.2309e+00
13.750  22.250  1.0715e+00
13.750  22.500  9.2106e-01
13.750  22.750  7.9115e-01
13.750  23.000  5.8597e-01
13.750  23.250  3.7180e-01
13.750  23.500  2.2764e-01
13.750  23.750  1.4967e-01
13.750  24.000  1.0108e-01
14.000  17.000  1.4062e-01
14.000  17.250  1.8297e-01
14.000  17.500  2.5557e-01
14.000  17.750  3.6979e-01
14.000  18.000  5.2839e-01
14.000  18.250  7.2997e-01
14.000  18.500  9.5302e-01
14.000  18.750  1.1802e+00
14.000  19.000  1.3904e+00
14.000  19.250  1.5637e+00
14.000  19.500  1.6989e+00
14.000  19.750  1.7896e+00
14.000  20.000  1.8377e+00
14.000  20.250  1.8490e+00
14.000  20.500  1.8314e+00
14.000  20.750  1.7876e+00
14.000  21.000  1.7218e+00
14.000  21.250  1.6405e+00
14.000  21.500  1.5166e+00
14.000  21.750  1.3988e+00
14.000  22.000  1.2510e+00
14.000  22.250  1.0899e+00
14.000  22.500  9.4361e-01
14.000  22.750  8.2315e-01
14.000  23.000  7.0692e-01
14.000  23.250  5.1335e-01
14.000  23.500  3.2794e-01
14.000  23.750  2.0858e-01
14.000  24.000  1.4097e-01
