Inwd 7281.35A  relative to Inci 1215.00A scaled to 1215A.
Hden   Phi(H)  Eq_Width (A)
7.000  17.000  7.1276e-05
7.000  17.250  6.8724e-05
7.000  17.500  1.0947e-05
7.000  17.750  1.0000e-07
7.000  18.000  1.0000e-07
7.000  18.250  1.0000e-07
7.000  18.500  1.0000e-07
7.000  18.750  1.0000e-07
7.000  19.000  1.0000e-07
7.000  19.250  1.0000e-07
7.000  19.500  1.0000e-07
7.000  19.750  1.0000e-07
7.000  20.000  1.0000e-07
7.000  20.250  1.0000e-07
7.000  20.500  1.0000e-07
7.000  20.750  1.0000e-07
7.000  21.000  1.0000e-07
7.000  21.250  1.0000e-07
7.000  21.500  1.0000e-07
7.000  21.750  1.0000e-07
7.000  22.000  1.0000e-07
7.000  22.250  1.0000e-07
7.000  22.500  1.0000e-07
7.000  22.750  1.0000e-07
7.000  23.000  1.0000e-07
7.000  23.250  1.0000e-07
7.000  23.500  1.0000e-07
7.000  23.750  1.0000e-07
7.000  24.000  1.0000e-07
7.250  17.000  7.9588e-05
7.250  17.250  7.5967e-05
7.250  17.500  7.1934e-05
7.250  17.750  1.1111e-05
7.250  18.000  1.0000e-07
7.250  18.250  1.0000e-07
7.250  18.500  1.0000e-07
7.250  18.750  1.0000e-07
7.250  19.000  1.0000e-07
7.250  19.250  1.0000e-07
7.250  19.500  1.0000e-07
7.250  19.750  1.0000e-07
7.250  20.000  1.0000e-07
7.250  20.250  1.0000e-07
7.250  20.500  1.0000e-07
7.250  20.750  1.0000e-07
7.250  21.000  1.0000e-07
7.250  21.250  1.0000e-07
7.250  21.500  1.0000e-07
7.250  21.750  1.0000e-07
7.250  22.000  1.0000e-07
7.250  22.250  1.0000e-07
7.250  22.500  1.0000e-07
7.250  22.750  1.0000e-07
7.250  23.000  1.0000e-07
7.250  23.250  1.0000e-07
7.250  23.500  1.0000e-07
7.250  23.750  1.0000e-07
7.250  24.000  1.0000e-07
7.500  17.000  8.9712e-05
7.500  17.250  8.3786e-05
7.500  17.500  8.0494e-05
7.500  17.750  7.5885e-05
7.500  18.000  1.1276e-05
7.500  18.250  1.0000e-07
7.500  18.500  1.0000e-07
7.500  18.750  1.0000e-07
7.500  19.000  1.0000e-07
7.500  19.250  1.0000e-07
7.500  19.500  1.0000e-07
7.500  19.750  1.0000e-07
7.500  20.000  1.0000e-07
7.500  20.250  1.0000e-07
7.500  20.500  1.0000e-07
7.500  20.750  1.0000e-07
7.500  21.000  1.0000e-07
7.500  21.250  1.0000e-07
7.500  21.500  1.0000e-07
7.500  21.750  1.0000e-07
7.500  22.000  1.0000e-07
7.500  22.250  1.0000e-07
7.500  22.500  1.0000e-07
7.500  22.750  1.0000e-07
7.500  23.000  1.0000e-07
7.500  23.250  1.0000e-07
7.500  23.500  1.0000e-07
7.500  23.750  1.0000e-07
7.500  24.000  1.0000e-07
7.750  17.000  1.0058e-04
7.750  17.250  9.3169e-05
7.750  17.500  8.7407e-05
7.750  17.750  8.4198e-05
7.750  18.000  7.7613e-05
7.750  18.250  1.1358e-05
7.750  18.500  1.0000e-07
7.750  18.750  1.0000e-07
7.750  19.000  1.0000e-07
7.750  19.250  1.0000e-07
7.750  19.500  1.0000e-07
7.750  19.750  1.0000e-07
7.750  20.000  1.0000e-07
7.750  20.250  1.0000e-07
7.750  20.500  1.0000e-07
7.750  20.750  1.0000e-07
7.750  21.000  1.0000e-07
7.750  21.250  1.0000e-07
7.750  21.500  1.0000e-07
7.750  21.750  1.0000e-07
7.750  22.000  1.0000e-07
7.750  22.250  1.0000e-07
7.750  22.500  1.0000e-07
7.750  22.750  1.0000e-07
7.750  23.000  1.0000e-07
7.750  23.250  1.0000e-07
7.750  23.500  1.0000e-07
7.750  23.750  1.0000e-07
7.750  24.000  1.0000e-07
8.000  17.000  1.0905e-04
8.000  17.250  1.0148e-04
8.000  17.500  9.4239e-05
8.000  17.750  8.8642e-05
8.000  18.000  8.5432e-05
8.000  18.250  7.9424e-05
8.000  18.500  1.1523e-05
8.000  18.750  1.0000e-07
8.000  19.000  1.0000e-07
8.000  19.250  1.0000e-07
8.000  19.500  1.0000e-07
8.000  19.750  1.0000e-07
8.000  20.000  1.0000e-07
8.000  20.250  1.0000e-07
8.000  20.500  1.0000e-07
8.000  20.750  1.0000e-07
8.000  21.000  1.0000e-07
8.000  21.250  1.0000e-07
8.000  21.500  1.0000e-07
8.000  21.750  1.0000e-07
8.000  22.000  1.0000e-07
8.000  22.250  1.0000e-07
8.000  22.500  1.0000e-07
8.000  22.750  1.0000e-07
8.000  23.000  1.0000e-07
8.000  23.250  1.0000e-07
8.000  23.500  1.0000e-07
8.000  23.750  1.0000e-07
8.000  24.000  1.0000e-07
8.250  17.000  1.1753e-04
8.250  17.250  1.1045e-04
8.250  17.500  1.0305e-04
8.250  17.750  9.5885e-05
8.250  18.000  9.0535e-05
8.250  18.250  8.7572e-05
8.250  18.500  8.0165e-05
8.250  18.750  1.1523e-05
8.250  19.000  1.0000e-07
8.250  19.250  1.0000e-07
8.250  19.500  1.0000e-07
8.250  19.750  1.0000e-07
8.250  20.000  1.0000e-07
8.250  20.250  1.0000e-07
8.250  20.500  1.0000e-07
8.250  20.750  1.0000e-07
8.250  21.000  1.0000e-07
8.250  21.250  1.0000e-07
8.250  21.500  1.0000e-07
8.250  21.750  1.0000e-07
8.250  22.000  1.0000e-07
8.250  22.250  1.0000e-07
8.250  22.500  1.0000e-07
8.250  22.750  1.0000e-07
8.250  23.000  1.0000e-07
8.250  23.250  1.0000e-07
8.250  23.500  1.0000e-07
8.250  23.750  1.0000e-07
8.250  24.000  1.0000e-07
8.500  17.000  1.2428e-04
8.500  17.250  1.1794e-04
8.500  17.500  1.1111e-04
8.500  17.750  1.0403e-04
8.500  18.000  1.1272e-04
8.500  18.250  1.2529e-04
8.500  18.500  1.2125e-04
8.500  18.750  8.0082e-05
8.500  19.000  1.1440e-05
8.500  19.250  1.0000e-07
8.500  19.500  1.0000e-07
8.500  19.750  1.0000e-07
8.500  20.000  1.0000e-07
8.500  20.250  1.0000e-07
8.500  20.500  1.0000e-07
8.500  20.750  1.0000e-07
8.500  21.000  1.0000e-07
8.500  21.250  1.0000e-07
8.500  21.500  1.0000e-07
8.500  21.750  1.0000e-07
8.500  22.000  1.0000e-07
8.500  22.250  1.0000e-07
8.500  22.500  1.0000e-07
8.500  22.750  1.0000e-07
8.500  23.000  1.0000e-07
8.500  23.250  1.0000e-07
8.500  23.500  1.0000e-07
8.500  23.750  1.0000e-07
8.500  24.000  1.0000e-07
8.750  17.000  1.2996e-04
8.750  17.250  1.2428e-04
8.750  17.500  1.1827e-04
8.750  17.750  1.1210e-04
8.750  18.000  1.0593e-04
8.750  18.250  1.1404e-04
8.750  18.500  1.2504e-04
8.750  18.750  1.1960e-04
8.750  19.000  7.8436e-05
8.750  19.250  1.1276e-05
8.750  19.500  1.0000e-07
8.750  19.750  1.0000e-07
8.750  20.000  1.0000e-07
8.750  20.250  1.0000e-07
8.750  20.500  1.0000e-07
8.750  20.750  1.0000e-07
8.750  21.000  1.0000e-07
8.750  21.250  1.0000e-07
8.750  21.500  1.0000e-07
8.750  21.750  1.0000e-07
8.750  22.000  1.0000e-07
8.750  22.250  1.0000e-07
8.750  22.500  1.0000e-07
8.750  22.750  1.0000e-07
8.750  23.000  1.0000e-07
8.750  23.250  1.0000e-07
8.750  23.500  1.0000e-07
8.750  23.750  1.0000e-07
8.750  24.000  1.0000e-07
9.000  17.000  1.3514e-04
9.000  17.250  1.3012e-04
9.000  17.500  1.2486e-04
9.000  17.750  1.2000e-04
9.000  18.000  1.2630e-04
9.000  18.250  1.3938e-04
9.000  18.500  1.5014e-04
9.000  18.750  1.4944e-04
9.000  19.000  1.2817e-04
9.000  19.250  7.7202e-05
9.000  19.500  1.1111e-05
9.000  19.750  1.0000e-07
9.000  20.000  1.0000e-07
9.000  20.250  1.0000e-07
9.000  20.500  1.0000e-07
9.000  20.750  1.0000e-07
9.000  21.000  1.0000e-07
9.000  21.250  1.0000e-07
9.000  21.500  1.0000e-07
9.000  21.750  1.0000e-07
9.000  22.000  1.0000e-07
9.000  22.250  1.0000e-07
9.000  22.500  1.0000e-07
9.000  22.750  1.0000e-07
9.000  23.000  1.0000e-07
9.000  23.250  1.0000e-07
9.000  23.500  1.0000e-07
9.000  23.750  1.0000e-07
9.000  24.000  1.0000e-07
9.250  17.000  1.4025e-04
9.250  17.250  1.3588e-04
9.250  17.500  1.3177e-04
9.250  17.750  1.3706e-04
9.250  18.000  1.4983e-04
9.250  18.250  1.6460e-04
9.250  18.500  1.7591e-04
9.250  18.750  1.7830e-04
9.250  19.000  1.6629e-04
9.250  19.250  1.3441e-04
9.250  19.500  7.7202e-05
9.250  19.750  1.0782e-05
9.250  20.000  1.0000e-07
9.250  20.250  1.0000e-07
9.250  20.500  1.0000e-07
9.250  20.750  1.0000e-07
9.250  21.000  1.0000e-07
9.250  21.250  1.0000e-07
9.250  21.500  1.0000e-07
9.250  21.750  1.0000e-07
9.250  22.000  1.0000e-07
9.250  22.250  1.0000e-07
9.250  22.500  1.0000e-07
9.250  22.750  1.0000e-07
9.250  23.000  1.0000e-07
9.250  23.250  1.0000e-07
9.250  23.500  1.0000e-07
9.250  23.750  1.0000e-07
9.250  24.000  1.0000e-07
9.500  17.000  1.4617e-04
9.500  17.250  1.4230e-04
9.500  17.500  1.3967e-04
9.500  17.750  1.3786e-04
9.500  18.000  1.3630e-04
9.500  18.250  1.3761e-04
9.500  18.500  1.4362e-04
9.500  18.750  1.5531e-04
9.500  19.000  1.7292e-04
9.500  19.250  1.9605e-04
9.500  19.500  2.0074e-04
9.500  19.750  7.5226e-05
9.500  20.000  1.0700e-05
9.500  20.250  1.0000e-07
9.500  20.500  1.0000e-07
9.500  20.750  1.0000e-07
9.500  21.000  1.0000e-07
9.500  21.250  1.0000e-07
9.500  21.500  1.0000e-07
9.500  21.750  1.0000e-07
9.500  22.000  1.0000e-07
9.500  22.250  1.0000e-07
9.500  22.500  1.0000e-07
9.500  22.750  1.0000e-07
9.500  23.000  1.0000e-07
9.500  23.250  1.0000e-07
9.500  23.500  1.0000e-07
9.500  23.750  1.0000e-07
9.500  24.000  1.0000e-07
9.750  17.000  1.5300e-04
9.750  17.250  1.5004e-04
9.750  17.500  1.4914e-04
9.750  17.750  1.4979e-04
9.750  18.000  1.5218e-04
9.750  18.250  1.5811e-04
9.750  18.500  1.6988e-04
9.750  18.750  1.8700e-04
9.750  19.000  2.0881e-04
9.750  19.250  2.3663e-04
9.750  19.500  2.6510e-04
9.750  19.750  2.2247e-04
9.750  20.000  7.4979e-05
9.750  20.250  1.0535e-05
9.750  20.500  1.0000e-07
9.750  20.750  1.0000e-07
9.750  21.000  1.0000e-07
9.750  21.250  1.0000e-07
9.750  21.500  1.0000e-07
9.750  21.750  1.0000e-07
9.750  22.000  1.0000e-07
9.750  22.250  1.0000e-07
9.750  22.500  1.0000e-07
9.750  22.750  1.0000e-07
9.750  23.000  1.0000e-07
9.750  23.250  1.0000e-07
9.750  23.500  1.0000e-07
9.750  23.750  1.0000e-07
9.750  24.000  1.0000e-07
10.000  17.000  1.6008e-04
10.000  17.250  1.5967e-04
10.000  17.500  1.6107e-04
10.000  17.750  1.6527e-04
10.000  18.000  1.7374e-04
10.000  18.250  1.8642e-04
10.000  18.500  2.0362e-04
10.000  18.750  2.2617e-04
10.000  19.000  2.5358e-04
10.000  19.250  2.8650e-04
10.000  19.500  3.2428e-04
10.000  19.750  3.7103e-04
10.000  20.000  2.0066e-04
10.000  20.250  7.0947e-05
10.000  20.500  1.0288e-05
10.000  20.750  1.0000e-07
10.000  21.000  1.0000e-07
10.000  21.250  1.0000e-07
10.000  21.500  1.0000e-07
10.000  21.750  1.0000e-07
10.000  22.000  1.0000e-07
10.000  22.250  1.0000e-07
10.000  22.500  1.0000e-07
10.000  22.750  1.0000e-07
10.000  23.000  1.0000e-07
10.000  23.250  1.0000e-07
10.000  23.500  1.0000e-07
10.000  23.750  1.0000e-07
10.000  24.000  1.0000e-07
10.250  17.000  1.6881e-04
10.250  17.250  1.7037e-04
10.250  17.500  1.7646e-04
10.250  17.750  1.8609e-04
10.250  18.000  2.0198e-04
10.250  18.250  2.2296e-04
10.250  18.500  2.4749e-04
10.250  18.750  2.7794e-04
10.250  19.000  3.1342e-04
10.250  19.250  3.5704e-04
10.250  19.500  4.1358e-04
10.250  19.750  5.2305e-04
10.250  20.000  5.2979e-04
10.250  20.250  1.9300e-04
10.250  20.500  6.7160e-05
10.250  20.750  9.8765e-06
10.250  21.000  1.0000e-07
10.250  21.250  1.0000e-07
10.250  21.500  1.0000e-07
10.250  21.750  1.0000e-07
10.250  22.000  1.0000e-07
10.250  22.250  1.0000e-07
10.250  22.500  1.0000e-07
10.250  22.750  1.0000e-07
10.250  23.000  1.0000e-07
10.250  23.250  1.0000e-07
10.250  23.500  1.0000e-07
10.250  23.750  1.0000e-07
10.250  24.000  1.0000e-07
10.500  17.000  1.7712e-04
10.500  17.250  1.8329e-04
10.500  17.500  1.9407e-04
10.500  17.750  2.1259e-04
10.500  18.000  2.3663e-04
10.500  18.250  2.6757e-04
10.500  18.500  3.0263e-04
10.500  18.750  3.4354e-04
10.500  19.000  3.9811e-04
10.500  19.250  4.7498e-04
10.500  19.500  5.9761e-04
10.500  19.750  7.9251e-04
10.500  20.000  1.0603e-03
10.500  20.250  7.8642e-04
10.500  20.500  1.8230e-04
10.500  20.750  6.1070e-05
10.500  21.000  8.6420e-06
10.500  21.250  1.0000e-07
10.500  21.500  1.0000e-07
10.500  21.750  1.0000e-07
10.500  22.000  1.0000e-07
10.500  22.250  1.0000e-07
10.500  22.500  1.0000e-07
10.500  22.750  1.0000e-07
10.500  23.000  1.0000e-07
10.500  23.250  1.0000e-07
10.500  23.500  1.0000e-07
10.500  23.750  1.0000e-07
10.500  24.000  1.0000e-07
10.750  17.000  1.8313e-04
10.750  17.250  1.9539e-04
10.750  17.500  2.1407e-04
10.750  17.750  2.4107e-04
10.750  18.000  2.7819e-04
10.750  18.250  3.1975e-04
10.750  18.500  3.6675e-04
10.750  18.750  4.2560e-04
10.750  19.000  5.0560e-04
10.750  19.250  6.2543e-04
10.750  19.500  7.9877e-04
10.750  19.750  1.0182e-03
10.750  20.000  1.2079e-03
10.750  20.250  1.2445e-03
10.750  20.500  4.7523e-04
10.750  20.750  1.8601e-04
10.750  21.000  5.7942e-05
10.750  21.250  6.8313e-06
10.750  21.500  1.0000e-07
10.750  21.750  1.0000e-07
10.750  22.000  1.0000e-07
10.750  22.250  1.0000e-07
10.750  22.500  1.0000e-07
10.750  22.750  1.0000e-07
10.750  23.000  1.0000e-07
10.750  23.250  1.0000e-07
10.750  23.500  1.0000e-07
10.750  23.750  1.0000e-07
10.750  24.000  1.0000e-07
11.000  17.000  1.8551e-04
11.000  17.250  2.0313e-04
11.000  17.500  2.2996e-04
11.000  17.750  2.7037e-04
11.000  18.000  3.2296e-04
11.000  18.250  3.7967e-04
11.000  18.500  4.4379e-04
11.000  18.750  5.2593e-04
11.000  19.000  6.3975e-04
11.000  19.250  7.9284e-04
11.000  19.500  9.7325e-04
11.000  19.750  1.1468e-03
11.000  20.000  1.2372e-03
11.000  20.250  1.2063e-03
11.000  20.500  1.0976e-03
11.000  20.750  4.5095e-04
11.000  21.000  1.7457e-04
11.000  21.250  5.2428e-05
11.000  21.500  3.9506e-06
11.000  21.750  1.0000e-07
11.000  22.000  1.0000e-07
11.000  22.250  1.0000e-07
11.000  22.500  1.0000e-07
11.000  22.750  1.0000e-07
11.000  23.000  1.0000e-07
11.000  23.250  1.0000e-07
11.000  23.500  1.0000e-07
11.000  23.750  1.0000e-07
11.000  24.000  1.0000e-07
11.250  17.000  1.8370e-04
11.250  17.250  2.0444e-04
11.250  17.500  2.3638e-04
11.250  17.750  2.9169e-04
11.250  18.000  3.6807e-04
11.250  18.250  4.4963e-04
11.250  18.500  5.3918e-04
11.250  18.750  6.5053e-04
11.250  19.000  7.9160e-04
11.250  19.250  9.5391e-04
11.250  19.500  1.1013e-03
11.250  19.750  1.1928e-03
11.250  20.000  1.1983e-03
11.250  20.250  1.1159e-03
11.250  20.500  9.7547e-04
11.250  20.750  8.1811e-04
11.250  21.000  3.8436e-04
11.250  21.250  1.5605e-04
11.250  21.500  4.3704e-05
11.250  21.750  1.2346e-06
11.250  22.000  1.0000e-07
11.250  22.250  1.0000e-07
11.250  22.500  1.0000e-07
11.250  22.750  1.0000e-07
11.250  23.000  1.0000e-07
11.250  23.250  1.0000e-07
11.250  23.500  1.0000e-07
11.250  23.750  1.0000e-07
11.250  24.000  1.0000e-07
11.500  17.000  1.7844e-04
11.500  17.250  2.0000e-04
11.500  17.500  2.3300e-04
11.500  17.750  2.9654e-04
11.500  18.000  4.0132e-04
11.500  18.250  5.2543e-04
11.500  18.500  6.5506e-04
11.500  18.750  7.9786e-04
11.500  19.000  9.5366e-04
11.500  19.250  1.0939e-03
11.500  19.500  1.1777e-03
11.500  19.750  1.1816e-03
11.500  20.000  1.1030e-03
11.500  20.250  9.7547e-04
11.500  20.500  8.2757e-04
11.500  20.750  6.7374e-04
11.500  21.000  5.1374e-04
11.500  21.250  2.7786e-04
11.500  21.500  1.2436e-04
11.500  21.750  2.8971e-05
11.500  22.000  1.0000e-07
11.500  22.250  1.0000e-07
11.500  22.500  1.0000e-07
11.500  22.750  1.0000e-07
11.500  23.000  1.0000e-07
11.500  23.250  1.0000e-07
11.500  23.500  1.0000e-07
11.500  23.750  1.0000e-07
11.500  24.000  1.0000e-07
11.750  17.000  1.7078e-04
11.750  17.250  1.9136e-04
11.750  17.500  2.2239e-04
11.750  17.750  2.8420e-04
11.750  18.000  4.0370e-04
11.750  18.250  5.8346e-04
11.750  18.500  7.7753e-04
11.750  18.750  9.5860e-04
11.750  19.000  1.1116e-03
11.750  19.250  1.2071e-03
11.750  19.500  1.2070e-03
11.750  19.750  1.1331e-03
11.750  20.000  1.0034e-03
11.750  20.250  8.4856e-04
11.750  20.500  6.9029e-04
11.750  20.750  5.4798e-04
11.750  21.000  4.2519e-04
11.750  21.250  3.1136e-04
11.750  21.500  1.9654e-04
11.750  21.750  8.8477e-05
11.750  22.000  1.4897e-05
11.750  22.250  1.0000e-07
11.750  22.500  1.0000e-07
11.750  22.750  1.0000e-07
11.750  23.000  1.0000e-07
11.750  23.250  1.0000e-07
11.750  23.500  1.0000e-07
11.750  23.750  1.0000e-07
11.750  24.000  1.0000e-07
12.000  17.000  1.6198e-04
12.000  17.250  1.8091e-04
12.000  17.500  2.0856e-04
12.000  17.750  2.6156e-04
12.000  18.000  3.7432e-04
12.000  18.250  5.8535e-04
12.000  18.500  8.6033e-04
12.000  18.750  1.0969e-03
12.000  19.000  1.2446e-03
12.000  19.250  1.2981e-03
12.000  19.500  1.2360e-03
12.000  19.750  1.1077e-03
12.000  20.000  9.3498e-04
12.000  20.250  7.5588e-04
12.000  20.500  5.9053e-04
12.000  20.750  4.5440e-04
12.000  21.000  3.4634e-04
12.000  21.250  2.6107e-04
12.000  21.500  1.8988e-04
12.000  21.750  1.1695e-04
12.000  22.000  5.5967e-05
12.000  22.250  5.4321e-06
12.000  22.500  1.0000e-07
12.000  22.750  1.0000e-07
12.000  23.000  1.0000e-07
12.000  23.250  1.0000e-07
12.000  23.500  1.0000e-07
12.000  23.750  1.0000e-07
12.000  24.000  1.0000e-07
12.250  17.000  1.5292e-04
12.250  17.250  1.7053e-04
12.250  17.500  1.9506e-04
12.250  17.750  2.3737e-04
12.250  18.000  3.3078e-04
12.250  18.250  5.2807e-04
12.250  18.500  8.4963e-04
12.250  18.750  1.1619e-03
12.250  19.000  1.3300e-03
12.250  19.250  1.3615e-03
12.250  19.500  1.2640e-03
12.250  19.750  1.1035e-03
12.250  20.000  9.0502e-04
12.250  20.250  7.0840e-04
12.250  20.500  5.3770e-04
12.250  20.750  4.0140e-04
12.250  21.000  2.9728e-04
12.250  21.250  2.2000e-04
12.250  21.500  1.6329e-04
12.250  21.750  1.1514e-04
12.250  22.000  7.0288e-05
12.250  22.250  3.2757e-05
12.250  22.500  1.4815e-06
12.250  22.750  1.0000e-07
12.250  23.000  1.0000e-07
12.250  23.250  1.0000e-07
12.250  23.500  1.0000e-07
12.250  23.750  1.0000e-07
12.250  24.000  1.0000e-07
12.500  17.000  1.4280e-04
12.500  17.250  1.6082e-04
12.500  17.500  1.8362e-04
12.500  17.750  2.1811e-04
12.500  18.000  2.9062e-04
12.500  18.250  4.4922e-04
12.500  18.500  7.4782e-04
12.500  18.750  1.1107e-03
12.500  19.000  1.3388e-03
12.500  19.250  1.3814e-03
12.500  19.500  1.2840e-03
12.500  19.750  1.1128e-03
12.500  20.000  9.0132e-04
12.500  20.250  6.9556e-04
12.500  20.500  5.1951e-04
12.500  20.750  3.7975e-04
12.500  21.000  2.7539e-04
12.500  21.250  1.9942e-04
12.500  21.500  1.4543e-04
12.500  21.750  1.0675e-04
12.500  22.000  7.4486e-05
12.500  22.250  4.5350e-05
12.500  22.500  1.8189e-05
12.500  22.750  1.0000e-07
12.500  23.000  1.0000e-07
12.500  23.250  1.0000e-07
12.500  23.500  1.0000e-07
12.500  23.750  1.0000e-07
12.500  24.000  1.0000e-07
12.750  17.000  1.3342e-04
12.750  17.250  1.5119e-04
12.750  17.500  1.7424e-04
12.750  17.750  2.0700e-04
12.750  18.000  2.6247e-04
12.750  18.250  3.8255e-04
12.750  18.500  6.2049e-04
12.750  18.750  9.6214e-04
12.750  19.000  1.2414e-03
12.750  19.250  1.3370e-03
12.750  19.500  1.2699e-03
12.750  19.750  1.1147e-03
12.750  20.000  9.1720e-04
12.750  20.250  7.1160e-04
12.750  20.500  5.3037e-04
12.750  20.750  3.8543e-04
12.750  21.000  2.7449e-04
12.750  21.250  1.9588e-04
12.750  21.500  1.4066e-04
12.750  21.750  1.0189e-04
12.750  22.000  7.4815e-05
12.750  22.250  5.0370e-05
12.750  22.500  2.9959e-05
12.750  22.750  1.0370e-05
12.750  23.000  1.0000e-07
12.750  23.250  1.0000e-07
12.750  23.500  1.0000e-07
12.750  23.750  1.0000e-07
12.750  24.000  1.0000e-07
13.000  17.000  1.2387e-04
13.000  17.250  1.4156e-04
13.000  17.500  1.6543e-04
13.000  17.750  1.9827e-04
13.000  18.000  2.4741e-04
13.000  18.250  3.3909e-04
13.000  18.500  5.2000e-04
13.000  18.750  7.9934e-04
13.000  19.000  1.0791e-03
13.000  19.250  1.2212e-03
13.000  19.500  1.2128e-03
13.000  19.750  1.1017e-03
13.000  20.000  9.3095e-04
13.000  20.250  7.4049e-04
13.000  20.500  5.5984e-04
13.000  20.750  4.1111e-04
13.000  21.000  2.9457e-04
13.000  21.250  2.0774e-04
13.000  21.500  1.4683e-04
13.000  21.750  1.0469e-04
13.000  22.000  7.5885e-05
13.000  22.250  5.5802e-05
13.000  22.500  3.6872e-05
13.000  22.750  2.0988e-05
13.000  23.000  6.9136e-06
13.000  23.250  1.0000e-07
13.000  23.500  1.0000e-07
13.000  23.750  1.0000e-07
13.000  24.000  1.0000e-07
13.250  17.000  1.1556e-04
13.250  17.250  1.3399e-04
13.250  17.500  1.5753e-04
13.250  17.750  1.9062e-04
13.250  18.000  2.3967e-04
13.250  18.250  3.1572e-04
13.250  18.500  4.5539e-04
13.250  18.750  6.7449e-04
13.250  19.000  9.2008e-04
13.250  19.250  1.0868e-03
13.250  19.500  1.1253e-03
13.250  19.750  1.0629e-03
13.250  20.000  9.2831e-04
13.250  20.250  7.6864e-04
13.250  20.500  6.0058e-04
13.250  20.750  4.5021e-04
13.250  21.000  3.2634e-04
13.250  21.250  2.3226e-04
13.250  21.500  1.6313e-04
13.250  21.750  1.1506e-04
13.250  22.000  8.1811e-05
13.250  22.250  5.9177e-05
13.250  22.500  4.3704e-05
13.250  22.750  2.8313e-05
13.250  23.000  1.6214e-05
13.250  23.250  5.3498e-06
13.250  23.500  1.0000e-07
13.250  23.750  1.0000e-07
13.250  24.000  1.0000e-07
13.500  17.000  1.0741e-04
13.500  17.250  1.2667e-04
13.500  17.500  1.5160e-04
13.500  17.750  1.8576e-04
13.500  18.000  2.3547e-04
13.500  18.250  3.1177e-04
13.500  18.500  4.2263e-04
13.500  18.750  5.9531e-04
13.500  19.000  8.0115e-04
13.500  19.250  9.6741e-04
13.500  19.500  1.0407e-03
13.500  19.750  1.0148e-03
13.500  20.000  9.1951e-04
13.500  20.250  7.8749e-04
13.500  20.500  6.3860e-04
13.500  20.750  4.9292e-04
13.500  21.000  3.6601e-04
13.500  21.250  2.6494e-04
13.500  21.500  1.8724e-04
13.500  21.750  1.3193e-04
13.500  22.000  9.3169e-05
13.500  22.250  6.6502e-05
13.500  22.500  4.8395e-05
13.500  22.750  3.5309e-05
13.500  23.000  2.2716e-05
13.500  23.250  1.3086e-05
13.500  23.500  4.4444e-06
13.500  23.750  1.0000e-07
13.500  24.000  1.0000e-07
13.750  17.000  9.9671e-05
13.750  17.250  1.1959e-04
13.750  17.500  1.4609e-04
13.750  17.750  1.8156e-04
13.750  18.000  2.3276e-04
13.750  18.250  3.0823e-04
13.750  18.500  4.1547e-04
13.750  18.750  5.5794e-04
13.750  19.000  7.2444e-04
13.750  19.250  8.7967e-04
13.750  19.500  9.7095e-04
13.750  19.750  9.7605e-04
13.750  20.000  9.1037e-04
13.750  20.250  8.0025e-04
13.750  20.500  6.6955e-04
13.750  20.750  5.3374e-04
13.750  21.000  4.0658e-04
13.750  21.250  2.9967e-04
13.750  21.500  2.1539e-04
13.750  21.750  1.5284e-04
13.750  22.000  1.0798e-04
13.750  22.250  7.6626e-05
13.750  22.500  5.4897e-05
13.750  22.750  4.0082e-05
13.750  23.000  2.9136e-05
13.750  23.250  1.8436e-05
13.750  23.500  1.0700e-05
13.750  23.750  3.2099e-06
13.750  24.000  1.0000e-07
14.000  17.000  9.2263e-05
14.000  17.250  1.1276e-04
14.000  17.500  1.4000e-04
14.000  17.750  1.7786e-04
14.000  18.000  2.3045e-04
14.000  18.250  3.0551e-04
14.000  18.500  4.0798e-04
14.000  18.750  5.3761e-04
14.000  19.000  6.8148e-04
14.000  19.250  8.1457e-04
14.000  19.500  9.1119e-04
14.000  19.750  9.4173e-04
14.000  20.000  9.0214e-04
14.000  20.250  8.1210e-04
14.000  20.500  6.9490e-04
14.000  20.750  5.6757e-04
14.000  21.000  4.4469e-04
14.000  21.250  3.3506e-04
14.000  21.500  2.4428e-04
14.000  21.750  1.7481e-04
14.000  22.000  1.2428e-04
14.000  22.250  8.8313e-05
14.000  22.500  6.3210e-05
14.000  22.750  4.5844e-05
14.000  23.000  3.3827e-05
14.000  23.250  2.4115e-05
14.000  23.500  1.5062e-05
14.000  23.750  8.3951e-06
14.000  24.000  1.6461e-06
