Inwd 5891.94A  relative to Inci 1215.00A scaled to 1215A.
Hden   Phi(H)  Eq_Width (A)
7.000  17.000  1.0000e-07
7.000  17.250  1.0000e-07
7.000  17.500  1.0000e-07
7.000  17.750  1.0000e-07
7.000  18.000  1.0000e-07
7.000  18.250  1.0000e-07
7.000  18.500  1.0000e-07
7.000  18.750  1.0000e-07
7.000  19.000  1.0000e-07
7.000  19.250  1.0000e-07
7.000  19.500  1.0000e-07
7.000  19.750  1.0000e-07
7.000  20.000  1.0000e-07
7.000  20.250  1.0000e-07
7.000  20.500  1.0000e-07
7.000  20.750  1.0000e-07
7.000  21.000  1.0000e-07
7.000  21.250  1.0000e-07
7.000  21.500  1.0000e-07
7.000  21.750  1.0000e-07
7.000  22.000  1.0000e-07
7.000  22.250  1.0000e-07
7.000  22.500  1.0000e-07
7.000  22.750  1.0000e-07
7.000  23.000  1.0000e-07
7.000  23.250  1.0000e-07
7.000  23.500  1.0000e-07
7.000  23.750  1.0000e-07
7.000  24.000  1.0000e-07
7.250  17.000  1.0000e-07
7.250  17.250  1.0000e-07
7.250  17.500  1.0000e-07
7.250  17.750  1.0000e-07
7.250  18.000  1.0000e-07
7.250  18.250  1.0000e-07
7.250  18.500  1.0000e-07
7.250  18.750  1.0000e-07
7.250  19.000  1.0000e-07
7.250  19.250  1.0000e-07
7.250  19.500  1.0000e-07
7.250  19.750  1.0000e-07
7.250  20.000  1.0000e-07
7.250  20.250  1.0000e-07
7.250  20.500  1.0000e-07
7.250  20.750  1.0000e-07
7.250  21.000  1.0000e-07
7.250  21.250  1.0000e-07
7.250  21.500  1.0000e-07
7.250  21.750  1.0000e-07
7.250  22.000  1.0000e-07
7.250  22.250  1.0000e-07
7.250  22.500  1.0000e-07
7.250  22.750  1.0000e-07
7.250  23.000  1.0000e-07
7.250  23.250  1.0000e-07
7.250  23.500  1.0000e-07
7.250  23.750  1.0000e-07
7.250  24.000  1.0000e-07
7.500  17.000  1.0000e-07
7.500  17.250  1.0000e-07
7.500  17.500  1.0000e-07
7.500  17.750  1.0000e-07
7.500  18.000  1.0000e-07
7.500  18.250  1.0000e-07
7.500  18.500  1.0000e-07
7.500  18.750  1.0000e-07
7.500  19.000  1.0000e-07
7.500  19.250  1.0000e-07
7.500  19.500  1.0000e-07
7.500  19.750  1.0000e-07
7.500  20.000  1.0000e-07
7.500  20.250  1.0000e-07
7.500  20.500  1.0000e-07
7.500  20.750  1.0000e-07
7.500  21.000  1.0000e-07
7.500  21.250  1.0000e-07
7.500  21.500  1.0000e-07
7.500  21.750  1.0000e-07
7.500  22.000  1.0000e-07
7.500  22.250  1.0000e-07
7.500  22.500  1.0000e-07
7.500  22.750  1.0000e-07
7.500  23.000  1.0000e-07
7.500  23.250  1.0000e-07
7.500  23.500  1.0000e-07
7.500  23.750  1.0000e-07
7.500  24.000  1.0000e-07
7.750  17.000  1.0000e-07
7.750  17.250  1.0000e-07
7.750  17.500  1.0000e-07
7.750  17.750  1.0000e-07
7.750  18.000  1.0000e-07
7.750  18.250  1.0000e-07
7.750  18.500  1.0000e-07
7.750  18.750  1.0000e-07
7.750  19.000  1.0000e-07
7.750  19.250  1.0000e-07
7.750  19.500  1.0000e-07
7.750  19.750  1.0000e-07
7.750  20.000  1.0000e-07
7.750  20.250  1.0000e-07
7.750  20.500  1.0000e-07
7.750  20.750  1.0000e-07
7.750  21.000  1.0000e-07
7.750  21.250  1.0000e-07
7.750  21.500  1.0000e-07
7.750  21.750  1.0000e-07
7.750  22.000  1.0000e-07
7.750  22.250  1.0000e-07
7.750  22.500  1.0000e-07
7.750  22.750  1.0000e-07
7.750  23.000  1.0000e-07
7.750  23.250  1.0000e-07
7.750  23.500  1.0000e-07
7.750  23.750  1.0000e-07
7.750  24.000  1.0000e-07
8.000  17.000  1.0000e-07
8.000  17.250  1.0000e-07
8.000  17.500  1.0000e-07
8.000  17.750  1.0000e-07
8.000  18.000  1.0000e-07
8.000  18.250  1.0000e-07
8.000  18.500  1.0000e-07
8.000  18.750  1.0000e-07
8.000  19.000  1.0000e-07
8.000  19.250  1.0000e-07
8.000  19.500  1.0000e-07
8.000  19.750  1.0000e-07
8.000  20.000  1.0000e-07
8.000  20.250  1.0000e-07
8.000  20.500  1.0000e-07
8.000  20.750  1.0000e-07
8.000  21.000  1.0000e-07
8.000  21.250  1.0000e-07
8.000  21.500  1.0000e-07
8.000  21.750  1.0000e-07
8.000  22.000  1.0000e-07
8.000  22.250  1.0000e-07
8.000  22.500  1.0000e-07
8.000  22.750  1.0000e-07
8.000  23.000  1.0000e-07
8.000  23.250  1.0000e-07
8.000  23.500  1.0000e-07
8.000  23.750  1.0000e-07
8.000  24.000  1.0000e-07
8.250  17.000  1.0000e-07
8.250  17.250  1.0000e-07
8.250  17.500  1.0000e-07
8.250  17.750  1.0000e-07
8.250  18.000  1.0000e-07
8.250  18.250  1.0000e-07
8.250  18.500  1.0000e-07
8.250  18.750  1.0000e-07
8.250  19.000  1.0000e-07
8.250  19.250  1.0000e-07
8.250  19.500  1.0000e-07
8.250  19.750  1.0000e-07
8.250  20.000  1.0000e-07
8.250  20.250  1.0000e-07
8.250  20.500  1.0000e-07
8.250  20.750  1.0000e-07
8.250  21.000  1.0000e-07
8.250  21.250  1.0000e-07
8.250  21.500  1.0000e-07
8.250  21.750  1.0000e-07
8.250  22.000  1.0000e-07
8.250  22.250  1.0000e-07
8.250  22.500  1.0000e-07
8.250  22.750  1.0000e-07
8.250  23.000  1.0000e-07
8.250  23.250  1.0000e-07
8.250  23.500  1.0000e-07
8.250  23.750  1.0000e-07
8.250  24.000  1.0000e-07
8.500  17.000  9.8765e-07
8.500  17.250  9.0535e-07
8.500  17.500  9.8765e-07
8.500  17.750  1.0700e-06
8.500  18.000  1.1523e-06
8.500  18.250  1.1523e-06
8.500  18.500  9.0535e-07
8.500  18.750  1.0000e-07
8.500  19.000  1.0000e-07
8.500  19.250  1.0000e-07
8.500  19.500  1.0000e-07
8.500  19.750  1.0000e-07
8.500  20.000  1.0000e-07
8.500  20.250  1.0000e-07
8.500  20.500  1.0000e-07
8.500  20.750  1.0000e-07
8.500  21.000  1.0000e-07
8.500  21.250  1.0000e-07
8.500  21.500  1.0000e-07
8.500  21.750  1.0000e-07
8.500  22.000  1.0000e-07
8.500  22.250  1.0000e-07
8.500  22.500  1.0000e-07
8.500  22.750  1.0000e-07
8.500  23.000  1.0000e-07
8.500  23.250  1.0000e-07
8.500  23.500  1.0000e-07
8.500  23.750  1.0000e-07
8.500  24.000  1.0000e-07
8.750  17.000  1.3992e-06
8.750  17.250  1.3992e-06
8.750  17.500  1.3992e-06
8.750  17.750  1.5638e-06
8.750  18.000  1.8930e-06
8.750  18.250  2.0576e-06
8.750  18.500  1.9753e-06
8.750  18.750  1.6461e-06
8.750  19.000  1.0000e-07
8.750  19.250  1.0000e-07
8.750  19.500  1.0000e-07
8.750  19.750  1.0000e-07
8.750  20.000  1.0000e-07
8.750  20.250  1.0000e-07
8.750  20.500  1.0000e-07
8.750  20.750  1.0000e-07
8.750  21.000  1.0000e-07
8.750  21.250  1.0000e-07
8.750  21.500  1.0000e-07
8.750  21.750  1.0000e-07
8.750  22.000  1.0000e-07
8.750  22.250  1.0000e-07
8.750  22.500  1.0000e-07
8.750  22.750  1.0000e-07
8.750  23.000  1.0000e-07
8.750  23.250  1.0000e-07
8.750  23.500  1.0000e-07
8.750  23.750  1.0000e-07
8.750  24.000  1.0000e-07
9.000  17.000  2.3045e-06
9.000  17.250  2.1399e-06
9.000  17.500  2.1399e-06
9.000  17.750  2.3868e-06
9.000  18.000  2.7984e-06
9.000  18.250  3.3745e-06
9.000  18.500  3.6214e-06
9.000  18.750  3.2922e-06
9.000  19.000  2.8807e-06
9.000  19.250  1.0000e-07
9.000  19.500  1.0000e-07
9.000  19.750  1.0000e-07
9.000  20.000  1.0000e-07
9.000  20.250  1.0000e-07
9.000  20.500  1.0000e-07
9.000  20.750  1.0000e-07
9.000  21.000  1.0000e-07
9.000  21.250  1.0000e-07
9.000  21.500  1.0000e-07
9.000  21.750  1.0000e-07
9.000  22.000  1.0000e-07
9.000  22.250  1.0000e-07
9.000  22.500  1.0000e-07
9.000  22.750  1.0000e-07
9.000  23.000  1.0000e-07
9.000  23.250  1.0000e-07
9.000  23.500  1.0000e-07
9.000  23.750  1.0000e-07
9.000  24.000  1.0000e-07
9.250  17.000  3.7860e-06
9.250  17.250  3.2922e-06
9.250  17.500  3.2099e-06
9.250  17.750  3.4568e-06
9.250  18.000  4.1152e-06
9.250  18.250  4.9383e-06
9.250  18.500  5.8436e-06
9.250  18.750  6.0905e-06
9.250  19.000  5.4321e-06
9.250  19.250  4.6914e-06
9.250  19.500  1.0000e-07
9.250  19.750  1.0000e-07
9.250  20.000  1.0000e-07
9.250  20.250  1.0000e-07
9.250  20.500  1.0000e-07
9.250  20.750  1.0000e-07
9.250  21.000  1.0000e-07
9.250  21.250  1.0000e-07
9.250  21.500  1.0000e-07
9.250  21.750  1.0000e-07
9.250  22.000  1.0000e-07
9.250  22.250  1.0000e-07
9.250  22.500  1.0000e-07
9.250  22.750  1.0000e-07
9.250  23.000  1.0000e-07
9.250  23.250  1.0000e-07
9.250  23.500  1.0000e-07
9.250  23.750  1.0000e-07
9.250  24.000  1.0000e-07
9.500  17.000  6.4198e-06
9.500  17.250  5.4321e-06
9.500  17.500  5.1029e-06
9.500  17.750  5.2675e-06
9.500  18.000  6.0082e-06
9.500  18.250  7.2428e-06
9.500  18.500  8.6420e-06
9.500  18.750  9.6296e-06
9.500  19.000  9.5473e-06
9.500  19.250  8.4774e-06
9.500  19.500  4.9383e-06
9.500  19.750  1.0000e-07
9.500  20.000  1.0000e-07
9.500  20.250  1.0000e-07
9.500  20.500  1.0000e-07
9.500  20.750  1.0000e-07
9.500  21.000  1.0000e-07
9.500  21.250  1.0000e-07
9.500  21.500  1.0000e-07
9.500  21.750  1.0000e-07
9.500  22.000  1.0000e-07
9.500  22.250  1.0000e-07
9.500  22.500  1.0000e-07
9.500  22.750  1.0000e-07
9.500  23.000  1.0000e-07
9.500  23.250  1.0000e-07
9.500  23.500  1.0000e-07
9.500  23.750  1.0000e-07
9.500  24.000  1.0000e-07
9.750  17.000  1.1605e-05
9.750  17.250  9.3004e-06
9.750  17.500  8.3128e-06
9.750  17.750  8.5597e-06
9.750  18.000  9.4650e-06
9.750  18.250  1.1111e-05
9.750  18.500  1.3086e-05
9.750  18.750  1.4568e-05
9.750  19.000  1.5556e-05
9.750  19.250  1.4897e-05
9.750  19.500  1.2510e-05
9.750  19.750  1.0000e-07
9.750  20.000  1.0000e-07
9.750  20.250  1.0000e-07
9.750  20.500  1.0000e-07
9.750  20.750  1.0000e-07
9.750  21.000  1.0000e-07
9.750  21.250  1.0000e-07
9.750  21.500  1.0000e-07
9.750  21.750  1.0000e-07
9.750  22.000  1.0000e-07
9.750  22.250  1.0000e-07
9.750  22.500  1.0000e-07
9.750  22.750  1.0000e-07
9.750  23.000  1.0000e-07
9.750  23.250  1.0000e-07
9.750  23.500  1.0000e-07
9.750  23.750  1.0000e-07
9.750  24.000  1.0000e-07
10.000  17.000  2.1811e-05
10.000  17.250  1.6708e-05
10.000  17.500  1.4486e-05
10.000  17.750  1.4650e-05
10.000  18.000  1.6049e-05
10.000  18.250  1.8683e-05
10.000  18.500  2.1728e-05
10.000  18.750  2.4362e-05
10.000  19.000  2.6173e-05
10.000  19.250  2.9136e-05
10.000  19.500  2.6667e-05
10.000  19.750  1.8765e-05
10.000  20.000  1.0000e-07
10.000  20.250  1.0000e-07
10.000  20.500  1.0000e-07
10.000  20.750  1.0000e-07
10.000  21.000  1.0000e-07
10.000  21.250  1.0000e-07
10.000  21.500  1.0000e-07
10.000  21.750  1.0000e-07
10.000  22.000  1.0000e-07
10.000  22.250  1.0000e-07
10.000  22.500  1.0000e-07
10.000  22.750  1.0000e-07
10.000  23.000  1.0000e-07
10.000  23.250  1.0000e-07
10.000  23.500  1.0000e-07
10.000  23.750  1.0000e-07
10.000  24.000  1.0000e-07
10.250  17.000  4.2634e-05
10.250  17.250  3.1687e-05
10.250  17.500  2.7325e-05
10.250  17.750  2.8148e-05
10.250  18.000  3.3086e-05
10.250  18.250  3.7942e-05
10.250  18.500  4.6123e-05
10.250  18.750  5.7826e-05
10.250  19.000  7.1770e-05
10.250  19.250  8.0329e-05
10.250  19.500  6.2551e-05
10.250  19.750  3.7284e-05
10.250  20.000  1.9012e-05
10.250  20.250  1.0000e-07
10.250  20.500  1.0000e-07
10.250  20.750  1.0000e-07
10.250  21.000  1.0000e-07
10.250  21.250  1.0000e-07
10.250  21.500  1.0000e-07
10.250  21.750  1.0000e-07
10.250  22.000  1.0000e-07
10.250  22.250  1.0000e-07
10.250  22.500  1.0000e-07
10.250  22.750  1.0000e-07
10.250  23.000  1.0000e-07
10.250  23.250  1.0000e-07
10.250  23.500  1.0000e-07
10.250  23.750  1.0000e-07
10.250  24.000  1.0000e-07
10.500  17.000  8.3786e-05
10.500  17.250  6.2881e-05
10.500  17.500  5.7202e-05
10.500  17.750  6.2881e-05
10.500  18.000  8.7654e-05
10.500  18.250  1.2848e-04
10.500  18.500  1.6181e-04
10.500  18.750  1.9012e-04
10.500  19.000  2.0214e-04
10.500  19.250  1.8041e-04
10.500  19.500  1.2420e-04
10.500  19.750  7.4239e-05
10.500  20.000  4.0082e-05
10.500  20.250  1.0617e-05
10.500  20.500  1.0000e-07
10.500  20.750  1.0000e-07
10.500  21.000  1.0000e-07
10.500  21.250  1.0000e-07
10.500  21.500  1.0000e-07
10.500  21.750  1.0000e-07
10.500  22.000  1.0000e-07
10.500  22.250  1.0000e-07
10.500  22.500  1.0000e-07
10.500  22.750  1.0000e-07
10.500  23.000  1.0000e-07
10.500  23.250  1.0000e-07
10.500  23.500  1.0000e-07
10.500  23.750  1.0000e-07
10.500  24.000  1.0000e-07
10.750  17.000  1.6033e-04
10.750  17.250  1.2963e-04
10.750  17.500  1.2889e-04
10.750  17.750  1.9333e-04
10.750  18.000  2.8346e-04
10.750  18.250  3.7901e-04
10.750  18.500  4.5819e-04
10.750  18.750  5.0370e-04
10.750  19.000  4.6733e-04
10.750  19.250  3.6412e-04
10.750  19.500  2.3514e-04
10.750  19.750  1.3844e-04
10.750  20.000  7.9671e-05
10.750  20.250  4.0576e-05
10.750  20.500  6.6667e-06
10.750  20.750  1.0000e-07
10.750  21.000  1.0000e-07
10.750  21.250  1.0000e-07
10.750  21.500  1.0000e-07
10.750  21.750  1.0000e-07
10.750  22.000  1.0000e-07
10.750  22.250  1.0000e-07
10.750  22.500  1.0000e-07
10.750  22.750  1.0000e-07
10.750  23.000  1.0000e-07
10.750  23.250  1.0000e-07
10.750  23.500  1.0000e-07
10.750  23.750  1.0000e-07
10.750  24.000  1.0000e-07
11.000  17.000  3.0337e-04
11.000  17.250  2.6173e-04
11.000  17.500  3.4082e-04
11.000  17.750  5.2115e-04
11.000  18.000  7.3391e-04
11.000  18.250  9.5243e-04
11.000  18.500  1.0984e-03
11.000  18.750  1.0961e-03
11.000  19.000  9.4189e-04
11.000  19.250  6.8642e-04
11.000  19.500  4.3909e-04
11.000  19.750  2.6189e-04
11.000  20.000  1.5103e-04
11.000  20.250  8.1893e-05
11.000  20.500  3.9588e-05
11.000  20.750  6.2551e-06
11.000  21.000  1.0000e-07
11.000  21.250  1.0000e-07
11.000  21.500  1.0000e-07
11.000  21.750  1.0000e-07
11.000  22.000  1.0000e-07
11.000  22.250  1.0000e-07
11.000  22.500  1.0000e-07
11.000  22.750  1.0000e-07
11.000  23.000  1.0000e-07
11.000  23.250  1.0000e-07
11.000  23.500  1.0000e-07
11.000  23.750  1.0000e-07
11.000  24.000  1.0000e-07
11.250  17.000  5.6074e-04
11.250  17.250  5.5086e-04
11.250  17.500  8.2922e-04
11.250  17.750  1.2236e-03
11.250  18.000  1.6808e-03
11.250  18.250  2.0903e-03
11.250  18.500  2.2382e-03
11.250  18.750  2.0878e-03
11.250  19.000  1.6925e-03
11.250  19.250  1.2100e-03
11.250  19.500  7.7811e-04
11.250  19.750  4.6996e-04
11.250  20.000  2.7029e-04
11.250  20.250  1.5259e-04
11.250  20.500  8.2551e-05
11.250  20.750  3.8189e-05
11.250  21.000  6.6667e-06
11.250  21.250  1.0000e-07
11.250  21.500  1.0000e-07
11.250  21.750  1.0000e-07
11.250  22.000  1.0000e-07
11.250  22.250  1.0000e-07
11.250  22.500  1.0000e-07
11.250  22.750  1.0000e-07
11.250  23.000  1.0000e-07
11.250  23.250  1.0000e-07
11.250  23.500  1.0000e-07
11.250  23.750  1.0000e-07
11.250  24.000  1.0000e-07
11.500  17.000  1.0410e-03
11.500  17.250  1.2402e-03
11.500  17.500  1.8138e-03
11.500  17.750  2.6088e-03
11.500  18.000  3.4621e-03
11.500  18.250  4.0009e-03
11.500  18.500  4.0416e-03
11.500  18.750  3.5515e-03
11.500  19.000  2.7707e-03
11.500  19.250  1.9739e-03
11.500  19.500  1.2901e-03
11.500  19.750  7.9440e-04
11.500  20.000  4.6527e-04
11.500  20.250  2.6305e-04
11.500  20.500  1.4823e-04
11.500  20.750  8.1646e-05
11.500  21.000  3.5473e-05
11.500  21.250  6.6667e-06
11.500  21.500  1.0000e-07
11.500  21.750  1.0000e-07
11.500  22.000  1.0000e-07
11.500  22.250  1.0000e-07
11.500  22.500  1.0000e-07
11.500  22.750  1.0000e-07
11.500  23.000  1.0000e-07
11.500  23.250  1.0000e-07
11.500  23.500  1.0000e-07
11.500  23.750  1.0000e-07
11.500  24.000  1.0000e-07
11.750  17.000  2.2689e-03
11.750  17.250  2.6749e-03
11.750  17.500  3.7239e-03
11.750  17.750  5.1514e-03
11.750  18.000  6.3988e-03
11.750  18.250  6.9308e-03
11.750  18.500  6.6204e-03
11.750  18.750  5.5366e-03
11.750  19.000  4.1769e-03
11.750  19.250  2.9626e-03
11.750  19.500  1.9787e-03
11.750  19.750  1.2428e-03
11.750  20.000  7.4198e-04
11.750  20.250  4.2708e-04
11.750  20.500  2.4148e-04
11.750  20.750  1.3860e-04
11.750  21.000  7.7613e-05
11.750  21.250  3.6049e-05
11.750  21.500  7.7366e-06
11.750  21.750  1.0000e-07
11.750  22.000  1.0000e-07
11.750  22.250  1.0000e-07
11.750  22.500  1.0000e-07
11.750  22.750  1.0000e-07
11.750  23.000  1.0000e-07
11.750  23.250  1.0000e-07
11.750  23.500  1.0000e-07
11.750  23.750  1.0000e-07
11.750  24.000  1.0000e-07
12.000  17.000  5.0374e-03
12.000  17.250  5.7034e-03
12.000  17.500  7.3183e-03
12.000  17.750  9.3044e-03
12.000  18.000  1.0821e-02
12.000  18.250  1.1012e-02
12.000  18.500  9.8607e-03
12.000  18.750  7.9346e-03
12.000  19.000  5.8790e-03
12.000  19.250  4.1646e-03
12.000  19.500  2.8163e-03
12.000  19.750  1.7976e-03
12.000  20.000  1.0953e-03
12.000  20.250  6.4255e-04
12.000  20.500  3.6856e-04
12.000  20.750  2.1177e-04
12.000  21.000  1.2568e-04
12.000  21.250  7.5473e-05
12.000  21.500  3.4403e-05
12.000  21.750  6.9959e-06
12.000  22.000  1.0000e-07
12.000  22.250  1.0000e-07
12.000  22.500  1.0000e-07
12.000  22.750  1.0000e-07
12.000  23.000  1.0000e-07
12.000  23.250  1.0000e-07
12.000  23.500  1.0000e-07
12.000  23.750  1.0000e-07
12.000  24.000  1.0000e-07
12.250  17.000  1.0967e-02
12.250  17.250  1.1639e-02
12.250  17.500  1.3588e-02
12.250  17.750  1.5953e-02
12.250  18.000  1.6991e-02
12.250  18.250  1.6142e-02
12.250  18.500  1.3887e-02
12.250  18.750  1.0738e-02
12.250  19.000  7.8154e-03
12.250  19.250  5.5066e-03
12.250  19.500  3.7340e-03
12.250  19.750  2.4206e-03
12.250  20.000  1.5065e-03
12.250  20.250  9.0230e-04
12.250  20.500  5.2774e-04
12.250  20.750  3.0642e-04
12.250  21.000  1.8099e-04
12.250  21.250  1.1218e-04
12.250  21.500  6.8971e-05
12.250  21.750  3.1523e-05
12.250  22.000  7.1605e-06
12.250  22.250  1.0000e-07
12.250  22.500  1.0000e-07
12.250  22.750  1.0000e-07
12.250  23.000  1.0000e-07
12.250  23.250  1.0000e-07
12.250  23.500  1.0000e-07
12.250  23.750  1.0000e-07
12.250  24.000  1.0000e-07
12.500  17.000  2.0156e-02
12.500  17.250  2.1459e-02
12.500  17.500  2.3331e-02
12.500  17.750  2.4843e-02
12.500  18.000  2.4595e-02
12.500  18.250  2.2529e-02
12.500  18.500  1.8360e-02
12.500  18.750  1.3916e-02
12.500  19.000  1.0002e-02
12.500  19.250  6.9188e-03
12.500  19.500  4.6725e-03
12.500  19.750  3.0648e-03
12.500  20.000  1.9450e-03
12.500  20.250  1.1939e-03
12.500  20.500  7.1416e-04
12.500  20.750  4.2156e-04
12.500  21.000  2.5070e-04
12.500  21.250  1.5374e-04
12.500  21.500  9.6543e-05
12.500  21.750  6.3868e-05
12.500  22.000  3.1605e-05
12.500  22.250  5.8436e-06
12.500  22.500  1.0000e-07
12.500  22.750  1.0000e-07
12.500  23.000  1.0000e-07
12.500  23.250  1.0000e-07
12.500  23.500  1.0000e-07
12.500  23.750  1.0000e-07
12.500  24.000  1.0000e-07
12.750  17.000  3.4024e-02
12.750  17.250  3.4511e-02
12.750  17.500  3.4980e-02
12.750  17.750  3.5040e-02
12.750  18.000  3.4022e-02
12.750  18.250  2.9497e-02
12.750  18.500  2.3263e-02
12.750  18.750  1.7313e-02
12.750  19.000  1.2246e-02
12.750  19.250  8.3766e-03
12.750  19.500  5.6119e-03
12.750  19.750  3.6886e-03
12.750  20.000  2.3749e-03
12.750  20.250  1.4929e-03
12.750  20.500  9.1704e-04
12.750  20.750  5.5465e-04
12.750  21.000  3.3613e-04
12.750  21.250  2.0609e-04
12.750  21.500  1.2741e-04
12.750  21.750  8.5185e-05
12.750  22.000  5.7695e-05
12.750  22.250  2.8230e-05
12.750  22.500  3.1276e-06
12.750  22.750  1.0000e-07
12.750  23.000  1.0000e-07
12.750  23.250  1.0000e-07
12.750  23.500  1.0000e-07
12.750  23.750  1.0000e-07
12.750  24.000  1.0000e-07
13.000  17.000  3.8211e-02
13.000  17.250  4.2617e-02
13.000  17.500  4.5719e-02
13.000  17.750  4.5875e-02
13.000  18.000  4.1411e-02
13.000  18.250  3.5232e-02
13.000  18.500  2.7830e-02
13.000  18.750  2.0640e-02
13.000  19.000  1.4514e-02
13.000  19.250  9.8605e-03
13.000  19.500  6.5676e-03
13.000  19.750  4.2927e-03
13.000  20.000  2.7762e-03
13.000  20.250  1.7755e-03
13.000  20.500  1.1186e-03
13.000  20.750  6.9416e-04
13.000  21.000  4.2774e-04
13.000  21.250  2.6634e-04
13.000  21.500  1.6551e-04
13.000  21.750  1.0790e-04
13.000  22.000  7.4486e-05
13.000  22.250  5.0864e-05
13.000  22.500  2.5103e-05
13.000  22.750  1.9753e-06
13.000  23.000  1.0000e-07
13.000  23.250  1.0000e-07
13.000  23.500  1.0000e-07
13.000  23.750  1.0000e-07
13.000  24.000  1.0000e-07
13.250  17.000  4.3491e-02
13.250  17.250  4.4039e-02
13.250  17.500  4.6526e-02
13.250  17.750  4.8025e-02
13.250  18.000  4.5493e-02
13.250  18.250  3.8846e-02
13.250  18.500  3.1450e-02
13.250  18.750  2.3528e-02
13.250  19.000  1.6662e-02
13.250  19.250  1.1342e-02
13.250  19.500  7.5015e-03
13.250  19.750  4.8945e-03
13.250  20.000  3.1582e-03
13.250  20.250  2.0305e-03
13.250  20.500  1.2973e-03
13.250  20.750  8.2519e-04
13.250  21.000  5.2058e-04
13.250  21.250  3.2979e-04
13.250  21.500  2.0749e-04
13.250  21.750  1.3506e-04
13.250  22.000  9.1029e-05
13.250  22.250  6.3951e-05
13.250  22.500  4.2469e-05
13.250  22.750  2.0576e-05
13.250  23.000  1.7284e-06
13.250  23.250  1.0000e-07
13.250  23.500  1.0000e-07
13.250  23.750  1.0000e-07
13.250  24.000  1.0000e-07
13.500  17.000  4.9766e-02
13.500  17.250  4.9206e-02
13.500  17.500  5.0946e-02
13.500  17.750  5.1161e-02
13.500  18.000  4.8785e-02
13.500  18.250  4.2588e-02
13.500  18.500  3.3819e-02
13.500  18.750  2.5760e-02
13.500  19.000  1.8500e-02
13.500  19.250  1.2718e-02
13.500  19.500  8.4533e-03
13.500  19.750  5.5088e-03
13.500  20.000  3.5513e-03
13.500  20.250  2.2760e-03
13.500  20.500  1.4580e-03
13.500  20.750  9.3424e-04
13.500  21.000  5.9959e-04
13.500  21.250  3.8584e-04
13.500  21.500  2.4716e-04
13.500  21.750  1.6173e-04
13.500  22.000  1.0840e-04
13.500  22.250  7.4897e-05
13.500  22.500  5.3580e-05
13.500  22.750  3.4239e-05
13.500  23.000  1.5638e-05
13.500  23.250  9.8765e-07
13.500  23.500  1.0000e-07
13.500  23.750  1.0000e-07
13.500  24.000  1.0000e-07
13.750  17.000  5.6675e-02
13.750  17.250  5.6511e-02
13.750  17.500  5.6664e-02
13.750  17.750  5.4440e-02
13.750  18.000  5.1664e-02
13.750  18.250  4.5255e-02
13.750  18.500  3.6428e-02
13.750  18.750  2.7466e-02
13.750  19.000  1.9942e-02
13.750  19.250  1.3895e-02
13.750  19.500  9.3576e-03
13.750  19.750  6.1263e-03
13.750  20.000  3.9504e-03
13.750  20.250  2.5270e-03
13.750  20.500  1.6119e-03
13.750  20.750  1.0296e-03
13.750  21.000  6.6082e-04
13.750  21.250  4.2716e-04
13.750  21.500  2.7687e-04
13.750  21.750  1.8280e-04
13.750  22.000  1.2280e-04
13.750  22.250  8.4527e-05
13.750  22.500  5.9835e-05
13.750  22.750  4.3128e-05
13.750  23.000  2.6255e-05
13.750  23.250  1.0206e-05
13.750  23.500  1.0000e-07
13.750  23.750  1.0000e-07
13.750  24.000  1.0000e-07
14.000  17.000  6.5212e-02
14.000  17.250  6.3721e-02
14.000  17.500  6.3232e-02
14.000  17.750  5.9645e-02
14.000  18.000  5.4603e-02
14.000  18.250  4.7621e-02
14.000  18.500  3.8476e-02
14.000  18.750  2.9250e-02
14.000  19.000  2.1199e-02
14.000  19.250  1.4856e-02
14.000  19.500  1.0121e-02
14.000  19.750  6.7002e-03
14.000  20.000  4.3381e-03
14.000  20.250  2.7739e-03
14.000  20.500  1.7640e-03
14.000  20.750  1.1203e-03
14.000  21.000  7.1383e-04
14.000  21.250  4.5868e-04
14.000  21.500  2.9605e-04
14.000  21.750  1.9514e-04
14.000  22.000  1.3128e-04
14.000  22.250  9.0453e-05
14.000  22.500  6.4198e-05
14.000  22.750  4.6337e-05
14.000  23.000  3.3333e-05
14.000  23.250  1.8436e-05
14.000  23.500  5.1852e-06
14.000  23.750  1.0000e-07
14.000  24.000  1.0000e-07
