InwC 1.64313m  relative to Inci 1215.00A scaled to 1215A.
Hden   Phi(H)  Eq_Width (A)
7.000  17.000  1.9799e-03
7.000  17.250  2.6342e-03
7.000  17.500  2.7205e-03
7.000  17.750  2.7734e-03
7.000  18.000  2.7747e-03
7.000  18.250  2.7766e-03
7.000  18.500  2.7770e-03
7.000  18.750  2.7773e-03
7.000  19.000  2.7776e-03
7.000  19.250  2.7779e-03
7.000  19.500  2.7779e-03
7.000  19.750  2.7780e-03
7.000  20.000  2.7780e-03
7.000  20.250  2.7780e-03
7.000  20.500  2.7780e-03
7.000  20.750  2.7780e-03
7.000  21.000  2.7780e-03
7.000  21.250  2.7780e-03
7.000  21.500  2.7780e-03
7.000  21.750  2.7781e-03
7.000  22.000  2.7781e-03
7.000  22.250  2.7781e-03
7.000  22.500  2.7781e-03
7.000  22.750  2.7784e-03
7.000  23.000  2.7782e-03
7.000  23.250  2.7782e-03
7.000  23.500  2.7782e-03
7.000  23.750  2.7782e-03
7.000  24.000  2.7783e-03
7.250  17.000  1.4895e-03
7.250  17.250  2.0062e-03
7.250  17.500  2.6346e-03
7.250  17.750  2.7212e-03
7.250  18.000  2.7734e-03
7.250  18.250  2.7747e-03
7.250  18.500  2.7766e-03
7.250  18.750  2.7770e-03
7.250  19.000  2.7773e-03
7.250  19.250  2.7776e-03
7.250  19.500  2.7779e-03
7.250  19.750  2.7779e-03
7.250  20.000  2.7780e-03
7.250  20.250  2.7780e-03
7.250  20.500  2.7780e-03
7.250  20.750  2.7780e-03
7.250  21.000  2.7780e-03
7.250  21.250  2.7780e-03
7.250  21.500  2.7780e-03
7.250  21.750  2.7780e-03
7.250  22.000  2.7780e-03
7.250  22.250  2.7780e-03
7.250  22.500  2.7780e-03
7.250  22.750  2.7781e-03
7.250  23.000  2.7781e-03
7.250  23.250  2.7781e-03
7.250  23.500  2.7781e-03
7.250  23.750  2.7781e-03
7.250  24.000  2.7781e-03
7.500  17.000  1.0597e-03
7.500  17.250  1.5274e-03
7.500  17.500  2.0304e-03
7.500  17.750  2.6349e-03
7.500  18.000  2.7217e-03
7.500  18.250  2.7734e-03
7.500  18.500  2.7747e-03
7.500  18.750  2.7766e-03
7.500  19.000  2.7770e-03
7.500  19.250  2.7773e-03
7.500  19.500  2.7776e-03
7.500  19.750  2.7779e-03
7.500  20.000  2.7779e-03
7.500  20.250  2.7780e-03
7.500  20.500  2.7780e-03
7.500  20.750  2.7780e-03
7.500  21.000  2.7780e-03
7.500  21.250  2.7780e-03
7.500  21.500  2.7780e-03
7.500  21.750  2.7780e-03
7.500  22.000  2.7780e-03
7.500  22.250  2.7780e-03
7.500  22.500  2.7780e-03
7.500  22.750  2.7780e-03
7.500  23.000  2.7780e-03
7.500  23.250  2.7780e-03
7.500  23.500  2.7780e-03
7.500  23.750  2.7780e-03
7.500  24.000  2.7780e-03
7.750  17.000  7.1267e-04
7.750  17.250  1.0891e-03
7.750  17.500  1.5691e-03
7.750  17.750  2.0572e-03
7.750  18.000  2.6351e-03
7.750  18.250  2.7223e-03
7.750  18.500  2.7734e-03
7.750  18.750  2.7747e-03
7.750  19.000  2.7766e-03
7.750  19.250  2.7770e-03
7.750  19.500  2.7773e-03
7.750  19.750  2.7776e-03
7.750  20.000  2.7779e-03
7.750  20.250  2.7779e-03
7.750  20.500  2.7780e-03
7.750  20.750  2.7780e-03
7.750  21.000  2.7780e-03
7.750  21.250  2.7780e-03
7.750  21.500  2.7780e-03
7.750  21.750  2.7780e-03
7.750  22.000  2.7780e-03
7.750  22.250  2.7780e-03
7.750  22.500  2.7780e-03
7.750  22.750  2.7780e-03
7.750  23.000  2.7780e-03
7.750  23.250  2.7780e-03
7.750  23.500  2.7780e-03
7.750  23.750  2.7780e-03
7.750  24.000  2.7780e-03
8.000  17.000  4.7934e-04
8.000  17.250  7.2724e-04
8.000  17.500  1.1165e-03
8.000  17.750  1.6078e-03
8.000  18.000  2.0816e-03
8.000  18.250  2.6351e-03
8.000  18.500  2.7224e-03
8.000  18.750  2.7734e-03
8.000  19.000  2.7748e-03
8.000  19.250  2.7766e-03
8.000  19.500  2.7770e-03
8.000  19.750  2.7773e-03
8.000  20.000  2.7776e-03
8.000  20.250  2.7779e-03
8.000  20.500  2.7779e-03
8.000  20.750  2.7780e-03
8.000  21.000  2.7780e-03
8.000  21.250  2.7780e-03
8.000  21.500  2.7780e-03
8.000  21.750  2.7780e-03
8.000  22.000  2.7780e-03
8.000  22.250  2.7780e-03
8.000  22.500  2.7780e-03
8.000  22.750  2.7780e-03
8.000  23.000  2.7780e-03
8.000  23.250  2.7780e-03
8.000  23.500  2.7780e-03
8.000  23.750  2.7780e-03
8.000  24.000  2.7780e-03
8.250  17.000  3.3202e-04
8.250  17.250  4.9218e-04
8.250  17.500  7.5243e-04
8.250  17.750  1.1651e-03
8.250  18.000  1.6787e-03
8.250  18.250  2.1302e-03
8.250  18.500  2.6352e-03
8.250  18.750  2.7230e-03
8.250  19.000  2.7734e-03
8.250  19.250  2.7747e-03
8.250  19.500  2.7766e-03
8.250  19.750  2.7770e-03
8.250  20.000  2.7773e-03
8.250  20.250  2.7776e-03
8.250  20.500  2.7779e-03
8.250  20.750  2.7779e-03
8.250  21.000  2.7780e-03
8.250  21.250  2.7780e-03
8.250  21.500  2.7780e-03
8.250  21.750  2.7780e-03
8.250  22.000  2.7780e-03
8.250  22.250  2.7780e-03
8.250  22.500  2.7780e-03
8.250  22.750  2.7780e-03
8.250  23.000  2.7780e-03
8.250  23.250  2.7780e-03
8.250  23.500  2.7780e-03
8.250  23.750  2.7780e-03
8.250  24.000  2.7780e-03
8.500  17.000  2.3399e-04
8.500  17.250  3.4132e-04
8.500  17.500  5.1128e-04
8.500  17.750  7.9449e-04
8.500  18.000  1.2428e-03
8.500  18.250  1.7818e-03
8.500  18.500  2.1947e-03
8.500  18.750  2.6353e-03
8.500  19.000  2.7236e-03
8.500  19.250  2.7734e-03
8.500  19.500  2.7747e-03
8.500  19.750  2.7766e-03
8.500  20.000  2.7770e-03
8.500  20.250  2.7773e-03
8.500  20.500  2.7776e-03
8.500  20.750  2.7779e-03
8.500  21.000  2.7779e-03
8.500  21.250  2.7780e-03
8.500  21.500  2.7780e-03
8.500  21.750  2.7780e-03
8.500  22.000  2.7780e-03
8.500  22.250  2.7780e-03
8.500  22.500  2.7780e-03
8.500  22.750  2.7780e-03
8.500  23.000  2.7780e-03
8.500  23.250  2.7780e-03
8.500  23.500  2.7780e-03
8.500  23.750  2.7780e-03
8.500  24.000  2.7780e-03
8.750  17.000  1.6642e-04
8.750  17.250  2.4099e-04
8.750  17.500  3.5621e-04
8.750  17.750  5.4354e-04
8.750  18.000  8.6675e-04
8.750  18.250  1.3698e-03
8.750  18.500  1.8857e-03
8.750  18.750  2.2620e-03
8.750  19.000  2.6353e-03
8.750  19.250  2.7242e-03
8.750  19.500  2.7734e-03
8.750  19.750  2.7747e-03
8.750  20.000  2.7765e-03
8.750  20.250  2.7770e-03
8.750  20.500  2.7773e-03
8.750  20.750  2.7776e-03
8.750  21.000  2.7779e-03
8.750  21.250  2.7779e-03
8.750  21.500  2.7780e-03
8.750  21.750  2.7780e-03
8.750  22.000  2.7780e-03
8.750  22.250  2.7780e-03
8.750  22.500  2.7780e-03
8.750  22.750  2.7780e-03
8.750  23.000  2.7780e-03
8.750  23.250  2.7780e-03
8.750  23.500  2.7780e-03
8.750  23.750  2.7780e-03
8.750  24.000  2.7780e-03
9.000  17.000  1.1868e-04
9.000  17.250  1.7152e-04
9.000  17.500  2.5226e-04
9.000  17.750  3.8173e-04
9.000  18.000  6.0560e-04
9.000  18.250  9.8675e-04
9.000  18.500  1.5292e-03
9.000  18.750  2.0195e-03
9.000  19.000  2.3644e-03
9.000  19.250  2.6350e-03
9.000  19.500  2.7246e-03
9.000  19.750  2.7733e-03
9.000  20.000  2.7747e-03
9.000  20.250  2.7765e-03
9.000  20.500  2.7769e-03
9.000  20.750  2.7773e-03
9.000  21.000  2.7776e-03
9.000  21.250  2.7779e-03
9.000  21.500  2.7779e-03
9.000  21.750  2.7780e-03
9.000  22.000  2.7780e-03
9.000  22.250  2.7780e-03
9.000  22.500  2.7780e-03
9.000  22.750  2.7780e-03
9.000  23.000  2.7780e-03
9.000  23.250  2.7780e-03
9.000  23.500  2.7780e-03
9.000  23.750  2.7780e-03
9.000  24.000  2.7780e-03
9.250  17.000  8.4856e-05
9.250  17.250  1.2247e-04
9.250  17.500  1.8008e-04
9.250  17.750  2.7259e-04
9.250  18.000  4.3136e-04
9.250  18.250  7.0741e-04
9.250  18.500  1.1390e-03
9.250  18.750  1.6802e-03
9.250  19.000  2.1143e-03
9.250  19.250  2.4667e-03
9.250  19.500  2.6339e-03
9.250  19.750  2.7247e-03
9.250  20.000  2.7732e-03
9.250  20.250  2.7747e-03
9.250  20.500  2.7765e-03
9.250  20.750  2.7769e-03
9.250  21.000  2.7773e-03
9.250  21.250  2.7776e-03
9.250  21.500  2.7776e-03
9.250  21.750  2.7766e-03
9.250  22.000  2.7765e-03
9.250  22.250  2.7766e-03
9.250  22.500  2.7780e-03
9.250  22.750  2.7780e-03
9.250  23.000  2.7780e-03
9.250  23.250  2.7780e-03
9.250  23.500  2.7780e-03
9.250  23.750  2.7780e-03
9.250  24.000  2.7780e-03
9.500  17.000  6.0576e-05
9.500  17.250  8.7490e-05
9.500  17.500  1.2905e-04
9.500  17.750  1.9663e-04
9.500  18.000  3.1383e-04
9.500  18.250  5.1835e-04
9.500  18.500  8.3531e-04
9.500  18.750  1.2930e-03
9.500  19.000  1.8427e-03
9.500  19.250  2.2046e-03
9.500  19.500  2.5425e-03
9.500  19.750  2.6325e-03
9.500  20.000  2.7244e-03
9.500  20.250  2.7730e-03
9.500  20.500  2.7746e-03
9.500  20.750  2.7764e-03
9.500  21.000  2.7765e-03
9.500  21.250  2.7760e-03
9.500  21.500  2.7761e-03
9.500  21.750  2.7762e-03
9.500  22.000  2.7757e-03
9.500  22.250  2.7754e-03
9.500  22.500  2.7755e-03
9.500  22.750  2.7755e-03
9.500  23.000  2.7755e-03
9.500  23.250  2.7755e-03
9.500  23.500  2.7763e-03
9.500  23.750  2.7763e-03
9.500  24.000  2.7763e-03
9.750  17.000  4.3210e-05
9.750  17.250  6.2551e-05
9.750  17.500  9.2593e-05
9.750  17.750  1.4230e-04
9.750  18.000  2.3078e-04
9.750  18.250  3.8494e-04
9.750  18.500  6.2099e-04
9.750  18.750  9.6494e-04
9.750  19.000  1.4375e-03
9.750  19.250  1.9515e-03
9.750  19.500  2.3263e-03
9.750  19.750  2.5811e-03
9.750  20.000  2.6305e-03
9.750  20.250  2.7235e-03
9.750  20.500  2.7726e-03
9.750  20.750  2.7743e-03
9.750  21.000  2.7763e-03
9.750  21.250  2.7767e-03
9.750  21.500  2.7768e-03
9.750  21.750  2.7763e-03
9.750  22.000  2.7764e-03
9.750  22.250  2.7760e-03
9.750  22.500  2.7756e-03
9.750  22.750  2.7754e-03
9.750  23.000  2.7755e-03
9.750  23.250  2.7755e-03
9.750  23.500  2.7755e-03
9.750  23.750  2.7755e-03
9.750  24.000  2.7755e-03
10.000  17.000  3.0782e-05
10.000  17.250  4.4691e-05
10.000  17.500  6.6502e-05
10.000  17.750  1.0329e-04
10.000  18.000  1.7029e-04
10.000  18.250  2.8708e-04
10.000  18.500  4.6156e-04
10.000  18.750  7.1868e-04
10.000  19.000  1.0811e-03
10.000  19.250  1.5727e-03
10.000  19.500  2.0450e-03
10.000  19.750  2.4265e-03
10.000  20.000  2.5779e-03
10.000  20.250  2.6280e-03
10.000  20.500  2.7225e-03
10.000  20.750  2.7719e-03
10.000  21.000  2.7740e-03
10.000  21.250  2.7761e-03
10.000  21.500  2.7767e-03
10.000  21.750  2.7770e-03
10.000  22.000  2.7768e-03
10.000  22.250  2.7764e-03
10.000  22.500  2.7763e-03
10.000  22.750  2.7760e-03
10.000  23.000  2.7756e-03
10.000  23.250  2.7755e-03
10.000  23.500  2.7754e-03
10.000  23.750  2.7754e-03
10.000  24.000  2.7754e-03
10.250  17.000  2.1893e-05
10.250  17.250  3.1934e-05
10.250  17.500  4.7819e-05
10.250  17.750  7.5309e-05
10.250  18.000  1.2584e-04
10.250  18.250  2.1243e-04
10.250  18.500  3.4444e-04
10.250  18.750  5.3613e-04
10.250  19.000  8.0642e-04
10.250  19.250  1.1905e-03
10.250  19.500  1.6560e-03
10.250  19.750  2.1156e-03
10.250  20.000  2.4960e-03
10.250  20.250  2.5732e-03
10.250  20.500  2.6249e-03
10.250  20.750  2.7216e-03
10.250  21.000  2.7706e-03
10.250  21.250  2.7733e-03
10.250  21.500  2.7760e-03
10.250  21.750  2.7766e-03
10.250  22.000  2.7771e-03
10.250  22.250  2.7773e-03
10.250  22.500  2.7765e-03
10.250  22.750  2.7765e-03
10.250  23.000  2.7762e-03
10.250  23.250  2.7760e-03
10.250  23.500  2.7758e-03
10.250  23.750  2.7757e-03
10.250  24.000  2.7756e-03
10.500  17.000  1.5638e-05
10.500  17.250  2.2881e-05
10.500  17.500  3.4486e-05
10.500  17.750  5.5062e-05
10.500  18.000  9.3004e-05
10.500  18.250  1.5852e-04
10.500  18.500  2.5473e-04
10.500  18.750  3.9621e-04
10.500  19.000  5.9391e-04
10.500  19.250  8.7342e-04
10.500  19.500  1.2526e-03
10.500  19.750  1.7111e-03
10.500  20.000  2.1876e-03
10.500  20.250  2.5356e-03
10.500  20.500  2.5667e-03
10.500  20.750  2.6214e-03
10.500  21.000  2.7216e-03
10.500  21.250  2.7686e-03
10.500  21.500  2.7730e-03
10.500  21.750  2.7756e-03
10.500  22.000  2.7765e-03
10.500  22.250  2.7770e-03
10.500  22.500  2.7774e-03
10.500  22.750  2.7767e-03
10.500  23.000  2.7765e-03
10.500  23.250  2.7764e-03
10.500  23.500  2.7763e-03
10.500  23.750  2.7761e-03
10.500  24.000  2.7760e-03
10.750  17.000  1.1276e-05
10.750  17.250  1.6379e-05
10.750  17.500  2.4938e-05
10.750  17.750  4.0329e-05
10.750  18.000  6.8724e-05
10.750  18.250  1.1654e-04
10.750  18.500  1.8683e-04
10.750  18.750  2.8881e-04
10.750  19.000  4.3317e-04
10.750  19.250  6.3399e-04
10.750  19.500  9.1654e-04
10.750  19.750  1.2988e-03
10.750  20.000  1.7649e-03
10.750  20.250  2.2560e-03
10.750  20.500  2.5244e-03
10.750  20.750  2.5576e-03
10.750  21.000  2.6170e-03
10.750  21.250  2.7230e-03
10.750  21.500  2.7677e-03
10.750  21.750  2.7717e-03
10.750  22.000  2.7747e-03
10.750  22.250  2.7762e-03
10.750  22.500  2.7769e-03
10.750  22.750  2.7774e-03
10.750  23.000  2.7774e-03
10.750  23.250  2.7765e-03
10.750  23.500  2.7765e-03
10.750  23.750  2.7765e-03
10.750  24.000  2.7764e-03
11.000  17.000  8.0658e-06
11.000  17.250  1.1770e-05
11.000  17.500  1.8025e-05
11.000  17.750  2.9465e-05
11.000  18.000  5.0453e-05
11.000  18.250  8.5021e-05
11.000  18.500  1.3745e-04
11.000  18.750  2.1144e-04
11.000  19.000  3.1588e-04
11.000  19.250  4.6049e-04
11.000  19.500  6.6123e-04
11.000  19.750  9.4782e-04
11.000  20.000  1.3374e-03
11.000  20.250  1.8095e-03
11.000  20.500  2.3142e-03
11.000  20.750  2.5042e-03
11.000  21.000  2.5446e-03
11.000  21.250  2.6126e-03
11.000  21.500  2.7335e-03
11.000  21.750  2.7642e-03
11.000  22.000  2.7696e-03
11.000  22.250  2.7735e-03
11.000  22.500  2.7758e-03
11.000  22.750  2.7766e-03
11.000  23.000  2.7772e-03
11.000  23.250  2.7776e-03
11.000  23.500  2.7767e-03
11.000  23.750  2.7765e-03
11.000  24.000  2.7765e-03
11.250  17.000  5.8436e-06
11.250  17.250  8.4774e-06
11.250  17.500  1.3004e-05
11.250  17.750  2.1481e-05
11.250  18.000  3.6708e-05
11.250  18.250  6.1481e-05
11.250  18.500  9.7860e-05
11.250  18.750  1.5177e-04
11.250  19.000  2.2617e-04
11.250  19.250  3.2897e-04
11.250  19.500  4.7449e-04
11.250  19.750  6.7918e-04
11.250  20.000  9.6979e-04
11.250  20.250  1.3641e-03
11.250  20.500  1.8419e-03
11.250  20.750  2.3406e-03
11.250  21.000  2.4737e-03
11.250  21.250  2.5263e-03
11.250  21.500  2.6251e-03
11.250  21.750  2.7389e-03
11.250  22.000  2.7587e-03
11.250  22.250  2.7663e-03
11.250  22.500  2.7713e-03
11.250  22.750  2.7751e-03
11.250  23.000  2.7762e-03
11.250  23.250  2.7770e-03
11.250  23.500  2.7776e-03
11.250  23.750  2.7774e-03
11.250  24.000  2.7766e-03
11.500  17.000  4.1975e-06
11.500  17.250  6.0905e-06
11.500  17.500  9.3827e-06
11.500  17.750  1.5473e-05
11.500  18.000  2.6420e-05
11.500  18.250  4.4033e-05
11.500  18.500  6.9794e-05
11.500  18.750  1.0823e-04
11.500  19.000  1.6099e-04
11.500  19.250  2.3490e-04
11.500  19.500  3.3926e-04
11.500  19.750  4.8667e-04
11.500  20.000  6.9292e-04
11.500  20.250  9.8469e-04
11.500  20.500  1.3786e-03
11.500  20.750  1.8519e-03
11.500  21.000  2.3202e-03
11.500  21.250  2.4281e-03
11.500  21.500  2.5309e-03
11.500  21.750  2.6314e-03
11.500  22.000  2.7333e-03
11.500  22.250  2.7500e-03
11.500  22.500  2.7607e-03
11.500  22.750  2.7681e-03
11.500  23.000  2.7740e-03
11.500  23.250  2.7756e-03
11.500  23.500  2.7766e-03
11.500  23.750  2.7776e-03
11.500  24.000  2.7777e-03
11.750  17.000  3.0453e-06
11.750  17.250  4.3621e-06
11.750  17.500  6.7490e-06
11.750  17.750  1.1111e-05
11.750  18.000  1.8765e-05
11.750  18.250  3.1029e-05
11.750  18.500  4.9136e-05
11.750  18.750  7.5473e-05
11.750  19.000  1.1342e-04
11.750  19.250  1.6667e-04
11.750  19.500  2.4140e-04
11.750  19.750  3.4650e-04
11.750  20.000  4.9193e-04
11.750  20.250  6.9704e-04
11.750  20.500  9.8774e-04
11.750  20.750  1.3707e-03
11.750  21.000  1.8253e-03
11.750  21.250  2.2226e-03
11.750  21.500  2.4154e-03
11.750  21.750  2.5100e-03
11.750  22.000  2.6329e-03
11.750  22.250  2.7132e-03
11.750  22.500  2.7362e-03
11.750  22.750  2.7518e-03
11.750  23.000  2.7627e-03
11.750  23.250  2.7721e-03
11.750  23.500  2.7745e-03
11.750  23.750  2.7760e-03
11.750  24.000  2.7774e-03
12.000  17.000  2.2222e-06
12.000  17.250  3.2099e-06
12.000  17.500  4.8560e-06
12.000  17.750  7.9012e-06
12.000  18.000  1.3086e-05
12.000  18.250  2.1399e-05
12.000  18.500  3.4074e-05
12.000  18.750  5.2757e-05
12.000  19.000  7.9753e-05
12.000  19.250  1.1802e-04
12.000  19.500  1.7202e-04
12.000  19.750  2.4626e-04
12.000  20.000  3.4938e-04
12.000  20.250  4.9292e-04
12.000  20.500  6.9358e-04
12.000  20.750  9.7177e-04
12.000  21.000  1.3304e-03
12.000  21.250  1.7471e-03
12.000  21.500  2.1771e-03
12.000  21.750  2.3463e-03
12.000  22.000  2.4760e-03
12.000  22.250  2.6146e-03
12.000  22.500  2.6830e-03
12.000  22.750  2.7153e-03
12.000  23.000  2.7371e-03
12.000  23.250  2.7539e-03
12.000  23.500  2.7691e-03
12.000  23.750  2.7728e-03
12.000  24.000  2.7751e-03
12.250  17.000  1.4815e-06
12.250  17.250  2.3045e-06
12.250  17.500  3.4568e-06
12.250  17.750  5.5144e-06
12.250  18.000  8.9712e-06
12.250  18.250  1.4650e-05
12.250  18.500  2.3539e-05
12.250  18.750  3.6708e-05
12.250  19.000  5.5802e-05
12.250  19.250  8.3210e-05
12.250  19.500  1.2198e-04
12.250  19.750  1.7481e-04
12.250  20.000  2.4889e-04
12.250  20.250  3.4889e-04
12.250  20.500  4.8914e-04
12.250  20.750  6.7918e-04
12.250  21.000  9.3119e-04
12.250  21.250  1.2451e-03
12.250  21.500  1.7061e-03
12.250  21.750  2.0310e-03
12.250  22.000  2.2509e-03
12.250  22.250  2.4198e-03
12.250  22.500  2.5653e-03
12.250  22.750  2.6387e-03
12.250  23.000  2.6835e-03
12.250  23.250  2.7137e-03
12.250  23.500  2.7393e-03
12.250  23.750  2.7643e-03
12.250  24.000  2.7699e-03
12.500  17.000  1.0000e-07
12.500  17.250  1.5638e-06
12.500  17.500  2.4691e-06
12.500  17.750  3.8683e-06
12.500  18.000  6.1728e-06
12.500  18.250  9.9588e-06
12.500  18.500  1.6049e-05
12.500  18.750  2.5432e-05
12.500  19.000  3.9095e-05
12.500  19.250  5.8765e-05
12.500  19.500  8.6255e-05
12.500  19.750  1.2420e-04
12.500  20.000  1.7663e-04
12.500  20.250  2.4856e-04
12.500  20.500  3.4527e-04
12.500  20.750  4.7523e-04
12.500  21.000  6.4609e-04
12.500  21.250  8.5819e-04
12.500  21.500  1.2005e-03
12.500  21.750  1.5456e-03
12.500  22.000  1.8505e-03
12.500  22.250  2.1247e-03
12.500  22.500  2.3237e-03
12.500  22.750  2.4835e-03
12.500  23.000  2.5746e-03
12.500  23.250  2.6359e-03
12.500  23.500  2.6767e-03
12.500  23.750  2.7156e-03
12.500  24.000  2.7564e-03
12.750  17.000  1.0000e-07
12.750  17.250  8.2305e-07
12.750  17.500  1.6461e-06
12.750  17.750  2.6337e-06
12.750  18.000  4.1975e-06
12.750  18.250  6.7490e-06
12.750  18.500  1.0947e-05
12.750  18.750  1.7531e-05
12.750  19.000  2.7160e-05
12.750  19.250  4.1070e-05
12.750  19.500  6.0741e-05
12.750  19.750  8.7901e-05
12.750  20.000  1.2519e-04
12.750  20.250  1.7597e-04
12.750  20.500  2.4469e-04
12.750  20.750  3.3531e-04
12.750  21.000  4.4979e-04
12.750  21.250  5.9095e-04
12.750  21.500  8.2239e-04
12.750  21.750  1.0532e-03
12.750  22.000  1.3434e-03
12.750  22.250  1.6440e-03
12.750  22.500  1.9529e-03
12.750  22.750  2.1728e-03
12.750  23.000  2.3630e-03
12.750  23.250  2.4832e-03
12.750  23.500  2.5650e-03
12.750  23.750  2.6197e-03
12.750  24.000  2.6784e-03
13.000  17.000  1.0000e-07
13.000  17.250  1.0000e-07
13.000  17.500  1.0000e-07
13.000  17.750  1.5638e-06
13.000  18.000  2.7160e-06
13.000  18.250  4.6091e-06
13.000  18.500  7.4897e-06
13.000  18.750  1.1934e-05
13.000  19.000  1.8683e-05
13.000  19.250  2.8560e-05
13.000  19.500  4.2634e-05
13.000  19.750  6.1811e-05
13.000  20.000  8.8477e-05
13.000  20.250  1.2477e-04
13.000  20.500  1.7300e-04
13.000  20.750  2.3695e-04
13.000  21.000  3.1704e-04
13.000  21.250  4.1144e-04
13.000  21.500  5.6617e-04
13.000  21.750  7.0650e-04
13.000  22.000  8.7514e-04
13.000  22.250  1.1187e-03
13.000  22.500  1.4069e-03
13.000  22.750  1.7108e-03
13.000  23.000  1.9686e-03
13.000  23.250  2.1992e-03
13.000  23.500  2.3542e-03
13.000  23.750  2.4608e-03
13.000  24.000  2.5331e-03
13.250  17.000  1.0000e-07
13.250  17.250  1.0000e-07
13.250  17.500  1.0000e-07
13.250  17.750  1.0000e-07
13.250  18.000  1.5638e-06
13.250  18.250  2.7984e-06
13.250  18.500  5.0206e-06
13.250  18.750  8.0658e-06
13.250  19.000  1.2757e-05
13.250  19.250  1.9671e-05
13.250  19.500  2.9547e-05
13.250  19.750  4.3374e-05
13.250  20.000  6.2222e-05
13.250  20.250  8.8148e-05
13.250  20.500  1.2263e-04
13.250  20.750  1.6765e-04
13.250  21.000  2.2420e-04
13.250  21.250  2.8922e-04
13.250  21.500  3.9440e-04
13.250  21.750  4.7753e-04
13.250  22.000  5.6066e-04
13.250  22.250  6.8337e-04
13.250  22.500  8.8947e-04
13.250  22.750  1.1439e-03
13.250  23.000  1.4339e-03
13.250  23.250  1.7220e-03
13.250  23.500  1.9856e-03
13.250  23.750  2.1775e-03
13.250  24.000  2.3113e-03
13.500  17.000  1.0000e-07
13.500  17.250  1.0000e-07
13.500  17.500  1.0000e-07
13.500  17.750  1.0000e-07
13.500  18.000  8.2305e-07
13.500  18.250  1.8107e-06
13.500  18.500  3.1276e-06
13.500  18.750  5.4321e-06
13.500  19.000  8.5597e-06
13.500  19.250  1.3251e-05
13.500  19.500  2.0247e-05
13.500  19.750  3.0041e-05
13.500  20.000  4.3539e-05
13.500  20.250  6.1975e-05
13.500  20.500  8.6749e-05
13.500  20.750  1.1885e-04
13.500  21.000  1.5868e-04
13.500  21.250  2.0403e-04
13.500  21.500  2.7712e-04
13.500  21.750  3.2872e-04
13.500  22.000  3.6288e-04
13.500  22.250  4.1449e-04
13.500  22.500  5.2436e-04
13.500  22.750  6.8247e-04
13.500  23.000  8.9893e-04
13.500  23.250  1.1626e-03
13.500  23.500  1.4454e-03
13.500  23.750  1.7220e-03
13.500  24.000  1.9450e-03
13.750  17.000  1.0000e-07
13.750  17.250  1.0000e-07
13.750  17.500  1.0000e-07
13.750  17.750  1.0000e-07
13.750  18.000  1.0000e-07
13.750  18.250  9.8765e-07
13.750  18.500  1.9753e-06
13.750  18.750  3.3745e-06
13.750  19.000  5.6790e-06
13.750  19.250  8.8889e-06
13.750  19.500  1.3663e-05
13.750  19.750  2.0494e-05
13.750  20.000  3.0123e-05
13.750  20.250  4.3292e-05
13.750  20.500  6.0905e-05
13.750  20.750  8.3868e-05
13.750  21.000  1.1235e-04
13.750  21.250  1.4469e-04
13.750  21.500  1.9597e-04
13.750  21.750  2.2947e-04
13.750  22.000  2.4140e-04
13.750  22.250  2.5078e-04
13.750  22.500  3.0214e-04
13.750  22.750  3.9613e-04
13.750  23.000  5.2066e-04
13.750  23.250  6.8938e-04
13.750  23.500  9.0477e-04
13.750  23.750  1.1530e-03
13.750  24.000  1.4198e-03
14.000  17.000  1.0000e-07
14.000  17.250  1.0000e-07
14.000  17.500  1.0000e-07
14.000  17.750  1.0000e-07
14.000  18.000  1.0000e-07
14.000  18.250  1.0000e-07
14.000  18.500  1.0700e-06
14.000  18.750  2.1399e-06
14.000  19.000  3.7037e-06
14.000  19.250  5.8436e-06
14.000  19.500  9.1358e-06
14.000  19.750  1.3827e-05
14.000  20.000  2.0576e-05
14.000  20.250  2.9959e-05
14.000  20.500  4.2551e-05
14.000  20.750  5.8930e-05
14.000  21.000  7.9259e-05
14.000  21.250  1.0239e-04
14.000  21.500  1.3877e-04
14.000  21.750  1.6140e-04
14.000  22.000  1.6337e-04
14.000  22.250  1.5597e-04
14.000  22.500  1.7580e-04
14.000  22.750  2.2815e-04
14.000  23.000  2.9844e-04
14.000  23.250  3.9021e-04
14.000  23.500  5.1169e-04
14.000  23.750  6.6741e-04
14.000  24.000  8.6988e-04
