nFnu 2052.68A  relative to Inci 1215.00A scaled to 1215A.
Hden   Phi(H)  Eq_Width (A)
7.000  17.000  1.8539e-01
7.000  17.250  1.9493e-01
7.000  17.500  1.6017e-01
7.000  17.750  1.2130e-01
7.000  18.000  9.5294e-02
7.000  18.250  8.2948e-02
7.000  18.500  7.6860e-02
7.000  18.750  7.4489e-02
7.000  19.000  7.3319e-02
7.000  19.250  7.2653e-02
7.000  19.500  7.2382e-02
7.000  19.750  7.2271e-02
7.000  20.000  7.2223e-02
7.000  20.250  7.2201e-02
7.000  20.500  7.2190e-02
7.000  20.750  7.2184e-02
7.000  21.000  7.2181e-02
7.000  21.250  7.2179e-02
7.000  21.500  7.2179e-02
7.000  21.750  7.2178e-02
7.000  22.000  7.2178e-02
7.000  22.250  7.2178e-02
7.000  22.500  7.2179e-02
7.000  22.750  7.2187e-02
7.000  23.000  7.2180e-02
7.000  23.250  7.2181e-02
7.000  23.500  7.2181e-02
7.000  23.750  7.2181e-02
7.000  24.000  7.2182e-02
7.250  17.000  1.7941e-01
7.250  17.250  1.8698e-01
7.250  17.500  1.9477e-01
7.250  17.750  1.6005e-01
7.250  18.000  1.2113e-01
7.250  18.250  9.5216e-02
7.250  18.500  8.2927e-02
7.250  18.750  7.6853e-02
7.250  19.000  7.4486e-02
7.250  19.250  7.3318e-02
7.250  19.500  7.2653e-02
7.250  19.750  7.2382e-02
7.250  20.000  7.2271e-02
7.250  20.250  7.2223e-02
7.250  20.500  7.2201e-02
7.250  20.750  7.2190e-02
7.250  21.000  7.2184e-02
7.250  21.250  7.2181e-02
7.250  21.500  7.2179e-02
7.250  21.750  7.2178e-02
7.250  22.000  7.2178e-02
7.250  22.250  7.2177e-02
7.250  22.500  7.2177e-02
7.250  22.750  7.2178e-02
7.250  23.000  7.2178e-02
7.250  23.250  7.2178e-02
7.250  23.500  7.2178e-02
7.250  23.750  7.2178e-02
7.250  24.000  7.2178e-02
7.500  17.000  1.7232e-01
7.500  17.250  1.8192e-01
7.500  17.500  1.8837e-01
7.500  17.750  1.9459e-01
7.500  18.000  1.6000e-01
7.500  18.250  1.2099e-01
7.500  18.500  9.5144e-02
7.500  18.750  8.2913e-02
7.500  19.000  7.6849e-02
7.500  19.250  7.4485e-02
7.500  19.500  7.3317e-02
7.500  19.750  7.2653e-02
7.500  20.000  7.2382e-02
7.500  20.250  7.2271e-02
7.500  20.500  7.2223e-02
7.500  20.750  7.2201e-02
7.500  21.000  7.2190e-02
7.500  21.250  7.2184e-02
7.500  21.500  7.2181e-02
7.500  21.750  7.2179e-02
7.500  22.000  7.2178e-02
7.500  22.250  7.2178e-02
7.500  22.500  7.2177e-02
7.500  22.750  7.2177e-02
7.500  23.000  7.2177e-02
7.500  23.250  7.2177e-02
7.500  23.500  7.2177e-02
7.500  23.750  7.2177e-02
7.500  24.000  7.2177e-02
7.750  17.000  1.6420e-01
7.750  17.250  1.7468e-01
7.750  17.500  1.8475e-01
7.750  17.750  1.8992e-01
7.750  18.000  1.9449e-01
7.750  18.250  1.6000e-01
7.750  18.500  1.2087e-01
7.750  18.750  9.5075e-02
7.750  19.000  8.2900e-02
7.750  19.250  7.6846e-02
7.750  19.500  7.4484e-02
7.750  19.750  7.3317e-02
7.750  20.000  7.2652e-02
7.750  20.250  7.2382e-02
7.750  20.500  7.2271e-02
7.750  20.750  7.2223e-02
7.750  21.000  7.2200e-02
7.750  21.250  7.2190e-02
7.750  21.500  7.2184e-02
7.750  21.750  7.2181e-02
7.750  22.000  7.2179e-02
7.750  22.250  7.2178e-02
7.750  22.500  7.2177e-02
7.750  22.750  7.2177e-02
7.750  23.000  7.2177e-02
7.750  23.250  7.2177e-02
7.750  23.500  7.2177e-02
7.750  23.750  7.2177e-02
7.750  24.000  7.2177e-02
8.000  17.000  1.5572e-01
8.000  17.250  1.6413e-01
8.000  17.500  1.7572e-01
8.000  17.750  1.8647e-01
8.000  18.000  1.9054e-01
8.000  18.250  1.9428e-01
8.000  18.500  1.5985e-01
8.000  18.750  1.2076e-01
8.000  19.000  9.4999e-02
8.000  19.250  8.2888e-02
8.000  19.500  7.6844e-02
8.000  19.750  7.4483e-02
8.000  20.000  7.3316e-02
8.000  20.250  7.2652e-02
8.000  20.500  7.2382e-02
8.000  20.750  7.2271e-02
8.000  21.000  7.2223e-02
8.000  21.250  7.2201e-02
8.000  21.500  7.2190e-02
8.000  21.750  7.2184e-02
8.000  22.000  7.2181e-02
8.000  22.250  7.2179e-02
8.000  22.500  7.2178e-02
8.000  22.750  7.2177e-02
8.000  23.000  7.2177e-02
8.000  23.250  7.2177e-02
8.000  23.500  7.2177e-02
8.000  23.750  7.2177e-02
8.000  24.000  7.2177e-02
8.250  17.000  1.5075e-01
8.250  17.250  1.5730e-01
8.250  17.500  1.6686e-01
8.250  17.750  1.8028e-01
8.250  18.000  1.9193e-01
8.250  18.250  1.9364e-01
8.250  18.500  1.9430e-01
8.250  18.750  1.5994e-01
8.250  19.000  1.2064e-01
8.250  19.250  9.4915e-02
8.250  19.500  8.2876e-02
8.250  19.750  7.6842e-02
8.250  20.000  7.4483e-02
8.250  20.250  7.3316e-02
8.250  20.500  7.2653e-02
8.250  20.750  7.2382e-02
8.250  21.000  7.2271e-02
8.250  21.250  7.2223e-02
8.250  21.500  7.2201e-02
8.250  21.750  7.2189e-02
8.250  22.000  7.2184e-02
8.250  22.250  7.2180e-02
8.250  22.500  7.2179e-02
8.250  22.750  7.2178e-02
8.250  23.000  7.2178e-02
8.250  23.250  7.2177e-02
8.250  23.500  7.2177e-02
8.250  23.750  7.2177e-02
8.250  24.000  7.2177e-02
8.500  17.000  1.4667e-01
8.500  17.250  1.5231e-01
8.500  17.500  1.5992e-01
8.500  17.750  1.7158e-01
8.500  18.000  1.8811e-01
8.500  18.250  2.0082e-01
8.500  18.500  1.9812e-01
8.500  18.750  1.9429e-01
8.500  19.000  1.6007e-01
8.500  19.250  1.2051e-01
8.500  19.500  9.4818e-02
8.500  19.750  8.2862e-02
8.500  20.000  7.6840e-02
8.500  20.250  7.4482e-02
8.500  20.500  7.3316e-02
8.500  20.750  7.2652e-02
8.500  21.000  7.2382e-02
8.500  21.250  7.2271e-02
8.500  21.500  7.2223e-02
8.500  21.750  7.2201e-02
8.500  22.000  7.2190e-02
8.500  22.250  7.2184e-02
8.500  22.500  7.2180e-02
8.500  22.750  7.2179e-02
8.500  23.000  7.2178e-02
8.500  23.250  7.2177e-02
8.500  23.500  7.2177e-02
8.500  23.750  7.2177e-02
8.500  24.000  7.2177e-02
8.750  17.000  1.4273e-01
8.750  17.250  1.4834e-01
8.750  17.500  1.5508e-01
8.750  17.750  1.6469e-01
8.750  18.000  1.8039e-01
8.750  18.250  2.0110e-01
8.750  18.500  2.1019e-01
8.750  18.750  2.0373e-01
8.750  19.000  1.9423e-01
8.750  19.250  1.6022e-01
8.750  19.500  1.2038e-01
8.750  19.750  9.4712e-02
8.750  20.000  8.2848e-02
8.750  20.250  7.6839e-02
8.750  20.500  7.4482e-02
8.750  20.750  7.3316e-02
8.750  21.000  7.2652e-02
8.750  21.250  7.2382e-02
8.750  21.500  7.2271e-02
8.750  21.750  7.2223e-02
8.750  22.000  7.2201e-02
8.750  22.250  7.2189e-02
8.750  22.500  7.2184e-02
8.750  22.750  7.2181e-02
8.750  23.000  7.2179e-02
8.750  23.250  7.2178e-02
8.750  23.500  7.2177e-02
8.750  23.750  7.2177e-02
8.750  24.000  7.2177e-02
9.000  17.000  1.3843e-01
9.000  17.250  1.4454e-01
9.000  17.500  1.5141e-01
9.000  17.750  1.6040e-01
9.000  18.000  1.7421e-01
9.000  18.250  1.9526e-01
9.000  18.500  2.1815e-01
9.000  18.750  2.2338e-01
9.000  19.000  2.1396e-01
9.000  19.250  1.9398e-01
9.000  19.500  1.6037e-01
9.000  19.750  1.2026e-01
9.000  20.000  9.4604e-02
9.000  20.250  8.2832e-02
9.000  20.500  7.6837e-02
9.000  20.750  7.4482e-02
9.000  21.000  7.3316e-02
9.000  21.250  7.2652e-02
9.000  21.500  7.2382e-02
9.000  21.750  7.2271e-02
9.000  22.000  7.2223e-02
9.000  22.250  7.2201e-02
9.000  22.500  7.2189e-02
9.000  22.750  7.2184e-02
9.000  23.000  7.2181e-02
9.000  23.250  7.2179e-02
9.000  23.500  7.2178e-02
9.000  23.750  7.2177e-02
9.000  24.000  7.2177e-02
9.250  17.000  1.3334e-01
9.250  17.250  1.4036e-01
9.250  17.500  1.4813e-01
9.250  17.750  1.5769e-01
9.250  18.000  1.7111e-01
9.250  18.250  1.9063e-01
9.250  18.500  2.1535e-01
9.250  18.750  2.3620e-01
9.250  19.000  2.3518e-01
9.250  19.250  2.2728e-01
9.250  19.500  1.9356e-01
9.250  19.750  1.6049e-01
9.250  20.000  1.2014e-01
9.250  20.250  9.4497e-02
9.250  20.500  8.2819e-02
9.250  20.750  7.6835e-02
9.250  21.000  7.4482e-02
9.250  21.250  7.3316e-02
9.250  21.500  7.2645e-02
9.250  21.750  7.2347e-02
9.250  22.000  7.2233e-02
9.250  22.250  7.2188e-02
9.250  22.500  7.2200e-02
9.250  22.750  7.2189e-02
9.250  23.000  7.2183e-02
9.250  23.250  7.2180e-02
9.250  23.500  7.2179e-02
9.250  23.750  7.2178e-02
9.250  24.000  7.2177e-02
9.500  17.000  1.2713e-01
9.500  17.250  1.3550e-01
9.500  17.500  1.4464e-01
9.500  17.750  1.5568e-01
9.500  18.000  1.7029e-01
9.500  18.250  1.8999e-01
9.500  18.500  2.1277e-01
9.500  18.750  2.3704e-01
9.500  19.000  2.5531e-01
9.500  19.250  2.4930e-01
9.500  19.500  2.4047e-01
9.500  19.750  1.9341e-01
9.500  20.000  1.6059e-01
9.500  20.250  1.2003e-01
9.500  20.500  9.4400e-02
9.500  20.750  8.2804e-02
9.500  21.000  7.6823e-02
9.500  21.250  7.4450e-02
9.500  21.500  7.3278e-02
9.500  21.750  7.2609e-02
9.500  22.000  7.2325e-02
9.500  22.250  7.2202e-02
9.500  22.500  7.2157e-02
9.500  22.750  7.2135e-02
9.500  23.000  7.2124e-02
9.500  23.250  7.2117e-02
9.500  23.500  7.2136e-02
9.500  23.750  7.2134e-02
9.500  24.000  7.2133e-02
9.750  17.000  1.1896e-01
9.750  17.250  1.2935e-01
9.750  17.500  1.4037e-01
9.750  17.750  1.5353e-01
9.750  18.000  1.7083e-01
9.750  18.250  1.9222e-01
9.750  18.500  2.1415e-01
9.750  18.750  2.3520e-01
9.750  19.000  2.5480e-01
9.750  19.250  2.6774e-01
9.750  19.500  2.6869e-01
9.750  19.750  2.5049e-01
9.750  20.000  1.9384e-01
9.750  20.250  1.6069e-01
9.750  20.500  1.1995e-01
9.750  20.750  9.4317e-02
9.750  21.000  8.2790e-02
9.750  21.250  7.6828e-02
9.750  21.500  7.4469e-02
9.750  21.750  7.3281e-02
9.750  22.000  7.2613e-02
9.750  22.250  7.2333e-02
9.750  22.500  7.2209e-02
9.750  22.750  7.2154e-02
9.750  23.000  7.2134e-02
9.750  23.250  7.2123e-02
9.750  23.500  7.2118e-02
9.750  23.750  7.2115e-02
9.750  24.000  7.2113e-02
10.000  17.000  1.0767e-01
10.000  17.250  1.2129e-01
10.000  17.500  1.3493e-01
10.000  17.750  1.5100e-01
10.000  18.000  1.7196e-01
10.000  18.250  1.9573e-01
10.000  18.500  2.1695e-01
10.000  18.750  2.3555e-01
10.000  19.000  2.5112e-01
10.000  19.250  2.6389e-01
10.000  19.500  2.7125e-01
10.000  19.750  2.8752e-01
10.000  20.000  2.5325e-01
10.000  20.250  1.9469e-01
10.000  20.500  1.6099e-01
10.000  20.750  1.1988e-01
10.000  21.000  9.4242e-02
10.000  21.250  8.2777e-02
10.000  21.500  7.6828e-02
10.000  21.750  7.4477e-02
10.000  22.000  7.3295e-02
10.000  22.250  7.2614e-02
10.000  22.500  7.2339e-02
10.000  22.750  7.2218e-02
10.000  23.000  7.2162e-02
10.000  23.250  7.2134e-02
10.000  23.500  7.2121e-02
10.000  23.750  7.2115e-02
10.000  24.000  7.2112e-02
10.250  17.000  9.5233e-02
10.250  17.250  1.1035e-01
10.250  17.500  1.2796e-01
10.250  17.750  1.4795e-01
10.250  18.000  1.7256e-01
10.250  18.250  1.9844e-01
10.250  18.500  2.2008e-01
10.250  18.750  2.3677e-01
10.250  19.000  2.4824e-01
10.250  19.250  2.5752e-01
10.250  19.500  2.6991e-01
10.250  19.750  2.9012e-01
10.250  20.000  3.1477e-01
10.250  20.250  2.5297e-01
10.250  20.500  1.9611e-01
10.250  20.750  1.6165e-01
10.250  21.000  1.1981e-01
10.250  21.250  9.4180e-02
10.250  21.500  8.2766e-02
10.250  21.750  7.6827e-02
10.250  22.000  7.4480e-02
10.250  22.250  7.3310e-02
10.250  22.500  7.2615e-02
10.250  22.750  7.2342e-02
10.250  23.000  7.2225e-02
10.250  23.250  7.2171e-02
10.250  23.500  7.2144e-02
10.250  23.750  7.2129e-02
10.250  24.000  7.2122e-02
10.500  17.000  8.2788e-02
10.500  17.250  9.8491e-02
10.500  17.500  1.1865e-01
10.500  17.750  1.4396e-01
10.500  18.000  1.7182e-01
10.500  18.250  1.9914e-01
10.500  18.500  2.2115e-01
10.500  18.750  2.3755e-01
10.500  19.000  2.4996e-01
10.500  19.250  2.6158e-01
10.500  19.500  2.7426e-01
10.500  19.750  2.9039e-01
10.500  20.000  3.1604e-01
10.500  20.250  3.3593e-01
10.500  20.500  2.5412e-01
10.500  20.750  1.9793e-01
10.500  21.000  1.6272e-01
10.500  21.250  1.1971e-01
10.500  21.500  9.4127e-02
10.500  21.750  8.2756e-02
10.500  22.000  7.6824e-02
10.500  22.250  7.4480e-02
10.500  22.500  7.3314e-02
10.500  22.750  7.2622e-02
10.500  23.000  7.2344e-02
10.500  23.250  7.2230e-02
10.500  23.500  7.2178e-02
10.500  23.750  7.2152e-02
10.500  24.000  7.2138e-02
10.750  17.000  7.2093e-02
10.750  17.250  8.6713e-02
10.750  17.500  1.0871e-01
10.750  17.750  1.3752e-01
10.750  18.000  1.6850e-01
10.750  18.250  1.9650e-01
10.750  18.500  2.1892e-01
10.750  18.750  2.3686e-01
10.750  19.000  2.5166e-01
10.750  19.250  2.6464e-01
10.750  19.500  2.7733e-01
10.750  19.750  2.9008e-01
10.750  20.000  3.0788e-01
10.750  20.250  3.3612e-01
10.750  20.500  3.4022e-01
10.750  20.750  2.5625e-01
10.750  21.000  2.0009e-01
10.750  21.250  1.6439e-01
10.750  21.500  1.1955e-01
10.750  21.750  9.4081e-02
10.750  22.000  8.2747e-02
10.750  22.250  7.6820e-02
10.750  22.500  7.4480e-02
10.750  22.750  7.3316e-02
10.750  23.000  7.2640e-02
10.750  23.250  7.2345e-02
10.750  23.500  7.2232e-02
10.750  23.750  7.2182e-02
10.750  24.000  7.2158e-02
11.000  17.000  6.3710e-02
11.000  17.250  7.6594e-02
11.000  17.500  9.8112e-02
11.000  17.750  1.2824e-01
11.000  18.000  1.6049e-01
11.000  18.250  1.8913e-01
11.000  18.500  2.1313e-01
11.000  18.750  2.3306e-01
11.000  19.000  2.5025e-01
11.000  19.250  2.6495e-01
11.000  19.500  2.7727e-01
11.000  19.750  2.8863e-01
11.000  20.000  3.0066e-01
11.000  20.250  3.1872e-01
11.000  20.500  3.4929e-01
11.000  20.750  3.3777e-01
11.000  21.000  2.6007e-01
11.000  21.250  2.0407e-01
11.000  21.500  1.6696e-01
11.000  21.750  1.1925e-01
11.000  22.000  9.4042e-02
11.000  22.250  8.2737e-02
11.000  22.500  7.6816e-02
11.000  22.750  7.4479e-02
11.000  23.000  7.3316e-02
11.000  23.250  7.2648e-02
11.000  23.500  7.2351e-02
11.000  23.750  7.2234e-02
11.000  24.000  7.2184e-02
11.250  17.000  5.7362e-02
11.250  17.250  6.8689e-02
11.250  17.500  8.8116e-02
11.250  17.750  1.1612e-01
11.250  18.000  1.4784e-01
11.250  18.250  1.7712e-01
11.250  18.500  2.0261e-01
11.250  18.750  2.2514e-01
11.250  19.000  2.4432e-01
11.250  19.250  2.6056e-01
11.250  19.500  2.7403e-01
11.250  19.750  2.8505e-01
11.250  20.000  2.9533e-01
11.250  20.250  3.0725e-01
11.250  20.500  3.2647e-01
11.250  20.750  3.5795e-01
11.250  21.000  3.4080e-01
11.250  21.250  2.6477e-01
11.250  21.500  2.1155e-01
11.250  21.750  1.6916e-01
11.250  22.000  1.1881e-01
11.250  22.250  9.4000e-02
11.250  22.500  8.2736e-02
11.250  22.750  7.6811e-02
11.250  23.000  7.4478e-02
11.250  23.250  7.3316e-02
11.250  23.500  7.2651e-02
11.250  23.750  7.2369e-02
11.250  24.000  7.2236e-02
11.500  17.000  5.2707e-02
11.500  17.250  6.2740e-02
11.500  17.500  7.9736e-02
11.500  17.750  1.0378e-01
11.500  18.000  1.3231e-01
11.500  18.250  1.6145e-01
11.500  18.500  1.8858e-01
11.500  18.750  2.1363e-01
11.500  19.000  2.3539e-01
11.500  19.250  2.5337e-01
11.500  19.500  2.6814e-01
11.500  19.750  2.8063e-01
11.500  20.000  2.9103e-01
11.500  20.250  3.0137e-01
11.500  20.500  3.1424e-01
11.500  20.750  3.3586e-01
11.500  21.000  3.6116e-01
11.500  21.250  3.4353e-01
11.500  21.500  2.7404e-01
11.500  21.750  2.2463e-01
11.500  22.000  1.6821e-01
11.500  22.250  1.1821e-01
11.500  22.500  9.3939e-02
11.500  22.750  8.2734e-02
11.500  23.000  7.6805e-02
11.500  23.250  7.4476e-02
11.500  23.500  7.3316e-02
11.500  23.750  7.2652e-02
11.500  24.000  7.2378e-02
11.750  17.000  4.9439e-02
11.750  17.250  5.8134e-02
11.750  17.500  7.2894e-02
11.750  17.750  9.3301e-02
11.750  18.000  1.1740e-01
11.750  18.250  1.4434e-01
11.750  18.500  1.7253e-01
11.750  18.750  1.9960e-01
11.750  19.000  2.2438e-01
11.750  19.250  2.4495e-01
11.750  19.500  2.6130e-01
11.750  19.750  2.7490e-01
11.750  20.000  2.8656e-01
11.750  20.250  2.9760e-01
11.750  20.500  3.0973e-01
11.750  20.750  3.2535e-01
11.750  21.000  3.5228e-01
11.750  21.250  3.7248e-01
11.750  21.500  3.5007e-01
11.750  21.750  2.8972e-01
11.750  22.000  2.3942e-01
11.750  22.250  1.6520e-01
11.750  22.500  1.1740e-01
11.750  22.750  9.3848e-02
11.750  23.000  8.2733e-02
11.750  23.250  7.6798e-02
11.750  23.500  7.4473e-02
11.750  23.750  7.3316e-02
11.750  24.000  7.2652e-02
12.000  17.000  4.7219e-02
12.000  17.250  5.4472e-02
12.000  17.500  6.6982e-02
12.000  17.750  8.4481e-02
12.000  18.000  1.0519e-01
12.000  18.250  1.2916e-01
12.000  18.500  1.5666e-01
12.000  18.750  1.8533e-01
12.000  19.000  2.1248e-01
12.000  19.250  2.3620e-01
12.000  19.500  2.5521e-01
12.000  19.750  2.6985e-01
12.000  20.000  2.8285e-01
12.000  20.250  2.9518e-01
12.000  20.500  3.0806e-01
12.000  20.750  3.2382e-01
12.000  21.000  3.4651e-01
12.000  21.250  3.8195e-01
12.000  21.500  3.8708e-01
12.000  21.750  3.6560e-01
12.000  22.000  3.1113e-01
12.000  22.250  2.4923e-01
12.000  22.500  1.6244e-01
12.000  22.750  1.1646e-01
12.000  23.000  9.3715e-02
12.000  23.250  8.2726e-02
12.000  23.500  7.6793e-02
12.000  23.750  7.4469e-02
12.000  24.000  7.3315e-02
12.250  17.000  4.4653e-02
12.250  17.250  5.1584e-02
12.250  17.500  6.1690e-02
12.250  17.750  7.6634e-02
12.250  18.000  9.5359e-02
12.250  18.250  1.1773e-01
12.250  18.500  1.4401e-01
12.250  18.750  1.7265e-01
12.250  19.000  2.0097e-01
12.250  19.250  2.2722e-01
12.250  19.500  2.4965e-01
12.250  19.750  2.6679e-01
12.250  20.000  2.8112e-01
12.250  20.250  2.9425e-01
12.250  20.500  3.0863e-01
12.250  20.750  3.2564e-01
12.250  21.000  3.5023e-01
12.250  21.250  3.8338e-01
12.250  21.500  4.1433e-01
12.250  21.750  4.2151e-01
12.250  22.000  3.9055e-01
12.250  22.250  3.4098e-01
12.250  22.500  2.4984e-01
12.250  22.750  1.5979e-01
12.250  23.000  1.1561e-01
12.250  23.250  9.3527e-02
12.250  23.500  8.2713e-02
12.250  23.750  7.6778e-02
12.250  24.000  7.4465e-02
12.500  17.000  3.7443e-02
12.500  17.250  4.8279e-02
12.500  17.500  5.7136e-02
12.500  17.750  6.9795e-02
12.500  18.000  8.7074e-02
12.500  18.250  1.0853e-01
12.500  18.500  1.3442e-01
12.500  18.750  1.6325e-01
12.500  19.000  1.9178e-01
12.500  19.250  2.1888e-01
12.500  19.500  2.4377e-01
12.500  19.750  2.6466e-01
12.500  20.000  2.8156e-01
12.500  20.250  2.9620e-01
12.500  20.500  3.1094e-01
12.500  20.750  3.3005e-01
12.500  21.000  3.5648e-01
12.500  21.250  3.9057e-01
12.500  21.500  4.2447e-01
12.500  21.750  4.7197e-01
12.500  22.000  4.6431e-01
12.500  22.250  4.2921e-01
12.500  22.500  3.6768e-01
12.500  22.750  2.4549e-01
12.500  23.000  1.5721e-01
12.500  23.250  1.1442e-01
12.500  23.500  9.3314e-02
12.500  23.750  8.2682e-02
12.500  24.000  7.6767e-02
12.750  17.000  3.0629e-02
12.750  17.250  4.0146e-02
12.750  17.500  5.2839e-02
12.750  17.750  6.4061e-02
12.750  18.000  7.9889e-02
12.750  18.250  1.0048e-01
12.750  18.500  1.2585e-01
12.750  18.750  1.5503e-01
12.750  19.000  1.8466e-01
12.750  19.250  2.1308e-01
12.750  19.500  2.3848e-01
12.750  19.750  2.6240e-01
12.750  20.000  2.8287e-01
12.750  20.250  3.0021e-01
12.750  20.500  3.1721e-01
12.750  20.750  3.3652e-01
12.750  21.000  3.6326e-01
12.750  21.250  4.0245e-01
12.750  21.500  4.3885e-01
12.750  21.750  4.9181e-01
12.750  22.000  5.5315e-01
12.750  22.250  5.1872e-01
12.750  22.500  4.9116e-01
12.750  22.750  3.7938e-01
12.750  23.000  2.3940e-01
12.750  23.250  1.5442e-01
12.750  23.500  1.1342e-01
12.750  23.750  9.3097e-02
12.750  24.000  8.2626e-02
13.000  17.000  2.0146e-02
13.000  17.250  2.7056e-02
13.000  17.500  4.0335e-02
13.000  17.750  5.6091e-02
13.000  18.000  7.2276e-02
13.000  18.250  9.2973e-02
13.000  18.500  1.1769e-01
13.000  18.750  1.4638e-01
13.000  19.000  1.7704e-01
13.000  19.250  2.0707e-01
13.000  19.500  2.3366e-01
13.000  19.750  2.5972e-01
13.000  20.000  2.8294e-01
13.000  20.250  3.0498e-01
13.000  20.500  3.2590e-01
13.000  20.750  3.4682e-01
13.000  21.000  3.7412e-01
13.000  21.250  4.1447e-01
13.000  21.500  4.5570e-01
13.000  21.750  5.1365e-01
13.000  22.000  5.7841e-01
13.000  22.250  6.5390e-01
13.000  22.500  5.9592e-01
13.000  22.750  5.3209e-01
13.000  23.000  3.7672e-01
13.000  23.250  2.3310e-01
13.000  23.500  1.5200e-01
13.000  23.750  1.1246e-01
13.000  24.000  9.2810e-02
13.250  17.000  1.6668e-02
13.250  17.250  2.1946e-02
13.250  17.500  3.0848e-02
13.250  17.750  4.4397e-02
13.250  18.000  6.3051e-02
13.250  18.250  8.4060e-02
13.250  18.500  1.0981e-01
13.250  18.750  1.3779e-01
13.250  19.000  1.6833e-01
13.250  19.250  1.9912e-01
13.250  19.500  2.2755e-01
13.250  19.750  2.5642e-01
13.250  20.000  2.8145e-01
13.250  20.250  3.0617e-01
13.250  20.500  3.3086e-01
13.250  20.750  3.5580e-01
13.250  21.000  3.8805e-01
13.250  21.250  4.2408e-01
13.250  21.500  4.6413e-01
13.250  21.750  5.0941e-01
13.250  22.000  5.8950e-01
13.250  22.250  6.5479e-01
13.250  22.500  7.4559e-01
13.250  22.750  6.0813e-01
13.250  23.000  5.2430e-01
13.250  23.250  3.6648e-01
13.250  23.500  2.2745e-01
13.250  23.750  1.4966e-01
13.250  24.000  1.1151e-01
13.500  17.000  1.4041e-02
13.500  17.250  1.8455e-02
13.500  17.500  2.6022e-02
13.500  17.750  3.7457e-02
13.500  18.000  5.4407e-02
13.500  18.250  7.6603e-02
13.500  18.500  1.0094e-01
13.500  18.750  1.2960e-01
13.500  19.000  1.5966e-01
13.500  19.250  1.9063e-01
13.500  19.500  2.2078e-01
13.500  19.750  2.4970e-01
13.500  20.000  2.7838e-01
13.500  20.250  3.0736e-01
13.500  20.500  3.3372e-01
13.500  20.750  3.5992e-01
13.500  21.000  3.8818e-01
13.500  21.250  4.2292e-01
13.500  21.500  4.5695e-01
13.500  21.750  5.0174e-01
13.500  22.000  5.5863e-01
13.500  22.250  6.5027e-01
13.500  22.500  7.5130e-01
13.500  22.750  7.9863e-01
13.500  23.000  6.3282e-01
13.500  23.250  4.9445e-01
13.500  23.500  3.5016e-01
13.500  23.750  2.2101e-01
13.500  24.000  1.4715e-01
13.750  17.000  1.1994e-02
13.750  17.250  1.5900e-02
13.750  17.500  2.2416e-02
13.750  17.750  3.1948e-02
13.750  18.000  4.7022e-02
13.750  18.250  6.8005e-02
13.750  18.500  9.3182e-02
13.750  18.750  1.2094e-01
13.750  19.000  1.5164e-01
13.750  19.250  1.8318e-01
13.750  19.500  2.1467e-01
13.750  19.750  2.4499e-01
13.750  20.000  2.7483e-01
13.750  20.250  3.0488e-01
13.750  20.500  3.3547e-01
13.750  20.750  3.6450e-01
13.750  21.000  3.9239e-01
13.750  21.250  4.2160e-01
13.750  21.500  4.4789e-01
13.750  21.750  4.8809e-01
13.750  22.000  5.3986e-01
13.750  22.250  6.0214e-01
13.750  22.500  6.8020e-01
13.750  22.750  8.2178e-01
13.750  23.000  8.5379e-01
13.750  23.250  6.4296e-01
13.750  23.500  4.7397e-01
13.750  23.750  3.4112e-01
13.750  24.000  2.1480e-01
14.000  17.000  1.0410e-02
14.000  17.250  1.3737e-02
14.000  17.500  1.9312e-02
14.000  17.750  2.7885e-02
14.000  18.000  4.0719e-02
14.000  18.250  5.9540e-02
14.000  18.500  8.3874e-02
14.000  18.750  1.1277e-01
14.000  19.000  1.4429e-01
14.000  19.250  1.7627e-01
14.000  19.500  2.0931e-01
14.000  19.750  2.4187e-01
14.000  20.000  2.7334e-01
14.000  20.250  3.0471e-01
14.000  20.500  3.3689e-01
14.000  20.750  3.6896e-01
14.000  21.000  4.0045e-01
14.000  21.250  4.3198e-01
14.000  21.500  4.5489e-01
14.000  21.750  4.9207e-01
14.000  22.000  5.3721e-01
14.000  22.250  5.8499e-01
14.000  22.500  6.3774e-01
14.000  22.750  7.2224e-01
14.000  23.000  9.2051e-01
14.000  23.250  9.0410e-01
14.000  23.500  6.5373e-01
14.000  23.750  4.7797e-01
14.000  24.000  3.3579e-01
