InwC 1650.00A  relative to Inci 1215.00A scaled to 1215A.
Hden   Phi(H)  Eq_Width (A)
7.000  17.000  5.8108e-02
7.000  17.250  7.0041e-02
7.000  17.500  7.3547e-02
7.000  17.750  7.5182e-02
7.000  18.000  7.5218e-02
7.000  18.250  7.5269e-02
7.000  18.500  7.5278e-02
7.000  18.750  7.5287e-02
7.000  19.000  7.5296e-02
7.000  19.250  7.5303e-02
7.000  19.500  7.5306e-02
7.000  19.750  7.5307e-02
7.000  20.000  7.5307e-02
7.000  20.250  7.5307e-02
7.000  20.500  7.5308e-02
7.000  20.750  7.5308e-02
7.000  21.000  7.5308e-02
7.000  21.250  7.5308e-02
7.000  21.500  7.5309e-02
7.000  21.750  7.5309e-02
7.000  22.000  7.5309e-02
7.000  22.250  7.5309e-02
7.000  22.500  7.5310e-02
7.000  22.750  7.5318e-02
7.000  23.000  7.5311e-02
7.000  23.250  7.5312e-02
7.000  23.500  7.5312e-02
7.000  23.750  7.5312e-02
7.000  24.000  7.5313e-02
7.250  17.000  4.9796e-02
7.250  17.250  5.8507e-02
7.250  17.500  7.0070e-02
7.250  17.750  7.3570e-02
7.250  18.000  7.5182e-02
7.250  18.250  7.5218e-02
7.250  18.500  7.5269e-02
7.250  18.750  7.5277e-02
7.250  19.000  7.5288e-02
7.250  19.250  7.5296e-02
7.250  19.500  7.5303e-02
7.250  19.750  7.5306e-02
7.250  20.000  7.5307e-02
7.250  20.250  7.5307e-02
7.250  20.500  7.5308e-02
7.250  20.750  7.5308e-02
7.250  21.000  7.5308e-02
7.250  21.250  7.5308e-02
7.250  21.500  7.5308e-02
7.250  21.750  7.5308e-02
7.250  22.000  7.5308e-02
7.250  22.250  7.5308e-02
7.250  22.500  7.5308e-02
7.250  22.750  7.5309e-02
7.250  23.000  7.5309e-02
7.250  23.250  7.5309e-02
7.250  23.500  7.5309e-02
7.250  23.750  7.5309e-02
7.250  24.000  7.5309e-02
7.500  17.000  4.3060e-02
7.500  17.250  5.0333e-02
7.500  17.500  5.8862e-02
7.500  17.750  7.0095e-02
7.500  18.000  7.3590e-02
7.500  18.250  7.5182e-02
7.500  18.500  7.5219e-02
7.500  18.750  7.5269e-02
7.500  19.000  7.5278e-02
7.500  19.250  7.5287e-02
7.500  19.500  7.5296e-02
7.500  19.750  7.5303e-02
7.500  20.000  7.5306e-02
7.500  20.250  7.5307e-02
7.500  20.500  7.5307e-02
7.500  20.750  7.5308e-02
7.500  21.000  7.5308e-02
7.500  21.250  7.5307e-02
7.500  21.500  7.5308e-02
7.500  21.750  7.5308e-02
7.500  22.000  7.5308e-02
7.500  22.250  7.5308e-02
7.500  22.500  7.5308e-02
7.500  22.750  7.5308e-02
7.500  23.000  7.5308e-02
7.500  23.250  7.5308e-02
7.500  23.500  7.5308e-02
7.500  23.750  7.5308e-02
7.500  24.000  7.5308e-02
7.750  17.000  3.7840e-02
7.750  17.250  4.3453e-02
7.750  17.500  5.0903e-02
7.750  17.750  5.9234e-02
7.750  18.000  7.0113e-02
7.750  18.250  7.3611e-02
7.750  18.500  7.5182e-02
7.750  18.750  7.5219e-02
7.750  19.000  7.5268e-02
7.750  19.250  7.5278e-02
7.750  19.500  7.5287e-02
7.750  19.750  7.5296e-02
7.750  20.000  7.5303e-02
7.750  20.250  7.5306e-02
7.750  20.500  7.5307e-02
7.750  20.750  7.5307e-02
7.750  21.000  7.5307e-02
7.750  21.250  7.5308e-02
7.750  21.500  7.5308e-02
7.750  21.750  7.5308e-02
7.750  22.000  7.5308e-02
7.750  22.250  7.5308e-02
7.750  22.500  7.5308e-02
7.750  22.750  7.5308e-02
7.750  23.000  7.5308e-02
7.750  23.250  7.5308e-02
7.750  23.500  7.5308e-02
7.750  23.750  7.5308e-02
7.750  24.000  7.5308e-02
8.000  17.000  3.4409e-02
8.000  17.250  3.8007e-02
8.000  17.500  4.3790e-02
8.000  17.750  5.1393e-02
8.000  18.000  5.9529e-02
8.000  18.250  7.0112e-02
8.000  18.500  7.3615e-02
8.000  18.750  7.5182e-02
8.000  19.000  7.5219e-02
8.000  19.250  7.5270e-02
8.000  19.500  7.5277e-02
8.000  19.750  7.5287e-02
8.000  20.000  7.5296e-02
8.000  20.250  7.5303e-02
8.000  20.500  7.5306e-02
8.000  20.750  7.5307e-02
8.000  21.000  7.5307e-02
8.000  21.250  7.5307e-02
8.000  21.500  7.5308e-02
8.000  21.750  7.5308e-02
8.000  22.000  7.5308e-02
8.000  22.250  7.5308e-02
8.000  22.500  7.5308e-02
8.000  22.750  7.5308e-02
8.000  23.000  7.5308e-02
8.000  23.250  7.5308e-02
8.000  23.500  7.5308e-02
8.000  23.750  7.5308e-02
8.000  24.000  7.5308e-02
8.250  17.000  3.2268e-02
8.250  17.250  3.4536e-02
8.250  17.500  3.8283e-02
8.250  17.750  4.4363e-02
8.250  18.000  5.2278e-02
8.250  18.250  6.0147e-02
8.250  18.500  7.0119e-02
8.250  18.750  7.3634e-02
8.250  19.000  7.5182e-02
8.250  19.250  7.5219e-02
8.250  19.500  7.5269e-02
8.250  19.750  7.5277e-02
8.250  20.000  7.5288e-02
8.250  20.250  7.5296e-02
8.250  20.500  7.5303e-02
8.250  20.750  7.5306e-02
8.250  21.000  7.5307e-02
8.250  21.250  7.5307e-02
8.250  21.500  7.5307e-02
8.250  21.750  7.5307e-02
8.250  22.000  7.5308e-02
8.250  22.250  7.5307e-02
8.250  22.500  7.5308e-02
8.250  22.750  7.5308e-02
8.250  23.000  7.5308e-02
8.250  23.250  7.5308e-02
8.250  23.500  7.5308e-02
8.250  23.750  7.5308e-02
8.250  24.000  7.5308e-02
8.500  17.000  3.0848e-02
8.500  17.250  3.2328e-02
8.500  17.500  3.4700e-02
8.500  17.750  3.8719e-02
8.500  18.000  4.5244e-02
8.500  18.250  5.3515e-02
8.500  18.500  6.0933e-02
8.500  18.750  7.0109e-02
8.500  19.000  7.3654e-02
8.500  19.250  7.5181e-02
8.500  19.500  7.5219e-02
8.500  19.750  7.5268e-02
8.500  20.000  7.5278e-02
8.500  20.250  7.5287e-02
8.500  20.500  7.5296e-02
8.500  20.750  7.5303e-02
8.500  21.000  7.5306e-02
8.500  21.250  7.5307e-02
8.500  21.500  7.5307e-02
8.500  21.750  7.5307e-02
8.500  22.000  7.5308e-02
8.500  22.250  7.5307e-02
8.500  22.500  7.5308e-02
8.500  22.750  7.5308e-02
8.500  23.000  7.5308e-02
8.500  23.250  7.5308e-02
8.500  23.500  7.5308e-02
8.500  23.750  7.5308e-02
8.500  24.000  7.5308e-02
8.750  17.000  2.9861e-02
8.750  17.250  3.0859e-02
8.750  17.500  3.2408e-02
8.750  17.750  3.4953e-02
8.750  18.000  3.9443e-02
8.750  18.250  4.6656e-02
8.750  18.500  5.4641e-02
8.750  18.750  6.1737e-02
8.750  19.000  7.0090e-02
8.750  19.250  7.3671e-02
8.750  19.500  7.5180e-02
8.750  19.750  7.5219e-02
8.750  20.000  7.5269e-02
8.750  20.250  7.5278e-02
8.750  20.500  7.5287e-02
8.750  20.750  7.5296e-02
8.750  21.000  7.5303e-02
8.750  21.250  7.5306e-02
8.750  21.500  7.5307e-02
8.750  21.750  7.5307e-02
8.750  22.000  7.5308e-02
8.750  22.250  7.5308e-02
8.750  22.500  7.5308e-02
8.750  22.750  7.5308e-02
8.750  23.000  7.5308e-02
8.750  23.250  7.5308e-02
8.750  23.500  7.5308e-02
8.750  23.750  7.5308e-02
8.750  24.000  7.5308e-02
9.000  17.000  2.9150e-02
9.000  17.250  2.9825e-02
9.000  17.500  3.0856e-02
9.000  17.750  3.2520e-02
9.000  18.000  3.5463e-02
9.000  18.250  4.0658e-02
9.000  18.500  4.8434e-02
9.000  18.750  5.6191e-02
9.000  19.000  6.3125e-02
9.000  19.250  7.0058e-02
9.000  19.500  7.3678e-02
9.000  19.750  7.5178e-02
9.000  20.000  7.5219e-02
9.000  20.250  7.5269e-02
9.000  20.500  7.5277e-02
9.000  20.750  7.5287e-02
9.000  21.000  7.5296e-02
9.000  21.250  7.5303e-02
9.000  21.500  7.5306e-02
9.000  21.750  7.5307e-02
9.000  22.000  7.5307e-02
9.000  22.250  7.5307e-02
9.000  22.500  7.5307e-02
9.000  22.750  7.5307e-02
9.000  23.000  7.5308e-02
9.000  23.250  7.5308e-02
9.000  23.500  7.5308e-02
9.000  23.750  7.5307e-02
9.000  24.000  7.5307e-02
9.250  17.000  2.8635e-02
9.250  17.250  2.9079e-02
9.250  17.500  2.9758e-02
9.250  17.750  3.0855e-02
9.250  18.000  3.2794e-02
9.250  18.250  3.6350e-02
9.250  18.500  4.2180e-02
9.250  18.750  4.9961e-02
9.250  19.000  5.7169e-02
9.250  19.250  6.4752e-02
9.250  19.500  7.0024e-02
9.250  19.750  7.3674e-02
9.250  20.000  7.5174e-02
9.250  20.250  7.5218e-02
9.250  20.500  7.5268e-02
9.250  20.750  7.5277e-02
9.250  21.000  7.5287e-02
9.250  21.250  7.5296e-02
9.250  21.500  7.5295e-02
9.250  21.750  7.5269e-02
9.250  22.000  7.5267e-02
9.250  22.250  7.5271e-02
9.250  22.500  7.5307e-02
9.250  22.750  7.5307e-02
9.250  23.000  7.5307e-02
9.250  23.250  7.5307e-02
9.250  23.500  7.5307e-02
9.250  23.750  7.5308e-02
9.250  24.000  7.5308e-02
9.500  17.000  2.8256e-02
9.500  17.250  2.8534e-02
9.500  17.500  2.8963e-02
9.500  17.750  2.9671e-02
9.500  18.000  3.0970e-02
9.500  18.250  3.3416e-02
9.500  18.500  3.7372e-02
9.500  18.750  4.3381e-02
9.500  19.000  5.1341e-02
9.500  19.250  5.8168e-02
9.500  19.500  6.6196e-02
9.500  19.750  6.9995e-02
9.500  20.000  7.3654e-02
9.500  20.250  7.5167e-02
9.500  20.500  7.5217e-02
9.500  20.750  7.5267e-02
9.500  21.000  7.5267e-02
9.500  21.250  7.5256e-02
9.500  21.500  7.5257e-02
9.500  21.750  7.5259e-02
9.500  22.000  7.5246e-02
9.500  22.250  7.5235e-02
9.500  22.500  7.5239e-02
9.500  22.750  7.5239e-02
9.500  23.000  7.5239e-02
9.500  23.250  7.5238e-02
9.500  23.500  7.5261e-02
9.500  23.750  7.5261e-02
9.500  24.000  7.5261e-02
9.750  17.000  2.7978e-02
9.750  17.250  2.8135e-02
9.750  17.500  2.8380e-02
9.750  17.750  2.8803e-02
9.750  18.000  2.9649e-02
9.750  18.250  3.1267e-02
9.750  18.500  3.3884e-02
9.750  18.750  3.7939e-02
9.750  19.000  4.3982e-02
9.750  19.250  5.1803e-02
9.750  19.500  5.9933e-02
9.750  19.750  6.7040e-02
9.750  20.000  7.0011e-02
9.750  20.250  7.3619e-02
9.750  20.500  7.5155e-02
9.750  20.750  7.5214e-02
9.750  21.000  7.5267e-02
9.750  21.250  7.5274e-02
9.750  21.500  7.5274e-02
9.750  21.750  7.5261e-02
9.750  22.000  7.5262e-02
9.750  22.250  7.5255e-02
9.750  22.500  7.5242e-02
9.750  22.750  7.5235e-02
9.750  23.000  7.5238e-02
9.750  23.250  7.5239e-02
9.750  23.500  7.5239e-02
9.750  23.750  7.5239e-02
9.750  24.000  7.5239e-02
10.000  17.000  2.7773e-02
10.000  17.250  2.7844e-02
10.000  17.500  2.7958e-02
10.000  17.750  2.8167e-02
10.000  18.000  2.8645e-02
10.000  18.250  2.9614e-02
10.000  18.500  3.1181e-02
10.000  18.750  3.3748e-02
10.000  19.000  3.7785e-02
10.000  19.250  4.4027e-02
10.000  19.500  5.2056e-02
10.000  19.750  6.1816e-02
10.000  20.000  6.7197e-02
10.000  20.250  7.0022e-02
10.000  20.500  7.3589e-02
10.000  20.750  7.5138e-02
10.000  21.000  7.5210e-02
10.000  21.250  7.5267e-02
10.000  21.500  7.5276e-02
10.000  21.750  7.5283e-02
10.000  22.000  7.5275e-02
10.000  22.250  7.5264e-02
10.000  22.500  7.5261e-02
10.000  22.750  7.5252e-02
10.000  23.000  7.5243e-02
10.000  23.250  7.5238e-02
10.000  23.500  7.5236e-02
10.000  23.750  7.5236e-02
10.000  24.000  7.5236e-02
10.250  17.000  2.7617e-02
10.250  17.250  2.7629e-02
10.250  17.500  2.7644e-02
10.250  17.750  2.7692e-02
10.250  18.000  2.7859e-02
10.250  18.250  2.8294e-02
10.250  18.500  2.9133e-02
10.250  18.750  3.0612e-02
10.250  19.000  3.3040e-02
10.250  19.250  3.7330e-02
10.250  19.500  4.4217e-02
10.250  19.750  5.3591e-02
10.250  20.000  6.3542e-02
10.250  20.250  6.7243e-02
10.250  20.500  7.0053e-02
10.250  20.750  7.3590e-02
10.250  21.000  7.5115e-02
10.250  21.250  7.5203e-02
10.250  21.500  7.5266e-02
10.250  21.750  7.5277e-02
10.250  22.000  7.5286e-02
10.250  22.250  7.5289e-02
10.250  22.500  7.5265e-02
10.250  22.750  7.5264e-02
10.250  23.000  7.5259e-02
10.250  23.250  7.5253e-02
10.250  23.500  7.5248e-02
10.250  23.750  7.5245e-02
10.250  24.000  7.5243e-02
10.500  17.000  2.7491e-02
10.500  17.250  2.7466e-02
10.500  17.500  2.7410e-02
10.500  17.750  2.7326e-02
10.500  18.000  2.7247e-02
10.500  18.250  2.7315e-02
10.500  18.500  2.7629e-02
10.500  18.750  2.8475e-02
10.500  19.000  3.0195e-02
10.500  19.250  3.3347e-02
10.500  19.500  3.8304e-02
10.500  19.750  4.5573e-02
10.500  20.000  5.5500e-02
10.500  20.250  6.4512e-02
10.500  20.500  6.7250e-02
10.500  20.750  7.0066e-02
10.500  21.000  7.3624e-02
10.500  21.250  7.5086e-02
10.500  21.500  7.5193e-02
10.500  21.750  7.5263e-02
10.500  22.000  7.5277e-02
10.500  22.250  7.5287e-02
10.500  22.500  7.5294e-02
10.500  22.750  7.5272e-02
10.500  23.000  7.5266e-02
10.500  23.250  7.5264e-02
10.500  23.500  7.5260e-02
10.500  23.750  7.5257e-02
10.500  24.000  7.5254e-02
10.750  17.000  2.7369e-02
10.750  17.250  2.7326e-02
10.750  17.500  2.7217e-02
10.750  17.750  2.7026e-02
10.750  18.000  2.6787e-02
10.750  18.250  2.6624e-02
10.750  18.500  2.6672e-02
10.750  18.750  2.7194e-02
10.750  19.000  2.8461e-02
10.750  19.250  3.0631e-02
10.750  19.500  3.4008e-02
10.750  19.750  3.9128e-02
10.750  20.000  4.6710e-02
10.750  20.250  5.7008e-02
10.750  20.500  6.4707e-02
10.750  20.750  6.7326e-02
10.750  21.000  7.0125e-02
10.750  21.250  7.3729e-02
10.750  21.500  7.5054e-02
10.750  21.750  7.5179e-02
10.750  22.000  7.5254e-02
10.750  22.250  7.5276e-02
10.750  22.500  7.5287e-02
10.750  22.750  7.5295e-02
10.750  23.000  7.5290e-02
10.750  23.250  7.5267e-02
10.750  23.500  7.5267e-02
10.750  23.750  7.5264e-02
10.750  24.000  7.5263e-02
11.000  17.000  2.7227e-02
11.000  17.250  2.7186e-02
11.000  17.500  2.7039e-02
11.000  17.750  2.6782e-02
11.000  18.000  2.6446e-02
11.000  18.250  2.6165e-02
11.000  18.500  2.6127e-02
11.000  18.750  2.6484e-02
11.000  19.000  2.7377e-02
11.000  19.250  2.8836e-02
11.000  19.500  3.1039e-02
11.000  19.750  3.4457e-02
11.000  20.000  3.9679e-02
11.000  20.250  4.7460e-02
11.000  20.500  5.8212e-02
11.000  20.750  6.4506e-02
11.000  21.000  6.7316e-02
11.000  21.250  7.0250e-02
11.000  21.500  7.3939e-02
11.000  21.750  7.5006e-02
11.000  22.000  7.5163e-02
11.000  22.250  7.5250e-02
11.000  22.500  7.5275e-02
11.000  22.750  7.5286e-02
11.000  23.000  7.5296e-02
11.000  23.250  7.5299e-02
11.000  23.500  7.5273e-02
11.000  23.750  7.5268e-02
11.000  24.000  7.5267e-02
11.250  17.000  2.7083e-02
11.250  17.250  2.7016e-02
11.250  17.500  2.6858e-02
11.250  17.750  2.6567e-02
11.250  18.000  2.6187e-02
11.250  18.250  2.5873e-02
11.250  18.500  2.5793e-02
11.250  18.750  2.6051e-02
11.250  19.000  2.6637e-02
11.250  19.250  2.7573e-02
11.250  19.500  2.9025e-02
11.250  19.750  3.1224e-02
11.250  20.000  3.4632e-02
11.250  20.250  3.9918e-02
11.250  20.500  4.7980e-02
11.250  20.750  5.8971e-02
11.250  21.000  6.4441e-02
11.250  21.250  6.7355e-02
11.250  21.500  7.0510e-02
11.250  21.750  7.4229e-02
11.250  22.000  7.4949e-02
11.250  22.250  7.5145e-02
11.250  22.500  7.5237e-02
11.250  22.750  7.5273e-02
11.250  23.000  7.5285e-02
11.250  23.250  7.5295e-02
11.250  23.500  7.5302e-02
11.250  23.750  7.5292e-02
11.250  24.000  7.5270e-02
11.500  17.000  2.6983e-02
11.500  17.250  2.6846e-02
11.500  17.500  2.6662e-02
11.500  17.750  2.6360e-02
11.500  18.000  2.5983e-02
11.500  18.250  2.5702e-02
11.500  18.500  2.5636e-02
11.500  18.750  2.5826e-02
11.500  19.000  2.6187e-02
11.500  19.250  2.6770e-02
11.500  19.500  2.7700e-02
11.500  19.750  2.9130e-02
11.500  20.000  3.1300e-02
11.500  20.250  3.4683e-02
11.500  20.500  4.0057e-02
11.500  20.750  4.8416e-02
11.500  21.000  5.8963e-02
11.500  21.250  6.4361e-02
11.500  21.500  6.7535e-02
11.500  21.750  7.1045e-02
11.500  22.000  7.4305e-02
11.500  22.250  7.4880e-02
11.500  22.500  7.5122e-02
11.500  22.750  7.5233e-02
11.500  23.000  7.5271e-02
11.500  23.250  7.5284e-02
11.500  23.500  7.5295e-02
11.500  23.750  7.5303e-02
11.500  24.000  7.5301e-02
11.750  17.000  2.6952e-02
11.750  17.250  2.6727e-02
11.750  17.500  2.6478e-02
11.750  17.750  2.6167e-02
11.750  18.000  2.5828e-02
11.750  18.250  2.5614e-02
11.750  18.500  2.5578e-02
11.750  18.750  2.5686e-02
11.750  19.000  2.5912e-02
11.750  19.250  2.6262e-02
11.750  19.500  2.6836e-02
11.750  19.750  2.7746e-02
11.750  20.000  2.9112e-02
11.750  20.250  3.1239e-02
11.750  20.500  3.4653e-02
11.750  20.750  4.0127e-02
11.750  21.000  4.8880e-02
11.750  21.250  5.8559e-02
11.750  21.500  6.4350e-02
11.750  21.750  6.7856e-02
11.750  22.000  7.1700e-02
11.750  22.250  7.4174e-02
11.750  22.500  7.4791e-02
11.750  22.750  7.5087e-02
11.750  23.000  7.5223e-02
11.750  23.250  7.5268e-02
11.750  23.500  7.5283e-02
11.750  23.750  7.5295e-02
11.750  24.000  7.5303e-02
12.000  17.000  2.6979e-02
12.000  17.250  2.6692e-02
12.000  17.500  2.6367e-02
12.000  17.750  2.6026e-02
12.000  18.000  2.5738e-02
12.000  18.250  2.5592e-02
12.000  18.500  2.5575e-02
12.000  18.750  2.5629e-02
12.000  19.000  2.5748e-02
12.000  19.250  2.5952e-02
12.000  19.500  2.6301e-02
12.000  19.750  2.6856e-02
12.000  20.000  2.7725e-02
12.000  20.250  2.9059e-02
12.000  20.500  3.1157e-02
12.000  20.750  3.4581e-02
12.000  21.000  4.0280e-02
12.000  21.250  4.9482e-02
12.000  21.500  5.8703e-02
12.000  21.750  6.4512e-02
12.000  22.000  6.8271e-02
12.000  22.250  7.2219e-02
12.000  22.500  7.4028e-02
12.000  22.750  7.4709e-02
12.000  23.000  7.5041e-02
12.000  23.250  7.5210e-02
12.000  23.500  7.5265e-02
12.000  23.750  7.5282e-02
12.000  24.000  7.5294e-02
12.250  17.000  2.3959e-02
12.250  17.250  2.6738e-02
12.250  17.500  2.6372e-02
12.250  17.750  2.6000e-02
12.250  18.000  2.5733e-02
12.250  18.250  2.5614e-02
12.250  18.500  2.5594e-02
12.250  18.750  2.5596e-02
12.250  19.000  2.5640e-02
12.250  19.250  2.5748e-02
12.250  19.500  2.5960e-02
12.250  19.750  2.6298e-02
12.250  20.000  2.6846e-02
12.250  20.250  2.7675e-02
12.250  20.500  2.8992e-02
12.250  20.750  3.1077e-02
12.250  21.000  3.4548e-02
12.250  21.250  4.0554e-02
12.250  21.500  4.9721e-02
12.250  21.750  5.9003e-02
12.250  22.000  6.4788e-02
12.250  22.250  6.8795e-02
12.250  22.500  7.2439e-02
12.250  22.750  7.3910e-02
12.250  23.000  7.4624e-02
12.250  23.250  7.4990e-02
12.250  23.500  7.5192e-02
12.250  23.750  7.5262e-02
12.250  24.000  7.5280e-02
12.500  17.000  1.2580e-02
12.500  17.250  2.4922e-02
12.500  17.500  2.6498e-02
12.500  17.750  2.6148e-02
12.500  18.000  2.5855e-02
12.500  18.250  2.5686e-02
12.500  18.500  2.5594e-02
12.500  18.750  2.5551e-02
12.500  19.000  2.5557e-02
12.500  19.250  2.5616e-02
12.500  19.500  2.5740e-02
12.500  19.750  2.5946e-02
12.500  20.000  2.6280e-02
12.500  20.250  2.6804e-02
12.500  20.500  2.7612e-02
12.500  20.750  2.8882e-02
12.500  21.000  3.0977e-02
12.500  21.250  3.4564e-02
12.500  21.500  4.0569e-02
12.500  21.750  5.0651e-02
12.500  22.000  5.9500e-02
12.500  22.250  6.5197e-02
12.500  22.500  6.9343e-02
12.500  22.750  7.2505e-02
12.500  23.000  7.3812e-02
12.500  23.250  7.4537e-02
12.500  23.500  7.4936e-02
12.500  23.750  7.5169e-02
12.500  24.000  7.5257e-02
12.750  17.000  6.5596e-03
12.750  17.250  1.4755e-02
12.750  17.500  2.6355e-02
12.750  17.750  2.6341e-02
12.750  18.000  2.6046e-02
12.750  18.250  2.5782e-02
12.750  18.500  2.5597e-02
12.750  18.750  2.5501e-02
12.750  19.000  2.5478e-02
12.750  19.250  2.5505e-02
12.750  19.500  2.5583e-02
12.750  19.750  2.5712e-02
12.750  20.000  2.5911e-02
12.750  20.250  2.6222e-02
12.750  20.500  2.6715e-02
12.750  20.750  2.7493e-02
12.750  21.000  2.8703e-02
12.750  21.250  3.0815e-02
12.750  21.500  3.4366e-02
12.750  21.750  4.1155e-02
12.750  22.000  5.1845e-02
12.750  22.250  6.0070e-02
12.750  22.500  6.5625e-02
12.750  22.750  6.9670e-02
12.750  23.000  7.2501e-02
12.750  23.250  7.3741e-02
12.750  23.500  7.4475e-02
12.750  23.750  7.4891e-02
12.750  24.000  7.5143e-02
13.000  17.000  1.0732e-03
13.000  17.250  2.5747e-03
13.000  17.500  1.0348e-02
13.000  17.750  2.0703e-02
13.000  18.000  2.3852e-02
13.000  18.250  2.5927e-02
13.000  18.500  2.5660e-02
13.000  18.750  2.5478e-02
13.000  19.000  2.5405e-02
13.000  19.250  2.5402e-02
13.000  19.500  2.5449e-02
13.000  19.750  2.5534e-02
13.000  20.000  2.5660e-02
13.000  20.250  2.5840e-02
13.000  20.500  2.6106e-02
13.000  20.750  2.6547e-02
13.000  21.000  2.7260e-02
13.000  21.250  2.8447e-02
13.000  21.500  3.0431e-02
13.000  21.750  3.4381e-02
13.000  22.000  4.1950e-02
13.000  22.250  5.3121e-02
13.000  22.500  6.0737e-02
13.000  22.750  6.5852e-02
13.000  23.000  6.9818e-02
13.000  23.250  7.2498e-02
13.000  23.500  7.3690e-02
13.000  23.750  7.4425e-02
13.000  24.000  7.4841e-02
13.250  17.000  6.4979e-04
13.250  17.250  1.2339e-03
13.250  17.500  3.1105e-03
13.250  17.750  7.7507e-03
13.250  18.000  1.6198e-02
13.250  18.250  2.0755e-02
13.250  18.500  2.5820e-02
13.250  18.750  2.5542e-02
13.250  19.000  2.5371e-02
13.250  19.250  2.5313e-02
13.250  19.500  2.5327e-02
13.250  19.750  2.5380e-02
13.250  20.000  2.5457e-02
13.250  20.250  2.5562e-02
13.250  20.500  2.5699e-02
13.250  20.750  2.5896e-02
13.250  21.000  2.6241e-02
13.250  21.250  2.6832e-02
13.250  21.500  2.7834e-02
13.250  21.750  2.9794e-02
13.250  22.000  3.4045e-02
13.250  22.250  4.2570e-02
13.250  22.500  5.4029e-02
13.250  22.750  6.0873e-02
13.250  23.000  6.5822e-02
13.250  23.250  6.9868e-02
13.250  23.500  7.2469e-02
13.250  23.750  7.3644e-02
13.250  24.000  7.4352e-02
13.500  17.000  3.9704e-04
13.500  17.250  7.3366e-04
13.500  17.500  1.6765e-03
13.500  17.750  3.9722e-03
13.500  18.000  9.4281e-03
13.500  18.250  1.8001e-02
13.500  18.500  2.1791e-02
13.500  18.750  2.5722e-02
13.500  19.000  2.5437e-02
13.500  19.250  2.5272e-02
13.500  19.500  2.5226e-02
13.500  19.750  2.5240e-02
13.500  20.000  2.5283e-02
13.500  20.250  2.5334e-02
13.500  20.500  2.5386e-02
13.500  20.750  2.5441e-02
13.500  21.000  2.5514e-02
13.500  21.250  2.5663e-02
13.500  21.500  2.5994e-02
13.500  21.750  2.6679e-02
13.500  22.000  2.8320e-02
13.500  22.250  3.2996e-02
13.500  22.500  4.3407e-02
13.500  22.750  5.4604e-02
13.500  23.000  6.1036e-02
13.500  23.250  6.5712e-02
13.500  23.500  6.9773e-02
13.500  23.750  7.2384e-02
13.500  24.000  7.3552e-02
13.750  17.000  2.3638e-04
13.750  17.250  4.7728e-04
13.750  17.500  1.0321e-03
13.750  17.750  2.0550e-03
13.750  18.000  5.1464e-03
13.750  18.250  1.1625e-02
13.750  18.500  1.8869e-02
13.750  18.750  2.2781e-02
13.750  19.000  2.5633e-02
13.750  19.250  2.5344e-02
13.750  19.500  2.5180e-02
13.750  19.750  2.5130e-02
13.750  20.000  2.5130e-02
13.750  20.250  2.5136e-02
13.750  20.500  2.5126e-02
13.750  20.750  2.5079e-02
13.750  21.000  2.4979e-02
13.750  21.250  2.4826e-02
13.750  21.500  2.4654e-02
13.750  21.750  2.4449e-02
13.750  22.000  2.4404e-02
13.750  22.250  2.5675e-02
13.750  22.500  3.1233e-02
13.750  22.750  4.3886e-02
13.750  23.000  5.5150e-02
13.750  23.250  6.1130e-02
13.750  23.500  6.5557e-02
13.750  23.750  6.9719e-02
13.750  24.000  7.2226e-02
14.000  17.000  1.4173e-04
14.000  17.250  2.8337e-04
14.000  17.500  6.3852e-04
14.000  17.750  1.2698e-03
14.000  18.000  2.5572e-03
14.000  18.250  5.9511e-03
14.000  18.500  1.1882e-02
14.000  18.750  1.9504e-02
14.000  19.000  2.5551e-02
14.000  19.250  2.5548e-02
14.000  19.500  2.5251e-02
14.000  19.750  2.5081e-02
14.000  20.000  2.5013e-02
14.000  20.250  2.4972e-02
14.000  20.500  2.4909e-02
14.000  20.750  2.4785e-02
14.000  21.000  2.4559e-02
14.000  21.250  2.4187e-02
14.000  21.500  2.3656e-02
14.000  21.750  2.2817e-02
14.000  22.000  2.1639e-02
14.000  22.250  2.0787e-02
14.000  22.500  2.2450e-02
14.000  22.750  3.0023e-02
14.000  23.000  4.4672e-02
14.000  23.250  5.5369e-02
14.000  23.500  6.0941e-02
14.000  23.750  6.5288e-02
14.000  24.000  6.9606e-02
