InwC 575.146A  relative to Inci 1215.00A scaled to 1215A.
Hden   Phi(H)  Eq_Width (A)
7.000  17.000  1.1656e-02
7.000  17.250  2.3848e-02
7.000  17.500  4.5240e-02
7.000  17.750  5.9545e-02
7.000  18.000  6.5403e-02
7.000  18.250  6.8789e-02
7.000  18.500  7.1329e-02
7.000  18.750  7.2038e-02
7.000  19.000  7.2332e-02
7.000  19.250  7.2464e-02
7.000  19.500  7.2489e-02
7.000  19.750  7.2494e-02
7.000  20.000  7.2496e-02
7.000  20.250  7.2496e-02
7.000  20.500  7.2497e-02
7.000  20.750  7.2497e-02
7.000  21.000  7.2497e-02
7.000  21.250  7.2497e-02
7.000  21.500  7.2498e-02
7.000  21.750  7.2498e-02
7.000  22.000  7.2498e-02
7.000  22.250  7.2499e-02
7.000  22.500  7.2499e-02
7.000  22.750  7.2507e-02
7.000  23.000  7.2501e-02
7.000  23.250  7.2501e-02
7.000  23.500  7.2501e-02
7.000  23.750  7.2501e-02
7.000  24.000  7.2502e-02
7.250  17.000  5.9544e-03
7.250  17.250  1.1729e-02
7.250  17.500  2.3986e-02
7.250  17.750  4.5428e-02
7.250  18.000  5.9646e-02
7.250  18.250  6.5440e-02
7.250  18.500  6.8800e-02
7.250  18.750  7.1330e-02
7.250  19.000  7.2039e-02
7.250  19.250  7.2332e-02
7.250  19.500  7.2465e-02
7.250  19.750  7.2489e-02
7.250  20.000  7.2494e-02
7.250  20.250  7.2496e-02
7.250  20.500  7.2497e-02
7.250  20.750  7.2497e-02
7.250  21.000  7.2497e-02
7.250  21.250  7.2497e-02
7.250  21.500  7.2497e-02
7.250  21.750  7.2497e-02
7.250  22.000  7.2497e-02
7.250  22.250  7.2497e-02
7.250  22.500  7.2498e-02
7.250  22.750  7.2498e-02
7.250  23.000  7.2498e-02
7.250  23.250  7.2498e-02
7.250  23.500  7.2498e-02
7.250  23.750  7.2498e-02
7.250  24.000  7.2499e-02
7.500  17.000  3.1557e-03
7.500  17.250  5.9788e-03
7.500  17.500  1.1776e-02
7.500  17.750  2.4105e-02
7.500  18.000  4.5599e-02
7.500  18.250  5.9753e-02
7.500  18.500  6.5490e-02
7.500  18.750  6.8806e-02
7.500  19.000  7.1332e-02
7.500  19.250  7.2039e-02
7.500  19.500  7.2332e-02
7.500  19.750  7.2465e-02
7.500  20.000  7.2489e-02
7.500  20.250  7.2494e-02
7.500  20.500  7.2496e-02
7.500  20.750  7.2497e-02
7.500  21.000  7.2497e-02
7.500  21.250  7.2497e-02
7.500  21.500  7.2497e-02
7.500  21.750  7.2497e-02
7.500  22.000  7.2497e-02
7.500  22.250  7.2497e-02
7.500  22.500  7.2497e-02
7.500  22.750  7.2497e-02
7.500  23.000  7.2498e-02
7.500  23.250  7.2497e-02
7.500  23.500  7.2497e-02
7.500  23.750  7.2497e-02
7.500  24.000  7.2497e-02
7.750  17.000  1.6855e-03
7.750  17.250  3.1653e-03
7.750  17.500  5.9914e-03
7.750  17.750  1.1806e-02
7.750  18.000  2.4201e-02
7.750  18.250  4.5767e-02
7.750  18.500  5.9875e-02
7.750  18.750  6.5550e-02
7.750  19.000  6.8817e-02
7.750  19.250  7.1335e-02
7.750  19.500  7.2040e-02
7.750  19.750  7.2332e-02
7.750  20.000  7.2465e-02
7.750  20.250  7.2489e-02
7.750  20.500  7.2494e-02
7.750  20.750  7.2496e-02
7.750  21.000  7.2496e-02
7.750  21.250  7.2497e-02
7.750  21.500  7.2497e-02
7.750  21.750  7.2497e-02
7.750  22.000  7.2497e-02
7.750  22.250  7.2497e-02
7.750  22.500  7.2497e-02
7.750  22.750  7.2497e-02
7.750  23.000  7.2497e-02
7.750  23.250  7.2497e-02
7.750  23.500  7.2497e-02
7.750  23.750  7.2497e-02
7.750  24.000  7.2497e-02
8.000  17.000  8.9605e-04
8.000  17.250  1.6801e-03
8.000  17.500  3.1537e-03
8.000  17.750  5.9837e-03
8.000  18.000  1.1798e-02
8.000  18.250  2.4232e-02
8.000  18.500  4.5911e-02
8.000  18.750  6.0011e-02
8.000  19.000  6.5621e-02
8.000  19.250  6.8840e-02
8.000  19.500  7.1338e-02
8.000  19.750  7.2041e-02
8.000  20.000  7.2332e-02
8.000  20.250  7.2465e-02
8.000  20.500  7.2489e-02
8.000  20.750  7.2494e-02
8.000  21.000  7.2496e-02
8.000  21.250  7.2496e-02
8.000  21.500  7.2497e-02
8.000  21.750  7.2497e-02
8.000  22.000  7.2497e-02
8.000  22.250  7.2497e-02
8.000  22.500  7.2497e-02
8.000  22.750  7.2497e-02
8.000  23.000  7.2497e-02
8.000  23.250  7.2497e-02
8.000  23.500  7.2497e-02
8.000  23.750  7.2497e-02
8.000  24.000  7.2497e-02
8.250  17.000  4.7909e-04
8.250  17.250  8.9663e-04
8.250  17.500  1.6806e-03
8.250  17.750  3.1558e-03
8.250  18.000  5.9917e-03
8.250  18.250  1.1829e-02
8.250  18.500  2.4312e-02
8.250  18.750  4.6072e-02
8.250  19.000  6.0168e-02
8.250  19.250  6.5701e-02
8.250  19.500  6.8859e-02
8.250  19.750  7.1343e-02
8.250  20.000  7.2043e-02
8.250  20.250  7.2333e-02
8.250  20.500  7.2465e-02
8.250  20.750  7.2489e-02
8.250  21.000  7.2494e-02
8.250  21.250  7.2496e-02
8.250  21.500  7.2496e-02
8.250  21.750  7.2497e-02
8.250  22.000  7.2497e-02
8.250  22.250  7.2497e-02
8.250  22.500  7.2497e-02
8.250  22.750  7.2497e-02
8.250  23.000  7.2497e-02
8.250  23.250  7.2497e-02
8.250  23.500  7.2497e-02
8.250  23.750  7.2497e-02
8.250  24.000  7.2497e-02
8.500  17.000  2.5695e-04
8.500  17.250  4.7901e-04
8.500  17.500  8.9695e-04
8.500  17.750  1.6815e-03
8.500  18.000  3.1644e-03
8.500  18.250  6.0072e-03
8.500  18.500  1.1861e-02
8.500  18.750  2.4418e-02
8.500  19.000  4.6252e-02
8.500  19.250  6.0337e-02
8.500  19.500  6.5794e-02
8.500  19.750  6.8885e-02
8.500  20.000  7.1350e-02
8.500  20.250  7.2045e-02
8.500  20.500  7.2333e-02
8.500  20.750  7.2465e-02
8.500  21.000  7.2489e-02
8.500  21.250  7.2494e-02
8.500  21.500  7.2496e-02
8.500  21.750  7.2497e-02
8.500  22.000  7.2497e-02
8.500  22.250  7.2497e-02
8.500  22.500  7.2497e-02
8.500  22.750  7.2497e-02
8.500  23.000  7.2497e-02
8.500  23.250  7.2497e-02
8.500  23.500  7.2497e-02
8.500  23.750  7.2497e-02
8.500  24.000  7.2497e-02
8.750  17.000  1.3868e-04
8.750  17.250  2.5671e-04
8.750  17.500  4.7909e-04
8.750  17.750  8.9827e-04
8.750  18.000  1.6878e-03
8.750  18.250  3.1779e-03
8.750  18.500  6.0295e-03
8.750  18.750  1.1943e-02
8.750  19.000  2.4632e-02
8.750  19.250  4.6443e-02
8.750  19.500  6.0521e-02
8.750  19.750  6.5895e-02
8.750  20.000  6.8916e-02
8.750  20.250  7.1359e-02
8.750  20.500  7.2047e-02
8.750  20.750  7.2334e-02
8.750  21.000  7.2465e-02
8.750  21.250  7.2489e-02
8.750  21.500  7.2494e-02
8.750  21.750  7.2496e-02
8.750  22.000  7.2497e-02
8.750  22.250  7.2497e-02
8.750  22.500  7.2497e-02
8.750  22.750  7.2497e-02
8.750  23.000  7.2497e-02
8.750  23.250  7.2497e-02
8.750  23.500  7.2497e-02
8.750  23.750  7.2497e-02
8.750  24.000  7.2497e-02
9.000  17.000  7.5226e-05
9.000  17.250  1.3893e-04
9.000  17.500  2.5737e-04
9.000  17.750  4.8148e-04
9.000  18.000  9.0444e-04
9.000  18.250  1.7005e-03
9.000  18.500  3.2046e-03
9.000  18.750  6.0992e-03
9.000  19.000  1.2138e-02
9.000  19.250  2.5066e-02
9.000  19.500  4.6670e-02
9.000  19.750  6.0707e-02
9.000  20.000  6.6007e-02
9.000  20.250  6.8951e-02
9.000  20.500  7.1368e-02
9.000  20.750  7.2051e-02
9.000  21.000  7.2335e-02
9.000  21.250  7.2465e-02
9.000  21.500  7.2489e-02
9.000  21.750  7.2494e-02
9.000  22.000  7.2496e-02
9.000  22.250  7.2496e-02
9.000  22.500  7.2497e-02
9.000  22.750  7.2497e-02
9.000  23.000  7.2497e-02
9.000  23.250  7.2497e-02
9.000  23.500  7.2497e-02
9.000  23.750  7.2497e-02
9.000  24.000  7.2497e-02
9.250  17.000  4.0494e-05
9.250  17.250  7.5556e-05
9.250  17.500  1.4008e-04
9.250  17.750  2.6049e-04
9.250  18.000  4.8749e-04
9.250  18.250  9.1572e-04
9.250  18.500  1.7244e-03
9.250  18.750  3.2695e-03
9.250  19.000  6.2869e-03
9.250  19.250  1.2652e-02
9.250  19.500  2.6026e-02
9.250  19.750  4.6993e-02
9.250  20.000  6.0889e-02
9.250  20.250  6.6117e-02
9.250  20.500  6.8980e-02
9.250  20.750  7.1378e-02
9.250  21.000  7.2055e-02
9.250  21.250  7.2337e-02
9.250  21.500  7.2458e-02
9.250  21.750  7.2454e-02
9.250  22.000  7.2457e-02
9.250  22.250  7.2461e-02
9.250  22.500  7.2496e-02
9.250  22.750  7.2496e-02
9.250  23.000  7.2497e-02
9.250  23.250  7.2497e-02
9.250  23.500  7.2497e-02
9.250  23.750  7.2497e-02
9.250  24.000  7.2497e-02
9.500  17.000  2.1481e-05
9.500  17.250  4.0905e-05
9.500  17.500  7.6955e-05
9.500  17.750  1.4329e-04
9.500  18.000  2.6626e-04
9.500  18.250  4.9794e-04
9.500  18.500  9.3794e-04
9.500  18.750  1.7861e-03
9.500  19.000  3.4358e-03
9.500  19.250  6.7359e-03
9.500  19.500  1.3714e-02
9.500  19.750  2.7575e-02
9.500  20.000  4.7482e-02
9.500  20.250  6.1069e-02
9.500  20.500  6.6222e-02
9.500  20.750  6.9015e-02
9.500  21.000  7.1375e-02
9.500  21.250  7.2024e-02
9.500  21.500  7.2299e-02
9.500  21.750  7.2422e-02
9.500  22.000  7.2431e-02
9.500  22.250  7.2426e-02
9.500  22.500  7.2430e-02
9.500  22.750  7.2431e-02
9.500  23.000  7.2430e-02
9.500  23.250  7.2430e-02
9.500  23.500  7.2452e-02
9.500  23.750  7.2452e-02
9.500  24.000  7.2452e-02
9.750  17.000  1.1111e-05
9.750  17.250  2.1811e-05
9.750  17.500  4.2222e-05
9.750  17.750  7.9918e-05
9.750  18.000  1.4831e-04
9.750  18.250  2.7564e-04
9.750  18.500  5.1951e-04
9.750  18.750  9.9547e-04
9.750  19.000  1.9441e-03
9.750  19.250  3.8328e-03
9.750  19.500  7.6343e-03
9.750  19.750  1.5440e-02
9.750  20.000  2.9556e-02
9.750  20.250  4.8363e-02
9.750  20.500  6.1258e-02
9.750  20.750  6.6321e-02
9.750  21.000  6.9061e-02
9.750  21.250  7.1399e-02
9.750  21.500  7.2049e-02
9.750  21.750  7.2305e-02
9.750  22.000  7.2426e-02
9.750  22.250  7.2440e-02
9.750  22.500  7.2432e-02
9.750  22.750  7.2427e-02
9.750  23.000  7.2429e-02
9.750  23.250  7.2430e-02
9.750  23.500  7.2431e-02
9.750  23.750  7.2431e-02
9.750  24.000  7.2431e-02
10.000  17.000  5.1852e-06
10.000  17.250  1.1358e-05
10.000  17.500  2.2881e-05
10.000  17.750  4.4444e-05
10.000  18.000  8.4198e-05
10.000  18.250  1.5695e-04
10.000  18.500  2.9588e-04
10.000  18.750  5.7333e-04
10.000  19.000  1.1364e-03
10.000  19.250  2.2745e-03
10.000  19.500  4.5350e-03
10.000  19.750  9.0970e-03
10.000  20.000  1.7411e-02
10.000  20.250  3.1801e-02
10.000  20.500  4.9452e-02
10.000  20.750  6.1518e-02
10.000  21.000  6.6429e-02
10.000  21.250  6.9110e-02
10.000  21.500  7.1417e-02
10.000  21.750  7.2065e-02
10.000  22.000  7.2321e-02
10.000  22.250  7.2428e-02
10.000  22.500  7.2446e-02
10.000  22.750  7.2442e-02
10.000  23.000  7.2434e-02
10.000  23.250  7.2430e-02
10.000  23.500  7.2427e-02
10.000  23.750  7.2428e-02
10.000  24.000  7.2428e-02
10.250  17.000  2.6337e-06
10.250  17.250  5.4321e-06
10.250  17.500  1.2099e-05
10.250  17.750  2.4527e-05
10.250  18.000  4.7984e-05
10.250  18.250  9.2510e-05
10.250  18.500  1.7737e-04
10.250  18.750  3.4864e-04
10.250  19.000  6.9753e-04
10.250  19.250  1.4064e-03
10.250  19.500  2.8246e-03
10.250  19.750  5.6159e-03
10.250  20.000  1.1142e-02
10.250  20.250  2.0371e-02
10.250  20.500  3.4108e-02
10.250  20.750  5.0816e-02
10.250  21.000  6.1891e-02
10.250  21.250  6.6550e-02
10.250  21.500  6.9163e-02
10.250  21.750  7.1435e-02
10.250  22.000  7.2074e-02
10.250  22.250  7.2338e-02
10.250  22.500  7.2430e-02
10.250  22.750  7.2449e-02
10.250  23.000  7.2449e-02
10.250  23.250  7.2444e-02
10.250  23.500  7.2439e-02
10.250  23.750  7.2436e-02
10.250  24.000  7.2435e-02
10.500  17.000  1.3169e-06
10.500  17.250  2.7160e-06
10.500  17.500  5.9259e-06
10.500  17.750  1.3333e-05
10.500  18.000  2.7572e-05
10.500  18.250  5.5967e-05
10.500  18.500  1.1276e-04
10.500  18.750  2.2576e-04
10.500  19.000  4.5276e-04
10.500  19.250  9.0765e-04
10.500  19.500  1.8127e-03
10.500  19.750  3.5870e-03
10.500  20.000  7.0489e-03
10.500  20.250  1.3788e-02
10.500  20.500  2.3339e-02
10.500  20.750  3.6246e-02
10.500  21.000  5.2121e-02
10.500  21.250  6.2382e-02
10.500  21.500  6.6708e-02
10.500  21.750  6.9229e-02
10.500  22.000  7.1456e-02
10.500  22.250  7.2084e-02
10.500  22.500  7.2346e-02
10.500  22.750  7.2437e-02
10.500  23.000  7.2452e-02
10.500  23.250  7.2453e-02
10.500  23.500  7.2451e-02
10.500  23.750  7.2448e-02
10.500  24.000  7.2445e-02
10.750  17.000  1.0000e-07
10.750  17.250  1.3992e-06
10.750  17.500  3.0453e-06
10.750  17.750  6.9959e-06
10.750  18.000  1.6049e-05
10.750  18.250  3.5226e-05
10.750  18.500  7.4486e-05
10.750  18.750  1.5292e-04
10.750  19.000  3.0551e-04
10.750  19.250  6.0280e-04
10.750  19.500  1.1846e-03
10.750  19.750  2.3196e-03
10.750  20.000  4.5128e-03
10.750  20.250  8.7571e-03
10.750  20.500  1.6035e-02
10.750  20.750  2.6072e-02
10.750  21.000  3.8665e-02
10.750  21.250  5.3648e-02
10.750  21.500  6.2972e-02
10.750  21.750  6.6926e-02
10.750  22.000  6.9315e-02
10.750  22.250  7.1482e-02
10.750  22.500  7.2095e-02
10.750  22.750  7.2352e-02
10.750  23.000  7.2456e-02
10.750  23.250  7.2453e-02
10.750  23.500  7.2456e-02
10.750  23.750  7.2455e-02
10.750  24.000  7.2453e-02
11.000  17.000  1.0000e-07
11.000  17.250  1.0000e-07
11.000  17.500  1.5638e-06
11.000  17.750  3.7860e-06
11.000  18.000  9.3004e-06
11.000  18.250  2.2222e-05
11.000  18.500  4.9465e-05
11.000  18.750  1.0337e-04
11.000  19.000  2.0683e-04
11.000  19.250  4.0288e-04
11.000  19.500  7.7613e-04
11.000  19.750  1.4948e-03
11.000  20.000  2.8790e-03
11.000  20.250  5.5207e-03
11.000  20.500  1.0643e-02
11.000  20.750  1.8766e-02
11.000  21.000  2.8574e-02
11.000  21.250  4.0893e-02
11.000  21.500  5.5112e-02
11.000  21.750  6.3506e-02
11.000  22.000  6.7195e-02
11.000  22.250  6.9446e-02
11.000  22.500  7.1516e-02
11.000  22.750  7.2110e-02
11.000  23.000  7.2358e-02
11.000  23.250  7.2466e-02
11.000  23.500  7.2459e-02
11.000  23.750  7.2458e-02
11.000  24.000  7.2457e-02
11.250  17.000  1.0000e-07
11.250  17.250  1.0000e-07
11.250  17.500  9.0535e-07
11.250  17.750  2.0576e-06
11.250  18.000  5.3498e-06
11.250  18.250  1.3580e-05
11.250  18.500  3.1440e-05
11.250  18.750  6.7325e-05
11.250  19.000  1.3564e-04
11.250  19.250  2.6370e-04
11.250  19.500  5.0288e-04
11.250  19.750  9.5350e-04
11.250  20.000  1.8119e-03
11.250  20.250  3.4500e-03
11.250  20.500  6.5751e-03
11.250  20.750  1.2617e-02
11.250  21.000  2.1208e-02
11.250  21.250  3.1173e-02
11.250  21.500  4.3323e-02
11.250  21.750  5.6745e-02
11.250  22.000  6.4128e-02
11.250  22.250  6.7501e-02
11.250  22.500  6.9604e-02
11.250  22.750  7.1564e-02
11.250  23.000  7.2131e-02
11.250  23.250  7.2368e-02
11.250  23.500  7.2471e-02
11.250  23.750  7.2478e-02
11.250  24.000  7.2460e-02
11.500  17.000  1.0000e-07
11.500  17.250  1.0000e-07
11.500  17.500  1.0000e-07
11.500  17.750  1.1523e-06
11.500  18.000  3.0453e-06
11.500  18.250  7.9835e-06
11.500  18.500  1.8930e-05
11.500  18.750  4.1399e-05
11.500  19.000  8.5021e-05
11.500  19.250  1.6617e-04
11.500  19.500  3.1630e-04
11.500  19.750  5.9728e-04
11.500  20.000  1.1236e-03
11.500  20.250  2.1147e-03
11.500  20.500  3.9965e-03
11.500  20.750  7.5979e-03
11.500  21.000  1.4629e-02
11.500  21.250  2.3611e-02
11.500  21.500  3.3808e-02
11.500  21.750  4.5779e-02
11.500  22.000  5.8037e-02
11.500  22.250  6.4711e-02
11.500  22.500  6.7794e-02
11.500  22.750  6.9801e-02
11.500  23.000  7.1628e-02
11.500  23.250  7.2161e-02
11.500  23.500  7.2380e-02
11.500  23.750  7.2475e-02
11.500  24.000  7.2487e-02
11.750  17.000  1.0000e-07
11.750  17.250  1.0000e-07
11.750  17.500  1.0000e-07
11.750  17.750  1.0000e-07
11.750  18.000  1.7284e-06
11.750  18.250  4.4444e-06
11.750  18.500  1.0782e-05
11.750  18.750  2.4115e-05
11.750  19.000  5.0535e-05
11.750  19.250  1.0066e-04
11.750  19.500  1.9243e-04
11.750  19.750  3.6206e-04
11.750  20.000  6.7959e-04
11.750  20.250  1.2765e-03
11.750  20.500  2.3950e-03
11.750  20.750  4.5162e-03
11.750  21.000  8.5988e-03
11.750  21.250  1.6422e-02
11.750  21.500  2.5846e-02
11.750  21.750  3.6278e-02
11.750  22.000  4.8332e-02
11.750  22.250  5.8995e-02
11.750  22.500  6.5134e-02
11.750  22.750  6.8061e-02
11.750  23.000  6.9996e-02
11.750  23.250  7.1710e-02
11.750  23.500  7.2199e-02
11.750  23.750  7.2395e-02
11.750  24.000  7.2478e-02
12.000  17.000  1.0000e-07
12.000  17.250  1.0000e-07
12.000  17.500  1.0000e-07
12.000  17.750  1.0000e-07
12.000  18.000  9.0535e-07
12.000  18.250  2.3868e-06
12.000  18.500  5.7613e-06
12.000  18.750  1.3251e-05
12.000  19.000  2.8477e-05
12.000  19.250  5.8107e-05
12.000  19.500  1.1309e-04
12.000  19.750  2.1333e-04
12.000  20.000  4.0000e-04
12.000  20.250  7.5078e-04
12.000  20.500  1.4108e-03
12.000  20.750  2.6532e-03
12.000  21.000  5.0222e-03
12.000  21.250  9.6147e-03
12.000  21.500  1.8137e-02
12.000  21.750  2.7980e-02
12.000  22.000  3.8602e-02
12.000  22.250  5.0555e-02
12.000  22.500  5.9765e-02
12.000  22.750  6.5391e-02
12.000  23.000  6.8259e-02
12.000  23.250  7.0171e-02
12.000  23.500  7.1802e-02
12.000  23.750  7.2241e-02
12.000  24.000  7.2410e-02
12.250  17.000  1.0000e-07
12.250  17.250  1.0000e-07
12.250  17.500  1.0000e-07
12.250  17.750  1.0000e-07
12.250  18.000  1.0000e-07
12.250  18.250  1.2346e-06
12.250  18.500  2.9630e-06
12.250  18.750  6.9136e-06
12.250  19.000  1.5144e-05
12.250  19.250  3.1770e-05
12.250  19.500  6.3704e-05
12.250  19.750  1.2247e-04
12.250  20.000  2.3004e-04
12.250  20.250  4.3111e-04
12.250  20.500  8.1128e-04
12.250  20.750  1.5309e-03
12.250  21.000  2.9091e-03
12.250  21.250  5.5421e-03
12.250  21.500  1.0520e-02
12.250  21.750  1.9724e-02
12.250  22.000  2.9914e-02
12.250  22.250  4.0614e-02
12.250  22.500  5.2188e-02
12.250  22.750  6.0343e-02
12.250  23.000  6.5631e-02
12.250  23.250  6.8380e-02
12.250  23.500  7.0315e-02
12.250  23.750  7.1895e-02
12.250  24.000  7.2282e-02
12.500  17.000  1.0000e-07
12.500  17.250  1.0000e-07
12.500  17.500  1.0000e-07
12.500  17.750  1.0000e-07
12.500  18.000  1.0000e-07
12.500  18.250  1.0000e-07
12.500  18.500  1.4815e-06
12.500  18.750  3.4568e-06
12.500  19.000  7.6543e-06
12.500  19.250  1.6379e-05
12.500  19.500  3.3827e-05
12.500  19.750  6.7325e-05
12.500  20.000  1.2914e-04
12.500  20.250  2.4288e-04
12.500  20.500  4.5687e-04
12.500  20.750  8.6790e-04
12.500  21.000  1.6573e-03
12.500  21.250  3.1666e-03
12.500  21.500  6.0080e-03
12.500  21.750  1.1550e-02
12.500  22.000  2.1293e-02
12.500  22.250  3.1657e-02
12.500  22.500  4.2376e-02
12.500  22.750  5.3191e-02
12.500  23.000  6.0795e-02
12.500  23.250  6.5790e-02
12.500  23.500  6.8470e-02
12.500  23.750  7.0428e-02
12.500  24.000  7.1975e-02
12.750  17.000  1.0000e-07
12.750  17.250  1.0000e-07
12.750  17.500  1.0000e-07
12.750  17.750  1.0000e-07
12.750  18.000  1.0000e-07
12.750  18.250  1.0000e-07
12.750  18.500  1.0000e-07
12.750  18.750  1.6461e-06
12.750  19.000  3.7037e-06
12.750  19.250  8.0658e-06
12.750  19.500  1.6955e-05
12.750  19.750  3.4979e-05
12.750  20.000  6.9465e-05
12.750  20.250  1.3383e-04
12.750  20.500  2.5391e-04
12.750  20.750  4.8255e-04
12.750  21.000  9.2724e-04
12.750  21.250  1.7920e-03
12.750  21.500  3.4112e-03
12.750  21.750  6.5309e-03
12.750  22.000  1.2652e-02
12.750  22.250  2.2806e-02
12.750  22.500  3.3222e-02
12.750  22.750  4.3694e-02
12.750  23.000  5.3818e-02
12.750  23.250  6.1065e-02
12.750  23.500  6.5843e-02
12.750  23.750  6.8513e-02
12.750  24.000  7.0515e-02
13.000  17.000  1.0000e-07
13.000  17.250  1.0000e-07
13.000  17.500  1.0000e-07
13.000  17.750  1.0000e-07
13.000  18.000  1.0000e-07
13.000  18.250  1.0000e-07
13.000  18.500  1.0000e-07
13.000  18.750  8.2305e-07
13.000  19.000  1.8107e-06
13.000  19.250  3.7860e-06
13.000  19.500  8.1481e-06
13.000  19.750  1.7037e-05
13.000  20.000  3.5144e-05
13.000  20.250  7.0617e-05
13.000  20.500  1.3811e-04
13.000  20.750  2.6477e-04
13.000  21.000  5.1004e-04
13.000  21.250  9.9588e-04
13.000  21.500  1.9148e-03
13.000  21.750  3.6941e-03
13.000  22.000  7.0954e-03
13.000  22.250  1.3871e-02
13.000  22.500  2.4223e-02
13.000  22.750  3.4435e-02
13.000  23.000  4.4668e-02
13.000  23.250  5.4281e-02
13.000  23.500  6.1225e-02
13.000  23.750  6.5830e-02
13.000  24.000  6.8517e-02
13.250  17.000  1.0000e-07
13.250  17.250  1.0000e-07
13.250  17.500  1.0000e-07
13.250  17.750  1.0000e-07
13.250  18.000  1.0000e-07
13.250  18.250  1.0000e-07
13.250  18.500  1.0000e-07
13.250  18.750  1.0000e-07
13.250  19.000  9.0535e-07
13.250  19.250  1.8107e-06
13.250  19.500  3.7860e-06
13.250  19.750  7.9835e-06
13.250  20.000  1.6872e-05
13.250  20.250  3.5062e-05
13.250  20.500  7.1276e-05
13.250  20.750  1.4066e-04
13.250  21.000  2.7679e-04
13.250  21.250  5.3844e-04
13.250  21.500  1.0472e-03
13.250  21.750  2.0060e-03
13.250  22.000  3.9304e-03
13.250  22.250  7.4972e-03
13.250  22.500  1.4920e-02
13.250  22.750  2.4915e-02
13.250  23.000  3.5498e-02
13.250  23.250  4.5452e-02
13.250  23.500  5.4682e-02
13.250  23.750  6.1333e-02
13.250  24.000  6.5760e-02
13.500  17.000  1.0000e-07
13.500  17.250  1.0000e-07
13.500  17.500  1.0000e-07
13.500  17.750  1.0000e-07
13.500  18.000  1.0000e-07
13.500  18.250  1.0000e-07
13.500  18.500  1.0000e-07
13.500  18.750  1.0000e-07
13.500  19.000  1.0000e-07
13.500  19.250  9.0535e-07
13.500  19.500  1.8930e-06
13.500  19.750  3.7860e-06
13.500  20.000  7.9835e-06
13.500  20.250  1.6790e-05
13.500  20.500  3.5062e-05
13.500  20.750  7.1440e-05
13.500  21.000  1.4181e-04
13.500  21.250  2.7934e-04
13.500  21.500  5.4774e-04
13.500  21.750  1.0608e-03
13.500  22.000  2.0585e-03
13.500  22.250  4.1255e-03
13.500  22.500  8.0216e-03
13.500  22.750  1.5604e-02
13.500  23.000  2.5874e-02
13.500  23.250  3.6300e-02
13.500  23.500  4.6203e-02
13.500  23.750  5.4991e-02
13.500  24.000  6.1434e-02
13.750  17.000  1.0000e-07
13.750  17.250  1.0000e-07
13.750  17.500  1.0000e-07
13.750  17.750  1.0000e-07
13.750  18.000  1.0000e-07
13.750  18.250  1.0000e-07
13.750  18.500  1.0000e-07
13.750  18.750  1.0000e-07
13.750  19.000  1.0000e-07
13.750  19.250  1.0000e-07
13.750  19.500  9.8765e-07
13.750  19.750  1.8930e-06
13.750  20.000  3.9506e-06
13.750  20.250  8.1481e-06
13.750  20.500  1.7119e-05
13.750  20.750  3.5638e-05
13.750  21.000  7.2263e-05
13.750  21.250  1.4272e-04
13.750  21.500  2.7704e-04
13.750  21.750  5.4115e-04
13.750  22.000  1.0653e-03
13.750  22.250  2.1196e-03
13.750  22.500  4.2337e-03
13.750  22.750  8.4145e-03
13.750  23.000  1.6507e-02
13.750  23.250  2.6925e-02
13.750  23.500  3.7309e-02
13.750  23.750  4.7165e-02
13.750  24.000  5.5444e-02
14.000  17.000  1.0000e-07
14.000  17.250  1.0000e-07
14.000  17.500  1.0000e-07
14.000  17.750  1.0000e-07
14.000  18.000  1.0000e-07
14.000  18.250  1.0000e-07
14.000  18.500  1.0000e-07
14.000  18.750  1.0000e-07
14.000  19.000  1.0000e-07
14.000  19.250  1.0000e-07
14.000  19.500  1.0000e-07
14.000  19.750  1.0700e-06
14.000  20.000  2.0576e-06
14.000  20.250  4.1152e-06
14.000  20.500  8.4774e-06
14.000  20.750  1.7778e-05
14.000  21.000  3.6790e-05
14.000  21.250  7.4568e-05
14.000  21.500  1.4519e-04
14.000  21.750  2.8148e-04
14.000  22.000  5.4914e-04
14.000  22.250  1.0936e-03
14.000  22.500  2.2149e-03
14.000  22.750  4.5072e-03
14.000  23.000  9.0267e-03
14.000  23.250  1.7694e-02
14.000  23.500  2.8255e-02
14.000  23.750  3.8727e-02
14.000  24.000  4.8354e-02
