nFnu 1064.34A  relative to Inci 1215.00A scaled to 1215A.
Hden   Phi(H)  Eq_Width (A)
7.000  17.000  9.3482e-02
7.000  17.250  1.1336e-01
7.000  17.500  1.1507e-01
7.000  17.750  1.1174e-01
7.000  18.000  1.0082e-01
7.000  18.250  9.1491e-02
7.000  18.500  8.4449e-02
7.000  18.750  8.0891e-02
7.000  19.000  7.9055e-02
7.000  19.250  7.7989e-02
7.000  19.500  7.7537e-02
7.000  19.750  7.7347e-02
7.000  20.000  7.7264e-02
7.000  20.250  7.7225e-02
7.000  20.500  7.7206e-02
7.000  20.750  7.7195e-02
7.000  21.000  7.7190e-02
7.000  21.250  7.7187e-02
7.000  21.500  7.7186e-02
7.000  21.750  7.7185e-02
7.000  22.000  7.7185e-02
7.000  22.250  7.7185e-02
7.000  22.500  7.7185e-02
7.000  22.750  7.7193e-02
7.000  23.000  7.7187e-02
7.000  23.250  7.7187e-02
7.000  23.500  7.7187e-02
7.000  23.750  7.7187e-02
7.000  24.000  7.7188e-02
7.250  17.000  6.2271e-02
7.250  17.250  9.0822e-02
7.250  17.500  1.1122e-01
7.250  17.750  1.1433e-01
7.250  18.000  1.1141e-01
7.250  18.250  1.0066e-01
7.250  18.500  9.1409e-02
7.250  18.750  8.4420e-02
7.250  19.000  8.0880e-02
7.250  19.250  7.9051e-02
7.250  19.500  7.7988e-02
7.250  19.750  7.7537e-02
7.250  20.000  7.7347e-02
7.250  20.250  7.7264e-02
7.250  20.500  7.7225e-02
7.250  20.750  7.7205e-02
7.250  21.000  7.7195e-02
7.250  21.250  7.7190e-02
7.250  21.500  7.7187e-02
7.250  21.750  7.7185e-02
7.250  22.000  7.7184e-02
7.250  22.250  7.7184e-02
7.250  22.500  7.7184e-02
7.250  22.750  7.7184e-02
7.250  23.000  7.7184e-02
7.250  23.250  7.7184e-02
7.250  23.500  7.7184e-02
7.250  23.750  7.7184e-02
7.250  24.000  7.7184e-02
7.500  17.000  4.0136e-02
7.500  17.250  5.8895e-02
7.500  17.500  8.8420e-02
7.500  17.750  1.0920e-01
7.500  18.000  1.1385e-01
7.500  18.250  1.1124e-01
7.500  18.500  1.0058e-01
7.500  18.750  9.1358e-02
7.500  19.000  8.4401e-02
7.500  19.250  8.0872e-02
7.500  19.500  7.9048e-02
7.500  19.750  7.7987e-02
7.500  20.000  7.7537e-02
7.500  20.250  7.7347e-02
7.500  20.500  7.7264e-02
7.500  20.750  7.7225e-02
7.500  21.000  7.7205e-02
7.500  21.250  7.7195e-02
7.500  21.500  7.7190e-02
7.500  21.750  7.7187e-02
7.500  22.000  7.7185e-02
7.500  22.250  7.7184e-02
7.500  22.500  7.7184e-02
7.500  22.750  7.7183e-02
7.500  23.000  7.7184e-02
7.500  23.250  7.7183e-02
7.500  23.500  7.7183e-02
7.500  23.750  7.7183e-02
7.500  24.000  7.7183e-02
7.750  17.000  2.7963e-02
7.750  17.250  3.7243e-02
7.750  17.500  5.6139e-02
7.750  17.750  8.6368e-02
7.750  18.000  1.0767e-01
7.750  18.250  1.1357e-01
7.750  18.500  1.1118e-01
7.750  18.750  1.0055e-01
7.750  19.000  9.1326e-02
7.750  19.250  8.4389e-02
7.750  19.500  8.0868e-02
7.750  19.750  7.9046e-02
7.750  20.000  7.7987e-02
7.750  20.250  7.7537e-02
7.750  20.500  7.7347e-02
7.750  20.750  7.7264e-02
7.750  21.000  7.7225e-02
7.750  21.250  7.7205e-02
7.750  21.500  7.7195e-02
7.750  21.750  7.7190e-02
7.750  22.000  7.7187e-02
7.750  22.250  7.7185e-02
7.750  22.500  7.7184e-02
7.750  22.750  7.7183e-02
7.750  23.000  7.7183e-02
7.750  23.250  7.7183e-02
7.750  23.500  7.7183e-02
7.750  23.750  7.7183e-02
7.750  24.000  7.7183e-02
8.000  17.000  2.0623e-02
8.000  17.250  2.5346e-02
8.000  17.500  3.4603e-02
8.000  17.750  5.3483e-02
8.000  18.000  8.4223e-02
8.000  18.250  1.0657e-01
8.000  18.500  1.1341e-01
8.000  18.750  1.1118e-01
8.000  19.000  1.0057e-01
8.000  19.250  9.1310e-02
8.000  19.500  8.4382e-02
8.000  19.750  8.0865e-02
8.000  20.000  7.9045e-02
8.000  20.250  7.7987e-02
8.000  20.500  7.7537e-02
8.000  20.750  7.7347e-02
8.000  21.000  7.7264e-02
8.000  21.250  7.7225e-02
8.000  21.500  7.7205e-02
8.000  21.750  7.7195e-02
8.000  22.000  7.7190e-02
8.000  22.250  7.7187e-02
8.000  22.500  7.7185e-02
8.000  22.750  7.7184e-02
8.000  23.000  7.7183e-02
8.000  23.250  7.7183e-02
8.000  23.500  7.7183e-02
8.000  23.750  7.7183e-02
8.000  24.000  7.7183e-02
8.250  17.000  1.6280e-02
8.250  17.250  1.8699e-02
8.250  17.500  2.3639e-02
8.250  17.750  3.3059e-02
8.250  18.000  5.2106e-02
8.250  18.250  8.3222e-02
8.250  18.500  1.0587e-01
8.250  18.750  1.1339e-01
8.250  19.000  1.1123e-01
8.250  19.250  1.0060e-01
8.250  19.500  9.1300e-02
8.250  19.750  8.4377e-02
8.250  20.000  8.0863e-02
8.250  20.250  7.9044e-02
8.250  20.500  7.7987e-02
8.250  20.750  7.7537e-02
8.250  21.000  7.7347e-02
8.250  21.250  7.7264e-02
8.250  21.500  7.7225e-02
8.250  21.750  7.7205e-02
8.250  22.000  7.7195e-02
8.250  22.250  7.7189e-02
8.250  22.500  7.7186e-02
8.250  22.750  7.7185e-02
8.250  23.000  7.7184e-02
8.250  23.250  7.7183e-02
8.250  23.500  7.7183e-02
8.250  23.750  7.7183e-02
8.250  24.000  7.7183e-02
8.500  17.000  1.3650e-02
8.500  17.250  1.4756e-02
8.500  17.500  1.7389e-02
8.500  17.750  2.2456e-02
8.500  18.000  3.2129e-02
8.500  18.250  5.1894e-02
8.500  18.500  8.3313e-02
8.500  18.750  1.0546e-01
8.500  19.000  1.1346e-01
8.500  19.250  1.1131e-01
8.500  19.500  1.0066e-01
8.500  19.750  9.1294e-02
8.500  20.000  8.4373e-02
8.500  20.250  8.0862e-02
8.500  20.500  7.9044e-02
8.500  20.750  7.7986e-02
8.500  21.000  7.7537e-02
8.500  21.250  7.7347e-02
8.500  21.500  7.7264e-02
8.500  21.750  7.7225e-02
8.500  22.000  7.7205e-02
8.500  22.250  7.7195e-02
8.500  22.500  7.7189e-02
8.500  22.750  7.7187e-02
8.500  23.000  7.7185e-02
8.500  23.250  7.7184e-02
8.500  23.500  7.7183e-02
8.500  23.750  7.7183e-02
8.500  24.000  7.7183e-02
8.750  17.000  1.2189e-02
8.750  17.250  1.2478e-02
8.750  17.500  1.3773e-02
8.750  17.750  1.6541e-02
8.750  18.000  2.1878e-02
8.750  18.250  3.2188e-02
8.750  18.500  5.3713e-02
8.750  18.750  8.5262e-02
8.750  19.000  1.0521e-01
8.750  19.250  1.1356e-01
8.750  19.500  1.1140e-01
8.750  19.750  1.0073e-01
8.750  20.000  9.1292e-02
8.750  20.250  8.4371e-02
8.750  20.500  8.0861e-02
8.750  20.750  7.9044e-02
8.750  21.000  7.7986e-02
8.750  21.250  7.7537e-02
8.750  21.500  7.7347e-02
8.750  21.750  7.7264e-02
8.750  22.000  7.7225e-02
8.750  22.250  7.7205e-02
8.750  22.500  7.7195e-02
8.750  22.750  7.7189e-02
8.750  23.000  7.7187e-02
8.750  23.250  7.7185e-02
8.750  23.500  7.7184e-02
8.750  23.750  7.7183e-02
8.750  24.000  7.7183e-02
9.000  17.000  1.1539e-02
9.000  17.250  1.1274e-02
9.000  17.500  1.1750e-02
9.000  17.750  1.3198e-02
9.000  18.000  1.6200e-02
9.000  18.250  2.2043e-02
9.000  18.500  3.3856e-02
9.000  18.750  5.8022e-02
9.000  19.000  8.9048e-02
9.000  19.250  1.0501e-01
9.000  19.500  1.1366e-01
9.000  19.750  1.1150e-01
9.000  20.000  1.0081e-01
9.000  20.250  9.1291e-02
9.000  20.500  8.4368e-02
9.000  20.750  8.0861e-02
9.000  21.000  7.9044e-02
9.000  21.250  7.7986e-02
9.000  21.500  7.7537e-02
9.000  21.750  7.7347e-02
9.000  22.000  7.7264e-02
9.000  22.250  7.7225e-02
9.000  22.500  7.7205e-02
9.000  22.750  7.7195e-02
9.000  23.000  7.7189e-02
9.000  23.250  7.7187e-02
9.000  23.500  7.7185e-02
9.000  23.750  7.7184e-02
9.000  24.000  7.7183e-02
9.250  17.000  1.1484e-02
9.250  17.250  1.0782e-02
9.250  17.500  1.0731e-02
9.250  17.750  1.1407e-02
9.250  18.000  1.3217e-02
9.250  18.250  1.6655e-02
9.250  18.500  2.3387e-02
9.250  18.750  3.7320e-02
9.250  19.000  6.4606e-02
9.250  19.250  9.3650e-02
9.250  19.500  1.0481e-01
9.250  19.750  1.1372e-01
9.250  20.000  1.1159e-01
9.250  20.250  1.0088e-01
9.250  20.500  9.1290e-02
9.250  20.750  8.4367e-02
9.250  21.000  8.0860e-02
9.250  21.250  7.9044e-02
9.250  21.500  7.7978e-02
9.250  21.750  7.7499e-02
9.250  22.000  7.7307e-02
9.250  22.250  7.7226e-02
9.250  22.500  7.7224e-02
9.250  22.750  7.7205e-02
9.250  23.000  7.7195e-02
9.250  23.250  7.7189e-02
9.250  23.500  7.7186e-02
9.250  23.750  7.7185e-02
9.250  24.000  7.7184e-02
9.500  17.000  1.1923e-02
9.500  17.250  1.0809e-02
9.500  17.500  1.0373e-02
9.500  17.750  1.0621e-02
9.500  18.000  1.1681e-02
9.500  18.250  1.3504e-02
9.500  18.500  1.5996e-02
9.500  18.750  1.9072e-02
9.500  19.000  2.2645e-02
9.500  19.250  2.6629e-02
9.500  19.500  3.0937e-02
9.500  19.750  3.5483e-02
9.500  20.000  4.0181e-02
9.500  20.250  4.4944e-02
9.500  20.500  4.9686e-02
9.500  20.750  5.4320e-02
9.500  21.000  5.8760e-02
9.500  21.250  6.2920e-02
9.500  21.500  6.6713e-02
9.500  21.750  7.0053e-02
9.500  22.000  7.2853e-02
9.500  22.250  7.5028e-02
9.500  22.500  7.6491e-02
9.500  22.750  7.7155e-02
9.500  23.000  7.7135e-02
9.500  23.250  7.7123e-02
9.500  23.500  7.7142e-02
9.500  23.750  7.7138e-02
9.500  24.000  7.7137e-02
9.750  17.000  1.2813e-02
9.750  17.250  1.1248e-02
9.750  17.500  1.0455e-02
9.750  17.750  1.0407e-02
9.750  18.000  1.1076e-02
9.750  18.250  1.0708e-02
9.750  18.500  1.1335e-02
9.750  18.750  1.6134e-02
9.750  19.000  2.8281e-02
9.750  19.250  5.0952e-02
9.750  19.500  8.0916e-02
9.750  19.750  9.7129e-02
9.750  20.000  1.0460e-01
9.750  20.250  1.1366e-01
9.750  20.500  1.1169e-01
9.750  20.750  1.0100e-01
9.750  21.000  9.1290e-02
9.750  21.250  8.4359e-02
9.750  21.500  8.0846e-02
9.750  21.750  7.9006e-02
9.750  22.000  7.7944e-02
9.750  22.250  7.7484e-02
9.750  22.500  7.7281e-02
9.750  22.750  7.7190e-02
9.750  23.000  7.7153e-02
9.750  23.250  7.7135e-02
9.750  23.500  7.7125e-02
9.750  23.750  7.7119e-02
9.750  24.000  7.7116e-02
10.000  17.000  1.4175e-02
10.000  17.250  1.2086e-02
10.000  17.500  1.2298e-02
10.000  17.750  1.5011e-02
10.000  18.000  1.9902e-02
10.000  18.250  2.6646e-02
10.000  18.500  3.4921e-02
10.000  18.750  4.4401e-02
10.000  19.000  5.4763e-02
10.000  19.250  6.5683e-02
10.000  19.500  7.6837e-02
10.000  19.750  8.7901e-02
10.000  20.000  9.7659e-02
10.000  20.250  1.0469e-01
10.000  20.500  1.1365e-01
10.000  20.750  1.1171e-01
10.000  21.000  1.0105e-01
10.000  21.250  9.1290e-02
10.000  21.500  8.4359e-02
10.000  21.750  8.0855e-02
10.000  22.000  7.9021e-02
10.000  22.250  7.7946e-02
10.000  22.500  7.7490e-02
10.000  22.750  7.7291e-02
10.000  23.000  7.7198e-02
10.000  23.250  7.7154e-02
10.000  23.500  7.7132e-02
10.000  23.750  7.7122e-02
10.000  24.000  7.7116e-02
10.250  17.000  1.6093e-02
10.250  17.250  1.3381e-02
10.250  17.500  1.3080e-02
10.250  17.750  1.5370e-02
10.250  18.000  1.9871e-02
10.250  18.250  2.6207e-02
10.250  18.500  3.3999e-02
10.250  18.750  4.2869e-02
10.250  19.000  5.2437e-02
10.250  19.250  6.2327e-02
10.250  19.500  7.2160e-02
10.250  19.750  8.1557e-02
10.250  20.000  9.0140e-02
10.250  20.250  9.7593e-02
10.250  20.500  1.0507e-01
10.250  20.750  1.1385e-01
10.250  21.000  1.1170e-01
10.250  21.250  1.0108e-01
10.250  21.500  9.1290e-02
10.250  21.750  8.4358e-02
10.250  22.000  8.0858e-02
10.250  22.250  7.9037e-02
10.250  22.500  7.7947e-02
10.250  22.750  7.7494e-02
10.250  23.000  7.7298e-02
10.250  23.250  7.7208e-02
10.250  23.500  7.7164e-02
10.250  23.750  7.7141e-02
10.250  24.000  7.7129e-02
10.500  17.000  1.8548e-02
10.500  17.250  1.5218e-02
10.500  17.500  1.4195e-02
10.500  17.750  1.5665e-02
10.500  18.000  1.9283e-02
10.500  18.250  2.4705e-02
10.500  18.500  3.1585e-02
10.500  18.750  3.9580e-02
10.500  19.000  4.8345e-02
10.500  19.250  5.7534e-02
10.500  19.500  6.6804e-02
10.500  19.750  7.5809e-02
10.500  20.000  8.4206e-02
10.500  20.250  9.1649e-02
10.500  20.500  9.8207e-02
10.500  20.750  1.0594e-01
10.500  21.000  1.1447e-01
10.500  21.250  1.1172e-01
10.500  21.500  1.0111e-01
10.500  21.750  9.1290e-02
10.500  22.000  8.4356e-02
10.500  22.250  8.0859e-02
10.500  22.500  7.9042e-02
10.500  22.750  7.7954e-02
10.500  23.000  7.7496e-02
10.500  23.250  7.7303e-02
10.500  23.500  7.7215e-02
10.500  23.750  7.7173e-02
10.500  24.000  7.7151e-02
10.750  17.000  2.1336e-02
10.750  17.250  1.7552e-02
10.750  17.500  1.5667e-02
10.750  17.750  1.5879e-02
10.750  18.000  1.7962e-02
10.750  18.250  2.1689e-02
10.750  18.500  2.6832e-02
10.750  18.750  3.3166e-02
10.750  19.000  4.0463e-02
10.750  19.250  4.8497e-02
10.750  19.500  5.7040e-02
10.750  19.750  6.5866e-02
10.750  20.000  7.4749e-02
10.750  20.250  8.3461e-02
10.750  20.500  9.1775e-02
10.750  20.750  9.9465e-02
10.750  21.000  1.0738e-01
10.750  21.250  1.1571e-01
10.750  21.500  1.1180e-01
10.750  21.750  1.0112e-01
10.750  22.000  9.1285e-02
10.750  22.250  8.4353e-02
10.750  22.500  8.0860e-02
10.750  22.750  7.9044e-02
10.750  23.000  7.7973e-02
10.750  23.250  7.7497e-02
10.750  23.500  7.7306e-02
10.750  23.750  7.7220e-02
10.750  24.000  7.7179e-02
11.000  17.000  2.3597e-02
11.000  17.250  2.0121e-02
11.000  17.500  1.7307e-02
11.000  17.750  1.5892e-02
11.000  18.000  1.5378e-02
11.000  18.250  1.5217e-02
11.000  18.500  1.5463e-02
11.000  18.750  1.6026e-02
11.000  19.000  1.6557e-02
11.000  19.250  1.8120e-02
11.000  19.500  2.2172e-02
11.000  19.750  3.0167e-02
11.000  20.000  4.3564e-02
11.000  20.250  6.3816e-02
11.000  20.500  8.6330e-02
11.000  20.750  9.3945e-02
11.000  21.000  1.0210e-01
11.000  21.250  1.1009e-01
11.000  21.500  1.1806e-01
11.000  21.750  1.1199e-01
11.000  22.000  1.0113e-01
11.000  22.250  9.1285e-02
11.000  22.500  8.4351e-02
11.000  22.750  8.0859e-02
11.000  23.000  7.9045e-02
11.000  23.250  7.7982e-02
11.000  23.500  7.7504e-02
11.000  23.750  7.7307e-02
11.000  24.000  7.7223e-02
11.250  17.000  2.0566e-02
11.250  17.250  2.1777e-02
11.250  17.500  1.9716e-02
11.250  17.750  1.8353e-02
11.250  18.000  1.7563e-02
11.250  18.250  1.6874e-02
11.250  18.500  1.6414e-02
11.250  18.750  1.5745e-02
11.250  19.000  1.5405e-02
11.250  19.250  1.6241e-02
11.250  19.500  1.9099e-02
11.250  19.750  2.4825e-02
11.250  20.000  3.4266e-02
11.250  20.250  4.8267e-02
11.250  20.500  6.7676e-02
11.250  20.750  8.8380e-02
11.250  21.000  9.6441e-02
11.250  21.250  1.0571e-01
11.250  21.500  1.1448e-01
11.250  21.750  1.2134e-01
11.250  22.000  1.1230e-01
11.250  22.250  1.0114e-01
11.250  22.500  9.1277e-02
11.250  22.750  8.4347e-02
11.250  23.000  8.0859e-02
11.250  23.250  7.9045e-02
11.250  23.500  7.7985e-02
11.250  23.750  7.7523e-02
11.250  24.000  7.7309e-02
11.500  17.000  2.1858e-02
11.500  17.250  1.9455e-02
11.500  17.500  2.0114e-02
11.500  17.750  2.0303e-02
11.500  18.000  1.9643e-02
11.500  18.250  1.8661e-02
11.500  18.500  1.8931e-02
11.500  18.750  2.0761e-02
11.500  19.000  2.4039e-02
11.500  19.250  2.8653e-02
11.500  19.500  3.4490e-02
11.500  19.750  4.1438e-02
11.500  20.000  4.9385e-02
11.500  20.250  5.8217e-02
11.500  20.500  6.7823e-02
11.500  20.750  7.8091e-02
11.500  21.000  8.8907e-02
11.500  21.250  1.0016e-01
11.500  21.500  1.1139e-01
11.500  21.750  1.2103e-01
11.500  22.000  1.2469e-01
11.500  22.250  1.1275e-01
11.500  22.500  1.0116e-01
11.500  22.750  9.1279e-02
11.500  23.000  8.4344e-02
11.500  23.250  8.0858e-02
11.500  23.500  7.9046e-02
11.500  23.750  7.7986e-02
11.500  24.000  7.7532e-02
11.750  17.000  2.2923e-02
11.750  17.250  2.0973e-02
11.750  17.500  1.9631e-02
11.750  17.750  1.9138e-02
11.750  18.000  1.8660e-02
11.750  18.250  1.8817e-02
11.750  18.500  1.9768e-02
11.750  18.750  2.1526e-02
11.750  19.000  2.4132e-02
11.750  19.250  2.7627e-02
11.750  19.500  3.2051e-02
11.750  19.750  3.7446e-02
11.750  20.000  4.3852e-02
11.750  20.250  5.1309e-02
11.750  20.500  5.9859e-02
11.750  20.750  6.9543e-02
11.750  21.000  8.0400e-02
11.750  21.250  9.2472e-02
11.750  21.500  1.0580e-01
11.750  21.750  1.1955e-01
11.750  22.000  1.2897e-01
11.750  22.250  1.2718e-01
11.750  22.500  1.1335e-01
11.750  22.750  1.0118e-01
11.750  23.000  9.1277e-02
11.750  23.250  8.4341e-02
11.750  23.500  8.0857e-02
11.750  23.750  7.9046e-02
11.750  24.000  7.7987e-02
12.000  17.000  2.3085e-02
12.000  17.250  2.1791e-02
12.000  17.500  2.0940e-02
12.000  17.750  2.0685e-02
12.000  18.000  2.0280e-02
12.000  18.250  1.9303e-02
12.000  18.500  1.8812e-02
12.000  18.750  1.9160e-02
12.000  19.000  2.0416e-02
12.000  19.250  2.2650e-02
12.000  19.500  2.5930e-02
12.000  19.750  3.0326e-02
12.000  20.000  3.5905e-02
12.000  20.250  4.2738e-02
12.000  20.500  5.0894e-02
12.000  20.750  6.0440e-02
12.000  21.000  7.1447e-02
12.000  21.250  8.3983e-02
12.000  21.500  9.8118e-02
12.000  21.750  1.1392e-01
12.000  22.000  1.2966e-01
12.000  22.250  1.3683e-01
12.000  22.500  1.2950e-01
12.000  22.750  1.1411e-01
12.000  23.000  1.0120e-01
12.000  23.250  9.1273e-02
12.000  23.500  8.4340e-02
12.000  23.750  8.0855e-02
12.000  24.000  7.9046e-02
12.250  17.000  2.2264e-02
12.250  17.250  2.1699e-02
12.250  17.500  2.1485e-02
12.250  17.750  2.1657e-02
12.250  18.000  2.1463e-02
12.250  18.250  2.0512e-02
12.250  18.500  1.9150e-02
12.250  18.750  1.7691e-02
12.250  19.000  1.6307e-02
12.250  19.250  1.5213e-02
12.250  19.500  1.6609e-02
12.250  19.750  1.9011e-02
12.250  20.000  2.2253e-02
12.250  20.250  2.6828e-02
12.250  20.500  3.3224e-02
12.250  20.750  4.1934e-02
12.250  21.000  5.3449e-02
12.250  21.250  6.8258e-02
12.250  21.500  8.6853e-02
12.250  21.750  1.0747e-01
12.250  22.000  1.2435e-01
12.250  22.250  1.4182e-01
12.250  22.500  1.4409e-01
12.250  22.750  1.3187e-01
12.250  23.000  1.1475e-01
12.250  23.250  1.0126e-01
12.250  23.500  9.1267e-02
12.250  23.750  8.4330e-02
12.250  24.000  8.0853e-02
12.500  17.000  2.1211e-02
12.500  17.250  2.1218e-02
12.500  17.500  2.1582e-02
12.500  17.750  2.1973e-02
12.500  18.000  2.1799e-02
12.500  18.250  2.1039e-02
12.500  18.500  1.9935e-02
12.500  18.750  1.8662e-02
12.500  19.000  1.7291e-02
12.500  19.250  1.5962e-02
12.500  19.500  1.4932e-02
12.500  19.750  1.5228e-02
12.500  20.000  1.7260e-02
12.500  20.250  2.1220e-02
12.500  20.500  2.7300e-02
12.500  20.750  3.5690e-02
12.500  21.000  4.6583e-02
12.500  21.250  6.0170e-02
12.500  21.500  7.6642e-02
12.500  21.750  9.6191e-02
12.500  22.000  1.1766e-01
12.500  22.250  1.3716e-01
12.500  22.500  1.5383e-01
12.500  22.750  1.5117e-01
12.500  23.000  1.3422e-01
12.500  23.250  1.1571e-01
12.500  23.500  1.0132e-01
12.500  23.750  9.1259e-02
12.500  24.000  8.4325e-02
12.750  17.000  2.0606e-02
12.750  17.250  2.0845e-02
12.750  17.500  2.1114e-02
12.750  17.750  2.1307e-02
12.750  18.000  2.1272e-02
12.750  18.250  2.0921e-02
12.750  18.500  2.0220e-02
12.750  18.750  1.9257e-02
12.750  19.000  1.8101e-02
12.750  19.250  1.6811e-02
12.750  19.500  1.5549e-02
12.750  19.750  1.4586e-02
12.750  20.000  1.4136e-02
12.750  20.250  1.5870e-02
12.750  20.500  2.1218e-02
12.750  20.750  3.0058e-02
12.750  21.000  4.1898e-02
12.750  21.250  5.6247e-02
12.750  21.500  7.2613e-02
12.750  21.750  9.0505e-02
12.750  22.000  1.0943e-01
12.750  22.250  1.3004e-01
12.750  22.500  1.5318e-01
12.750  22.750  1.6515e-01
12.750  23.000  1.5774e-01
12.750  23.250  1.3689e-01
12.750  23.500  1.1651e-01
12.750  23.750  1.0139e-01
12.750  24.000  9.1248e-02
13.000  17.000  3.9688e-02
13.000  17.250  2.4069e-02
13.000  17.500  1.9912e-02
13.000  17.750  1.8976e-02
13.000  18.000  1.8400e-02
13.000  18.250  1.8074e-02
13.000  18.500  1.7883e-02
13.000  18.750  1.7718e-02
13.000  19.000  1.7465e-02
13.000  19.250  1.7013e-02
13.000  19.500  1.6250e-02
13.000  19.750  1.5063e-02
13.000  20.000  1.4170e-02
13.000  20.250  1.6697e-02
13.000  20.500  2.2976e-02
13.000  20.750  3.2433e-02
13.000  21.000  4.4495e-02
13.000  21.250  5.8588e-02
13.000  21.500  7.4139e-02
13.000  21.750  9.0574e-02
13.000  22.000  1.0732e-01
13.000  22.250  1.2380e-01
13.000  22.500  1.4276e-01
13.000  22.750  1.6885e-01
13.000  23.000  1.7542e-01
13.000  23.250  1.6421e-01
13.000  23.500  1.3923e-01
13.000  23.750  1.1727e-01
13.000  24.000  1.0149e-01
13.250  17.000  3.8037e-02
13.250  17.250  3.3713e-02
13.250  17.500  3.0529e-02
13.250  17.750  2.8661e-02
13.250  18.000  2.8046e-02
13.250  18.250  2.8620e-02
13.250  18.500  3.0318e-02
13.250  18.750  3.3076e-02
13.250  19.000  3.6831e-02
13.250  19.250  4.1518e-02
13.250  19.500  4.7073e-02
13.250  19.750  5.3433e-02
13.250  20.000  6.0532e-02
13.250  20.250  6.8308e-02
13.250  20.500  7.6696e-02
13.250  20.750  8.5631e-02
13.250  21.000  9.5051e-02
13.250  21.250  1.0489e-01
13.250  21.500  1.1508e-01
13.250  21.750  1.2557e-01
13.250  22.000  1.3629e-01
13.250  22.250  1.4716e-01
13.250  22.500  1.5814e-01
13.250  22.750  1.6916e-01
13.250  23.000  1.8014e-01
13.250  23.250  1.8614e-01
13.250  23.500  1.7009e-01
13.250  23.750  1.4151e-01
13.250  24.000  1.1791e-01
13.500  17.000  3.6338e-02
13.500  17.250  3.3272e-02
13.500  17.500  3.1324e-02
13.500  17.750  3.0661e-02
13.500  18.000  3.1210e-02
13.500  18.250  3.2899e-02
13.500  18.500  3.5656e-02
13.500  18.750  3.9408e-02
13.500  19.000  4.4083e-02
13.500  19.250  4.9609e-02
13.500  19.500  5.5914e-02
13.500  19.750  6.2925e-02
13.500  20.000  7.0570e-02
13.500  20.250  7.8778e-02
13.500  20.500  8.7475e-02
13.500  20.750  9.6589e-02
13.500  21.000  1.0605e-01
13.500  21.250  1.1578e-01
13.500  21.500  1.2571e-01
13.500  21.750  1.3578e-01
13.500  22.000  1.4589e-01
13.500  22.250  1.5600e-01
13.500  22.500  1.6601e-01
13.500  22.750  1.7586e-01
13.500  23.000  1.8548e-01
13.500  23.250  1.9480e-01
13.500  23.500  1.9800e-01
13.500  23.750  1.7652e-01
13.500  24.000  1.4377e-01
13.750  17.000  3.4385e-02
13.750  17.250  3.1371e-02
13.750  17.500  2.9734e-02
13.750  17.750  2.9665e-02
13.750  18.000  3.1054e-02
13.750  18.250  3.3796e-02
13.750  18.500  3.7782e-02
13.750  18.750  4.2906e-02
13.750  19.000  4.9059e-02
13.750  19.250  5.6134e-02
13.750  19.500  6.4025e-02
13.750  19.750  7.2623e-02
13.750  20.000  8.1820e-02
13.750  20.250  9.1511e-02
13.750  20.500  1.0159e-01
13.750  20.750  1.1194e-01
13.750  21.000  1.2246e-01
13.750  21.250  1.3305e-01
13.750  21.500  1.4359e-01
13.750  21.750  1.5398e-01
13.750  22.000  1.6411e-01
13.750  22.250  1.7388e-01
13.750  22.500  1.8316e-01
13.750  22.750  1.9187e-01
13.750  23.000  1.9989e-01
13.750  23.250  2.0711e-01
13.750  23.500  2.1343e-01
13.750  23.750  2.1198e-01
13.750  24.000  1.8259e-01
14.000  17.000  3.1414e-02
14.000  17.250  3.1196e-02
14.000  17.500  1.9248e-02
14.000  17.750  1.5435e-02
14.000  18.000  1.4942e-02
14.000  18.250  1.4829e-02
14.000  18.500  1.4988e-02
14.000  18.750  1.5307e-02
14.000  19.000  1.5678e-02
14.000  19.250  1.5991e-02
14.000  19.500  1.6136e-02
14.000  19.750  1.6002e-02
14.000  20.000  1.5481e-02
14.000  20.250  1.4463e-02
14.000  20.500  1.3801e-02
14.000  20.750  1.7165e-02
14.000  21.000  2.5039e-02
14.000  21.250  3.6868e-02
14.000  21.500  5.2098e-02
14.000  21.750  7.0175e-02
14.000  22.000  9.0546e-02
14.000  22.250  1.1266e-01
14.000  22.500  1.3595e-01
14.000  22.750  1.5987e-01
14.000  23.000  1.8388e-01
14.000  23.250  2.0740e-01
14.000  23.500  2.2916e-01
14.000  23.750  2.4087e-01
14.000  24.000  2.2802e-01
