Inwd 1405.00A  relative to Inci 1215.00A scaled to 1215A.
Hden   Phi(H)  Eq_Width (A)
7.000  17.000  2.1365e-03
7.000  17.250  1.6198e-03
7.000  17.500  6.2757e-04
7.000  17.750  1.0000e-07
7.000  18.000  1.0000e-07
7.000  18.250  1.0000e-07
7.000  18.500  1.0000e-07
7.000  18.750  1.0000e-07
7.000  19.000  1.0000e-07
7.000  19.250  1.0000e-07
7.000  19.500  1.0000e-07
7.000  19.750  1.0000e-07
7.000  20.000  1.0000e-07
7.000  20.250  1.0000e-07
7.000  20.500  1.0000e-07
7.000  20.750  1.0000e-07
7.000  21.000  1.0000e-07
7.000  21.250  1.0000e-07
7.000  21.500  1.0000e-07
7.000  21.750  1.0000e-07
7.000  22.000  1.0000e-07
7.000  22.250  1.0000e-07
7.000  22.500  1.0000e-07
7.000  22.750  1.0000e-07
7.000  23.000  1.0000e-07
7.000  23.250  1.0000e-07
7.000  23.500  1.0000e-07
7.000  23.750  1.0000e-07
7.000  24.000  1.0000e-07
7.250  17.000  3.1386e-03
7.250  17.250  2.2963e-03
7.250  17.500  1.7563e-03
7.250  17.750  6.5646e-04
7.250  18.000  1.0000e-07
7.250  18.250  1.0000e-07
7.250  18.500  1.0000e-07
7.250  18.750  1.0000e-07
7.250  19.000  1.0000e-07
7.250  19.250  1.0000e-07
7.250  19.500  1.0000e-07
7.250  19.750  1.0000e-07
7.250  20.000  1.0000e-07
7.250  20.250  1.0000e-07
7.250  20.500  1.0000e-07
7.250  20.750  1.0000e-07
7.250  21.000  1.0000e-07
7.250  21.250  1.0000e-07
7.250  21.500  1.0000e-07
7.250  21.750  1.0000e-07
7.250  22.000  1.0000e-07
7.250  22.250  1.0000e-07
7.250  22.500  1.0000e-07
7.250  22.750  1.0000e-07
7.250  23.000  1.0000e-07
7.250  23.250  1.0000e-07
7.250  23.500  1.0000e-07
7.250  23.750  1.0000e-07
7.250  24.000  1.0000e-07
7.500  17.000  4.0058e-03
7.500  17.250  3.3034e-03
7.500  17.500  2.4493e-03
7.500  17.750  1.8968e-03
7.500  18.000  6.8230e-04
7.500  18.250  1.0000e-07
7.500  18.500  1.0000e-07
7.500  18.750  1.0000e-07
7.500  19.000  1.0000e-07
7.500  19.250  1.0000e-07
7.500  19.500  1.0000e-07
7.500  19.750  1.0000e-07
7.500  20.000  1.0000e-07
7.500  20.250  1.0000e-07
7.500  20.500  1.0000e-07
7.500  20.750  1.0000e-07
7.500  21.000  1.0000e-07
7.500  21.250  1.0000e-07
7.500  21.500  1.0000e-07
7.500  21.750  1.0000e-07
7.500  22.000  1.0000e-07
7.500  22.250  1.0000e-07
7.500  22.500  1.0000e-07
7.500  22.750  1.0000e-07
7.500  23.000  1.0000e-07
7.500  23.250  1.0000e-07
7.500  23.500  1.0000e-07
7.500  23.750  1.0000e-07
7.500  24.000  1.0000e-07
7.750  17.000  4.4557e-03
7.750  17.250  4.1546e-03
7.750  17.500  3.4426e-03
7.750  17.750  2.5871e-03
7.750  18.000  2.0291e-03
7.750  18.250  7.0370e-04
7.750  18.500  1.0000e-07
7.750  18.750  1.0000e-07
7.750  19.000  1.0000e-07
7.750  19.250  1.0000e-07
7.750  19.500  1.0000e-07
7.750  19.750  1.0000e-07
7.750  20.000  1.0000e-07
7.750  20.250  1.0000e-07
7.750  20.500  1.0000e-07
7.750  20.750  1.0000e-07
7.750  21.000  1.0000e-07
7.750  21.250  1.0000e-07
7.750  21.500  1.0000e-07
7.750  21.750  1.0000e-07
7.750  22.000  1.0000e-07
7.750  22.250  1.0000e-07
7.750  22.500  1.0000e-07
7.750  22.750  1.0000e-07
7.750  23.000  1.0000e-07
7.750  23.250  1.0000e-07
7.750  23.500  1.0000e-07
7.750  23.750  1.0000e-07
7.750  24.000  1.0000e-07
8.000  17.000  4.3953e-03
8.000  17.250  4.5477e-03
8.000  17.500  4.2509e-03
8.000  17.750  3.5416e-03
8.000  18.000  2.6910e-03
8.000  18.250  2.1478e-03
8.000  18.500  7.2280e-04
8.000  18.750  1.0000e-07
8.000  19.000  1.0000e-07
8.000  19.250  1.0000e-07
8.000  19.500  1.0000e-07
8.000  19.750  1.0000e-07
8.000  20.000  1.0000e-07
8.000  20.250  1.0000e-07
8.000  20.500  1.0000e-07
8.000  20.750  1.0000e-07
8.000  21.000  1.0000e-07
8.000  21.250  1.0000e-07
8.000  21.500  1.0000e-07
8.000  21.750  1.0000e-07
8.000  22.000  1.0000e-07
8.000  22.250  1.0000e-07
8.000  22.500  1.0000e-07
8.000  22.750  1.0000e-07
8.000  23.000  1.0000e-07
8.000  23.250  1.0000e-07
8.000  23.500  1.0000e-07
8.000  23.750  1.0000e-07
8.000  24.000  1.0000e-07
8.250  17.000  3.8924e-03
8.250  17.250  4.4748e-03
8.250  17.500  4.6221e-03
8.250  17.750  4.3212e-03
8.250  18.000  3.6149e-03
8.250  18.250  2.7794e-03
8.250  18.500  2.2464e-03
8.250  18.750  7.3432e-04
8.250  19.000  1.0000e-07
8.250  19.250  1.0000e-07
8.250  19.500  1.0000e-07
8.250  19.750  1.0000e-07
8.250  20.000  1.0000e-07
8.250  20.250  1.0000e-07
8.250  20.500  1.0000e-07
8.250  20.750  1.0000e-07
8.250  21.000  1.0000e-07
8.250  21.250  1.0000e-07
8.250  21.500  1.0000e-07
8.250  21.750  1.0000e-07
8.250  22.000  1.0000e-07
8.250  22.250  1.0000e-07
8.250  22.500  1.0000e-07
8.250  22.750  1.0000e-07
8.250  23.000  1.0000e-07
8.250  23.250  1.0000e-07
8.250  23.500  1.0000e-07
8.250  23.750  1.0000e-07
8.250  24.000  1.0000e-07
8.500  17.000  3.0756e-03
8.500  17.250  3.9370e-03
8.500  17.500  4.5156e-03
8.500  17.750  4.6554e-03
8.500  18.000  4.3540e-03
8.500  18.250  3.6563e-03
8.500  18.500  2.8477e-03
8.500  18.750  2.3237e-03
8.500  19.000  7.4198e-04
8.500  19.250  1.0000e-07
8.500  19.500  1.0000e-07
8.500  19.750  1.0000e-07
8.500  20.000  1.0000e-07
8.500  20.250  1.0000e-07
8.500  20.500  1.0000e-07
8.500  20.750  1.0000e-07
8.500  21.000  1.0000e-07
8.500  21.250  1.0000e-07
8.500  21.500  1.0000e-07
8.500  21.750  1.0000e-07
8.500  22.000  1.0000e-07
8.500  22.250  1.0000e-07
8.500  22.500  1.0000e-07
8.500  22.750  1.0000e-07
8.500  23.000  1.0000e-07
8.500  23.250  1.0000e-07
8.500  23.500  1.0000e-07
8.500  23.750  1.0000e-07
8.500  24.000  1.0000e-07
8.750  17.000  2.1723e-03
8.750  17.250  3.0961e-03
8.750  17.500  3.9513e-03
8.750  17.750  4.5189e-03
8.750  18.000  4.6542e-03
8.750  18.250  4.3529e-03
8.750  18.500  3.6802e-03
8.750  18.750  2.9114e-03
8.750  19.000  2.3667e-03
8.750  19.250  7.4757e-04
8.750  19.500  1.0000e-07
8.750  19.750  1.0000e-07
8.750  20.000  1.0000e-07
8.750  20.250  1.0000e-07
8.750  20.500  1.0000e-07
8.750  20.750  1.0000e-07
8.750  21.000  1.0000e-07
8.750  21.250  1.0000e-07
8.750  21.500  1.0000e-07
8.750  21.750  1.0000e-07
8.750  22.000  1.0000e-07
8.750  22.250  1.0000e-07
8.750  22.500  1.0000e-07
8.750  22.750  1.0000e-07
8.750  23.000  1.0000e-07
8.750  23.250  1.0000e-07
8.750  23.500  1.0000e-07
8.750  23.750  1.0000e-07
8.750  24.000  1.0000e-07
9.000  17.000  1.3277e-03
9.000  17.250  2.1842e-03
9.000  17.500  3.0965e-03
9.000  17.750  3.9324e-03
9.000  18.000  4.4874e-03
9.000  18.250  4.6187e-03
9.000  18.500  4.3349e-03
9.000  18.750  3.6998e-03
9.000  19.000  2.9569e-03
9.000  19.250  2.3600e-03
9.000  19.500  7.5391e-04
9.000  19.750  1.0000e-07
9.000  20.000  1.0000e-07
9.000  20.250  1.0000e-07
9.000  20.500  1.0000e-07
9.000  20.750  1.0000e-07
9.000  21.000  1.0000e-07
9.000  21.250  1.0000e-07
9.000  21.500  1.0000e-07
9.000  21.750  1.0000e-07
9.000  22.000  1.0000e-07
9.000  22.250  1.0000e-07
9.000  22.500  1.0000e-07
9.000  22.750  1.0000e-07
9.000  23.000  1.0000e-07
9.000  23.250  1.0000e-07
9.000  23.500  1.0000e-07
9.000  23.750  1.0000e-07
9.000  24.000  1.0000e-07
9.250  17.000  6.5128e-04
9.250  17.250  1.3347e-03
9.250  17.500  2.1814e-03
9.250  17.750  3.0700e-03
9.250  18.000  3.8895e-03
9.250  18.250  4.4409e-03
9.250  18.500  4.5608e-03
9.250  18.750  4.3149e-03
9.250  19.000  3.7012e-03
9.250  19.250  2.9520e-03
9.250  19.500  2.2629e-03
9.250  19.750  7.5490e-04
9.250  20.000  1.0000e-07
9.250  20.250  1.0000e-07
9.250  20.500  1.0000e-07
9.250  20.750  1.0000e-07
9.250  21.000  1.0000e-07
9.250  21.250  1.0000e-07
9.250  21.500  1.0000e-07
9.250  21.750  1.0000e-07
9.250  22.000  1.0000e-07
9.250  22.250  1.0000e-07
9.250  22.500  1.0000e-07
9.250  22.750  1.0000e-07
9.250  23.000  1.0000e-07
9.250  23.250  1.0000e-07
9.250  23.500  1.0000e-07
9.250  23.750  1.0000e-07
9.250  24.000  1.0000e-07
9.500  17.000  2.2947e-04
9.500  17.250  6.5053e-04
9.500  17.500  1.3288e-03
9.500  17.750  2.1509e-03
9.500  18.000  2.9984e-03
9.500  18.250  3.7771e-03
9.500  18.500  4.3241e-03
9.500  18.750  4.4724e-03
9.500  19.000  4.2442e-03
9.500  19.250  3.6260e-03
9.500  19.500  2.8068e-03
9.500  19.750  2.1863e-03
9.500  20.000  7.6337e-04
9.500  20.250  1.0000e-07
9.500  20.500  1.0000e-07
9.500  20.750  1.0000e-07
9.500  21.000  1.0000e-07
9.500  21.250  1.0000e-07
9.500  21.500  1.0000e-07
9.500  21.750  1.0000e-07
9.500  22.000  1.0000e-07
9.500  22.250  1.0000e-07
9.500  22.500  1.0000e-07
9.500  22.750  1.0000e-07
9.500  23.000  1.0000e-07
9.500  23.250  1.0000e-07
9.500  23.500  1.0000e-07
9.500  23.750  1.0000e-07
9.500  24.000  1.0000e-07
9.750  17.000  5.0947e-05
9.750  17.250  2.2346e-04
9.750  17.500  6.3745e-04
9.750  17.750  1.2928e-03
9.750  18.000  2.0684e-03
9.750  18.250  2.8612e-03
9.750  18.500  3.5952e-03
9.750  18.750  4.1339e-03
9.750  19.000  4.2818e-03
9.750  19.250  4.0724e-03
9.750  19.500  3.4737e-03
9.750  19.750  2.7263e-03
9.750  20.000  2.1682e-03
9.750  20.250  7.4716e-04
9.750  20.500  1.0000e-07
9.750  20.750  1.0000e-07
9.750  21.000  1.0000e-07
9.750  21.250  1.0000e-07
9.750  21.500  1.0000e-07
9.750  21.750  1.0000e-07
9.750  22.000  1.0000e-07
9.750  22.250  1.0000e-07
9.750  22.500  1.0000e-07
9.750  22.750  1.0000e-07
9.750  23.000  1.0000e-07
9.750  23.250  1.0000e-07
9.750  23.500  1.0000e-07
9.750  23.750  1.0000e-07
9.750  24.000  1.0000e-07
10.000  17.000  5.6790e-06
10.000  17.250  4.7407e-05
10.000  17.500  2.1111e-04
10.000  17.750  6.0008e-04
10.000  18.000  1.2029e-03
10.000  18.250  1.9074e-03
10.000  18.500  2.6241e-03
10.000  18.750  3.2947e-03
10.000  19.000  3.7633e-03
10.000  19.250  3.9523e-03
10.000  19.500  3.7890e-03
10.000  19.750  3.2699e-03
10.000  20.000  2.6294e-03
10.000  20.250  2.2013e-03
10.000  20.500  7.5374e-04
10.000  20.750  1.0000e-07
10.000  21.000  1.0000e-07
10.000  21.250  1.0000e-07
10.000  21.500  1.0000e-07
10.000  21.750  1.0000e-07
10.000  22.000  1.0000e-07
10.000  22.250  1.0000e-07
10.000  22.500  1.0000e-07
10.000  22.750  1.0000e-07
10.000  23.000  1.0000e-07
10.000  23.250  1.0000e-07
10.000  23.500  1.0000e-07
10.000  23.750  1.0000e-07
10.000  24.000  1.0000e-07
10.250  17.000  1.0000e-07
10.250  17.250  5.0206e-06
10.250  17.500  4.2551e-05
10.250  17.750  1.8848e-04
10.250  18.000  5.3029e-04
10.250  18.250  1.0538e-03
10.250  18.500  1.6593e-03
10.250  18.750  2.2736e-03
10.250  19.000  2.8379e-03
10.250  19.250  3.2816e-03
10.250  19.500  3.5008e-03
10.250  19.750  3.4170e-03
10.250  20.000  3.0198e-03
10.250  20.250  2.5029e-03
10.250  20.500  2.2402e-03
10.250  20.750  7.5160e-04
10.250  21.000  1.0000e-07
10.250  21.250  1.0000e-07
10.250  21.500  1.0000e-07
10.250  21.750  1.0000e-07
10.250  22.000  1.0000e-07
10.250  22.250  1.0000e-07
10.250  22.500  1.0000e-07
10.250  22.750  1.0000e-07
10.250  23.000  1.0000e-07
10.250  23.250  1.0000e-07
10.250  23.500  1.0000e-07
10.250  23.750  1.0000e-07
10.250  24.000  1.0000e-07
10.500  17.000  1.0000e-07
10.500  17.250  1.0000e-07
10.500  17.500  4.2798e-06
10.500  17.750  3.5967e-05
10.500  18.000  1.5728e-04
10.500  18.250  4.3811e-04
10.500  18.500  8.6099e-04
10.500  18.750  1.3427e-03
10.500  19.000  1.8386e-03
10.500  19.250  2.3261e-03
10.500  19.500  2.7428e-03
10.500  19.750  3.0001e-03
10.500  20.000  3.0109e-03
10.500  20.250  2.7228e-03
10.500  20.500  2.3687e-03
10.500  20.750  2.2704e-03
10.500  21.000  7.5942e-04
10.500  21.250  1.0000e-07
10.500  21.500  1.0000e-07
10.500  21.750  1.0000e-07
10.500  22.000  1.0000e-07
10.500  22.250  1.0000e-07
10.500  22.500  1.0000e-07
10.500  22.750  1.0000e-07
10.500  23.000  1.0000e-07
10.500  23.250  1.0000e-07
10.500  23.500  1.0000e-07
10.500  23.750  1.0000e-07
10.500  24.000  1.0000e-07
10.750  17.000  1.0000e-07
10.750  17.250  1.0000e-07
10.750  17.500  1.0000e-07
10.750  17.750  3.6214e-06
10.750  18.000  2.8807e-05
10.750  18.250  1.2428e-04
10.750  18.500  3.3909e-04
10.750  18.750  6.5646e-04
10.750  19.000  1.0228e-03
10.750  19.250  1.4189e-03
10.750  19.500  1.8391e-03
10.750  19.750  2.2324e-03
10.750  20.000  2.5195e-03
10.750  20.250  2.6055e-03
10.750  20.500  2.4295e-03
10.750  20.750  2.1960e-03
10.750  21.000  2.1297e-03
10.750  21.250  6.6058e-04
10.750  21.500  1.0000e-07
10.750  21.750  1.0000e-07
10.750  22.000  1.0000e-07
10.750  22.250  1.0000e-07
10.750  22.500  1.0000e-07
10.750  22.750  1.0000e-07
10.750  23.000  1.0000e-07
10.750  23.250  1.0000e-07
10.750  23.500  1.0000e-07
10.750  23.750  1.0000e-07
10.750  24.000  1.0000e-07
11.000  17.000  1.0000e-07
11.000  17.250  1.0000e-07
11.000  17.500  1.0000e-07
11.000  17.750  1.0000e-07
11.000  18.000  3.0453e-06
11.000  18.250  2.2469e-05
11.000  18.500  9.3498e-05
11.000  18.750  2.4856e-04
11.000  19.000  4.7366e-04
11.000  19.250  7.4387e-04
11.000  19.500  1.0664e-03
11.000  19.750  1.4326e-03
11.000  20.000  1.7964e-03
11.000  20.250  2.0871e-03
11.000  20.500  2.2201e-03
11.000  20.750  2.1067e-03
11.000  21.000  1.9468e-03
11.000  21.250  1.9074e-03
11.000  21.500  5.2667e-04
11.000  21.750  1.0000e-07
11.000  22.000  1.0000e-07
11.000  22.250  1.0000e-07
11.000  22.500  1.0000e-07
11.000  22.750  1.0000e-07
11.000  23.000  1.0000e-07
11.000  23.250  1.0000e-07
11.000  23.500  1.0000e-07
11.000  23.750  1.0000e-07
11.000  24.000  1.0000e-07
11.250  17.000  1.0000e-07
11.250  17.250  1.0000e-07
11.250  17.500  1.0000e-07
11.250  17.750  1.0000e-07
11.250  18.000  1.0000e-07
11.250  18.250  2.3868e-06
11.250  18.500  1.6790e-05
11.250  18.750  6.7490e-05
11.250  19.000  1.7407e-04
11.250  19.250  3.2864e-04
11.250  19.500  5.3053e-04
11.250  19.750  7.9498e-04
11.250  20.000  1.1095e-03
11.250  20.250  1.4311e-03
11.250  20.500  1.7002e-03
11.250  20.750  1.8342e-03
11.250  21.000  1.7519e-03
11.250  21.250  1.6027e-03
11.250  21.500  1.5176e-03
11.250  21.750  2.3473e-04
11.250  22.000  1.0000e-07
11.250  22.250  1.0000e-07
11.250  22.500  1.0000e-07
11.250  22.750  1.0000e-07
11.250  23.000  1.0000e-07
11.250  23.250  1.0000e-07
11.250  23.500  1.0000e-07
11.250  23.750  1.0000e-07
11.250  24.000  1.0000e-07
11.500  17.000  1.0000e-07
11.500  17.250  1.0000e-07
11.500  17.500  1.0000e-07
11.500  17.750  1.0000e-07
11.500  18.000  1.0000e-07
11.500  18.250  1.0000e-07
11.500  18.500  1.8107e-06
11.500  18.750  1.1934e-05
11.500  19.000  4.6749e-05
11.500  19.250  1.1761e-04
11.500  19.500  2.2354e-04
11.500  19.750  3.7695e-04
11.500  20.000  5.9136e-04
11.500  20.250  8.5086e-04
11.500  20.500  1.1178e-03
11.500  20.750  1.3452e-03
11.500  21.000  1.4404e-03
11.500  21.250  1.3378e-03
11.500  21.500  1.1839e-03
11.500  21.750  1.0941e-03
11.500  22.000  4.1728e-05
11.500  22.250  1.0000e-07
11.500  22.500  1.0000e-07
11.500  22.750  1.0000e-07
11.500  23.000  1.0000e-07
11.500  23.250  1.0000e-07
11.500  23.500  1.0000e-07
11.500  23.750  1.0000e-07
11.500  24.000  1.0000e-07
11.750  17.000  1.0000e-07
11.750  17.250  1.0000e-07
11.750  17.500  1.0000e-07
11.750  17.750  1.0000e-07
11.750  18.000  1.0000e-07
11.750  18.250  1.0000e-07
11.750  18.500  1.0000e-07
11.750  18.750  1.2346e-06
11.750  19.000  8.0658e-06
11.750  19.250  3.1358e-05
11.750  19.500  7.7778e-05
11.750  19.750  1.5144e-04
11.750  20.000  2.6774e-04
11.750  20.250  4.3720e-04
11.750  20.500  6.4049e-04
11.750  20.750  8.5103e-04
11.750  21.000  1.0264e-03
11.750  21.250  1.0642e-03
11.750  21.500  9.2016e-04
11.750  21.750  8.2848e-04
11.750  22.000  7.0757e-04
11.750  22.250  1.3498e-05
11.750  22.500  1.0000e-07
11.750  22.750  1.0000e-07
11.750  23.000  1.0000e-07
11.750  23.250  1.0000e-07
11.750  23.500  1.0000e-07
11.750  23.750  1.0000e-07
11.750  24.000  1.0000e-07
12.000  17.000  1.0000e-07
12.000  17.250  1.0000e-07
12.000  17.500  1.0000e-07
12.000  17.750  1.0000e-07
12.000  18.000  1.0000e-07
12.000  18.250  1.0000e-07
12.000  18.500  1.0000e-07
12.000  18.750  1.0000e-07
12.000  19.000  4.3621e-06
12.000  19.250  5.3498e-06
12.000  19.500  2.0576e-05
12.000  19.750  5.1111e-05
12.000  20.000  1.0370e-04
12.000  20.250  1.9210e-04
12.000  20.500  3.2099e-04
12.000  20.750  4.7383e-04
12.000  21.000  6.3473e-04
12.000  21.250  7.5366e-04
12.000  21.500  7.3078e-04
12.000  21.750  6.0757e-04
12.000  22.000  5.6930e-04
12.000  22.250  4.1128e-04
12.000  22.500  4.4444e-06
12.000  22.750  1.0000e-07
12.000  23.000  1.0000e-07
12.000  23.250  1.0000e-07
12.000  23.500  1.0000e-07
12.000  23.750  1.0000e-07
12.000  24.000  1.0000e-07
12.250  17.000  1.0000e-07
12.250  17.250  1.0000e-07
12.250  17.500  1.0000e-07
12.250  17.750  1.0000e-07
12.250  18.000  1.0000e-07
12.250  18.250  1.0000e-07
12.250  18.500  1.0000e-07
12.250  18.750  1.0000e-07
12.250  19.000  1.0000e-07
12.250  19.250  3.5391e-06
12.250  19.500  3.5391e-06
12.250  19.750  1.3416e-05
12.250  20.000  3.3992e-05
12.250  20.250  7.2346e-05
12.250  20.500  1.3885e-04
12.250  20.750  2.3358e-04
12.250  21.000  3.5021e-04
12.250  21.250  4.7012e-04
12.250  21.500  5.3251e-04
12.250  21.750  4.8749e-04
12.250  22.000  4.0741e-04
12.250  22.250  3.8568e-04
12.250  22.500  2.3909e-04
12.250  22.750  1.7284e-06
12.250  23.000  1.0000e-07
12.250  23.250  1.0000e-07
12.250  23.500  1.0000e-07
12.250  23.750  1.0000e-07
12.250  24.000  1.0000e-07
12.500  17.000  1.0000e-07
12.500  17.250  1.0000e-07
12.500  17.500  1.0000e-07
12.500  17.750  1.0000e-07
12.500  18.000  1.0000e-07
12.500  18.250  1.0000e-07
12.500  18.500  1.0000e-07
12.500  18.750  1.0000e-07
12.500  19.000  1.0000e-07
12.500  19.250  1.0000e-07
12.500  19.500  2.7160e-06
12.500  19.750  4.7921e-06
12.500  20.000  9.7433e-06
12.500  20.250  2.3210e-05
12.500  20.500  5.1440e-05
12.500  20.750  1.0082e-04
12.500  21.000  1.7062e-04
12.500  21.250  2.5909e-04
12.500  21.500  3.4181e-04
12.500  21.750  3.7095e-04
12.500  22.000  3.2947e-04
12.500  22.250  2.7605e-04
12.500  22.500  2.6856e-04
12.500  22.750  1.4477e-04
12.500  23.000  1.0000e-07
12.500  23.250  1.0000e-07
12.500  23.500  1.0000e-07
12.500  23.750  1.0000e-07
12.500  24.000  1.0000e-07
12.750  17.000  1.0000e-07
12.750  17.250  1.0000e-07
12.750  17.500  1.0000e-07
12.750  17.750  1.0000e-07
12.750  18.000  1.0000e-07
12.750  18.250  1.0000e-07
12.750  18.500  1.0000e-07
12.750  18.750  1.0000e-07
12.750  19.000  1.0000e-07
12.750  19.250  1.0000e-07
12.750  19.500  1.0000e-07
12.750  19.750  1.9753e-06
12.750  20.000  2.0287e-05
12.750  20.250  5.4848e-05
12.750  20.500  1.0065e-04
12.750  20.750  1.5267e-04
12.750  21.000  2.0591e-04
12.750  21.250  2.5534e-04
12.750  21.500  2.9596e-04
12.750  21.750  3.2276e-04
12.750  22.000  3.3072e-04
12.750  22.250  3.1483e-04
12.750  22.500  2.7007e-04
12.750  22.750  1.9144e-04
12.750  23.000  8.3539e-05
12.750  23.250  1.0000e-07
12.750  23.500  1.0000e-07
12.750  23.750  1.0000e-07
12.750  24.000  1.0000e-07
13.000  17.000  1.0000e-07
13.000  17.250  1.0000e-07
13.000  17.500  1.0000e-07
13.000  17.750  1.0000e-07
13.000  18.000  1.0000e-07
13.000  18.250  1.0000e-07
13.000  18.500  1.0000e-07
13.000  18.750  1.0000e-07
13.000  19.000  1.0000e-07
13.000  19.250  1.0000e-07
13.000  19.500  1.0000e-07
13.000  19.750  1.0000e-07
13.000  20.000  1.3169e-06
13.000  20.250  1.7630e-05
13.000  20.500  4.8918e-05
13.000  20.750  9.0425e-05
13.000  21.000  1.3739e-04
13.000  21.250  1.8506e-04
13.000  21.500  2.2868e-04
13.000  21.750  2.6349e-04
13.000  22.000  2.8473e-04
13.000  22.250  2.8764e-04
13.000  22.500  2.6747e-04
13.000  22.750  2.1946e-04
13.000  23.000  1.3885e-04
13.000  23.250  4.1564e-05
13.000  23.500  1.0000e-07
13.000  23.750  1.0000e-07
13.000  24.000  1.0000e-07
13.250  17.000  1.0000e-07
13.250  17.250  1.0000e-07
13.250  17.500  1.0000e-07
13.250  17.750  1.0000e-07
13.250  18.000  1.0000e-07
13.250  18.250  1.0000e-07
13.250  18.500  1.0000e-07
13.250  18.750  1.0000e-07
13.250  19.000  1.0000e-07
13.250  19.250  1.0000e-07
13.250  19.500  1.0000e-07
13.250  19.750  1.0000e-07
13.250  20.000  1.0000e-07
13.250  20.250  1.0000e-07
13.250  20.500  4.9383e-06
13.250  20.750  2.4339e-05
13.250  21.000  5.6625e-05
13.250  21.250  9.6805e-05
13.250  21.500  1.3989e-04
13.250  21.750  1.8089e-04
13.250  22.000  2.1481e-04
13.250  22.250  2.3667e-04
13.250  22.500  2.4147e-04
13.250  22.750  2.2422e-04
13.250  23.000  1.7993e-04
13.250  23.250  1.0362e-04
13.250  23.500  1.6626e-05
13.250  23.750  1.0000e-07
13.250  24.000  1.0000e-07
13.500  17.000  1.0000e-07
13.500  17.250  1.0000e-07
13.500  17.500  1.0000e-07
13.500  17.750  1.0000e-07
13.500  18.000  1.0000e-07
13.500  18.250  1.0000e-07
13.500  18.500  1.0000e-07
13.500  18.750  1.0000e-07
13.500  19.000  1.0000e-07
13.500  19.250  1.0000e-07
13.500  19.500  1.0000e-07
13.500  19.750  1.0000e-07
13.500  20.000  1.0000e-07
13.500  20.250  1.0000e-07
13.500  20.500  1.0000e-07
13.500  20.750  2.7984e-06
13.500  21.000  1.7105e-05
13.500  21.250  4.2026e-05
13.500  21.500  7.3522e-05
13.500  21.750  1.0755e-04
13.500  22.000  1.4007e-04
13.500  22.250  1.6705e-04
13.500  22.500  1.8443e-04
13.500  22.750  1.8819e-04
13.500  23.000  1.7428e-04
13.500  23.250  1.3866e-04
13.500  23.500  7.7284e-05
13.500  23.750  8.2305e-06
13.500  24.000  1.0000e-07
13.750  17.000  1.0000e-07
13.750  17.250  1.0000e-07
13.750  17.500  1.0000e-07
13.750  17.750  1.0000e-07
13.750  18.000  1.0000e-07
13.750  18.250  1.0000e-07
13.750  18.500  1.0000e-07
13.750  18.750  1.0000e-07
13.750  19.000  1.0000e-07
13.750  19.250  1.0000e-07
13.750  19.500  1.0000e-07
13.750  19.750  1.0000e-07
13.750  20.000  1.0000e-07
13.750  20.250  1.0000e-07
13.750  20.500  1.0000e-07
13.750  20.750  1.0000e-07
13.750  21.000  1.6461e-06
13.750  21.250  1.0477e-05
13.750  21.500  2.6042e-05
13.750  21.750  4.5836e-05
13.750  22.000  6.7353e-05
13.750  22.250  8.8088e-05
13.750  22.500  1.0553e-04
13.750  22.750  1.1718e-04
13.750  23.000  1.2053e-04
13.750  23.250  1.1308e-04
13.750  23.500  9.2308e-05
13.750  23.750  5.5720e-05
13.750  24.000  4.2798e-06
14.000  17.000  1.0000e-07
14.000  17.250  1.0000e-07
14.000  17.500  1.0000e-07
14.000  17.750  1.0000e-07
14.000  18.000  1.0000e-07
14.000  18.250  1.0000e-07
14.000  18.500  1.0000e-07
14.000  18.750  1.0000e-07
14.000  19.000  1.0000e-07
14.000  19.250  1.0000e-07
14.000  19.500  1.0000e-07
14.000  19.750  1.0000e-07
14.000  20.000  1.0000e-07
14.000  20.250  1.0000e-07
14.000  20.500  1.0000e-07
14.000  20.750  1.0000e-07
14.000  21.000  1.0000e-07
14.000  21.250  1.1523e-06
14.000  21.500  4.6914e-06
14.000  21.750  1.7284e-06
14.000  22.000  4.1152e-06
14.000  22.250  8.3951e-06
14.000  22.500  1.5556e-05
14.000  22.750  2.6420e-05
14.000  23.000  3.6461e-05
14.000  23.250  3.8436e-05
14.000  23.500  3.5309e-05
14.000  23.750  3.5967e-05
14.000  24.000  4.1975e-05
