He 2 5411.80A  relative to Inci 1215.00A scaled to 1215A.
Hden   Phi(H)  Eq_Width (A)
7.000  17.000  3.0650e-04
7.000  17.250  2.9728e-04
7.000  17.500  2.8510e-04
7.000  17.750  1.3802e-04
7.000  18.000  4.4362e-05
7.000  18.250  1.2016e-05
7.000  18.500  2.0576e-06
7.000  18.750  1.0000e-07
7.000  19.000  1.0000e-07
7.000  19.250  1.0000e-07
7.000  19.500  1.0000e-07
7.000  19.750  1.0000e-07
7.000  20.000  1.0000e-07
7.000  20.250  1.0000e-07
7.000  20.500  1.0000e-07
7.000  20.750  1.0000e-07
7.000  21.000  1.0000e-07
7.000  21.250  1.0000e-07
7.000  21.500  1.0000e-07
7.000  21.750  1.0000e-07
7.000  22.000  1.0000e-07
7.000  22.250  1.0000e-07
7.000  22.500  1.0000e-07
7.000  22.750  1.0000e-07
7.000  23.000  1.0000e-07
7.000  23.250  1.0000e-07
7.000  23.500  1.0000e-07
7.000  23.750  1.0000e-07
7.000  24.000  1.0000e-07
7.250  17.000  3.1045e-04
7.250  17.250  3.0337e-04
7.250  17.500  2.9449e-04
7.250  17.750  2.8247e-04
7.250  18.000  1.3646e-04
7.250  18.250  4.3951e-05
7.250  18.500  1.2099e-05
7.250  18.750  2.1399e-06
7.250  19.000  1.0000e-07
7.250  19.250  1.0000e-07
7.250  19.500  1.0000e-07
7.250  19.750  1.0000e-07
7.250  20.000  1.0000e-07
7.250  20.250  1.0000e-07
7.250  20.500  1.0000e-07
7.250  20.750  1.0000e-07
7.250  21.000  1.0000e-07
7.250  21.250  1.0000e-07
7.250  21.500  1.0000e-07
7.250  21.750  1.0000e-07
7.250  22.000  1.0000e-07
7.250  22.250  1.0000e-07
7.250  22.500  1.0000e-07
7.250  22.750  1.0000e-07
7.250  23.000  1.0000e-07
7.250  23.250  1.0000e-07
7.250  23.500  1.0000e-07
7.250  23.750  1.0000e-07
7.250  24.000  1.0000e-07
7.500  17.000  3.1218e-04
7.500  17.250  3.0708e-04
7.500  17.500  3.0033e-04
7.500  17.750  2.9169e-04
7.500  18.000  2.8000e-04
7.500  18.250  1.3498e-04
7.500  18.500  4.3539e-05
7.500  18.750  1.2181e-05
7.500  19.000  2.1399e-06
7.500  19.250  1.0000e-07
7.500  19.500  1.0000e-07
7.500  19.750  1.0000e-07
7.500  20.000  1.0000e-07
7.500  20.250  1.0000e-07
7.500  20.500  1.0000e-07
7.500  20.750  1.0000e-07
7.500  21.000  1.0000e-07
7.500  21.250  1.0000e-07
7.500  21.500  1.0000e-07
7.500  21.750  1.0000e-07
7.500  22.000  1.0000e-07
7.500  22.250  1.0000e-07
7.500  22.500  1.0000e-07
7.500  22.750  1.0000e-07
7.500  23.000  1.0000e-07
7.500  23.250  1.0000e-07
7.500  23.500  1.0000e-07
7.500  23.750  1.0000e-07
7.500  24.000  1.0000e-07
7.750  17.000  3.1128e-04
7.750  17.250  3.0856e-04
7.750  17.500  3.0370e-04
7.750  17.750  2.9728e-04
7.750  18.000  2.8897e-04
7.750  18.250  2.7770e-04
7.750  18.500  1.3342e-04
7.750  18.750  4.3045e-05
7.750  19.000  1.2263e-05
7.750  19.250  2.2222e-06
7.750  19.500  1.0000e-07
7.750  19.750  1.0000e-07
7.750  20.000  1.0000e-07
7.750  20.250  1.0000e-07
7.750  20.500  1.0000e-07
7.750  20.750  1.0000e-07
7.750  21.000  1.0000e-07
7.750  21.250  1.0000e-07
7.750  21.500  1.0000e-07
7.750  21.750  1.0000e-07
7.750  22.000  1.0000e-07
7.750  22.250  1.0000e-07
7.750  22.500  1.0000e-07
7.750  22.750  1.0000e-07
7.750  23.000  1.0000e-07
7.750  23.250  1.0000e-07
7.750  23.500  1.0000e-07
7.750  23.750  1.0000e-07
7.750  24.000  1.0000e-07
8.000  17.000  3.0296e-04
8.000  17.250  3.0305e-04
8.000  17.500  3.0115e-04
8.000  17.750  2.9745e-04
8.000  18.000  2.9218e-04
8.000  18.250  2.8477e-04
8.000  18.500  2.7407e-04
8.000  18.750  1.3160e-04
8.000  19.000  4.2634e-05
8.000  19.250  1.2263e-05
8.000  19.500  2.3045e-06
8.000  19.750  1.0000e-07
8.000  20.000  1.0000e-07
8.000  20.250  1.0000e-07
8.000  20.500  1.0000e-07
8.000  20.750  1.0000e-07
8.000  21.000  1.0000e-07
8.000  21.250  1.0000e-07
8.000  21.500  1.0000e-07
8.000  21.750  1.0000e-07
8.000  22.000  1.0000e-07
8.000  22.250  1.0000e-07
8.000  22.500  1.0000e-07
8.000  22.750  1.0000e-07
8.000  23.000  1.0000e-07
8.000  23.250  1.0000e-07
8.000  23.500  1.0000e-07
8.000  23.750  1.0000e-07
8.000  24.000  1.0000e-07
8.250  17.000  2.9745e-04
8.250  17.250  2.9934e-04
8.250  17.500  2.9942e-04
8.250  17.750  2.9753e-04
8.250  18.000  2.9391e-04
8.250  18.250  2.8905e-04
8.250  18.500  2.8222e-04
8.250  18.750  2.7210e-04
8.250  19.000  1.2979e-04
8.250  19.250  4.1975e-05
8.250  19.500  1.2428e-05
8.250  19.750  2.3868e-06
8.250  20.000  1.0000e-07
8.250  20.250  1.0000e-07
8.250  20.500  1.0000e-07
8.250  20.750  1.0000e-07
8.250  21.000  1.0000e-07
8.250  21.250  1.0000e-07
8.250  21.500  1.0000e-07
8.250  21.750  1.0000e-07
8.250  22.000  1.0000e-07
8.250  22.250  1.0000e-07
8.250  22.500  1.0000e-07
8.250  22.750  1.0000e-07
8.250  23.000  1.0000e-07
8.250  23.250  1.0000e-07
8.250  23.500  1.0000e-07
8.250  23.750  1.0000e-07
8.250  24.000  1.0000e-07
8.500  17.000  2.9062e-04
8.500  17.250  2.9440e-04
8.500  17.500  2.9630e-04
8.500  17.750  2.9621e-04
8.500  18.000  2.9416e-04
8.500  18.250  2.9062e-04
8.500  18.500  2.8642e-04
8.500  18.750  2.8058e-04
8.500  19.000  2.7095e-04
8.500  19.250  1.2765e-04
8.500  19.500  4.1152e-05
8.500  19.750  1.2428e-05
8.500  20.000  2.4691e-06
8.500  20.250  1.0000e-07
8.500  20.500  1.0000e-07
8.500  20.750  1.0000e-07
8.500  21.000  1.0000e-07
8.500  21.250  1.0000e-07
8.500  21.500  1.0000e-07
8.500  21.750  1.0000e-07
8.500  22.000  1.0000e-07
8.500  22.250  1.0000e-07
8.500  22.500  1.0000e-07
8.500  22.750  1.0000e-07
8.500  23.000  1.0000e-07
8.500  23.250  1.0000e-07
8.500  23.500  1.0000e-07
8.500  23.750  1.0000e-07
8.500  24.000  1.0000e-07
8.750  17.000  2.8280e-04
8.750  17.250  2.8864e-04
8.750  17.500  2.9251e-04
8.750  17.750  2.9416e-04
8.750  18.000  2.9374e-04
8.750  18.250  2.9119e-04
8.750  18.500  2.8807e-04
8.750  18.750  2.8502e-04
8.750  19.000  2.8058e-04
8.750  19.250  2.7144e-04
8.750  19.500  1.2527e-04
8.750  19.750  4.0329e-05
8.750  20.000  1.2510e-05
8.750  20.250  2.5514e-06
8.750  20.500  1.0000e-07
8.750  20.750  1.0000e-07
8.750  21.000  1.0000e-07
8.750  21.250  1.0000e-07
8.750  21.500  1.0000e-07
8.750  21.750  1.0000e-07
8.750  22.000  1.0000e-07
8.750  22.250  1.0000e-07
8.750  22.500  1.0000e-07
8.750  22.750  1.0000e-07
8.750  23.000  1.0000e-07
8.750  23.250  1.0000e-07
8.750  23.500  1.0000e-07
8.750  23.750  1.0000e-07
8.750  24.000  1.0000e-07
9.000  17.000  2.7440e-04
9.000  17.250  2.8206e-04
9.000  17.500  2.8798e-04
9.000  17.750  2.9169e-04
9.000  18.000  2.9300e-04
9.000  18.250  2.9218e-04
9.000  18.500  2.8947e-04
9.000  18.750  2.8733e-04
9.000  19.000  2.8609e-04
9.000  19.250  2.8313e-04
9.000  19.500  2.7440e-04
9.000  19.750  1.2305e-04
9.000  20.000  3.9424e-05
9.000  20.250  1.2428e-05
9.000  20.500  2.7160e-06
9.000  20.750  8.2305e-07
9.000  21.000  1.0000e-07
9.000  21.250  1.0000e-07
9.000  21.500  1.0000e-07
9.000  21.750  1.0000e-07
9.000  22.000  1.0000e-07
9.000  22.250  1.0000e-07
9.000  22.500  1.0000e-07
9.000  22.750  1.0000e-07
9.000  23.000  1.0000e-07
9.000  23.250  1.0000e-07
9.000  23.500  1.0000e-07
9.000  23.750  1.0000e-07
9.000  24.000  1.0000e-07
9.250  17.000  2.6502e-04
9.250  17.250  2.7481e-04
9.250  17.500  2.8272e-04
9.250  17.750  2.8864e-04
9.250  18.000  2.9202e-04
9.250  18.250  2.9292e-04
9.250  18.500  2.9152e-04
9.250  18.750  2.8955e-04
9.250  19.000  2.8955e-04
9.250  19.250  2.9012e-04
9.250  19.500  2.8881e-04
9.250  19.750  2.8016e-04
9.250  20.000  1.2123e-04
9.250  20.250  3.8601e-05
9.250  20.500  1.2346e-05
9.250  20.750  2.7984e-06
9.250  21.000  9.0535e-07
9.250  21.250  1.0000e-07
9.250  21.500  1.0000e-07
9.250  21.750  1.0000e-07
9.250  22.000  1.0000e-07
9.250  22.250  1.0000e-07
9.250  22.500  1.0000e-07
9.250  22.750  1.0000e-07
9.250  23.000  1.0000e-07
9.250  23.250  1.0000e-07
9.250  23.500  1.0000e-07
9.250  23.750  1.0000e-07
9.250  24.000  1.0000e-07
9.500  17.000  2.5317e-04
9.500  17.250  2.6691e-04
9.500  17.500  2.7704e-04
9.500  17.750  2.8494e-04
9.500  18.000  2.9045e-04
9.500  18.250  2.9350e-04
9.500  18.500  2.9407e-04
9.500  18.750  2.9267e-04
9.500  19.000  2.9218e-04
9.500  19.250  2.9457e-04
9.500  19.500  2.9712e-04
9.500  19.750  2.9737e-04
9.500  20.000  2.8897e-04
9.500  20.250  1.2016e-04
9.500  20.500  3.7778e-05
9.500  20.750  1.2263e-05
9.500  21.000  2.7984e-06
9.500  21.250  9.0535e-07
9.500  21.500  1.0000e-07
9.500  21.750  1.0000e-07
9.500  22.000  1.0000e-07
9.500  22.250  1.0000e-07
9.500  22.500  1.0000e-07
9.500  22.750  1.0000e-07
9.500  23.000  1.0000e-07
9.500  23.250  1.0000e-07
9.500  23.500  1.0000e-07
9.500  23.750  1.0000e-07
9.500  24.000  1.0000e-07
9.750  17.000  2.3588e-04
9.750  17.250  2.5695e-04
9.750  17.500  2.7103e-04
9.750  17.750  2.8115e-04
9.750  18.000  2.8864e-04
9.750  18.250  2.9383e-04
9.750  18.500  2.9638e-04
9.750  18.750  2.9695e-04
9.750  19.000  2.9613e-04
9.750  19.250  2.9877e-04
9.750  19.500  3.0370e-04
9.750  19.750  3.0914e-04
9.750  20.000  3.1004e-04
9.750  20.250  3.0206e-04
9.750  20.500  1.2000e-04
9.750  20.750  3.7202e-05
9.750  21.000  1.2099e-05
9.750  21.250  2.8807e-06
9.750  21.500  9.0535e-07
9.750  21.750  1.0000e-07
9.750  22.000  1.0000e-07
9.750  22.250  1.0000e-07
9.750  22.500  1.0000e-07
9.750  22.750  1.0000e-07
9.750  23.000  1.0000e-07
9.750  23.250  1.0000e-07
9.750  23.500  1.0000e-07
9.750  23.750  1.0000e-07
9.750  24.000  1.0000e-07
10.000  17.000  2.0807e-04
10.000  17.250  2.4214e-04
10.000  17.500  2.6395e-04
10.000  17.750  2.7794e-04
10.000  18.000  2.8765e-04
10.000  18.250  2.9465e-04
10.000  18.500  2.9909e-04
10.000  18.750  3.0115e-04
10.000  19.000  3.0132e-04
10.000  19.250  3.0272e-04
10.000  19.500  3.0889e-04
10.000  19.750  3.1424e-04
10.000  20.000  3.2288e-04
10.000  20.250  3.2667e-04
10.000  20.500  3.2239e-04
10.000  20.750  1.2099e-04
10.000  21.000  3.6790e-05
10.000  21.250  1.2016e-05
10.000  21.500  2.8807e-06
10.000  21.750  9.8765e-07
10.000  22.000  1.0000e-07
10.000  22.250  1.0000e-07
10.000  22.500  1.0000e-07
10.000  22.750  1.0000e-07
10.000  23.000  1.0000e-07
10.000  23.250  1.0000e-07
10.000  23.500  1.0000e-07
10.000  23.750  1.0000e-07
10.000  24.000  1.0000e-07
10.250  17.000  1.7424e-04
10.250  17.250  2.1770e-04
10.250  17.500  2.5350e-04
10.250  17.750  2.7531e-04
10.250  18.000  2.8872e-04
10.250  18.250  2.9737e-04
10.250  18.500  3.0305e-04
10.250  18.750  3.0667e-04
10.250  19.000  3.0790e-04
10.250  19.250  3.0963e-04
10.250  19.500  3.1547e-04
10.250  19.750  3.2337e-04
10.250  20.000  3.3498e-04
10.250  20.250  3.4379e-04
10.250  20.500  3.5580e-04
10.250  20.750  3.5811e-04
10.250  21.000  1.2379e-04
10.250  21.250  3.6543e-05
10.250  21.500  1.1934e-05
10.250  21.750  2.8807e-06
10.250  22.000  9.8765e-07
10.250  22.250  1.0000e-07
10.250  22.500  1.0000e-07
10.250  22.750  1.0000e-07
10.250  23.000  1.0000e-07
10.250  23.250  1.0000e-07
10.250  23.500  1.0000e-07
10.250  23.750  1.0000e-07
10.250  24.000  1.0000e-07
10.500  17.000  1.3695e-04
10.500  17.250  1.8626e-04
10.500  17.500  2.3440e-04
10.500  17.750  2.7160e-04
10.500  18.000  2.9235e-04
10.500  18.250  3.0346e-04
10.500  18.500  3.1004e-04
10.500  18.750  3.1440e-04
10.500  19.000  3.1770e-04
10.500  19.250  3.2058e-04
10.500  19.500  3.2568e-04
10.500  19.750  3.3317e-04
10.500  20.000  3.4272e-04
10.500  20.250  3.5819e-04
10.500  20.500  3.7630e-04
10.500  20.750  4.0691e-04
10.500  21.000  4.2025e-04
10.500  21.250  1.2881e-04
10.500  21.500  3.6790e-05
10.500  21.750  1.1934e-05
10.500  22.000  2.7984e-06
10.500  22.250  9.8765e-07
10.500  22.500  1.0000e-07
10.500  22.750  1.0000e-07
10.500  23.000  1.0000e-07
10.500  23.250  1.0000e-07
10.500  23.500  1.0000e-07
10.500  23.750  1.0000e-07
10.500  24.000  1.0000e-07
10.750  17.000  1.0305e-04
10.750  17.250  1.4881e-04
10.750  17.500  2.0757e-04
10.750  17.750  2.6230e-04
10.750  18.000  2.9745e-04
10.750  18.250  3.1465e-04
10.750  18.500  3.2239e-04
10.750  18.750  3.2782e-04
10.750  19.000  3.3251e-04
10.750  19.250  3.3621e-04
10.750  19.500  3.4107e-04
10.750  19.750  3.4790e-04
10.750  20.000  3.5712e-04
10.750  20.250  3.7053e-04
10.750  20.500  3.9481e-04
10.750  20.750  4.3004e-04
10.750  21.000  4.8675e-04
10.750  21.250  4.9827e-04
10.750  21.500  1.3951e-04
10.750  21.750  3.7366e-05
10.750  22.000  1.1934e-05
10.750  22.250  2.7984e-06
10.750  22.500  9.0535e-07
10.750  22.750  1.0000e-07
10.750  23.000  1.0000e-07
10.750  23.250  1.0000e-07
10.750  23.500  1.0000e-07
10.750  23.750  1.0000e-07
10.750  24.000  1.0000e-07
11.000  17.000  7.5885e-05
11.000  17.250  1.1210e-04
11.000  17.500  1.7021e-04
11.000  17.750  2.4321e-04
11.000  18.000  2.9942e-04
11.000  18.250  3.2947e-04
11.000  18.500  3.4321e-04
11.000  18.750  3.4971e-04
11.000  19.000  3.5465e-04
11.000  19.250  3.5959e-04
11.000  19.500  3.6461e-04
11.000  19.750  3.7070e-04
11.000  20.000  3.7942e-04
11.000  20.250  3.9062e-04
11.000  20.500  4.1226e-04
11.000  20.750  4.5235e-04
11.000  21.000  4.8872e-04
11.000  21.250  5.5654e-04
11.000  21.500  5.1498e-04
11.000  21.750  1.5679e-04
11.000  22.000  3.8601e-05
11.000  22.250  1.1934e-05
11.000  22.500  2.7160e-06
11.000  22.750  9.0535e-07
11.000  23.000  1.0000e-07
11.000  23.250  1.0000e-07
11.000  23.500  1.0000e-07
11.000  23.750  1.0000e-07
11.000  24.000  1.0000e-07
11.250  17.000  5.5309e-05
11.250  17.250  8.1399e-05
11.250  17.500  1.2848e-04
11.250  17.750  2.0593e-04
11.250  18.000  2.8897e-04
11.250  18.250  3.4428e-04
11.250  18.500  3.7218e-04
11.250  18.750  3.8444e-04
11.250  19.000  3.8988e-04
11.250  19.250  3.9424e-04
11.250  19.500  3.9885e-04
11.250  19.750  4.0403e-04
11.250  20.000  4.1095e-04
11.250  20.250  4.2099e-04
11.250  20.500  4.3984e-04
11.250  20.750  4.6996e-04
11.250  21.000  5.2642e-04
11.250  21.250  5.5317e-04
11.250  21.500  5.4963e-04
11.250  21.750  4.7078e-04
11.250  22.000  1.7350e-04
11.250  22.250  4.0823e-05
11.250  22.500  1.2016e-05
11.250  22.750  2.6337e-06
11.250  23.000  9.0535e-07
11.250  23.250  1.0000e-07
11.250  23.500  1.0000e-07
11.250  23.750  1.0000e-07
11.250  24.000  1.0000e-07
11.500  17.000  4.0412e-05
11.500  17.250  5.8272e-05
11.500  17.500  9.1440e-05
11.500  17.750  1.5539e-04
11.500  18.000  2.5210e-04
11.500  18.250  3.4601e-04
11.500  18.500  4.0395e-04
11.500  18.750  4.3111e-04
11.500  19.000  4.4000e-04
11.500  19.250  4.4288e-04
11.500  19.500  4.4584e-04
11.500  19.750  4.4930e-04
11.500  20.000  4.5383e-04
11.500  20.250  4.6173e-04
11.500  20.500  4.7432e-04
11.500  20.750  5.1531e-04
11.500  21.000  5.4807e-04
11.500  21.250  5.5309e-04
11.500  21.500  5.2897e-04
11.500  21.750  4.4782e-04
11.500  22.000  3.1975e-04
11.500  22.250  1.7416e-04
11.500  22.500  4.4115e-05
11.500  22.750  1.2181e-05
11.500  23.000  2.4691e-06
11.500  23.250  8.2305e-07
11.500  23.500  1.0000e-07
11.500  23.750  1.0000e-07
11.500  24.000  1.0000e-07
11.750  17.000  2.9712e-05
11.750  17.250  4.1728e-05
11.750  17.500  6.3292e-05
11.750  17.750  1.0716e-04
11.750  18.000  1.9045e-04
11.750  18.250  3.1078e-04
11.750  18.500  4.2099e-04
11.750  18.750  4.7901e-04
11.750  19.000  5.0107e-04
11.750  19.250  5.0444e-04
11.750  19.500  5.0337e-04
11.750  19.750  5.0354e-04
11.750  20.000  5.0535e-04
11.750  20.250  5.0996e-04
11.750  20.500  5.1646e-04
11.750  20.750  5.3556e-04
11.750  21.000  5.6222e-04
11.750  21.250  5.6486e-04
11.750  21.500  5.1753e-04
11.750  21.750  4.3185e-04
11.750  22.000  3.6107e-04
11.750  22.250  2.6272e-04
11.750  22.500  1.4453e-04
11.750  22.750  4.9053e-05
11.750  23.000  1.2757e-05
11.750  23.250  2.3045e-06
11.750  23.500  1.0000e-07
11.750  23.750  1.0000e-07
11.750  24.000  1.0000e-07
12.000  17.000  2.1893e-05
12.000  17.250  3.0123e-05
12.000  17.500  4.3621e-05
12.000  17.750  7.0206e-05
12.000  18.000  1.2675e-04
12.000  18.250  2.3613e-04
12.000  18.500  3.8477e-04
12.000  18.750  5.0099e-04
12.000  19.000  5.5523e-04
12.000  19.250  5.6848e-04
12.000  19.500  5.6667e-04
12.000  19.750  5.6033e-04
12.000  20.000  5.5745e-04
12.000  20.250  5.5844e-04
12.000  20.500  5.6255e-04
12.000  20.750  5.9852e-04
12.000  21.000  6.0996e-04
12.000  21.250  5.6765e-04
12.000  21.500  5.2214e-04
12.000  21.750  4.2576e-04
12.000  22.000  3.4469e-04
12.000  22.250  2.7292e-04
12.000  22.500  2.3193e-04
12.000  22.750  1.1975e-04
12.000  23.000  5.1193e-05
12.000  23.250  1.3580e-05
12.000  23.500  2.1399e-06
12.000  23.750  1.0000e-07
12.000  24.000  1.0000e-07
12.250  17.000  1.6132e-05
12.250  17.250  2.1893e-05
12.250  17.500  3.0453e-05
12.250  17.750  4.5679e-05
12.250  18.000  7.8519e-05
12.250  18.250  1.5342e-04
12.250  18.500  2.9325e-04
12.250  18.750  4.5473e-04
12.250  19.000  5.6551e-04
12.250  19.250  6.1177e-04
12.250  19.500  6.2198e-04
12.250  19.750  6.1399e-04
12.250  20.000  6.0428e-04
12.250  20.250  6.0016e-04
12.250  20.500  6.0420e-04
12.250  20.750  6.1901e-04
12.250  21.000  6.4831e-04
12.250  21.250  6.3901e-04
12.250  21.500  5.5934e-04
12.250  21.750  4.3251e-04
12.250  22.000  3.4272e-04
12.250  22.250  2.8016e-04
12.250  22.500  1.8691e-04
12.250  22.750  1.3720e-04
12.250  23.000  7.9753e-05
12.250  23.250  4.7325e-05
12.250  23.500  1.4239e-05
12.250  23.750  2.0576e-06
12.250  24.000  1.0000e-07
12.500  17.000  1.1852e-05
12.500  17.250  1.6049e-05
12.500  17.500  2.1564e-05
12.500  17.750  3.0453e-05
12.500  18.000  4.7984e-05
12.500  18.250  8.9465e-05
12.500  18.500  1.8650e-04
12.500  18.750  3.4502e-04
12.500  19.000  4.9761e-04
12.500  19.250  5.9111e-04
12.500  19.500  6.3136e-04
12.500  19.750  6.4428e-04
12.500  20.000  6.3926e-04
12.500  20.250  6.3259e-04
12.500  20.500  6.2930e-04
12.500  20.750  6.7630e-04
12.500  21.000  7.6222e-04
12.500  21.250  7.7432e-04
12.500  21.500  6.1473e-04
12.500  21.750  4.6379e-04
12.500  22.000  3.5918e-04
12.500  22.250  2.9704e-04
12.500  22.500  2.0099e-04
12.500  22.750  1.7045e-04
12.500  23.000  9.4650e-05
12.500  23.250  7.1440e-05
12.500  23.500  3.7531e-05
12.500  23.750  1.3909e-05
12.500  24.000  1.8930e-06
12.750  17.000  8.7243e-06
12.750  17.250  1.1770e-05
12.750  17.500  1.5473e-05
12.750  17.750  2.0741e-05
12.750  18.000  3.0041e-05
12.750  18.250  5.0617e-05
12.750  18.500  1.0214e-04
12.750  18.750  2.1226e-04
12.750  19.000  3.6346e-04
12.750  19.250  5.0280e-04
12.750  19.500  5.7473e-04
12.750  19.750  6.1745e-04
12.750  20.000  6.4091e-04
12.750  20.250  6.4988e-04
12.750  20.500  6.6354e-04
12.750  20.750  6.7909e-04
12.750  21.000  7.4872e-04
12.750  21.250  8.1605e-04
12.750  21.500  7.8889e-04
12.750  21.750  5.5185e-04
12.750  22.000  4.0584e-04
12.750  22.250  3.6362e-04
12.750  22.500  3.2469e-04
12.750  22.750  2.2807e-04
12.750  23.000  1.8206e-04
12.750  23.250  1.0140e-04
12.750  23.500  5.3004e-05
12.750  23.750  3.2510e-05
12.750  24.000  1.2428e-05
13.000  17.000  6.3374e-06
13.000  17.250  8.5597e-06
13.000  17.500  1.1111e-05
13.000  17.750  1.4321e-05
13.000  18.000  1.9424e-05
13.000  18.250  2.9547e-05
13.000  18.500  5.3827e-05
13.000  18.750  1.0988e-04
13.000  19.000  2.1111e-04
13.000  19.250  3.4148e-04
13.000  19.500  4.4115e-04
13.000  19.750  5.2535e-04
13.000  20.000  5.6642e-04
13.000  20.250  6.2041e-04
13.000  20.500  6.8403e-04
13.000  20.750  7.1086e-04
13.000  21.000  7.5646e-04
13.000  21.250  8.2222e-04
13.000  21.500  8.0626e-04
13.000  21.750  6.5646e-04
13.000  22.000  5.1909e-04
13.000  22.250  3.5416e-04
13.000  22.500  2.7794e-04
13.000  22.750  2.4461e-04
13.000  23.000  1.8148e-04
13.000  23.250  1.1185e-04
13.000  23.500  6.2140e-05
13.000  23.750  3.8930e-05
13.000  24.000  2.5267e-05
13.250  17.000  4.5267e-06
13.250  17.250  6.1728e-06
13.250  17.500  7.9835e-06
13.250  17.750  9.9588e-06
13.250  18.000  1.2922e-05
13.250  18.250  1.8025e-05
13.250  18.500  2.8889e-05
13.250  18.750  5.3004e-05
13.250  19.000  1.0074e-04
13.250  19.250  1.7712e-04
13.250  19.500  2.6074e-04
13.250  19.750  3.6979e-04
13.250  20.000  4.2165e-04
13.250  20.250  4.7391e-04
13.250  20.500  5.6206e-04
13.250  20.750  6.5251e-04
13.250  21.000  7.9374e-04
13.250  21.250  8.2132e-04
13.250  21.500  8.4140e-04
13.250  21.750  6.8996e-04
13.250  22.000  5.7597e-04
13.250  22.250  4.9686e-04
13.250  22.500  4.2651e-04
13.250  22.750  3.5670e-04
13.250  23.000  2.7921e-04
13.250  23.250  1.8584e-04
13.250  23.500  8.8807e-05
13.250  23.750  4.9877e-05
13.250  24.000  3.3580e-05
13.500  17.000  3.2099e-06
13.500  17.250  4.3621e-06
13.500  17.500  5.5967e-06
13.500  17.750  6.9136e-06
13.500  18.000  8.6420e-06
13.500  18.250  1.1358e-05
13.500  18.500  1.6296e-05
13.500  18.750  2.5844e-05
13.500  19.000  4.3951e-05
13.500  19.250  7.3663e-05
13.500  19.500  1.1951e-04
13.500  19.750  1.7514e-04
13.500  20.000  2.3185e-04
13.500  20.250  3.0148e-04
13.500  20.500  3.4979e-04
13.500  20.750  4.2897e-04
13.500  21.000  5.2527e-04
13.500  21.250  6.1761e-04
13.500  21.500  7.0181e-04
13.500  21.750  6.2897e-04
13.500  22.000  4.7918e-04
13.500  22.250  5.2305e-04
13.500  22.500  3.3226e-04
13.500  22.750  2.1815e-04
13.500  23.000  2.1121e-04
13.500  23.250  1.9951e-04
13.500  23.500  1.2165e-04
13.500  23.750  7.6790e-05
13.500  24.000  5.5226e-05
13.750  17.000  2.1399e-06
13.750  17.250  3.0453e-06
13.750  17.500  3.8683e-06
13.750  17.750  4.7737e-06
13.750  18.000  5.7613e-06
13.750  18.250  7.1605e-06
13.750  18.500  9.5473e-06
13.750  18.750  1.3333e-05
13.750  19.000  1.9259e-05
13.750  19.250  2.8560e-05
13.750  19.500  4.2469e-05
13.750  19.750  6.2551e-05
13.750  20.000  8.9300e-05
13.750  20.250  1.1037e-04
13.750  20.500  1.4658e-04
13.750  20.750  1.8691e-04
13.750  21.000  2.3128e-04
13.750  21.250  2.6658e-04
13.750  21.500  3.3037e-04
13.750  21.750  3.3490e-04
13.750  22.000  3.5407e-04
13.750  22.250  3.5778e-04
13.750  22.500  3.1844e-04
13.750  22.750  2.5300e-04
13.750  23.000  2.0486e-04
13.750  23.250  1.4296e-04
13.750  23.500  1.1490e-04
13.750  23.750  9.5802e-05
13.750  24.000  5.5144e-05
14.000  17.000  1.4815e-06
14.000  17.250  2.0576e-06
14.000  17.500  2.6337e-06
14.000  17.750  3.2099e-06
14.000  18.000  3.7860e-06
14.000  18.250  4.5267e-06
14.000  18.500  5.5144e-06
14.000  18.750  7.0782e-06
14.000  19.000  9.0535e-06
14.000  19.250  1.1523e-05
14.000  19.500  1.4897e-05
14.000  19.750  1.9835e-05
14.000  20.000  2.6584e-05
14.000  20.250  3.5802e-05
14.000  20.500  4.6831e-05
14.000  20.750  5.5556e-05
14.000  21.000  7.4156e-05
14.000  21.250  9.4156e-05
14.000  21.500  1.0593e-04
14.000  21.750  1.3342e-04
14.000  22.000  1.7473e-04
14.000  22.250  2.2642e-04
14.000  22.500  2.6494e-04
14.000  22.750  2.3621e-04
14.000  23.000  1.8601e-04
14.000  23.250  1.5440e-04
14.000  23.500  1.3374e-04
14.000  23.750  9.2757e-05
14.000  24.000  7.5967e-05
