H  1 2.16553m  relative to Inci 1215.00A scaled to 1215A.
Hden   Phi(H)  Eq_Width (A)
7.000  17.000  7.5671e-04
7.000  17.250  5.7136e-04
7.000  17.500  3.4148e-04
7.000  17.750  1.1984e-04
7.000  18.000  3.1111e-05
7.000  18.250  9.2181e-06
7.000  18.500  1.4815e-06
7.000  18.750  1.0000e-07
7.000  19.000  1.0000e-07
7.000  19.250  1.0000e-07
7.000  19.500  1.0000e-07
7.000  19.750  1.0000e-07
7.000  20.000  1.0000e-07
7.000  20.250  1.0000e-07
7.000  20.500  1.0000e-07
7.000  20.750  1.0000e-07
7.000  21.000  1.0000e-07
7.000  21.250  1.0000e-07
7.000  21.500  1.0000e-07
7.000  21.750  1.0000e-07
7.000  22.000  1.0000e-07
7.000  22.250  1.0000e-07
7.000  22.500  1.0000e-07
7.000  22.750  1.0000e-07
7.000  23.000  1.0000e-07
7.000  23.250  1.0000e-07
7.000  23.500  1.0000e-07
7.000  23.750  1.0000e-07
7.000  24.000  1.0000e-07
7.250  17.000  9.0560e-04
7.250  17.250  8.2568e-04
7.250  17.500  6.0519e-04
7.250  17.750  3.4255e-04
7.250  18.000  1.1852e-04
7.250  18.250  3.1029e-05
7.250  18.500  9.3827e-06
7.250  18.750  1.5638e-06
7.250  19.000  1.0000e-07
7.250  19.250  1.0000e-07
7.250  19.500  1.0000e-07
7.250  19.750  1.0000e-07
7.250  20.000  1.0000e-07
7.250  20.250  1.0000e-07
7.250  20.500  1.0000e-07
7.250  20.750  1.0000e-07
7.250  21.000  1.0000e-07
7.250  21.250  1.0000e-07
7.250  21.500  1.0000e-07
7.250  21.750  1.0000e-07
7.250  22.000  1.0000e-07
7.250  22.250  1.0000e-07
7.250  22.500  1.0000e-07
7.250  22.750  1.0000e-07
7.250  23.000  1.0000e-07
7.250  23.250  1.0000e-07
7.250  23.500  1.0000e-07
7.250  23.750  1.0000e-07
7.250  24.000  1.0000e-07
7.500  17.000  9.4634e-04
7.500  17.250  1.0028e-03
7.500  17.500  9.2453e-04
7.500  17.750  6.5276e-04
7.500  18.000  3.4667e-04
7.500  18.250  1.1794e-04
7.500  18.500  3.0864e-05
7.500  18.750  9.3827e-06
7.500  19.000  1.6461e-06
7.500  19.250  1.0000e-07
7.500  19.500  1.0000e-07
7.500  19.750  1.0000e-07
7.500  20.000  1.0000e-07
7.500  20.250  1.0000e-07
7.500  20.500  1.0000e-07
7.500  20.750  1.0000e-07
7.500  21.000  1.0000e-07
7.500  21.250  1.0000e-07
7.500  21.500  1.0000e-07
7.500  21.750  1.0000e-07
7.500  22.000  1.0000e-07
7.500  22.250  1.0000e-07
7.500  22.500  1.0000e-07
7.500  22.750  1.0000e-07
7.500  23.000  1.0000e-07
7.500  23.250  1.0000e-07
7.500  23.500  1.0000e-07
7.500  23.750  1.0000e-07
7.500  24.000  1.0000e-07
7.750  17.000  9.6189e-04
7.750  17.250  1.0529e-03
7.750  17.500  1.1491e-03
7.750  17.750  1.0774e-03
7.750  18.000  7.2733e-04
7.750  18.250  3.5770e-04
7.750  18.500  1.1761e-04
7.750  18.750  3.0700e-05
7.750  19.000  9.3004e-06
7.750  19.250  1.7284e-06
7.750  19.500  1.0000e-07
7.750  19.750  1.0000e-07
7.750  20.000  1.0000e-07
7.750  20.250  1.0000e-07
7.750  20.500  1.0000e-07
7.750  20.750  1.0000e-07
7.750  21.000  1.0000e-07
7.750  21.250  1.0000e-07
7.750  21.500  1.0000e-07
7.750  21.750  1.0000e-07
7.750  22.000  1.0000e-07
7.750  22.250  1.0000e-07
7.750  22.500  1.0000e-07
7.750  22.750  1.0000e-07
7.750  23.000  1.0000e-07
7.750  23.250  1.0000e-07
7.750  23.500  1.0000e-07
7.750  23.750  1.0000e-07
7.750  24.000  1.0000e-07
8.000  17.000  9.9745e-04
8.000  17.250  1.0694e-03
8.000  17.500  1.2165e-03
8.000  17.750  1.4099e-03
8.000  18.000  1.3473e-03
8.000  18.250  8.3506e-04
8.000  18.500  3.8189e-04
8.000  18.750  1.1819e-04
8.000  19.000  3.0453e-05
8.000  19.250  9.2181e-06
8.000  19.500  1.7284e-06
8.000  19.750  1.0000e-07
8.000  20.000  1.0000e-07
8.000  20.250  1.0000e-07
8.000  20.500  1.0000e-07
8.000  20.750  1.0000e-07
8.000  21.000  1.0000e-07
8.000  21.250  1.0000e-07
8.000  21.500  1.0000e-07
8.000  21.750  1.0000e-07
8.000  22.000  1.0000e-07
8.000  22.250  1.0000e-07
8.000  22.500  1.0000e-07
8.000  22.750  1.0000e-07
8.000  23.000  1.0000e-07
8.000  23.250  1.0000e-07
8.000  23.500  1.0000e-07
8.000  23.750  1.0000e-07
8.000  24.000  1.0000e-07
8.250  17.000  1.0683e-03
8.250  17.250  1.1239e-03
8.250  17.500  1.2597e-03
8.250  17.750  1.5428e-03
8.250  18.000  1.9039e-03
8.250  18.250  1.7149e-03
8.250  18.500  1.0012e-03
8.250  18.750  4.2041e-04
8.250  19.000  1.1926e-04
8.250  19.250  3.0123e-05
8.250  19.500  9.0535e-06
8.250  19.750  1.7284e-06
8.250  20.000  1.0000e-07
8.250  20.250  1.0000e-07
8.250  20.500  1.0000e-07
8.250  20.750  1.0000e-07
8.250  21.000  1.0000e-07
8.250  21.250  1.0000e-07
8.250  21.500  1.0000e-07
8.250  21.750  1.0000e-07
8.250  22.000  1.0000e-07
8.250  22.250  1.0000e-07
8.250  22.500  1.0000e-07
8.250  22.750  1.0000e-07
8.250  23.000  1.0000e-07
8.250  23.250  1.0000e-07
8.250  23.500  1.0000e-07
8.250  23.750  1.0000e-07
8.250  24.000  1.0000e-07
8.500  17.000  1.1574e-03
8.500  17.250  1.2122e-03
8.500  17.500  1.3343e-03
8.500  17.750  1.6279e-03
8.500  18.000  2.1345e-03
8.500  18.250  2.3726e-03
8.500  18.500  1.7895e-03
8.500  18.750  1.0742e-03
8.500  19.000  4.4708e-04
8.500  19.250  1.2337e-04
8.500  19.500  2.9877e-05
8.500  19.750  8.7243e-06
8.500  20.000  1.7284e-06
8.500  20.250  1.0000e-07
8.500  20.500  1.0000e-07
8.500  20.750  1.0000e-07
8.500  21.000  1.0000e-07
8.500  21.250  1.0000e-07
8.500  21.500  1.0000e-07
8.500  21.750  1.0000e-07
8.500  22.000  1.0000e-07
8.500  22.250  1.0000e-07
8.500  22.500  1.0000e-07
8.500  22.750  1.0000e-07
8.500  23.000  1.0000e-07
8.500  23.250  1.0000e-07
8.500  23.500  1.0000e-07
8.500  23.750  1.0000e-07
8.500  24.000  1.0000e-07
8.750  17.000  1.2534e-03
8.750  17.250  1.3230e-03
8.750  17.500  1.4541e-03
8.750  17.750  1.7144e-03
8.750  18.000  2.2528e-03
8.750  18.250  2.4495e-03
8.750  18.500  2.0611e-03
8.750  18.750  1.4184e-03
8.750  19.000  8.5753e-04
8.750  19.250  4.8988e-04
8.750  19.500  1.3226e-04
8.750  19.750  2.9383e-05
8.750  20.000  8.3951e-06
8.750  20.250  1.6461e-06
8.750  20.500  1.0000e-07
8.750  20.750  1.0000e-07
8.750  21.000  1.0000e-07
8.750  21.250  1.0000e-07
8.750  21.500  1.0000e-07
8.750  21.750  1.0000e-07
8.750  22.000  1.0000e-07
8.750  22.250  1.0000e-07
8.750  22.500  1.0000e-07
8.750  22.750  1.0000e-07
8.750  23.000  1.0000e-07
8.750  23.250  1.0000e-07
8.750  23.500  1.0000e-07
8.750  23.750  1.0000e-07
8.750  24.000  1.0000e-07
9.000  17.000  1.3495e-03
9.000  17.250  1.4430e-03
9.000  17.500  1.6044e-03
9.000  17.750  1.8988e-03
9.000  18.000  2.3566e-03
9.000  18.250  2.4042e-03
9.000  18.500  2.0812e-03
9.000  18.750  1.4317e-03
9.000  19.000  1.0914e-03
9.000  19.250  7.6733e-04
9.000  19.500  4.1868e-04
9.000  19.750  1.4016e-04
9.000  20.000  2.8889e-05
9.000  20.250  7.9835e-06
9.000  20.500  1.5638e-06
9.000  20.750  1.0000e-07
9.000  21.000  1.0000e-07
9.000  21.250  1.0000e-07
9.000  21.500  1.0000e-07
9.000  21.750  1.0000e-07
9.000  22.000  1.0000e-07
9.000  22.250  1.0000e-07
9.000  22.500  1.0000e-07
9.000  22.750  1.0000e-07
9.000  23.000  1.0000e-07
9.000  23.250  1.0000e-07
9.000  23.500  1.0000e-07
9.000  23.750  1.0000e-07
9.000  24.000  1.0000e-07
9.250  17.000  1.4436e-03
9.250  17.250  1.5640e-03
9.250  17.500  1.7663e-03
9.250  17.750  2.1176e-03
9.250  18.000  2.5212e-03
9.250  18.250  2.3370e-03
9.250  18.500  1.9669e-03
9.250  18.750  1.5063e-03
9.250  19.000  1.1286e-03
9.250  19.250  7.4033e-04
9.250  19.500  5.8510e-04
9.250  19.750  3.2988e-04
9.250  20.000  1.4255e-04
9.250  20.250  2.8477e-05
9.250  20.500  7.4897e-06
9.250  20.750  1.4815e-06
9.250  21.000  1.0000e-07
9.250  21.250  1.0000e-07
9.250  21.500  1.0000e-07
9.250  21.750  1.0000e-07
9.250  22.000  1.0000e-07
9.250  22.250  1.0000e-07
9.250  22.500  1.0000e-07
9.250  22.750  1.0000e-07
9.250  23.000  1.0000e-07
9.250  23.250  1.0000e-07
9.250  23.500  1.0000e-07
9.250  23.750  1.0000e-07
9.250  24.000  1.0000e-07
9.500  17.000  1.5397e-03
9.500  17.250  1.6861e-03
9.500  17.500  1.9326e-03
9.500  17.750  2.3547e-03
9.500  18.000  2.7049e-03
9.500  18.250  2.3384e-03
9.500  18.500  1.9180e-03
9.500  18.750  1.3770e-03
9.500  19.000  1.1060e-03
9.500  19.250  8.1942e-04
9.500  19.500  4.5226e-04
9.500  19.750  3.5325e-04
9.500  20.000  2.6634e-04
9.500  20.250  1.2955e-04
9.500  20.500  2.8230e-05
9.500  20.750  6.9136e-06
9.500  21.000  1.3169e-06
9.500  21.250  1.0000e-07
9.500  21.500  1.0000e-07
9.500  21.750  1.0000e-07
9.500  22.000  1.0000e-07
9.500  22.250  1.0000e-07
9.500  22.500  1.0000e-07
9.500  22.750  1.0000e-07
9.500  23.000  1.0000e-07
9.500  23.250  1.0000e-07
9.500  23.500  1.0000e-07
9.500  23.750  1.0000e-07
9.500  24.000  1.0000e-07
9.750  17.000  1.6308e-03
9.750  17.250  1.8049e-03
9.750  17.500  2.1014e-03
9.750  17.750  2.5886e-03
9.750  18.000  2.7063e-03
9.750  18.250  2.4805e-03
9.750  18.500  1.8873e-03
9.750  18.750  1.3630e-03
9.750  19.000  9.7465e-04
9.750  19.250  7.8099e-04
9.750  19.500  5.0568e-04
9.750  19.750  3.1185e-04
9.750  20.000  2.6905e-04
9.750  20.250  2.0428e-04
9.750  20.500  1.2354e-04
9.750  20.750  2.8066e-05
9.750  21.000  6.4198e-06
9.750  21.250  1.1523e-06
9.750  21.500  1.0000e-07
9.750  21.750  1.0000e-07
9.750  22.000  1.0000e-07
9.750  22.250  1.0000e-07
9.750  22.500  1.0000e-07
9.750  22.750  1.0000e-07
9.750  23.000  1.0000e-07
9.750  23.250  1.0000e-07
9.750  23.500  1.0000e-07
9.750  23.750  1.0000e-07
9.750  24.000  1.0000e-07
10.000  17.000  1.7192e-03
10.000  17.250  1.9292e-03
10.000  17.500  2.2910e-03
10.000  17.750  2.8189e-03
10.000  18.000  2.8464e-03
10.000  18.250  2.4844e-03
10.000  18.500  1.9471e-03
10.000  18.750  1.2876e-03
10.000  19.000  9.8016e-04
10.000  19.250  7.3070e-04
10.000  19.500  5.1407e-04
10.000  19.750  3.5873e-04
10.000  20.000  2.4929e-04
10.000  20.250  1.6453e-04
10.000  20.500  1.0346e-04
10.000  20.750  9.0947e-05
10.000  21.000  2.7243e-05
10.000  21.250  5.9259e-06
10.000  21.500  9.8765e-07
10.000  21.750  1.0000e-07
10.000  22.000  1.0000e-07
10.000  22.250  1.0000e-07
10.000  22.500  1.0000e-07
10.000  22.750  1.0000e-07
10.000  23.000  1.0000e-07
10.000  23.250  1.0000e-07
10.000  23.500  1.0000e-07
10.000  23.750  1.0000e-07
10.000  24.000  1.0000e-07
10.250  17.000  1.8036e-03
10.250  17.250  2.0660e-03
10.250  17.500  2.5135e-03
10.250  17.750  3.0685e-03
10.250  18.000  3.0449e-03
10.250  18.250  2.5713e-03
10.250  18.500  1.9131e-03
10.250  18.750  1.3439e-03
10.250  19.000  9.6947e-04
10.250  19.250  8.6815e-04
10.250  19.500  5.3695e-04
10.250  19.750  3.6370e-04
10.250  20.000  2.3449e-04
10.250  20.250  1.4874e-04
10.250  20.500  1.0553e-04
10.250  20.750  8.0658e-05
10.250  21.000  5.3992e-05
10.250  21.250  2.4609e-05
10.250  21.500  5.5967e-06
10.250  21.750  9.0535e-07
10.250  22.000  1.0000e-07
10.250  22.250  1.0000e-07
10.250  22.500  1.0000e-07
10.250  22.750  1.0000e-07
10.250  23.000  1.0000e-07
10.250  23.250  1.0000e-07
10.250  23.500  1.0000e-07
10.250  23.750  1.0000e-07
10.250  24.000  1.0000e-07
10.500  17.000  1.8937e-03
10.500  17.250  2.2362e-03
10.500  17.500  2.7937e-03
10.500  17.750  3.3817e-03
10.500  18.000  3.2962e-03
10.500  18.250  2.4633e-03
10.500  18.500  2.0773e-03
10.500  18.750  1.4734e-03
10.500  19.000  1.1044e-03
10.500  19.250  8.6691e-04
10.500  19.500  6.3111e-04
10.500  19.750  3.8206e-04
10.500  20.000  2.5017e-04
10.500  20.250  1.9951e-04
10.500  20.500  1.5652e-04
10.500  20.750  1.1317e-04
10.500  21.000  7.7860e-05
10.500  21.250  5.1605e-05
10.500  21.500  2.0000e-05
10.500  21.750  5.2675e-06
10.500  22.000  1.0000e-07
10.500  22.250  1.0000e-07
10.500  22.500  1.0000e-07
10.500  22.750  1.0000e-07
10.500  23.000  1.0000e-07
10.500  23.250  1.0000e-07
10.500  23.500  1.0000e-07
10.500  23.750  1.0000e-07
10.500  24.000  1.0000e-07
10.750  17.000  1.9770e-03
10.750  17.250  2.4288e-03
10.750  17.500  3.1284e-03
10.750  17.750  3.7487e-03
10.750  18.000  3.6455e-03
10.750  18.250  2.7267e-03
10.750  18.500  2.4332e-03
10.750  18.750  1.7731e-03
10.750  19.000  1.3244e-03
10.750  19.250  9.6239e-04
10.750  19.500  6.0979e-04
10.750  19.750  4.4560e-04
10.750  20.000  3.3630e-04
10.750  20.250  2.7251e-04
10.750  20.500  1.6922e-04
10.750  20.750  1.6140e-04
10.750  21.000  9.0041e-05
10.750  21.250  6.6749e-05
10.750  21.500  4.3539e-05
10.750  21.750  1.5720e-05
10.750  22.000  4.8560e-06
10.750  22.250  1.0000e-07
10.750  22.500  1.0000e-07
10.750  22.750  1.0000e-07
10.750  23.000  1.0000e-07
10.750  23.250  1.0000e-07
10.750  23.500  1.0000e-07
10.750  23.750  1.0000e-07
10.750  24.000  1.0000e-07
11.000  17.000  2.0489e-03
11.000  17.250  2.6171e-03
11.000  17.500  3.4711e-03
11.000  17.750  4.1579e-03
11.000  18.000  4.0014e-03
11.000  18.250  3.0897e-03
11.000  18.500  2.7969e-03
11.000  18.750  2.2161e-03
11.000  19.000  1.6723e-03
11.000  19.250  1.1886e-03
11.000  19.500  7.6395e-04
11.000  19.750  5.5128e-04
11.000  20.000  4.0963e-04
11.000  20.250  3.0477e-04
11.000  20.500  2.3070e-04
11.000  20.750  1.7939e-04
11.000  21.000  1.3037e-04
11.000  21.250  7.1605e-05
11.000  21.500  3.5473e-05
11.000  21.750  3.1605e-05
11.000  22.000  1.3251e-05
11.000  22.250  4.2798e-06
11.000  22.500  1.0000e-07
11.000  22.750  1.0000e-07
11.000  23.000  1.0000e-07
11.000  23.250  1.0000e-07
11.000  23.500  1.0000e-07
11.000  23.750  1.0000e-07
11.000  24.000  1.0000e-07
11.250  17.000  2.1081e-03
11.250  17.250  2.7774e-03
11.250  17.500  3.7742e-03
11.250  17.750  4.5581e-03
11.250  18.000  4.4084e-03
11.250  18.250  3.5505e-03
11.250  18.500  2.8858e-03
11.250  18.750  2.6051e-03
11.250  19.000  2.1145e-03
11.250  19.250  1.4877e-03
11.250  19.500  9.7391e-04
11.250  19.750  6.9959e-04
11.250  20.000  6.1292e-04
11.250  20.250  3.7556e-04
11.250  20.500  2.9383e-04
11.250  20.750  2.3029e-04
11.250  21.000  1.2477e-04
11.250  21.250  1.1613e-04
11.250  21.500  7.6872e-05
11.250  21.750  4.7737e-05
11.250  22.000  2.2140e-05
11.250  22.250  1.0535e-05
11.250  22.500  3.7037e-06
11.250  22.750  1.0000e-07
11.250  23.000  1.0000e-07
11.250  23.250  1.0000e-07
11.250  23.500  1.0000e-07
11.250  23.750  1.0000e-07
11.250  24.000  1.0000e-07
11.500  17.000  2.1653e-03
11.500  17.250  2.9110e-03
11.500  17.500  4.0113e-03
11.500  17.750  4.8883e-03
11.500  18.000  4.8198e-03
11.500  18.250  4.0678e-03
11.500  18.500  3.4426e-03
11.500  18.750  3.1199e-03
11.500  19.000  2.2600e-03
11.500  19.250  1.6945e-03
11.500  19.500  1.2384e-03
11.500  19.750  8.8815e-04
11.500  20.000  7.5235e-04
11.500  20.250  4.6025e-04
11.500  20.500  3.7514e-04
11.500  20.750  2.5860e-04
11.500  21.000  1.7028e-04
11.500  21.250  1.2693e-04
11.500  21.500  9.6379e-05
11.500  21.750  5.6543e-05
11.500  22.000  2.5021e-05
11.500  22.250  1.6214e-05
11.500  22.500  8.7243e-06
11.500  22.750  3.1276e-06
11.500  23.000  1.0000e-07
11.500  23.250  1.0000e-07
11.500  23.500  1.0000e-07
11.500  23.750  1.0000e-07
11.500  24.000  1.0000e-07
11.750  17.000  2.2205e-03
11.750  17.250  3.0156e-03
11.750  17.500  4.1809e-03
11.750  17.750  5.1255e-03
11.750  18.000  5.2080e-03
11.750  18.250  4.6128e-03
11.750  18.500  4.0444e-03
11.750  18.750  3.3756e-03
11.750  19.000  2.7373e-03
11.750  19.250  2.0950e-03
11.750  19.500  1.5346e-03
11.750  19.750  1.1035e-03
11.750  20.000  7.8840e-04
11.750  20.250  6.6510e-04
11.750  20.500  4.0831e-04
11.750  20.750  3.1597e-04
11.750  21.000  2.1786e-04
11.750  21.250  1.5070e-04
11.750  21.500  1.1474e-04
11.750  21.750  8.2716e-05
11.750  22.000  4.2716e-05
11.750  22.250  2.1646e-05
11.750  22.500  1.3004e-05
11.750  22.750  7.0782e-06
11.750  23.000  2.7160e-06
11.750  23.250  1.0000e-07
11.750  23.500  1.0000e-07
11.750  23.750  1.0000e-07
11.750  24.000  1.0000e-07
12.000  17.000  2.2708e-03
12.000  17.250  3.0857e-03
12.000  17.500  4.2490e-03
12.000  17.750  5.2584e-03
12.000  18.000  5.4938e-03
12.000  18.250  5.1061e-03
12.000  18.500  4.6174e-03
12.000  18.750  3.9820e-03
12.000  19.000  3.2025e-03
12.000  19.250  2.4829e-03
12.000  19.500  1.8406e-03
12.000  19.750  1.4255e-03
12.000  20.000  9.4642e-04
12.000  20.250  6.7539e-04
12.000  20.500  5.4757e-04
12.000  20.750  3.5078e-04
12.000  21.000  2.6173e-04
12.000  21.250  1.8379e-04
12.000  21.500  1.2584e-04
12.000  21.750  8.3824e-05
12.000  22.000  5.2590e-05
12.000  22.250  3.1605e-05
12.000  22.500  1.9424e-05
12.000  22.750  1.1605e-05
12.000  23.000  5.9259e-06
12.000  23.250  2.4691e-06
12.000  23.500  1.0000e-07
12.000  23.750  1.0000e-07
12.000  24.000  1.0000e-07
12.250  17.000  2.2640e-03
12.250  17.250  3.1163e-03
12.250  17.500  4.2150e-03
12.250  17.750  5.2278e-03
12.250  18.000  5.6588e-03
12.250  18.250  5.5560e-03
12.250  18.500  5.1021e-03
12.250  18.750  4.4207e-03
12.250  19.000  3.7113e-03
12.250  19.250  2.8577e-03
12.250  19.500  2.1232e-03
12.250  19.750  1.5266e-03
12.250  20.000  1.0916e-03
12.250  20.250  7.8041e-04
12.250  20.500  5.5951e-04
12.250  20.750  4.0337e-04
12.250  21.000  3.2132e-04
12.250  21.250  2.2049e-04
12.250  21.500  1.5556e-04
12.250  21.750  1.3284e-04
12.250  22.000  7.6132e-05
12.250  22.250  6.8313e-05
12.250  22.500  2.8971e-05
12.250  22.750  1.4815e-05
12.250  23.000  9.6296e-06
12.250  23.250  4.6914e-06
12.250  23.500  2.1399e-06
12.250  23.750  1.0000e-07
12.250  24.000  1.0000e-07
12.500  17.000  2.1859e-03
12.500  17.250  3.0384e-03
12.500  17.500  4.1137e-03
12.500  17.750  5.1221e-03
12.500  18.000  5.7652e-03
12.500  18.250  5.8854e-03
12.500  18.500  5.5059e-03
12.500  18.750  4.8063e-03
12.500  19.000  4.0352e-03
12.500  19.250  3.1371e-03
12.500  19.500  2.3625e-03
12.500  19.750  1.7038e-03
12.500  20.000  1.2159e-03
12.500  20.250  8.6905e-04
12.500  20.500  6.9720e-04
12.500  20.750  4.5095e-04
12.500  21.000  3.2724e-04
12.500  21.250  2.4922e-04
12.500  21.500  1.7926e-04
12.500  21.750  1.1877e-04
12.500  22.000  7.7531e-05
12.500  22.250  7.4568e-05
12.500  22.500  5.3580e-05
12.500  22.750  1.9012e-05
12.500  23.000  1.4156e-05
12.500  23.250  7.4897e-06
12.500  23.500  4.1152e-06
12.500  23.750  1.8930e-06
12.500  24.000  1.0000e-07
12.750  17.000  2.0727e-03
12.750  17.250  2.8421e-03
12.750  17.500  3.9156e-03
12.750  17.750  5.0167e-03
12.750  18.000  5.7658e-03
12.750  18.250  6.0286e-03
12.750  18.500  5.7828e-03
12.750  18.750  5.0962e-03
12.750  19.000  4.2957e-03
12.750  19.250  3.3803e-03
12.750  19.500  2.5319e-03
12.750  19.750  1.9095e-03
12.750  20.000  1.3170e-03
12.750  20.250  9.4049e-04
12.750  20.500  6.7654e-04
12.750  20.750  4.8979e-04
12.750  21.000  3.7967e-04
12.750  21.250  2.7062e-04
12.750  21.500  1.9770e-04
12.750  21.750  1.3457e-04
12.750  22.000  8.8230e-05
12.750  22.250  5.8436e-05
12.750  22.500  3.6543e-05
12.750  22.750  2.6667e-05
12.750  23.000  1.6708e-05
12.750  23.250  9.7942e-06
12.750  23.500  5.8436e-06
12.750  23.750  3.2922e-06
12.750  24.000  1.6461e-06
13.000  17.000  1.8159e-03
13.000  17.250  2.5320e-03
13.000  17.500  3.6049e-03
13.000  17.750  4.7630e-03
13.000  18.000  5.6315e-03
13.000  18.250  5.9953e-03
13.000  18.500  5.8858e-03
13.000  18.750  5.3316e-03
13.000  19.000  4.4845e-03
13.000  19.250  3.5408e-03
13.000  19.500  2.6676e-03
13.000  19.750  1.9802e-03
13.000  20.000  1.3955e-03
13.000  20.250  1.0570e-03
13.000  20.500  7.7918e-04
13.000  20.750  5.1975e-04
13.000  21.000  4.2066e-04
13.000  21.250  2.9243e-04
13.000  21.500  2.1374e-04
13.000  21.750  1.4765e-04
13.000  22.000  9.9424e-05
13.000  22.250  6.2881e-05
13.000  22.500  4.1646e-05
13.000  22.750  3.5473e-05
13.000  23.000  2.3292e-05
13.000  23.250  1.2263e-05
13.000  23.500  7.4897e-06
13.000  23.750  4.3621e-06
13.000  24.000  2.7160e-06
13.250  17.000  1.6840e-03
13.250  17.250  2.2950e-03
13.250  17.500  3.2413e-03
13.250  17.750  4.3907e-03
13.250  18.000  5.3364e-03
13.250  18.250  5.9361e-03
13.250  18.500  5.7934e-03
13.250  18.750  5.3885e-03
13.250  19.000  4.5621e-03
13.250  19.250  3.6494e-03
13.250  19.500  2.7210e-03
13.250  19.750  2.0318e-03
13.250  20.000  1.4632e-03
13.250  20.250  1.0528e-03
13.250  20.500  7.4247e-04
13.250  20.750  5.3835e-04
13.250  21.000  4.2840e-04
13.250  21.250  3.0955e-04
13.250  21.500  2.3284e-04
13.250  21.750  1.5654e-04
13.250  22.000  1.0683e-04
13.250  22.250  6.7572e-05
13.250  22.500  4.2551e-05
13.250  22.750  2.9218e-05
13.250  23.000  2.0165e-05
13.250  23.250  1.3333e-05
13.250  23.500  8.6420e-06
13.250  23.750  5.0206e-06
13.250  24.000  3.3745e-06
13.500  17.000  1.5482e-03
13.500  17.250  2.0946e-03
13.500  17.500  2.9388e-03
13.500  17.750  4.0527e-03
13.500  18.000  5.1055e-03
13.500  18.250  5.7835e-03
13.500  18.500  5.9033e-03
13.500  18.750  5.4053e-03
13.500  19.000  4.6370e-03
13.500  19.250  3.7328e-03
13.500  19.500  2.7954e-03
13.500  19.750  2.0593e-03
13.500  20.000  1.4863e-03
13.500  20.250  1.0666e-03
13.500  20.500  7.5424e-04
13.500  20.750  5.8379e-04
13.500  21.000  4.2387e-04
13.500  21.250  3.0938e-04
13.500  21.500  2.3432e-04
13.500  21.750  1.6337e-04
13.500  22.000  1.1095e-04
13.500  22.250  7.0535e-05
13.500  22.500  4.4280e-05
13.500  22.750  2.8807e-05
13.500  23.000  1.8848e-05
13.500  23.250  1.3416e-05
13.500  23.500  8.9326e-06
13.500  23.750  5.3498e-06
13.500  24.000  3.2922e-06
13.750  17.000  1.4162e-03
13.750  17.250  1.8847e-03
13.750  17.500  2.6495e-03
13.750  17.750  3.6491e-03
13.750  18.000  4.8034e-03
13.750  18.250  5.6549e-03
13.750  18.500  5.8115e-03
13.750  18.750  5.4630e-03
13.750  19.000  4.6778e-03
13.750  19.250  3.7588e-03
13.750  19.500  2.8167e-03
13.750  19.750  2.0604e-03
13.750  20.000  1.4991e-03
13.750  20.250  1.0758e-03
13.750  20.500  7.6584e-04
13.750  20.750  5.5202e-04
13.750  21.000  4.2329e-04
13.750  21.250  3.0469e-04
13.750  21.500  2.3111e-04
13.750  21.750  1.6807e-04
13.750  22.000  1.1498e-04
13.750  22.250  7.3909e-05
13.750  22.500  4.6337e-05
13.750  22.750  2.8560e-05
13.750  23.000  1.8272e-05
13.750  23.250  1.1605e-05
13.750  23.500  1.1193e-05
13.750  23.750  5.7613e-06
13.750  24.000  3.7037e-06
14.000  17.000  1.2896e-03
14.000  17.250  1.6915e-03
14.000  17.500  2.3479e-03
14.000  17.750  3.2847e-03
14.000  18.000  4.3802e-03
14.000  18.250  5.3803e-03
14.000  18.500  5.7659e-03
14.000  18.750  5.5835e-03
14.000  19.000  4.6902e-03
14.000  19.250  3.7824e-03
14.000  19.500  2.8107e-03
14.000  19.750  2.0914e-03
14.000  20.000  1.5040e-03
14.000  20.250  1.0792e-03
14.000  20.500  7.6469e-04
14.000  20.750  5.6387e-04
14.000  21.000  4.1029e-04
14.000  21.250  3.0033e-04
14.000  21.500  2.2914e-04
14.000  21.750  1.6617e-04
14.000  22.000  1.1531e-04
14.000  22.250  7.5473e-05
14.000  22.500  4.7737e-05
14.000  22.750  2.9300e-05
14.000  23.000  1.7695e-05
14.000  23.250  1.1276e-05
14.000  23.500  7.3251e-06
14.000  23.750  4.5267e-06
14.000  24.000  3.9506e-06
