InwD 1793.44A  relative to Inci 1215.00A scaled to 1215A.
Hden   Phi(H)  Eq_Width (A)
7.000  17.000  5.2861e-02
7.000  17.250  5.3436e-02
7.000  17.500  5.1710e-02
7.000  17.750  4.0040e-02
7.000  18.000  2.3400e-02
7.000  18.250  1.1280e-02
7.000  18.500  4.8600e-03
7.000  18.750  2.3400e-03
7.000  19.000  1.1800e-03
7.000  19.250  5.0000e-04
7.000  19.500  2.1000e-04
7.000  19.750  1.0000e-04
7.000  20.000  5.0000e-05
7.000  20.250  2.0000e-05
7.000  20.500  1.0000e-05
7.000  20.750  1.0000e-05
7.000  21.000  1.0000e-10
7.000  21.250  1.0000e-10
7.000  21.500  1.0000e-10
7.000  21.750  1.0000e-10
7.000  22.000  1.0000e-10
7.000  22.250  1.0000e-10
7.000  22.500  1.0000e-10
7.000  22.750  1.0000e-10
7.000  23.000  1.0000e-10
7.000  23.250  1.0000e-10
7.000  23.500  1.0000e-10
7.000  23.750  1.0000e-10
7.000  24.000  1.0000e-10
7.250  17.000  5.2246e-02
7.250  17.250  5.3428e-02
7.250  17.500  5.3728e-02
7.250  17.750  5.1630e-02
7.250  18.000  4.0000e-02
7.250  18.250  2.3330e-02
7.250  18.500  1.1240e-02
7.250  18.750  4.8500e-03
7.250  19.000  2.3400e-03
7.250  19.250  1.1700e-03
7.250  19.500  5.0000e-04
7.250  19.750  2.1000e-04
7.250  20.000  1.0000e-04
7.250  20.250  5.0000e-05
7.250  20.500  3.0000e-05
7.250  20.750  1.0000e-05
7.250  21.000  1.0000e-05
7.250  21.250  1.0000e-10
7.250  21.500  1.0000e-10
7.250  21.750  1.0000e-10
7.250  22.000  1.0000e-10
7.250  22.250  1.0000e-10
7.250  22.500  1.0000e-10
7.250  22.750  1.0000e-10
7.250  23.000  1.0000e-10
7.250  23.250  1.0000e-10
7.250  23.500  1.0000e-10
7.250  23.750  1.0000e-10
7.250  24.000  1.0000e-10
7.500  17.000  5.1110e-02
7.500  17.250  5.2699e-02
7.500  17.500  5.3894e-02
7.500  17.750  5.4057e-02
7.500  18.000  5.1590e-02
7.500  18.250  4.0000e-02
7.500  18.500  2.3270e-02
7.500  18.750  1.1220e-02
7.500  19.000  4.8400e-03
7.500  19.250  2.3400e-03
7.500  19.500  1.1700e-03
7.500  19.750  5.0000e-04
7.500  20.000  2.1000e-04
7.500  20.250  1.0000e-04
7.500  20.500  5.0000e-05
7.500  20.750  3.0000e-05
7.500  21.000  1.0000e-05
7.500  21.250  1.0000e-05
7.500  21.500  1.0000e-10
7.500  21.750  1.0000e-10
7.500  22.000  1.0000e-10
7.500  22.250  1.0000e-10
7.500  22.500  1.0000e-10
7.500  22.750  1.0000e-10
7.500  23.000  1.0000e-10
7.500  23.250  1.0000e-10
7.500  23.500  1.0000e-10
7.500  23.750  1.0000e-10
7.500  24.000  1.0000e-10
7.750  17.000  4.9758e-02
7.750  17.250  5.1428e-02
7.750  17.500  5.3330e-02
7.750  17.750  5.4669e-02
7.750  18.000  5.4467e-02
7.750  18.250  5.1600e-02
7.750  18.500  4.0030e-02
7.750  18.750  2.3220e-02
7.750  19.000  1.1190e-02
7.750  19.250  4.8400e-03
7.750  19.500  2.3400e-03
7.750  19.750  1.1700e-03
7.750  20.000  5.0000e-04
7.750  20.250  2.1000e-04
7.750  20.500  1.0000e-04
7.750  20.750  5.0000e-05
7.750  21.000  2.0000e-05
7.750  21.250  1.0000e-05
7.750  21.500  1.0000e-05
7.750  21.750  1.0000e-10
7.750  22.000  1.0000e-10
7.750  22.250  1.0000e-10
7.750  22.500  1.0000e-10
7.750  22.750  1.0000e-10
7.750  23.000  1.0000e-10
7.750  23.250  1.0000e-10
7.750  23.500  1.0000e-10
7.750  23.750  1.0000e-10
7.750  24.000  1.0000e-10
8.000  17.000  4.7530e-02
8.000  17.250  4.9332e-02
8.000  17.500  5.1428e-02
8.000  17.750  5.3907e-02
8.000  18.000  5.5474e-02
8.000  18.250  5.4710e-02
8.000  18.500  5.1590e-02
8.000  18.750  4.0020e-02
8.000  19.000  2.3180e-02
8.000  19.250  1.1170e-02
8.000  19.500  4.8400e-03
8.000  19.750  2.3400e-03
8.000  20.000  1.1700e-03
8.000  20.250  5.0000e-04
8.000  20.500  2.1000e-04
8.000  20.750  1.0000e-04
8.000  21.000  5.0000e-05
8.000  21.250  2.0000e-05
8.000  21.500  1.0000e-05
8.000  21.750  1.0000e-05
8.000  22.000  1.0000e-10
8.000  22.250  1.0000e-10
8.000  22.500  1.0000e-10
8.000  22.750  1.0000e-10
8.000  23.000  1.0000e-10
8.000  23.250  1.0000e-10
8.000  23.500  1.0000e-10
8.000  23.750  1.0000e-10
8.000  24.000  1.0000e-10
8.250  17.000  4.5926e-02
8.250  17.250  4.7715e-02
8.250  17.500  4.9876e-02
8.250  17.750  5.2594e-02
8.250  18.000  5.5881e-02
8.250  18.250  5.7312e-02
8.250  18.500  5.5660e-02
8.250  18.750  5.1670e-02
8.250  19.000  4.0080e-02
8.250  19.250  2.3130e-02
8.250  19.500  1.1140e-02
8.250  19.750  4.8300e-03
8.250  20.000  2.3400e-03
8.250  20.250  1.1700e-03
8.250  20.500  5.0000e-04
8.250  20.750  2.1000e-04
8.250  21.000  1.0000e-04
8.250  21.250  5.0000e-05
8.250  21.500  2.0000e-05
8.250  21.750  1.0000e-05
8.250  22.000  1.0000e-05
8.250  22.250  1.0000e-10
8.250  22.500  1.0000e-10
8.250  22.750  1.0000e-10
8.250  23.000  1.0000e-10
8.250  23.250  1.0000e-10
8.250  23.500  1.0000e-10
8.250  23.750  1.0000e-10
8.250  24.000  1.0000e-10
8.500  17.000  4.4383e-02
8.500  17.250  4.6165e-02
8.500  17.500  4.8286e-02
8.500  17.750  5.1035e-02
8.500  18.000  5.4830e-02
8.500  18.250  5.8991e-02
8.500  18.500  5.9635e-02
8.500  18.750  5.6960e-02
8.500  19.000  5.1770e-02
8.500  19.250  4.0180e-02
8.500  19.500  2.3080e-02
8.500  19.750  1.1120e-02
8.500  20.000  4.8400e-03
8.500  20.250  2.3400e-03
8.500  20.500  1.1700e-03
8.500  20.750  5.0000e-04
8.500  21.000  2.1000e-04
8.500  21.250  1.0000e-04
8.500  21.500  5.0000e-05
8.500  21.750  3.0000e-05
8.500  22.000  1.0000e-05
8.500  22.250  1.0000e-05
8.500  22.500  1.0000e-10
8.500  22.750  1.0000e-10
8.500  23.000  1.0000e-10
8.500  23.250  1.0000e-10
8.500  23.500  1.0000e-10
8.500  23.750  1.0000e-10
8.500  24.000  1.0000e-10
8.750  17.000  4.2835e-02
8.750  17.250  4.4719e-02
8.750  17.500  4.6829e-02
8.750  17.750  4.9514e-02
8.750  18.000  5.3302e-02
8.750  18.250  5.8336e-02
8.750  18.500  6.2823e-02
8.750  18.750  6.1841e-02
8.750  19.000  5.8710e-02
8.750  19.250  5.1840e-02
8.750  19.500  4.0290e-02
8.750  19.750  2.3030e-02
8.750  20.000  1.1090e-02
8.750  20.250  4.8400e-03
8.750  20.500  2.3400e-03
8.750  20.750  1.1700e-03
8.750  21.000  5.0000e-04
8.750  21.250  2.1000e-04
8.750  21.500  1.0000e-04
8.750  21.750  5.0000e-05
8.750  22.000  3.0000e-05
8.750  22.250  1.0000e-05
8.750  22.500  1.0000e-05
8.750  22.750  1.0000e-10
8.750  23.000  1.0000e-10
8.750  23.250  1.0000e-10
8.750  23.500  1.0000e-10
8.750  23.750  1.0000e-10
8.750  24.000  1.0000e-10
9.000  17.000  4.1132e-02
9.000  17.250  4.3274e-02
9.000  17.500  4.5526e-02
9.000  17.750  4.8238e-02
9.000  18.000  5.1910e-02
9.000  18.250  5.6830e-02
9.000  18.500  6.2525e-02
9.000  18.750  6.6457e-02
9.000  19.000  6.4445e-02
9.000  19.250  6.1430e-02
9.000  19.500  5.1880e-02
9.000  19.750  4.0410e-02
9.000  20.000  2.2980e-02
9.000  20.250  1.1050e-02
9.000  20.500  4.8300e-03
9.000  20.750  2.3500e-03
9.000  21.000  1.1700e-03
9.000  21.250  5.0000e-04
9.000  21.500  2.1000e-04
9.000  21.750  1.0000e-04
9.000  22.000  5.0000e-05
9.000  22.250  2.0000e-05
9.000  22.500  1.0000e-05
9.000  22.750  1.0000e-05
9.000  23.000  1.0000e-10
9.000  23.250  1.0000e-10
9.000  23.500  1.0000e-10
9.000  23.750  1.0000e-10
9.000  24.000  1.0000e-10
9.250  17.000  3.9102e-02
9.250  17.250  4.1645e-02
9.250  17.500  4.4263e-02
9.250  17.750  4.7216e-02
9.250  18.000  5.0943e-02
9.250  18.250  5.5705e-02
9.250  18.500  6.1325e-02
9.250  18.750  6.7485e-02
9.250  19.000  7.0466e-02
9.250  19.250  6.8898e-02
9.250  19.500  6.5720e-02
9.250  19.750  5.1930e-02
9.250  20.000  4.0540e-02
9.250  20.250  2.2930e-02
9.250  20.500  1.1030e-02
9.250  20.750  4.8300e-03
9.250  21.000  2.3400e-03
9.250  21.250  1.1700e-03
9.250  21.500  4.9000e-04
9.250  21.750  2.1000e-04
9.250  22.000  1.0000e-04
9.250  22.250  5.0000e-05
9.250  22.500  2.0000e-05
9.250  22.750  1.0000e-05
9.250  23.000  1.0000e-05
9.250  23.250  1.0000e-10
9.250  23.500  1.0000e-10
9.250  23.750  1.0000e-10
9.250  24.000  1.0000e-10
9.500  17.000  3.6600e-02
9.500  17.250  3.9674e-02
9.500  17.500  4.2840e-02
9.500  17.750  4.6293e-02
9.500  18.000  5.0357e-02
9.500  18.250  5.5268e-02
9.500  18.500  6.0728e-02
9.500  18.750  6.6473e-02
9.500  19.000  7.1949e-02
9.500  19.250  7.5222e-02
9.500  19.500  7.3210e-02
9.500  19.750  6.9670e-02
9.500  20.000  5.2130e-02
9.500  20.250  4.0680e-02
9.500  20.500  2.2870e-02
9.500  20.750  1.1000e-02
9.500  21.000  4.8300e-03
9.500  21.250  2.3400e-03
9.500  21.500  1.1700e-03
9.500  21.750  4.9000e-04
9.500  22.000  2.1000e-04
9.500  22.250  1.0000e-04
9.500  22.500  5.0000e-05
9.500  22.750  2.0000e-05
9.500  23.000  1.0000e-05
9.500  23.250  1.0000e-05
9.500  23.500  1.0000e-10
9.500  23.750  1.0000e-10
9.500  24.000  1.0000e-10
9.750  17.000  3.3373e-02
9.750  17.250  3.7122e-02
9.750  17.500  4.0974e-02
9.750  17.750  4.5163e-02
9.750  18.000  4.9991e-02
9.750  18.250  5.5468e-02
9.750  18.500  6.0968e-02
9.750  18.750  6.6011e-02
9.750  19.000  7.0856e-02
9.750  19.250  7.5611e-02
9.750  19.500  7.8423e-02
9.750  19.750  7.8960e-02
9.750  20.000  7.0580e-02
9.750  20.250  5.2580e-02
9.750  20.500  4.0880e-02
9.750  20.750  2.2840e-02
9.750  21.000  1.0970e-02
9.750  21.250  4.8200e-03
9.750  21.500  2.3400e-03
9.750  21.750  1.1700e-03
9.750  22.000  4.9000e-04
9.750  22.250  2.1000e-04
9.750  22.500  1.0000e-04
9.750  22.750  5.0000e-05
9.750  23.000  2.0000e-05
9.750  23.250  1.0000e-05
9.750  23.500  1.0000e-05
9.750  23.750  1.0000e-10
9.750  24.000  1.0000e-05
10.000  17.000  2.9418e-02
10.000  17.250  3.3805e-02
10.000  17.500  3.8459e-02
10.000  17.750  4.3599e-02
10.000  18.000  4.9584e-02
10.000  18.250  5.5903e-02
10.000  18.500  6.1524e-02
10.000  18.750  6.6210e-02
10.000  19.000  7.0227e-02
10.000  19.250  7.3626e-02
10.000  19.500  7.6609e-02
10.000  19.750  8.0485e-02
10.000  20.000  8.7440e-02
10.000  20.250  7.0770e-02
10.000  20.500  5.3740e-02
10.000  20.750  4.1220e-02
10.000  21.000  2.2800e-02
10.000  21.250  1.0950e-02
10.000  21.500  4.8200e-03
10.000  21.750  2.3400e-03
10.000  22.000  1.1700e-03
10.000  22.250  4.9000e-04
10.000  22.500  2.1000e-04
10.000  22.750  1.0000e-04
10.000  23.000  5.0000e-05
10.000  23.250  2.0000e-05
10.000  23.500  1.0000e-05
10.000  23.750  1.0000e-05
10.000  24.000  1.0000e-10
10.250  17.000  2.5090e-02
10.250  17.250  2.9619e-02
10.250  17.500  3.5228e-02
10.250  17.750  4.1471e-02
10.250  18.000  4.8678e-02
10.250  18.250  5.5921e-02
10.250  18.500  6.1894e-02
10.250  18.750  6.6483e-02
10.250  19.000  6.9897e-02
10.250  19.250  7.2892e-02
10.250  19.500  7.6455e-02
10.250  19.750  8.1276e-02
10.250  20.000  8.8168e-02
10.250  20.250  9.4490e-02
10.250  20.500  7.2730e-02
10.250  20.750  5.4600e-02
10.250  21.000  4.1730e-02
10.250  21.250  2.2770e-02
10.250  21.500  1.0930e-02
10.250  21.750  4.8100e-03
10.250  22.000  2.3400e-03
10.250  22.250  1.1800e-03
10.250  22.500  4.9000e-04
10.250  22.750  2.2000e-04
10.250  23.000  1.0000e-04
10.250  23.250  5.0000e-05
10.250  23.500  3.0000e-05
10.250  23.750  2.0000e-05
10.250  24.000  1.0000e-05
10.500  17.000  2.1333e-02
10.500  17.250  2.5443e-02
10.500  17.500  3.1223e-02
10.500  17.750  3.8729e-02
10.500  18.000  4.6909e-02
10.500  18.250  5.4790e-02
10.500  18.500  6.1240e-02
10.500  18.750  6.6009e-02
10.500  19.000  6.9656e-02
10.500  19.250  7.2923e-02
10.500  19.500  7.6524e-02
10.500  19.750  8.1052e-02
10.500  20.000  8.7378e-02
10.500  20.250  9.5504e-02
10.500  20.500  9.8390e-02
10.500  20.750  7.3920e-02
10.500  21.000  5.6210e-02
10.500  21.250  4.2470e-02
10.500  21.500  2.2730e-02
10.500  21.750  1.0910e-02
10.500  22.000  4.8100e-03
10.500  22.250  2.3400e-03
10.500  22.500  1.1700e-03
10.500  22.750  4.9000e-04
10.500  23.000  2.1000e-04
10.500  23.250  1.0000e-04
10.500  23.500  5.0000e-05
10.500  23.750  2.0000e-05
10.500  24.000  2.0000e-05
10.750  17.000  1.8414e-02
10.750  17.250  2.1770e-02
10.750  17.500  2.7315e-02
10.750  17.750  3.5160e-02
10.750  18.000  4.3972e-02
10.750  18.250  5.2166e-02
10.750  18.500  5.8902e-02
10.750  18.750  6.4175e-02
10.750  19.000  6.8390e-02
10.750  19.250  7.2021e-02
10.750  19.500  7.5626e-02
10.750  19.750  7.9549e-02
10.750  20.000  8.4484e-02
10.750  20.250  9.1507e-02
10.750  20.500  1.0077e-01
10.750  20.750  9.9590e-02
10.750  21.000  7.6520e-02
10.750  21.250  5.8650e-02
10.750  21.500  4.3390e-02
10.750  21.750  2.2690e-02
10.750  22.000  1.0910e-02
10.750  22.250  4.8100e-03
10.750  22.500  2.3400e-03
10.750  22.750  1.1700e-03
10.750  23.000  4.9000e-04
10.750  23.250  2.2000e-04
10.750  23.500  9.0000e-05
10.750  23.750  5.0000e-05
10.750  24.000  2.0000e-05
11.000  17.000  1.6311e-02
11.000  17.250  1.8977e-02
11.000  17.500  2.3773e-02
11.000  17.750  3.1069e-02
11.000  18.000  3.9621e-02
11.000  18.250  4.7753e-02
11.000  18.500  5.4829e-02
11.000  18.750  6.0663e-02
11.000  19.000  6.5527e-02
11.000  19.250  6.9699e-02
11.000  19.500  7.3496e-02
11.000  19.750  7.7166e-02
11.000  20.000  8.1105e-02
11.000  20.250  8.6271e-02
11.000  20.500  9.3924e-02
11.000  20.750  1.0433e-01
11.000  21.000  1.0165e-01
11.000  21.250  7.9850e-02
11.000  21.500  6.2450e-02
11.000  21.750  4.4060e-02
11.000  22.000  2.2620e-02
11.000  22.250  1.0910e-02
11.000  22.500  4.8000e-03
11.000  22.750  2.3400e-03
11.000  23.000  1.1700e-03
11.000  23.250  4.9000e-04
11.000  23.500  2.1000e-04
11.000  23.750  1.0000e-04
11.000  24.000  4.0000e-05
11.250  17.000  1.4841e-02
11.250  17.250  1.7038e-02
11.250  17.500  2.0893e-02
11.250  17.750  2.6851e-02
11.250  18.000  3.4332e-02
11.250  18.250  4.2016e-02
11.250  18.500  4.9167e-02
11.250  18.750  5.5665e-02
11.250  19.000  6.1198e-02
11.250  19.250  6.5983e-02
11.250  19.500  7.0213e-02
11.250  19.750  7.4068e-02
11.250  20.000  7.7850e-02
11.250  20.250  8.2078e-02
11.250  20.500  8.7735e-02
11.250  20.750  9.6229e-02
11.250  21.000  1.0672e-01
11.250  21.250  1.0712e-01
11.250  21.500  8.4490e-02
11.250  21.750  6.8120e-02
11.250  22.000  4.4170e-02
11.250  22.250  2.2530e-02
11.250  22.500  1.0910e-02
11.250  22.750  4.8100e-03
11.250  23.000  2.3400e-03
11.250  23.250  1.1700e-03
11.250  23.500  4.9000e-04
11.250  23.750  2.2000e-04
11.250  24.000  1.0000e-04
11.500  17.000  1.3868e-02
11.500  17.250  1.5685e-02
11.500  17.500  1.8720e-02
11.500  17.750  2.3206e-02
11.500  18.000  2.9034e-02
11.500  18.250  3.5722e-02
11.500  18.500  4.2643e-02
11.500  18.750  4.9523e-02
11.500  19.000  5.5863e-02
11.500  19.250  6.1321e-02
11.500  19.500  6.6058e-02
11.500  19.750  7.0451e-02
11.500  20.000  7.4564e-02
11.500  20.250  7.8727e-02
11.500  20.500  8.3522e-02
11.500  20.750  9.0100e-02
11.500  21.000  1.0034e-01
11.500  21.250  1.1002e-01
11.500  21.500  1.0997e-01
11.500  21.750  9.2500e-02
11.500  22.000  7.4200e-02
11.500  22.250  4.3670e-02
11.500  22.500  2.2410e-02
11.500  22.750  1.0910e-02
11.500  23.000  4.8100e-03
11.500  23.250  2.3400e-03
11.500  23.500  1.1700e-03
11.500  23.750  4.9000e-04
11.500  24.000  2.2000e-04
11.750  17.000  1.3269e-02
11.750  17.250  1.4681e-02
11.750  17.500  1.7038e-02
11.750  17.750  2.0403e-02
11.750  18.000  2.4649e-02
11.750  18.250  2.9909e-02
11.750  18.500  3.6111e-02
11.750  18.750  4.2890e-02
11.750  19.000  4.9907e-02
11.750  19.250  5.6256e-02
11.750  19.500  6.1616e-02
11.750  19.750  6.6479e-02
11.750  20.000  7.1157e-02
11.750  20.250  7.5744e-02
11.750  20.500  8.0631e-02
11.750  20.750  8.6552e-02
11.750  21.000  9.5274e-02
11.750  21.250  1.0853e-01
11.750  21.500  1.1564e-01
11.750  21.750  1.1905e-01
11.750  22.000  1.0273e-01
11.750  22.250  7.8560e-02
11.750  22.500  4.3100e-02
11.750  22.750  2.2240e-02
11.750  23.000  1.0920e-02
11.750  23.250  4.7900e-03
11.750  23.500  2.3400e-03
11.750  23.750  1.1800e-03
11.750  24.000  4.9000e-04
12.000  17.000  1.2871e-02
12.000  17.250  1.3886e-02
12.000  17.500  1.5611e-02
12.000  17.750  1.8185e-02
12.000  18.000  2.1392e-02
12.000  18.250  2.5397e-02
12.000  18.500  3.0488e-02
12.000  18.750  3.6808e-02
12.000  19.000  4.3865e-02
12.000  19.250  5.1058e-02
12.000  19.500  5.7334e-02
12.000  19.750  6.2689e-02
12.000  20.000  6.7781e-02
12.000  20.250  7.2981e-02
12.000  20.500  7.8384e-02
12.000  20.750  8.4595e-02
12.000  21.000  9.2879e-02
12.000  21.250  1.0548e-01
12.000  21.500  1.1849e-01
12.000  21.750  1.2817e-01
12.000  22.000  1.3102e-01
12.000  22.250  1.1541e-01
12.000  22.500  7.9570e-02
12.000  22.750  4.2480e-02
12.000  23.000  2.2030e-02
12.000  23.250  1.0920e-02
12.000  23.500  4.7900e-03
12.000  23.750  2.3400e-03
12.000  24.000  1.1800e-03
12.250  17.000  1.1730e-02
12.250  17.250  1.3243e-02
12.250  17.500  1.4369e-02
12.250  17.750  1.6287e-02
12.250  18.000  1.8907e-02
12.250  18.250  2.2268e-02
12.250  18.500  2.6582e-02
12.250  18.750  3.2052e-02
12.250  19.000  3.8623e-02
12.250  19.250  4.6000e-02
12.250  19.500  5.3228e-02
12.250  19.750  5.9452e-02
12.250  20.000  6.4882e-02
12.250  20.250  7.0514e-02
12.250  20.500  7.6459e-02
12.250  20.750  8.3334e-02
12.250  21.000  9.2942e-02
12.250  21.250  1.0515e-01
12.250  21.500  1.1816e-01
12.250  21.750  1.3680e-01
12.250  22.000  1.4553e-01
12.250  22.250  1.4848e-01
12.250  22.500  1.2633e-01
12.250  22.750  7.9040e-02
12.250  23.000  4.1800e-02
12.250  23.250  2.1780e-02
12.250  23.500  1.0910e-02
12.250  23.750  4.7900e-03
12.250  24.000  2.3300e-03
12.500  17.000  1.0046e-02
12.500  17.250  1.1768e-02
12.500  17.500  1.3272e-02
12.500  17.750  1.4663e-02
12.500  18.000  1.6857e-02
12.500  18.250  1.9844e-02
12.500  18.500  2.3934e-02
12.500  18.750  2.9143e-02
12.500  19.000  3.5116e-02
12.500  19.250  4.1860e-02
12.500  19.500  4.9206e-02
12.500  19.750  5.6433e-02
12.500  20.000  6.2880e-02
12.500  20.250  6.8752e-02
12.500  20.500  7.5089e-02
12.500  20.750  8.2878e-02
12.500  21.000  9.3317e-02
12.500  21.250  1.0728e-01
12.500  21.500  1.2080e-01
12.500  21.750  1.4023e-01
12.500  22.000  1.6254e-01
12.500  22.250  1.7165e-01
12.500  22.500  1.8243e-01
12.500  22.750  1.3329e-01
12.500  23.000  7.7740e-02
12.500  23.250  4.1180e-02
12.500  23.500  2.1530e-02
12.500  23.750  1.0890e-02
12.500  24.000  4.7800e-03
12.750  17.000  8.0405e-03
12.750  17.250  9.3504e-03
12.750  17.500  1.1203e-02
12.750  17.750  1.3092e-02
12.750  18.000  1.4990e-02
12.750  18.250  1.7807e-02
12.750  18.500  2.1823e-02
12.750  18.750  2.7123e-02
12.750  19.000  3.2957e-02
12.750  19.250  3.9409e-02
12.750  19.500  4.6269e-02
12.750  19.750  5.3613e-02
12.750  20.000  6.0964e-02
12.750  20.250  6.7961e-02
12.750  20.500  7.4759e-02
12.750  20.750  8.2560e-02
12.750  21.000  9.3737e-02
12.750  21.250  1.0948e-01
12.750  21.500  1.2498e-01
12.750  21.750  1.4510e-01
12.750  22.000  1.7149e-01
12.750  22.250  1.9567e-01
12.750  22.500  2.0940e-01
12.750  22.750  1.9549e-01
12.750  23.000  1.3500e-01
12.750  23.250  7.6300e-02
12.750  23.500  4.0500e-02
12.750  23.750  2.1280e-02
12.750  24.000  1.0840e-02
13.000  17.000  4.5996e-03
13.000  17.250  5.7070e-03
13.000  17.500  7.8383e-03
13.000  17.750  1.0173e-02
13.000  18.000  1.2643e-02
13.000  18.250  1.5638e-02
13.000  18.500  1.9949e-02
13.000  18.750  2.5262e-02
13.000  19.000  3.1412e-02
13.000  19.250  3.7984e-02
13.000  19.500  4.4398e-02
13.000  19.750  5.1693e-02
13.000  20.000  5.9264e-02
13.000  20.250  6.7289e-02
13.000  20.500  7.5712e-02
13.000  20.750  8.4698e-02
13.000  21.000  9.5702e-02
13.000  21.250  1.1204e-01
13.000  21.500  1.2799e-01
13.000  21.750  1.5237e-01
13.000  22.000  1.7957e-01
13.000  22.250  2.1314e-01
13.000  22.500  2.4011e-01
13.000  22.750  2.4888e-01
13.000  23.000  2.0672e-01
13.000  23.250  1.3431e-01
13.000  23.500  7.4870e-02
13.000  23.750  3.9800e-02
13.000  24.000  2.1000e-02
13.250  17.000  3.3627e-03
13.250  17.250  4.1429e-03
13.250  17.500  5.4727e-03
13.250  17.750  7.4178e-03
13.250  18.000  1.0200e-02
13.250  18.250  1.3705e-02
13.250  18.500  1.7946e-02
13.250  18.750  2.3434e-02
13.250  19.000  2.9681e-02
13.250  19.250  3.6382e-02
13.250  19.500  4.3216e-02
13.250  19.750  5.0735e-02
13.250  20.000  5.8232e-02
13.250  20.250  6.6485e-02
13.250  20.500  7.5374e-02
13.250  20.750  8.5384e-02
13.250  21.000  9.7755e-02
13.250  21.250  1.1370e-01
13.250  21.500  1.2945e-01
13.250  21.750  1.4991e-01
13.250  22.000  1.8819e-01
13.250  22.250  2.1693e-01
13.250  22.500  2.5309e-01
13.250  22.750  2.6868e-01
13.250  23.000  2.5355e-01
13.250  23.250  1.9831e-01
13.250  23.500  1.3248e-01
13.250  23.750  7.3420e-02
13.250  24.000  3.9090e-02
13.500  17.000  2.5328e-03
13.500  17.250  3.2105e-03
13.500  17.500  4.3095e-03
13.500  17.750  5.9792e-03
13.500  18.000  8.4496e-03
13.500  18.250  1.1929e-02
13.500  18.500  1.6288e-02
13.500  18.750  2.1596e-02
13.500  19.000  2.7913e-02
13.500  19.250  3.4809e-02
13.500  19.500  4.2028e-02
13.500  19.750  4.9416e-02
13.500  20.000  5.7366e-02
13.500  20.250  6.6009e-02
13.500  20.500  7.5299e-02
13.500  20.750  8.5172e-02
13.500  21.000  9.6056e-02
13.500  21.250  1.0961e-01
13.500  21.500  1.2180e-01
13.500  21.750  1.4357e-01
13.500  22.000  1.6987e-01
13.500  22.250  2.0883e-01
13.500  22.500  2.5403e-01
13.500  22.750  3.0088e-01
13.500  23.000  3.0073e-01
13.500  23.250  2.5499e-01
13.500  23.500  1.9726e-01
13.500  23.750  1.3018e-01
13.500  24.000  7.1800e-02
13.750  17.000  1.9605e-03
13.750  17.250  2.5338e-03
13.750  17.500  3.4937e-03
13.750  17.750  4.9227e-03
13.750  18.000  7.1726e-03
13.750  18.250  1.0352e-02
13.750  18.500  1.4628e-02
13.750  18.750  1.9925e-02
13.750  19.000  2.6212e-02
13.750  19.250  3.3290e-02
13.750  19.500  4.0847e-02
13.750  19.750  4.8684e-02
13.750  20.000  5.7007e-02
13.750  20.250  6.6105e-02
13.750  20.500  7.5954e-02
13.750  20.750  8.6243e-02
13.750  21.000  9.6857e-02
13.750  21.250  1.0849e-01
13.750  21.500  1.2059e-01
13.750  21.750  1.3935e-01
13.750  22.000  1.6468e-01
13.750  22.250  1.9873e-01
13.750  22.500  2.4288e-01
13.750  22.750  2.9849e-01
13.750  23.000  3.4560e-01
13.750  23.250  3.2889e-01
13.750  23.500  2.5666e-01
13.750  23.750  2.0119e-01
13.750  24.000  1.2865e-01
14.000  17.000  1.5613e-03
14.000  17.250  2.0507e-03
14.000  17.500  2.8591e-03
14.000  17.750  4.1550e-03
14.000  18.000  6.1420e-03
14.000  18.250  9.0963e-03
14.000  18.500  1.3131e-02
14.000  18.750  1.8312e-02
14.000  19.000  2.4607e-02
14.000  19.250  3.1810e-02
14.000  19.500  3.9750e-02
14.000  19.750  4.8147e-02
14.000  20.000  5.6881e-02
14.000  20.250  6.6235e-02
14.000  20.500  7.6610e-02
14.000  20.750  8.7644e-02
14.000  21.000  9.9429e-02
14.000  21.250  1.1208e-01
14.000  21.500  1.2336e-01
14.000  21.750  1.4059e-01
14.000  22.000  1.6367e-01
14.000  22.250  1.9487e-01
14.000  22.500  2.3762e-01
14.000  22.750  2.9490e-01
14.000  23.000  3.6015e-01
14.000  23.250  4.0362e-01
14.000  23.500  3.5527e-01
14.000  23.750  2.7460e-01
14.000  24.000  2.0910e-01
