He 2 1085.03A  relative to Inci 1215.00A scaled to 1215A.
Hden   Phi(H)  Eq_Width (A)
7.000  17.000  5.0965e-03
7.000  17.250  5.0952e-03
7.000  17.500  5.0484e-03
7.000  17.750  4.8664e-03
7.000  18.000  2.2738e-03
7.000  18.250  6.8626e-04
7.000  18.500  1.2716e-04
7.000  18.750  3.6049e-05
7.000  19.000  1.1029e-05
7.000  19.250  1.7284e-06
7.000  19.500  1.0000e-07
7.000  19.750  1.0000e-07
7.000  20.000  1.0000e-07
7.000  20.250  1.0000e-07
7.000  20.500  1.0000e-07
7.000  20.750  1.0000e-07
7.000  21.000  1.0000e-07
7.000  21.250  1.0000e-07
7.000  21.500  1.0000e-07
7.000  21.750  1.0000e-07
7.000  22.000  1.0000e-07
7.000  22.250  1.0000e-07
7.000  22.500  1.0000e-07
7.000  22.750  1.0000e-07
7.000  23.000  1.0000e-07
7.000  23.250  1.0000e-07
7.000  23.500  1.0000e-07
7.000  23.750  1.0000e-07
7.000  24.000  1.0000e-07
7.250  17.000  5.0258e-03
7.250  17.250  5.0598e-03
7.250  17.500  5.0597e-03
7.250  17.750  5.0328e-03
7.250  18.000  4.8463e-03
7.250  18.250  2.2514e-03
7.250  18.500  6.8041e-04
7.250  18.750  1.2716e-04
7.250  19.000  3.6049e-05
7.250  19.250  1.1111e-05
7.250  19.500  1.7284e-06
7.250  19.750  1.0000e-07
7.250  20.000  1.0000e-07
7.250  20.250  1.0000e-07
7.250  20.500  1.0000e-07
7.250  20.750  1.0000e-07
7.250  21.000  1.0000e-07
7.250  21.250  1.0000e-07
7.250  21.500  1.0000e-07
7.250  21.750  1.0000e-07
7.250  22.000  1.0000e-07
7.250  22.250  1.0000e-07
7.250  22.500  1.0000e-07
7.250  22.750  1.0000e-07
7.250  23.000  1.0000e-07
7.250  23.250  1.0000e-07
7.250  23.500  1.0000e-07
7.250  23.750  1.0000e-07
7.250  24.000  1.0000e-07
7.500  17.000  4.9209e-03
7.500  17.250  4.9664e-03
7.500  17.500  5.0030e-03
7.500  17.750  5.0059e-03
7.500  18.000  5.0006e-03
7.500  18.250  4.8091e-03
7.500  18.500  2.2452e-03
7.500  18.750  6.7572e-04
7.500  19.000  1.2700e-04
7.500  19.250  3.6132e-05
7.500  19.500  1.1111e-05
7.500  19.750  1.7284e-06
7.500  20.000  1.0000e-07
7.500  20.250  1.0000e-07
7.500  20.500  1.0000e-07
7.500  20.750  1.0000e-07
7.500  21.000  1.0000e-07
7.500  21.250  1.0000e-07
7.500  21.500  1.0000e-07
7.500  21.750  1.0000e-07
7.500  22.000  1.0000e-07
7.500  22.250  1.0000e-07
7.500  22.500  1.0000e-07
7.500  22.750  1.0000e-07
7.500  23.000  1.0000e-07
7.500  23.250  1.0000e-07
7.500  23.500  1.0000e-07
7.500  23.750  1.0000e-07
7.500  24.000  1.0000e-07
7.750  17.000  4.7784e-03
7.750  17.250  4.8364e-03
7.750  17.500  4.8839e-03
7.750  17.750  4.9246e-03
7.750  18.000  4.9303e-03
7.750  18.250  4.9441e-03
7.750  18.500  4.7483e-03
7.750  18.750  2.2244e-03
7.750  19.000  6.6733e-04
7.750  19.250  1.2650e-04
7.750  19.500  3.6049e-05
7.750  19.750  1.1111e-05
7.750  20.000  1.7284e-06
7.750  20.250  1.0000e-07
7.750  20.500  1.0000e-07
7.750  20.750  1.0000e-07
7.750  21.000  1.0000e-07
7.750  21.250  1.0000e-07
7.750  21.500  1.0000e-07
7.750  21.750  1.0000e-07
7.750  22.000  1.0000e-07
7.750  22.250  1.0000e-07
7.750  22.500  1.0000e-07
7.750  22.750  1.0000e-07
7.750  23.000  1.0000e-07
7.750  23.250  1.0000e-07
7.750  23.500  1.0000e-07
7.750  23.750  1.0000e-07
7.750  24.000  1.0000e-07
8.000  17.000  4.5330e-03
8.000  17.250  4.6057e-03
8.000  17.500  4.6723e-03
8.000  17.750  4.7358e-03
8.000  18.000  4.7923e-03
8.000  18.250  4.8085e-03
8.000  18.500  4.8337e-03
8.000  18.750  4.6358e-03
8.000  19.000  2.1923e-03
8.000  19.250  6.5679e-04
8.000  19.500  1.2584e-04
8.000  19.750  3.5967e-05
8.000  20.000  1.1111e-05
8.000  20.250  1.7284e-06
8.000  20.500  1.0000e-07
8.000  20.750  1.0000e-07
8.000  21.000  1.0000e-07
8.000  21.250  1.0000e-07
8.000  21.500  1.0000e-07
8.000  21.750  1.0000e-07
8.000  22.000  1.0000e-07
8.000  22.250  1.0000e-07
8.000  22.500  1.0000e-07
8.000  22.750  1.0000e-07
8.000  23.000  1.0000e-07
8.000  23.250  1.0000e-07
8.000  23.500  1.0000e-07
8.000  23.750  1.0000e-07
8.000  24.000  1.0000e-07
8.250  17.000  4.3378e-03
8.250  17.250  4.4104e-03
8.250  17.500  4.4791e-03
8.250  17.750  4.5432e-03
8.250  18.000  4.6063e-03
8.250  18.250  4.6640e-03
8.250  18.500  4.6806e-03
8.250  18.750  4.6989e-03
8.250  19.000  4.5058e-03
8.250  19.250  2.1741e-03
8.250  19.500  6.4584e-04
8.250  19.750  1.2486e-04
8.250  20.000  3.5802e-05
8.250  20.250  1.1029e-05
8.250  20.500  1.7284e-06
8.250  20.750  1.0000e-07
8.250  21.000  1.0000e-07
8.250  21.250  1.0000e-07
8.250  21.500  1.0000e-07
8.250  21.750  1.0000e-07
8.250  22.000  1.0000e-07
8.250  22.250  1.0000e-07
8.250  22.500  1.0000e-07
8.250  22.750  1.0000e-07
8.250  23.000  1.0000e-07
8.250  23.250  1.0000e-07
8.250  23.500  1.0000e-07
8.250  23.750  1.0000e-07
8.250  24.000  1.0000e-07
8.500  17.000  4.1393e-03
8.500  17.250  4.2059e-03
8.500  17.500  4.2728e-03
8.500  17.750  4.3349e-03
8.500  18.000  4.3936e-03
8.500  18.250  4.4512e-03
8.500  18.500  4.5068e-03
8.500  18.750  4.5201e-03
8.500  19.000  4.5157e-03
8.500  19.250  4.3301e-03
8.500  19.500  2.1455e-03
8.500  19.750  6.3136e-04
8.500  20.000  1.2370e-04
8.500  20.250  3.5556e-05
8.500  20.500  1.0947e-05
8.500  20.750  1.7284e-06
8.500  21.000  1.0000e-07
8.500  21.250  1.0000e-07
8.500  21.500  1.0000e-07
8.500  21.750  1.0000e-07
8.500  22.000  1.0000e-07
8.500  22.250  1.0000e-07
8.500  22.500  1.0000e-07
8.500  22.750  1.0000e-07
8.500  23.000  1.0000e-07
8.500  23.250  1.0000e-07
8.500  23.500  1.0000e-07
8.500  23.750  1.0000e-07
8.500  24.000  1.0000e-07
8.750  17.000  3.9457e-03
8.750  17.250  4.0059e-03
8.750  17.500  4.0661e-03
8.750  17.750  4.1246e-03
8.750  18.000  4.1765e-03
8.750  18.250  4.2230e-03
8.750  18.500  4.2686e-03
8.750  18.750  4.3148e-03
8.750  19.000  4.3188e-03
8.750  19.250  4.2862e-03
8.750  19.500  4.1091e-03
8.750  19.750  2.1144e-03
8.750  20.000  6.1951e-04
8.750  20.250  1.2263e-04
8.750  20.500  3.5391e-05
8.750  20.750  1.0947e-05
8.750  21.000  1.7284e-06
8.750  21.250  1.0000e-07
8.750  21.500  1.0000e-07
8.750  21.750  1.0000e-07
8.750  22.000  1.0000e-07
8.750  22.250  1.0000e-07
8.750  22.500  1.0000e-07
8.750  22.750  1.0000e-07
8.750  23.000  1.0000e-07
8.750  23.250  1.0000e-07
8.750  23.500  1.0000e-07
8.750  23.750  1.0000e-07
8.750  24.000  1.0000e-07
9.000  17.000  3.7636e-03
9.000  17.250  3.8184e-03
9.000  17.500  3.8735e-03
9.000  17.750  3.9257e-03
9.000  18.000  3.9715e-03
9.000  18.250  4.0067e-03
9.000  18.500  4.0328e-03
9.000  18.750  4.0582e-03
9.000  19.000  4.0844e-03
9.000  19.250  4.0734e-03
9.000  19.500  4.0095e-03
9.000  19.750  3.8344e-03
9.000  20.000  2.0828e-03
9.000  20.250  6.0568e-04
9.000  20.500  1.2165e-04
9.000  20.750  3.5391e-05
9.000  21.000  1.0947e-05
9.000  21.250  1.7284e-06
9.000  21.500  1.0000e-07
9.000  21.750  1.0000e-07
9.000  22.000  1.0000e-07
9.000  22.250  1.0000e-07
9.000  22.500  1.0000e-07
9.000  22.750  1.0000e-07
9.000  23.000  1.0000e-07
9.000  23.250  1.0000e-07
9.000  23.500  1.0000e-07
9.000  23.750  1.0000e-07
9.000  24.000  1.0000e-07
9.250  17.000  3.5901e-03
9.250  17.250  3.6499e-03
9.250  17.500  3.7037e-03
9.250  17.750  3.7534e-03
9.250  18.000  3.7937e-03
9.250  18.250  3.8212e-03
9.250  18.500  3.8320e-03
9.250  18.750  3.8270e-03
9.250  19.000  3.8212e-03
9.250  19.250  3.8153e-03
9.250  19.500  3.7820e-03
9.250  19.750  3.6796e-03
9.250  20.000  3.4960e-03
9.250  20.250  2.0528e-03
9.250  20.500  5.9737e-04
9.250  20.750  1.2074e-04
9.250  21.000  3.5473e-05
9.250  21.250  1.0947e-05
9.250  21.500  1.7284e-06
9.250  21.750  1.0000e-07
9.250  22.000  1.0000e-07
9.250  22.250  1.0000e-07
9.250  22.500  1.0000e-07
9.250  22.750  1.0000e-07
9.250  23.000  1.0000e-07
9.250  23.250  1.0000e-07
9.250  23.500  1.0000e-07
9.250  23.750  1.0000e-07
9.250  24.000  1.0000e-07
9.500  17.000  3.4035e-03
9.500  17.250  3.4980e-03
9.500  17.500  3.5607e-03
9.500  17.750  3.6130e-03
9.500  18.000  3.6541e-03
9.500  18.250  3.6779e-03
9.500  18.500  3.6799e-03
9.500  18.750  3.6556e-03
9.500  19.000  3.6088e-03
9.500  19.250  3.5616e-03
9.500  19.500  3.5126e-03
9.500  19.750  3.4523e-03
9.500  20.000  3.3012e-03
9.500  20.250  3.1086e-03
9.500  20.500  2.0229e-03
9.500  20.750  5.8675e-04
9.500  21.000  1.2000e-04
9.500  21.250  3.5802e-05
9.500  21.500  1.1193e-05
9.500  21.750  1.7284e-06
9.500  22.000  1.0000e-07
9.500  22.250  1.0000e-07
9.500  22.500  1.0000e-07
9.500  22.750  1.0000e-07
9.500  23.000  1.0000e-07
9.500  23.250  1.0000e-07
9.500  23.500  1.0000e-07
9.500  23.750  1.0000e-07
9.500  24.000  1.0000e-07
9.750  17.000  3.1481e-03
9.750  17.250  3.3355e-03
9.750  17.500  3.4370e-03
9.750  17.750  3.5025e-03
9.750  18.000  3.5499e-03
9.750  18.250  3.5788e-03
9.750  18.500  3.5780e-03
9.750  18.750  3.5421e-03
9.750  19.000  3.4696e-03
9.750  19.250  3.3765e-03
9.750  19.500  3.2825e-03
9.750  19.750  3.1822e-03
9.750  20.000  3.0694e-03
9.750  20.250  2.9159e-03
9.750  20.500  2.7451e-03
9.750  20.750  1.9826e-03
9.750  21.000  5.7967e-04
9.750  21.250  1.1975e-04
9.750  21.500  3.6461e-05
9.750  21.750  1.1440e-05
9.750  22.000  1.8107e-06
9.750  22.250  1.0000e-07
9.750  22.500  1.0000e-07
9.750  22.750  1.0000e-07
9.750  23.000  1.0000e-07
9.750  23.250  1.0000e-07
9.750  23.500  1.0000e-07
9.750  23.750  1.0000e-07
9.750  24.000  1.0000e-07
10.000  17.000  2.7641e-03
10.000  17.250  3.1075e-03
10.000  17.500  3.3048e-03
10.000  17.750  3.4123e-03
10.000  18.000  3.4774e-03
10.000  18.250  3.5159e-03
10.000  18.500  3.5196e-03
10.000  18.750  3.4792e-03
10.000  19.000  3.3924e-03
10.000  19.250  3.2687e-03
10.000  19.500  3.1314e-03
10.000  19.750  2.9883e-03
10.000  20.000  2.8469e-03
10.000  20.250  2.7222e-03
10.000  20.500  2.6419e-03
10.000  20.750  2.5523e-03
10.000  21.000  1.9209e-03
10.000  21.250  5.7514e-04
10.000  21.500  1.2008e-04
10.000  21.750  3.7449e-05
10.000  22.000  1.1934e-05
10.000  22.250  1.8930e-06
10.000  22.500  1.0000e-07
10.000  22.750  1.0000e-07
10.000  23.000  1.0000e-07
10.000  23.250  1.0000e-07
10.000  23.500  1.0000e-07
10.000  23.750  1.0000e-07
10.000  24.000  1.0000e-07
10.250  17.000  2.2366e-03
10.250  17.250  2.7393e-03
10.250  17.500  3.1121e-03
10.250  17.750  3.3170e-03
10.250  18.000  3.4260e-03
10.250  18.250  3.4816e-03
10.250  18.500  3.4938e-03
10.250  18.750  3.4576e-03
10.250  19.000  3.3640e-03
10.250  19.250  3.2194e-03
10.250  19.500  3.0490e-03
10.250  19.750  2.8735e-03
10.250  20.000  2.7049e-03
10.250  20.250  2.5788e-03
10.250  20.500  2.5536e-03
10.250  20.750  2.6105e-03
10.250  21.000  2.5817e-03
10.250  21.250  1.8216e-03
10.250  21.500  5.7325e-04
10.250  21.750  1.2058e-04
10.250  22.000  3.8519e-05
10.250  22.250  1.2510e-05
10.250  22.500  1.9753e-06
10.250  22.750  1.0000e-07
10.250  23.000  1.0000e-07
10.250  23.250  1.0000e-07
10.250  23.500  1.0000e-07
10.250  23.750  1.0000e-07
10.250  24.000  1.0000e-07
10.500  17.000  1.6787e-03
10.500  17.250  2.2524e-03
10.500  17.500  2.7812e-03
10.500  17.750  3.1700e-03
10.500  18.000  3.3756e-03
10.500  18.250  3.4675e-03
10.500  18.500  3.4936e-03
10.500  18.750  3.4642e-03
10.500  19.000  3.3729e-03
10.500  19.250  3.2144e-03
10.500  19.500  3.0207e-03
10.500  19.750  2.8232e-03
10.500  20.000  2.6368e-03
10.500  20.250  2.7674e-03
10.500  20.500  3.1014e-03
10.500  20.750  3.3920e-03
10.500  21.000  3.3921e-03
10.500  21.250  2.8549e-03
10.500  21.500  1.7030e-03
10.500  21.750  5.7004e-04
10.500  22.000  1.2099e-04
10.500  22.250  3.9506e-05
10.500  22.500  1.3086e-05
10.500  22.750  2.0576e-06
10.500  23.000  1.0000e-07
10.500  23.250  1.0000e-07
10.500  23.500  1.0000e-07
10.500  23.750  1.0000e-07
10.500  24.000  1.0000e-07
10.750  17.000  1.1900e-03
10.750  17.250  1.6936e-03
10.750  17.500  2.3216e-03
10.750  17.750  2.8981e-03
10.750  18.000  3.2743e-03
10.750  18.250  3.4547e-03
10.750  18.500  3.5098e-03
10.750  18.750  3.4934e-03
10.750  19.000  3.4078e-03
10.750  19.250  3.2480e-03
10.750  19.500  3.0322e-03
10.750  19.750  2.8142e-03
10.750  20.000  2.6207e-03
10.750  20.250  2.9038e-03
10.750  20.500  3.5400e-03
10.750  20.750  4.2200e-03
10.750  21.000  4.6347e-03
10.750  21.250  4.4751e-03
10.750  21.500  3.4320e-03
10.750  21.750  1.6483e-03
10.750  22.000  5.6502e-04
10.750  22.250  1.2107e-04
10.750  22.500  4.0247e-05
10.750  22.750  1.3580e-05
10.750  23.000  2.2222e-06
10.750  23.250  1.0000e-07
10.750  23.500  1.0000e-07
10.750  23.750  1.0000e-07
10.750  24.000  1.0000e-07
11.000  17.000  8.3819e-04
11.000  17.250  1.1895e-03
11.000  17.500  1.7465e-03
11.000  17.750  2.4637e-03
11.000  18.000  3.0449e-03
11.000  18.250  3.3820e-03
11.000  18.500  3.5295e-03
11.000  18.750  3.5445e-03
11.000  19.000  3.4709e-03
11.000  19.250  3.3110e-03
11.000  19.500  3.0823e-03
11.000  19.750  2.8372e-03
11.000  20.000  2.6333e-03
11.000  20.250  2.9323e-03
11.000  20.500  3.6385e-03
11.000  20.750  4.4779e-03
11.000  21.000  5.1763e-03
11.000  21.250  5.4597e-03
11.000  21.500  5.0540e-03
11.000  21.750  3.6851e-03
11.000  22.000  1.6179e-03
11.000  22.250  5.5794e-04
11.000  22.500  1.2066e-04
11.000  22.750  4.0412e-05
11.000  23.000  1.3827e-05
11.000  23.250  2.3045e-06
11.000  23.500  1.0000e-07
11.000  23.750  1.0000e-07
11.000  24.000  1.0000e-07
11.250  17.000  5.8165e-04
11.250  17.250  8.1169e-04
11.250  17.500  1.2062e-03
11.250  17.750  1.8657e-03
11.250  18.000  2.6237e-03
11.250  18.250  3.1902e-03
11.250  18.500  3.4984e-03
11.250  18.750  3.6034e-03
11.250  19.000  3.5578e-03
11.250  19.250  3.4034e-03
11.250  19.500  3.1639e-03
11.250  19.750  2.8933e-03
11.250  20.000  2.6671e-03
11.250  20.250  2.9214e-03
11.250  20.500  3.5939e-03
11.250  20.750  4.4627e-03
11.250  21.000  5.3063e-03
11.250  21.250  5.9028e-03
11.250  21.500  6.0307e-03
11.250  21.750  5.4682e-03
11.250  22.000  3.9937e-03
11.250  22.250  1.8418e-03
11.250  22.500  5.6107e-04
11.250  22.750  1.1975e-04
11.250  23.000  4.0165e-05
11.250  23.250  1.3827e-05
11.250  23.500  2.3045e-06
11.250  23.750  1.0000e-07
11.250  24.000  1.0000e-07
11.500  17.000  3.9984e-04
11.500  17.250  5.4222e-04
11.500  17.500  7.8914e-04
11.500  17.750  1.2674e-03
11.500  18.000  2.0281e-03
11.500  18.250  2.8309e-03
11.500  18.500  3.3749e-03
11.500  18.750  3.6337e-03
11.500  19.000  3.6658e-03
11.500  19.250  3.5347e-03
11.500  19.500  3.2841e-03
11.500  19.750  2.9887e-03
11.500  20.000  2.7324e-03
11.500  20.250  2.5979e-03
11.500  20.500  2.7046e-03
11.500  20.750  2.8336e-03
11.500  21.000  3.1219e-03
11.500  21.250  3.5095e-03
11.500  21.500  3.8118e-03
11.500  21.750  3.9926e-03
11.500  22.000  3.9792e-03
11.500  22.250  3.4503e-03
11.500  22.500  1.9467e-03
11.500  22.750  6.0403e-04
11.500  23.000  1.1926e-04
11.500  23.250  3.9342e-05
11.500  23.500  1.3580e-05
11.500  23.750  2.2222e-06
11.500  24.000  1.0000e-07
11.750  17.000  2.7259e-04
11.750  17.250  3.6041e-04
11.750  17.500  5.0510e-04
11.750  17.750  8.0025e-04
11.750  18.000  1.3792e-03
11.750  18.250  2.2602e-03
11.750  18.500  3.1138e-03
11.750  18.750  3.6046e-03
11.750  19.000  3.7817e-03
11.750  19.250  3.7105e-03
11.750  19.500  3.4680e-03
11.750  19.750  3.1391e-03
11.750  20.000  2.8404e-03
11.750  20.250  2.6695e-03
11.750  20.500  2.9078e-03
11.750  20.750  3.4982e-03
11.750  21.000  4.2790e-03
11.750  21.250  5.0885e-03
11.750  21.500  5.7651e-03
11.750  21.750  6.1472e-03
11.750  22.000  6.0731e-03
11.750  22.250  5.3812e-03
11.750  22.500  3.9098e-03
11.750  22.750  1.8958e-03
11.750  23.000  6.7292e-04
11.750  23.250  1.1967e-04
11.750  23.500  3.7942e-05
11.750  23.750  1.3086e-05
11.750  24.000  2.1399e-06
12.000  17.000  1.8831e-04
12.000  17.250  2.3984e-04
12.000  17.500  3.2576e-04
12.000  17.750  4.9564e-04
12.000  18.000  8.6403e-04
12.000  18.250  1.5934e-03
12.000  18.500  2.6170e-03
12.000  18.750  3.4829e-03
12.000  19.000  3.8925e-03
12.000  19.250  3.9493e-03
12.000  19.500  3.7348e-03
12.000  19.750  3.3686e-03
12.000  20.000  3.0228e-03
12.000  20.250  2.7940e-03
12.000  20.500  2.8463e-03
12.000  20.750  2.9123e-03
12.000  21.000  3.3174e-03
12.000  21.250  3.6281e-03
12.000  21.500  3.4352e-03
12.000  21.750  3.2482e-03
12.000  22.000  3.1030e-03
12.000  22.250  3.0137e-03
12.000  22.500  2.5796e-03
12.000  22.750  2.4612e-03
12.000  23.000  1.5519e-03
12.000  23.250  7.2313e-04
12.000  23.500  1.2263e-04
12.000  23.750  3.6214e-05
12.000  24.000  1.2263e-05
12.250  17.000  1.2107e-04
12.250  17.250  1.6461e-04
12.250  17.500  2.1366e-04
12.250  17.750  3.1292e-04
12.250  18.000  5.3012e-04
12.250  18.250  1.0309e-03
12.250  18.500  1.9950e-03
12.250  18.750  3.1406e-03
12.250  19.000  3.9146e-03
12.250  19.250  4.2165e-03
12.250  19.500  4.1281e-03
12.250  19.750  3.7470e-03
12.250  20.000  3.2895e-03
12.250  20.250  3.0437e-03
12.250  20.500  3.0193e-03
12.250  20.750  3.1481e-03
12.250  21.000  3.3622e-03
12.250  21.250  3.5936e-03
12.250  21.500  3.7743e-03
12.250  21.750  3.8364e-03
12.250  22.000  3.7117e-03
12.250  22.250  3.3323e-03
12.250  22.500  2.6303e-03
12.250  22.750  1.9636e-03
12.250  23.000  2.1972e-03
12.250  23.250  1.2544e-03
12.250  23.500  6.4403e-04
12.250  23.750  1.3095e-04
12.250  24.000  3.4156e-05
12.500  17.000  7.7778e-05
12.500  17.250  1.0872e-04
12.500  17.500  1.4683e-04
12.500  17.750  2.0469e-04
12.500  18.000  3.3152e-04
12.500  18.250  6.3909e-04
12.500  18.500  1.3680e-03
12.500  18.750  2.5989e-03
12.500  19.000  3.7950e-03
12.500  19.250  4.4597e-03
12.500  19.500  4.5524e-03
12.500  19.750  4.2907e-03
12.500  20.000  3.8009e-03
12.500  20.250  3.3192e-03
12.500  20.500  3.2171e-03
12.500  20.750  3.4258e-03
12.500  21.000  3.6216e-03
12.500  21.250  3.5622e-03
12.500  21.500  3.2667e-03
12.500  21.750  2.8118e-03
12.500  22.000  2.4002e-03
12.500  22.250  2.1735e-03
12.500  22.500  2.1453e-03
12.500  22.750  1.6399e-03
12.500  23.000  1.3642e-03
12.500  23.250  1.3520e-03
12.500  23.500  9.2403e-04
12.500  23.750  5.4230e-04
12.500  24.000  1.3761e-04
12.750  17.000  5.2099e-05
12.750  17.250  7.0453e-05
12.750  17.500  9.8601e-05
12.750  17.750  1.4082e-04
12.750  18.000  2.1547e-04
12.750  18.250  3.9531e-04
12.750  18.500  8.5523e-04
12.750  18.750  1.8603e-03
12.750  19.000  3.2202e-03
12.750  19.250  4.5014e-03
12.750  19.500  5.0002e-03
12.750  19.750  4.8909e-03
12.750  20.000  4.4948e-03
12.750  20.250  4.0005e-03
12.750  20.500  3.5557e-03
12.750  20.750  3.1831e-03
12.750  21.000  2.8726e-03
12.750  21.250  2.6143e-03
12.750  21.500  2.3981e-03
12.750  21.750  2.2142e-03
12.750  22.000  2.0525e-03
12.750  22.250  1.9031e-03
12.750  22.500  1.7559e-03
12.750  22.750  1.6010e-03
12.750  23.000  1.4284e-03
12.750  23.250  1.2282e-03
12.750  23.500  9.9029e-04
12.750  23.750  7.1276e-04
12.750  24.000  4.2091e-04
13.000  17.000  3.6708e-05
13.000  17.250  4.6420e-05
13.000  17.500  6.3457e-05
13.000  17.750  9.3580e-05
13.000  18.000  1.4436e-04
13.000  18.250  2.4831e-04
13.000  18.500  5.1827e-04
13.000  18.750  1.1563e-03
13.000  19.000  2.3323e-03
13.000  19.250  3.8731e-03
13.000  19.500  4.8498e-03
13.000  19.750  5.3756e-03
13.000  20.000  5.1897e-03
13.000  20.250  4.8741e-03
13.000  20.500  4.5664e-03
13.000  20.750  4.3719e-03
13.000  21.000  4.2700e-03
13.000  21.250  4.1106e-03
13.000  21.500  3.5766e-03
13.000  21.750  2.9997e-03
13.000  22.000  2.3891e-03
13.000  22.250  1.9209e-03
13.000  22.500  1.6535e-03
13.000  22.750  1.5920e-03
13.000  23.000  1.6444e-03
13.000  23.250  1.4584e-03
13.000  23.500  1.0955e-03
13.000  23.750  7.4510e-04
13.000  24.000  5.3136e-04
13.250  17.000  2.5597e-05
13.250  17.250  3.2922e-05
13.250  17.500  4.3292e-05
13.250  17.750  6.1070e-05
13.250  18.000  9.5556e-05
13.250  18.250  1.6272e-04
13.250  18.500  3.0593e-04
13.250  18.750  6.5235e-04
13.250  19.000  1.3540e-03
13.250  19.250  2.4509e-03
13.250  19.500  3.6944e-03
13.250  19.750  5.1154e-03
13.250  20.000  5.4043e-03
13.250  20.250  5.3658e-03
13.250  20.500  5.2508e-03
13.250  20.750  5.2232e-03
13.250  21.000  5.0923e-03
13.250  21.250  4.8734e-03
13.250  21.500  4.0713e-03
13.250  21.750  3.2997e-03
13.250  22.000  2.7196e-03
13.250  22.250  2.0858e-03
13.250  22.500  1.6645e-03
13.250  22.750  1.5153e-03
13.250  23.000  1.6995e-03
13.250  23.250  1.6516e-03
13.250  23.500  1.3420e-03
13.250  23.750  9.3152e-04
13.250  24.000  5.4420e-04
13.500  17.000  1.7860e-05
13.500  17.250  2.3374e-05
13.500  17.500  3.0947e-05
13.500  17.750  4.3292e-05
13.500  18.000  6.5185e-05
13.500  18.250  1.0815e-04
13.500  18.500  1.8897e-04
13.500  18.750  3.4988e-04
13.500  19.000  6.7860e-04
13.500  19.250  1.2284e-03
13.500  19.500  2.0784e-03
13.500  19.750  2.9802e-03
13.500  20.000  3.7000e-03
13.500  20.250  4.3035e-03
13.500  20.500  4.7765e-03
13.500  20.750  5.0979e-03
13.500  21.000  5.0683e-03
13.500  21.250  5.0962e-03
13.500  21.500  4.2339e-03
13.500  21.750  3.6093e-03
13.500  22.000  2.8133e-03
13.500  22.250  2.2751e-03
13.500  22.500  1.7160e-03
13.500  22.750  1.4698e-03
13.500  23.000  1.5532e-03
13.500  23.250  1.5547e-03
13.500  23.500  9.1021e-04
13.500  23.750  5.4988e-04
13.500  24.000  5.6897e-04
13.750  17.000  1.2510e-05
13.750  17.250  1.6708e-05
13.750  17.500  2.2222e-05
13.750  17.750  3.1029e-05
13.750  18.000  4.5514e-05
13.750  18.250  7.1111e-05
13.750  18.500  1.1737e-04
13.750  18.750  1.9325e-04
13.750  19.000  3.2123e-04
13.750  19.250  5.2494e-04
13.750  19.500  8.3136e-04
13.750  19.750  1.2572e-03
13.750  20.000  1.8020e-03
13.750  20.250  2.2435e-03
13.750  20.500  2.7398e-03
13.750  20.750  3.2216e-03
13.750  21.000  3.4268e-03
13.750  21.250  3.3686e-03
13.750  21.500  3.5664e-03
13.750  21.750  3.4007e-03
13.750  22.000  2.9462e-03
13.750  22.250  2.5058e-03
13.750  22.500  1.9861e-03
13.750  22.750  1.5255e-03
13.750  23.000  1.3222e-03
13.750  23.250  1.2742e-03
13.750  23.500  1.2118e-03
13.750  23.750  1.0072e-03
13.750  24.000  6.0601e-04
14.000  17.000  8.7243e-06
14.000  17.250  1.1852e-05
14.000  17.500  1.5885e-05
14.000  17.750  2.2140e-05
14.000  18.000  3.1852e-05
14.000  18.250  4.6996e-05
14.000  18.500  7.0700e-05
14.000  18.750  1.0609e-04
14.000  19.000  1.5654e-04
14.000  19.250  2.2156e-04
14.000  19.500  3.1243e-04
14.000  19.750  4.3440e-04
14.000  20.000  5.9704e-04
14.000  20.250  7.9424e-04
14.000  20.500  1.0077e-03
14.000  20.750  1.1590e-03
14.000  21.000  1.4289e-03
14.000  21.250  1.6997e-03
14.000  21.500  1.7126e-03
14.000  21.750  2.0291e-03
14.000  22.000  2.2759e-03
14.000  22.250  2.4738e-03
14.000  22.500  2.3547e-03
14.000  22.750  1.9765e-03
14.000  23.000  1.5236e-03
14.000  23.250  1.5325e-03
14.000  23.500  1.7301e-03
14.000  23.750  1.6011e-03
14.000  24.000  8.5638e-04
