nFnu 1000.00A  relative to Inci 1215.00A scaled to 1215A.
Hden   Phi(H)  Eq_Width (A)
7.000  17.000  8.4466e-02
7.000  17.250  1.3085e-01
7.000  17.500  1.6705e-01
7.000  17.750  1.7134e-01
7.000  18.000  1.6733e-01
7.000  18.250  1.5715e-01
7.000  18.500  1.4623e-01
7.000  18.750  1.3956e-01
7.000  19.000  1.3623e-01
7.000  19.250  1.3426e-01
7.000  19.500  1.3342e-01
7.000  19.750  1.3307e-01
7.000  20.000  1.3291e-01
7.000  20.250  1.3284e-01
7.000  20.500  1.3280e-01
7.000  20.750  1.3278e-01
7.000  21.000  1.3277e-01
7.000  21.250  1.3277e-01
7.000  21.500  1.3277e-01
7.000  21.750  1.3276e-01
7.000  22.000  1.3276e-01
7.000  22.250  1.3276e-01
7.000  22.500  1.3276e-01
7.000  22.750  1.3277e-01
7.000  23.000  1.3277e-01
7.000  23.250  1.3277e-01
7.000  23.500  1.3277e-01
7.000  23.750  1.3277e-01
7.000  24.000  1.3277e-01
7.250  17.000  5.2076e-02
7.250  17.250  8.1292e-02
7.250  17.500  1.2858e-01
7.250  17.750  1.6499e-01
7.250  18.000  1.7063e-01
7.250  18.250  1.6696e-01
7.250  18.500  1.5699e-01
7.250  18.750  1.4617e-01
7.250  19.000  1.3953e-01
7.250  19.250  1.3622e-01
7.250  19.500  1.3426e-01
7.250  19.750  1.3342e-01
7.250  20.000  1.3307e-01
7.250  20.250  1.3291e-01
7.250  20.500  1.3284e-01
7.250  20.750  1.3280e-01
7.250  21.000  1.3279e-01
7.250  21.250  1.3277e-01
7.250  21.500  1.3277e-01
7.250  21.750  1.3277e-01
7.250  22.000  1.3276e-01
7.250  22.250  1.3276e-01
7.250  22.500  1.3276e-01
7.250  22.750  1.3276e-01
7.250  23.000  1.3276e-01
7.250  23.250  1.3278e-01
7.250  23.500  1.3276e-01
7.250  23.750  1.3276e-01
7.250  24.000  1.3276e-01
7.500  17.000  3.4398e-02
7.500  17.250  4.9314e-02
7.500  17.500  7.8375e-02
7.500  17.750  1.2665e-01
7.500  18.000  1.6346e-01
7.500  18.250  1.7022e-01
7.500  18.500  1.6677e-01
7.500  18.750  1.5690e-01
7.500  19.000  1.4613e-01
7.500  19.250  1.3952e-01
7.500  19.500  1.3621e-01
7.500  19.750  1.3426e-01
7.500  20.000  1.3342e-01
7.500  20.250  1.3307e-01
7.500  20.500  1.3291e-01
7.500  20.750  1.3284e-01
7.500  21.000  1.3280e-01
7.500  21.250  1.3278e-01
7.500  21.500  1.3277e-01
7.500  21.750  1.3277e-01
7.500  22.000  1.3277e-01
7.500  22.250  1.3276e-01
7.500  22.500  1.3276e-01
7.500  22.750  1.3276e-01
7.500  23.000  1.3276e-01
7.500  23.250  1.3276e-01
7.500  23.500  1.3276e-01
7.500  23.750  1.3276e-01
7.500  24.000  1.3276e-01
7.750  17.000  2.4064e-02
7.750  17.250  3.1972e-02
7.750  17.500  4.7084e-02
7.750  17.750  7.6188e-02
7.750  18.000  1.2510e-01
7.750  18.250  1.6226e-01
7.750  18.500  1.7004e-01
7.750  18.750  1.6670e-01
7.750  19.000  1.5687e-01
7.750  19.250  1.4611e-01
7.750  19.500  1.3951e-01
7.750  19.750  1.3621e-01
7.750  20.000  1.3426e-01
7.750  20.250  1.3342e-01
7.750  20.500  1.3307e-01
7.750  20.750  1.3291e-01
7.750  21.000  1.3284e-01
7.750  21.250  1.3280e-01
7.750  21.500  1.3278e-01
7.750  21.750  1.3277e-01
7.750  22.000  1.3277e-01
7.750  22.250  1.3277e-01
7.750  22.500  1.3276e-01
7.750  22.750  1.3276e-01
7.750  23.000  1.3276e-01
7.750  23.250  1.3276e-01
7.750  23.500  1.3276e-01
7.750  23.750  1.3276e-01
7.750  24.000  1.3276e-01
8.000  17.000  1.7300e-02
8.000  17.250  2.1587e-02
8.000  17.500  2.9754e-02
8.000  17.750  4.5008e-02
8.000  18.000  7.4308e-02
8.000  18.250  1.2384e-01
8.000  18.500  1.6147e-01
8.000  18.750  1.6999e-01
8.000  19.000  1.6670e-01
8.000  19.250  1.5687e-01
8.000  19.500  1.4609e-01
8.000  19.750  1.3950e-01
8.000  20.000  1.3621e-01
8.000  20.250  1.3426e-01
8.000  20.500  1.3342e-01
8.000  20.750  1.3307e-01
8.000  21.000  1.3291e-01
8.000  21.250  1.3284e-01
8.000  21.500  1.3280e-01
8.000  21.750  1.3278e-01
8.000  22.000  1.3277e-01
8.000  22.250  1.3277e-01
8.000  22.500  1.3277e-01
8.000  22.750  1.3276e-01
8.000  23.000  1.3276e-01
8.000  23.250  1.3276e-01
8.000  23.500  1.3276e-01
8.000  23.750  1.3276e-01
8.000  24.000  1.3276e-01
8.250  17.000  1.3071e-02
8.250  17.250  1.5400e-02
8.250  17.500  1.9947e-02
8.250  17.750  2.8446e-02
8.250  18.000  4.4169e-02
8.250  18.250  7.4731e-02
8.250  18.500  1.2469e-01
8.250  18.750  1.6107e-01
8.250  19.000  1.7009e-01
8.250  19.250  1.6676e-01
8.250  19.500  1.5689e-01
8.250  19.750  1.4608e-01
8.250  20.000  1.3950e-01
8.250  20.250  1.3621e-01
8.250  20.500  1.3426e-01
8.250  20.750  1.3342e-01
8.250  21.000  1.3307e-01
8.250  21.250  1.3291e-01
8.250  21.500  1.3284e-01
8.250  21.750  1.3280e-01
8.250  22.000  1.3278e-01
8.250  22.250  1.3277e-01
8.250  22.500  1.3277e-01
8.250  22.750  1.3277e-01
8.250  23.000  1.3276e-01
8.250  23.250  1.3276e-01
8.250  23.500  1.3276e-01
8.250  23.750  1.3276e-01
8.250  24.000  1.3276e-01
8.500  17.000  1.0316e-02
8.500  17.250  1.1579e-02
8.500  17.500  1.4119e-02
8.500  17.750  1.8865e-02
8.500  18.000  2.7749e-02
8.500  18.250  4.4439e-02
8.500  18.500  7.7581e-02
8.500  18.750  1.2777e-01
8.500  19.000  1.6092e-01
8.500  19.250  1.7026e-01
8.500  19.500  1.6685e-01
8.500  19.750  1.5693e-01
8.500  20.000  1.4607e-01
8.500  20.250  1.3950e-01
8.500  20.500  1.3620e-01
8.500  20.750  1.3426e-01
8.500  21.000  1.3342e-01
8.500  21.250  1.3307e-01
8.500  21.500  1.3291e-01
8.500  21.750  1.3284e-01
8.500  22.000  1.3280e-01
8.500  22.250  1.3278e-01
8.500  22.500  1.3277e-01
8.500  22.750  1.3277e-01
8.500  23.000  1.3277e-01
8.500  23.250  1.3276e-01
8.500  23.500  1.3276e-01
8.500  23.750  1.3276e-01
8.500  24.000  1.3276e-01
8.750  17.000  8.5281e-03
8.750  17.250  9.2095e-03
8.750  17.500  1.0635e-02
8.750  17.750  1.3325e-02
8.750  18.000  1.8377e-02
8.750  18.250  2.7943e-02
8.750  18.500  4.6564e-02
8.750  18.750  8.4090e-02
8.750  19.000  1.3386e-01
8.750  19.250  1.6090e-01
8.750  19.500  1.7048e-01
8.750  19.750  1.6698e-01
8.750  20.000  1.5697e-01
8.750  20.250  1.4607e-01
8.750  20.500  1.3950e-01
8.750  20.750  1.3620e-01
8.750  21.000  1.3426e-01
8.750  21.250  1.3342e-01
8.750  21.500  1.3307e-01
8.750  21.750  1.3291e-01
8.750  22.000  1.3284e-01
8.750  22.250  1.3280e-01
8.750  22.500  1.3278e-01
8.750  22.750  1.3277e-01
8.750  23.000  1.3277e-01
8.750  23.250  1.3277e-01
8.750  23.500  1.3276e-01
8.750  23.750  1.3276e-01
8.750  24.000  1.3276e-01
9.000  17.000  7.3412e-03
9.000  17.250  7.7214e-03
9.000  17.500  8.5401e-03
9.000  17.750  1.0102e-02
9.000  18.000  1.3028e-02
9.000  18.250  1.8586e-02
9.000  18.500  2.9482e-02
9.000  18.750  5.1237e-02
9.000  19.000  9.3715e-02
9.000  19.250  1.4161e-01
9.000  19.500  1.6094e-01
9.000  19.750  1.7072e-01
9.000  20.000  1.6711e-01
9.000  20.250  1.5702e-01
9.000  20.500  1.4606e-01
9.000  20.750  1.3950e-01
9.000  21.000  1.3620e-01
9.000  21.250  1.3426e-01
9.000  21.500  1.3342e-01
9.000  21.750  1.3307e-01
9.000  22.000  1.3291e-01
9.000  22.250  1.3284e-01
9.000  22.500  1.3280e-01
9.000  22.750  1.3278e-01
9.000  23.000  1.3277e-01
9.000  23.250  1.3277e-01
9.000  23.500  1.3277e-01
9.000  23.750  1.3276e-01
9.000  24.000  1.3276e-01
9.250  17.000  6.5289e-03
9.250  17.250  6.7477e-03
9.250  17.500  7.2638e-03
9.250  17.750  8.2334e-03
9.250  18.000  1.0097e-02
9.250  18.250  1.3410e-02
9.250  18.500  1.9798e-02
9.250  18.750  3.2494e-02
9.250  19.000  5.8779e-02
9.250  19.250  1.0574e-01
9.250  19.500  1.4733e-01
9.250  19.750  1.6101e-01
9.250  20.000  1.7092e-01
9.250  20.250  1.6724e-01
9.250  20.500  1.5708e-01
9.250  20.750  1.4606e-01
9.250  21.000  1.3950e-01
9.250  21.250  1.3620e-01
9.250  21.500  1.3425e-01
9.250  21.750  1.3334e-01
9.250  22.000  1.3295e-01
9.250  22.250  1.3283e-01
9.250  22.500  1.3284e-01
9.250  22.750  1.3280e-01
9.250  23.000  1.3278e-01
9.250  23.250  1.3277e-01
9.250  23.500  1.3277e-01
9.250  23.750  1.3277e-01
9.250  24.000  1.3276e-01
9.500  17.000  5.9695e-03
9.500  17.250  6.0745e-03
9.500  17.500  6.4497e-03
9.500  17.750  7.1640e-03
9.500  18.000  8.4148e-03
9.500  18.250  1.0548e-02
9.500  18.500  1.4454e-02
9.500  18.750  2.2020e-02
9.500  19.000  3.7176e-02
9.500  19.250  6.9150e-02
9.500  19.500  1.1855e-01
9.500  19.750  1.5055e-01
9.500  20.000  1.6109e-01
9.500  20.250  1.7109e-01
9.500  20.500  1.6735e-01
9.500  20.750  1.5712e-01
9.500  21.000  1.4605e-01
9.500  21.250  1.3945e-01
9.500  21.500  1.3609e-01
9.500  21.750  1.3413e-01
9.500  22.000  1.3326e-01
9.500  22.250  1.3287e-01
9.500  22.500  1.3269e-01
9.500  22.750  1.3263e-01
9.500  23.000  1.3259e-01
9.500  23.250  1.3258e-01
9.500  23.500  1.3265e-01
9.500  23.750  1.3264e-01
9.500  24.000  1.3264e-01
9.750  17.000  5.6430e-03
9.750  17.250  5.5880e-03
9.750  17.500  5.8621e-03
9.750  17.750  6.4625e-03
9.750  18.000  7.4461e-03
9.750  18.250  8.9776e-03
9.750  18.500  1.1551e-02
9.750  18.750  1.6260e-02
9.750  19.000  2.5493e-02
9.750  19.250  4.4084e-02
9.750  19.500  8.2859e-02
9.750  19.750  1.3040e-01
9.750  20.000  1.5088e-01
9.750  20.250  1.6122e-01
9.750  20.500  1.7122e-01
9.750  20.750  1.6744e-01
9.750  21.000  1.5717e-01
9.750  21.250  1.4605e-01
9.750  21.500  1.3948e-01
9.750  21.750  1.3614e-01
9.750  22.000  1.3414e-01
9.750  22.250  1.3328e-01
9.750  22.500  1.3290e-01
9.750  22.750  1.3272e-01
9.750  23.000  1.3263e-01
9.750  23.250  1.3259e-01
9.750  23.500  1.3257e-01
9.750  23.750  1.3257e-01
9.750  24.000  1.3256e-01
10.000  17.000  5.5694e-03
10.000  17.250  5.2871e-03
10.000  17.500  5.4015e-03
10.000  17.750  5.9210e-03
10.000  18.000  6.8400e-03
10.000  18.250  8.0929e-03
10.000  18.500  9.9457e-03
10.000  18.750  1.3137e-02
10.000  19.000  1.9122e-02
10.000  19.250  3.1255e-02
10.000  19.500  5.8741e-02
10.000  19.750  1.0533e-01
10.000  20.000  1.3746e-01
10.000  20.250  1.5087e-01
10.000  20.500  1.6159e-01
10.000  20.750  1.7143e-01
10.000  21.000  1.6751e-01
10.000  21.250  1.5720e-01
10.000  21.500  1.4604e-01
10.000  21.750  1.3949e-01
10.000  22.000  1.3618e-01
10.000  22.250  1.3414e-01
10.000  22.500  1.3329e-01
10.000  22.750  1.3292e-01
10.000  23.000  1.3275e-01
10.000  23.250  1.3266e-01
10.000  23.500  1.3261e-01
10.000  23.750  1.3259e-01
10.000  24.000  1.3258e-01
10.250  17.000  5.7709e-03
10.250  17.250  5.2228e-03
10.250  17.500  5.1303e-03
10.250  17.750  5.5326e-03
10.250  18.000  6.3917e-03
10.250  18.250  7.5184e-03
10.250  18.500  9.0282e-03
10.250  18.750  1.1430e-02
10.250  19.000  1.5722e-02
10.250  19.250  2.3663e-02
10.250  19.500  3.9497e-02
10.250  19.750  7.2132e-02
10.250  20.000  1.1565e-01
10.250  20.250  1.4156e-01
10.250  20.500  1.5161e-01
10.250  20.750  1.6197e-01
10.250  21.000  1.7183e-01
10.250  21.250  1.6757e-01
10.250  21.500  1.5723e-01
10.250  21.750  1.4604e-01
10.250  22.000  1.3949e-01
10.250  22.250  1.3620e-01
10.250  22.500  1.3416e-01
10.250  22.750  1.3330e-01
10.250  23.000  1.3294e-01
10.250  23.250  1.3277e-01
10.250  23.500  1.3269e-01
10.250  23.750  1.3264e-01
10.250  24.000  1.3262e-01
10.500  17.000  6.1801e-03
10.500  17.250  5.4347e-03
10.500  17.500  5.1127e-03
10.500  17.750  5.3490e-03
10.500  18.000  6.0493e-03
10.500  18.250  7.0722e-03
10.500  18.500  8.3756e-03
10.500  18.750  1.0184e-02
10.500  19.000  1.2934e-02
10.500  19.250  1.7683e-02
10.500  19.500  2.6658e-02
10.500  19.750  4.5121e-02
10.500  20.000  7.2432e-02
10.500  20.250  1.0337e-01
10.500  20.500  1.3196e-01
10.500  20.750  1.5224e-01
10.500  21.000  1.6295e-01
10.500  21.250  1.7269e-01
10.500  21.500  1.6764e-01
10.500  21.750  1.5725e-01
10.500  22.000  1.4603e-01
10.500  22.250  1.3949e-01
10.500  22.500  1.3620e-01
10.500  22.750  1.3422e-01
10.500  23.000  1.3330e-01
10.500  23.250  1.3294e-01
10.500  23.500  1.3278e-01
10.500  23.750  1.3270e-01
10.500  24.000  1.3266e-01
10.750  17.000  6.1927e-03
10.750  17.250  5.8375e-03
10.750  17.500  5.3825e-03
10.750  17.750  5.4421e-03
10.750  18.000  5.8994e-03
10.750  18.250  6.6605e-03
10.750  18.500  4.4518e-03
10.750  18.750  5.3704e-04
10.750  19.000  -2.3711e-03
10.750  19.250  -1.5599e-03
10.750  19.500  5.6836e-03
10.750  19.750  2.2072e-02
10.750  20.000  5.0318e-02
10.750  20.250  8.8852e-02
10.750  20.500  1.2224e-01
10.750  20.750  1.4379e-01
10.750  21.000  1.5394e-01
10.750  21.250  1.6485e-01
10.750  21.500  1.7404e-01
10.750  21.750  1.6774e-01
10.750  22.000  1.5725e-01
10.750  22.250  1.4603e-01
10.750  22.500  1.3949e-01
10.750  22.750  1.3620e-01
10.750  23.000  1.3424e-01
10.750  23.250  1.3332e-01
10.750  23.500  1.3295e-01
10.750  23.750  1.3279e-01
10.750  24.000  1.3271e-01
11.000  17.000  6.7618e-03
11.000  17.250  5.9034e-03
11.000  17.500  5.8021e-03
11.000  17.750  5.7958e-03
11.000  18.000  6.0081e-03
11.000  18.250  6.4086e-03
11.000  18.500  7.1071e-03
11.000  18.750  8.0944e-03
11.000  19.000  9.4760e-03
11.000  19.250  1.1476e-02
11.000  19.500  1.4838e-02
11.000  19.750  2.0822e-02
11.000  20.000  3.2130e-02
11.000  20.250  5.4890e-02
11.000  20.500  9.5484e-02
11.000  20.750  1.3326e-01
11.000  21.000  1.4553e-01
11.000  21.250  1.5670e-01
11.000  21.500  1.6812e-01
11.000  21.750  1.7600e-01
11.000  22.000  1.6792e-01
11.000  22.250  1.5725e-01
11.000  22.500  1.4602e-01
11.000  22.750  1.3949e-01
11.000  23.000  1.3621e-01
11.000  23.250  1.3425e-01
11.000  23.500  1.3338e-01
11.000  23.750  1.3296e-01
11.000  24.000  1.3279e-01
11.250  17.000  7.3618e-03
11.250  17.250  6.4925e-03
11.250  17.500  6.0004e-03
11.250  17.750  5.9459e-03
11.250  18.000  6.1645e-03
11.250  18.250  6.2287e-03
11.250  18.500  6.6073e-03
11.250  18.750  3.8907e-03
11.250  19.000  -9.8347e-04
11.250  19.250  -5.6159e-03
11.250  19.500  -7.6073e-03
11.250  19.750  -4.5583e-03
11.250  20.000  5.9304e-03
11.250  20.250  2.6258e-02
11.250  20.500  5.8824e-02
11.250  20.750  1.0151e-01
11.250  21.000  1.3526e-01
11.250  21.250  1.4922e-01
11.250  21.500  1.6087e-01
11.250  21.750  1.7312e-01
11.250  22.000  1.7867e-01
11.250  22.250  1.6821e-01
11.250  22.500  1.5725e-01
11.250  22.750  1.4602e-01
11.250  23.000  1.3949e-01
11.250  23.250  1.3621e-01
11.250  23.500  1.3426e-01
11.250  23.750  1.3341e-01
11.250  24.000  1.3300e-01
11.500  17.000  7.8937e-03
11.500  17.250  7.0951e-03
11.500  17.500  6.6144e-03
11.500  17.750  6.5218e-03
11.500  18.000  6.4570e-03
11.500  18.250  6.3202e-03
11.500  18.500  2.6625e-03
11.500  18.750  -3.9563e-03
11.500  19.000  -1.1654e-02
11.500  19.250  -1.8551e-02
11.500  19.500  -2.2763e-02
11.500  19.750  -2.2411e-02
11.500  20.000  -1.5612e-02
11.500  20.250  -4.8546e-04
11.500  20.500  2.4851e-02
11.500  20.750  6.2278e-02
11.500  21.000  1.0770e-01
11.500  21.250  1.3867e-01
11.500  21.500  1.5335e-01
11.500  21.750  1.6756e-01
11.500  22.000  1.7962e-01
11.500  22.250  1.8052e-01
11.500  22.500  1.6857e-01
11.500  22.750  1.5723e-01
11.500  23.000  1.4601e-01
11.500  23.250  1.3949e-01
11.500  23.500  1.3621e-01
11.500  23.750  1.3426e-01
11.500  24.000  1.3342e-01
11.750  17.000  8.1965e-03
11.750  17.250  7.5970e-03
11.750  17.500  7.1969e-03
11.750  17.750  7.0932e-03
11.750  18.000  6.9631e-03
11.750  18.250  6.3859e-03
11.750  18.500  5.6305e-03
11.750  18.750  5.1500e-03
11.750  19.000  5.3976e-03
11.750  19.250  6.8265e-03
11.750  19.500  9.8897e-03
11.750  19.750  1.5041e-02
11.750  20.000  2.2732e-02
11.750  20.250  3.3417e-02
11.750  20.500  4.7550e-02
11.750  20.750  6.5582e-02
11.750  21.000  8.7968e-02
11.750  21.250  1.1516e-01
11.750  21.500  1.4343e-01
11.750  21.750  1.6041e-01
11.750  22.000  1.7628e-01
11.750  22.250  1.8651e-01
11.750  22.500  1.8258e-01
11.750  22.750  1.6911e-01
11.750  23.000  1.5722e-01
11.750  23.250  1.4601e-01
11.750  23.500  1.3949e-01
11.750  23.750  1.3621e-01
11.750  24.000  1.3426e-01
12.000  17.000  8.0954e-03
12.000  17.250  7.8173e-03
12.000  17.500  7.6052e-03
12.000  17.750  7.5614e-03
12.000  18.000  7.4519e-03
12.000  18.250  7.1602e-03
12.000  18.500  8.1688e-03
12.000  18.750  1.0832e-02
12.000  19.000  1.5091e-02
12.000  19.250  2.0887e-02
12.000  19.500  2.8161e-02
12.000  19.750  3.6854e-02
12.000  20.000  4.6908e-02
12.000  20.250  5.8264e-02
12.000  20.500  7.0862e-02
12.000  20.750  8.4645e-02
12.000  21.000  9.9553e-02
12.000  21.250  1.1553e-01
12.000  21.500  1.3251e-01
12.000  21.750  1.5044e-01
12.000  22.000  1.6938e-01
12.000  22.250  1.8717e-01
12.000  22.500  1.9317e-01
12.000  22.750  1.8473e-01
12.000  23.000  1.6977e-01
12.000  23.250  1.5719e-01
12.000  23.500  1.4600e-01
12.000  23.750  1.3948e-01
12.000  24.000  1.3621e-01
12.250  17.000  7.5299e-03
12.250  17.250  7.6064e-03
12.250  17.500  7.6732e-03
12.250  17.750  7.8106e-03
12.250  18.000  7.7765e-03
12.250  18.250  7.4955e-03
12.250  18.500  7.1050e-03
12.250  18.750  6.7098e-03
12.250  19.000  6.3937e-03
12.250  19.250  5.7562e-04
12.250  19.500  -1.0009e-02
12.250  19.750  -2.2526e-02
12.250  20.000  -3.4140e-02
12.250  20.250  -4.2017e-02
12.250  20.500  -4.3322e-02
12.250  20.750  -3.5222e-02
12.250  21.000  -1.4880e-02
12.250  21.250  2.0537e-02
12.250  21.500  7.3864e-02
12.250  21.750  1.3399e-01
12.250  22.000  1.5923e-01
12.250  22.250  1.8067e-01
12.250  22.500  1.9812e-01
12.250  22.750  1.9992e-01
12.250  23.000  1.8723e-01
12.250  23.250  1.7051e-01
12.250  23.500  1.5719e-01
12.250  23.750  1.4599e-01
12.250  24.000  1.3948e-01
12.500  17.000  6.7763e-03
12.500  17.250  7.0901e-03
12.500  17.500  7.4137e-03
12.500  17.750  7.6798e-03
12.500  18.000  7.7496e-03
12.500  18.250  7.6119e-03
12.500  18.500  7.3363e-03
12.500  18.750  6.9859e-03
12.500  19.000  6.6145e-03
12.500  19.250  6.3113e-03
12.500  19.500  8.3438e-03
12.500  19.750  1.3151e-02
12.500  20.000  2.0526e-02
12.500  20.250  3.0263e-02
12.500  20.500  4.2155e-02
12.500  20.750  5.5995e-02
12.500  21.000  7.1577e-02
12.500  21.250  8.8694e-02
12.500  21.500  1.0714e-01
12.500  21.750  1.2671e-01
12.500  22.000  1.4719e-01
12.500  22.250  1.7046e-01
12.500  22.500  1.9819e-01
12.500  22.750  2.0926e-01
12.500  23.000  2.0638e-01
12.500  23.250  1.8929e-01
12.500  23.500  1.7119e-01
12.500  23.750  1.5720e-01
12.500  24.000  1.4597e-01
12.750  17.000  6.0373e-03
12.750  17.250  6.4662e-03
12.750  17.500  6.8437e-03
12.750  17.750  7.1657e-03
12.750  18.000  7.4058e-03
12.750  18.250  7.4954e-03
12.750  18.500  7.4018e-03
12.750  18.750  7.1710e-03
12.750  19.000  6.8494e-03
12.750  19.250  6.4998e-03
12.750  19.500  6.2133e-03
12.750  19.750  8.5415e-03
12.750  20.000  1.3962e-02
12.750  20.250  2.2220e-02
12.750  20.500  3.3062e-02
12.750  20.750  4.6233e-02
12.750  21.000  6.1478e-02
12.750  21.250  7.8544e-02
12.750  21.500  9.7175e-02
12.750  21.750  1.1712e-01
12.750  22.000  1.3812e-01
12.750  22.250  1.5992e-01
12.750  22.500  1.8411e-01
12.750  22.750  2.1133e-01
12.750  23.000  2.1995e-01
12.750  23.250  2.1273e-01
12.750  23.500  1.9175e-01
12.750  23.750  1.7186e-01
12.750  24.000  1.5723e-01
13.000  17.000  9.5690e-03
13.000  17.250  6.4686e-03
13.000  17.500  4.4042e-03
13.000  17.750  3.3967e-03
13.000  18.000  3.2129e-03
13.000  18.250  3.6199e-03
13.000  18.500  4.3845e-03
13.000  18.750  5.2738e-03
13.000  19.000  6.0547e-03
13.000  19.250  6.4942e-03
13.000  19.500  6.3591e-03
13.000  19.750  6.0979e-03
13.000  20.000  8.2229e-03
13.000  20.250  1.3282e-02
13.000  20.500  2.1161e-02
13.000  20.750  3.1746e-02
13.000  21.000  4.4924e-02
13.000  21.250  6.0579e-02
13.000  21.500  7.8600e-02
13.000  21.750  9.8871e-02
13.000  22.000  1.2128e-01
13.000  22.250  1.4571e-01
13.000  22.500  1.7205e-01
13.000  22.750  2.0053e-01
13.000  23.000  2.2674e-01
13.000  23.250  2.3114e-01
13.000  23.500  2.1887e-01
13.000  23.750  1.9411e-01
13.000  24.000  1.7254e-01
13.250  17.000  9.0499e-03
13.250  17.250  8.4272e-03
13.250  17.500  7.7783e-03
13.250  17.750  7.1908e-03
13.250  18.000  6.7809e-03
13.250  18.250  6.6645e-03
13.250  18.500  6.9578e-03
13.250  18.750  7.7769e-03
13.250  19.000  9.2378e-03
13.250  19.250  1.1457e-02
13.250  19.500  1.4550e-02
13.250  19.750  1.8633e-02
13.250  20.000  2.3822e-02
13.250  20.250  3.0233e-02
13.250  20.500  3.7983e-02
13.250  20.750  4.7187e-02
13.250  21.000  5.7962e-02
13.250  21.250  7.0424e-02
13.250  21.500  8.4688e-02
13.250  21.750  1.0087e-01
13.250  22.000  1.1909e-01
13.250  22.250  1.3946e-01
13.250  22.500  1.6209e-01
13.250  22.750  1.8711e-01
13.250  23.000  2.1463e-01
13.250  23.250  2.3985e-01
13.250  23.500  2.4353e-01
13.250  23.750  2.2480e-01
13.250  24.000  1.9641e-01
13.500  17.000  8.5156e-03
13.500  17.250  7.9193e-03
13.500  17.500  7.3337e-03
13.500  17.750  6.8454e-03
13.500  18.000  6.5596e-03
13.500  18.250  6.5819e-03
13.500  18.500  7.0175e-03
13.500  18.750  7.9720e-03
13.500  19.000  9.5506e-03
13.500  19.250  1.1859e-02
13.500  19.500  1.5002e-02
13.500  19.750  1.9086e-02
13.500  20.000  2.4215e-02
13.500  20.250  3.0496e-02
13.500  20.500  3.8033e-02
13.500  20.750  4.6932e-02
13.500  21.000  5.7299e-02
13.500  21.250  6.9238e-02
13.500  21.500  8.2855e-02
13.500  21.750  9.8256e-02
13.500  22.000  1.1555e-01
13.500  22.250  1.3483e-01
13.500  22.500  1.5621e-01
13.500  22.750  1.7980e-01
13.500  23.000  2.0570e-01
13.500  23.250  2.3402e-01
13.500  23.500  2.5892e-01
13.500  23.750  2.5738e-01
13.500  24.000  2.3089e-01
13.750  17.000  7.9963e-03
13.750  17.250  7.6445e-03
13.750  17.500  7.2790e-03
13.750  17.750  6.9810e-03
13.750  18.000  6.8556e-03
13.750  18.250  7.0077e-03
13.750  18.500  7.5423e-03
13.750  18.750  8.5645e-03
13.750  19.000  1.0179e-02
13.750  19.250  1.2491e-02
13.750  19.500  1.5606e-02
13.750  19.750  1.9628e-02
13.750  20.000  2.4663e-02
13.750  20.250  3.0815e-02
13.750  20.500  3.8189e-02
13.750  20.750  4.6891e-02
13.750  21.000  5.7026e-02
13.750  21.250  6.8698e-02
13.750  21.500  8.2012e-02
13.750  21.750  9.7074e-02
13.750  22.000  1.1399e-01
13.750  22.250  1.3286e-01
13.750  22.500  1.5379e-01
13.750  22.750  1.7690e-01
13.750  23.000  2.0227e-01
13.750  23.250  2.3002e-01
13.750  23.500  2.6037e-01
13.750  23.750  2.8432e-01
13.750  24.000  2.7280e-01
14.000  17.000  7.2977e-03
14.000  17.250  7.4305e-03
14.000  17.500  5.1933e-03
14.000  17.750  4.7189e-03
14.000  18.000  5.0464e-03
14.000  18.250  5.4182e-03
14.000  18.500  5.7707e-03
14.000  18.750  6.0462e-03
14.000  19.000  6.2309e-03
14.000  19.250  6.3347e-03
14.000  19.500  6.3626e-03
14.000  19.750  6.3163e-03
14.000  20.000  6.2046e-03
14.000  20.250  6.0599e-03
14.000  20.500  5.9381e-03
14.000  20.750  5.9088e-03
14.000  21.000  6.1000e-03
14.000  21.250  6.6989e-03
14.000  21.500  7.8526e-03
14.000  21.750  1.0028e-02
14.000  22.000  1.3736e-02
14.000  22.250  2.0279e-02
14.000  22.500  3.2718e-02
14.000  22.750  5.6866e-02
14.000  23.000  9.9670e-02
14.000  23.250  2.0745e-01
14.000  23.500  2.7103e-01
14.000  23.750  3.0409e-01
14.000  24.000  3.1642e-01
