InwT 2700.00A  relative to Inci 1215.00A scaled to 1215A.
Hden   Phi(H)  Eq_Width (A)
7.000  17.000  1.8193e-01
7.000  17.250  1.8814e-01
7.000  17.500  1.9109e-01
7.000  17.750  1.5355e-01
7.000  18.000  1.3241e-01
7.000  18.250  1.2195e-01
7.000  18.500  1.1686e-01
7.000  18.750  1.1499e-01
7.000  19.000  1.1414e-01
7.000  19.250  1.1365e-01
7.000  19.500  1.1338e-01
7.000  19.750  1.1326e-01
7.000  20.000  1.1324e-01
7.000  20.250  1.1328e-01
7.000  20.500  1.1331e-01
7.000  20.750  1.1331e-01
7.000  21.000  1.1331e-01
7.000  21.250  1.1331e-01
7.000  21.500  1.1330e-01
7.000  21.750  1.1330e-01
7.000  22.000  1.1330e-01
7.000  22.250  1.1330e-01
7.000  22.500  1.1331e-01
7.000  22.750  1.1331e-01
7.000  23.000  1.1331e-01
7.000  23.250  1.1331e-01
7.000  23.500  1.1331e-01
7.000  23.750  1.1331e-01
7.000  24.000  1.1331e-01
7.250  17.000  1.7358e-01
7.250  17.250  1.8767e-01
7.250  17.500  1.9057e-01
7.250  17.750  1.9062e-01
7.250  18.000  1.5342e-01
7.250  18.250  1.3236e-01
7.250  18.500  1.2193e-01
7.250  18.750  1.1686e-01
7.250  19.000  1.1499e-01
7.250  19.250  1.1414e-01
7.250  19.500  1.1360e-01
7.250  19.750  1.1327e-01
7.250  20.000  1.1310e-01
7.250  20.250  1.1305e-01
7.250  20.500  1.1309e-01
7.250  20.750  1.1317e-01
7.250  21.000  1.1326e-01
7.250  21.250  1.1331e-01
7.250  21.500  1.1331e-01
7.250  21.750  1.1330e-01
7.250  22.000  1.1330e-01
7.250  22.250  1.1330e-01
7.250  22.500  1.1330e-01
7.250  22.750  1.1330e-01
7.250  23.000  1.1330e-01
7.250  23.250  1.1331e-01
7.250  23.500  1.1330e-01
7.250  23.750  1.1330e-01
7.250  24.000  1.1330e-01
7.500  17.000  1.5898e-01
7.500  17.250  1.7898e-01
7.500  17.500  1.9344e-01
7.500  17.750  1.9328e-01
7.500  18.000  1.9017e-01
7.500  18.250  1.5331e-01
7.500  18.500  1.3232e-01
7.500  18.750  1.2191e-01
7.500  19.000  1.1686e-01
7.500  19.250  1.1499e-01
7.500  19.500  1.1414e-01
7.500  19.750  1.1365e-01
7.500  20.000  1.1345e-01
7.500  20.250  1.1337e-01
7.500  20.500  1.1334e-01
7.500  20.750  1.1332e-01
7.500  21.000  1.1331e-01
7.500  21.250  1.1331e-01
7.500  21.500  1.1331e-01
7.500  21.750  1.1331e-01
7.500  22.000  1.1330e-01
7.500  22.250  1.1330e-01
7.500  22.500  1.1330e-01
7.500  22.750  1.1330e-01
7.500  23.000  1.1330e-01
7.500  23.250  1.1330e-01
7.500  23.500  1.1330e-01
7.500  23.750  1.1330e-01
7.500  24.000  1.1330e-01
7.750  17.000  1.4753e-01
7.750  17.250  1.6370e-01
7.750  17.500  1.8586e-01
7.750  17.750  2.0116e-01
7.750  18.000  1.9657e-01
7.750  18.250  1.8969e-01
7.750  18.500  1.5321e-01
7.750  18.750  1.3228e-01
7.750  19.000  1.2189e-01
7.750  19.250  1.1686e-01
7.750  19.500  1.1499e-01
7.750  19.750  1.1414e-01
7.750  20.000  1.1365e-01
7.750  20.250  1.1345e-01
7.750  20.500  1.1337e-01
7.750  20.750  1.1334e-01
7.750  21.000  1.1332e-01
7.750  21.250  1.1331e-01
7.750  21.500  1.1331e-01
7.750  21.750  1.1331e-01
7.750  22.000  1.1330e-01
7.750  22.250  1.1330e-01
7.750  22.500  1.1330e-01
7.750  22.750  1.1330e-01
7.750  23.000  1.1330e-01
7.750  23.250  1.1330e-01
7.750  23.500  1.1330e-01
7.750  23.750  1.1330e-01
7.750  24.000  1.1330e-01
8.000  17.000  1.3904e-01
8.000  17.250  1.5044e-01
8.000  17.500  1.6913e-01
8.000  17.750  1.9492e-01
8.000  18.000  2.1086e-01
8.000  18.250  1.9961e-01
8.000  18.500  1.8910e-01
8.000  18.750  1.5309e-01
8.000  19.000  1.3224e-01
8.000  19.250  1.2187e-01
8.000  19.500  1.1686e-01
8.000  19.750  1.1499e-01
8.000  20.000  1.1414e-01
8.000  20.250  1.1365e-01
8.000  20.500  1.1345e-01
8.000  20.750  1.1337e-01
8.000  21.000  1.1334e-01
8.000  21.250  1.1332e-01
8.000  21.500  1.1331e-01
8.000  21.750  1.1331e-01
8.000  22.000  1.1331e-01
8.000  22.250  1.1331e-01
8.000  22.500  1.1330e-01
8.000  22.750  1.1330e-01
8.000  23.000  1.1330e-01
8.000  23.250  1.1330e-01
8.000  23.500  1.1330e-01
8.000  23.750  1.1330e-01
8.000  24.000  1.1330e-01
8.250  17.000  1.3527e-01
8.250  17.250  1.4297e-01
8.250  17.500  1.5682e-01
8.250  17.750  1.8017e-01
8.250  18.000  2.1202e-01
8.250  18.250  2.2466e-01
8.250  18.500  2.0525e-01
8.250  18.750  1.8844e-01
8.250  19.000  1.5299e-01
8.250  19.250  1.3219e-01
8.250  19.500  1.2185e-01
8.250  19.750  1.1685e-01
8.250  20.000  1.1499e-01
8.250  20.250  1.1414e-01
8.250  20.500  1.1365e-01
8.250  20.750  1.1345e-01
8.250  21.000  1.1337e-01
8.250  21.250  1.1334e-01
8.250  21.500  1.1332e-01
8.250  21.750  1.1331e-01
8.250  22.000  1.1331e-01
8.250  22.250  1.1331e-01
8.250  22.500  1.1330e-01
8.250  22.750  1.1330e-01
8.250  23.000  1.1330e-01
8.250  23.250  1.1330e-01
8.250  23.500  1.1330e-01
8.250  23.750  1.1330e-01
8.250  24.000  1.1330e-01
8.500  17.000  1.3319e-01
8.500  17.250  1.3910e-01
8.500  17.500  1.4914e-01
8.500  17.750  1.6817e-01
8.500  18.000  2.0076e-01
8.500  18.250  2.3906e-01
8.500  18.500  2.4026e-01
8.500  18.750  2.1094e-01
8.500  19.000  1.8763e-01
8.500  19.250  1.5287e-01
8.500  19.500  1.3212e-01
8.500  19.750  1.2182e-01
8.500  20.000  1.1685e-01
8.500  20.250  1.1499e-01
8.500  20.500  1.1414e-01
8.500  20.750  1.1365e-01
8.500  21.000  1.1345e-01
8.500  21.250  1.1337e-01
8.500  21.500  1.1334e-01
8.500  21.750  1.1332e-01
8.500  22.000  1.1331e-01
8.500  22.250  1.1331e-01
8.500  22.500  1.1331e-01
8.500  22.750  1.1330e-01
8.500  23.000  1.1330e-01
8.500  23.250  1.1330e-01
8.500  23.500  1.1330e-01
8.500  23.750  1.1330e-01
8.500  24.000  1.1330e-01
8.750  17.000  1.3146e-01
8.750  17.250  1.3707e-01
8.750  17.500  1.4538e-01
8.750  17.750  1.6030e-01
8.750  18.000  1.8928e-01
8.750  18.250  2.3485e-01
8.750  18.500  2.7153e-01
8.750  18.750  2.5354e-01
8.750  19.000  2.1589e-01
8.750  19.250  1.8666e-01
8.750  19.500  1.5273e-01
8.750  19.750  1.3205e-01
8.750  20.000  1.2179e-01
8.750  20.250  1.1685e-01
8.750  20.500  1.1499e-01
8.750  20.750  1.1414e-01
8.750  21.000  1.1365e-01
8.750  21.250  1.1345e-01
8.750  21.500  1.1337e-01
8.750  21.750  1.1334e-01
8.750  22.000  1.1332e-01
8.750  22.250  1.1331e-01
8.750  22.500  1.1331e-01
8.750  22.750  1.1331e-01
8.750  23.000  1.1331e-01
8.750  23.250  1.1330e-01
8.750  23.500  1.1330e-01
8.750  23.750  1.1330e-01
8.750  24.000  1.1330e-01
9.000  17.000  1.2930e-01
9.000  17.250  1.3549e-01
9.000  17.500  1.4378e-01
9.000  17.750  1.5729e-01
9.000  18.000  1.8254e-01
9.000  18.250  2.2625e-01
9.000  18.500  2.7751e-01
9.000  18.750  3.0034e-01
9.000  19.000  2.6379e-01
9.000  19.250  2.2304e-01
9.000  19.500  1.8562e-01
9.000  19.750  1.5254e-01
9.000  20.000  1.3198e-01
9.000  20.250  1.2175e-01
9.000  20.500  1.1685e-01
9.000  20.750  1.1499e-01
9.000  21.000  1.1414e-01
9.000  21.250  1.1365e-01
9.000  21.500  1.1345e-01
9.000  21.750  1.1337e-01
9.000  22.000  1.1334e-01
9.000  22.250  1.1332e-01
9.000  22.500  1.1331e-01
9.000  22.750  1.1331e-01
9.000  23.000  1.1331e-01
9.000  23.250  1.1330e-01
9.000  23.500  1.1330e-01
9.000  23.750  1.1330e-01
9.000  24.000  1.1330e-01
9.250  17.000  1.2634e-01
9.250  17.250  1.3359e-01
9.250  17.500  1.4302e-01
9.250  17.750  1.5745e-01
9.250  18.000  1.8279e-01
9.250  18.250  2.2419e-01
9.250  18.500  2.7391e-01
9.250  18.750  3.1946e-01
9.250  19.000  3.2518e-01
9.250  19.250  2.7886e-01
9.250  19.500  2.3192e-01
9.250  19.750  1.8461e-01
9.250  20.000  1.5229e-01
9.250  20.250  1.3189e-01
9.250  20.500  1.2171e-01
9.250  20.750  1.1684e-01
9.250  21.000  1.1499e-01
9.250  21.250  1.1414e-01
9.250  21.500  1.1364e-01
9.250  21.750  1.1338e-01
9.250  22.000  1.1327e-01
9.250  22.250  1.1327e-01
9.250  22.500  1.1332e-01
9.250  22.750  1.1331e-01
9.250  23.000  1.1331e-01
9.250  23.250  1.1331e-01
9.250  23.500  1.1330e-01
9.250  23.750  1.1330e-01
9.250  24.000  1.1330e-01
9.500  17.000  1.2274e-01
9.500  17.250  1.3134e-01
9.500  17.500  1.4247e-01
9.500  17.750  1.5928e-01
9.500  18.000  1.8784e-01
9.500  18.250  2.3030e-01
9.500  18.500  2.7601e-01
9.500  18.750  3.1778e-01
9.500  19.000  3.4800e-01
9.500  19.250  3.4451e-01
9.500  19.500  2.8774e-01
9.500  19.750  2.3729e-01
9.500  20.000  1.8369e-01
9.500  20.250  1.5200e-01
9.500  20.500  1.3179e-01
9.500  20.750  1.2168e-01
9.500  21.000  1.1683e-01
9.500  21.250  1.1495e-01
9.500  21.500  1.1405e-01
9.500  21.750  1.1354e-01
9.500  22.000  1.1332e-01
9.500  22.250  1.1320e-01
9.500  22.500  1.1315e-01
9.500  22.750  1.1314e-01
9.500  23.000  1.1313e-01
9.500  23.250  1.1313e-01
9.500  23.500  1.1320e-01
9.500  23.750  1.1319e-01
9.500  24.000  1.1319e-01
9.750  17.000  1.1799e-01
9.750  17.250  1.2827e-01
9.750  17.500  1.4158e-01
9.750  17.750  1.6190e-01
9.750  18.000  1.9605e-01
9.750  18.250  2.4219e-01
9.750  18.500  2.8587e-01
9.750  18.750  3.2062e-01
9.750  19.000  3.4778e-01
9.750  19.250  3.6670e-01
9.750  19.500  3.4951e-01
9.750  19.750  3.0044e-01
9.750  20.000  2.3616e-01
9.750  20.250  1.8286e-01
9.750  20.500  1.5165e-01
9.750  20.750  1.3167e-01
9.750  21.000  1.2164e-01
9.750  21.250  1.1684e-01
9.750  21.500  1.1498e-01
9.750  21.750  1.1408e-01
9.750  22.000  1.1355e-01
9.750  22.250  1.1333e-01
9.750  22.500  1.1323e-01
9.750  22.750  1.1317e-01
9.750  23.000  1.1314e-01
9.750  23.250  1.1313e-01
9.750  23.500  1.1312e-01
9.750  23.750  1.1313e-01
9.750  24.000  1.1312e-01
10.000  17.000  1.1229e-01
10.000  17.250  1.2461e-01
10.000  17.500  1.4082e-01
10.000  17.750  1.6577e-01
10.000  18.000  2.0663e-01
10.000  18.250  2.5635e-01
10.000  18.500  2.9904e-01
10.000  18.750  3.2888e-01
10.000  19.000  3.4845e-01
10.000  19.250  3.5993e-01
10.000  19.500  3.5970e-01
10.000  19.750  3.4316e-01
10.000  20.000  3.1154e-01
10.000  20.250  2.3519e-01
10.000  20.500  1.8094e-01
10.000  20.750  1.5127e-01
10.000  21.000  1.3152e-01
10.000  21.250  1.2159e-01
10.000  21.500  1.1683e-01
10.000  21.750  1.1498e-01
10.000  22.000  1.1412e-01
10.000  22.250  1.1355e-01
10.000  22.500  1.1334e-01
10.000  22.750  1.1325e-01
10.000  23.000  1.1320e-01
10.000  23.250  1.1317e-01
10.000  23.500  1.1315e-01
10.000  23.750  1.1314e-01
10.000  24.000  1.1314e-01
10.250  17.000  1.0591e-01
10.250  17.250  1.2023e-01
10.250  17.500  1.4052e-01
10.250  17.750  1.7157e-01
10.250  18.000  2.1851e-01
10.250  18.250  2.7195e-01
10.250  18.500  3.1390e-01
10.250  18.750  3.4075e-01
10.250  19.000  3.5442e-01
10.250  19.250  3.6397e-01
10.250  19.500  3.7462e-01
10.250  19.750  3.7537e-01
10.250  20.000  3.6759e-01
10.250  20.250  3.2192e-01
10.250  20.500  2.3216e-01
10.250  20.750  1.8009e-01
10.250  21.000  1.5099e-01
10.250  21.250  1.3135e-01
10.250  21.500  1.2154e-01
10.250  21.750  1.1683e-01
10.250  22.000  1.1498e-01
10.250  22.250  1.1413e-01
10.250  22.500  1.1357e-01
10.250  22.750  1.1335e-01
10.250  23.000  1.1326e-01
10.250  23.250  1.1321e-01
10.250  23.500  1.1319e-01
10.250  23.750  1.1317e-01
10.250  24.000  1.1317e-01
10.500  17.000  1.0042e-01
10.500  17.250  1.1679e-01
10.500  17.500  1.4139e-01
10.500  17.750  1.8004e-01
10.500  18.000  2.3199e-01
10.500  18.250  2.8736e-01
10.500  18.500  3.2909e-01
10.500  18.750  3.5694e-01
10.500  19.000  3.7508e-01
10.500  19.250  3.8828e-01
10.500  19.500  3.9898e-01
10.500  19.750  4.0652e-01
10.500  20.000  4.0519e-01
10.500  20.250  3.9284e-01
10.500  20.500  3.2020e-01
10.500  20.750  2.3035e-01
10.500  21.000  1.7876e-01
10.500  21.250  1.5047e-01
10.500  21.500  1.3114e-01
10.500  21.750  1.2147e-01
10.500  22.000  1.1682e-01
10.500  22.250  1.1498e-01
10.500  22.500  1.1413e-01
10.500  22.750  1.1362e-01
10.500  23.000  1.1335e-01
10.500  23.250  1.1327e-01
10.500  23.500  1.1323e-01
10.500  23.750  1.1320e-01
10.500  24.000  1.1319e-01
10.750  17.000  9.5608e-02
10.750  17.250  1.1435e-01
10.750  17.500  1.4480e-01
10.750  17.750  1.9019e-01
10.750  18.000  2.4658e-01
10.750  18.250  3.0232e-01
10.750  18.500  3.4597e-01
10.750  18.750  3.7739e-01
10.750  19.000  4.0056e-01
10.750  19.250  4.1594e-01
10.750  19.500  4.2627e-01
10.750  19.750  4.3323e-01
10.750  20.000  4.3659e-01
10.750  20.250  4.3225e-01
10.750  20.500  4.1483e-01
10.750  20.750  3.1714e-01
10.750  21.000  2.2731e-01
10.750  21.250  1.7764e-01
10.750  21.500  1.5027e-01
10.750  21.750  1.3091e-01
10.750  22.000  1.2140e-01
10.750  22.250  1.1680e-01
10.750  22.500  1.1498e-01
10.750  22.750  1.1413e-01
10.750  23.000  1.1364e-01
10.750  23.250  1.1337e-01
10.750  23.500  1.1327e-01
10.750  23.750  1.1323e-01
10.750  24.000  1.1321e-01
11.000  17.000  9.1362e-02
11.000  17.250  1.1261e-01
11.000  17.500  1.4886e-01
11.000  17.750  2.0058e-01
11.000  18.000  2.5943e-01
11.000  18.250  3.1557e-01
11.000  18.500  3.6274e-01
11.000  18.750  3.9853e-01
11.000  19.000  4.2562e-01
11.000  19.250  4.4326e-01
11.000  19.500  4.5363e-01
11.000  19.750  4.5874e-01
11.000  20.000  4.6144e-01
11.000  20.250  4.6128e-01
11.000  20.500  4.5421e-01
11.000  20.750  4.2898e-01
11.000  21.000  3.1211e-01
11.000  21.250  2.2445e-01
11.000  21.500  1.7699e-01
11.000  21.750  1.4956e-01
11.000  22.000  1.3061e-01
11.000  22.250  1.2133e-01
11.000  22.500  1.1679e-01
11.000  22.750  1.1497e-01
11.000  23.000  1.1413e-01
11.000  23.250  1.1365e-01
11.000  23.500  1.1342e-01
11.000  23.750  1.1328e-01
11.000  24.000  1.1324e-01
11.250  17.000  8.7367e-02
11.250  17.250  1.1075e-01
11.250  17.500  1.5158e-01
11.250  17.750  2.0791e-01
11.250  18.000  2.6895e-01
11.250  18.250  3.2595e-01
11.250  18.500  3.7434e-01
11.250  18.750  4.1517e-01
11.250  19.000  4.4602e-01
11.250  19.250  4.6713e-01
11.250  19.500  4.7932e-01
11.250  19.750  4.8404e-01
11.250  20.000  4.8450e-01
11.250  20.250  4.8432e-01
11.250  20.500  4.8206e-01
11.250  20.750  4.7280e-01
11.250  21.000  4.2954e-01
11.250  21.250  3.0716e-01
11.250  21.500  2.2257e-01
11.250  21.750  1.7741e-01
11.250  22.000  1.4843e-01
11.250  22.250  1.3032e-01
11.250  22.500  1.2126e-01
11.250  22.750  1.1677e-01
11.250  23.000  1.1497e-01
11.250  23.250  1.1413e-01
11.250  23.500  1.1365e-01
11.250  23.750  1.1344e-01
11.250  24.000  1.1331e-01
11.500  17.000  8.3662e-02
11.500  17.250  1.0858e-01
11.500  17.500  1.5189e-01
11.500  17.750  2.1062e-01
11.500  18.000  2.7336e-01
11.500  18.250  3.3202e-01
11.500  18.500  3.8283e-01
11.500  18.750  4.2651e-01
11.500  19.000  4.6198e-01
11.500  19.250  4.8679e-01
11.500  19.500  5.0198e-01
11.500  19.750  5.0915e-01
11.500  20.000  5.0942e-01
11.500  20.250  5.0650e-01
11.500  20.500  5.0424e-01
11.500  20.750  5.0122e-01
11.500  21.000  4.9040e-01
11.500  21.250  4.2523e-01
11.500  21.500  3.0595e-01
11.500  21.750  2.2185e-01
11.500  22.000  1.7814e-01
11.500  22.250  1.4721e-01
11.500  22.500  1.2995e-01
11.500  22.750  1.2119e-01
11.500  23.000  1.1675e-01
11.500  23.250  1.1496e-01
11.500  23.500  1.1413e-01
11.500  23.750  1.1365e-01
11.500  24.000  1.1345e-01
11.750  17.000  7.9982e-02
11.750  17.250  1.0567e-01
11.750  17.500  1.4950e-01
11.750  17.750  2.0856e-01
11.750  18.000  2.7218e-01
11.750  18.250  3.3263e-01
11.750  18.500  3.8680e-01
11.750  18.750  4.3506e-01
11.750  19.000  4.7425e-01
11.750  19.250  5.0316e-01
11.750  19.500  5.2200e-01
11.750  19.750  5.3188e-01
11.750  20.000  5.3469e-01
11.750  20.250  5.3110e-01
11.750  20.500  5.2688e-01
11.750  20.750  5.2427e-01
11.750  21.000  5.2230e-01
11.750  21.250  5.0956e-01
11.750  21.500  4.2174e-01
11.750  21.750  3.0467e-01
11.750  22.000  2.2268e-01
11.750  22.250  1.7836e-01
11.750  22.500  1.4598e-01
11.750  22.750  1.2952e-01
11.750  23.000  1.2112e-01
11.750  23.250  1.1673e-01
11.750  23.500  1.1495e-01
11.750  23.750  1.1412e-01
11.750  24.000  1.1365e-01
12.000  17.000  7.6001e-02
12.000  17.250  1.0171e-01
12.000  17.500  1.4404e-01
12.000  17.750  2.0143e-01
12.000  18.000  2.6482e-01
12.000  18.250  3.2762e-01
12.000  18.500  3.8676e-01
12.000  18.750  4.4006e-01
12.000  19.000  4.8399e-01
12.000  19.250  5.1780e-01
12.000  19.500  5.4033e-01
12.000  19.750  5.5313e-01
12.000  20.000  5.5809e-01
12.000  20.250  5.5732e-01
12.000  20.500  5.5295e-01
12.000  20.750  5.4923e-01
12.000  21.000  5.4729e-01
12.000  21.250  5.4721e-01
12.000  21.500  5.1865e-01
12.000  21.750  4.2282e-01
12.000  22.000  3.0495e-01
12.000  22.250  2.2458e-01
12.000  22.500  1.7697e-01
12.000  22.750  1.4483e-01
12.000  23.000  1.2912e-01
12.000  23.250  1.2104e-01
12.000  23.500  1.1670e-01
12.000  23.750  1.1493e-01
12.000  24.000  1.1412e-01
12.250  17.000  6.9869e-02
12.250  17.250  9.6472e-02
12.250  17.500  1.3556e-01
12.250  17.750  1.8941e-01
12.250  18.000  2.5212e-01
12.250  18.250  3.1822e-01
12.250  18.500  3.8286e-01
12.250  18.750  4.4182e-01
12.250  19.000  4.9092e-01
12.250  19.250  5.2980e-01
12.250  19.500  5.5660e-01
12.250  19.750  5.7253e-01
12.250  20.000  5.7964e-01
12.250  20.250  5.8204e-01
12.250  20.500  5.7976e-01
12.250  20.750  5.7604e-01
12.250  21.000  5.7566e-01
12.250  21.250  5.7608e-01
12.250  21.500  5.6070e-01
12.250  21.750  5.3920e-01
12.250  22.000  4.2595e-01
12.250  22.250  3.0681e-01
12.250  22.500  2.2671e-01
12.250  22.750  1.7485e-01
12.250  23.000  1.4374e-01
12.250  23.250  1.2865e-01
12.250  23.500  1.2094e-01
12.250  23.750  1.1667e-01
12.250  24.000  1.1492e-01
12.500  17.000  6.2213e-02
12.500  17.250  8.7589e-02
12.500  17.500  1.2483e-01
12.500  17.750  1.7426e-01
12.500  18.000  2.3555e-01
12.500  18.250  3.0328e-01
12.500  18.500  3.7335e-01
12.500  18.750  4.3914e-01
12.500  19.000  4.9420e-01
12.500  19.250  5.3696e-01
12.500  19.500  5.6764e-01
12.500  19.750  5.8786e-01
12.500  20.000  5.9947e-01
12.500  20.250  6.0419e-01
12.500  20.500  6.0462e-01
12.500  20.750  6.0486e-01
12.500  21.000  6.0585e-01
12.500  21.250  6.0932e-01
12.500  21.500  5.9477e-01
12.500  21.750  5.9272e-01
12.500  22.000  5.5982e-01
12.500  22.250  4.3197e-01
12.500  22.500  3.1197e-01
12.500  22.750  2.2719e-01
12.500  23.000  1.7253e-01
12.500  23.250  1.4278e-01
12.500  23.500  1.2820e-01
12.500  23.750  1.2083e-01
12.500  24.000  1.1664e-01
12.750  17.000  5.4503e-02
12.750  17.250  7.6168e-02
12.750  17.500  1.1086e-01
12.750  17.750  1.5859e-01
12.750  18.000  2.1705e-01
12.750  18.250  2.8481e-01
12.750  18.500  3.5720e-01
12.750  18.750  4.2793e-01
12.750  19.000  4.8904e-01
12.750  19.250  5.3862e-01
12.750  19.500  5.7331e-01
12.750  19.750  5.9755e-01
12.750  20.000  6.1375e-01
12.750  20.250  6.2319e-01
12.750  20.500  6.2748e-01
12.750  20.750  6.3027e-01
12.750  21.000  6.3508e-01
12.750  21.250  6.4352e-01
12.750  21.500  6.3247e-01
12.750  21.750  6.3261e-01
12.750  22.000  6.2948e-01
12.750  22.250  5.7285e-01
12.750  22.500  4.3887e-01
12.750  22.750  3.1115e-01
12.750  23.000  2.2515e-01
12.750  23.250  1.7022e-01
12.750  23.500  1.4177e-01
12.750  23.750  1.2775e-01
12.750  24.000  1.2067e-01
13.000  17.000  4.6012e-02
13.000  17.250  6.4792e-02
13.000  17.500  9.5731e-02
13.000  17.750  1.3996e-01
13.000  18.000  1.9646e-01
13.000  18.250  2.6226e-01
13.000  18.500  3.3535e-01
13.000  18.750  4.0805e-01
13.000  19.000  4.7471e-01
13.000  19.250  5.3061e-01
13.000  19.500  5.7079e-01
13.000  19.750  6.0138e-01
13.000  20.000  6.2172e-01
13.000  20.250  6.3651e-01
13.000  20.500  6.4678e-01
13.000  20.750  6.5460e-01
13.000  21.000  6.6250e-01
13.000  21.250  6.7501e-01
13.000  21.500  6.6916e-01
13.000  21.750  6.7696e-01
13.000  22.000  6.7612e-01
13.000  22.250  6.7018e-01
13.000  22.500  5.9244e-01
13.000  22.750  4.3959e-01
13.000  23.000  3.0889e-01
13.000  23.250  2.2157e-01
13.000  23.500  1.6793e-01
13.000  23.750  1.4071e-01
13.000  24.000  1.2723e-01
13.250  17.000  4.0882e-02
13.250  17.250  5.6760e-02
13.250  17.500  8.2839e-02
13.250  17.750  1.2175e-01
13.250  18.000  1.7468e-01
13.250  18.250  2.3881e-01
13.250  18.500  3.0890e-01
13.250  18.750  3.8310e-01
13.250  19.000  4.5226e-01
13.250  19.250  5.1170e-01
13.250  19.500  5.5903e-01
13.250  19.750  5.9712e-01
13.250  20.000  6.2294e-01
13.250  20.250  6.4283e-01
13.250  20.500  6.5766e-01
13.250  20.750  6.7033e-01
13.250  21.000  6.8400e-01
13.250  21.250  7.0028e-01
13.250  21.500  6.9900e-01
13.250  21.750  7.0836e-01
13.250  22.000  7.2283e-01
13.250  22.250  7.0986e-01
13.250  22.500  6.9322e-01
13.250  22.750  5.8713e-01
13.250  23.000  4.2569e-01
13.250  23.250  2.9754e-01
13.250  23.500  2.1677e-01
13.250  23.750  1.6551e-01
13.250  24.000  1.3952e-01
13.500  17.000  3.6247e-02
13.500  17.250  5.0028e-02
13.500  17.500  7.2783e-02
13.500  17.750  1.0690e-01
13.500  18.000  1.5437e-01
13.500  18.250  2.1474e-01
13.500  18.500  2.8317e-01
13.500  18.750  3.5446e-01
13.500  19.000  4.2551e-01
13.500  19.250  4.8885e-01
13.500  19.500  5.4140e-01
13.500  19.750  5.8237e-01
13.500  20.000  6.1578e-01
13.500  20.250  6.4208e-01
13.500  20.500  6.6239e-01
13.500  20.750  6.7776e-01
13.500  21.000  6.9223e-01
13.500  21.250  7.0955e-01
13.500  21.500  7.0884e-01
13.500  21.750  7.2664e-01
13.500  22.000  7.3279e-01
13.500  22.250  7.3165e-01
13.500  22.500  7.2338e-01
13.500  22.750  7.0495e-01
13.500  23.000  5.7546e-01
13.500  23.250  4.0646e-01
13.500  23.500  2.8683e-01
13.500  23.750  2.1097e-01
13.500  24.000  1.6262e-01
13.750  17.000  3.2231e-02
13.750  17.250  4.3888e-02
13.750  17.500  6.3792e-02
13.750  17.750  9.3522e-02
13.750  18.000  1.3636e-01
13.750  18.250  1.9138e-01
13.750  18.500  2.5651e-01
13.750  18.750  3.2652e-01
13.750  19.000  3.9702e-01
13.750  19.250  4.6337e-01
13.750  19.500  5.2128e-01
13.750  19.750  5.6834e-01
13.750  20.000  6.0625e-01
13.750  20.250  6.3776e-01
13.750  20.500  6.6322e-01
13.750  20.750  6.8290e-01
13.750  21.000  6.9906e-01
13.750  21.250  7.1556e-01
13.750  21.500  7.1831e-01
13.750  21.750  7.3646e-01
13.750  22.000  7.4575e-01
13.750  22.250  7.4136e-01
13.750  22.500  7.3091e-01
13.750  22.750  7.2417e-01
13.750  23.000  6.9637e-01
13.750  23.250  5.5094e-01
13.750  23.500  3.8411e-01
13.750  23.750  2.7643e-01
13.750  24.000  2.0483e-01
14.000  17.000  2.8730e-02
14.000  17.250  3.8729e-02
14.000  17.500  5.5347e-02
14.000  17.750  8.2014e-02
14.000  18.000  1.2008e-01
14.000  18.250  1.7064e-01
14.000  18.500  2.3138e-01
14.000  18.750  2.9896e-01
14.000  19.000  3.6917e-01
14.000  19.250  4.3692e-01
14.000  19.500  4.9940e-01
14.000  19.750  5.5319e-01
14.000  20.000  5.9661e-01
14.000  20.250  6.3160e-01
14.000  20.500  6.6164e-01
14.000  20.750  6.8590e-01
14.000  21.000  7.0625e-01
14.000  21.250  7.2530e-01
14.000  21.500  7.2828e-01
14.000  21.750  7.4577e-01
14.000  22.000  7.5320e-01
14.000  22.250  7.4648e-01
14.000  22.500  7.3641e-01
14.000  22.750  7.3209e-01
14.000  23.000  7.2248e-01
14.000  23.250  6.7874e-01
14.000  23.500  5.1860e-01
14.000  23.750  3.6226e-01
14.000  24.000  2.6632e-01
