TOTL 1.08299m  relative to Inci 1215.00A scaled to 1215A.
Hden   Phi(H)  Eq_Width (A)
7.000  17.000  1.0606e-02
7.000  17.250  8.3045e-03
7.000  17.500  6.4478e-03
7.000  17.750  1.1715e-03
7.000  18.000  1.0000e-07
7.000  18.250  1.0000e-07
7.000  18.500  1.0000e-07
7.000  18.750  1.0000e-07
7.000  19.000  1.0000e-07
7.000  19.250  1.0000e-07
7.000  19.500  1.0000e-07
7.000  19.750  1.0000e-07
7.000  20.000  1.0000e-07
7.000  20.250  1.0000e-07
7.000  20.500  1.0000e-07
7.000  20.750  1.0000e-07
7.000  21.000  1.0000e-07
7.000  21.250  1.0000e-07
7.000  21.500  1.0000e-07
7.000  21.750  1.0000e-07
7.000  22.000  1.0000e-07
7.000  22.250  1.0000e-07
7.000  22.500  1.0000e-07
7.000  22.750  1.0000e-07
7.000  23.000  1.0000e-07
7.000  23.250  1.0000e-07
7.000  23.500  1.0000e-07
7.000  23.750  1.0000e-07
7.000  24.000  1.0000e-07
7.250  17.000  1.3821e-02
7.250  17.250  1.0669e-02
7.250  17.500  8.2994e-03
7.250  17.750  6.3399e-03
7.250  18.000  1.1461e-03
7.250  18.250  1.0000e-07
7.250  18.500  1.0000e-07
7.250  18.750  1.0000e-07
7.250  19.000  1.0000e-07
7.250  19.250  1.0000e-07
7.250  19.500  1.0000e-07
7.250  19.750  1.0000e-07
7.250  20.000  1.0000e-07
7.250  20.250  1.0000e-07
7.250  20.500  1.0000e-07
7.250  20.750  1.0000e-07
7.250  21.000  1.0000e-07
7.250  21.250  1.0000e-07
7.250  21.500  1.0000e-07
7.250  21.750  1.0000e-07
7.250  22.000  1.0000e-07
7.250  22.250  1.0000e-07
7.250  22.500  1.0000e-07
7.250  22.750  1.0000e-07
7.250  23.000  1.0000e-07
7.250  23.250  1.0000e-07
7.250  23.500  1.0000e-07
7.250  23.750  1.0000e-07
7.250  24.000  1.0000e-07
7.500  17.000  1.7887e-02
7.500  17.250  1.3829e-02
7.500  17.500  1.0576e-02
7.500  17.750  8.2728e-03
7.500  18.000  6.2319e-03
7.500  18.250  1.1200e-03
7.500  18.500  1.0000e-07
7.500  18.750  1.0000e-07
7.500  19.000  1.0000e-07
7.500  19.250  1.0000e-07
7.500  19.500  1.0000e-07
7.500  19.750  1.0000e-07
7.500  20.000  1.0000e-07
7.500  20.250  1.0000e-07
7.500  20.500  1.0000e-07
7.500  20.750  1.0000e-07
7.500  21.000  1.0000e-07
7.500  21.250  1.0000e-07
7.500  21.500  1.0000e-07
7.500  21.750  1.0000e-07
7.500  22.000  1.0000e-07
7.500  22.250  1.0000e-07
7.500  22.500  1.0000e-07
7.500  22.750  1.0000e-07
7.500  23.000  1.0000e-07
7.500  23.250  1.0000e-07
7.500  23.500  1.0000e-07
7.500  23.750  1.0000e-07
7.500  24.000  1.0000e-07
7.750  17.000  2.2735e-02
7.750  17.250  1.7894e-02
7.750  17.500  1.3791e-02
7.750  17.750  1.0524e-02
7.750  18.000  8.2157e-03
7.750  18.250  6.0900e-03
7.750  18.500  1.0914e-03
7.750  18.750  1.0000e-07
7.750  19.000  1.0000e-07
7.750  19.250  1.0000e-07
7.750  19.500  1.0000e-07
7.750  19.750  1.0000e-07
7.750  20.000  1.0000e-07
7.750  20.250  1.0000e-07
7.750  20.500  1.0000e-07
7.750  20.750  1.0000e-07
7.750  21.000  1.0000e-07
7.750  21.250  1.0000e-07
7.750  21.500  1.0000e-07
7.750  21.750  1.0000e-07
7.750  22.000  1.0000e-07
7.750  22.250  1.0000e-07
7.750  22.500  1.0000e-07
7.750  22.750  1.0000e-07
7.750  23.000  1.0000e-07
7.750  23.250  1.0000e-07
7.750  23.500  1.0000e-07
7.750  23.750  1.0000e-07
7.750  24.000  1.0000e-07
8.000  17.000  2.7138e-02
8.000  17.250  2.2418e-02
8.000  17.500  1.7586e-02
8.000  17.750  1.3512e-02
8.000  18.000  1.0287e-02
8.000  18.250  8.0806e-03
8.000  18.500  5.9257e-03
8.000  18.750  1.0682e-03
8.000  19.000  1.0000e-07
8.000  19.250  1.0000e-07
8.000  19.500  1.0000e-07
8.000  19.750  1.0000e-07
8.000  20.000  1.0000e-07
8.000  20.250  1.0000e-07
8.000  20.500  1.0000e-07
8.000  20.750  1.0000e-07
8.000  21.000  1.0000e-07
8.000  21.250  1.0000e-07
8.000  21.500  1.0000e-07
8.000  21.750  1.0000e-07
8.000  22.000  1.0000e-07
8.000  22.250  1.0000e-07
8.000  22.500  1.0000e-07
8.000  22.750  1.0000e-07
8.000  23.000  1.0000e-07
8.000  23.250  1.0000e-07
8.000  23.500  1.0000e-07
8.000  23.750  1.0000e-07
8.000  24.000  1.0000e-07
8.250  17.000  3.1364e-02
8.250  17.250  2.7028e-02
8.250  17.500  2.2233e-02
8.250  17.750  1.7394e-02
8.250  18.000  1.3380e-02
8.250  18.250  1.0184e-02
8.250  18.500  7.9914e-03
8.250  18.750  5.6659e-03
8.250  19.000  1.0237e-03
8.250  19.250  1.0000e-07
8.250  19.500  1.0000e-07
8.250  19.750  1.0000e-07
8.250  20.000  1.0000e-07
8.250  20.250  1.0000e-07
8.250  20.500  1.0000e-07
8.250  20.750  1.0000e-07
8.250  21.000  1.0000e-07
8.250  21.250  1.0000e-07
8.250  21.500  1.0000e-07
8.250  21.750  1.0000e-07
8.250  22.000  1.0000e-07
8.250  22.250  1.0000e-07
8.250  22.500  1.0000e-07
8.250  22.750  1.0000e-07
8.250  23.000  1.0000e-07
8.250  23.250  1.0000e-07
8.250  23.500  1.0000e-07
8.250  23.750  1.0000e-07
8.250  24.000  1.0000e-07
8.500  17.000  3.4835e-02
8.500  17.250  3.1140e-02
8.500  17.500  2.6707e-02
8.500  17.750  2.1769e-02
8.500  18.000  1.7159e-02
8.500  18.250  1.3168e-02
8.500  18.500  1.0149e-02
8.500  18.750  7.9714e-03
8.500  19.000  5.4692e-03
8.500  19.250  9.6568e-04
8.500  19.500  1.0000e-07
8.500  19.750  1.0000e-07
8.500  20.000  1.0000e-07
8.500  20.250  1.0000e-07
8.500  20.500  1.0000e-07
8.500  20.750  1.0000e-07
8.500  21.000  1.0000e-07
8.500  21.250  1.0000e-07
8.500  21.500  1.0000e-07
8.500  21.750  1.0000e-07
8.500  22.000  1.0000e-07
8.500  22.250  1.0000e-07
8.500  22.500  1.0000e-07
8.500  22.750  1.0000e-07
8.500  23.000  1.0000e-07
8.500  23.250  1.0000e-07
8.500  23.500  1.0000e-07
8.500  23.750  1.0000e-07
8.500  24.000  1.0000e-07
8.750  17.000  3.7636e-02
8.750  17.250  3.4536e-02
8.750  17.500  3.0712e-02
8.750  17.750  2.6218e-02
8.750  18.000  2.1380e-02
8.750  18.250  1.7191e-02
8.750  18.500  1.3374e-02
8.750  18.750  1.0261e-02
8.750  19.000  8.2035e-03
8.750  19.250  4.9700e-03
8.750  19.500  8.9416e-04
8.750  19.750  1.0000e-07
8.750  20.000  1.0000e-07
8.750  20.250  1.0000e-07
8.750  20.500  1.0000e-07
8.750  20.750  1.0000e-07
8.750  21.000  1.0000e-07
8.750  21.250  1.0000e-07
8.750  21.500  1.0000e-07
8.750  21.750  1.0000e-07
8.750  22.000  1.0000e-07
8.750  22.250  1.0000e-07
8.750  22.500  1.0000e-07
8.750  22.750  1.0000e-07
8.750  23.000  1.0000e-07
8.750  23.250  1.0000e-07
8.750  23.500  1.0000e-07
8.750  23.750  1.0000e-07
8.750  24.000  1.0000e-07
9.000  17.000  4.0053e-02
9.000  17.250  3.7368e-02
9.000  17.500  3.4105e-02
9.000  17.750  3.0211e-02
9.000  18.000  2.5629e-02
9.000  18.250  2.1221e-02
9.000  18.500  1.7004e-02
9.000  18.750  1.3094e-02
9.000  19.000  1.0616e-02
9.000  19.250  8.4886e-03
9.000  19.500  4.3722e-03
9.000  19.750  8.2461e-04
9.000  20.000  1.0000e-07
9.000  20.250  1.0000e-07
9.000  20.500  1.0000e-07
9.000  20.750  1.0000e-07
9.000  21.000  1.0000e-07
9.000  21.250  1.0000e-07
9.000  21.500  1.0000e-07
9.000  21.750  1.0000e-07
9.000  22.000  1.0000e-07
9.000  22.250  1.0000e-07
9.000  22.500  1.0000e-07
9.000  22.750  1.0000e-07
9.000  23.000  1.0000e-07
9.000  23.250  1.0000e-07
9.000  23.500  1.0000e-07
9.000  23.750  1.0000e-07
9.000  24.000  1.0000e-07
9.250  17.000  4.2489e-02
9.250  17.250  3.9965e-02
9.250  17.500  3.7146e-02
9.250  17.750  3.3767e-02
9.250  18.000  2.9762e-02
9.250  18.250  2.5407e-02
9.250  18.500  2.1035e-02
9.250  18.750  1.7033e-02
9.250  19.000  1.3371e-02
9.250  19.250  1.0728e-02
9.250  19.500  8.1055e-03
9.250  19.750  3.6652e-03
9.250  20.000  7.2288e-04
9.250  20.250  1.0000e-07
9.250  20.500  1.0000e-07
9.250  20.750  1.0000e-07
9.250  21.000  1.0000e-07
9.250  21.250  1.0000e-07
9.250  21.500  1.0000e-07
9.250  21.750  1.0000e-07
9.250  22.000  1.0000e-07
9.250  22.250  1.0000e-07
9.250  22.500  1.0000e-07
9.250  22.750  1.0000e-07
9.250  23.000  1.0000e-07
9.250  23.250  1.0000e-07
9.250  23.500  1.0000e-07
9.250  23.750  1.0000e-07
9.250  24.000  1.0000e-07
9.500  17.000  4.5403e-02
9.500  17.250  4.2813e-02
9.500  17.500  4.0241e-02
9.500  17.750  3.7241e-02
9.500  18.000  3.3628e-02
9.500  18.250  2.9692e-02
9.500  18.500  2.5457e-02
9.500  18.750  2.1030e-02
9.500  19.000  1.7137e-02
9.500  19.250  1.3095e-02
9.500  19.500  9.7532e-03
9.500  19.750  8.6979e-03
9.500  20.000  3.0807e-03
9.500  20.250  6.5638e-04
9.500  20.500  1.0000e-07
9.500  20.750  1.0000e-07
9.500  21.000  1.0000e-07
9.500  21.250  1.0000e-07
9.500  21.500  1.0000e-07
9.500  21.750  1.0000e-07
9.500  22.000  1.0000e-07
9.500  22.250  1.0000e-07
9.500  22.500  1.0000e-07
9.500  22.750  1.0000e-07
9.500  23.000  1.0000e-07
9.500  23.250  1.0000e-07
9.500  23.500  1.0000e-07
9.500  23.750  1.0000e-07
9.500  24.000  1.0000e-07
9.750  17.000  4.9179e-02
9.750  17.250  4.6430e-02
9.750  17.500  4.3902e-02
9.750  17.750  4.1085e-02
9.750  18.000  3.7781e-02
9.750  18.250  3.4279e-02
9.750  18.500  3.0118e-02
9.750  18.750  2.5369e-02
9.750  19.000  2.0871e-02
9.750  19.250  1.5992e-02
9.750  19.500  1.1383e-02
9.750  19.750  9.1084e-03
9.750  20.000  5.9924e-03
9.750  20.250  2.3538e-03
9.750  20.500  5.2881e-04
9.750  20.750  1.0000e-07
9.750  21.000  1.0000e-07
9.750  21.250  1.0000e-07
9.750  21.500  1.0000e-07
9.750  21.750  1.0000e-07
9.750  22.000  1.0000e-07
9.750  22.250  1.0000e-07
9.750  22.500  1.0000e-07
9.750  22.750  1.0000e-07
9.750  23.000  1.0000e-07
9.750  23.250  1.0000e-07
9.750  23.500  1.0000e-07
9.750  23.750  1.0000e-07
9.750  24.000  1.0000e-07
10.000  17.000  5.3878e-02
10.000  17.250  5.1155e-02
10.000  17.500  4.8620e-02
10.000  17.750  4.5954e-02
10.000  18.000  4.3017e-02
10.000  18.250  3.9407e-02
10.000  18.500  3.4618e-02
10.000  18.750  2.8823e-02
10.000  19.000  2.2489e-02
10.000  19.250  1.8043e-02
10.000  19.500  1.3864e-02
10.000  19.750  9.7783e-03
10.000  20.000  6.2712e-03
10.000  20.250  3.9323e-03
10.000  20.500  1.9186e-03
10.000  20.750  4.1564e-04
10.000  21.000  1.0000e-07
10.000  21.250  1.0000e-07
10.000  21.500  1.0000e-07
10.000  21.750  1.0000e-07
10.000  22.000  1.0000e-07
10.000  22.250  1.0000e-07
10.000  22.500  1.0000e-07
10.000  22.750  1.0000e-07
10.000  23.000  1.0000e-07
10.000  23.250  1.0000e-07
10.000  23.500  1.0000e-07
10.000  23.750  1.0000e-07
10.000  24.000  1.0000e-07
10.250  17.000  5.9239e-02
10.250  17.250  5.6848e-02
10.250  17.500  5.4795e-02
10.250  17.750  5.2303e-02
10.250  18.000  4.9295e-02
10.250  18.250  4.5069e-02
10.250  18.500  3.8920e-02
10.250  18.750  3.1606e-02
10.250  19.000  2.4290e-02
10.250  19.250  1.8113e-02
10.250  19.500  1.3203e-02
10.250  19.750  1.0258e-02
10.250  20.000  6.7043e-03
10.250  20.250  6.6766e-03
10.250  20.500  2.8056e-03
10.250  20.750  1.2577e-03
10.250  21.000  2.9317e-04
10.250  21.250  1.0000e-07
10.250  21.500  1.0000e-07
10.250  21.750  1.0000e-07
10.250  22.000  1.0000e-07
10.250  22.250  1.0000e-07
10.250  22.500  1.0000e-07
10.250  22.750  1.0000e-07
10.250  23.000  1.0000e-07
10.250  23.250  1.0000e-07
10.250  23.500  1.0000e-07
10.250  23.750  1.0000e-07
10.250  24.000  1.0000e-07
10.500  17.000  6.5046e-02
10.500  17.250  6.3724e-02
10.500  17.500  6.2104e-02
10.500  17.750  6.0046e-02
10.500  18.000  5.6295e-02
10.500  18.250  5.0580e-02
10.500  18.500  4.2806e-02
10.500  18.750  3.3761e-02
10.500  19.000  2.5213e-02
10.500  19.250  1.8435e-02
10.500  19.500  1.3218e-02
10.500  19.750  8.9917e-03
10.500  20.000  6.2800e-03
10.500  20.250  4.6133e-03
10.500  20.500  3.8500e-03
10.500  20.750  1.8584e-03
10.500  21.000  1.2677e-03
10.500  21.250  2.3860e-04
10.500  21.500  1.0000e-07
10.500  21.750  1.0000e-07
10.500  22.000  1.0000e-07
10.500  22.250  1.0000e-07
10.500  22.500  1.0000e-07
10.500  22.750  1.0000e-07
10.500  23.000  1.0000e-07
10.500  23.250  1.0000e-07
10.500  23.500  1.0000e-07
10.500  23.750  1.0000e-07
10.500  24.000  1.0000e-07
10.750  17.000  7.0382e-02
10.750  17.250  7.0768e-02
10.750  17.500  7.0273e-02
10.750  17.750  6.7993e-02
10.750  18.000  6.3334e-02
10.750  18.250  5.5530e-02
10.750  18.500  4.5792e-02
10.750  18.750  3.5411e-02
10.750  19.000  2.6262e-02
10.750  19.250  1.8814e-02
10.750  19.500  1.3164e-02
10.750  19.750  9.2004e-03
10.750  20.000  6.3268e-03
10.750  20.250  4.4520e-03
10.750  20.500  3.1976e-03
10.750  20.750  3.0984e-03
10.750  21.000  1.6590e-03
10.750  21.250  6.0881e-04
10.750  21.500  1.3029e-04
10.750  21.750  1.0000e-07
10.750  22.000  1.0000e-07
10.750  22.250  1.0000e-07
10.750  22.500  1.0000e-07
10.750  22.750  1.0000e-07
10.750  23.000  1.0000e-07
10.750  23.250  1.0000e-07
10.750  23.500  1.0000e-07
10.750  23.750  1.0000e-07
10.750  24.000  1.0000e-07
11.000  17.000  7.4957e-02
11.000  17.250  7.6948e-02
11.000  17.500  7.7558e-02
11.000  17.750  7.5411e-02
11.000  18.000  6.9771e-02
11.000  18.250  6.0192e-02
11.000  18.500  4.8913e-02
11.000  18.750  3.7457e-02
11.000  19.000  2.7569e-02
11.000  19.250  1.9709e-02
11.000  19.500  1.3749e-02
11.000  19.750  9.4523e-03
11.000  20.000  6.5542e-03
11.000  20.250  4.4988e-03
11.000  20.500  3.2753e-03
11.000  20.750  2.4909e-03
11.000  21.000  1.8450e-03
11.000  21.250  1.1529e-03
11.000  21.500  4.0955e-04
11.000  21.750  7.3416e-05
11.000  22.000  1.0000e-07
11.000  22.250  1.0000e-07
11.000  22.500  1.0000e-07
11.000  22.750  1.0000e-07
11.000  23.000  1.0000e-07
11.000  23.250  1.0000e-07
11.000  23.500  1.0000e-07
11.000  23.750  1.0000e-07
11.000  24.000  1.0000e-07
11.250  17.000  7.8412e-02
11.250  17.250  8.1855e-02
11.250  17.500  8.2906e-02
11.250  17.750  8.1286e-02
11.250  18.000  7.5578e-02
11.250  18.250  6.5050e-02
11.250  18.500  5.2340e-02
11.250  18.750  3.9976e-02
11.250  19.000  2.9360e-02
11.250  19.250  2.0865e-02
11.250  19.500  1.4532e-02
11.250  19.750  1.0006e-02
11.250  20.000  6.7469e-03
11.250  20.250  4.8381e-03
11.250  20.500  3.3582e-03
11.250  20.750  2.4137e-03
11.250  21.000  1.6795e-03
11.250  21.250  1.0613e-03
11.250  21.500  5.8354e-04
11.250  21.750  2.4280e-04
11.250  22.000  5.5144e-06
11.250  22.250  1.0000e-07
11.250  22.500  1.0000e-07
11.250  22.750  1.0000e-07
11.250  23.000  1.0000e-07
11.250  23.250  1.0000e-07
11.250  23.500  1.0000e-07
11.250  23.750  1.0000e-07
11.250  24.000  1.0000e-07
11.500  17.000  8.0414e-02
11.500  17.250  8.5012e-02
11.500  17.500  8.6517e-02
11.500  17.750  8.5236e-02
11.500  18.000  8.0227e-02
11.500  18.250  6.9743e-02
11.500  18.500  5.6220e-02
11.500  18.750  4.2962e-02
11.500  19.000  3.1513e-02
11.500  19.250  2.2424e-02
11.500  19.500  1.5428e-02
11.500  19.750  1.0544e-02
11.500  20.000  7.2002e-03
11.500  20.250  5.1427e-03
11.500  20.500  3.4677e-03
11.500  20.750  2.3129e-03
11.500  21.000  1.5416e-03
11.500  21.250  1.0233e-03
11.500  21.500  6.7322e-04
11.500  21.750  4.0626e-04
11.500  22.000  1.6272e-04
11.500  22.250  1.6461e-06
11.500  22.500  1.0000e-07
11.500  22.750  1.0000e-07
11.500  23.000  1.0000e-07
11.500  23.250  1.0000e-07
11.500  23.500  1.0000e-07
11.500  23.750  1.0000e-07
11.500  24.000  1.0000e-07
11.750  17.000  8.1034e-02
11.750  17.250  8.6233e-02
11.750  17.500  8.8379e-02
11.750  17.750  8.7356e-02
11.750  18.000  8.2941e-02
11.750  18.250  7.3330e-02
11.750  18.500  5.9594e-02
11.750  18.750  4.5800e-02
11.750  19.000  3.3725e-02
11.750  19.250  2.4033e-02
11.750  19.500  1.6445e-02
11.750  19.750  1.1152e-02
11.750  20.000  7.4889e-03
11.750  20.250  5.3940e-03
11.750  20.500  3.6629e-03
11.750  20.750  2.4452e-03
11.750  21.000  1.7119e-03
11.750  21.250  1.3026e-03
11.750  21.500  1.0675e-03
11.750  21.750  8.5710e-04
11.750  22.000  5.2156e-04
11.750  22.250  8.3374e-05
11.750  22.500  1.0000e-07
11.750  22.750  1.0000e-07
11.750  23.000  1.0000e-07
11.750  23.250  1.0000e-07
11.750  23.500  1.0000e-07
11.750  23.750  1.0000e-07
11.750  24.000  1.0000e-07
12.000  17.000  8.0544e-02
12.000  17.250  8.6031e-02
12.000  17.500  8.8656e-02
12.000  17.750  8.7774e-02
12.000  18.000  8.3654e-02
12.000  18.250  7.5268e-02
12.000  18.500  6.1739e-02
12.000  18.750  4.7570e-02
12.000  19.000  3.5452e-02
12.000  19.250  2.5458e-02
12.000  19.500  1.7785e-02
12.000  19.750  1.2218e-02
12.000  20.000  8.0199e-03
12.000  20.250  5.3514e-03
12.000  20.500  3.8060e-03
12.000  20.750  2.5223e-03
12.000  21.000  1.7765e-03
12.000  21.250  1.2238e-03
12.000  21.500  9.1704e-04
12.000  21.750  7.7093e-04
12.000  22.000  5.5449e-04
12.000  22.250  1.8444e-04
12.000  22.500  4.4938e-05
12.000  22.750  1.0000e-07
12.000  23.000  1.0000e-07
12.000  23.250  1.0000e-07
12.000  23.500  1.0000e-07
12.000  23.750  1.0000e-07
12.000  24.000  1.0000e-07
12.250  17.000  7.9827e-02
12.250  17.250  8.4942e-02
12.250  17.500  8.7836e-02
12.250  17.750  8.6829e-02
12.250  18.000  8.2914e-02
12.250  18.250  7.5484e-02
12.250  18.500  6.3021e-02
12.250  18.750  4.8454e-02
12.250  19.000  3.6203e-02
12.250  19.250  2.6406e-02
12.250  19.500  1.8681e-02
12.250  19.750  1.2881e-02
12.250  20.000  8.8365e-03
12.250  20.250  5.7199e-03
12.250  20.500  4.0855e-03
12.250  20.750  2.7399e-03
12.250  21.000  1.7527e-03
12.250  21.250  1.2679e-03
12.250  21.500  1.1348e-03
12.250  21.750  1.1158e-03
12.250  22.000  9.6337e-04
12.250  22.250  5.3778e-04
12.250  22.500  1.3169e-04
12.250  22.750  1.5885e-05
12.250  23.000  1.0000e-07
12.250  23.250  1.0000e-07
12.250  23.500  1.0000e-07
12.250  23.750  1.0000e-07
12.250  24.000  1.0000e-07
12.500  17.000  7.8246e-02
12.500  17.250  8.3559e-02
12.500  17.500  8.6476e-02
12.500  17.750  8.5250e-02
12.500  18.000  8.1415e-02
12.500  18.250  7.4281e-02
12.500  18.500  6.3178e-02
12.500  18.750  4.9005e-02
12.500  19.000  3.6078e-02
12.500  19.250  2.6510e-02
12.500  19.500  1.9127e-02
12.500  19.750  1.3430e-02
12.500  20.000  9.2193e-03
12.500  20.250  6.2802e-03
12.500  20.500  4.0592e-03
12.500  20.750  2.9309e-03
12.500  21.000  1.9227e-03
12.500  21.250  1.2044e-03
12.500  21.500  8.9202e-04
12.500  21.750  5.2033e-04
12.500  22.000  3.4996e-04
12.500  22.250  2.0239e-04
12.500  22.500  2.1119e-04
12.500  22.750  5.6461e-05
12.500  23.000  1.0000e-07
12.500  23.250  1.0000e-07
12.500  23.500  1.0000e-07
12.500  23.750  1.0000e-07
12.500  24.000  1.0000e-07
12.750  17.000  7.6102e-02
12.750  17.250  8.1745e-02
12.750  17.500  8.4927e-02
12.750  17.750  8.4291e-02
12.750  18.000  7.9674e-02
12.750  18.250  7.2488e-02
12.750  18.500  6.2144e-02
12.750  18.750  4.8974e-02
12.750  19.000  3.5972e-02
12.750  19.250  2.6053e-02
12.750  19.500  1.8839e-02
12.750  19.750  1.3555e-02
12.750  20.000  9.5134e-03
12.750  20.250  6.5240e-03
12.750  20.500  4.4591e-03
12.750  20.750  2.8734e-03
12.750  21.000  2.1605e-03
12.750  21.250  1.4551e-03
12.750  21.500  8.2198e-04
12.750  21.750  6.2543e-04
12.750  22.000  4.5387e-04
12.750  22.250  2.6922e-04
12.750  22.500  1.5970e-04
12.750  22.750  1.0000e-04
12.750  23.000  4.5432e-05
12.750  23.250  1.0000e-07
12.750  23.500  1.0000e-07
12.750  23.750  1.0000e-07
12.750  24.000  1.0000e-07
13.000  17.000  7.4206e-02
13.000  17.250  7.9972e-02
13.000  17.500  8.3605e-02
13.000  17.750  8.3283e-02
13.000  18.000  7.8457e-02
13.000  18.250  7.0703e-02
13.000  18.500  6.0428e-02
13.000  18.750  4.8282e-02
13.000  19.000  3.5849e-02
13.000  19.250  2.5697e-02
13.000  19.500  1.8367e-02
13.000  19.750  1.2914e-02
13.000  20.000  9.3900e-03
13.000  20.250  6.5769e-03
13.000  20.500  4.5367e-03
13.000  20.750  3.0880e-03
13.000  21.000  2.0838e-03
13.000  21.250  1.5226e-03
13.000  21.500  9.8049e-04
13.000  21.750  5.6140e-04
13.000  22.000  4.0938e-04
13.000  22.250  2.3391e-04
13.000  22.500  1.5226e-04
13.000  22.750  1.4239e-04
13.000  23.000  6.2222e-05
13.000  23.250  2.4774e-05
13.000  23.500  1.0000e-07
13.000  23.750  1.0000e-07
13.000  24.000  1.0000e-07
13.250  17.000  7.1579e-02
13.250  17.250  7.8218e-02
13.250  17.500  8.2285e-02
13.250  17.750  8.2644e-02
13.250  18.000  7.7982e-02
13.250  18.250  6.9411e-02
13.250  18.500  5.8919e-02
13.250  18.750  4.7108e-02
13.250  19.000  3.5446e-02
13.250  19.250  2.5459e-02
13.250  19.500  1.7913e-02
13.250  19.750  1.2660e-02
13.250  20.000  8.7212e-03
13.250  20.250  6.1800e-03
13.250  20.500  4.4562e-03
13.250  20.750  3.0457e-03
13.250  21.000  2.1168e-03
13.250  21.250  1.3146e-03
13.250  21.500  9.1523e-04
13.250  21.750  6.8922e-04
13.250  22.000  4.7086e-04
13.250  22.250  2.8988e-04
13.250  22.500  1.5868e-04
13.250  22.750  1.1498e-04
13.250  23.000  5.9424e-05
13.250  23.250  9.8930e-05
13.250  23.500  1.4403e-05
13.250  23.750  1.0000e-07
13.250  24.000  1.0000e-07
13.500  17.000  6.8630e-02
13.500  17.250  7.5827e-02
13.500  17.500  8.0801e-02
13.500  17.750  8.1308e-02
13.500  18.000  7.7238e-02
13.500  18.250  6.8680e-02
13.500  18.500  5.7468e-02
13.500  18.750  4.5805e-02
13.500  19.000  3.4602e-02
13.500  19.250  2.5121e-02
13.500  19.500  1.7716e-02
13.500  19.750  1.1993e-02
13.500  20.000  8.2447e-03
13.500  20.250  5.7928e-03
13.500  20.500  4.1941e-03
13.500  20.750  2.9412e-03
13.500  21.000  1.9267e-03
13.500  21.250  1.3557e-03
13.500  21.500  8.7465e-04
13.500  21.750  5.8815e-04
13.500  22.000  5.6000e-04
13.500  22.250  2.5613e-04
13.500  22.500  1.7193e-04
13.500  22.750  1.0683e-04
13.500  23.000  6.6914e-05
13.500  23.250  6.3786e-05
13.500  23.500  3.4568e-05
13.500  23.750  1.0370e-05
13.500  24.000  1.0000e-07
13.750  17.000  6.5566e-02
13.750  17.250  7.3176e-02
13.750  17.500  7.8813e-02
13.750  17.750  8.0288e-02
13.750  18.000  7.6127e-02
13.750  18.250  6.7670e-02
13.750  18.500  5.6321e-02
13.750  18.750  4.4416e-02
13.750  19.000  3.3471e-02
13.750  19.250  2.4380e-02
13.750  19.500  1.7227e-02
13.750  19.750  1.1829e-02
13.750  20.000  8.0509e-03
13.750  20.250  5.4969e-03
13.750  20.500  3.7951e-03
13.750  20.750  2.6514e-03
13.750  21.000  1.8624e-03
13.750  21.250  1.2535e-03
13.750  21.500  8.4412e-04
13.750  21.750  5.7597e-04
13.750  22.000  3.9819e-04
13.750  22.250  3.1794e-04
13.750  22.500  1.7251e-04
13.750  22.750  1.1926e-04
13.750  23.000  7.3333e-05
13.750  23.250  4.6831e-05
13.750  23.500  3.9342e-05
13.750  23.750  1.5062e-05
13.750  24.000  5.1852e-06
14.000  17.000  6.2358e-02
14.000  17.250  7.0484e-02
14.000  17.500  7.6415e-02
14.000  17.750  7.8532e-02
14.000  18.000  7.4628e-02
14.000  18.250  6.6218e-02
14.000  18.500  5.4834e-02
14.000  18.750  4.2900e-02
14.000  19.000  3.2244e-02
14.000  19.250  2.3536e-02
14.000  19.500  1.6841e-02
14.000  19.750  1.1652e-02
14.000  20.000  7.9315e-03
14.000  20.250  5.3416e-03
14.000  20.500  3.7102e-03
14.000  20.750  2.5914e-03
14.000  21.000  1.9717e-03
14.000  21.250  1.2808e-03
14.000  21.500  8.1342e-04
14.000  21.750  5.5457e-04
14.000  22.000  3.8049e-04
14.000  22.250  2.6551e-04
14.000  22.500  1.8947e-04
14.000  22.750  1.1556e-04
14.000  23.000  7.5720e-05
14.000  23.250  5.4733e-05
14.000  23.500  3.3745e-05
14.000  23.750  1.7778e-05
14.000  24.000  1.1852e-05
