Inwd 786.473A  relative to Inci 1215.00A scaled to 1215A.
Hden   Phi(H)  Eq_Width (A)
7.000  17.000  3.4099e-04
7.000  17.250  5.1663e-04
7.000  17.500  6.6988e-04
7.000  17.750  7.0864e-04
7.000  18.000  5.5309e-05
7.000  18.250  1.0000e-07
7.000  18.500  1.0000e-07
7.000  18.750  1.0000e-07
7.000  19.000  1.0000e-07
7.000  19.250  1.0000e-07
7.000  19.500  1.0000e-07
7.000  19.750  1.0000e-07
7.000  20.000  1.0000e-07
7.000  20.250  1.0000e-07
7.000  20.500  1.0000e-07
7.000  20.750  1.0000e-07
7.000  21.000  1.0000e-07
7.000  21.250  1.0000e-07
7.000  21.500  1.0000e-07
7.000  21.750  1.0000e-07
7.000  22.000  1.0000e-07
7.000  22.250  1.0000e-07
7.000  22.500  1.0000e-07
7.000  22.750  1.0000e-07
7.000  23.000  1.0000e-07
7.000  23.250  1.0000e-07
7.000  23.500  1.0000e-07
7.000  23.750  1.0000e-07
7.000  24.000  1.0000e-07
7.250  17.000  2.5078e-04
7.250  17.250  3.4856e-04
7.250  17.500  5.2774e-04
7.250  17.750  6.8156e-04
7.250  18.000  7.1498e-04
7.250  18.250  5.4897e-05
7.250  18.500  1.0000e-07
7.250  18.750  1.0000e-07
7.250  19.000  1.0000e-07
7.250  19.250  1.0000e-07
7.250  19.500  1.0000e-07
7.250  19.750  1.0000e-07
7.250  20.000  1.0000e-07
7.250  20.250  1.0000e-07
7.250  20.500  1.0000e-07
7.250  20.750  1.0000e-07
7.250  21.000  1.0000e-07
7.250  21.250  1.0000e-07
7.250  21.500  1.0000e-07
7.250  21.750  1.0000e-07
7.250  22.000  1.0000e-07
7.250  22.250  1.0000e-07
7.250  22.500  1.0000e-07
7.250  22.750  1.0000e-07
7.250  23.000  1.0000e-07
7.250  23.250  1.0000e-07
7.250  23.500  1.0000e-07
7.250  23.750  1.0000e-07
7.250  24.000  1.0000e-07
7.500  17.000  2.0658e-04
7.500  17.250  2.5728e-04
7.500  17.500  3.5597e-04
7.500  17.750  5.3745e-04
7.500  18.000  6.9235e-04
7.500  18.250  7.2058e-04
7.500  18.500  5.4403e-05
7.500  18.750  1.0000e-07
7.500  19.000  1.0000e-07
7.500  19.250  1.0000e-07
7.500  19.500  1.0000e-07
7.500  19.750  1.0000e-07
7.500  20.000  1.0000e-07
7.500  20.250  1.0000e-07
7.500  20.500  1.0000e-07
7.500  20.750  1.0000e-07
7.500  21.000  1.0000e-07
7.500  21.250  1.0000e-07
7.500  21.500  1.0000e-07
7.500  21.750  1.0000e-07
7.500  22.000  1.0000e-07
7.500  22.250  1.0000e-07
7.500  22.500  1.0000e-07
7.500  22.750  1.0000e-07
7.500  23.000  1.0000e-07
7.500  23.250  1.0000e-07
7.500  23.500  1.0000e-07
7.500  23.750  1.0000e-07
7.500  24.000  1.0000e-07
7.750  17.000  1.9119e-04
7.750  17.250  2.1210e-04
7.750  17.500  2.6296e-04
7.750  17.750  3.6230e-04
7.750  18.000  5.4584e-04
7.750  18.250  7.0140e-04
7.750  18.500  7.2494e-04
7.750  18.750  5.4074e-05
7.750  19.000  1.0000e-07
7.750  19.250  1.0000e-07
7.750  19.500  1.0000e-07
7.750  19.750  1.0000e-07
7.750  20.000  1.0000e-07
7.750  20.250  1.0000e-07
7.750  20.500  1.0000e-07
7.750  20.750  1.0000e-07
7.750  21.000  1.0000e-07
7.750  21.250  1.0000e-07
7.750  21.500  1.0000e-07
7.750  21.750  1.0000e-07
7.750  22.000  1.0000e-07
7.750  22.250  1.0000e-07
7.750  22.500  1.0000e-07
7.750  22.750  1.0000e-07
7.750  23.000  1.0000e-07
7.750  23.250  1.0000e-07
7.750  23.500  1.0000e-07
7.750  23.750  1.0000e-07
7.750  24.000  1.0000e-07
8.000  17.000  1.9021e-04
8.000  17.250  1.9556e-04
8.000  17.500  2.1605e-04
8.000  17.750  2.6700e-04
8.000  18.000  3.6691e-04
8.000  18.250  5.5259e-04
8.000  18.500  7.0996e-04
8.000  18.750  7.3037e-04
8.000  19.000  5.3498e-05
8.000  19.250  1.0000e-07
8.000  19.500  1.0000e-07
8.000  19.750  1.0000e-07
8.000  20.000  1.0000e-07
8.000  20.250  1.0000e-07
8.000  20.500  1.0000e-07
8.000  20.750  1.0000e-07
8.000  21.000  1.0000e-07
8.000  21.250  1.0000e-07
8.000  21.500  1.0000e-07
8.000  21.750  1.0000e-07
8.000  22.000  1.0000e-07
8.000  22.250  1.0000e-07
8.000  22.500  1.0000e-07
8.000  22.750  1.0000e-07
8.000  23.000  1.0000e-07
8.000  23.250  1.0000e-07
8.000  23.500  1.0000e-07
8.000  23.750  1.0000e-07
8.000  24.000  1.0000e-07
8.250  17.000  1.7457e-04
8.250  17.250  1.9465e-04
8.250  17.500  1.9951e-04
8.250  17.750  2.1992e-04
8.250  18.000  2.7128e-04
8.250  18.250  3.7202e-04
8.250  18.500  5.5901e-04
8.250  18.750  7.1638e-04
8.250  19.000  7.3152e-04
8.250  19.250  5.3004e-05
8.250  19.500  1.0000e-07
8.250  19.750  1.0000e-07
8.250  20.000  1.0000e-07
8.250  20.250  1.0000e-07
8.250  20.500  1.0000e-07
8.250  20.750  1.0000e-07
8.250  21.000  1.0000e-07
8.250  21.250  1.0000e-07
8.250  21.500  1.0000e-07
8.250  21.750  1.0000e-07
8.250  22.000  1.0000e-07
8.250  22.250  1.0000e-07
8.250  22.500  1.0000e-07
8.250  22.750  1.0000e-07
8.250  23.000  1.0000e-07
8.250  23.250  1.0000e-07
8.250  23.500  1.0000e-07
8.250  23.750  1.0000e-07
8.250  24.000  1.0000e-07
8.500  17.000  1.4189e-04
8.500  17.250  1.7794e-04
8.500  17.500  1.9802e-04
8.500  17.750  2.0263e-04
8.500  18.000  2.2346e-04
8.500  18.250  2.7580e-04
8.500  18.500  3.7770e-04
8.500  18.750  5.6650e-04
8.500  19.000  7.2420e-04
8.500  19.250  7.3177e-04
8.500  19.500  5.3909e-05
8.500  19.750  1.0000e-07
8.500  20.000  1.0000e-07
8.500  20.250  1.0000e-07
8.500  20.500  1.0000e-07
8.500  20.750  1.0000e-07
8.500  21.000  1.0000e-07
8.500  21.250  1.0000e-07
8.500  21.500  1.0000e-07
8.500  21.750  1.0000e-07
8.500  22.000  1.0000e-07
8.500  22.250  1.0000e-07
8.500  22.500  1.0000e-07
8.500  22.750  1.0000e-07
8.500  23.000  1.0000e-07
8.500  23.250  1.0000e-07
8.500  23.500  1.0000e-07
8.500  23.750  1.0000e-07
8.500  24.000  1.0000e-07
8.750  17.000  1.0354e-04
8.750  17.250  1.4444e-04
8.750  17.500  1.8074e-04
8.750  17.750  2.0082e-04
8.750  18.000  2.0560e-04
8.750  18.250  2.2724e-04
8.750  18.500  2.8091e-04
8.750  18.750  3.8535e-04
8.750  19.000  5.7802e-04
8.750  19.250  7.3860e-04
8.750  19.500  7.3300e-04
8.750  19.750  5.3333e-05
8.750  20.000  1.0000e-07
8.750  20.250  1.0000e-07
8.750  20.500  1.0000e-07
8.750  20.750  1.0000e-07
8.750  21.000  1.0000e-07
8.750  21.250  1.0000e-07
8.750  21.500  1.0000e-07
8.750  21.750  1.0000e-07
8.750  22.000  1.0000e-07
8.750  22.250  1.0000e-07
8.750  22.500  1.0000e-07
8.750  22.750  1.0000e-07
8.750  23.000  1.0000e-07
8.750  23.250  1.0000e-07
8.750  23.500  1.0000e-07
8.750  23.750  1.0000e-07
8.750  24.000  1.0000e-07
9.000  17.000  7.0535e-05
9.000  17.250  1.0609e-04
9.000  17.500  1.4700e-04
9.000  17.750  1.8321e-04
9.000  18.000  2.0329e-04
9.000  18.250  2.0864e-04
9.000  18.500  2.3193e-04
9.000  18.750  2.8856e-04
9.000  19.000  3.9852e-04
9.000  19.250  5.9959e-04
9.000  19.500  7.6831e-04
9.000  19.750  7.3547e-04
9.000  20.000  5.2840e-05
9.000  20.250  1.0000e-07
9.000  20.500  1.0000e-07
9.000  20.750  1.0000e-07
9.000  21.000  1.0000e-07
9.000  21.250  1.0000e-07
9.000  21.500  1.0000e-07
9.000  21.750  1.0000e-07
9.000  22.000  1.0000e-07
9.000  22.250  1.0000e-07
9.000  22.500  1.0000e-07
9.000  22.750  1.0000e-07
9.000  23.000  1.0000e-07
9.000  23.250  1.0000e-07
9.000  23.500  1.0000e-07
9.000  23.750  1.0000e-07
9.000  24.000  1.0000e-07
9.250  17.000  4.5679e-05
9.250  17.250  7.2922e-05
9.250  17.500  1.0938e-04
9.250  17.750  1.5095e-04
9.250  18.000  1.8650e-04
9.250  18.250  2.0626e-04
9.250  18.500  2.1267e-04
9.250  18.750  2.3934e-04
9.250  19.000  3.0239e-04
9.250  19.250  4.2379e-04
9.250  19.500  6.4247e-04
9.250  19.750  8.2757e-04
9.250  20.000  7.4971e-04
9.250  20.250  5.2263e-05
9.250  20.500  1.0000e-07
9.250  20.750  1.0000e-07
9.250  21.000  1.0000e-07
9.250  21.250  1.0000e-07
9.250  21.500  1.0000e-07
9.250  21.750  1.0000e-07
9.250  22.000  1.0000e-07
9.250  22.250  1.0000e-07
9.250  22.500  1.0000e-07
9.250  22.750  1.0000e-07
9.250  23.000  1.0000e-07
9.250  23.250  1.0000e-07
9.250  23.500  1.0000e-07
9.250  23.750  1.0000e-07
9.250  24.000  1.0000e-07
9.500  17.000  2.6749e-05
9.500  17.250  4.6914e-05
9.500  17.500  7.5720e-05
9.500  17.750  1.1333e-04
9.500  18.000  1.5514e-04
9.500  18.250  1.9086e-04
9.500  18.500  2.1070e-04
9.500  18.750  2.1885e-04
9.500  19.000  2.5267e-04
9.500  19.250  3.2947e-04
9.500  19.500  4.7276e-04
9.500  19.750  7.1918e-04
9.500  20.000  9.2650e-04
9.500  20.250  7.8634e-04
9.500  20.500  5.1770e-05
9.500  20.750  1.0000e-07
9.500  21.000  1.0000e-07
9.500  21.250  1.0000e-07
9.500  21.500  1.0000e-07
9.500  21.750  1.0000e-07
9.500  22.000  1.0000e-07
9.500  22.250  1.0000e-07
9.500  22.500  1.0000e-07
9.500  22.750  1.0000e-07
9.500  23.000  1.0000e-07
9.500  23.250  1.0000e-07
9.500  23.500  1.0000e-07
9.500  23.750  1.0000e-07
9.500  24.000  1.0000e-07
9.750  17.000  1.1605e-05
9.750  17.250  2.7325e-05
9.750  17.500  4.8724e-05
9.750  17.750  7.9342e-05
9.750  18.000  1.1835e-04
9.750  18.250  1.6074e-04
9.750  18.500  1.9654e-04
9.750  18.750  2.1630e-04
9.750  19.000  2.3029e-04
9.750  19.250  2.7885e-04
9.750  19.500  3.7885e-04
9.750  19.750  5.5169e-04
9.750  20.000  8.2584e-04
9.750  20.250  1.0580e-03
9.750  20.500  8.3572e-04
9.750  20.750  5.1358e-05
9.750  21.000  1.0000e-07
9.750  21.250  1.0000e-07
9.750  21.500  1.0000e-07
9.750  21.750  1.0000e-07
9.750  22.000  1.0000e-07
9.750  22.250  1.0000e-07
9.750  22.500  1.0000e-07
9.750  22.750  1.0000e-07
9.750  23.000  1.0000e-07
9.750  23.250  1.0000e-07
9.750  23.500  1.0000e-07
9.750  23.750  1.0000e-07
9.750  24.000  1.0000e-07
10.000  17.000  2.6337e-06
10.000  17.250  1.2016e-05
10.000  17.500  2.8313e-05
10.000  17.750  5.1111e-05
10.000  18.000  8.3786e-05
10.000  18.250  1.2486e-04
10.000  18.500  1.6807e-04
10.000  18.750  2.0412e-04
10.000  19.000  2.2436e-04
10.000  19.250  2.5292e-04
10.000  19.500  3.2444e-04
10.000  19.750  4.5358e-04
10.000  20.000  6.5761e-04
10.000  20.250  9.6354e-04
10.000  20.500  1.2067e-03
10.000  20.750  8.8988e-04
10.000  21.000  5.1029e-05
10.000  21.250  1.0000e-07
10.000  21.500  1.0000e-07
10.000  21.750  1.0000e-07
10.000  22.000  1.0000e-07
10.000  22.250  1.0000e-07
10.000  22.500  1.0000e-07
10.000  22.750  1.0000e-07
10.000  23.000  1.0000e-07
10.000  23.250  1.0000e-07
10.000  23.500  1.0000e-07
10.000  23.750  1.0000e-07
10.000  24.000  1.0000e-07
10.250  17.000  1.0000e-07
10.250  17.250  2.6337e-06
10.250  17.500  1.2840e-05
10.250  17.750  2.9712e-05
10.250  18.000  5.4321e-05
10.250  18.250  8.9136e-05
10.250  18.500  1.3251e-04
10.250  18.750  1.7712e-04
10.250  19.000  2.1473e-04
10.250  19.250  2.4091e-04
10.250  19.500  2.9366e-04
10.250  19.750  3.9424e-04
10.250  20.000  5.5564e-04
10.250  20.250  7.9325e-04
10.250  20.500  1.1357e-03
10.250  20.750  1.4086e-03
10.250  21.000  9.6741e-04
10.250  21.250  5.1029e-05
10.250  21.500  1.0000e-07
10.250  21.750  1.0000e-07
10.250  22.000  1.0000e-07
10.250  22.250  1.0000e-07
10.250  22.500  1.0000e-07
10.250  22.750  1.0000e-07
10.250  23.000  1.0000e-07
10.250  23.250  1.0000e-07
10.250  23.500  1.0000e-07
10.250  23.750  1.0000e-07
10.250  24.000  1.0000e-07
10.500  17.000  1.0000e-07
10.500  17.250  1.0000e-07
10.500  17.500  3.0453e-06
10.500  17.750  1.4074e-05
10.500  18.000  3.1770e-05
10.500  18.250  5.8272e-05
10.500  18.500  9.5226e-05
10.500  18.750  1.4091e-04
10.500  19.000  1.8872e-04
10.500  19.250  2.3021e-04
10.500  19.500  2.7934e-04
10.500  19.750  3.6156e-04
10.500  20.000  4.9860e-04
10.500  20.250  7.0000e-04
10.500  20.500  9.6930e-04
10.500  20.750  1.3631e-03
10.500  21.000  1.6430e-03
10.500  21.250  9.9432e-04
10.500  21.500  5.1193e-05
10.500  21.750  1.0000e-07
10.500  22.000  1.0000e-07
10.500  22.250  1.0000e-07
10.500  22.500  1.0000e-07
10.500  22.750  1.0000e-07
10.500  23.000  1.0000e-07
10.500  23.250  1.0000e-07
10.500  23.500  1.0000e-07
10.500  23.750  1.0000e-07
10.500  24.000  1.0000e-07
10.750  17.000  1.0000e-07
10.750  17.250  1.0000e-07
10.750  17.500  1.0000e-07
10.750  17.750  3.8683e-06
10.750  18.000  1.6296e-05
10.750  18.250  3.4403e-05
10.750  18.500  6.2058e-05
10.750  18.750  1.0123e-04
10.750  19.000  1.5078e-04
10.750  19.250  2.0527e-04
10.750  19.500  2.5951e-04
10.750  19.750  3.5128e-04
10.750  20.000  4.7416e-04
10.750  20.250  6.6206e-04
10.750  20.500  9.1893e-04
10.750  20.750  1.2307e-03
10.750  21.000  1.6742e-03
10.750  21.250  1.9269e-03
10.750  21.500  1.0402e-03
10.750  21.750  5.1770e-05
10.750  22.000  1.0000e-07
10.750  22.250  1.0000e-07
10.750  22.500  1.0000e-07
10.750  22.750  1.0000e-07
10.750  23.000  1.0000e-07
10.750  23.250  1.0000e-07
10.750  23.500  1.0000e-07
10.750  23.750  1.0000e-07
10.750  24.000  1.0000e-07
11.000  17.000  1.0000e-07
11.000  17.250  1.0000e-07
11.000  17.500  1.0000e-07
11.000  17.750  1.0000e-07
11.000  18.000  5.6790e-06
11.000  18.250  1.9095e-05
11.000  18.500  3.6790e-05
11.000  18.750  6.5844e-05
11.000  19.000  1.0790e-04
11.000  19.250  1.6412e-04
11.000  19.500  2.3111e-04
11.000  19.750  3.2790e-04
11.000  20.000  4.7770e-04
11.000  20.250  6.6296e-04
11.000  20.500  9.2708e-04
11.000  20.750  1.2593e-03
11.000  21.000  1.6194e-03
11.000  21.250  2.0825e-03
11.000  21.500  2.1939e-03
11.000  21.750  9.5399e-04
11.000  22.000  5.1276e-05
11.000  22.250  1.0000e-07
11.000  22.500  1.0000e-07
11.000  22.750  1.0000e-07
11.000  23.000  1.0000e-07
11.000  23.250  1.0000e-07
11.000  23.500  1.0000e-07
11.000  23.750  1.0000e-07
11.000  24.000  1.0000e-07
11.250  17.000  1.0000e-07
11.250  17.250  1.0000e-07
11.250  17.500  1.0000e-07
11.250  17.750  1.0000e-07
11.250  18.000  1.3169e-06
11.250  18.250  8.1481e-06
11.250  18.500  2.1564e-05
11.250  18.750  3.9259e-05
11.250  19.000  6.9712e-05
11.250  19.250  1.1630e-04
11.250  19.500  1.8420e-04
11.250  19.750  2.7300e-04
11.250  20.000  4.5202e-04
11.250  20.250  6.9333e-04
11.250  20.500  9.7457e-04
11.250  20.750  1.3480e-03
11.250  21.000  1.7651e-03
11.250  21.250  2.1409e-03
11.250  21.500  2.4734e-03
11.250  21.750  2.2940e-03
11.250  22.000  4.4082e-04
11.250  22.250  5.2675e-05
11.250  22.500  1.0000e-07
11.250  22.750  1.0000e-07
11.250  23.000  1.0000e-07
11.250  23.250  1.0000e-07
11.250  23.500  1.0000e-07
11.250  23.750  1.0000e-07
11.250  24.000  1.0000e-07
11.500  17.000  1.0000e-07
11.500  17.250  1.0000e-07
11.500  17.500  1.0000e-07
11.500  17.750  1.0000e-07
11.500  18.000  1.0000e-07
11.500  18.250  2.1399e-06
11.500  18.500  1.0288e-05
11.500  18.750  2.3621e-05
11.500  19.000  4.1646e-05
11.500  19.250  7.4486e-05
11.500  19.500  1.2831e-04
11.500  19.750  2.1597e-04
11.500  20.000  3.5539e-04
11.500  20.250  6.6198e-04
11.500  20.500  1.0398e-03
11.500  20.750  1.4495e-03
11.500  21.000  1.9487e-03
11.500  21.250  2.3923e-03
11.500  21.500  2.6834e-03
11.500  21.750  2.6807e-03
11.500  22.000  2.2893e-03
11.500  22.250  2.4008e-04
11.500  22.500  5.1852e-05
11.500  22.750  1.0000e-07
11.500  23.000  1.0000e-07
11.500  23.250  1.0000e-07
11.500  23.500  1.0000e-07
11.500  23.750  1.0000e-07
11.500  24.000  1.0000e-07
11.750  17.000  1.0000e-07
11.750  17.250  1.0000e-07
11.750  17.500  1.0000e-07
11.750  17.750  1.0000e-07
11.750  18.000  1.0000e-07
11.750  18.250  1.0000e-07
11.750  18.500  2.9630e-06
11.750  18.750  1.1687e-05
11.750  19.000  2.5350e-05
11.750  19.250  4.3951e-05
11.750  19.500  8.0741e-05
11.750  19.750  1.4675e-04
11.750  20.000  2.6626e-04
11.750  20.250  4.9992e-04
11.750  20.500  9.8881e-04
11.750  20.750  1.5455e-03
11.750  21.000  2.1002e-03
11.750  21.250  2.6919e-03
11.750  21.500  3.0615e-03
11.750  21.750  3.1007e-03
11.750  22.000  2.7888e-03
11.750  22.250  2.1899e-03
11.750  22.500  2.0082e-04
11.750  22.750  5.1770e-05
11.750  23.000  1.0000e-07
11.750  23.250  1.0000e-07
11.750  23.500  1.0000e-07
11.750  23.750  1.0000e-07
11.750  24.000  1.0000e-07
12.000  17.000  1.0000e-07
12.000  17.250  1.0000e-07
12.000  17.500  1.0000e-07
12.000  17.750  1.0000e-07
12.000  18.000  1.0000e-07
12.000  18.250  1.0000e-07
12.000  18.500  1.0000e-07
12.000  18.750  3.5391e-06
12.000  19.000  1.2922e-05
12.000  19.250  2.6749e-05
12.000  19.500  4.6584e-05
12.000  19.750  8.9712e-05
12.000  20.000  1.7646e-04
12.000  20.250  3.4626e-04
12.000  20.500  7.3440e-04
12.000  20.750  1.4480e-03
12.000  21.000  2.1819e-03
12.000  21.250  2.8637e-03
12.000  21.500  3.4836e-03
12.000  21.750  3.7167e-03
12.000  22.000  3.3607e-03
12.000  22.250  2.8034e-03
12.000  22.500  2.1381e-03
12.000  22.750  1.8609e-04
12.000  23.000  5.1440e-05
12.000  23.250  1.0000e-07
12.000  23.500  1.0000e-07
12.000  23.750  1.0000e-07
12.000  24.000  1.0000e-07
12.250  17.000  1.0000e-07
12.250  17.250  1.0000e-07
12.250  17.500  1.0000e-07
12.250  17.750  1.0000e-07
12.250  18.000  1.0000e-07
12.250  18.250  1.0000e-07
12.250  18.500  1.0000e-07
12.250  18.750  1.0000e-07
12.250  19.000  3.9506e-06
12.250  19.250  1.3827e-05
12.250  19.500  2.7984e-05
12.250  19.750  4.9794e-05
12.250  20.000  1.0362e-04
12.250  20.250  2.2461e-04
12.250  20.500  4.6922e-04
12.250  20.750  1.0550e-03
12.250  21.000  1.9320e-03
12.250  21.250  2.8446e-03
12.250  21.500  3.6668e-03
12.250  21.750  4.3327e-03
12.250  22.000  4.3222e-03
12.250  22.250  3.4976e-03
12.250  22.500  2.8162e-03
12.250  22.750  2.0982e-03
12.250  23.000  1.9202e-04
12.250  23.250  5.0782e-05
12.250  23.500  1.0000e-07
12.250  23.750  1.0000e-07
12.250  24.000  1.0000e-07
12.500  17.000  1.0000e-07
12.500  17.250  1.0000e-07
12.500  17.500  1.0000e-07
12.500  17.750  1.0000e-07
12.500  18.000  1.0000e-07
12.500  18.250  1.0000e-07
12.500  18.500  1.0000e-07
12.500  18.750  1.0000e-07
12.500  19.000  1.0000e-07
12.500  19.250  4.2798e-06
12.500  19.500  1.4486e-05
12.500  19.750  2.9136e-05
12.500  20.000  5.4486e-05
12.500  20.250  1.2584e-04
12.500  20.500  2.9959e-04
12.500  20.750  6.3646e-04
12.500  21.000  1.3908e-03
12.500  21.250  2.3922e-03
12.500  21.500  3.4823e-03
12.500  21.750  4.4982e-03
12.500  22.000  5.1763e-03
12.500  22.250  4.8063e-03
12.500  22.500  3.6700e-03
12.500  22.750  2.8667e-03
12.500  23.000  2.0467e-03
12.500  23.250  1.9111e-04
12.500  23.500  4.7572e-05
12.500  23.750  1.0000e-07
12.500  24.000  1.0000e-07
12.750  17.000  1.0000e-07
12.750  17.250  1.0000e-07
12.750  17.500  1.0000e-07
12.750  17.750  1.0000e-07
12.750  18.000  1.0000e-07
12.750  18.250  1.0000e-07
12.750  18.500  1.0000e-07
12.750  18.750  1.0000e-07
12.750  19.000  1.0000e-07
12.750  19.250  1.0000e-07
12.750  19.500  4.5267e-06
12.750  19.750  1.5144e-05
12.750  20.000  3.0453e-05
12.750  20.250  6.0823e-05
12.750  20.500  1.5918e-04
12.750  20.750  3.9992e-04
12.750  21.000  8.2025e-04
12.750  21.250  1.6714e-03
12.750  21.500  2.8011e-03
12.750  21.750  4.0836e-03
12.750  22.000  5.2378e-03
12.750  22.250  5.7905e-03
12.750  22.500  5.1419e-03
12.750  22.750  3.7780e-03
12.750  23.000  2.8763e-03
12.750  23.250  1.9238e-03
12.750  23.500  1.9654e-04
12.750  23.750  4.6420e-05
12.750  24.000  1.0000e-07
13.000  17.000  1.0000e-07
13.000  17.250  1.0000e-07
13.000  17.500  1.0000e-07
13.000  17.750  1.0000e-07
13.000  18.000  1.0000e-07
13.000  18.250  1.0000e-07
13.000  18.500  1.0000e-07
13.000  18.750  1.0000e-07
13.000  19.000  1.0000e-07
13.000  19.250  1.0000e-07
13.000  19.500  1.0000e-07
13.000  19.750  4.6091e-06
13.000  20.000  1.5473e-05
13.000  20.250  3.1687e-05
13.000  20.500  6.9218e-05
13.000  20.750  1.9885e-04
13.000  21.000  4.9202e-04
13.000  21.250  9.5531e-04
13.000  21.500  1.9007e-03
13.000  21.750  3.1295e-03
13.000  22.000  4.5128e-03
13.000  22.250  5.7512e-03
13.000  22.500  6.1704e-03
13.000  22.750  5.2894e-03
13.000  23.000  3.7981e-03
13.000  23.250  2.8578e-03
13.000  23.500  1.7259e-03
13.000  23.750  2.0329e-04
13.000  24.000  3.9424e-05
13.250  17.000  1.0000e-07
13.250  17.250  1.0000e-07
13.250  17.500  1.0000e-07
13.250  17.750  1.0000e-07
13.250  18.000  1.0000e-07
13.250  18.250  1.0000e-07
13.250  18.500  1.0000e-07
13.250  18.750  1.0000e-07
13.250  19.000  1.0000e-07
13.250  19.250  1.0000e-07
13.250  19.500  1.0000e-07
13.250  19.750  8.2305e-07
13.250  20.000  4.6914e-06
13.250  20.250  1.5556e-05
13.250  20.500  3.2510e-05
13.250  20.750  7.4486e-05
13.250  21.000  2.2724e-04
13.250  21.250  5.5202e-04
13.250  21.500  1.0909e-03
13.250  21.750  2.1418e-03
13.250  22.000  3.3869e-03
13.250  22.250  4.7877e-03
13.250  22.500  5.9644e-03
13.250  22.750  6.2287e-03
13.250  23.000  5.2267e-03
13.250  23.250  3.7543e-03
13.250  23.500  2.8184e-03
13.250  23.750  1.5146e-03
13.250  24.000  2.1086e-04
13.500  17.000  1.0000e-07
13.500  17.250  1.0000e-07
13.500  17.500  1.0000e-07
13.500  17.750  1.0000e-07
13.500  18.000  1.0000e-07
13.500  18.250  1.0000e-07
13.500  18.500  1.0000e-07
13.500  18.750  1.0000e-07
13.500  19.000  1.0000e-07
13.500  19.250  1.0000e-07
13.500  19.500  1.0000e-07
13.500  19.750  1.0000e-07
13.500  20.000  8.2305e-07
13.500  20.250  4.7737e-06
13.500  20.500  1.5802e-05
13.500  20.750  3.2757e-05
13.500  21.000  7.8436e-05
13.500  21.250  2.5588e-04
13.500  21.500  6.7111e-04
13.500  21.750  1.3396e-03
13.500  22.000  2.5437e-03
13.500  22.250  3.7900e-03
13.500  22.500  4.9779e-03
13.500  22.750  5.8938e-03
13.500  23.000  5.9984e-03
13.500  23.250  5.0513e-03
13.500  23.500  3.6699e-03
13.500  23.750  2.7771e-03
13.500  24.000  1.3447e-03
13.750  17.000  1.0000e-07
13.750  17.250  1.0000e-07
13.750  17.500  1.0000e-07
13.750  17.750  1.0000e-07
13.750  18.000  1.0000e-07
13.750  18.250  1.0000e-07
13.750  18.500  1.0000e-07
13.750  18.750  1.0000e-07
13.750  19.000  1.0000e-07
13.750  19.250  1.0000e-07
13.750  19.500  1.0000e-07
13.750  19.750  1.0000e-07
13.750  20.000  1.0000e-07
13.750  20.250  9.0535e-07
13.750  20.500  5.0206e-06
13.750  20.750  1.6214e-05
13.750  21.000  3.3251e-05
13.750  21.250  8.5844e-05
13.750  21.500  3.2321e-04
13.750  21.750  8.9844e-04
13.750  22.000  1.7285e-03
13.750  22.250  2.9260e-03
13.750  22.500  4.0883e-03
13.750  22.750  4.9319e-03
13.750  23.000  5.4812e-03
13.750  23.250  5.4863e-03
13.750  23.500  4.6970e-03
13.750  23.750  3.4880e-03
13.750  24.000  2.6636e-03
14.000  17.000  1.0000e-07
14.000  17.250  1.0000e-07
14.000  17.500  1.0000e-07
14.000  17.750  1.0000e-07
14.000  18.000  1.0000e-07
14.000  18.250  1.0000e-07
14.000  18.500  1.0000e-07
14.000  18.750  1.0000e-07
14.000  19.000  1.0000e-07
14.000  19.250  1.0000e-07
14.000  19.500  1.0000e-07
14.000  19.750  1.0000e-07
14.000  20.000  1.0000e-07
14.000  20.250  1.0000e-07
14.000  20.500  9.8765e-07
14.000  20.750  5.4321e-06
14.000  21.000  1.6872e-05
14.000  21.250  3.4568e-05
14.000  21.500  1.0058e-04
14.000  21.750  4.4658e-04
14.000  22.000  1.2314e-03
14.000  22.250  2.1533e-03
14.000  22.500  3.1546e-03
14.000  22.750  3.9802e-03
14.000  23.000  4.4579e-03
14.000  23.250  4.7630e-03
14.000  23.500  4.7195e-03
14.000  23.750  4.1083e-03
14.000  24.000  3.1166e-03
