nFnu 2700.00A  relative to Inci 1215.00A scaled to 1215A.
Hden   Phi(H)  Eq_Width (A)
7.000  17.000  2.9457e-01
7.000  17.250  2.8622e-01
7.000  17.500  2.6935e-01
7.000  17.750  1.9310e-01
7.000  18.000  1.5042e-01
7.000  18.250  1.3006e-01
7.000  18.500  1.2021e-01
7.000  18.750  1.1659e-01
7.000  19.000  1.1493e-01
7.000  19.250  1.1398e-01
7.000  19.500  1.1359e-01
7.000  19.750  1.1343e-01
7.000  20.000  1.1337e-01
7.000  20.250  1.1334e-01
7.000  20.500  1.1332e-01
7.000  20.750  1.1331e-01
7.000  21.000  1.1331e-01
7.000  21.250  1.1331e-01
7.000  21.500  1.1331e-01
7.000  21.750  1.1331e-01
7.000  22.000  1.1331e-01
7.000  22.250  1.1330e-01
7.000  22.500  1.1331e-01
7.000  22.750  1.1331e-01
7.000  23.000  1.1331e-01
7.000  23.250  1.1331e-01
7.000  23.500  1.1331e-01
7.000  23.750  1.1331e-01
7.000  24.000  1.1331e-01
7.250  17.000  2.9605e-01
7.250  17.250  3.0422e-01
7.250  17.500  2.9006e-01
7.250  17.750  2.6852e-01
7.250  18.000  1.9282e-01
7.250  18.250  1.5033e-01
7.250  18.500  1.3003e-01
7.250  18.750  1.2021e-01
7.250  19.000  1.1659e-01
7.250  19.250  1.1493e-01
7.250  19.500  1.1398e-01
7.250  19.750  1.1359e-01
7.250  20.000  1.1343e-01
7.250  20.250  1.1337e-01
7.250  20.500  1.1334e-01
7.250  20.750  1.1332e-01
7.250  21.000  1.1331e-01
7.250  21.250  1.1331e-01
7.250  21.500  1.1331e-01
7.250  21.750  1.1331e-01
7.250  22.000  1.1330e-01
7.250  22.250  1.1330e-01
7.250  22.500  1.1330e-01
7.250  22.750  1.1330e-01
7.250  23.000  1.1330e-01
7.250  23.250  1.1331e-01
7.250  23.500  1.1330e-01
7.250  23.750  1.1330e-01
7.250  24.000  1.1330e-01
7.500  17.000  2.8289e-01
7.500  17.250  3.0575e-01
7.500  17.500  3.1409e-01
7.500  17.750  2.9444e-01
7.500  18.000  2.6774e-01
7.500  18.250  1.9259e-01
7.500  18.500  1.5025e-01
7.500  18.750  1.2999e-01
7.500  19.000  1.2020e-01
7.500  19.250  1.1659e-01
7.500  19.500  1.1493e-01
7.500  19.750  1.1398e-01
7.500  20.000  1.1359e-01
7.500  20.250  1.1343e-01
7.500  20.500  1.1337e-01
7.500  20.750  1.1334e-01
7.500  21.000  1.1332e-01
7.500  21.250  1.1331e-01
7.500  21.500  1.1331e-01
7.500  21.750  1.1331e-01
7.500  22.000  1.1330e-01
7.500  22.250  1.1330e-01
7.500  22.500  1.1330e-01
7.500  22.750  1.1330e-01
7.500  23.000  1.1330e-01
7.500  23.250  1.1330e-01
7.500  23.500  1.1330e-01
7.500  23.750  1.1330e-01
7.500  24.000  1.1330e-01
7.750  17.000  2.7078e-01
7.750  17.250  2.9170e-01
7.750  17.500  3.1828e-01
7.750  17.750  3.2759e-01
7.750  18.000  2.9988e-01
7.750  18.250  2.6697e-01
7.750  18.500  1.9238e-01
7.750  18.750  1.5017e-01
7.750  19.000  1.2995e-01
7.750  19.250  1.2020e-01
7.750  19.500  1.1659e-01
7.750  19.750  1.1493e-01
7.750  20.000  1.1398e-01
7.750  20.250  1.1359e-01
7.750  20.500  1.1343e-01
7.750  20.750  1.1337e-01
7.750  21.000  1.1334e-01
7.750  21.250  1.1332e-01
7.750  21.500  1.1331e-01
7.750  21.750  1.1331e-01
7.750  22.000  1.1331e-01
7.750  22.250  1.1331e-01
7.750  22.500  1.1330e-01
7.750  22.750  1.1330e-01
7.750  23.000  1.1330e-01
7.750  23.250  1.1330e-01
7.750  23.500  1.1330e-01
7.750  23.750  1.1330e-01
7.750  24.000  1.1330e-01
8.000  17.000  2.6075e-01
8.000  17.250  2.7629e-01
8.000  17.500  3.0189e-01
8.000  17.750  3.3506e-01
8.000  18.000  3.4501e-01
8.000  18.250  3.0509e-01
8.000  18.500  2.6609e-01
8.000  18.750  1.9215e-01
8.000  19.000  1.5009e-01
8.000  19.250  1.2991e-01
8.000  19.500  1.2020e-01
8.000  19.750  1.1659e-01
8.000  20.000  1.1493e-01
8.000  20.250  1.1398e-01
8.000  20.500  1.1359e-01
8.000  20.750  1.1343e-01
8.000  21.000  1.1337e-01
8.000  21.250  1.1334e-01
8.000  21.500  1.1332e-01
8.000  21.750  1.1331e-01
8.000  22.000  1.1331e-01
8.000  22.250  1.1331e-01
8.000  22.500  1.1331e-01
8.000  22.750  1.1330e-01
8.000  23.000  1.1330e-01
8.000  23.250  1.1330e-01
8.000  23.500  1.1330e-01
8.000  23.750  1.1330e-01
8.000  24.000  1.1330e-01
8.250  17.000  2.5765e-01
8.250  17.250  2.6837e-01
8.250  17.500  2.8849e-01
8.250  17.750  3.2278e-01
8.250  18.000  3.6705e-01
8.250  18.250  3.7046e-01
8.250  18.500  3.1493e-01
8.250  18.750  2.6516e-01
8.250  19.000  1.9196e-01
8.250  19.250  1.4999e-01
8.250  19.500  1.2986e-01
8.250  19.750  1.2019e-01
8.250  20.000  1.1659e-01
8.250  20.250  1.1493e-01
8.250  20.500  1.1398e-01
8.250  20.750  1.1359e-01
8.250  21.000  1.1343e-01
8.250  21.250  1.1337e-01
8.250  21.500  1.1334e-01
8.250  21.750  1.1332e-01
8.250  22.000  1.1331e-01
8.250  22.250  1.1331e-01
8.250  22.500  1.1331e-01
8.250  22.750  1.1330e-01
8.250  23.000  1.1330e-01
8.250  23.250  1.1330e-01
8.250  23.500  1.1330e-01
8.250  23.750  1.1330e-01
8.250  24.000  1.1330e-01
8.500  17.000  2.5654e-01
8.500  17.250  2.6521e-01
8.500  17.500  2.8038e-01
8.500  17.750  3.1033e-01
8.500  18.000  3.6215e-01
8.500  18.250  4.1851e-01
8.500  18.500  4.0000e-01
8.500  18.750  3.2521e-01
8.500  19.000  2.6409e-01
8.500  19.250  1.9175e-01
8.500  19.500  1.4988e-01
8.500  19.750  1.2981e-01
8.500  20.000  1.2019e-01
8.500  20.250  1.1659e-01
8.500  20.500  1.1493e-01
8.500  20.750  1.1398e-01
8.500  21.000  1.1359e-01
8.500  21.250  1.1343e-01
8.500  21.500  1.1337e-01
8.500  21.750  1.1334e-01
8.500  22.000  1.1332e-01
8.500  22.250  1.1331e-01
8.500  22.500  1.1331e-01
8.500  22.750  1.1331e-01
8.500  23.000  1.1330e-01
8.500  23.250  1.1330e-01
8.500  23.500  1.1330e-01
8.500  23.750  1.1330e-01
8.500  24.000  1.1330e-01
8.750  17.000  2.5525e-01
8.750  17.250  2.6434e-01
8.750  17.500  2.7770e-01
8.750  17.750  3.0231e-01
8.750  18.000  3.5157e-01
8.750  18.250  4.2859e-01
8.750  18.500  4.8166e-01
8.750  18.750  4.2649e-01
8.750  19.000  3.3456e-01
8.750  19.250  2.6287e-01
8.750  19.500  1.9151e-01
8.750  19.750  1.4976e-01
8.750  20.000  1.2975e-01
8.750  20.250  1.2019e-01
8.750  20.500  1.1659e-01
8.750  20.750  1.1493e-01
8.750  21.000  1.1398e-01
8.750  21.250  1.1359e-01
8.750  21.500  1.1343e-01
8.750  21.750  1.1337e-01
8.750  22.000  1.1334e-01
8.750  22.250  1.1332e-01
8.750  22.500  1.1331e-01
8.750  22.750  1.1331e-01
8.750  23.000  1.1331e-01
8.750  23.250  1.1331e-01
8.750  23.500  1.1330e-01
8.750  23.750  1.1330e-01
8.750  24.000  1.1330e-01
9.000  17.000  2.5251e-01
9.000  17.250  2.6345e-01
9.000  17.500  2.7787e-01
9.000  17.750  3.0151e-01
9.000  18.000  3.4651e-01
9.000  18.250  4.2491e-01
9.000  18.500  5.1339e-01
9.000  18.750  5.3899e-01
9.000  19.000  4.4711e-01
9.000  19.250  3.4728e-01
9.000  19.500  2.6161e-01
9.000  19.750  1.9123e-01
9.000  20.000  1.4962e-01
9.000  20.250  1.2968e-01
9.000  20.500  1.2018e-01
9.000  20.750  1.1659e-01
9.000  21.000  1.1493e-01
9.000  21.250  1.1398e-01
9.000  21.500  1.1359e-01
9.000  21.750  1.1343e-01
9.000  22.000  1.1337e-01
9.000  22.250  1.1334e-01
9.000  22.500  1.1332e-01
9.000  22.750  1.1331e-01
9.000  23.000  1.1331e-01
9.000  23.250  1.1331e-01
9.000  23.500  1.1331e-01
9.000  23.750  1.1330e-01
9.000  24.000  1.1330e-01
9.250  17.000  2.4773e-01
9.250  17.250  2.6131e-01
9.250  17.500  2.7878e-01
9.250  17.750  3.0550e-01
9.250  18.000  3.5283e-01
9.250  18.250  4.3019e-01
9.250  18.500  5.2096e-01
9.250  18.750  5.9818e-01
9.250  19.000  5.9070e-01
9.250  19.250  4.7662e-01
9.250  19.500  3.6188e-01
9.250  19.750  2.6041e-01
9.250  20.000  1.9088e-01
9.250  20.250  1.4948e-01
9.250  20.500  1.2962e-01
9.250  20.750  1.2018e-01
9.250  21.000  1.1659e-01
9.250  21.250  1.1493e-01
9.250  21.500  1.1397e-01
9.250  21.750  1.1352e-01
9.250  22.000  1.1334e-01
9.250  22.250  1.1330e-01
9.250  22.500  1.1334e-01
9.250  22.750  1.1332e-01
9.250  23.000  1.1331e-01
9.250  23.250  1.1331e-01
9.250  23.500  1.1331e-01
9.250  23.750  1.1331e-01
9.250  24.000  1.1330e-01
9.500  17.000  2.4135e-01
9.500  17.250  2.5798e-01
9.500  17.500  2.7943e-01
9.500  17.750  3.1181e-01
9.500  18.000  3.6709e-01
9.500  18.250  4.4918e-01
9.500  18.500  5.3607e-01
9.500  18.750  6.1119e-01
9.500  19.000  6.5856e-01
9.500  19.250  6.3158e-01
9.500  19.500  4.9315e-01
9.500  19.750  3.7433e-01
9.500  20.000  2.5929e-01
9.500  20.250  1.9051e-01
9.500  20.500  1.4933e-01
9.500  20.750  1.2955e-01
9.500  21.000  1.2017e-01
9.500  21.250  1.1655e-01
9.500  21.500  1.1484e-01
9.500  21.750  1.1387e-01
9.500  22.000  1.1346e-01
9.500  22.250  1.1327e-01
9.500  22.500  1.1318e-01
9.500  22.750  1.1316e-01
9.500  23.000  1.1314e-01
9.500  23.250  1.1314e-01
9.500  23.500  1.1320e-01
9.500  23.750  1.1320e-01
9.500  24.000  1.1319e-01
9.750  17.000  2.3242e-01
9.750  17.250  2.5269e-01
9.750  17.500  2.7888e-01
9.750  17.750  3.1897e-01
9.750  18.000  3.8658e-01
9.750  18.250  4.7814e-01
9.750  18.500  5.6398e-01
9.750  18.750  6.2973e-01
9.750  19.000  6.7555e-01
9.750  19.250  6.9949e-01
9.750  19.500  6.4040e-01
9.750  19.750  5.1503e-01
9.750  20.000  3.7359e-01
9.750  20.250  2.5823e-01
9.750  20.500  1.9008e-01
9.750  20.750  1.4917e-01
9.750  21.000  1.2949e-01
9.750  21.250  1.2017e-01
9.750  21.500  1.1657e-01
9.750  21.750  1.1488e-01
9.750  22.000  1.1388e-01
9.750  22.250  1.1347e-01
9.750  22.500  1.1329e-01
9.750  22.750  1.1320e-01
9.750  23.000  1.1316e-01
9.750  23.250  1.1314e-01
9.750  23.500  1.1313e-01
9.750  23.750  1.1314e-01
9.750  24.000  1.1312e-01
10.000  17.000  2.2138e-01
10.000  17.250  2.4590e-01
10.000  17.500  2.7815e-01
10.000  17.750  3.2794e-01
10.000  18.000  4.0984e-01
10.000  18.250  5.1004e-01
10.000  18.500  5.9580e-01
10.000  18.750  6.5349e-01
10.000  19.000  6.8711e-01
10.000  19.250  6.9995e-01
10.000  19.500  6.7181e-01
10.000  19.750  6.0479e-01
10.000  20.000  5.2147e-01
10.000  20.250  3.7305e-01
10.000  20.500  2.5528e-01
10.000  20.750  1.8958e-01
10.000  21.000  1.4899e-01
10.000  21.250  1.2942e-01
10.000  21.500  1.2016e-01
10.000  21.750  1.1658e-01
10.000  22.000  1.1491e-01
10.000  22.250  1.1388e-01
10.000  22.500  1.1348e-01
10.000  22.750  1.1331e-01
10.000  23.000  1.1323e-01
10.000  23.250  1.1318e-01
10.000  23.500  1.1316e-01
10.000  23.750  1.1315e-01
10.000  24.000  1.1314e-01
10.250  17.000  2.0882e-01
10.250  17.250  2.3746e-01
10.250  17.500  2.7801e-01
10.250  17.750  3.4022e-01
10.250  18.000  4.3479e-01
10.250  18.250  5.4310e-01
10.250  18.500  6.2788e-01
10.250  18.750  6.7986e-01
10.250  19.000  7.0100e-01
10.250  19.250  7.0725e-01
10.250  19.500  7.0228e-01
10.250  19.750  6.7806e-01
10.250  20.000  6.4546e-01
10.250  20.250  5.5879e-01
10.250  20.500  3.6797e-01
10.250  20.750  2.5401e-01
10.250  21.000  1.8921e-01
10.250  21.250  1.4879e-01
10.250  21.500  1.2935e-01
10.250  21.750  1.2015e-01
10.250  22.000  1.1658e-01
10.250  22.250  1.1493e-01
10.250  22.500  1.1390e-01
10.250  22.750  1.1349e-01
10.250  23.000  1.1332e-01
10.250  23.250  1.1325e-01
10.250  23.500  1.1321e-01
10.250  23.750  1.1318e-01
10.250  24.000  1.1317e-01
10.500  17.000  1.9790e-01
10.500  17.250  2.3072e-01
10.500  17.500  2.7993e-01
10.500  17.750  3.5734e-01
10.500  18.000  4.6189e-01
10.500  18.250  5.7383e-01
10.500  18.500  6.5629e-01
10.500  18.750  7.0745e-01
10.500  19.000  7.3417e-01
10.500  19.250  7.4911e-01
10.500  19.500  7.5621e-01
10.500  19.750  7.5209e-01
10.500  20.000  7.2616e-01
10.500  20.250  6.9748e-01
10.500  20.500  5.6370e-01
10.500  20.750  3.6586e-01
10.500  21.000  2.5194e-01
10.500  21.250  1.8842e-01
10.500  21.500  1.4855e-01
10.500  21.750  1.2927e-01
10.500  22.000  1.2014e-01
10.500  22.250  1.1658e-01
10.500  22.500  1.1493e-01
10.500  22.750  1.1394e-01
10.500  23.000  1.1349e-01
10.500  23.250  1.1333e-01
10.500  23.500  1.1326e-01
10.500  23.750  1.1322e-01
10.500  24.000  1.1320e-01
10.750  17.000  1.8823e-01
10.750  17.250  2.2580e-01
10.750  17.500  2.8668e-01
10.750  17.750  3.7738e-01
10.750  18.000  4.9007e-01
10.750  18.250  6.0092e-01
10.750  18.500  6.8476e-01
10.750  18.750  7.3991e-01
10.750  19.000  7.7653e-01
10.750  19.250  7.9836e-01
10.750  19.500  8.1470e-01
10.750  19.750  8.1861e-01
10.750  20.000  8.0519e-01
10.750  20.250  7.7991e-01
10.750  20.500  7.4850e-01
10.750  20.750  5.6141e-01
10.750  21.000  3.6087e-01
10.750  21.250  2.5002e-01
10.750  21.500  1.8806e-01
10.750  21.750  1.4827e-01
10.750  22.000  1.2920e-01
10.750  22.250  1.2012e-01
10.750  22.500  1.1658e-01
10.750  22.750  1.1493e-01
10.750  23.000  1.1397e-01
10.750  23.250  1.1351e-01
10.750  23.500  1.1333e-01
10.750  23.750  1.1326e-01
10.750  24.000  1.1323e-01
11.000  17.000  1.7969e-01
11.000  17.250  2.2217e-01
11.000  17.500  2.9450e-01
11.000  17.750  3.9738e-01
11.000  18.000  5.1387e-01
11.000  18.250  6.2340e-01
11.000  18.500  7.1231e-01
11.000  18.750  7.7536e-01
11.000  19.000  8.2159e-01
11.000  19.250  8.5129e-01
11.000  19.500  8.7083e-01
11.000  19.750  8.7791e-01
11.000  20.000  8.7367e-01
11.000  20.250  8.5418e-01
11.000  20.500  8.2763e-01
11.000  20.750  7.8684e-01
11.000  21.000  5.5319e-01
11.000  21.250  3.5602e-01
11.000  21.500  2.4880e-01
11.000  21.750  1.8680e-01
11.000  22.000  1.4790e-01
11.000  22.250  1.2912e-01
11.000  22.500  1.2011e-01
11.000  22.750  1.1657e-01
11.000  23.000  1.1493e-01
11.000  23.250  1.1397e-01
11.000  23.500  1.1356e-01
11.000  23.750  1.1334e-01
11.000  24.000  1.1327e-01
11.250  17.000  1.7170e-01
11.250  17.250  2.1823e-01
11.250  17.500  2.9942e-01
11.250  17.750  4.1094e-01
11.250  18.000  5.3060e-01
11.250  18.250  6.3990e-01
11.250  18.500  7.2925e-01
11.250  18.750  8.0300e-01
11.250  19.000  8.5892e-01
11.250  19.250  8.9942e-01
11.250  19.500  9.2264e-01
11.250  19.750  9.3163e-01
11.250  20.000  9.3065e-01
11.250  20.250  9.2213e-01
11.250  20.500  8.9944e-01
11.250  20.750  8.7272e-01
11.250  21.000  8.0247e-01
11.250  21.250  5.4426e-01
11.250  21.500  3.5255e-01
11.250  21.750  2.4935e-01
11.250  22.000  1.8479e-01
11.250  22.250  1.4751e-01
11.250  22.500  1.2905e-01
11.250  22.750  1.2009e-01
11.250  23.000  1.1656e-01
11.250  23.250  1.1493e-01
11.250  23.500  1.1398e-01
11.250  23.750  1.1358e-01
11.250  24.000  1.1337e-01
11.500  17.000  1.6437e-01
11.500  17.250  2.1377e-01
11.500  17.500  2.9947e-01
11.500  17.750  4.1508e-01
11.500  18.000  5.3702e-01
11.500  18.250  6.4826e-01
11.500  18.500  7.4170e-01
11.500  18.750  8.2168e-01
11.500  19.000  8.9031e-01
11.500  19.250  9.3855e-01
11.500  19.500  9.6907e-01
11.500  19.750  9.8368e-01
11.500  20.000  9.8546e-01
11.500  20.250  9.7876e-01
11.500  20.500  9.6774e-01
11.500  20.750  9.4554e-01
11.500  21.000  9.2005e-01
11.500  21.250  8.0815e-01
11.500  21.500  5.4279e-01
11.500  21.750  3.5063e-01
11.500  22.000  2.5034e-01
11.500  22.250  1.8281e-01
11.500  22.500  1.4699e-01
11.500  22.750  1.2899e-01
11.500  23.000  1.2007e-01
11.500  23.250  1.1655e-01
11.500  23.500  1.1492e-01
11.500  23.750  1.1398e-01
11.500  24.000  1.1359e-01
11.750  17.000  1.5712e-01
11.750  17.250  2.0795e-01
11.750  17.500  2.9428e-01
11.750  17.750  4.0980e-01
11.750  18.000  5.3250e-01
11.750  18.250  6.4647e-01
11.750  18.500  7.4659e-01
11.750  18.750  8.3803e-01
11.750  19.000  9.1389e-01
11.750  19.250  9.7138e-01
11.750  19.500  1.0089e+00
11.750  19.750  1.0293e+00
11.750  20.000  1.0375e+00
11.750  20.250  1.0316e+00
11.750  20.500  1.0256e+00
11.750  20.750  1.0154e+00
11.750  21.000  9.9913e-01
11.750  21.250  9.7362e-01
11.750  21.500  8.1021e-01
11.750  21.750  5.3900e-01
11.750  22.000  3.5138e-01
11.750  22.250  2.5038e-01
11.750  22.500  1.8080e-01
11.750  22.750  1.4636e-01
11.750  23.000  1.2892e-01
11.750  23.250  1.2004e-01
11.750  23.500  1.1654e-01
11.750  23.750  1.1492e-01
11.750  24.000  1.1398e-01
12.000  17.000  1.4930e-01
12.000  17.250  2.0014e-01
12.000  17.500  2.8327e-01
12.000  17.750  3.9488e-01
12.000  18.000  5.1630e-01
12.000  18.250  6.3450e-01
12.000  18.500  7.4549e-01
12.000  18.750  8.4719e-01
12.000  19.000  9.3352e-01
12.000  19.250  9.9956e-01
12.000  19.500  1.0448e+00
12.000  19.750  1.0716e+00
12.000  20.000  1.0836e+00
12.000  20.250  1.0853e+00
12.000  20.500  1.0804e+00
12.000  20.750  1.0769e+00
12.000  21.000  1.0708e+00
12.000  21.250  1.0605e+00
12.000  21.500  1.0054e+00
12.000  21.750  8.1475e-01
12.000  22.000  5.3717e-01
12.000  22.250  3.5404e-01
12.000  22.500  2.4747e-01
12.000  22.750  1.7884e-01
12.000  23.000  1.4572e-01
12.000  23.250  1.2885e-01
12.000  23.500  1.2002e-01
12.000  23.750  1.1653e-01
12.000  24.000  1.1491e-01
12.250  17.000  1.3815e-01
12.250  17.250  1.8975e-01
12.250  17.500  2.6652e-01
12.250  17.750  3.7092e-01
12.250  18.000  4.9057e-01
12.250  18.250  6.1528e-01
12.250  18.500  7.3806e-01
12.250  18.750  8.5175e-01
12.250  19.000  9.4655e-01
12.250  19.250  1.0232e+00
12.250  19.500  1.0761e+00
12.250  19.750  1.1089e+00
12.250  20.000  1.1248e+00
12.250  20.250  1.1327e+00
12.250  20.500  1.1324e+00
12.250  20.750  1.1303e+00
12.250  21.000  1.1342e+00
12.250  21.250  1.1346e+00
12.250  21.500  1.0939e+00
12.250  21.750  1.0664e+00
12.250  22.000  8.2023e-01
12.250  22.250  5.3770e-01
12.250  22.500  3.5721e-01
12.250  22.750  2.4310e-01
12.250  23.000  1.7688e-01
12.250  23.250  1.4498e-01
12.250  23.500  1.2875e-01
12.250  23.750  1.1998e-01
12.250  24.000  1.1651e-01
12.500  17.000  1.2365e-01
12.500  17.250  1.7300e-01
12.500  17.500  2.4533e-01
12.500  17.750  3.4139e-01
12.500  18.000  4.5872e-01
12.500  18.250  5.8725e-01
12.500  18.500  7.2093e-01
12.500  18.750  8.4746e-01
12.500  19.000  9.5354e-01
12.500  19.250  1.0369e+00
12.500  19.500  1.0973e+00
12.500  19.750  1.1380e+00
12.500  20.000  1.1622e+00
12.500  20.250  1.1738e+00
12.500  20.500  1.1779e+00
12.500  20.750  1.1832e+00
12.500  21.000  1.1906e+00
12.500  21.250  1.2005e+00
12.500  21.500  1.1687e+00
12.500  21.750  1.1601e+00
12.500  22.000  1.1294e+00
12.500  22.250  8.2643e-01
12.500  22.500  5.4591e-01
12.500  22.750  3.5748e-01
12.500  23.000  2.3849e-01
12.500  23.250  1.7516e-01
12.500  23.500  1.4426e-01
12.500  23.750  1.2862e-01
12.500  24.000  1.1995e-01
12.750  17.000  1.0855e-01
12.750  17.250  1.5117e-01
12.750  17.500  2.1868e-01
12.750  17.750  3.1106e-01
12.750  18.000  4.2399e-01
12.750  18.250  5.5364e-01
12.750  18.500  6.9191e-01
12.750  18.750  8.2666e-01
12.750  19.000  9.4425e-01
12.750  19.250  1.0399e+00
12.750  19.500  1.1077e+00
12.750  19.750  1.1558e+00
12.750  20.000  1.1884e+00
12.750  20.250  1.2084e+00
12.750  20.500  1.2191e+00
12.750  20.750  1.2277e+00
12.750  21.000  1.2400e+00
12.750  21.250  1.2596e+00
12.750  21.500  1.2366e+00
12.750  21.750  1.2272e+00
12.750  22.000  1.2202e+00
12.750  22.250  1.1793e+00
12.750  22.500  8.3677e-01
12.750  22.750  5.4388e-01
12.750  23.000  3.5277e-01
12.750  23.250  2.3387e-01
12.750  23.500  1.7330e-01
12.750  23.750  1.4355e-01
12.750  24.000  1.2842e-01
13.000  17.000  9.1925e-02
13.000  17.250  1.2929e-01
13.000  17.500  1.9028e-01
13.000  17.750  2.7659e-01
13.000  18.000  3.8619e-01
13.000  18.250  5.1349e-01
13.000  18.500  6.5224e-01
13.000  18.750  7.9029e-01
13.000  19.000  9.1736e-01
13.000  19.250  1.0244e+00
13.000  19.500  1.1028e+00
13.000  19.750  1.1624e+00
13.000  20.000  1.2027e+00
13.000  20.250  1.2323e+00
13.000  20.500  1.2534e+00
13.000  20.750  1.2700e+00
13.000  21.000  1.2870e+00
13.000  21.250  1.3084e+00
13.000  21.500  1.2956e+00
13.000  21.750  1.2944e+00
13.000  22.000  1.2641e+00
13.000  22.250  1.2695e+00
13.000  22.500  1.2215e+00
13.000  22.750  8.4013e-01
13.000  23.000  5.3926e-01
13.000  23.250  3.4517e-01
13.000  23.500  2.2939e-01
13.000  23.750  1.7141e-01
13.000  24.000  1.4274e-01
13.250  17.000  8.1710e-02
13.250  17.250  1.1339e-01
13.250  17.500  1.6528e-01
13.250  17.750  2.4235e-01
13.250  18.000  3.4611e-01
13.250  18.250  4.7055e-01
13.250  18.500  6.0606e-01
13.250  18.750  7.4558e-01
13.250  19.000  8.7591e-01
13.250  19.250  9.8852e-01
13.250  19.500  1.0798e+00
13.250  19.750  1.1536e+00
13.250  20.000  1.2039e+00
13.250  20.250  1.2429e+00
13.250  20.500  1.2721e+00
13.250  20.750  1.2968e+00
13.250  21.000  1.3227e+00
13.250  21.250  1.3507e+00
13.250  21.500  1.3401e+00
13.250  21.750  1.3366e+00
13.250  22.000  1.3118e+00
13.250  22.250  1.2393e+00
13.250  22.500  1.2805e+00
13.250  22.750  1.2140e+00
13.250  23.000  8.1223e-01
13.250  23.250  5.1575e-01
13.250  23.500  3.3557e-01
13.250  23.750  2.2491e-01
13.250  24.000  1.6938e-01
13.500  17.000  7.2464e-02
13.500  17.250  9.9985e-02
13.500  17.500  1.4537e-01
13.500  17.750  2.1326e-01
13.500  18.000  3.0723e-01
13.500  18.250  4.2547e-01
13.500  18.500  5.5829e-01
13.500  18.750  6.9510e-01
13.500  19.000  8.2840e-01
13.500  19.250  9.4656e-01
13.500  19.500  1.0459e+00
13.500  19.750  1.1246e+00
13.500  20.000  1.1894e+00
13.500  20.250  1.2404e+00
13.500  20.500  1.2796e+00
13.500  20.750  1.3086e+00
13.500  21.000  1.3342e+00
13.500  21.250  1.3636e+00
13.500  21.500  1.3507e+00
13.500  21.750  1.3571e+00
13.500  22.000  1.3079e+00
13.500  22.250  1.2160e+00
13.500  22.500  1.1487e+00
13.500  22.750  1.2728e+00
13.500  23.000  1.1889e+00
13.500  23.250  7.7329e-01
13.500  23.500  4.9437e-01
13.500  23.750  3.2457e-01
13.500  24.000  2.1984e-01
13.750  17.000  6.4447e-02
13.750  17.250  8.7738e-02
13.750  17.500  1.2748e-01
13.750  17.750  1.8678e-01
13.750  18.000  2.7198e-01
13.750  18.250  3.8088e-01
13.750  18.500  5.0849e-01
13.750  18.750  6.4405e-01
13.750  19.000  7.7850e-01
13.750  19.250  9.0229e-01
13.750  19.500  1.0094e+00
13.750  19.750  1.0977e+00
13.750  20.000  1.1703e+00
13.750  20.250  1.2312e+00
13.750  20.500  1.2800e+00
13.750  20.750  1.3167e+00
13.750  21.000  1.3452e+00
13.750  21.250  1.3702e+00
13.750  21.500  1.3625e+00
13.750  21.750  1.3657e+00
13.750  22.000  1.3139e+00
13.750  22.250  1.1983e+00
13.750  22.500  1.0793e+00
13.750  22.750  1.0312e+00
13.750  23.000  1.2457e+00
13.750  23.250  1.1368e+00
13.750  23.500  7.2664e-01
13.750  23.750  4.7565e-01
13.750  24.000  3.1366e-01
14.000  17.000  5.7453e-02
14.000  17.250  7.7438e-02
14.000  17.500  1.1064e-01
14.000  17.750  1.6389e-01
14.000  18.000  2.3981e-01
14.000  18.250  3.4036e-01
14.000  18.500  4.6050e-01
14.000  18.750  5.9289e-01
14.000  19.000  7.2783e-01
14.000  19.250  8.5628e-01
14.000  19.500  9.7254e-01
14.000  19.750  1.0710e+00
14.000  20.000  1.1519e+00
14.000  20.250  1.2186e+00
14.000  20.500  1.2761e+00
14.000  20.750  1.3215e+00
14.000  21.000  1.3571e+00
14.000  21.250  1.3862e+00
14.000  21.500  1.3764e+00
14.000  21.750  1.3754e+00
14.000  22.000  1.3159e+00
14.000  22.250  1.1875e+00
14.000  22.500  1.0499e+00
14.000  22.750  1.0708e+00
14.000  23.000  1.1771e+00
14.000  23.250  1.2243e+00
14.000  23.500  1.0660e+00
14.000  23.750  6.8712e-01
14.000  24.000  4.5945e-01
