Inwd 1.00494m  relative to Inci 1215.00A scaled to 1215A.
Hden   Phi(H)  Eq_Width (A)
7.000  17.000  8.8905e-04
7.000  17.250  6.7342e-04
7.000  17.500  3.9934e-04
7.000  17.750  1.4008e-04
7.000  18.000  3.6379e-05
7.000  18.250  1.0782e-05
7.000  18.500  1.7284e-06
7.000  18.750  1.0000e-07
7.000  19.000  1.0000e-07
7.000  19.250  1.0000e-07
7.000  19.500  1.0000e-07
7.000  19.750  1.0000e-07
7.000  20.000  1.0000e-07
7.000  20.250  1.0000e-07
7.000  20.500  1.0000e-07
7.000  20.750  1.0000e-07
7.000  21.000  1.0000e-07
7.000  21.250  1.0000e-07
7.000  21.500  1.0000e-07
7.000  21.750  1.0000e-07
7.000  22.000  1.0000e-07
7.000  22.250  1.0000e-07
7.000  22.500  1.0000e-07
7.000  22.750  1.0000e-07
7.000  23.000  1.0000e-07
7.000  23.250  1.0000e-07
7.000  23.500  1.0000e-07
7.000  23.750  1.0000e-07
7.000  24.000  1.0000e-07
7.250  17.000  1.0723e-03
7.250  17.250  9.8757e-04
7.250  17.500  7.2370e-04
7.250  17.750  4.0362e-04
7.250  18.000  1.3942e-04
7.250  18.250  3.6543e-05
7.250  18.500  1.0947e-05
7.250  18.750  1.8107e-06
7.250  19.000  1.0000e-07
7.250  19.250  1.0000e-07
7.250  19.500  1.0000e-07
7.250  19.750  1.0000e-07
7.250  20.000  1.0000e-07
7.250  20.250  1.0000e-07
7.250  20.500  1.0000e-07
7.250  20.750  1.0000e-07
7.250  21.000  1.0000e-07
7.250  21.250  1.0000e-07
7.250  21.500  1.0000e-07
7.250  21.750  1.0000e-07
7.250  22.000  1.0000e-07
7.250  22.250  1.0000e-07
7.250  22.500  1.0000e-07
7.250  22.750  1.0000e-07
7.250  23.000  1.0000e-07
7.250  23.250  1.0000e-07
7.250  23.500  1.0000e-07
7.250  23.750  1.0000e-07
7.250  24.000  1.0000e-07
7.500  17.000  1.1242e-03
7.500  17.250  1.1923e-03
7.500  17.500  1.1009e-03
7.500  17.750  7.8889e-04
7.500  18.000  4.1128e-04
7.500  18.250  1.3934e-04
7.500  18.500  3.6543e-05
7.500  18.750  1.1111e-05
7.500  19.000  1.9753e-06
7.500  19.250  1.0000e-07
7.500  19.500  1.0000e-07
7.500  19.750  1.0000e-07
7.500  20.000  1.0000e-07
7.500  20.250  1.0000e-07
7.500  20.500  1.0000e-07
7.500  20.750  1.0000e-07
7.500  21.000  1.0000e-07
7.500  21.250  1.0000e-07
7.500  21.500  1.0000e-07
7.500  21.750  1.0000e-07
7.500  22.000  1.0000e-07
7.500  22.250  1.0000e-07
7.500  22.500  1.0000e-07
7.500  22.750  1.0000e-07
7.500  23.000  1.0000e-07
7.500  23.250  1.0000e-07
7.500  23.500  1.0000e-07
7.500  23.750  1.0000e-07
7.500  24.000  1.0000e-07
7.750  17.000  1.1503e-03
7.750  17.250  1.2456e-03
7.750  17.500  1.3319e-03
7.750  17.750  1.2362e-03
7.750  18.000  8.7506e-04
7.750  18.250  4.2642e-04
7.750  18.500  1.3934e-04
7.750  18.750  3.6379e-05
7.750  19.000  1.1029e-05
7.750  19.250  1.9753e-06
7.750  19.500  1.0000e-07
7.750  19.750  1.0000e-07
7.750  20.000  1.0000e-07
7.750  20.250  1.0000e-07
7.750  20.500  1.0000e-07
7.750  20.750  1.0000e-07
7.750  21.000  1.0000e-07
7.750  21.250  1.0000e-07
7.750  21.500  1.0000e-07
7.750  21.750  1.0000e-07
7.750  22.000  1.0000e-07
7.750  22.250  1.0000e-07
7.750  22.500  1.0000e-07
7.750  22.750  1.0000e-07
7.750  23.000  1.0000e-07
7.750  23.250  1.0000e-07
7.750  23.500  1.0000e-07
7.750  23.750  1.0000e-07
7.750  24.000  1.0000e-07
8.000  17.000  1.1899e-03
8.000  17.250  1.2730e-03
8.000  17.500  1.3828e-03
8.000  17.750  1.5277e-03
8.000  18.000  1.4357e-03
8.000  18.250  9.8733e-04
8.000  18.500  4.5292e-04
8.000  18.750  1.4033e-04
8.000  19.000  3.6132e-05
8.000  19.250  1.0947e-05
8.000  19.500  2.0576e-06
8.000  19.750  1.0000e-07
8.000  20.000  1.0000e-07
8.000  20.250  1.0000e-07
8.000  20.500  1.0000e-07
8.000  20.750  1.0000e-07
8.000  21.000  1.0000e-07
8.000  21.250  1.0000e-07
8.000  21.500  1.0000e-07
8.000  21.750  1.0000e-07
8.000  22.000  1.0000e-07
8.000  22.250  1.0000e-07
8.000  22.500  1.0000e-07
8.000  22.750  1.0000e-07
8.000  23.000  1.0000e-07
8.000  23.250  1.0000e-07
8.000  23.500  1.0000e-07
8.000  23.750  1.0000e-07
8.000  24.000  1.0000e-07
8.250  17.000  1.2682e-03
8.250  17.250  1.3216e-03
8.250  17.500  1.4542e-03
8.250  17.750  1.6406e-03
8.250  18.000  1.9193e-03
8.250  18.250  1.7313e-03
8.250  18.500  1.1487e-03
8.250  18.750  4.8337e-04
8.250  19.000  1.4272e-04
8.250  19.250  3.5720e-05
8.250  19.500  1.0700e-05
8.250  19.750  2.0576e-06
8.250  20.000  1.0000e-07
8.250  20.250  1.0000e-07
8.250  20.500  1.0000e-07
8.250  20.750  1.0000e-07
8.250  21.000  1.0000e-07
8.250  21.250  1.0000e-07
8.250  21.500  1.0000e-07
8.250  21.750  1.0000e-07
8.250  22.000  1.0000e-07
8.250  22.250  1.0000e-07
8.250  22.500  1.0000e-07
8.250  22.750  1.0000e-07
8.250  23.000  1.0000e-07
8.250  23.250  1.0000e-07
8.250  23.500  1.0000e-07
8.250  23.750  1.0000e-07
8.250  24.000  1.0000e-07
8.500  17.000  1.3637e-03
8.500  17.250  1.4036e-03
8.500  17.500  1.5083e-03
8.500  17.750  1.7095e-03
8.500  18.000  2.1677e-03
8.500  18.250  2.4557e-03
8.500  18.500  1.9759e-03
8.500  18.750  1.2914e-03
8.500  19.000  4.9374e-04
8.500  19.250  1.4741e-04
8.500  19.500  3.5556e-05
8.500  19.750  1.0370e-05
8.500  20.000  1.9753e-06
8.500  20.250  1.0000e-07
8.500  20.500  1.0000e-07
8.500  20.750  1.0000e-07
8.500  21.000  1.0000e-07
8.500  21.250  1.0000e-07
8.500  21.500  1.0000e-07
8.500  21.750  1.0000e-07
8.500  22.000  1.0000e-07
8.500  22.250  1.0000e-07
8.500  22.500  1.0000e-07
8.500  22.750  1.0000e-07
8.500  23.000  1.0000e-07
8.500  23.250  1.0000e-07
8.500  23.500  1.0000e-07
8.500  23.750  1.0000e-07
8.500  24.000  1.0000e-07
8.750  17.000  1.4626e-03
8.750  17.250  1.5060e-03
8.750  17.500  1.6066e-03
8.750  17.750  1.7848e-03
8.750  18.000  2.3029e-03
8.750  18.250  2.7431e-03
8.750  18.500  2.5092e-03
8.750  18.750  1.8783e-03
8.750  19.000  1.2628e-03
8.750  19.250  5.2716e-04
8.750  19.500  1.5695e-04
8.750  19.750  3.4979e-05
8.750  20.000  9.9588e-06
8.750  20.250  1.9753e-06
8.750  20.500  1.0000e-07
8.750  20.750  1.0000e-07
8.750  21.000  1.0000e-07
8.750  21.250  1.0000e-07
8.750  21.500  1.0000e-07
8.750  21.750  1.0000e-07
8.750  22.000  1.0000e-07
8.750  22.250  1.0000e-07
8.750  22.500  1.0000e-07
8.750  22.750  1.0000e-07
8.750  23.000  1.0000e-07
8.750  23.250  1.0000e-07
8.750  23.500  1.0000e-07
8.750  23.750  1.0000e-07
8.750  24.000  1.0000e-07
9.000  17.000  1.5584e-03
9.000  17.250  1.6156e-03
9.000  17.500  1.7365e-03
9.000  17.750  2.0097e-03
9.000  18.000  2.4470e-03
9.000  18.250  2.7416e-03
9.000  18.500  2.5004e-03
9.000  18.750  2.0317e-03
9.000  19.000  1.4836e-03
9.000  19.250  1.0591e-03
9.000  19.500  4.9975e-04
9.000  19.750  1.6148e-04
9.000  20.000  3.4486e-05
9.000  20.250  9.4650e-06
9.000  20.500  1.8930e-06
9.000  20.750  1.0000e-07
9.000  21.000  1.0000e-07
9.000  21.250  1.0000e-07
9.000  21.500  1.0000e-07
9.000  21.750  1.0000e-07
9.000  22.000  1.0000e-07
9.000  22.250  1.0000e-07
9.000  22.500  1.0000e-07
9.000  22.750  1.0000e-07
9.000  23.000  1.0000e-07
9.000  23.250  1.0000e-07
9.000  23.500  1.0000e-07
9.000  23.750  1.0000e-07
9.000  24.000  1.0000e-07
9.250  17.000  1.6496e-03
9.250  17.250  1.7249e-03
9.250  17.500  1.8787e-03
9.250  17.750  2.1973e-03
9.250  18.000  2.6159e-03
9.250  18.250  2.6984e-03
9.250  18.500  2.3472e-03
9.250  18.750  1.8992e-03
9.250  19.000  1.4858e-03
9.250  19.250  1.0638e-03
9.250  19.500  7.0708e-04
9.250  19.750  4.2444e-04
9.250  20.000  1.6123e-04
9.250  20.250  3.4156e-05
9.250  20.500  8.8889e-06
9.250  20.750  1.7284e-06
9.250  21.000  1.0000e-07
9.250  21.250  1.0000e-07
9.250  21.500  1.0000e-07
9.250  21.750  1.0000e-07
9.250  22.000  1.0000e-07
9.250  22.250  1.0000e-07
9.250  22.500  1.0000e-07
9.250  22.750  1.0000e-07
9.250  23.000  1.0000e-07
9.250  23.250  1.0000e-07
9.250  23.500  1.0000e-07
9.250  23.750  1.0000e-07
9.250  24.000  1.0000e-07
9.500  17.000  1.7425e-03
9.500  17.250  1.8350e-03
9.500  17.500  2.0249e-03
9.500  17.750  2.4085e-03
9.500  18.000  2.7988e-03
9.500  18.250  2.6621e-03
9.500  18.500  2.2165e-03
9.500  18.750  1.7497e-03
9.500  19.000  1.3489e-03
9.500  19.250  1.0294e-03
9.500  19.500  7.3465e-04
9.500  19.750  4.7679e-04
9.500  20.000  3.2008e-04
9.500  20.250  1.5062e-04
9.500  20.500  3.4074e-05
9.500  20.750  8.2305e-06
9.500  21.000  1.5638e-06
9.500  21.250  1.0000e-07
9.500  21.500  1.0000e-07
9.500  21.750  1.0000e-07
9.500  22.000  1.0000e-07
9.500  22.250  1.0000e-07
9.500  22.500  1.0000e-07
9.500  22.750  1.0000e-07
9.500  23.000  1.0000e-07
9.500  23.250  1.0000e-07
9.500  23.500  1.0000e-07
9.500  23.750  1.0000e-07
9.500  24.000  1.0000e-07
9.750  17.000  1.8309e-03
9.750  17.250  1.9420e-03
9.750  17.500  2.1713e-03
9.750  17.750  2.6171e-03
9.750  18.000  2.9124e-03
9.750  18.250  2.6526e-03
9.750  18.500  2.1466e-03
9.750  18.750  1.6735e-03
9.750  19.000  1.2727e-03
9.750  19.250  9.6329e-04
9.750  19.500  7.0823e-04
9.750  19.750  5.1218e-04
9.750  20.000  3.3169e-04
9.750  20.250  2.4058e-04
9.750  20.500  1.2650e-04
9.750  20.750  3.4156e-05
9.750  21.000  7.5720e-06
9.750  21.250  1.3992e-06
9.750  21.500  1.0000e-07
9.750  21.750  1.0000e-07
9.750  22.000  1.0000e-07
9.750  22.250  1.0000e-07
9.750  22.500  1.0000e-07
9.750  22.750  1.0000e-07
9.750  23.000  1.0000e-07
9.750  23.250  1.0000e-07
9.750  23.500  1.0000e-07
9.750  23.750  1.0000e-07
9.750  24.000  1.0000e-07
10.000  17.000  1.9162e-03
10.000  17.250  2.0557e-03
10.000  17.500  2.3411e-03
10.000  17.750  2.8384e-03
10.000  18.000  3.0145e-03
10.000  18.250  2.6666e-03
10.000  18.500  2.1472e-03
10.000  18.750  1.6724e-03
10.000  19.000  1.2635e-03
10.000  19.250  9.3926e-04
10.000  19.500  7.0214e-04
10.000  19.750  5.1053e-04
10.000  20.000  3.4510e-04
10.000  20.250  2.2700e-04
10.000  20.500  1.7053e-04
10.000  20.750  1.0082e-04
10.000  21.000  3.2510e-05
10.000  21.250  7.0782e-06
10.000  21.500  1.2346e-06
10.000  21.750  1.0000e-07
10.000  22.000  1.0000e-07
10.000  22.250  1.0000e-07
10.000  22.500  1.0000e-07
10.000  22.750  1.0000e-07
10.000  23.000  1.0000e-07
10.000  23.250  1.0000e-07
10.000  23.500  1.0000e-07
10.000  23.750  1.0000e-07
10.000  24.000  1.0000e-07
10.250  17.000  1.9981e-03
10.250  17.250  2.1852e-03
10.250  17.500  2.5591e-03
10.250  17.750  3.0896e-03
10.250  18.000  3.1594e-03
10.250  18.250  2.7794e-03
10.250  18.500  2.2491e-03
10.250  18.750  1.7626e-03
10.250  19.000  1.3369e-03
10.250  19.250  9.9062e-04
10.250  19.500  7.3185e-04
10.250  19.750  5.3539e-04
10.250  20.000  3.8436e-04
10.250  20.250  2.4272e-04
10.250  20.500  1.6897e-04
10.250  20.750  1.1909e-04
10.250  21.000  7.5802e-05
10.250  21.250  3.0041e-05
10.250  21.500  6.6667e-06
10.250  21.750  1.0700e-06
10.250  22.000  1.0000e-07
10.250  22.250  1.0000e-07
10.250  22.500  1.0000e-07
10.250  22.750  1.0000e-07
10.250  23.000  1.0000e-07
10.250  23.250  1.0000e-07
10.250  23.500  1.0000e-07
10.250  23.750  1.0000e-07
10.250  24.000  1.0000e-07
10.500  17.000  2.0884e-03
10.500  17.250  2.3536e-03
10.500  17.500  2.8577e-03
10.500  17.750  3.4309e-03
10.500  18.000  3.4465e-03
10.500  18.250  3.0397e-03
10.500  18.500  2.5081e-03
10.500  18.750  1.9918e-03
10.500  19.000  1.5191e-03
10.500  19.250  1.1230e-03
10.500  19.500  8.1695e-04
10.500  19.750  5.9630e-04
10.500  20.000  4.3095e-04
10.500  20.250  3.0494e-04
10.500  20.500  1.8658e-04
10.500  20.750  1.2173e-04
10.500  21.000  8.8642e-05
10.500  21.250  5.5885e-05
10.500  21.500  2.6173e-05
10.500  21.750  6.2551e-06
10.500  22.000  9.0535e-07
10.500  22.250  1.0000e-07
10.500  22.500  1.0000e-07
10.500  22.750  1.0000e-07
10.500  23.000  1.0000e-07
10.500  23.250  1.0000e-07
10.500  23.500  1.0000e-07
10.500  23.750  1.0000e-07
10.500  24.000  1.0000e-07
10.750  17.000  2.1770e-03
10.750  17.250  2.5557e-03
10.750  17.500  3.2528e-03
10.750  17.750  3.9059e-03
10.750  18.000  3.9417e-03
10.750  18.250  3.5284e-03
10.750  18.500  2.9640e-03
10.750  18.750  2.3798e-03
10.750  19.000  1.8270e-03
10.750  19.250  1.3526e-03
10.750  19.500  9.8091e-04
10.750  19.750  7.0691e-04
10.750  20.000  5.1440e-04
10.750  20.250  3.7128e-04
10.750  20.500  2.5909e-04
10.750  20.750  1.5177e-04
10.750  21.000  9.9095e-05
10.750  21.250  6.9547e-05
10.750  21.500  4.2881e-05
10.750  21.750  2.2140e-05
10.750  22.000  5.9259e-06
10.750  22.250  1.0000e-07
10.750  22.500  1.0000e-07
10.750  22.750  1.0000e-07
10.750  23.000  1.0000e-07
10.750  23.250  1.0000e-07
10.750  23.500  1.0000e-07
10.750  23.750  1.0000e-07
10.750  24.000  1.0000e-07
11.000  17.000  2.2604e-03
11.000  17.250  2.7754e-03
11.000  17.500  3.7015e-03
11.000  17.750  4.5294e-03
11.000  18.000  4.6319e-03
11.000  18.250  4.2262e-03
11.000  18.500  3.6334e-03
11.000  18.750  2.9626e-03
11.000  19.000  2.2990e-03
11.000  19.250  1.7070e-03
11.000  19.500  1.2412e-03
11.000  19.750  8.9317e-04
11.000  20.000  6.4403e-04
11.000  20.250  4.6955e-04
11.000  20.500  3.3786e-04
11.000  20.750  2.3021e-04
11.000  21.000  1.2840e-04
11.000  21.250  8.2798e-05
11.000  21.500  5.6708e-05
11.000  21.750  3.3498e-05
11.000  22.000  1.8354e-05
11.000  22.250  5.4321e-06
11.000  22.500  1.0000e-07
11.000  22.750  1.0000e-07
11.000  23.000  1.0000e-07
11.000  23.250  1.0000e-07
11.000  23.500  1.0000e-07
11.000  23.750  1.0000e-07
11.000  24.000  1.0000e-07
11.250  17.000  2.3367e-03
11.250  17.250  2.9811e-03
11.250  17.500  4.1449e-03
11.250  17.750  5.2211e-03
11.250  18.000  5.4868e-03
11.250  18.250  5.1271e-03
11.250  18.500  4.4938e-03
11.250  18.750  3.7485e-03
11.250  19.000  2.9579e-03
11.250  19.250  2.2243e-03
11.250  19.500  1.6186e-03
11.250  19.750  1.1693e-03
11.250  20.000  8.4296e-04
11.250  20.250  6.1053e-04
11.250  20.500  4.4658e-04
11.250  20.750  3.1934e-04
11.250  21.000  1.9111e-04
11.250  21.250  1.1366e-04
11.250  21.500  7.2840e-05
11.250  21.750  4.7984e-05
11.250  22.000  2.7572e-05
11.250  22.250  1.5226e-05
11.250  22.500  5.0206e-06
11.250  22.750  1.0000e-07
11.250  23.000  1.0000e-07
11.250  23.250  1.0000e-07
11.250  23.500  1.0000e-07
11.250  23.750  1.0000e-07
11.250  24.000  1.0000e-07
11.500  17.000  2.4146e-03
11.500  17.250  3.1716e-03
11.500  17.500  4.5278e-03
11.500  17.750  5.8860e-03
11.500  18.000  6.4214e-03
11.500  18.250  6.1895e-03
11.500  18.500  5.5615e-03
11.500  18.750  4.7420e-03
11.500  19.000  3.8267e-03
11.500  19.250  2.9289e-03
11.500  19.500  2.1533e-03
11.500  19.750  1.5498e-03
11.500  20.000  1.1242e-03
11.500  20.250  8.1276e-04
11.500  20.500  5.9333e-04
11.500  20.750  4.3580e-04
11.500  21.000  3.1070e-04
11.500  21.250  1.9193e-04
11.500  21.500  1.0634e-04
11.500  21.750  6.5103e-05
11.500  22.000  4.2140e-05
11.500  22.250  2.4198e-05
11.500  22.500  1.3333e-05
11.500  22.750  4.6091e-06
11.500  23.000  1.0000e-07
11.500  23.250  1.0000e-07
11.500  23.500  1.0000e-07
11.500  23.750  1.0000e-07
11.500  24.000  1.0000e-07
11.750  17.000  2.4918e-03
11.750  17.250  3.3374e-03
11.750  17.500  4.8277e-03
11.750  17.750  6.4328e-03
11.750  18.000  7.3133e-03
11.750  18.250  7.3193e-03
11.750  18.500  6.7740e-03
11.750  18.750  5.9192e-03
11.750  19.000  4.8916e-03
11.750  19.250  3.8250e-03
11.750  19.500  2.8547e-03
11.750  19.750  2.0678e-03
11.750  20.000  1.4900e-03
11.750  20.250  1.0774e-03
11.750  20.500  7.9490e-04
11.750  20.750  5.8041e-04
11.750  21.000  4.2889e-04
11.750  21.250  3.0354e-04
11.750  21.500  1.8477e-04
11.750  21.750  1.0000e-04
11.750  22.000  6.0576e-05
11.750  22.250  3.7695e-05
11.750  22.500  2.1152e-05
11.750  22.750  1.1605e-05
11.750  23.000  4.1975e-06
11.750  23.250  1.0000e-07
11.750  23.500  1.0000e-07
11.750  23.750  1.0000e-07
11.750  24.000  1.0000e-07
12.000  17.000  2.5651e-03
12.000  17.250  3.4689e-03
12.000  17.500  5.0141e-03
12.000  17.750  6.7877e-03
12.000  18.000  8.0167e-03
12.000  18.250  8.3667e-03
12.000  18.500  8.0156e-03
12.000  18.750  7.1947e-03
12.000  19.000  6.0898e-03
12.000  19.250  4.8739e-03
12.000  19.500  3.7071e-03
12.000  19.750  2.7198e-03
12.000  20.000  1.9615e-03
12.000  20.250  1.4143e-03
12.000  20.500  1.0298e-03
12.000  20.750  7.6749e-04
12.000  21.000  5.6477e-04
12.000  21.250  4.1901e-04
12.000  21.500  2.9342e-04
12.000  21.750  1.6527e-04
12.000  22.000  9.4486e-05
12.000  22.250  5.5720e-05
12.000  22.500  3.3498e-05
12.000  22.750  1.8683e-05
12.000  23.000  1.0123e-05
12.000  23.250  3.9506e-06
12.000  23.500  1.0000e-07
12.000  23.750  1.0000e-07
12.000  24.000  1.0000e-07
12.250  17.000  2.5997e-03
12.250  17.250  3.5640e-03
12.250  17.500  5.0831e-03
12.250  17.750  6.9256e-03
12.250  18.000  8.4464e-03
12.250  18.250  9.1909e-03
12.250  18.500  9.1315e-03
12.250  18.750  8.4425e-03
12.250  19.000  7.3221e-03
12.250  19.250  5.9931e-03
12.250  19.500  4.6517e-03
12.250  19.750  3.4624e-03
12.250  20.000  2.5146e-03
12.250  20.250  1.8154e-03
12.250  20.500  1.3179e-03
12.250  20.750  9.7449e-04
12.250  21.000  7.2444e-04
12.250  21.250  5.4239e-04
12.250  21.500  4.0074e-04
12.250  21.750  2.7893e-04
12.250  22.000  1.6519e-04
12.250  22.250  8.7737e-05
12.250  22.500  5.1029e-05
12.250  22.750  3.0041e-05
12.250  23.000  1.6955e-05
12.250  23.250  9.2181e-06
12.250  23.500  3.7037e-06
12.250  23.750  1.0000e-07
12.250  24.000  1.0000e-07
12.500  17.000  2.5301e-03
12.500  17.250  3.5463e-03
12.500  17.500  5.0570e-03
12.500  17.750  6.8889e-03
12.500  18.000  8.5985e-03
12.500  18.250  9.6848e-03
12.500  18.500  9.9645e-03
12.500  18.750  9.5041e-03
12.500  19.000  8.4541e-03
12.500  19.250  7.0690e-03
12.500  19.500  5.5997e-03
12.500  19.750  4.2372e-03
12.500  20.000  3.1099e-03
12.500  20.250  2.2544e-03
12.500  20.500  1.6370e-03
12.500  20.750  1.2016e-03
12.500  21.000  9.0173e-04
12.500  21.250  6.7959e-04
12.500  21.500  5.0823e-04
12.500  21.750  3.8016e-04
12.500  22.000  2.5811e-04
12.500  22.250  1.4527e-04
12.500  22.500  8.0576e-05
12.500  22.750  4.7078e-05
12.500  23.000  2.6584e-05
12.500  23.250  1.5309e-05
12.500  23.500  8.3128e-06
12.500  23.750  3.4568e-06
12.500  24.000  1.0000e-07
12.750  17.000  2.4152e-03
12.750  17.250  3.3415e-03
12.750  17.500  4.8476e-03
12.750  17.750  6.7080e-03
12.750  18.000  8.5054e-03
12.750  18.250  9.8313e-03
12.750  18.500  1.0446e-02
12.750  18.750  1.0247e-02
12.750  19.000  9.3502e-03
12.750  19.250  8.0033e-03
12.750  19.500  6.4577e-03
12.750  19.750  4.9721e-03
12.750  20.000  3.6947e-03
12.750  20.250  2.6924e-03
12.750  20.500  1.9604e-03
12.750  20.750  1.4390e-03
12.750  21.000  1.0692e-03
12.750  21.250  8.1687e-04
12.750  21.500  6.2272e-04
12.750  21.750  4.7539e-04
12.750  22.000  3.5630e-04
12.750  22.250  2.3029e-04
12.750  22.500  1.3136e-04
12.750  22.750  7.2099e-05
12.750  23.000  4.1893e-05
12.750  23.250  2.3786e-05
12.750  23.500  1.3745e-05
12.750  23.750  7.5720e-06
12.750  24.000  3.2099e-06
13.000  17.000  2.1457e-03
13.000  17.250  2.9943e-03
13.000  17.500  4.4109e-03
13.000  17.750  6.2754e-03
13.000  18.000  8.1687e-03
13.000  18.250  9.6916e-03
13.000  18.500  1.0585e-02
13.000  18.750  1.0663e-02
13.000  19.000  9.9642e-03
13.000  19.250  8.6968e-03
13.000  19.500  7.1312e-03
13.000  19.750  5.5934e-03
13.000  20.000  4.2152e-03
13.000  20.250  3.1044e-03
13.000  20.500  2.2681e-03
13.000  20.750  1.6668e-03
13.000  21.000  1.2457e-03
13.000  21.250  9.4650e-04
13.000  21.500  7.2856e-04
13.000  21.750  5.7292e-04
13.000  22.000  4.4305e-04
13.000  22.250  3.2963e-04
13.000  22.500  2.0321e-04
13.000  22.750  1.1490e-04
13.000  23.000  6.3210e-05
13.000  23.250  3.6708e-05
13.000  23.500  2.0905e-05
13.000  23.750  1.2263e-05
13.000  24.000  6.8313e-06
13.250  17.000  2.0002e-03
13.250  17.250  2.7134e-03
13.250  17.500  3.9158e-03
13.250  17.750  5.6330e-03
13.250  18.000  7.6233e-03
13.250  18.250  9.3432e-03
13.250  18.500  1.0459e-02
13.250  18.750  1.0805e-02
13.250  19.000  1.0307e-02
13.250  19.250  9.1381e-03
13.250  19.500  7.6040e-03
13.250  19.750  6.0425e-03
13.250  20.000  4.6208e-03
13.250  20.250  3.4422e-03
13.250  20.500  2.5297e-03
13.250  20.750  1.8652e-03
13.250  21.000  1.3949e-03
13.250  21.250  1.0632e-03
13.250  21.500  8.1844e-04
13.250  21.750  6.5021e-04
13.250  22.000  5.2675e-04
13.250  22.250  4.0831e-04
13.250  22.500  2.9572e-04
13.250  22.750  1.7210e-04
13.250  23.000  9.8107e-05
13.250  23.250  5.3909e-05
13.250  23.500  3.1523e-05
13.250  23.750  1.8189e-05
13.250  24.000  1.0864e-05
13.500  17.000  1.8458e-03
13.500  17.250  2.4771e-03
13.500  17.500  3.5330e-03
13.500  17.750  5.0597e-03
13.500  18.000  6.9268e-03
13.500  18.250  8.7797e-03
13.500  18.500  1.0124e-02
13.500  18.750  1.0694e-02
13.500  19.000  1.0429e-02
13.500  19.250  9.4104e-03
13.500  19.500  7.9319e-03
13.500  19.750  6.3295e-03
13.500  20.000  4.8741e-03
13.500  20.250  3.6714e-03
13.500  20.500  2.7244e-03
13.500  20.750  2.0132e-03
13.500  21.000  1.4993e-03
13.500  21.250  1.1426e-03
13.500  21.500  8.7646e-04
13.500  21.750  7.0362e-04
13.500  22.000  5.7687e-04
13.500  22.250  4.7325e-04
13.500  22.500  3.7053e-04
13.500  22.750  2.5770e-04
13.500  23.000  1.4403e-04
13.500  23.250  8.0329e-05
13.500  23.500  4.4527e-05
13.500  23.750  2.6420e-05
13.500  24.000  1.5556e-05
13.750  17.000  1.6930e-03
13.750  17.250  2.2357e-03
13.750  17.500  3.1695e-03
13.750  17.750  4.5026e-03
13.750  18.000  6.2423e-03
13.750  18.250  8.0509e-03
13.750  18.500  9.5579e-03
13.750  18.750  1.0388e-02
13.750  19.000  1.0360e-02
13.750  19.250  9.5236e-03
13.750  19.500  8.1437e-03
13.750  19.750  6.5523e-03
13.750  20.000  5.0531e-03
13.750  20.250  3.8035e-03
13.750  20.500  2.8317e-03
13.750  20.750  2.1022e-03
13.750  21.000  1.5699e-03
13.750  21.250  1.1899e-03
13.750  21.500  9.1885e-04
13.750  21.750  7.3844e-04
13.750  22.000  6.1300e-04
13.750  22.250  5.1613e-04
13.750  22.500  4.2510e-04
13.750  22.750  3.3004e-04
13.750  23.000  2.1975e-04
13.750  23.250  1.1802e-04
13.750  23.500  6.4362e-05
13.750  23.750  3.6132e-05
13.750  24.000  2.1728e-05
14.000  17.000  1.5417e-03
14.000  17.250  2.0144e-03
14.000  17.500  2.8017e-03
14.000  17.750  4.0042e-03
14.000  18.000  5.5618e-03
14.000  18.250  7.3095e-03
14.000  18.500  8.8599e-03
14.000  18.750  9.8829e-03
14.000  19.000  1.0113e-02
14.000  19.250  9.4892e-03
14.000  19.500  8.2379e-03
14.000  19.750  6.6989e-03
14.000  20.000  5.1855e-03
14.000  20.250  3.8945e-03
14.000  20.500  2.8852e-03
14.000  20.750  2.1352e-03
14.000  21.000  1.5968e-03
14.000  21.250  1.2155e-03
14.000  21.500  9.3835e-04
14.000  21.750  7.5819e-04
14.000  22.000  6.3498e-04
14.000  22.250  5.4247e-04
14.000  22.500  4.6247e-04
14.000  22.750  3.7918e-04
14.000  23.000  2.9095e-04
14.000  23.250  1.8436e-04
14.000  23.500  9.3909e-05
14.000  23.750  5.1111e-05
14.000  24.000  2.8889e-05
