InwT 2430.05A  relative to Inci 1215.00A scaled to 1215A.
Hden   Phi(H)  Eq_Width (A)
 7.000	17.000	1.7900e-01
 7.000	17.250	2.0862e-01
 7.000	17.500	2.3288e-01
 7.000	17.750	2.5419e-01
 7.000	18.000	2.3406e-01
 7.000	18.250	2.1726e-01
 7.000	18.500	2.0654e-01
 7.000	18.750	2.0207e-01
 7.000	19.000	2.0043e-01
 7.000	19.250	1.9947e-01
 7.000	19.500	1.9908e-01
 7.000	19.750	1.9892e-01
 7.000	20.000	1.9885e-01
 7.000	20.250	1.9882e-01
 7.000	20.500	1.9880e-01
 7.000	20.750	1.9879e-01
 7.000	21.000	1.9879e-01
 7.000	21.250	1.9879e-01
 7.000	21.500	1.9879e-01
 7.000	21.750	1.9879e-01
 7.000	22.000	1.9879e-01
 7.000	22.250	1.9879e-01
 7.000	22.500	1.9879e-01
 7.000	22.750	1.9879e-01
 7.000	23.000	1.9879e-01
 7.000	23.250	1.9879e-01
 7.000	23.500	1.9879e-01
 7.000	23.750	1.9879e-01
 7.000	24.000	1.9879e-01
 7.250	17.000	1.5594e-01
 7.250	17.250	1.8373e-01
 7.250	17.500	2.1464e-01
 7.250	17.750	2.3645e-01
 7.250	18.000	2.5416e-01
 7.250	18.250	2.3403e-01
 7.250	18.500	2.1722e-01
 7.250	18.750	2.0653e-01
 7.250	19.000	2.0207e-01
 7.250	19.250	2.0043e-01
 7.250	19.500	1.9947e-01
 7.250	19.750	1.9908e-01
 7.250	20.000	1.9892e-01
 7.250	20.250	1.9885e-01
 7.250	20.500	1.9882e-01
 7.250	20.750	1.9880e-01
 7.250	21.000	1.9879e-01
 7.250	21.250	1.9879e-01
 7.250	21.500	1.9879e-01
 7.250	21.750	1.9879e-01
 7.250	22.000	1.9879e-01
 7.250	22.250	1.9878e-01
 7.250	22.500	1.9879e-01
 7.250	22.750	1.9879e-01
 7.250	23.000	1.9879e-01
 7.250	23.250	1.9879e-01
 7.250	23.500	1.9878e-01
 7.250	23.750	1.9878e-01
 7.250	24.000	1.9879e-01
 7.500	17.000	1.3854e-01
 7.500	17.250	1.6047e-01
 7.500	17.500	1.9010e-01
 7.500	17.750	2.2263e-01
 7.500	18.000	2.4011e-01
 7.500	18.250	2.5411e-01
 7.500	18.500	2.3403e-01
 7.500	18.750	2.1718e-01
 7.500	19.000	2.0653e-01
 7.500	19.250	2.0207e-01
 7.500	19.500	2.0043e-01
 7.500	19.750	1.9947e-01
 7.500	20.000	1.9908e-01
 7.500	20.250	1.9892e-01
 7.500	20.500	1.9885e-01
 7.500	20.750	1.9882e-01
 7.500	21.000	1.9880e-01
 7.500	21.250	1.9879e-01
 7.500	21.500	1.9879e-01
 7.500	21.750	1.9879e-01
 7.500	22.000	1.9879e-01
 7.500	22.250	1.9879e-01
 7.500	22.500	1.9879e-01
 7.500	22.750	1.9878e-01
 7.500	23.000	1.9878e-01
 7.500	23.250	1.9879e-01
 7.500	23.500	1.9879e-01
 7.500	23.750	1.9879e-01
 7.500	24.000	1.9878e-01
 7.750	17.000	1.2623e-01
 7.750	17.250	1.4270e-01
 7.750	17.500	1.6715e-01
 7.750	17.750	1.9990e-01
 7.750	18.000	2.3264e-01
 7.750	18.250	2.4417e-01
 7.750	18.500	2.5402e-01
 7.750	18.750	2.3403e-01
 7.750	19.000	2.1714e-01
 7.750	19.250	2.0652e-01
 7.750	19.500	2.0207e-01
 7.750	19.750	2.0043e-01
 7.750	20.000	1.9947e-01
 7.750	20.250	1.9908e-01
 7.750	20.500	1.9892e-01
 7.750	20.750	1.9885e-01
 7.750	21.000	1.9882e-01
 7.750	21.250	1.9880e-01
 7.750	21.500	1.9879e-01
 7.750	21.750	1.9880e-01
 7.750	22.000	1.9879e-01
 7.750	22.250	1.9879e-01
 7.750	22.500	1.9878e-01
 7.750	22.750	1.9878e-01
 7.750	23.000	1.9879e-01
 7.750	23.250	1.9878e-01
 7.750	23.500	1.9878e-01
 7.750	23.750	1.9878e-01
 7.750	24.000	1.9878e-01
 8.000	17.000	1.1687e-01
 8.000	17.250	1.2868e-01
 8.000	17.500	1.4780e-01
 8.000	17.750	1.7699e-01
 8.000	18.000	2.1422e-01
 8.000	18.250	2.4468e-01
 8.000	18.500	2.4836e-01
 8.000	18.750	2.5383e-01
 8.000	19.000	2.3399e-01
 8.000	19.250	2.1710e-01
 8.000	19.500	2.0651e-01
 8.000	19.750	2.0207e-01
 8.000	20.000	2.0043e-01
 8.000	20.250	1.9947e-01
 8.000	20.500	1.9908e-01
 8.000	20.750	1.9892e-01
 8.000	21.000	1.9885e-01
 8.000	21.250	1.9882e-01
 8.000	21.500	1.9880e-01
 8.000	21.750	1.9879e-01
 8.000	22.000	1.9879e-01
 8.000	22.250	1.9879e-01
 8.000	22.500	1.9879e-01
 8.000	22.750	1.9879e-01
 8.000	23.000	1.9878e-01
 8.000	23.250	1.9879e-01
 8.000	23.500	1.9878e-01
 8.000	23.750	1.9878e-01
 8.000	24.000	1.9878e-01
 8.250	17.000	1.1145e-01
 8.250	17.250	1.1999e-01
 8.250	17.500	1.3416e-01
 8.250	17.750	1.5837e-01
 8.250	18.000	1.9552e-01
 8.250	18.250	2.3816e-01
 8.250	18.500	2.5777e-01
 8.250	18.750	2.5502e-01
 8.250	19.000	2.5360e-01
 8.250	19.250	2.3399e-01
 8.250	19.500	2.1706e-01
 8.250	19.750	2.0650e-01
 8.250	20.000	2.0207e-01
 8.250	20.250	2.0043e-01
 8.250	20.500	1.9947e-01
 8.250	20.750	1.9908e-01
 8.250	21.000	1.9892e-01
 8.250	21.250	1.9885e-01
 8.250	21.500	1.9882e-01
 8.250	21.750	1.9880e-01
 8.250	22.000	1.9879e-01
 8.250	22.250	1.9879e-01
 8.250	22.500	1.9879e-01
 8.250	22.750	1.9879e-01
 8.250	23.000	1.9879e-01
 8.250	23.250	1.9879e-01
 8.250	23.500	1.9878e-01
 8.250	23.750	1.9878e-01
 8.250	24.000	1.9878e-01
 8.500	17.000	1.0761e-01
 8.500	17.250	1.1441e-01
 8.500	17.500	1.2506e-01
 8.500	17.750	1.4412e-01
 8.500	18.000	1.7775e-01
 8.500	18.250	2.2563e-01
 8.500	18.500	2.6708e-01
 8.500	18.750	2.7233e-01
 8.500	19.000	2.6008e-01
 8.500	19.250	2.5322e-01
 8.500	19.500	2.3398e-01
 8.500	19.750	2.1700e-01
 8.500	20.000	2.0649e-01
 8.500	20.250	2.0206e-01
 8.500	20.500	2.0042e-01
 8.500	20.750	1.9947e-01
 8.500	21.000	1.9908e-01
 8.500	21.250	1.9892e-01
 8.500	21.500	1.9885e-01
 8.500	21.750	1.9882e-01
 8.500	22.000	1.9880e-01
 8.500	22.250	1.9879e-01
 8.500	22.500	1.9879e-01
 8.500	22.750	1.9879e-01
 8.500	23.000	1.9879e-01
 8.500	23.250	1.9878e-01
 8.500	23.500	1.9878e-01
 8.500	23.750	1.9878e-01
 8.500	24.000	1.9878e-01
 8.750	17.000	1.0434e-01
 8.750	17.250	1.1053e-01
 8.750	17.500	1.1934e-01
 8.750	17.750	1.3436e-01
 8.750	18.000	1.6289e-01
 8.750	18.250	2.0982e-01
 8.750	18.500	2.6072e-01
 8.750	18.750	2.9270e-01
 8.750	19.000	2.7927e-01
 8.750	19.250	2.6603e-01
 8.750	19.500	2.5269e-01
 8.750	19.750	2.3395e-01
 8.750	20.000	2.1693e-01
 8.750	20.250	2.0649e-01
 8.750	20.500	2.0206e-01
 8.750	20.750	2.0042e-01
 8.750	21.000	1.9947e-01
 8.750	21.250	1.9908e-01
 8.750	21.500	1.9892e-01
 8.750	21.750	1.9885e-01
 8.750	22.000	1.9882e-01
 8.750	22.250	1.9880e-01
 8.750	22.500	1.9879e-01
 8.750	22.750	1.9879e-01
 8.750	23.000	1.9879e-01
 8.750	23.250	1.9879e-01
 8.750	23.500	1.9879e-01
 8.750	23.750	1.9879e-01
 8.750	24.000	1.9878e-01
 9.000	17.000	1.0106e-01
 9.000	17.250	1.0733e-01
 9.000	17.500	1.1563e-01
 9.000	17.750	1.2882e-01
 9.000	18.000	1.5305e-01
 9.000	18.250	1.9496e-01
 9.000	18.500	2.4826e-01
 9.000	18.750	2.9551e-01
 9.000	19.000	3.1152e-01
 9.000	19.250	2.8856e-01
 9.000	19.500	2.7191e-01
 9.000	19.750	2.5222e-01
 9.000	20.000	2.3386e-01
 9.000	20.250	2.1685e-01
 9.000	20.500	2.0647e-01
 9.000	20.750	2.0206e-01
 9.000	21.000	2.0042e-01
 9.000	21.250	1.9947e-01
 9.000	21.500	1.9908e-01
 9.000	21.750	1.9892e-01
 9.000	22.000	1.9885e-01
 9.000	22.250	1.9882e-01
 9.000	22.500	1.9880e-01
 9.000	22.750	1.9879e-01
 9.000	23.000	1.9879e-01
 9.000	23.250	1.9879e-01
 9.000	23.500	1.9879e-01
 9.000	23.750	1.9878e-01
 9.000	24.000	1.9878e-01
 9.250	17.000	9.7397e-02
 9.250	17.250	1.0420e-01
 9.250	17.500	1.1293e-01
 9.250	17.750	1.2598e-01
 9.250	18.000	1.4887e-01
 9.250	18.250	1.8653e-01
 9.250	18.500	2.3362e-01
 9.250	18.750	2.8392e-01
 9.250	19.000	3.1858e-01
 9.250	19.250	3.2732e-01
 9.250	19.500	2.9755e-01
 9.250	19.750	2.8102e-01
 9.250	20.000	2.5179e-01
 9.250	20.250	2.3373e-01
 9.250	20.500	2.1675e-01
 9.250	20.750	2.0647e-01
 9.250	21.000	2.0206e-01
 9.250	21.250	2.0042e-01
 9.250	21.500	1.9947e-01
 9.250	21.750	1.9901e-01
 9.250	22.000	1.9867e-01
 9.250	22.250	1.9878e-01
 9.250	22.500	1.9882e-01
 9.250	22.750	1.9880e-01
 9.250	23.000	1.9879e-01
 9.250	23.250	1.9879e-01
 9.250	23.500	1.9879e-01
 9.250	23.750	1.9879e-01
 9.250	24.000	1.9878e-01
 9.500	17.000	9.3339e-02
 9.500	17.250	1.0096e-01
 9.500	17.500	1.1066e-01
 9.500	17.750	1.2480e-01
 9.500	18.000	1.4869e-01
 9.500	18.250	1.8520e-01
 9.500	18.500	2.2710e-01
 9.500	18.750	2.6763e-01
 9.500	19.000	3.0476e-01
 9.500	19.250	3.3228e-01
 9.500	19.500	3.3134e-01
 9.500	19.750	3.0690e-01
 9.500	20.000	2.8408e-01
 9.500	20.250	2.5146e-01
 9.500	20.500	2.3353e-01
 9.500	20.750	2.1663e-01
 9.500	21.000	2.0644e-01
 9.500	21.250	2.0203e-01
 9.500	21.500	2.0026e-01
 9.500	21.750	1.9917e-01
 9.500	22.000	1.9874e-01
 9.500	22.250	1.9850e-01
 9.500	22.500	1.9836e-01
 9.500	22.750	1.9829e-01
 9.500	23.000	1.9826e-01
 9.500	23.250	1.9825e-01
 9.500	23.500	1.9849e-01
 9.500	23.750	1.9848e-01
 9.500	24.000	1.9848e-01
 9.750	17.000	8.8602e-02
 9.750	17.250	9.7283e-02
 9.750	17.500	1.0832e-01
 9.750	17.750	1.2449e-01
 9.750	18.000	1.5106e-01
 9.750	18.250	1.8860e-01
 9.750	18.500	2.2725e-01
 9.750	18.750	2.5921e-01
 9.750	19.000	2.8572e-01
 9.750	19.250	3.1093e-01
 9.750	19.500	3.3623e-01
 9.750	19.750	3.3417e-01
 9.750	20.000	3.2095e-01
 9.750	20.250	2.8446e-01
 9.750	20.500	2.5114e-01
 9.750	20.750	2.3334e-01
 9.750	21.000	2.1649e-01
 9.750	21.250	2.0643e-01
 9.750	21.500	2.0205e-01
 9.750	21.750	2.0037e-01
 9.750	22.000	1.9918e-01
 9.750	22.250	1.9876e-01
 9.750	22.500	1.9856e-01
 9.750	22.750	1.9844e-01
 9.750	23.000	1.9837e-01
 9.750	23.250	1.9832e-01
 9.750	23.500	1.9831e-01
 9.750	23.750	1.9829e-01
 9.750	24.000	1.9829e-01
10.000	17.000	8.3219e-02
10.000	17.250	9.3147e-02
10.000	17.500	1.0591e-01
10.000	17.750	1.2489e-01
10.000	18.000	1.5521e-01
10.000	18.250	1.9377e-01
10.000	18.500	2.2983e-01
10.000	18.750	2.5596e-01
10.000	19.000	2.7407e-01
10.000	19.250	2.8647e-01
10.000	19.500	2.9386e-01
10.000	19.750	3.0585e-01
10.000	20.000	3.3090e-01
10.000	20.250	3.3486e-01
10.000	20.500	2.8451e-01
10.000	20.750	2.5096e-01
10.000	21.000	2.3319e-01
10.000	21.250	2.1632e-01
10.000	21.500	2.0640e-01
10.000	21.750	2.0205e-01
10.000	22.000	2.0041e-01
10.000	22.250	1.9923e-01
10.000	22.500	1.9878e-01
10.000	22.750	1.9859e-01
10.000	23.000	1.9849e-01
10.000	23.250	1.9843e-01
10.000	23.500	1.9840e-01
10.000	23.750	1.9838e-01
10.000	24.000	1.9837e-01
10.250	17.000	7.7452e-02
10.250	17.250	8.8387e-02
10.250	17.500	1.0370e-01
10.250	17.750	1.2628e-01
10.250	18.000	1.6000e-01
10.250	18.250	1.9983e-01
10.250	18.500	2.3377e-01
10.250	18.750	2.5557e-01
10.250	19.000	2.6781e-01
10.250	19.250	2.7647e-01
10.250	19.500	2.8732e-01
10.250	19.750	3.0406e-01
10.250	20.000	3.2783e-01
10.250	20.250	3.5467e-01
10.250	20.500	3.4037e-01
10.250	20.750	2.8403e-01
10.250	21.000	2.5070e-01
10.250	21.250	2.3310e-01
10.250	21.500	2.1609e-01
10.250	21.750	2.0638e-01
10.250	22.000	2.0205e-01
10.250	22.250	2.0042e-01
10.250	22.500	1.9937e-01
10.250	22.750	1.9879e-01
10.250	23.000	1.9861e-01
10.250	23.250	1.9852e-01
10.250	23.500	1.9848e-01
10.250	23.750	1.9845e-01
10.250	24.000	1.9843e-01
10.500	17.000	7.2570e-02
10.500	17.250	8.4316e-02
10.500	17.500	1.0188e-01
10.500	17.750	1.2890e-01
10.500	18.000	1.6518e-01
10.500	18.250	2.0493e-01
10.500	18.500	2.3755e-01
10.500	18.750	2.5855e-01
10.500	19.000	2.7311e-01
10.500	19.250	2.8503e-01
10.500	19.500	2.9647e-01
10.500	19.750	3.1012e-01
10.500	20.000	3.2859e-01
10.500	20.250	3.5401e-01
10.500	20.500	3.7891e-01
10.500	20.750	3.4277e-01
10.500	21.000	2.8377e-01
10.500	21.250	2.5068e-01
10.500	21.500	2.3285e-01
10.500	21.750	2.1585e-01
10.500	22.000	2.0634e-01
10.500	22.250	2.0205e-01
10.500	22.500	2.0042e-01
10.500	22.750	1.9944e-01
10.500	23.000	1.9883e-01
10.500	23.250	1.9862e-01
10.500	23.500	1.9854e-01
10.500	23.750	1.9850e-01
10.500	24.000	1.9848e-01
10.750	17.000	6.8408e-02
10.750	17.250	8.1068e-02
10.750	17.500	1.0146e-01
10.750	17.750	1.3179e-01
10.750	18.000	1.7008e-01
10.750	18.250	2.0951e-01
10.750	18.500	2.4139e-01
10.750	18.750	2.6449e-01
10.750	19.000	2.8174e-01
10.750	19.250	2.9584e-01
10.750	19.500	3.0768e-01
10.750	19.750	3.1911e-01
10.750	20.000	3.3217e-01
10.750	20.250	3.5100e-01
10.750	20.500	3.7659e-01
10.750	20.750	3.9693e-01
10.750	21.000	3.4118e-01
10.750	21.250	2.8295e-01
10.750	21.500	2.5134e-01
10.750	21.750	2.3243e-01
10.750	22.000	2.1557e-01
10.750	22.250	2.0629e-01
10.750	22.500	2.0204e-01
10.750	22.750	2.0042e-01
10.750	23.000	1.9946e-01
10.750	23.250	1.9897e-01
10.750	23.500	1.9864e-01
10.750	23.750	1.9855e-01
10.750	24.000	1.9852e-01
11.000	17.000	6.4782e-02
11.000	17.250	7.8438e-02
11.000	17.500	1.0138e-01
11.000	17.750	1.3430e-01
11.000	18.000	1.7290e-01
11.000	18.250	2.1148e-01
11.000	18.500	2.4326e-01
11.000	18.750	2.6894e-01
11.000	19.000	2.8909e-01
11.000	19.250	3.0523e-01
11.000	19.500	3.1783e-01
11.000	19.750	3.2768e-01
11.000	20.000	3.3703e-01
11.000	20.250	3.4924e-01
11.000	20.500	3.6873e-01
11.000	20.750	3.9483e-01
11.000	21.000	4.0555e-01
11.000	21.250	3.3989e-01
11.000	21.500	2.8284e-01
11.000	21.750	2.5291e-01
11.000	22.000	2.3168e-01
11.000	22.250	2.1529e-01
11.000	22.500	2.0624e-01
11.000	22.750	2.0203e-01
11.000	23.000	2.0041e-01
11.000	23.250	1.9947e-01
11.000	23.500	1.9904e-01
11.000	23.750	1.9874e-01
11.000	24.000	1.9858e-01
11.250	17.000	6.1435e-02
11.250	17.250	7.5863e-02
11.250	17.500	1.0051e-01
11.250	17.750	1.3464e-01
11.250	18.000	1.7316e-01
11.250	18.250	2.1097e-01
11.250	18.500	2.4333e-01
11.250	18.750	2.7120e-01
11.250	19.000	2.9401e-01
11.250	19.250	3.1229e-01
11.250	19.500	3.2582e-01
11.250	19.750	3.3557e-01
11.250	20.000	3.4317e-01
11.250	20.250	3.5108e-01
11.250	20.500	3.6350e-01
11.250	20.750	3.8444e-01
11.250	21.000	4.1156e-01
11.250	21.250	4.0513e-01
11.250	21.500	3.3923e-01
11.250	21.750	2.8351e-01
11.250	22.000	2.5474e-01
11.250	22.250	2.3062e-01
11.250	22.500	2.1498e-01
11.250	22.750	2.0618e-01
11.250	23.000	2.0201e-01
11.250	23.250	2.0040e-01
11.250	23.500	1.9947e-01
11.250	23.750	1.9907e-01
11.250	24.000	1.9886e-01
11.500	17.000	5.8347e-02
11.500	17.250	7.3177e-02
11.500	17.500	9.8336e-02
11.500	17.750	1.3247e-01
11.500	18.000	1.7052e-01
11.500	18.250	2.0783e-01
11.500	18.500	2.4085e-01
11.500	18.750	2.7025e-01
11.500	19.000	2.9579e-01
11.500	19.250	3.1617e-01
11.500	19.500	3.3166e-01
11.500	19.750	3.4262e-01
11.500	20.000	3.5018e-01
11.500	20.250	3.5631e-01
11.500	20.500	3.6399e-01
11.500	20.750	3.7773e-01
11.500	21.000	4.0140e-01
11.500	21.250	4.3038e-01
11.500	21.500	4.0486e-01
11.500	21.750	3.3975e-01
11.500	22.000	2.8588e-01
11.500	22.250	2.5555e-01
11.500	22.500	2.2954e-01
11.500	22.750	2.1470e-01
11.500	23.000	2.0614e-01
11.500	23.250	2.0199e-01
11.500	23.500	2.0040e-01
11.500	23.750	1.9947e-01
11.500	24.000	1.9907e-01
11.750	17.000	5.5351e-02
11.750	17.250	7.0132e-02
11.750	17.500	9.4809e-02
11.750	17.750	1.2804e-01
11.750	18.000	1.6509e-01
11.750	18.250	2.0189e-01
11.750	18.500	2.3605e-01
11.750	18.750	2.6802e-01
11.750	19.000	2.9675e-01
11.750	19.250	3.1956e-01
11.750	19.500	3.3628e-01
11.750	19.750	3.4875e-01
11.750	20.000	3.5755e-01
11.750	20.250	3.6386e-01
11.750	20.500	3.6973e-01
11.750	20.750	3.7868e-01
11.750	21.000	3.9488e-01
11.750	21.250	4.2304e-01
11.750	21.500	4.4085e-01
11.750	21.750	4.0971e-01
11.750	22.000	3.4285e-01
11.750	22.250	2.8895e-01
11.750	22.500	2.5479e-01
11.750	22.750	2.2854e-01
11.750	23.000	2.1428e-01
11.750	23.250	2.0608e-01
11.750	23.500	2.0197e-01
11.750	23.750	2.0038e-01
11.750	24.000	1.9947e-01
12.000	17.000	4.9734e-02
12.000	17.250	6.6571e-02
12.000	17.500	8.9782e-02
12.000	17.750	1.2131e-01
12.000	18.000	1.5708e-01
12.000	18.250	1.9376e-01
12.000	18.500	2.3005e-01
12.000	18.750	2.6500e-01
12.000	19.000	2.9661e-01
12.000	19.250	3.2223e-01
12.000	19.500	3.4114e-01
12.000	19.750	3.5507e-01
12.000	20.000	3.6518e-01
12.000	20.250	3.7253e-01
12.000	20.500	3.7855e-01
12.000	20.750	3.8595e-01
12.000	21.000	3.9769e-01
12.000	21.250	4.1816e-01
12.000	21.500	4.3631e-01
12.000	21.750	4.6398e-01
12.000	22.000	4.1775e-01
12.000	22.250	3.4733e-01
12.000	22.500	2.9166e-01
12.000	22.750	2.5345e-01
12.000	23.000	2.2754e-01
12.000	23.250	2.1391e-01
12.000	23.500	2.0603e-01
12.000	23.750	2.0194e-01
12.000	24.000	2.0037e-01
12.250	17.000	4.2862e-02
12.250	17.250	6.0577e-02
12.250	17.500	8.3391e-02
12.250	17.750	1.1237e-01
12.250	18.000	1.4690e-01
12.250	18.250	1.8450e-01
12.250	18.500	2.2325e-01
12.250	18.750	2.6089e-01
12.250	19.000	2.9516e-01
12.250	19.250	3.2389e-01
12.250	19.500	3.4593e-01
12.250	19.750	3.6192e-01
12.250	20.000	3.7323e-01
12.250	20.250	3.8182e-01
12.250	20.500	3.8916e-01
12.250	20.750	3.9712e-01
12.250	21.000	4.0824e-01
12.250	21.250	4.2457e-01
12.250	21.500	4.3424e-01
12.250	21.750	4.6799e-01
12.250	22.000	4.8487e-01
12.250	22.250	4.2997e-01
12.250	22.500	3.5426e-01
12.250	22.750	2.9409e-01
12.250	23.000	2.5186e-01
12.250	23.250	2.2662e-01
12.250	23.500	2.1351e-01
12.250	23.750	2.0596e-01
12.250	24.000	2.0191e-01
12.500	17.000	3.7144e-02
12.500	17.250	5.1577e-02
12.500	17.500	7.4469e-02
12.500	17.750	1.0218e-01
12.500	18.000	1.3519e-01
12.500	18.250	1.7336e-01
12.500	18.500	2.1478e-01
12.500	18.750	2.5626e-01
12.500	19.000	2.9320e-01
12.500	19.250	3.2405e-01
12.500	19.500	3.4914e-01
12.500	19.750	3.6797e-01
12.500	20.000	3.8153e-01
12.500	20.250	3.9158e-01
12.500	20.500	4.0046e-01
12.500	20.750	4.1020e-01
12.500	21.000	4.2272e-01
12.500	21.250	4.3921e-01
12.500	21.500	4.4531e-01
12.500	21.750	4.6982e-01
12.500	22.000	5.0710e-01
12.500	22.250	5.1675e-01
12.500	22.500	4.5128e-01
12.500	22.750	3.6006e-01
12.500	23.000	2.9441e-01
12.500	23.250	2.5025e-01
12.500	23.500	2.2575e-01
12.500	23.750	2.1310e-01
12.500	24.000	2.0587e-01
12.750	17.000	3.1822e-02
12.750	17.250	4.3818e-02
12.750	17.500	6.2765e-02
12.750	17.750	9.0648e-02
12.750	18.000	1.2334e-01
12.750	18.250	1.6072e-01
12.750	18.500	2.0321e-01
12.750	18.750	2.4707e-01
12.750	19.000	2.8775e-01
12.750	19.250	3.2219e-01
12.750	19.500	3.5030e-01
12.750	19.750	3.7201e-01
12.750	20.000	3.8867e-01
12.750	20.250	4.0163e-01
12.750	20.500	4.1219e-01
12.750	20.750	4.2324e-01
12.750	21.000	4.3918e-01
12.750	21.250	4.5749e-01
12.750	21.500	4.6553e-01
12.750	21.750	4.8643e-01
12.750	22.000	5.1507e-01
12.750	22.250	5.5720e-01
12.750	22.500	5.5641e-01
12.750	22.750	4.6151e-01
12.750	23.000	3.6265e-01
12.750	23.250	2.9309e-01
12.750	23.500	2.4864e-01
12.750	23.750	2.2485e-01
12.750	24.000	2.1263e-01
13.000	17.000	2.5892e-02
13.000	17.250	3.5972e-02
13.000	17.500	5.2430e-02
13.000	17.750	7.6420e-02
13.000	18.000	1.0805e-01
13.000	18.250	1.4518e-01
13.000	18.500	1.8784e-01
13.000	18.750	2.3365e-01
13.000	19.000	2.7753e-01
13.000	19.250	3.1612e-01
13.000	19.500	3.4715e-01
13.000	19.750	3.7296e-01
13.000	20.000	3.9300e-01
13.000	20.250	4.0955e-01
13.000	20.500	4.2399e-01
13.000	20.750	4.3761e-01
13.000	21.000	4.5415e-01
13.000	21.250	4.7625e-01
13.000	21.500	4.8909e-01
13.000	21.750	5.1101e-01
13.000	22.000	5.3635e-01
13.000	22.250	5.6751e-01
13.000	22.500	6.0870e-01
13.000	22.750	5.8106e-01
13.000	23.000	4.6268e-01
13.000	23.250	3.6079e-01
13.000	23.500	2.9082e-01
13.000	23.750	2.4677e-01
13.000	24.000	2.2379e-01
13.250	17.000	2.2504e-02
13.250	17.250	3.1017e-02
13.250	17.500	4.4580e-02
13.250	17.750	6.5124e-02
13.250	18.000	9.3642e-02
13.250	18.250	1.2999e-01
13.250	18.500	1.7157e-01
13.250	18.750	2.1622e-01
13.250	19.000	2.6237e-01
13.250	19.250	3.0315e-01
13.250	19.500	3.3868e-01
13.250	19.750	3.6883e-01
13.250	20.000	3.9238e-01
13.250	20.250	4.1344e-01
13.250	20.500	4.3118e-01
13.250	20.750	4.4866e-01
13.250	21.000	4.6745e-01
13.250	21.250	4.9182e-01
13.250	21.500	5.0496e-01
13.250	21.750	5.3045e-01
13.250	22.000	5.5676e-01
13.250	22.250	5.8336e-01
13.250	22.500	6.1000e-01
13.250	22.750	6.5063e-01
13.250	23.000	5.8095e-01
13.250	23.250	4.5444e-01
13.250	23.500	3.5471e-01
13.250	23.750	2.8719e-01
13.250	24.000	2.4445e-01
13.500	17.000	1.9553e-02
13.500	17.250	2.6866e-02
13.500	17.500	3.8743e-02
13.500	17.750	5.6528e-02
13.500	18.000	8.1956e-02
13.500	18.250	1.1505e-01
13.500	18.500	1.5522e-01
13.500	18.750	1.9939e-01
13.500	19.000	2.4454e-01
13.500	19.250	2.8812e-01
13.500	19.500	3.2630e-01
13.500	19.750	3.5897e-01
13.500	20.000	3.8751e-01
13.500	20.250	4.1378e-01
13.500	20.500	4.3453e-01
13.500	20.750	4.5417e-01
13.500	21.000	4.7256e-01
13.500	21.250	4.9934e-01
13.500	21.500	5.1234e-01
13.500	21.750	5.3803e-01
13.500	22.000	5.6544e-01
13.500	22.250	5.8643e-01
13.500	22.500	6.1465e-01
13.500	22.750	6.4423e-01
13.500	23.000	6.5854e-01
13.500	23.250	5.6483e-01
13.500	23.500	4.4108e-01
13.500	23.750	3.4845e-01
13.500	24.000	2.8234e-01
13.750	17.000	1.7075e-02
13.750	17.250	2.3241e-02
13.750	17.500	3.3615e-02
13.750	17.750	4.9185e-02
13.750	18.000	7.1915e-02
13.750	18.250	1.0216e-01
13.750	18.500	1.3928e-01
13.750	18.750	1.8181e-01
13.750	19.000	2.2770e-01
13.750	19.250	2.7195e-01
13.750	19.500	3.1225e-01
13.750	19.750	3.4876e-01
13.750	20.000	3.8045e-01
13.750	20.250	4.0933e-01
13.750	20.500	4.3520e-01
13.750	20.750	4.5800e-01
13.750	21.000	4.7966e-01
13.750	21.250	5.0204e-01
13.750	21.500	5.1696e-01
13.750	21.750	5.4270e-01
13.750	22.000	5.6620e-01
13.750	22.250	5.8735e-01
13.750	22.500	6.1273e-01
13.750	22.750	6.4078e-01
13.750	23.000	6.6312e-01
13.750	23.250	6.7146e-01
13.750	23.500	5.5128e-01
13.750	23.750	4.2710e-01
13.750	24.000	3.3991e-01
14.000	17.000	1.4975e-02
14.000	17.250	2.0235e-02
14.000	17.500	2.8915e-02
14.000	17.750	4.2847e-02
14.000	18.000	6.3084e-02
14.000	18.250	9.0815e-02
14.000	18.500	1.2544e-01
14.000	18.750	1.6561e-01
14.000	19.000	2.0981e-01
14.000	19.250	2.5627e-01
14.000	19.500	2.9922e-01
14.000	19.750	3.3878e-01
14.000	20.000	3.7359e-01
14.000	20.250	4.0444e-01
14.000	20.500	4.3322e-01
14.000	20.750	4.5977e-01
14.000	21.000	4.8462e-01
14.000	21.250	5.0979e-01
14.000	21.500	5.2391e-01
14.000	21.750	5.4991e-01
14.000	22.000	5.7201e-01
14.000	22.250	5.9012e-01
14.000	22.500	6.1050e-01
14.000	22.750	6.3884e-01
14.000	23.000	6.6586e-01
14.000	23.250	6.7658e-01
14.000	23.500	6.6155e-01
14.000	23.750	5.2912e-01
14.000	24.000	4.1216e-01
