InwD 3300.00A  relative to Inci 1215.00A scaled to 1215A.
Hden   Phi(H)  Eq_Width (A)
7.000  17.000  2.2043e-01
7.000  17.250  2.0068e-01
7.000  17.500  1.5540e-01
7.000  17.750  1.0462e-01
7.000  18.000  4.4630e-02
7.000  18.250  1.6660e-02
7.000  18.500  6.1700e-03
7.000  18.750  2.6600e-03
7.000  19.000  1.3300e-03
7.000  19.250  5.5000e-04
7.000  19.500  2.3000e-04
7.000  19.750  1.1000e-04
7.000  20.000  5.0000e-05
7.000  20.250  2.0000e-05
7.000  20.500  1.0000e-05
7.000  20.750  1.0000e-10
7.000  21.000  1.0000e-10
7.000  21.250  1.0000e-10
7.000  21.500  1.0000e-10
7.000  21.750  1.0000e-10
7.000  22.000  1.0000e-10
7.000  22.250  1.0000e-10
7.000  22.500  1.0000e-10
7.000  22.750  1.0000e-10
7.000  23.000  1.0000e-10
7.000  23.250  1.0000e-10
7.000  23.500  1.0000e-10
7.000  23.750  1.0000e-10
7.000  24.000  1.0000e-10
7.250  17.000  2.2934e-01
7.250  17.250  2.2802e-01
7.250  17.500  2.0864e-01
7.250  17.750  1.5815e-01
7.250  18.000  1.0358e-01
7.250  18.250  4.4340e-02
7.250  18.500  1.6630e-02
7.250  18.750  6.1700e-03
7.250  19.000  2.6600e-03
7.250  19.250  1.3300e-03
7.250  19.500  5.4000e-04
7.250  19.750  2.3000e-04
7.250  20.000  1.1000e-04
7.250  20.250  5.0000e-05
7.250  20.500  2.0000e-05
7.250  20.750  1.0000e-05
7.250  21.000  1.0000e-10
7.250  21.250  1.0000e-10
7.250  21.500  1.0000e-10
7.250  21.750  1.0000e-10
7.250  22.000  1.0000e-10
7.250  22.250  1.0000e-10
7.250  22.500  1.0000e-10
7.250  22.750  1.0000e-10
7.250  23.000  1.0000e-10
7.250  23.250  1.0000e-10
7.250  23.500  1.0000e-10
7.250  23.750  1.0000e-10
7.250  24.000  1.0000e-10
7.500  17.000  2.3025e-01
7.500  17.250  2.3780e-01
7.500  17.500  2.3871e-01
7.500  17.750  2.1975e-01
7.500  18.000  1.6105e-01
7.500  18.250  1.0259e-01
7.500  18.500  4.4060e-02
7.500  18.750  1.6600e-02
7.500  19.000  6.1700e-03
7.500  19.250  2.6500e-03
7.500  19.500  1.3300e-03
7.500  19.750  5.4000e-04
7.500  20.000  2.3000e-04
7.500  20.250  1.1000e-04
7.500  20.500  5.0000e-05
7.500  20.750  2.0000e-05
7.500  21.000  1.0000e-05
7.500  21.250  1.0000e-10
7.500  21.500  1.0000e-10
7.500  21.750  1.0000e-10
7.500  22.000  1.0000e-10
7.500  22.250  1.0000e-10
7.500  22.500  1.0000e-10
7.500  22.750  1.0000e-10
7.500  23.000  1.0000e-10
7.500  23.250  1.0000e-10
7.500  23.500  1.0000e-10
7.500  23.750  1.0000e-10
7.500  24.000  1.0000e-10
7.750  17.000  2.2947e-01
7.750  17.250  2.3900e-01
7.750  17.500  2.5092e-01
7.750  17.750  2.5580e-01
7.750  18.000  2.3371e-01
7.750  18.250  1.6449e-01
7.750  18.500  1.0159e-01
7.750  18.750  4.3800e-02
7.750  19.000  1.6550e-02
7.750  19.250  6.1500e-03
7.750  19.500  2.6500e-03
7.750  19.750  1.3300e-03
7.750  20.000  5.5000e-04
7.750  20.250  2.3000e-04
7.750  20.500  1.1000e-04
7.750  20.750  6.0000e-05
7.750  21.000  2.0000e-05
7.750  21.250  1.0000e-05
7.750  21.500  1.0000e-10
7.750  21.750  1.0000e-05
7.750  22.000  1.0000e-10
7.750  22.250  1.0000e-10
7.750  22.500  1.0000e-10
7.750  22.750  1.0000e-10
7.750  23.000  1.0000e-10
7.750  23.250  1.0000e-10
7.750  23.500  1.0000e-10
7.750  23.750  1.0000e-10
7.750  24.000  1.0000e-10
8.000  17.000  2.2966e-01
8.000  17.250  2.3592e-01
8.000  17.500  2.5107e-01
8.000  17.750  2.7177e-01
8.000  18.000  2.8176e-01
8.000  18.250  2.5097e-01
8.000  18.500  1.6822e-01
8.000  18.750  1.0049e-01
8.000  19.000  4.3560e-02
8.000  19.250  1.6510e-02
8.000  19.500  6.1500e-03
8.000  19.750  2.6600e-03
8.000  20.000  1.3300e-03
8.000  20.250  5.5000e-04
8.000  20.500  2.3000e-04
8.000  20.750  1.1000e-04
8.000  21.000  6.0000e-05
8.000  21.250  2.0000e-05
8.000  21.500  1.0000e-05
8.000  21.750  1.0000e-10
8.000  22.000  1.0000e-10
8.000  22.250  1.0000e-10
8.000  22.500  1.0000e-10
8.000  22.750  1.0000e-10
8.000  23.000  1.0000e-10
8.000  23.250  1.0000e-10
8.000  23.500  1.0000e-10
8.000  23.750  1.0000e-10
8.000  24.000  1.0000e-10
8.250  17.000  2.3524e-01
8.250  17.250  2.3759e-01
8.250  17.500  2.4955e-01
8.250  17.750  2.7574e-01
8.250  18.000  3.1076e-01
8.250  18.250  3.2474e-01
8.250  18.500  2.6812e-01
8.250  18.750  1.7337e-01
8.250  19.000  9.9300e-02
8.250  19.250  4.3290e-02
8.250  19.500  1.6460e-02
8.250  19.750  6.1500e-03
8.250  20.000  2.6500e-03
8.250  20.250  1.3300e-03
8.250  20.500  5.5000e-04
8.250  20.750  2.3000e-04
8.250  21.000  1.1000e-04
8.250  21.250  5.0000e-05
8.250  21.500  2.0000e-05
8.250  21.750  1.0000e-05
8.250  22.000  1.0000e-10
8.250  22.250  1.0000e-10
8.250  22.500  1.0000e-10
8.250  22.750  1.0000e-10
8.250  23.000  1.0000e-10
8.250  23.250  1.0000e-10
8.250  23.500  1.0000e-10
8.250  23.750  1.0000e-10
8.250  24.000  1.0000e-10
8.500  17.000  2.4226e-01
8.500  17.250  2.4318e-01
8.500  17.500  2.5114e-01
8.500  17.750  2.7534e-01
8.500  18.000  3.2269e-01
8.500  18.250  3.7587e-01
8.500  18.500  3.7543e-01
8.500  18.750  2.8594e-01
8.500  19.000  1.7566e-01
8.500  19.250  9.7980e-02
8.500  19.500  4.2990e-02
8.500  19.750  1.6380e-02
8.500  20.000  6.1500e-03
8.500  20.250  2.6500e-03
8.500  20.500  1.3300e-03
8.500  20.750  5.5000e-04
8.500  21.000  2.3000e-04
8.500  21.250  1.1000e-04
8.500  21.500  5.0000e-05
8.500  21.750  2.0000e-05
8.500  22.000  1.0000e-05
8.500  22.250  1.0000e-10
8.500  22.500  1.0000e-10
8.500  22.750  1.0000e-10
8.500  23.000  1.0000e-10
8.500  23.250  1.0000e-10
8.500  23.500  1.0000e-10
8.500  23.750  1.0000e-10
8.500  24.000  1.0000e-10
8.750  17.000  2.4839e-01
8.750  17.250  2.5033e-01
8.750  17.500  2.5717e-01
8.750  17.750  2.7735e-01
8.750  18.000  3.2623e-01
8.750  18.250  4.0443e-01
8.750  18.500  4.5341e-01
8.750  18.750  4.2036e-01
8.750  19.000  2.9189e-01
8.750  19.250  1.7765e-01
8.750  19.500  9.6530e-02
8.750  19.750  4.2650e-02
8.750  20.000  1.6310e-02
8.750  20.250  6.1300e-03
8.750  20.500  2.6500e-03
8.750  20.750  1.3300e-03
8.750  21.000  5.5000e-04
8.750  21.250  2.3000e-04
8.750  21.500  1.1000e-04
8.750  21.750  5.0000e-05
8.750  22.000  2.0000e-05
8.750  22.250  1.0000e-05
8.750  22.500  1.0000e-10
8.750  22.750  1.0000e-10
8.750  23.000  1.0000e-10
8.750  23.250  1.0000e-10
8.750  23.500  1.0000e-10
8.750  23.750  1.0000e-10
8.750  24.000  1.0000e-10
9.000  17.000  2.5253e-01
9.000  17.250  2.5671e-01
9.000  17.500  2.6525e-01
9.000  17.750  2.8541e-01
9.000  18.000  3.3282e-01
9.000  18.250  4.1861e-01
9.000  18.500  5.0436e-01
9.000  18.750  5.2863e-01
9.000  19.000  4.5084e-01
9.000  19.250  2.9804e-01
9.000  19.500  1.7644e-01
9.000  19.750  9.5270e-02
9.000  20.000  4.2290e-02
9.000  20.250  1.6220e-02
9.000  20.500  6.1200e-03
9.000  20.750  2.6500e-03
9.000  21.000  1.3300e-03
9.000  21.250  5.5000e-04
9.000  21.500  2.3000e-04
9.000  21.750  1.1000e-04
9.000  22.000  6.0000e-05
9.000  22.250  2.0000e-05
9.000  22.500  1.0000e-05
9.000  22.750  1.0000e-10
9.000  23.000  1.0000e-10
9.000  23.250  1.0000e-10
9.000  23.500  1.0000e-10
9.000  23.750  1.0000e-10
9.000  24.000  1.0000e-10
9.250  17.000  2.5419e-01
9.250  17.250  2.6127e-01
9.250  17.500  2.7332e-01
9.250  17.750  2.9751e-01
9.250  18.000  3.4999e-01
9.250  18.250  4.3900e-01
9.250  18.500  5.3038e-01
9.250  18.750  5.9086e-01
9.250  19.000  5.7233e-01
9.250  19.250  4.6833e-01
9.250  19.500  3.0069e-01
9.250  19.750  1.7690e-01
9.250  20.000  9.3770e-02
9.250  20.250  4.1890e-02
9.250  20.500  1.6140e-02
9.250  20.750  6.1200e-03
9.250  21.000  2.6500e-03
9.250  21.250  1.3200e-03
9.250  21.500  5.5000e-04
9.250  21.750  2.3000e-04
9.250  22.000  1.0000e-04
9.250  22.250  5.0000e-05
9.250  22.500  3.0000e-05
9.250  22.750  1.0000e-05
9.250  23.000  1.0000e-10
9.250  23.250  1.0000e-10
9.250  23.500  1.0000e-10
9.250  23.750  1.0000e-10
9.250  24.000  1.0000e-10
9.500  17.000  2.5412e-01
9.500  17.250  2.6431e-01
9.500  17.500  2.8067e-01
9.500  17.750  3.1186e-01
9.500  18.000  3.7572e-01
9.500  18.250  4.7349e-01
9.500  18.500  5.6423e-01
9.500  18.750  6.1946e-01
9.500  19.000  6.3373e-01
9.500  19.250  5.8955e-01
9.500  19.500  4.6330e-01
9.500  19.750  3.0218e-01
9.500  20.000  1.7367e-01
9.500  20.250  9.2070e-02
9.500  20.500  4.1440e-02
9.500  20.750  1.6060e-02
9.500  21.000  6.1100e-03
9.500  21.250  2.6500e-03
9.500  21.500  1.3200e-03
9.500  21.750  5.4000e-04
9.500  22.000  2.4000e-04
9.500  22.250  1.1000e-04
9.500  22.500  5.0000e-05
9.500  22.750  3.0000e-05
9.500  23.000  2.0000e-05
9.500  23.250  1.0000e-10
9.500  23.500  1.0000e-10
9.500  23.750  1.0000e-05
9.500  24.000  1.0000e-10
9.750  17.000  2.5206e-01
9.750  17.250  2.6574e-01
9.750  17.500  2.8699e-01
9.750  17.750  3.2758e-01
9.750  18.000  4.0731e-01
9.750  18.250  5.1768e-01
9.750  18.500  6.0890e-01
9.750  18.750  6.5238e-01
9.750  19.000  6.5857e-01
9.750  19.250  6.4009e-01
9.750  19.500  5.8836e-01
9.750  19.750  4.5956e-01
9.750  20.000  3.0518e-01
9.750  20.250  1.6943e-01
9.750  20.500  8.9790e-02
9.750  20.750  4.1040e-02
9.750  21.000  1.5970e-02
9.750  21.250  6.1000e-03
9.750  21.500  2.6500e-03
9.750  21.750  1.3200e-03
9.750  22.000  5.5000e-04
9.750  22.250  2.3000e-04
9.750  22.500  1.1000e-04
9.750  22.750  5.0000e-05
9.750  23.000  2.0000e-05
9.750  23.250  2.0000e-05
9.750  23.500  1.0000e-05
9.750  23.750  1.0000e-10
9.750  24.000  1.0000e-05
10.000  17.000  2.4837e-01
10.000  17.250  2.6631e-01
10.000  17.500  2.9364e-01
10.000  17.750  3.4617e-01
10.000  18.000  4.4383e-01
10.000  18.250  5.6414e-01
10.000  18.500  6.5482e-01
10.000  18.750  6.8961e-01
10.000  19.000  6.8613e-01
10.000  19.250  6.6054e-01
10.000  19.500  6.1625e-01
10.000  19.750  5.5387e-01
10.000  20.000  4.6387e-01
10.000  20.250  2.9519e-01
10.000  20.500  1.6461e-01
10.000  20.750  8.7210e-02
10.000  21.000  4.0550e-02
10.000  21.250  1.5880e-02
10.000  21.500  6.0800e-03
10.000  21.750  2.6500e-03
10.000  22.000  1.3200e-03
10.000  22.250  5.4000e-04
10.000  22.500  2.3000e-04
10.000  22.750  1.1000e-04
10.000  23.000  5.0000e-05
10.000  23.250  3.0000e-05
10.000  23.500  2.0000e-05
10.000  23.750  1.0000e-05
10.000  24.000  1.0000e-05
10.250  17.000  2.4322e-01
10.250  17.250  2.6623e-01
10.250  17.500  3.0257e-01
10.250  17.750  3.7012e-01
10.250  18.000  4.8397e-01
10.250  18.250  6.1375e-01
10.250  18.500  7.0356e-01
10.250  18.750  7.3169e-01
10.250  19.000  7.2189e-01
10.250  19.250  7.0246e-01
10.250  19.500  6.8276e-01
10.250  19.750  6.5047e-01
10.250  20.000  5.8811e-01
10.250  20.250  4.8171e-01
10.250  20.500  2.8326e-01
10.250  20.750  1.6025e-01
10.250  21.000  8.4470e-02
10.250  21.250  3.9900e-02
10.250  21.500  1.5790e-02
10.250  21.750  6.0800e-03
10.250  22.000  2.6500e-03
10.250  22.250  1.3300e-03
10.250  22.500  5.5000e-04
10.250  22.750  2.3000e-04
10.250  23.000  1.0000e-04
10.250  23.250  6.0000e-05
10.250  23.500  3.0000e-05
10.250  23.750  1.0000e-05
10.250  24.000  1.0000e-10
10.500  17.000  2.3920e-01
10.500  17.250  2.6825e-01
10.500  17.500  3.1614e-01
10.500  17.750  4.0224e-01
10.500  18.000  5.3011e-01
10.500  18.250  6.6464e-01
10.500  18.500  7.5563e-01
10.500  18.750  7.8972e-01
10.500  19.000  7.9676e-01
10.500  19.250  7.8980e-01
10.500  19.500  7.7355e-01
10.500  19.750  7.4656e-01
10.500  20.000  7.0085e-01
10.500  20.250  6.2388e-01
10.500  20.500  4.9477e-01
10.500  20.750  2.7836e-01
10.500  21.000  1.5484e-01
10.500  21.250  8.1670e-02
10.500  21.500  3.9030e-02
10.500  21.750  1.5710e-02
10.500  22.000  6.0600e-03
10.500  22.250  2.6500e-03
10.500  22.500  1.3200e-03
10.500  22.750  5.4000e-04
10.500  23.000  2.3000e-04
10.500  23.250  1.0000e-04
10.500  23.500  5.0000e-05
10.500  23.750  3.0000e-05
10.500  24.000  1.0000e-05
10.750  17.000  2.3553e-01
10.750  17.250  2.7237e-01
10.750  17.500  3.3654e-01
10.750  17.750  4.4145e-01
10.750  18.000  5.8169e-01
10.750  18.250  7.2179e-01
10.750  18.500  8.1793e-01
10.750  18.750  8.6894e-01
10.750  19.000  8.8924e-01
10.750  19.250  8.9126e-01
10.750  19.500  8.7487e-01
10.750  19.750  8.4702e-01
10.750  20.000  8.0662e-01
10.750  20.250  7.4592e-01
10.750  20.500  6.5416e-01
10.750  20.750  4.9807e-01
10.750  21.000  2.6496e-01
10.750  21.250  1.4754e-01
10.750  21.500  7.9220e-02
10.750  21.750  3.7730e-02
10.750  22.000  1.5610e-02
10.750  22.250  6.0500e-03
10.750  22.500  2.6500e-03
10.750  22.750  1.3200e-03
10.750  23.000  5.5000e-04
10.750  23.250  2.3000e-04
10.750  23.500  1.1000e-04
10.750  23.750  5.0000e-05
10.750  24.000  2.0000e-05
11.000  17.000  2.3174e-01
11.000  17.250  2.7744e-01
11.000  17.500  3.5997e-01
11.000  17.750  4.8476e-01
11.000  18.000  6.3392e-01
11.000  18.250  7.7856e-01
11.000  18.500  8.8291e-01
11.000  18.750  9.5162e-01
11.000  19.000  9.8754e-01
11.000  19.250  9.9774e-01
11.000  19.500  9.8366e-01
11.000  19.750  9.5301e-01
11.000  20.000  9.1075e-01
11.000  20.250  8.5580e-01
11.000  20.500  7.8105e-01
11.000  20.750  6.7528e-01
11.000  21.000  4.7775e-01
11.000  21.250  2.5428e-01
11.000  21.500  1.4174e-01
11.000  21.750  7.7630e-02
11.000  22.000  3.5950e-02
11.000  22.250  1.5490e-02
11.000  22.500  6.0500e-03
11.000  22.750  2.6500e-03
11.000  23.000  1.3200e-03
11.000  23.250  5.4000e-04
11.000  23.500  2.3000e-04
11.000  23.750  1.0000e-04
11.000  24.000  5.0000e-05
11.250  17.000  2.2770e-01
11.250  17.250  2.8122e-01
11.250  17.500  3.8063e-01
11.250  17.750  5.2344e-01
11.250  18.000  6.8311e-01
11.250  18.250  8.3356e-01
11.250  18.500  9.4821e-01
11.250  18.750  1.0330e+00
11.250  19.000  1.0852e+00
11.250  19.250  1.1046e+00
11.250  19.500  1.0959e+00
11.250  19.750  1.0650e+00
11.250  20.000  1.0190e+00
11.250  20.250  9.6183e-01
11.250  20.500  8.9230e-01
11.250  20.750  8.0413e-01
11.250  21.000  6.8548e-01
11.250  21.250  4.6603e-01
11.250  21.500  2.4605e-01
11.250  21.750  1.3656e-01
11.250  22.000  7.5950e-02
11.250  22.250  3.4630e-02
11.250  22.500  1.5350e-02
11.250  22.750  6.0400e-03
11.250  23.000  2.6500e-03
11.250  23.250  1.3200e-03
11.250  23.500  5.4000e-04
11.250  23.750  2.3000e-04
11.250  24.000  1.1000e-04
11.500  17.000  2.2397e-01
11.500  17.250  2.8402e-01
11.500  17.500  3.9471e-01
11.500  17.750  5.5117e-01
11.500  18.000  7.2262e-01
11.500  18.250  8.8089e-01
11.500  18.500  1.0062e+00
11.500  18.750  1.1039e+00
11.500  19.000  1.1705e+00
11.500  19.250  1.2035e+00
11.500  19.500  1.2049e+00
11.500  19.750  1.1795e+00
11.500  20.000  1.1327e+00
11.500  20.250  1.0713e+00
11.500  20.500  9.9894e-01
11.500  20.750  9.1476e-01
11.500  21.000  8.1408e-01
11.500  21.250  6.8392e-01
11.500  21.500  4.5108e-01
11.500  21.750  2.3944e-01
11.500  22.000  1.3304e-01
11.500  22.250  7.3830e-02
11.500  22.500  3.3530e-02
11.500  22.750  1.5170e-02
11.500  23.000  6.0300e-03
11.500  23.250  2.6500e-03
11.500  23.500  1.3300e-03
11.500  23.750  5.5000e-04
11.500  24.000  2.3000e-04
11.750  17.000  2.1975e-01
11.750  17.250  2.8496e-01
11.750  17.500  4.0145e-01
11.750  17.750  5.6474e-01
11.750  18.000  7.4514e-01
11.750  18.250  9.1267e-01
11.750  18.500  1.0514e+00
11.750  18.750  1.1655e+00
11.750  19.000  1.2475e+00
11.750  19.250  1.2941e+00
11.750  19.500  1.3070e+00
11.750  19.750  1.2897e+00
11.750  20.000  1.2473e+00
11.750  20.250  1.1849e+00
11.750  20.500  1.1087e+00
11.750  20.750  1.0223e+00
11.750  21.000  9.2425e-01
11.750  21.250  8.1377e-01
11.750  21.500  6.6976e-01
11.750  21.750  4.3581e-01
11.750  22.000  2.3215e-01
11.750  22.250  1.3044e-01
11.750  22.500  7.0220e-02
11.750  22.750  3.2330e-02
11.750  23.000  1.4970e-02
11.750  23.250  6.0300e-03
11.750  23.500  2.6500e-03
11.750  23.750  1.3300e-03
11.750  24.000  5.5000e-04
12.000  17.000  2.1018e-01
12.000  17.250  2.8272e-01
12.000  17.500  3.9929e-01
12.000  17.750  5.6204e-01
12.000  18.000  7.4549e-01
12.000  18.250  9.2329e-01
12.000  18.500  1.0820e+00
12.000  18.750  1.2137e+00
12.000  19.000  1.3110e+00
12.000  19.250  1.3721e+00
12.000  19.500  1.3961e+00
12.000  19.750  1.3900e+00
12.000  20.000  1.3552e+00
12.000  20.250  1.2973e+00
12.000  20.500  1.2212e+00
12.000  20.750  1.1332e+00
12.000  21.000  1.0336e+00
12.000  21.250  9.2384e-01
12.000  21.500  7.9457e-01
12.000  21.750  6.5280e-01
12.000  22.000  4.2020e-01
12.000  22.250  2.2652e-01
12.000  22.500  1.2773e-01
12.000  22.750  6.6330e-02
12.000  23.000  3.1300e-02
12.000  23.250  1.4740e-02
12.000  23.500  6.0200e-03
12.000  23.750  2.6400e-03
12.000  24.000  1.3300e-03
12.250  17.000  1.9632e-01
12.250  17.250  2.7239e-01
12.250  17.500  3.8768e-01
12.250  17.750  5.4339e-01
12.250  18.000  7.2623e-01
12.250  18.250  9.1582e-01
12.250  18.500  1.0917e+00
12.250  18.750  1.2416e+00
12.250  19.000  1.3552e+00
12.250  19.250  1.4303e+00
12.250  19.500  1.4686e+00
12.250  19.750  1.4737e+00
12.250  20.000  1.4484e+00
12.250  20.250  1.3990e+00
12.250  20.500  1.3296e+00
12.250  20.750  1.2444e+00
12.250  21.000  1.1473e+00
12.250  21.250  1.0366e+00
12.250  21.500  8.9997e-01
12.250  21.750  7.8047e-01
12.250  22.000  6.2340e-01
12.250  22.250  4.0416e-01
12.250  22.500  2.2385e-01
12.250  22.750  1.2498e-01
12.250  23.000  6.2630e-02
12.250  23.250  3.0240e-02
12.250  23.500  1.4480e-02
12.250  23.750  6.0200e-03
12.250  24.000  2.6400e-03
12.500  17.000  1.8047e-01
12.500  17.250  2.5020e-01
12.500  17.500  3.6291e-01
12.500  17.750  5.1237e-01
12.500  18.000  6.9170e-01
12.500  18.250  8.8571e-01
12.500  18.500  1.0760e+00
12.500  18.750  1.2460e+00
12.500  19.000  1.3782e+00
12.500  19.250  1.4653e+00
12.500  19.500  1.5152e+00
12.500  19.750  1.5325e+00
12.500  20.000  1.5205e+00
12.500  20.250  1.4823e+00
12.500  20.500  1.4235e+00
12.500  20.750  1.3486e+00
12.500  21.000  1.2585e+00
12.500  21.250  1.1534e+00
12.500  21.500  1.0118e+00
12.500  21.750  8.8442e-01
12.500  22.000  7.6447e-01
12.500  22.250  6.0636e-01
12.500  22.500  3.9227e-01
12.500  22.750  2.1979e-01
12.500  23.000  1.2119e-01
12.500  23.250  5.9460e-02
12.500  23.500  2.9290e-02
12.500  23.750  1.4230e-02
12.500  24.000  6.0100e-03
12.750  17.000  1.6219e-01
12.750  17.250  2.2347e-01
12.750  17.500  3.2366e-01
12.750  17.750  4.6930e-01
12.750  18.000  6.4509e-01
12.750  18.250  8.3815e-01
12.750  18.500  1.0355e+00
12.750  18.750  1.2169e+00
12.750  19.000  1.3666e+00
12.750  19.250  1.4725e+00
12.750  19.500  1.5358e+00
12.750  19.750  1.5642e+00
12.750  20.000  1.5653e+00
12.750  20.250  1.5425e+00
12.750  20.500  1.4969e+00
12.750  20.750  1.4337e+00
12.750  21.000  1.3592e+00
12.750  21.250  1.2646e+00
12.750  21.500  1.1280e+00
12.750  21.750  9.9545e-01
12.750  22.000  8.6600e-01
12.750  22.250  7.5196e-01
12.750  22.500  5.9372e-01
12.750  22.750  3.7482e-01
12.750  23.000  2.1474e-01
12.750  23.250  1.1519e-01
12.750  23.500  5.6810e-02
12.750  23.750  2.8360e-02
12.750  24.000  1.3970e-02
13.000  17.000  1.3882e-01
13.000  17.250  1.9296e-01
13.000  17.500  2.8324e-01
13.000  17.750  4.1529e-01
13.000  18.000  5.8338e-01
13.000  18.250  7.7200e-01
13.000  18.500  9.7028e-01
13.000  18.750  1.1615e+00
13.000  19.000  1.3241e+00
13.000  19.250  1.4487e+00
13.000  19.500  1.5275e+00
13.000  19.750  1.5701e+00
13.000  20.000  1.5827e+00
13.000  20.250  1.5745e+00
13.000  20.500  1.5464e+00
13.000  20.750  1.4989e+00
13.000  21.000  1.4362e+00
13.000  21.250  1.3588e+00
13.000  21.500  1.2363e+00
13.000  21.750  1.1074e+00
13.000  22.000  9.7092e-01
13.000  22.250  8.4382e-01
13.000  22.500  7.3422e-01
13.000  22.750  5.6644e-01
13.000  23.000  3.5542e-01
13.000  23.250  2.0419e-01
13.000  23.500  1.0908e-01
13.000  23.750  5.4150e-02
13.000  24.000  2.7400e-02
13.250  17.000  1.2666e-01
13.250  17.250  1.7244e-01
13.250  17.500  2.4824e-01
13.250  17.750  3.6435e-01
13.250  18.000  5.1928e-01
13.250  18.250  7.0143e-01
13.250  18.500  8.9437e-01
13.250  18.750  1.0829e+00
13.250  19.000  1.2582e+00
13.250  19.250  1.3906e+00
13.250  19.500  1.4899e+00
13.250  19.750  1.5505e+00
13.250  20.000  1.5753e+00
13.250  20.250  1.5805e+00
13.250  20.500  1.5654e+00
13.250  20.750  1.5348e+00
13.250  21.000  1.4872e+00
13.250  21.250  1.4254e+00
13.250  21.500  1.3126e+00
13.250  21.750  1.1964e+00
13.250  22.000  1.0636e+00
13.250  22.250  9.2981e-01
13.250  22.500  8.0322e-01
13.250  22.750  7.0124e-01
13.250  23.000  5.2235e-01
13.250  23.250  3.2785e-01
13.250  23.500  1.8937e-01
13.250  23.750  1.0243e-01
13.250  24.000  5.1560e-02
13.500  17.000  1.1491e-01
13.500  17.250  1.5488e-01
13.500  17.500  2.2152e-01
13.500  17.750  3.2183e-01
13.500  18.000  4.6064e-01
13.500  18.250  6.2820e-01
13.500  18.500  8.1426e-01
13.500  18.750  1.0010e+00
13.500  19.000  1.1748e+00
13.500  19.250  1.3236e+00
13.500  19.500  1.4340e+00
13.500  19.750  1.5075e+00
13.500  20.000  1.5505e+00
13.500  20.250  1.5713e+00
13.500  20.500  1.5648e+00
13.500  20.750  1.5431e+00
13.500  21.000  1.5024e+00
13.500  21.250  1.4567e+00
13.500  21.500  1.3536e+00
13.500  21.750  1.2464e+00
13.500  22.000  1.1200e+00
13.500  22.250  9.8448e-01
13.500  22.500  8.6337e-01
13.500  22.750  7.5104e-01
13.500  23.000  6.3654e-01
13.500  23.250  4.6482e-01
13.500  23.500  2.9611e-01
13.500  23.750  1.7614e-01
13.500  24.000  9.5690e-02
13.750  17.000  1.0425e-01
13.750  17.250  1.3831e-01
13.750  17.500  1.9682e-01
13.750  17.750  2.8419e-01
13.750  18.000  4.0797e-01
13.750  18.250  5.6137e-01
13.750  18.500  7.3346e-01
13.750  18.750  9.1314e-01
13.750  19.000  1.0890e+00
13.750  19.250  1.2440e+00
13.750  19.500  1.3662e+00
13.750  19.750  1.4585e+00
13.750  20.000  1.5168e+00
13.750  20.250  1.5491e+00
13.750  20.500  1.5569e+00
13.750  20.750  1.5435e+00
13.750  21.000  1.5129e+00
13.750  21.250  1.4644e+00
13.750  21.500  1.3720e+00
13.750  21.750  1.2719e+00
13.750  22.000  1.1457e+00
13.750  22.250  1.0177e+00
13.750  22.500  9.0171e-01
13.750  22.750  7.9470e-01
13.750  23.000  6.8543e-01
13.750  23.250  5.8029e-01
13.750  23.500  4.1591e-01
13.750  23.750  2.6697e-01
13.750  24.000  1.6273e-01
14.000  17.000  9.4686e-02
14.000  17.250  1.2390e-01
14.000  17.500  1.7327e-01
14.000  17.750  2.5108e-01
14.000  18.000  3.6019e-01
14.000  18.250  5.0061e-01
14.000  18.500  6.6086e-01
14.000  18.750  8.3007e-01
14.000  19.000  9.9933e-01
14.000  19.250  1.1600e+00
14.000  19.500  1.2962e+00
14.000  19.750  1.4040e+00
14.000  20.000  1.4780e+00
14.000  20.250  1.5222e+00
14.000  20.500  1.5436e+00
14.000  20.750  1.5421e+00
14.000  21.000  1.5200e+00
14.000  21.250  1.4789e+00
14.000  21.500  1.3874e+00
14.000  21.750  1.2902e+00
14.000  22.000  1.1637e+00
14.000  22.250  1.0359e+00
14.000  22.500  9.2228e-01
14.000  22.750  8.2562e-01
14.000  23.000  7.2818e-01
14.000  23.250  6.2061e-01
14.000  23.500  5.1346e-01
14.000  23.750  3.6572e-01
14.000  24.000  2.4099e-01
