Inwd 1035.00A  relative to Inci 1215.00A scaled to 1215A.
Hden   Phi(H)  Eq_Width (A)
 7.000	17.000	2.1551e-01
 7.000	17.250	2.5149e-01
 7.000	17.500	2.3687e-01
 7.000	17.750	1.9883e-01
 7.000	18.000	1.6236e-01
 7.000	18.250	2.3217e-02
 7.000	18.500	9.8132e-04
 7.000	18.750	8.8066e-06
 7.000	19.000	1.5638e-06
 7.000	19.250	1.0000e-07
 7.000	19.500	1.0000e-07
 7.000	19.750	1.0000e-07
 7.000	20.000	1.0000e-07
 7.000	20.250	1.0000e-07
 7.000	20.500	1.0000e-07
 7.000	20.750	1.0000e-07
 7.000	21.000	1.0000e-07
 7.000	21.250	1.0000e-07
 7.000	21.500	1.0000e-07
 7.000	21.750	1.0000e-07
 7.000	22.000	1.0000e-07
 7.000	22.250	1.0000e-07
 7.000	22.500	1.0000e-07
 7.000	22.750	1.0000e-07
 7.000	23.000	1.0000e-07
 7.000	23.250	1.0000e-07
 7.000	23.500	1.0000e-07
 7.000	23.750	1.0000e-07
 7.000	24.000	1.0000e-07
 7.250	17.000	1.5359e-01
 7.250	17.250	2.1976e-01
 7.250	17.500	2.5583e-01
 7.250	17.750	2.4057e-01
 7.250	18.000	2.0210e-01
 7.250	18.250	1.6502e-01
 7.250	18.500	2.3352e-02
 7.250	18.750	9.8568e-04
 7.250	19.000	8.8066e-06
 7.250	19.250	1.5638e-06
 7.250	19.500	1.0000e-07
 7.250	19.750	1.0000e-07
 7.250	20.000	1.0000e-07
 7.250	20.250	1.0000e-07
 7.250	20.500	1.0000e-07
 7.250	20.750	1.0000e-07
 7.250	21.000	1.0000e-07
 7.250	21.250	1.0000e-07
 7.250	21.500	1.0000e-07
 7.250	21.750	1.0000e-07
 7.250	22.000	1.0000e-07
 7.250	22.250	1.0000e-07
 7.250	22.500	1.0000e-07
 7.250	22.750	1.0000e-07
 7.250	23.000	1.0000e-07
 7.250	23.250	1.0000e-07
 7.250	23.500	1.0000e-07
 7.250	23.750	1.0000e-07
 7.250	24.000	1.0000e-07
 7.500	17.000	9.3427e-02
 7.500	17.250	1.5722e-01
 7.500	17.500	2.2372e-01
 7.500	17.750	2.5979e-01
 7.500	18.000	2.4414e-01
 7.500	18.250	2.0522e-01
 7.500	18.500	1.6772e-01
 7.500	18.750	2.3486e-02
 7.500	19.000	9.5720e-04
 7.500	19.250	8.8066e-06
 7.500	19.500	1.5638e-06
 7.500	19.750	1.0000e-07
 7.500	20.000	1.0000e-07
 7.500	20.250	1.0000e-07
 7.500	20.500	1.0000e-07
 7.500	20.750	1.0000e-07
 7.500	21.000	1.0000e-07
 7.500	21.250	1.0000e-07
 7.500	21.500	1.0000e-07
 7.500	21.750	1.0000e-07
 7.500	22.000	1.0000e-07
 7.500	22.250	1.0000e-07
 7.500	22.500	1.0000e-07
 7.500	22.750	1.0000e-07
 7.500	23.000	1.0000e-07
 7.500	23.250	1.0000e-07
 7.500	23.500	1.0000e-07
 7.500	23.750	1.0000e-07
 7.500	24.000	1.0000e-07
 7.750	17.000	4.7801e-02
 7.750	17.250	9.5754e-02
 7.750	17.500	1.6032e-01
 7.750	17.750	2.2722e-01
 7.750	18.000	2.6346e-01
 7.750	18.250	2.4765e-01
 7.750	18.500	2.0820e-01
 7.750	18.750	1.7020e-01
 7.750	19.000	2.3638e-02
 7.750	19.250	9.4708e-04
 7.750	19.500	8.8066e-06
 7.750	19.750	1.5638e-06
 7.750	20.000	1.0000e-07
 7.750	20.250	1.0000e-07
 7.750	20.500	1.0000e-07
 7.750	20.750	1.0000e-07
 7.750	21.000	1.0000e-07
 7.750	21.250	1.0000e-07
 7.750	21.500	1.0000e-07
 7.750	21.750	1.0000e-07
 7.750	22.000	1.0000e-07
 7.750	22.250	1.0000e-07
 7.750	22.500	1.0000e-07
 7.750	22.750	1.0000e-07
 7.750	23.000	1.0000e-07
 7.750	23.250	1.0000e-07
 7.750	23.500	1.0000e-07
 7.750	23.750	1.0000e-07
 7.750	24.000	1.0000e-07
 8.000	17.000	1.9523e-02
 8.000	17.250	4.8767e-02
 8.000	17.500	9.7121e-02
 8.000	17.750	1.6212e-01
 8.000	18.000	2.2947e-01
 8.000	18.250	2.6632e-01
 8.000	18.500	2.5039e-01
 8.000	18.750	2.1065e-01
 8.000	19.000	1.7229e-01
 8.000	19.250	2.2885e-02
 8.000	19.500	9.6905e-04
 8.000	19.750	8.8066e-06
 8.000	20.000	1.5638e-06
 8.000	20.250	1.0000e-07
 8.000	20.500	1.0000e-07
 8.000	20.750	1.0000e-07
 8.000	21.000	1.0000e-07
 8.000	21.250	1.0000e-07
 8.000	21.500	1.0000e-07
 8.000	21.750	1.0000e-07
 8.000	22.000	1.0000e-07
 8.000	22.250	1.0000e-07
 8.000	22.500	1.0000e-07
 8.000	22.750	1.0000e-07
 8.000	23.000	1.0000e-07
 8.000	23.250	1.0000e-07
 8.000	23.500	1.0000e-07
 8.000	23.750	1.0000e-07
 8.000	24.000	1.0000e-07
 8.250	17.000	6.2807e-03
 8.250	17.250	2.0004e-02
 8.250	17.500	4.9852e-02
 8.250	17.750	9.8953e-02
 8.250	18.000	1.6428e-01
 8.250	18.250	2.3223e-01
 8.250	18.500	2.6961e-01
 8.250	18.750	2.5378e-01
 8.250	19.000	2.1346e-01
 8.250	19.250	1.7454e-01
 8.250	19.500	2.3042e-02
 8.250	19.750	9.5424e-04
 8.250	20.000	8.8066e-06
 8.250	20.250	1.5638e-06
 8.250	20.500	1.0000e-07
 8.250	20.750	1.0000e-07
 8.250	21.000	1.0000e-07
 8.250	21.250	1.0000e-07
 8.250	21.500	1.0000e-07
 8.250	21.750	1.0000e-07
 8.250	22.000	1.0000e-07
 8.250	22.250	1.0000e-07
 8.250	22.500	1.0000e-07
 8.250	22.750	1.0000e-07
 8.250	23.000	1.0000e-07
 8.250	23.250	1.0000e-07
 8.250	23.500	1.0000e-07
 8.250	23.750	1.0000e-07
 8.250	24.000	1.0000e-07
 8.500	17.000	1.6933e-03
 8.500	17.250	6.3839e-03
 8.500	17.500	2.0297e-02
 8.500	17.750	5.0490e-02
 8.500	18.000	1.0004e-01
 8.500	18.250	1.6601e-01
 8.500	18.500	2.3485e-01
 8.500	18.750	2.7308e-01
 8.500	19.000	2.5706e-01
 8.500	19.250	2.1619e-01
 8.500	19.500	1.7666e-01
 8.500	19.750	2.3962e-02
 8.500	20.000	9.4132e-04
 8.500	20.250	8.8066e-06
 8.500	20.500	1.5638e-06
 8.500	20.750	1.0000e-07
 8.500	21.000	1.0000e-07
 8.500	21.250	1.0000e-07
 8.500	21.500	1.0000e-07
 8.500	21.750	1.0000e-07
 8.500	22.000	1.0000e-07
 8.500	22.250	1.0000e-07
 8.500	22.500	1.0000e-07
 8.500	22.750	1.0000e-07
 8.500	23.000	1.0000e-07
 8.500	23.250	1.0000e-07
 8.500	23.500	1.0000e-07
 8.500	23.750	1.0000e-07
 8.500	24.000	1.0000e-07
 8.750	17.000	4.7597e-04
 8.750	17.250	1.7100e-03
 8.750	17.500	6.4294e-03
 8.750	17.750	2.0423e-02
 8.750	18.000	5.0709e-02
 8.750	18.250	1.0075e-01
 8.750	18.500	1.6728e-01
 8.750	18.750	2.3710e-01
 8.750	19.000	2.7636e-01
 8.750	19.250	2.6026e-01
 8.750	19.500	2.1852e-01
 8.750	19.750	1.7856e-01
 8.750	20.000	2.4181e-02
 8.750	20.250	9.2140e-04
 8.750	20.500	8.8066e-06
 8.750	20.750	1.5638e-06
 8.750	21.000	1.0000e-07
 8.750	21.250	1.0000e-07
 8.750	21.500	1.0000e-07
 8.750	21.750	1.0000e-07
 8.750	22.000	1.0000e-07
 8.750	22.250	1.0000e-07
 8.750	22.500	1.0000e-07
 8.750	22.750	1.0000e-07
 8.750	23.000	1.0000e-07
 8.750	23.250	1.0000e-07
 8.750	23.500	1.0000e-07
 8.750	23.750	1.0000e-07
 8.750	24.000	1.0000e-07
 9.000	17.000	1.6305e-04
 9.000	17.250	4.8189e-04
 9.000	17.500	1.7192e-03
 9.000	17.750	6.4290e-03
 9.000	18.000	2.0411e-02
 9.000	18.250	5.0775e-02
 9.000	18.500	1.0082e-01
 9.000	18.750	1.6804e-01
 9.000	19.000	2.3858e-01
 9.000	19.250	2.7915e-01
 9.000	19.500	2.6301e-01
 9.000	19.750	2.2043e-01
 9.000	20.000	1.7994e-01
 9.000	20.250	2.4450e-02
 9.000	20.500	9.1342e-04
 9.000	20.750	8.7243e-06
 9.000	21.000	1.5638e-06
 9.000	21.250	1.0000e-07
 9.000	21.500	1.0000e-07
 9.000	21.750	1.0000e-07
 9.000	22.000	1.0000e-07
 9.000	22.250	1.0000e-07
 9.000	22.500	1.0000e-07
 9.000	22.750	1.0000e-07
 9.000	23.000	1.0000e-07
 9.000	23.250	1.0000e-07
 9.000	23.500	1.0000e-07
 9.000	23.750	1.0000e-07
 9.000	24.000	1.0000e-07
 9.250	17.000	4.8230e-05
 9.250	17.250	1.6642e-04
 9.250	17.500	4.9037e-04
 9.250	17.750	1.7277e-03
 9.250	18.000	6.3909e-03
 9.250	18.250	2.0314e-02
 9.250	18.500	5.0630e-02
 9.250	18.750	1.0071e-01
 9.250	19.000	1.6795e-01
 9.250	19.250	2.3926e-01
 9.250	19.500	2.8105e-01
 9.250	19.750	2.6480e-01
 9.250	20.000	2.2140e-01
 9.250	20.250	1.8047e-01
 9.250	20.500	2.4686e-02
 9.250	20.750	8.9506e-04
 9.250	21.000	8.7243e-06
 9.250	21.250	1.5638e-06
 9.250	21.500	1.0000e-07
 9.250	21.750	1.0000e-07
 9.250	22.000	1.0000e-07
 9.250	22.250	1.0000e-07
 9.250	22.500	1.0000e-07
 9.250	22.750	1.0000e-07
 9.250	23.000	1.0000e-07
 9.250	23.250	1.0000e-07
 9.250	23.500	1.0000e-07
 9.250	23.750	1.0000e-07
 9.250	24.000	1.0000e-07
 9.500	17.000	5.6790e-06
 9.500	17.250	4.9300e-05
 9.500	17.500	1.7111e-04
 9.500	17.750	5.0033e-04
 9.500	18.000	1.7239e-03
 9.500	18.250	6.3499e-03
 9.500	18.500	2.0149e-02
 9.500	18.750	5.0307e-02
 9.500	19.000	1.0017e-01
 9.500	19.250	1.6707e-01
 9.500	19.500	2.3910e-01
 9.500	19.750	2.8145e-01
 9.500	20.000	2.6490e-01
 9.500	20.250	2.2079e-01
 9.500	20.500	1.7962e-01
 9.500	20.750	2.4965e-02
 9.500	21.000	8.7909e-04
 9.500	21.250	8.8066e-06
 9.500	21.500	1.5638e-06
 9.500	21.750	1.0000e-07
 9.500	22.000	1.0000e-07
 9.500	22.250	1.0000e-07
 9.500	22.500	1.0000e-07
 9.500	22.750	1.0000e-07
 9.500	23.000	1.0000e-07
 9.500	23.250	1.0000e-07
 9.500	23.500	1.0000e-07
 9.500	23.750	1.0000e-07
 9.500	24.000	1.0000e-07
 9.750	17.000	1.0000e-07
 9.750	17.250	5.8436e-06
 9.750	17.500	5.0947e-05
 9.750	17.750	1.7695e-04
 9.750	18.000	5.1218e-04
 9.750	18.250	1.7319e-03
 9.750	18.500	6.3143e-03
 9.750	18.750	1.9982e-02
 9.750	19.000	4.9825e-02
 9.750	19.250	9.9117e-02
 9.750	19.500	1.6539e-01
 9.750	19.750	2.3711e-01
 9.750	20.000	2.7989e-01
 9.750	20.250	2.6325e-01
 9.750	20.500	2.1867e-01
 9.750	20.750	1.7728e-01
 9.750	21.000	2.5224e-02
 9.750	21.250	9.7687e-04
 9.750	21.500	8.7243e-06
 9.750	21.750	1.5638e-06
 9.750	22.000	1.0000e-07
 9.750	22.250	1.0000e-07
 9.750	22.500	1.0000e-07
 9.750	22.750	1.0000e-07
 9.750	23.000	1.0000e-07
 9.750	23.250	1.0000e-07
 9.750	23.500	1.0000e-07
 9.750	23.750	1.0000e-07
 9.750	24.000	1.0000e-07
10.000	17.000	1.0000e-07
10.000	17.250	1.0000e-07
10.000	17.500	6.1728e-06
10.000	17.750	5.2922e-05
10.000	18.000	1.8296e-04
10.000	18.250	5.2280e-04
10.000	18.500	1.7615e-03
10.000	18.750	6.3043e-03
10.000	19.000	1.9806e-02
10.000	19.250	4.9210e-02
10.000	19.500	9.7564e-02
10.000	19.750	1.6252e-01
10.000	20.000	2.3323e-01
10.000	20.250	2.7626e-01
10.000	20.500	2.5973e-01
10.000	20.750	2.1524e-01
10.000	21.000	1.7391e-01
10.000	21.250	2.5452e-02
10.000	21.500	9.6790e-04
10.000	21.750	8.7243e-06
10.000	22.000	1.5638e-06
10.000	22.250	1.0000e-07
10.000	22.500	1.0000e-07
10.000	22.750	1.0000e-07
10.000	23.000	1.0000e-07
10.000	23.250	1.0000e-07
10.000	23.500	1.0000e-07
10.000	23.750	1.0000e-07
10.000	24.000	1.0000e-07
10.250	17.000	1.0000e-07
10.250	17.250	1.0000e-07
10.250	17.500	1.0000e-07
10.250	17.750	6.5844e-06
10.250	18.000	5.4979e-05
10.250	18.250	1.8914e-04
10.250	18.500	5.4181e-04
10.250	18.750	1.7789e-03
10.250	19.000	6.3157e-03
10.250	19.250	1.9668e-02
10.250	19.500	4.8508e-02
10.250	19.750	9.5593e-02
10.250	20.000	1.5876e-01
10.250	20.250	2.2822e-01
10.250	20.500	2.7098e-01
10.250	20.750	2.5471e-01
10.250	21.000	2.1023e-01
10.250	21.250	1.6924e-01
10.250	21.500	2.5640e-02
10.250	21.750	9.4403e-04
10.250	22.000	8.7243e-06
10.250	22.250	1.5638e-06
10.250	22.500	1.0000e-07
10.250	22.750	1.0000e-07
10.250	23.000	1.0000e-07
10.250	23.250	1.0000e-07
10.250	23.500	1.0000e-07
10.250	23.750	1.0000e-07
10.250	24.000	1.0000e-07
10.500	17.000	1.0000e-07
10.500	17.250	1.0000e-07
10.500	17.500	1.0000e-07
10.500	17.750	1.0000e-07
10.500	18.000	7.1605e-06
10.500	18.250	5.7449e-05
10.500	18.500	1.9564e-04
10.500	18.750	5.5078e-04
10.500	19.000	1.8154e-03
10.500	19.250	6.3611e-03
10.500	19.500	1.9624e-02
10.500	19.750	4.7974e-02
10.500	20.000	9.3598e-02
10.500	20.250	1.5462e-01
10.500	20.500	2.2222e-01
10.500	20.750	2.6332e-01
10.500	21.000	2.4776e-01
10.500	21.250	2.0377e-01
10.500	21.500	1.6242e-01
10.500	21.750	2.5457e-02
10.500	22.000	9.3136e-04
10.500	22.250	8.7243e-06
10.500	22.500	1.5638e-06
10.500	22.750	1.0000e-07
10.500	23.000	1.0000e-07
10.500	23.250	1.0000e-07
10.500	23.500	1.0000e-07
10.500	23.750	1.0000e-07
10.500	24.000	1.0000e-07
10.750	17.000	1.0000e-07
10.750	17.250	1.0000e-07
10.750	17.500	1.0000e-07
10.750	17.750	1.0000e-07
10.750	18.000	1.0000e-07
10.750	18.250	8.0658e-06
10.750	18.500	6.0494e-05
10.750	18.750	2.0255e-04
10.750	19.000	5.6938e-04
10.750	19.250	1.8633e-03
10.750	19.500	6.4789e-03
10.750	19.750	1.9804e-02
10.750	20.000	4.7937e-02
10.750	20.250	9.1976e-02
10.750	20.500	1.5041e-01
10.750	20.750	2.1530e-01
10.750	21.000	2.5401e-01
10.750	21.250	2.3841e-01
10.750	21.500	1.9288e-01
10.750	21.750	1.5184e-01
10.750	22.000	2.5386e-02
10.750	22.250	9.2198e-04
10.750	22.500	8.7243e-06
10.750	22.750	1.5638e-06
10.750	23.000	1.0000e-07
10.750	23.250	1.0000e-07
10.750	23.500	1.0000e-07
10.750	23.750	1.0000e-07
10.750	24.000	1.0000e-07
11.000	17.000	1.0000e-07
11.000	17.250	1.0000e-07
11.000	17.500	1.0000e-07
11.000	17.750	1.0000e-07
11.000	18.000	1.0000e-07
11.000	18.250	1.0000e-07
11.000	18.500	9.3827e-06
11.000	18.750	6.3868e-05
11.000	19.000	2.0930e-04
11.000	19.250	5.9136e-04
11.000	19.500	1.9418e-03
11.000	19.750	6.7426e-03
11.000	20.000	2.0487e-02
11.000	20.250	4.8409e-02
11.000	20.500	9.0667e-02
11.000	20.750	1.4601e-01
11.000	21.000	2.0726e-01
11.000	21.250	2.4227e-01
11.000	21.500	2.2453e-01
11.000	21.750	1.7682e-01
11.000	22.000	1.3680e-01
11.000	22.250	2.4876e-02
11.000	22.500	9.1539e-04
11.000	22.750	8.7243e-06
11.000	23.000	1.5638e-06
11.000	23.250	1.0000e-07
11.000	23.500	1.0000e-07
11.000	23.750	1.0000e-07
11.000	24.000	1.0000e-07
11.250	17.000	1.0000e-07
11.250	17.250	1.0000e-07
11.250	17.500	1.0000e-07
11.250	17.750	1.0000e-07
11.250	18.000	1.0000e-07
11.250	18.250	1.0000e-07
11.250	18.500	9.0535e-07
11.250	18.750	1.0617e-05
11.250	19.000	6.7243e-05
11.250	19.250	2.1753e-04
11.250	19.500	6.2272e-04
11.250	19.750	2.0802e-03
11.250	20.000	7.2328e-03
11.250	20.250	2.1734e-02
11.250	20.500	4.9227e-02
11.250	20.750	8.9271e-02
11.250	21.000	1.4103e-01
11.250	21.250	1.9672e-01
11.250	21.500	2.2486e-01
11.250	21.750	2.0106e-01
11.250	22.000	1.5478e-01
11.250	22.250	1.1781e-01
11.250	22.500	2.3943e-02
11.250	22.750	9.3218e-04
11.250	23.000	8.6420e-06
11.250	23.250	1.5638e-06
11.250	23.500	1.0000e-07
11.250	23.750	1.0000e-07
11.250	24.000	1.0000e-07
11.500	17.000	1.0000e-07
11.500	17.250	1.0000e-07
11.500	17.500	1.0000e-07
11.500	17.750	1.0000e-07
11.500	18.000	1.0000e-07
11.500	18.250	1.0000e-07
11.500	18.500	1.0000e-07
11.500	18.750	1.1523e-06
11.500	19.000	1.1605e-05
11.500	19.250	7.0453e-05
11.500	19.500	2.3004e-04
11.500	19.750	6.7556e-04
11.500	20.000	2.3187e-03
11.500	20.250	8.0268e-03
11.500	20.500	2.3151e-02
11.500	20.750	4.9795e-02
11.500	21.000	8.6967e-02
11.500	21.250	1.3502e-01
11.500	21.500	1.8219e-01
11.500	21.750	1.9594e-01
11.500	22.000	1.7043e-01
11.500	22.250	1.2862e-01
11.500	22.500	9.7187e-02
11.500	22.750	2.2256e-02
11.500	23.000	9.1909e-04
11.500	23.250	8.6420e-06
11.500	23.500	1.5638e-06
11.500	23.750	1.0000e-07
11.500	24.000	1.0000e-07
11.750	17.000	1.0000e-07
11.750	17.250	1.0000e-07
11.750	17.500	1.0000e-07
11.750	17.750	1.0000e-07
11.750	18.000	1.0000e-07
11.750	18.250	1.0000e-07
11.750	18.500	1.0000e-07
11.750	18.750	1.0000e-07
11.750	19.000	1.2346e-06
11.750	19.250	1.2428e-05
11.750	19.500	7.3827e-05
11.750	19.750	2.4889e-04
11.750	20.000	7.6222e-04
11.750	20.250	2.6950e-03
11.750	20.500	9.5580e-03
11.750	20.750	2.4501e-02
11.750	21.000	4.9343e-02
11.750	21.250	8.3086e-02
11.750	21.500	1.2490e-01
11.750	21.750	1.5793e-01
11.750	22.000	1.6107e-01
11.750	22.250	1.3797e-01
11.750	22.500	1.0346e-01
11.750	22.750	7.7782e-02
11.750	23.000	1.9848e-02
11.750	23.250	9.2469e-04
11.750	23.500	8.5597e-06
11.750	23.750	1.5638e-06
11.750	24.000	1.0000e-07
12.000	17.000	1.0000e-07
12.000	17.250	1.0000e-07
12.000	17.500	1.0000e-07
12.000	17.750	1.0000e-07
12.000	18.000	1.0000e-07
12.000	18.250	1.0000e-07
12.000	18.500	1.0000e-07
12.000	18.750	1.0000e-07
12.000	19.000	1.0000e-07
12.000	19.250	1.3169e-06
12.000	19.500	1.3004e-05
12.000	19.750	7.7778e-05
12.000	20.000	2.7835e-04
12.000	20.250	8.9835e-04
12.000	20.500	3.4380e-03
12.000	20.750	1.0973e-02
12.000	21.000	2.5261e-02
12.000	21.250	4.7173e-02
12.000	21.500	7.6019e-02
12.000	21.750	1.0781e-01
12.000	22.000	1.2757e-01
12.000	22.250	1.2591e-01
12.000	22.500	1.0821e-01
12.000	22.750	8.1335e-02
12.000	23.000	5.9194e-02
12.000	23.250	1.6820e-02
12.000	23.500	9.4667e-04
12.000	23.750	8.4774e-06
12.000	24.000	1.5638e-06
12.250	17.000	1.0000e-07
12.250	17.250	1.0000e-07
12.250	17.500	1.0000e-07
12.250	17.750	1.0000e-07
12.250	18.000	1.0000e-07
12.250	18.250	1.0000e-07
12.250	18.500	1.0000e-07
12.250	18.750	1.0000e-07
12.250	19.000	1.0000e-07
12.250	19.250	1.0000e-07
12.250	19.500	1.3169e-06
12.250	19.750	1.3498e-05
12.250	20.000	8.3868e-05
12.250	20.250	3.2486e-04
12.250	20.500	1.0988e-03
12.250	20.750	4.2252e-03
12.250	21.000	1.2261e-02
12.250	21.250	2.4848e-02
12.250	21.500	4.2637e-02
12.250	21.750	6.5167e-02
12.250	22.000	8.7030e-02
12.250	22.250	9.8122e-02
12.250	22.500	9.5487e-02
12.250	22.750	8.3145e-02
12.250	23.000	6.2812e-02
12.250	23.250	4.4496e-02
12.250	23.500	1.3971e-02
12.250	23.750	9.6601e-04
12.250	24.000	8.3951e-06
12.500	17.000	1.0000e-07
12.500	17.250	1.0000e-07
12.500	17.500	1.0000e-07
12.500	17.750	1.0000e-07
12.500	18.000	1.0000e-07
12.500	18.250	1.0000e-07
12.500	18.500	1.0000e-07
12.500	18.750	1.0000e-07
12.500	19.000	1.0000e-07
12.500	19.250	1.0000e-07
12.500	19.500	1.0000e-07
12.500	19.750	1.3992e-06
12.500	20.000	1.4321e-05
12.500	20.250	9.4239e-05
12.500	20.500	3.9687e-04
12.500	20.750	1.4580e-03
12.500	21.000	5.1040e-03
12.500	21.250	1.3042e-02
12.500	21.500	2.2742e-02
12.500	21.750	3.6170e-02
12.500	22.000	5.2649e-02
12.500	22.250	6.6873e-02
12.500	22.500	7.3113e-02
12.500	22.750	7.0979e-02
12.500	23.000	6.2709e-02
12.500	23.250	4.7706e-02
12.500	23.500	3.2584e-02
12.500	23.750	1.1140e-02
12.500	24.000	9.4412e-04
12.750	17.000	1.0000e-07
12.750	17.250	1.0000e-07
12.750	17.500	1.0000e-07
12.750	17.750	1.0000e-07
12.750	18.000	1.0000e-07
12.750	18.250	1.0000e-07
12.750	18.500	1.0000e-07
12.750	18.750	1.0000e-07
12.750	19.000	1.0000e-07
12.750	19.250	1.0000e-07
12.750	19.500	1.0000e-07
12.750	19.750	1.0000e-07
12.750	20.000	1.4815e-06
12.750	20.250	1.5473e-05
12.750	20.500	1.0856e-04
12.750	20.750	4.8897e-04
12.750	21.000	1.7808e-03
12.750	21.250	5.8678e-03
12.750	21.500	1.2773e-02
12.750	21.750	1.9596e-02
12.750	22.000	2.9257e-02
12.750	22.250	4.0861e-02
12.750	22.500	4.9934e-02
12.750	22.750	5.3344e-02
12.750	23.000	5.1948e-02
12.750	23.250	4.6652e-02
12.750	23.500	3.5644e-02
12.750	23.750	2.3523e-02
12.750	24.000	8.7853e-03
13.000	17.000	1.0000e-07
13.000	17.250	1.0000e-07
13.000	17.500	1.0000e-07
13.000	17.750	1.0000e-07
13.000	18.000	1.0000e-07
13.000	18.250	1.0000e-07
13.000	18.500	1.0000e-07
13.000	18.750	1.0000e-07
13.000	19.000	1.0000e-07
13.000	19.250	1.0000e-07
13.000	19.500	1.0000e-07
13.000	19.750	1.0000e-07
13.000	20.000	1.0000e-07
13.000	20.250	1.4815e-06
13.000	20.500	1.6872e-05
13.000	20.750	1.2453e-04
13.000	21.000	5.8173e-04
13.000	21.250	2.0863e-03
13.000	21.500	6.2956e-03
13.000	21.750	1.1661e-02
13.000	22.000	1.6260e-02
13.000	22.250	2.3022e-02
13.000	22.500	3.0835e-02
13.000	22.750	3.6416e-02
13.000	23.000	3.8277e-02
13.000	23.250	3.7498e-02
13.000	23.500	3.4171e-02
13.000	23.750	2.6303e-02
13.000	24.000	1.6766e-02
13.250	17.000	1.0000e-07
13.250	17.250	1.0000e-07
13.250	17.500	1.0000e-07
13.250	17.750	1.0000e-07
13.250	18.000	1.0000e-07
13.250	18.250	1.0000e-07
13.250	18.500	1.0000e-07
13.250	18.750	1.0000e-07
13.250	19.000	1.0000e-07
13.250	19.250	1.0000e-07
13.250	19.500	1.0000e-07
13.250	19.750	1.0000e-07
13.250	20.000	1.0000e-07
13.250	20.250	1.0000e-07
13.250	20.500	1.3992e-06
13.250	20.750	1.6790e-05
13.250	21.000	1.3136e-04
13.250	21.250	6.3819e-04
13.250	21.500	2.3354e-03
13.250	21.750	6.4990e-03
13.250	22.000	1.0502e-02
13.250	22.250	1.3424e-02
13.250	22.500	1.7939e-02
13.250	22.750	2.2883e-02
13.250	23.000	2.6109e-02
13.250	23.250	2.7129e-02
13.250	23.500	2.6820e-02
13.250	23.750	2.4733e-02
13.250	24.000	1.9210e-02
13.500	17.000	1.0000e-07
13.500	17.250	1.0000e-07
13.500	17.500	1.0000e-07
13.500	17.750	1.0000e-07
13.500	18.000	1.0000e-07
13.500	18.250	1.0000e-07
13.500	18.500	1.0000e-07
13.500	18.750	1.0000e-07
13.500	19.000	1.0000e-07
13.500	19.250	1.0000e-07
13.500	19.500	1.0000e-07
13.500	19.750	1.0000e-07
13.500	20.000	1.0000e-07
13.500	20.250	1.0000e-07
13.500	20.500	1.0000e-07
13.500	20.750	1.1523e-06
13.500	21.000	1.5638e-05
13.500	21.250	1.3556e-04
13.500	21.500	7.2667e-04
13.500	21.750	2.7205e-03
13.500	22.000	6.9193e-03
13.500	22.250	9.9384e-03
13.500	22.500	1.1439e-02
13.500	22.750	1.4091e-02
13.500	23.000	1.6828e-02
13.500	23.250	1.8536e-02
13.500	23.500	1.9103e-02
13.500	23.750	1.9037e-02
13.500	24.000	1.7722e-02
13.750	17.000	1.0000e-07
13.750	17.250	1.0000e-07
13.750	17.500	1.0000e-07
13.750	17.750	1.0000e-07
13.750	18.000	1.0000e-07
13.750	18.250	1.0000e-07
13.750	18.500	1.0000e-07
13.750	18.750	1.0000e-07
13.750	19.000	1.0000e-07
13.750	19.250	1.0000e-07
13.750	19.500	1.0000e-07
13.750	19.750	1.0000e-07
13.750	20.000	1.0000e-07
13.750	20.250	1.0000e-07
13.750	20.500	1.0000e-07
13.750	20.750	1.0000e-07
13.750	21.000	1.0700e-06
13.750	21.250	1.5802e-05
13.750	21.500	1.5514e-04
13.750	21.750	9.2099e-04
13.750	22.000	3.3680e-03
13.750	22.250	7.7587e-03
13.750	22.500	1.0048e-02
13.750	22.750	1.0247e-02
13.750	23.000	1.1264e-02
13.750	23.250	1.2404e-02
13.750	23.500	1.3150e-02
13.750	23.750	1.3451e-02
13.750	24.000	1.3490e-02
14.000	17.000	1.0000e-07
14.000	17.250	1.0000e-07
14.000	17.500	1.0000e-07
14.000	17.750	1.0000e-07
14.000	18.000	1.0000e-07
14.000	18.250	1.0000e-07
14.000	18.500	1.0000e-07
14.000	18.750	1.0000e-07
14.000	19.000	1.0000e-07
14.000	19.250	1.0000e-07
14.000	19.500	1.0000e-07
14.000	19.750	1.0000e-07
14.000	20.000	1.0000e-07
14.000	20.250	1.0000e-07
14.000	20.500	1.0000e-07
14.000	20.750	1.0000e-07
14.000	21.000	1.0000e-07
14.000	21.250	9.8765e-07
14.000	21.500	1.7531e-05
14.000	21.750	1.9893e-04
14.000	22.000	1.1873e-03
14.000	22.250	3.9426e-03
14.000	22.500	8.4686e-03
14.000	22.750	9.9360e-03
14.000	23.000	9.2072e-03
14.000	23.250	9.0925e-03
14.000	23.500	9.2553e-03
14.000	23.750	9.4420e-03
14.000	24.000	9.5498e-03
