InwT 2392.03A  relative to Inci 1215.00A scaled to 1215A.
Hden   Phi(H)  Eq_Width (A)
 7.000	17.000	1.7593e-01
 7.000	17.250	2.0606e-01
 7.000	17.500	2.3129e-01
 7.000	17.750	2.5370e-01
 7.000	18.000	2.3475e-01
 7.000	18.250	2.1838e-01
 7.000	18.500	2.0767e-01
 7.000	18.750	2.0317e-01
 7.000	19.000	2.0150e-01
 7.000	19.250	2.0054e-01
 7.000	19.500	2.0014e-01
 7.000	19.750	1.9998e-01
 7.000	20.000	1.9991e-01
 7.000	20.250	1.9988e-01
 7.000	20.500	1.9986e-01
 7.000	20.750	1.9985e-01
 7.000	21.000	1.9985e-01
 7.000	21.250	1.9985e-01
 7.000	21.500	1.9984e-01
 7.000	21.750	1.9984e-01
 7.000	22.000	1.9984e-01
 7.000	22.250	1.9984e-01
 7.000	22.500	1.9984e-01
 7.000	22.750	1.9985e-01
 7.000	23.000	1.9985e-01
 7.000	23.250	1.9985e-01
 7.000	23.500	1.9985e-01
 7.000	23.750	1.9985e-01
 7.000	24.000	1.9985e-01
 7.250	17.000	1.5257e-01
 7.250	17.250	1.8050e-01
 7.250	17.500	2.1192e-01
 7.250	17.750	2.3481e-01
 7.250	18.000	2.5368e-01
 7.250	18.250	2.3473e-01
 7.250	18.500	2.1834e-01
 7.250	18.750	2.0766e-01
 7.250	19.000	2.0317e-01
 7.250	19.250	2.0150e-01
 7.250	19.500	2.0054e-01
 7.250	19.750	2.0014e-01
 7.250	20.000	1.9998e-01
 7.250	20.250	1.9991e-01
 7.250	20.500	1.9988e-01
 7.250	20.750	1.9986e-01
 7.250	21.000	1.9985e-01
 7.250	21.250	1.9985e-01
 7.250	21.500	1.9985e-01
 7.250	21.750	1.9985e-01
 7.250	22.000	1.9984e-01
 7.250	22.250	1.9984e-01
 7.250	22.500	1.9984e-01
 7.250	22.750	1.9984e-01
 7.250	23.000	1.9984e-01
 7.250	23.250	1.9984e-01
 7.250	23.500	1.9984e-01
 7.250	23.750	1.9984e-01
 7.250	24.000	1.9984e-01
 7.500	17.000	1.3505e-01
 7.500	17.250	1.5691e-01
 7.500	17.500	1.8664e-01
 7.500	17.750	2.1969e-01
 7.500	18.000	2.3842e-01
 7.500	18.250	2.5365e-01
 7.500	18.500	2.3473e-01
 7.500	18.750	2.1830e-01
 7.500	19.000	2.0766e-01
 7.500	19.250	2.0316e-01
 7.500	19.500	2.0150e-01
 7.500	19.750	2.0054e-01
 7.500	20.000	2.0014e-01
 7.500	20.250	1.9998e-01
 7.500	20.500	1.9991e-01
 7.500	20.750	1.9988e-01
 7.500	21.000	1.9986e-01
 7.500	21.250	1.9985e-01
 7.500	21.500	1.9985e-01
 7.500	21.750	1.9985e-01
 7.500	22.000	1.9984e-01
 7.500	22.250	1.9984e-01
 7.500	22.500	1.9984e-01
 7.500	22.750	1.9984e-01
 7.500	23.000	1.9984e-01
 7.500	23.250	1.9984e-01
 7.500	23.500	1.9984e-01
 7.500	23.750	1.9984e-01
 7.500	24.000	1.9984e-01
 7.750	17.000	1.2267e-01
 7.750	17.250	1.3901e-01
 7.750	17.500	1.6331e-01
 7.750	17.750	1.9608e-01
 7.750	18.000	2.2942e-01
 7.750	18.250	2.4243e-01
 7.750	18.500	2.5359e-01
 7.750	18.750	2.3474e-01
 7.750	19.000	2.1827e-01
 7.750	19.250	2.0766e-01
 7.750	19.500	2.0316e-01
 7.750	19.750	2.0150e-01
 7.750	20.000	2.0054e-01
 7.750	20.250	2.0014e-01
 7.750	20.500	1.9998e-01
 7.750	20.750	1.9991e-01
 7.750	21.000	1.9988e-01
 7.750	21.250	1.9986e-01
 7.750	21.500	1.9985e-01
 7.750	21.750	1.9985e-01
 7.750	22.000	1.9985e-01
 7.750	22.250	1.9984e-01
 7.750	22.500	1.9984e-01
 7.750	22.750	1.9984e-01
 7.750	23.000	1.9984e-01
 7.750	23.250	1.9984e-01
 7.750	23.500	1.9984e-01
 7.750	23.750	1.9984e-01
 7.750	24.000	1.9984e-01
 8.000	17.000	1.1325e-01
 8.000	17.250	1.2497e-01
 8.000	17.500	1.4385e-01
 8.000	17.750	1.7270e-01
 8.000	18.000	2.0985e-01
 8.000	18.250	2.4110e-01
 8.000	18.500	2.4656e-01
 8.000	18.750	2.5343e-01
 8.000	19.000	2.3471e-01
 8.000	19.250	2.1822e-01
 8.000	19.500	2.0764e-01
 8.000	19.750	2.0316e-01
 8.000	20.000	2.0150e-01
 8.000	20.250	2.0054e-01
 8.000	20.500	2.0014e-01
 8.000	20.750	1.9998e-01
 8.000	21.000	1.9991e-01
 8.000	21.250	1.9988e-01
 8.000	21.500	1.9986e-01
 8.000	21.750	1.9985e-01
 8.000	22.000	1.9985e-01
 8.000	22.250	1.9985e-01
 8.000	22.500	1.9984e-01
 8.000	22.750	1.9984e-01
 8.000	23.000	1.9984e-01
 8.000	23.250	1.9984e-01
 8.000	23.500	1.9984e-01
 8.000	23.750	1.9984e-01
 8.000	24.000	1.9984e-01
 8.250	17.000	1.0768e-01
 8.250	17.250	1.1619e-01
 8.250	17.500	1.3016e-01
 8.250	17.750	1.5390e-01
 8.250	18.000	1.9041e-01
 8.250	18.250	2.3290e-01
 8.250	18.500	2.5384e-01
 8.250	18.750	2.5313e-01
 8.250	19.000	2.5323e-01
 8.250	19.250	2.3472e-01
 8.250	19.500	2.1818e-01
 8.250	19.750	2.0764e-01
 8.250	20.000	2.0316e-01
 8.250	20.250	2.0150e-01
 8.250	20.500	2.0054e-01
 8.250	20.750	2.0014e-01
 8.250	21.000	1.9998e-01
 8.250	21.250	1.9991e-01
 8.250	21.500	1.9988e-01
 8.250	21.750	1.9986e-01
 8.250	22.000	1.9985e-01
 8.250	22.250	1.9985e-01
 8.250	22.500	1.9985e-01
 8.250	22.750	1.9984e-01
 8.250	23.000	1.9984e-01
 8.250	23.250	1.9984e-01
 8.250	23.500	1.9984e-01
 8.250	23.750	1.9984e-01
 8.250	24.000	1.9984e-01
 8.500	17.000	1.0368e-01
 8.500	17.250	1.1045e-01
 8.500	17.500	1.2096e-01
 8.500	17.750	1.3957e-01
 8.500	18.000	1.7229e-01
 8.500	18.250	2.1915e-01
 8.500	18.500	2.6076e-01
 8.500	18.750	2.6806e-01
 8.500	19.000	2.5819e-01
 8.500	19.250	2.5290e-01
 8.500	19.500	2.3472e-01
 8.500	19.750	2.1812e-01
 8.500	20.000	2.0763e-01
 8.500	20.250	2.0316e-01
 8.500	20.500	2.0150e-01
 8.500	20.750	2.0054e-01
 8.500	21.000	2.0014e-01
 8.500	21.250	1.9998e-01
 8.500	21.500	1.9991e-01
 8.500	21.750	1.9988e-01
 8.500	22.000	1.9986e-01
 8.500	22.250	1.9985e-01
 8.500	22.500	1.9985e-01
 8.500	22.750	1.9984e-01
 8.500	23.000	1.9984e-01
 8.500	23.250	1.9984e-01
 8.500	23.500	1.9984e-01
 8.500	23.750	1.9984e-01
 8.500	24.000	1.9984e-01
 8.750	17.000	1.0028e-01
 8.750	17.250	1.0641e-01
 8.750	17.500	1.1507e-01
 8.750	17.750	1.2971e-01
 8.750	18.000	1.5728e-01
 8.750	18.250	2.0265e-01
 8.750	18.500	2.5260e-01
 8.750	18.750	2.8545e-01
 8.750	19.000	2.7491e-01
 8.750	19.250	2.6415e-01
 8.750	19.500	2.5241e-01
 8.750	19.750	2.3470e-01
 8.750	20.000	2.1806e-01
 8.750	20.250	2.0762e-01
 8.750	20.500	2.0316e-01
 8.750	20.750	2.0150e-01
 8.750	21.000	2.0054e-01
 8.750	21.250	2.0014e-01
 8.750	21.500	1.9998e-01
 8.750	21.750	1.9991e-01
 8.750	22.000	1.9988e-01
 8.750	22.250	1.9986e-01
 8.750	22.500	1.9985e-01
 8.750	22.750	1.9985e-01
 8.750	23.000	1.9985e-01
 8.750	23.250	1.9984e-01
 8.750	23.500	1.9984e-01
 8.750	23.750	1.9984e-01
 8.750	24.000	1.9984e-01
 9.000	17.000	9.6922e-02
 9.000	17.250	1.0307e-01
 9.000	17.500	1.1118e-01
 9.000	17.750	1.2395e-01
 9.000	18.000	1.4723e-01
 9.000	18.250	1.8743e-01
 9.000	18.500	2.3898e-01
 9.000	18.750	2.8577e-01
 9.000	19.000	3.0365e-01
 9.000	19.250	2.8414e-01
 9.000	19.500	2.7013e-01
 9.000	19.750	2.5198e-01
 9.000	20.000	2.3464e-01
 9.000	20.250	2.1798e-01
 9.000	20.500	2.0761e-01
 9.000	20.750	2.0316e-01
 9.000	21.000	2.0150e-01
 9.000	21.250	2.0054e-01
 9.000	21.500	2.0014e-01
 9.000	21.750	1.9998e-01
 9.000	22.000	1.9991e-01
 9.000	22.250	1.9988e-01
 9.000	22.500	1.9986e-01
 9.000	22.750	1.9985e-01
 9.000	23.000	1.9985e-01
 9.000	23.250	1.9985e-01
 9.000	23.500	1.9984e-01
 9.000	23.750	1.9984e-01
 9.000	24.000	1.9984e-01
 9.250	17.000	9.3221e-02
 9.250	17.250	9.9853e-02
 9.250	17.500	1.0831e-01
 9.250	17.750	1.2085e-01
 9.250	18.000	1.4267e-01
 9.250	18.250	1.7852e-01
 9.250	18.500	2.2371e-01
 9.250	18.750	2.7273e-01
 9.250	19.000	3.0785e-01
 9.250	19.250	3.1909e-01
 9.250	19.500	2.9313e-01
 9.250	19.750	2.7930e-01
 9.250	20.000	2.5160e-01
 9.250	20.250	2.3452e-01
 9.250	20.500	2.1788e-01
 9.250	20.750	2.0760e-01
 9.250	21.000	2.0316e-01
 9.250	21.250	2.0150e-01
 9.250	21.500	2.0053e-01
 9.250	21.750	2.0007e-01
 9.250	22.000	1.9973e-01
 9.250	22.250	1.9984e-01
 9.250	22.500	1.9988e-01
 9.250	22.750	1.9986e-01
 9.250	23.000	1.9985e-01
 9.250	23.250	1.9985e-01
 9.250	23.500	1.9985e-01
 9.250	23.750	1.9984e-01
 9.250	24.000	1.9984e-01
 9.500	17.000	8.9159e-02
 9.500	17.250	9.6540e-02
 9.500	17.500	1.0588e-01
 9.500	17.750	1.1937e-01
 9.500	18.000	1.4195e-01
 9.500	18.250	1.7646e-01
 9.500	18.500	2.1643e-01
 9.500	18.750	2.5572e-01
 9.500	19.000	2.9253e-01
 9.500	19.250	3.2111e-01
 9.500	19.500	3.2322e-01
 9.500	19.750	3.0252e-01
 9.500	20.000	2.8248e-01
 9.500	20.250	2.5133e-01
 9.500	20.500	2.3434e-01
 9.500	20.750	2.1777e-01
 9.500	21.000	2.0757e-01
 9.500	21.250	2.0312e-01
 9.500	21.500	2.0134e-01
 9.500	21.750	2.0024e-01
 9.500	22.000	1.9980e-01
 9.500	22.250	1.9956e-01
 9.500	22.500	1.9942e-01
 9.500	22.750	1.9935e-01
 9.500	23.000	1.9931e-01
 9.500	23.250	1.9931e-01
 9.500	23.500	1.9955e-01
 9.500	23.750	1.9954e-01
 9.500	24.000	1.9954e-01
 9.750	17.000	8.4456e-02
 9.750	17.250	9.2827e-02
 9.750	17.500	1.0341e-01
 9.750	17.750	1.1873e-01
 9.750	18.000	1.4369e-01
 9.750	18.250	1.7897e-01
 9.750	18.500	2.1562e-01
 9.750	18.750	2.4651e-01
 9.750	19.000	2.7278e-01
 9.750	19.250	2.9839e-01
 9.750	19.500	3.2501e-01
 9.750	19.750	3.2619e-01
 9.750	20.000	3.1659e-01
 9.750	20.250	2.8298e-01
 9.750	20.500	2.5110e-01
 9.750	20.750	2.3418e-01
 9.750	21.000	2.1763e-01
 9.750	21.250	2.0756e-01
 9.750	21.500	2.0315e-01
 9.750	21.750	2.0145e-01
 9.750	22.000	2.0025e-01
 9.750	22.250	1.9982e-01
 9.750	22.500	1.9961e-01
 9.750	22.750	1.9949e-01
 9.750	23.000	1.9942e-01
 9.750	23.250	1.9938e-01
 9.750	23.500	1.9936e-01
 9.750	23.750	1.9935e-01
 9.750	24.000	1.9934e-01
10.000	17.000	7.9145e-02
10.000	17.250	8.8667e-02
10.000	17.500	1.0085e-01
10.000	17.750	1.1877e-01
10.000	18.000	1.4713e-01
10.000	18.250	1.8321e-01
10.000	18.500	2.1726e-01
10.000	18.750	2.4242e-01
10.000	19.000	2.6043e-01
10.000	19.250	2.7336e-01
10.000	19.500	2.8191e-01
10.000	19.750	2.9572e-01
10.000	20.000	3.2312e-01
10.000	20.250	3.3081e-01
10.000	20.500	2.8319e-01
10.000	20.750	2.5101e-01
10.000	21.000	2.3406e-01
10.000	21.250	2.1746e-01
10.000	21.500	2.0754e-01
10.000	21.750	2.0315e-01
10.000	22.000	2.0148e-01
10.000	22.250	2.0030e-01
10.000	22.500	1.9984e-01
10.000	22.750	1.9965e-01
10.000	23.000	1.9955e-01
10.000	23.250	1.9949e-01
10.000	23.500	1.9945e-01
10.000	23.750	1.9944e-01
10.000	24.000	1.9942e-01
10.250	17.000	7.3489e-02
10.250	17.250	8.3900e-02
10.250	17.500	9.8444e-02
10.250	17.750	1.1967e-01
10.250	18.000	1.5115e-01
10.250	18.250	1.8833e-01
10.250	18.500	2.2024e-01
10.250	18.750	2.4118e-01
10.250	19.000	2.5343e-01
10.250	19.250	2.6248e-01
10.250	19.500	2.7391e-01
10.250	19.750	2.9159e-01
10.250	20.000	3.1711e-01
10.250	20.250	3.4660e-01
10.250	20.500	3.3674e-01
10.250	20.750	2.8285e-01
10.250	21.000	2.5087e-01
10.250	21.250	2.3400e-01
10.250	21.500	2.1725e-01
10.250	21.750	2.0751e-01
10.250	22.000	2.0315e-01
10.250	22.250	2.0149e-01
10.250	22.500	2.0044e-01
10.250	22.750	1.9985e-01
10.250	23.000	1.9967e-01
10.250	23.250	1.9958e-01
10.250	23.500	1.9953e-01
10.250	23.750	1.9950e-01
10.250	24.000	1.9949e-01
10.500	17.000	6.8709e-02
10.500	17.250	7.9793e-02
10.500	17.500	9.6346e-02
10.500	17.750	1.2166e-01
10.500	18.000	1.5545e-01
10.500	18.250	1.9249e-01
10.500	18.500	2.2310e-01
10.500	18.750	2.4314e-01
10.500	19.000	2.5735e-01
10.500	19.250	2.6929e-01
10.500	19.500	2.8105e-01
10.500	19.750	2.9538e-01
10.500	20.000	3.1504e-01
10.500	20.250	3.4247e-01
10.500	20.500	3.7048e-01
10.500	20.750	3.3931e-01
10.500	21.000	2.8279e-01
10.500	21.250	2.5098e-01
10.500	21.500	2.3381e-01
10.500	21.750	2.1701e-01
10.500	22.000	2.0747e-01
10.500	22.250	2.0315e-01
10.500	22.500	2.0150e-01
10.500	22.750	2.0051e-01
10.500	23.000	1.9989e-01
10.500	23.250	1.9968e-01
10.500	23.500	1.9960e-01
10.500	23.750	1.9956e-01
10.500	24.000	1.9953e-01
10.750	17.000	6.4654e-02
10.750	17.250	7.6490e-02
10.750	17.500	9.5543e-02
10.750	17.750	1.2380e-01
10.750	18.000	1.5940e-01
10.750	18.250	1.9607e-01
10.750	18.500	2.2590e-01
10.750	18.750	2.4775e-01
10.750	19.000	2.6434e-01
10.750	19.250	2.7818e-01
10.750	19.500	2.9019e-01
10.750	19.750	3.0212e-01
10.750	20.000	3.1606e-01
10.750	20.250	3.3630e-01
10.750	20.500	3.6417e-01
10.750	20.750	3.8822e-01
10.750	21.000	3.3819e-01
10.750	21.250	2.8225e-01
10.750	21.500	2.5177e-01
10.750	21.750	2.3345e-01
10.750	22.000	2.1674e-01
10.750	22.250	2.0743e-01
10.750	22.500	2.0314e-01
10.750	22.750	2.0149e-01
10.750	23.000	2.0053e-01
10.750	23.250	2.0003e-01
10.750	23.500	1.9970e-01
10.750	23.750	1.9961e-01
10.750	24.000	1.9958e-01
11.000	17.000	6.1145e-02
11.000	17.250	7.3810e-02
11.000	17.500	9.5061e-02
11.000	17.750	1.2554e-01
11.000	18.000	1.6131e-01
11.000	18.250	1.9709e-01
11.000	18.500	2.2674e-01
11.000	18.750	2.5087e-01
11.000	19.000	2.7006e-01
11.000	19.250	2.8570e-01
11.000	19.500	2.9829e-01
11.000	19.750	3.0852e-01
11.000	20.000	3.1860e-01
11.000	20.250	3.3187e-01
11.000	20.500	3.5295e-01
11.000	20.750	3.8160e-01
11.000	21.000	3.9704e-01
11.000	21.250	3.3728e-01
11.000	21.500	2.8240e-01
11.000	21.750	2.5347e-01
11.000	22.000	2.3278e-01
11.000	22.250	2.1647e-01
11.000	22.500	2.0738e-01
11.000	22.750	2.0313e-01
11.000	23.000	2.0149e-01
11.000	23.250	2.0054e-01
11.000	23.500	2.0011e-01
11.000	23.750	1.9980e-01
11.000	24.000	1.9964e-01
11.250	17.000	5.7933e-02
11.250	17.250	7.1229e-02
11.250	17.500	9.3897e-02
11.250	17.750	1.2528e-01
11.250	18.000	1.6078e-01
11.250	18.250	1.9573e-01
11.250	18.500	2.2582e-01
11.250	18.750	2.5190e-01
11.250	19.000	2.7345e-01
11.250	19.250	2.9100e-01
11.250	19.500	3.0433e-01
11.250	19.750	3.1434e-01
11.250	20.000	3.2258e-01
11.250	20.250	3.3140e-01
11.250	20.500	3.4503e-01
11.250	20.750	3.6771e-01
11.250	21.000	3.9772e-01
11.250	21.250	3.9691e-01
11.250	21.500	3.3695e-01
11.250	21.750	2.8333e-01
11.250	22.000	2.5544e-01
11.250	22.250	2.3178e-01
11.250	22.500	2.1617e-01
11.250	22.750	2.0732e-01
11.250	23.000	2.0311e-01
11.250	23.250	2.0148e-01
11.250	23.500	2.0054e-01
11.250	23.750	2.0013e-01
11.250	24.000	1.9992e-01
11.500	17.000	5.4995e-02
11.500	17.250	6.8582e-02
11.500	17.500	9.1584e-02
11.500	17.750	1.2277e-01
11.500	18.000	1.5761e-01
11.500	18.250	1.9194e-01
11.500	18.500	2.2253e-01
11.500	18.750	2.4995e-01
11.500	19.000	2.7397e-01
11.500	19.250	2.9337e-01
11.500	19.500	3.0841e-01
11.500	19.750	3.1944e-01
11.500	20.000	3.2752e-01
11.500	20.250	3.3450e-01
11.500	20.500	3.4326e-01
11.500	20.750	3.5835e-01
11.500	21.000	3.8394e-01
11.500	21.250	4.1624e-01
11.500	21.500	3.9707e-01
11.500	21.750	3.3776e-01
11.500	22.000	2.8593e-01
11.500	22.250	2.5640e-01
11.500	22.500	2.3075e-01
11.500	22.750	2.1590e-01
11.500	23.000	2.0728e-01
11.500	23.250	2.0309e-01
11.500	23.500	2.0147e-01
11.500	23.750	2.0054e-01
11.500	24.000	2.0013e-01
11.750	17.000	5.2177e-02
11.750	17.250	6.5639e-02
11.750	17.500	8.8087e-02
11.750	17.750	1.1829e-01
11.750	18.000	1.5202e-01
11.750	18.250	1.8568e-01
11.750	18.500	2.1718e-01
11.750	18.750	2.4687e-01
11.750	19.000	2.7379e-01
11.750	19.250	2.9538e-01
11.750	19.500	3.1145e-01
11.750	19.750	3.2379e-01
11.750	20.000	3.3294e-01
11.750	20.250	3.3999e-01
11.750	20.500	3.4689e-01
11.750	20.750	3.5704e-01
11.750	21.000	3.7476e-01
11.750	21.250	4.0510e-01
11.750	21.500	4.2688e-01
11.750	21.750	4.0251e-01
11.750	22.000	3.4125e-01
11.750	22.250	2.8922e-01
11.750	22.500	2.5579e-01
11.750	22.750	2.2979e-01
11.750	23.000	2.1549e-01
11.750	23.250	2.0723e-01
11.750	23.500	2.0307e-01
11.750	23.750	2.0146e-01
11.750	24.000	2.0053e-01
12.000	17.000	4.6624e-02
12.000	17.250	6.2262e-02
12.000	17.500	8.3278e-02
12.000	17.750	1.1183e-01
12.000	18.000	1.4427e-01
12.000	18.250	1.7766e-01
12.000	18.500	2.1090e-01
12.000	18.750	2.4319e-01
12.000	19.000	2.7269e-01
12.000	19.250	2.9684e-01
12.000	19.500	3.1491e-01
12.000	19.750	3.2852e-01
12.000	20.000	3.3878e-01
12.000	20.250	3.4671e-01
12.000	20.500	3.5366e-01
12.000	20.750	3.6218e-01
12.000	21.000	3.7528e-01
12.000	21.250	3.9750e-01
12.000	21.500	4.1855e-01
12.000	21.750	4.5048e-01
12.000	22.000	4.1128e-01
12.000	22.250	3.4611e-01
12.000	22.500	2.9215e-01
12.000	22.750	2.5460e-01
12.000	23.000	2.2884e-01
12.000	23.250	2.1514e-01
12.000	23.500	2.0717e-01
12.000	23.750	2.0304e-01
12.000	24.000	2.0145e-01
12.250	17.000	3.9776e-02
12.250	17.250	5.6448e-02
12.250	17.500	7.7300e-02
12.250	17.750	1.0347e-01
12.250	18.000	1.3470e-01
12.250	18.250	1.6883e-01
12.250	18.500	2.0418e-01
12.250	18.750	2.3877e-01
12.250	19.000	2.7057e-01
12.250	19.250	2.9755e-01
12.250	19.500	3.1851e-01
12.250	19.750	3.3399e-01
12.250	20.000	3.4529e-01
12.250	20.250	3.5428e-01
12.250	20.500	3.6235e-01
12.250	20.750	3.7130e-01
12.250	21.000	3.8360e-01
12.250	21.250	4.0147e-01
12.250	21.500	4.1376e-01
12.250	21.750	4.5044e-01
12.250	22.000	4.7247e-01
12.250	22.250	4.2442e-01
12.250	22.500	3.5340e-01
12.250	22.750	2.9479e-01
12.250	23.000	2.5315e-01
12.250	23.250	2.2795e-01
12.250	23.500	2.1475e-01
12.250	23.750	2.0711e-01
12.250	24.000	2.0301e-01
12.500	17.000	3.4256e-02
12.500	17.250	4.7614e-02
12.500	17.500	6.8869e-02
12.500	17.750	9.4070e-02
12.500	18.000	1.2387e-01
12.500	18.250	1.5847e-01
12.500	18.500	1.9619e-01
12.500	18.750	2.3420e-01
12.500	19.000	2.6831e-01
12.500	19.250	2.9713e-01
12.500	19.500	3.2089e-01
12.500	19.750	3.3901e-01
12.500	20.000	3.5234e-01
12.500	20.250	3.6259e-01
12.500	20.500	3.7198e-01
12.500	20.750	3.8247e-01
12.500	21.000	3.9598e-01
12.500	21.250	4.1376e-01
12.500	21.500	4.2231e-01
12.500	21.750	4.4939e-01
12.500	22.000	4.9016e-01
12.500	22.250	5.0558e-01
12.500	22.500	4.4683e-01
12.500	22.750	3.5960e-01
12.500	23.000	2.9529e-01
12.500	23.250	2.5164e-01
12.500	23.500	2.2711e-01
12.500	23.750	2.1435e-01
12.500	24.000	2.0702e-01
12.750	17.000	2.9211e-02
12.750	17.250	4.0212e-02
12.750	17.500	5.7597e-02
12.750	17.750	8.3295e-02
12.750	18.000	1.1302e-01
12.750	18.250	1.4687e-01
12.750	18.500	1.8554e-01
12.750	18.750	2.2570e-01
12.750	19.000	2.6317e-01
12.750	19.250	2.9519e-01
12.750	19.500	3.2168e-01
12.750	19.750	3.4244e-01
12.750	20.000	3.5864e-01
12.750	20.250	3.7154e-01
12.750	20.500	3.8238e-01
12.750	20.750	3.9396e-01
12.750	21.000	4.1055e-01
12.750	21.250	4.2985e-01
12.750	21.500	4.4006e-01
12.750	21.750	4.6331e-01
12.750	22.000	4.9511e-01
12.750	22.250	5.4132e-01
12.750	22.500	5.4678e-01
12.750	22.750	4.5824e-01
12.750	23.000	3.6254e-01
12.750	23.250	2.9421e-01
12.750	23.500	2.5011e-01
12.750	23.750	2.2624e-01
12.750	24.000	2.1389e-01
13.000	17.000	2.3542e-02
13.000	17.250	3.2706e-02
13.000	17.500	4.7722e-02
13.000	17.750	6.9647e-02
13.000	18.000	9.8574e-02
13.000	18.250	1.3242e-01
13.000	18.500	1.7141e-01
13.000	18.750	2.1345e-01
13.000	19.000	2.5387e-01
13.000	19.250	2.8966e-01
13.000	19.500	3.1875e-01
13.000	19.750	3.4328e-01
13.000	20.000	3.6262e-01
13.000	20.250	3.7885e-01
13.000	20.500	3.9325e-01
13.000	20.750	4.0711e-01
13.000	21.000	4.2406e-01
13.000	21.250	4.4677e-01
13.000	21.500	4.6139e-01
13.000	21.750	4.8533e-01
13.000	22.000	5.1365e-01
13.000	22.250	5.4864e-01
13.000	22.500	5.9451e-01
13.000	22.750	5.7349e-01
13.000	23.000	4.6045e-01
13.000	23.250	3.6116e-01
13.000	23.500	2.9216e-01
13.000	23.750	2.4832e-01
13.000	24.000	2.2521e-01
13.250	17.000	2.0376e-02
13.250	17.250	2.8093e-02
13.250	17.500	4.0385e-02
13.250	17.750	5.9030e-02
13.250	18.000	8.5028e-02
13.250	18.250	1.1834e-01
13.250	18.500	1.5648e-01
13.250	18.750	1.9749e-01
13.250	19.000	2.4009e-01
13.250	19.250	2.7791e-01
13.250	19.500	3.1110e-01
13.250	19.750	3.3961e-01
13.250	20.000	3.6219e-01
13.250	20.250	3.8265e-01
13.250	20.500	4.0011e-01
13.250	20.750	4.1752e-01
13.250	21.000	4.3644e-01
13.250	21.250	4.6107e-01
13.250	21.500	4.7569e-01
13.250	21.750	5.0277e-01
13.250	22.000	5.3172e-01
13.250	22.250	5.6202e-01
13.250	22.500	5.9326e-01
13.250	22.750	6.3905e-01
13.250	23.000	5.7558e-01
13.250	23.250	4.5337e-01
13.250	23.500	3.5564e-01
13.250	23.750	2.8877e-01
13.250	24.000	2.4607e-01
13.500	17.000	1.7640e-02
13.500	17.250	2.4264e-02
13.500	17.500	3.5014e-02
13.500	17.750	5.1123e-02
13.500	18.000	7.4239e-02
13.500	18.250	1.0448e-01
13.500	18.500	1.4141e-01
13.500	18.750	1.8215e-01
13.500	19.000	2.2385e-01
13.500	19.250	2.6427e-01
13.500	19.500	2.9989e-01
13.500	19.750	3.3069e-01
13.500	20.000	3.5791e-01
13.500	20.250	3.8325e-01
13.500	20.500	4.0357e-01
13.500	20.750	4.2298e-01
13.500	21.000	4.4138e-01
13.500	21.250	4.6809e-01
13.500	21.500	4.8227e-01
13.500	21.750	5.0923e-01
13.500	22.000	5.3900e-01
13.500	22.250	5.6352e-01
13.500	22.500	5.9598e-01
13.500	22.750	6.3056e-01
13.500	23.000	6.5045e-01
13.500	23.250	5.6198e-01
13.500	23.500	4.4124e-01
13.500	23.750	3.4991e-01
13.500	24.000	2.8414e-01
13.750	17.000	1.5358e-02
13.750	17.250	2.0937e-02
13.750	17.500	3.0320e-02
13.750	17.750	4.4413e-02
13.750	18.000	6.5047e-02
13.750	18.250	9.2632e-02
13.750	18.500	1.2669e-01
13.750	18.750	1.6594e-01
13.750	19.000	2.0857e-01
13.750	19.250	2.4964e-01
13.750	19.500	2.8717e-01
13.750	19.750	3.2149e-01
13.750	20.000	3.5160e-01
13.750	20.250	3.7935e-01
13.750	20.500	4.0451e-01
13.750	20.750	4.2695e-01
13.750	21.000	4.4846e-01
13.750	21.250	4.7084e-01
13.750	21.500	4.8668e-01
13.750	21.750	5.1343e-01
13.750	22.000	5.3914e-01
13.750	22.250	5.6355e-01
13.750	22.500	5.9285e-01
13.750	22.750	6.2549e-01
13.750	23.000	6.5326e-01
13.750	23.250	6.6714e-01
13.750	23.500	5.5074e-01
13.750	23.750	4.2846e-01
13.750	24.000	3.4190e-01
14.000	17.000	1.3433e-02
14.000	17.250	1.8189e-02
14.000	17.500	2.6035e-02
14.000	17.750	3.8644e-02
14.000	18.000	5.7003e-02
14.000	18.250	8.2270e-02
14.000	18.500	1.1399e-01
14.000	18.750	1.5101e-01
14.000	19.000	1.9203e-01
14.000	19.250	2.3545e-01
14.000	19.500	2.7552e-01
14.000	19.750	3.1257e-01
14.000	20.000	3.4551e-01
14.000	20.250	3.7503e-01
14.000	20.500	4.0289e-01
14.000	20.750	4.2887e-01
14.000	21.000	4.5345e-01
14.000	21.250	4.7852e-01
14.000	21.500	4.9354e-01
14.000	21.750	5.2041e-01
14.000	22.000	5.4465e-01
14.000	22.250	5.6595e-01
14.000	22.500	5.9005e-01
14.000	22.750	6.2254e-01
14.000	23.000	6.5449e-01
14.000	23.250	6.7090e-01
14.000	23.500	6.6106e-01
14.000	23.750	5.3081e-01
14.000	24.000	4.1466e-01
