Inwd 1085.00A  relative to Inci 1215.00A scaled to 1215A.
Hden   Phi(H)  Eq_Width (A)
 7.000	17.000	2.3805e-03
 7.000	17.250	2.1287e-03
 7.000	17.500	1.5237e-03
 7.000	17.750	2.3621e-05
 7.000	18.000	1.0000e-07
 7.000	18.250	1.0000e-07
 7.000	18.500	1.0000e-07
 7.000	18.750	1.0000e-07
 7.000	19.000	1.0000e-07
 7.000	19.250	1.0000e-07
 7.000	19.500	1.0000e-07
 7.000	19.750	1.0000e-07
 7.000	20.000	1.0000e-07
 7.000	20.250	1.0000e-07
 7.000	20.500	1.0000e-07
 7.000	20.750	1.0000e-07
 7.000	21.000	1.0000e-07
 7.000	21.250	1.0000e-07
 7.000	21.500	1.0000e-07
 7.000	21.750	1.0000e-07
 7.000	22.000	1.0000e-07
 7.000	22.250	1.0000e-07
 7.000	22.500	1.0000e-07
 7.000	22.750	1.0000e-07
 7.000	23.000	1.0000e-07
 7.000	23.250	1.0000e-07
 7.000	23.500	1.0000e-07
 7.000	23.750	1.0000e-07
 7.000	24.000	1.0000e-07
 7.250	17.000	2.2733e-03
 7.250	17.250	2.3418e-03
 7.250	17.500	2.1193e-03
 7.250	17.750	1.5086e-03
 7.250	18.000	2.1235e-05
 7.250	18.250	1.0000e-07
 7.250	18.500	1.0000e-07
 7.250	18.750	1.0000e-07
 7.250	19.000	1.0000e-07
 7.250	19.250	1.0000e-07
 7.250	19.500	1.0000e-07
 7.250	19.750	1.0000e-07
 7.250	20.000	1.0000e-07
 7.250	20.250	1.0000e-07
 7.250	20.500	1.0000e-07
 7.250	20.750	1.0000e-07
 7.250	21.000	1.0000e-07
 7.250	21.250	1.0000e-07
 7.250	21.500	1.0000e-07
 7.250	21.750	1.0000e-07
 7.250	22.000	1.0000e-07
 7.250	22.250	1.0000e-07
 7.250	22.500	1.0000e-07
 7.250	22.750	1.0000e-07
 7.250	23.000	1.0000e-07
 7.250	23.250	1.0000e-07
 7.250	23.500	1.0000e-07
 7.250	23.750	1.0000e-07
 7.250	24.000	1.0000e-07
 7.500	17.000	1.9768e-03
 7.500	17.250	2.1770e-03
 7.500	17.500	2.3028e-03
 7.500	17.750	2.1142e-03
 7.500	18.000	1.4974e-03
 7.500	18.250	1.9506e-05
 7.500	18.500	1.0000e-07
 7.500	18.750	1.0000e-07
 7.500	19.000	1.0000e-07
 7.500	19.250	1.0000e-07
 7.500	19.500	1.0000e-07
 7.500	19.750	1.0000e-07
 7.500	20.000	1.0000e-07
 7.500	20.250	1.0000e-07
 7.500	20.500	1.0000e-07
 7.500	20.750	1.0000e-07
 7.500	21.000	1.0000e-07
 7.500	21.250	1.0000e-07
 7.500	21.500	1.0000e-07
 7.500	21.750	1.0000e-07
 7.500	22.000	1.0000e-07
 7.500	22.250	1.0000e-07
 7.500	22.500	1.0000e-07
 7.500	22.750	1.0000e-07
 7.500	23.000	1.0000e-07
 7.500	23.250	1.0000e-07
 7.500	23.500	1.0000e-07
 7.500	23.750	1.0000e-07
 7.500	24.000	1.0000e-07
 7.750	17.000	1.7051e-03
 7.750	17.250	1.8369e-03
 7.750	17.500	2.1091e-03
 7.750	17.750	2.2161e-03
 7.750	18.000	2.1123e-03
 7.750	18.250	1.5460e-03
 7.750	18.500	1.8107e-05
 7.750	18.750	1.0000e-07
 7.750	19.000	1.0000e-07
 7.750	19.250	1.0000e-07
 7.750	19.500	1.0000e-07
 7.750	19.750	1.0000e-07
 7.750	20.000	1.0000e-07
 7.750	20.250	1.0000e-07
 7.750	20.500	1.0000e-07
 7.750	20.750	1.0000e-07
 7.750	21.000	1.0000e-07
 7.750	21.250	1.0000e-07
 7.750	21.500	1.0000e-07
 7.750	21.750	1.0000e-07
 7.750	22.000	1.0000e-07
 7.750	22.250	1.0000e-07
 7.750	22.500	1.0000e-07
 7.750	22.750	1.0000e-07
 7.750	23.000	1.0000e-07
 7.750	23.250	1.0000e-07
 7.750	23.500	1.0000e-07
 7.750	23.750	1.0000e-07
 7.750	24.000	1.0000e-07
 8.000	17.000	1.5519e-03
 8.000	17.250	1.6501e-03
 8.000	17.500	1.7903e-03
 8.000	17.750	2.0747e-03
 8.000	18.000	2.2132e-03
 8.000	18.250	2.1218e-03
 8.000	18.500	1.5487e-03
 8.000	18.750	1.8354e-05
 8.000	19.000	1.0000e-07
 8.000	19.250	1.0000e-07
 8.000	19.500	1.0000e-07
 8.000	19.750	1.0000e-07
 8.000	20.000	1.0000e-07
 8.000	20.250	1.0000e-07
 8.000	20.500	1.0000e-07
 8.000	20.750	1.0000e-07
 8.000	21.000	1.0000e-07
 8.000	21.250	1.0000e-07
 8.000	21.500	1.0000e-07
 8.000	21.750	1.0000e-07
 8.000	22.000	1.0000e-07
 8.000	22.250	1.0000e-07
 8.000	22.500	1.0000e-07
 8.000	22.750	1.0000e-07
 8.000	23.000	1.0000e-07
 8.000	23.250	1.0000e-07
 8.000	23.500	1.0000e-07
 8.000	23.750	1.0000e-07
 8.000	24.000	1.0000e-07
 8.250	17.000	1.4413e-03
 8.250	17.250	1.5137e-03
 8.250	17.500	1.6165e-03
 8.250	17.750	1.7741e-03
 8.250	18.000	2.0895e-03
 8.250	18.250	2.2649e-03
 8.250	18.500	2.1572e-03
 8.250	18.750	1.5263e-03
 8.250	19.000	1.6790e-05
 8.250	19.250	1.0000e-07
 8.250	19.500	1.0000e-07
 8.250	19.750	1.0000e-07
 8.250	20.000	1.0000e-07
 8.250	20.250	1.0000e-07
 8.250	20.500	1.0000e-07
 8.250	20.750	1.0000e-07
 8.250	21.000	1.0000e-07
 8.250	21.250	1.0000e-07
 8.250	21.500	1.0000e-07
 8.250	21.750	1.0000e-07
 8.250	22.000	1.0000e-07
 8.250	22.250	1.0000e-07
 8.250	22.500	1.0000e-07
 8.250	22.750	1.0000e-07
 8.250	23.000	1.0000e-07
 8.250	23.250	1.0000e-07
 8.250	23.500	1.0000e-07
 8.250	23.750	1.0000e-07
 8.250	24.000	1.0000e-07
 8.500	17.000	1.3543e-03
 8.500	17.250	1.4139e-03
 8.500	17.500	1.4894e-03
 8.500	17.750	1.6044e-03
 8.500	18.000	1.7979e-03
 8.500	18.250	2.1665e-03
 8.500	18.500	2.3616e-03
 8.500	18.750	2.1490e-03
 8.500	19.000	1.4662e-03
 8.500	19.250	1.4815e-05
 8.500	19.500	1.0000e-07
 8.500	19.750	1.0000e-07
 8.500	20.000	1.0000e-07
 8.500	20.250	1.0000e-07
 8.500	20.500	1.0000e-07
 8.500	20.750	1.0000e-07
 8.500	21.000	1.0000e-07
 8.500	21.250	1.0000e-07
 8.500	21.500	1.0000e-07
 8.500	21.750	1.0000e-07
 8.500	22.000	1.0000e-07
 8.500	22.250	1.0000e-07
 8.500	22.500	1.0000e-07
 8.500	22.750	1.0000e-07
 8.500	23.000	1.0000e-07
 8.500	23.250	1.0000e-07
 8.500	23.500	1.0000e-07
 8.500	23.750	1.0000e-07
 8.500	24.000	1.0000e-07
 8.750	17.000	1.2777e-03
 8.750	17.250	1.3354e-03
 8.750	17.500	1.3958e-03
 8.750	17.750	1.4790e-03
 8.750	18.000	1.6254e-03
 8.750	18.250	1.8682e-03
 8.750	18.500	2.2645e-03
 8.750	18.750	2.4062e-03
 8.750	19.000	2.1064e-03
 8.750	19.250	1.3971e-03
 8.750	19.500	1.2840e-05
 8.750	19.750	1.0000e-07
 8.750	20.000	1.0000e-07
 8.750	20.250	1.0000e-07
 8.750	20.500	1.0000e-07
 8.750	20.750	1.0000e-07
 8.750	21.000	1.0000e-07
 8.750	21.250	1.0000e-07
 8.750	21.500	1.0000e-07
 8.750	21.750	1.0000e-07
 8.750	22.000	1.0000e-07
 8.750	22.250	1.0000e-07
 8.750	22.500	1.0000e-07
 8.750	22.750	1.0000e-07
 8.750	23.000	1.0000e-07
 8.750	23.250	1.0000e-07
 8.750	23.500	1.0000e-07
 8.750	23.750	1.0000e-07
 8.750	24.000	1.0000e-07
 9.000	17.000	1.2014e-03
 9.000	17.250	1.2668e-03
 9.000	17.500	1.3235e-03
 9.000	17.750	1.3894e-03
 9.000	18.000	1.4974e-03
 9.000	18.250	1.6840e-03
 9.000	18.500	1.9468e-03
 9.000	18.750	2.3308e-03
 9.000	19.000	2.3918e-03
 9.000	19.250	2.0592e-03
 9.000	19.500	1.2096e-03
 9.000	19.750	1.1111e-05
 9.000	20.000	1.0000e-07
 9.000	20.250	1.0000e-07
 9.000	20.500	1.0000e-07
 9.000	20.750	1.0000e-07
 9.000	21.000	1.0000e-07
 9.000	21.250	1.0000e-07
 9.000	21.500	1.0000e-07
 9.000	21.750	1.0000e-07
 9.000	22.000	1.0000e-07
 9.000	22.250	1.0000e-07
 9.000	22.500	1.0000e-07
 9.000	22.750	1.0000e-07
 9.000	23.000	1.0000e-07
 9.000	23.250	1.0000e-07
 9.000	23.500	1.0000e-07
 9.000	23.750	1.0000e-07
 9.000	24.000	1.0000e-07
 9.250	17.000	1.1179e-03
 9.250	17.250	1.1989e-03
 9.250	17.500	1.2630e-03
 9.250	17.750	1.3246e-03
 9.250	18.000	1.4096e-03
 9.250	18.250	1.5451e-03
 9.250	18.500	1.7452e-03
 9.250	18.750	2.0589e-03
 9.250	19.000	2.3216e-03
 9.250	19.250	2.3407e-03
 9.250	19.500	1.9467e-03
 9.250	19.750	8.8831e-04
 9.250	20.000	9.9588e-06
 9.250	20.250	1.0000e-07
 9.250	20.500	1.0000e-07
 9.250	20.750	1.0000e-07
 9.250	21.000	1.0000e-07
 9.250	21.250	1.0000e-07
 9.250	21.500	1.0000e-07
 9.250	21.750	1.0000e-07
 9.250	22.000	1.0000e-07
 9.250	22.250	1.0000e-07
 9.250	22.500	1.0000e-07
 9.250	22.750	1.0000e-07
 9.250	23.000	1.0000e-07
 9.250	23.250	1.0000e-07
 9.250	23.500	1.0000e-07
 9.250	23.750	1.0000e-07
 9.250	24.000	1.0000e-07
 9.500	17.000	1.0150e-03
 9.500	17.250	1.1252e-03
 9.500	17.500	1.2054e-03
 9.500	17.750	1.2714e-03
 9.500	18.000	1.3425e-03
 9.500	18.250	1.4476e-03
 9.500	18.500	1.5979e-03
 9.500	18.750	1.7967e-03
 9.500	19.000	2.0934e-03
 9.500	19.250	2.3266e-03
 9.500	19.500	2.2667e-03
 9.500	19.750	1.8160e-03
 9.500	20.000	2.5366e-04
 9.500	20.250	9.0535e-06
 9.500	20.500	1.0000e-07
 9.500	20.750	1.0000e-07
 9.500	21.000	1.0000e-07
 9.500	21.250	1.0000e-07
 9.500	21.500	1.0000e-07
 9.500	21.750	1.0000e-07
 9.500	22.000	1.0000e-07
 9.500	22.250	1.0000e-07
 9.500	22.500	1.0000e-07
 9.500	22.750	1.0000e-07
 9.500	23.000	1.0000e-07
 9.500	23.250	1.0000e-07
 9.500	23.500	1.0000e-07
 9.500	23.750	1.0000e-07
 9.500	24.000	1.0000e-07
 9.750	17.000	8.6272e-04
 9.750	17.250	1.0277e-03
 9.750	17.500	1.1390e-03
 9.750	17.750	1.2201e-03
 9.750	18.000	1.2942e-03
 9.750	18.250	1.3842e-03
 9.750	18.500	1.5018e-03
 9.750	18.750	1.6488e-03
 9.750	19.000	1.8719e-03
 9.750	19.250	2.1360e-03
 9.750	19.500	2.3114e-03
 9.750	19.750	2.1956e-03
 9.750	20.000	1.6673e-03
 9.750	20.250	2.1654e-04
 9.750	20.500	8.1481e-06
 9.750	20.750	1.0000e-07
 9.750	21.000	1.0000e-07
 9.750	21.250	1.0000e-07
 9.750	21.500	1.0000e-07
 9.750	21.750	1.0000e-07
 9.750	22.000	1.0000e-07
 9.750	22.250	1.0000e-07
 9.750	22.500	1.0000e-07
 9.750	22.750	1.0000e-07
 9.750	23.000	1.0000e-07
 9.750	23.250	1.0000e-07
 9.750	23.500	1.0000e-07
 9.750	23.750	1.0000e-07
 9.750	24.000	1.0000e-07
10.000	17.000	6.3654e-04
10.000	17.250	8.7523e-04
10.000	17.500	1.0456e-03
10.000	17.750	1.1606e-03
10.000	18.000	1.2519e-03
10.000	18.250	1.3445e-03
10.000	18.500	1.4478e-03
10.000	18.750	1.5705e-03
10.000	19.000	1.7236e-03
10.000	19.250	1.9493e-03
10.000	19.500	2.1456e-03
10.000	19.750	2.2340e-03
10.000	20.000	2.1385e-03
10.000	20.250	1.5156e-03
10.000	20.500	2.1243e-04
10.000	20.750	6.9959e-06
10.000	21.000	1.0000e-07
10.000	21.250	1.0000e-07
10.000	21.500	1.0000e-07
10.000	21.750	1.0000e-07
10.000	22.000	1.0000e-07
10.000	22.250	1.0000e-07
10.000	22.500	1.0000e-07
10.000	22.750	1.0000e-07
10.000	23.000	1.0000e-07
10.000	23.250	1.0000e-07
10.000	23.500	1.0000e-07
10.000	23.750	1.0000e-07
10.000	24.000	1.0000e-07
10.250	17.000	4.0115e-04
10.250	17.250	6.4181e-04
10.250	17.500	8.9218e-04
10.250	17.750	1.0696e-03
10.250	18.000	1.1991e-03
10.250	18.250	1.3151e-03
10.250	18.500	1.4269e-03
10.250	18.750	1.5417e-03
10.250	19.000	1.6693e-03
10.250	19.250	1.8396e-03
10.250	19.500	2.0036e-03
10.250	19.750	2.1705e-03
10.250	20.000	2.2087e-03
10.250	20.250	2.1126e-03
10.250	20.500	1.0447e-03
10.250	20.750	1.9490e-04
10.250	21.000	5.8436e-06
10.250	21.250	1.0000e-07
10.250	21.500	1.0000e-07
10.250	21.750	1.0000e-07
10.250	22.000	1.0000e-07
10.250	22.250	1.0000e-07
10.250	22.500	1.0000e-07
10.250	22.750	1.0000e-07
10.250	23.000	1.0000e-07
10.250	23.250	1.0000e-07
10.250	23.500	1.0000e-07
10.250	23.750	1.0000e-07
10.250	24.000	1.0000e-07
10.500	17.000	2.4864e-04
10.500	17.250	4.0288e-04
10.500	17.500	6.5226e-04
10.500	17.750	9.1309e-04
10.500	18.000	1.1096e-03
10.500	18.250	1.2687e-03
10.500	18.500	1.4061e-03
10.500	18.750	1.5238e-03
10.500	19.000	1.6322e-03
10.500	19.250	1.7547e-03
10.500	19.500	1.8695e-03
10.500	19.750	2.0109e-03
10.500	20.000	2.1222e-03
10.500	20.250	2.1550e-03
10.500	20.500	2.0690e-03
10.500	20.750	6.6897e-04
10.500	21.000	1.9136e-04
10.500	21.250	4.6914e-06
10.500	21.500	1.0000e-07
10.500	21.750	1.0000e-07
10.500	22.000	1.0000e-07
10.500	22.250	1.0000e-07
10.500	22.500	1.0000e-07
10.500	22.750	1.0000e-07
10.500	23.000	1.0000e-07
10.500	23.250	1.0000e-07
10.500	23.500	1.0000e-07
10.500	23.750	1.0000e-07
10.500	24.000	1.0000e-07
10.750	17.000	1.6420e-04
10.750	17.250	2.4757e-04
10.750	17.500	4.0494e-04
10.750	17.750	6.6691e-04
10.750	18.000	9.4617e-04
10.750	18.250	1.1686e-03
10.750	18.500	1.3368e-03
10.750	18.750	1.4681e-03
10.750	19.000	1.5751e-03
10.750	19.250	1.6759e-03
10.750	19.500	1.7644e-03
10.750	19.750	1.8472e-03
10.750	20.000	1.9430e-03
10.750	20.250	2.0167e-03
10.750	20.500	2.0518e-03
10.750	20.750	1.9916e-03
10.750	21.000	6.2922e-04
10.750	21.250	1.8230e-04
10.750	21.500	2.8807e-06
10.750	21.750	1.0000e-07
10.750	22.000	1.0000e-07
10.750	22.250	1.0000e-07
10.750	22.500	1.0000e-07
10.750	22.750	1.0000e-07
10.750	23.000	1.0000e-07
10.750	23.250	1.0000e-07
10.750	23.500	1.0000e-07
10.750	23.750	1.0000e-07
10.750	24.000	1.0000e-07
11.000	17.000	1.1514e-04
11.000	17.250	1.6214e-04
11.000	17.500	2.4395e-04
11.000	17.750	4.0741e-04
11.000	18.000	6.8922e-04
11.000	18.250	9.7909e-04
11.000	18.500	1.1987e-03
11.000	18.750	1.3619e-03
11.000	19.000	1.4930e-03
11.000	19.250	1.5866e-03
11.000	19.500	1.6472e-03
11.000	19.750	1.7050e-03
11.000	20.000	1.7431e-03
11.000	20.250	1.7922e-03
11.000	20.500	1.8444e-03
11.000	20.750	1.8963e-03
11.000	21.000	1.8672e-03
11.000	21.250	6.0494e-04
11.000	21.500	1.6510e-04
11.000	21.750	1.7284e-06
11.000	22.000	1.0000e-07
11.000	22.250	1.0000e-07
11.000	22.500	1.0000e-07
11.000	22.750	1.0000e-07
11.000	23.000	1.0000e-07
11.000	23.250	1.0000e-07
11.000	23.500	1.0000e-07
11.000	23.750	1.0000e-07
11.000	24.000	1.0000e-07
11.250	17.000	8.5185e-05
11.250	17.250	1.1309e-04
11.250	17.500	1.5704e-04
11.250	17.750	2.3753e-04
11.250	18.000	4.1654e-04
11.250	18.250	7.0428e-04
11.250	18.500	9.8453e-04
11.250	18.750	1.1984e-03
11.250	19.000	1.3575e-03
11.250	19.250	1.4664e-03
11.250	19.500	1.5310e-03
11.250	19.750	1.5577e-03
11.250	20.000	1.5573e-03
11.250	20.250	1.5560e-03
11.250	20.500	1.5751e-03
11.250	20.750	1.6245e-03
11.250	21.000	1.6997e-03
11.250	21.250	1.6893e-03
11.250	21.500	5.7481e-04
11.250	21.750	1.4436e-04
11.250	22.000	9.8765e-07
11.250	22.250	1.0000e-07
11.250	22.500	1.0000e-07
11.250	22.750	1.0000e-07
11.250	23.000	1.0000e-07
11.250	23.250	1.0000e-07
11.250	23.500	1.0000e-07
11.250	23.750	1.0000e-07
11.250	24.000	1.0000e-07
11.500	17.000	6.6914e-05
11.500	17.250	8.3292e-05
11.500	17.500	1.0807e-04
11.500	17.750	1.4823e-04
11.500	18.000	2.3572e-04
11.500	18.250	4.2337e-04
11.500	18.500	6.9926e-04
11.500	18.750	9.6782e-04
11.500	19.000	1.1702e-03
11.500	19.250	1.3028e-03
11.500	19.500	1.3777e-03
11.500	19.750	1.4014e-03
11.500	20.000	1.3875e-03
11.500	20.250	1.3509e-03
11.500	20.500	1.3197e-03
11.500	20.750	1.3279e-03
11.500	21.000	1.3821e-03
11.500	21.250	1.4738e-03
11.500	21.500	1.4662e-03
11.500	21.750	5.0724e-04
11.500	22.000	1.1465e-04
11.500	22.250	1.0000e-07
11.500	22.500	1.0000e-07
11.500	22.750	1.0000e-07
11.500	23.000	1.0000e-07
11.500	23.250	1.0000e-07
11.500	23.500	1.0000e-07
11.500	23.750	1.0000e-07
11.500	24.000	1.0000e-07
11.750	17.000	5.7695e-05
11.750	17.250	6.5432e-05
11.750	17.500	7.9424e-05
11.750	17.750	1.0099e-04
11.750	18.000	1.4280e-04
11.750	18.250	2.3597e-04
11.750	18.500	4.1844e-04
11.750	18.750	6.7770e-04
11.750	19.000	9.2963e-04
11.750	19.250	1.1076e-03
11.750	19.500	1.2043e-03
11.750	19.750	1.2386e-03
11.750	20.000	1.2237e-03
11.750	20.250	1.1739e-03
11.750	20.500	1.1169e-03
11.750	20.750	1.0780e-03
11.750	21.000	1.0835e-03
11.750	21.250	1.1388e-03
11.750	21.500	1.2089e-03
11.750	21.750	1.2046e-03
11.750	22.000	4.7152e-04
11.750	22.250	7.7942e-05
11.750	22.500	1.0000e-07
11.750	22.750	1.0000e-07
11.750	23.000	1.0000e-07
11.750	23.250	1.0000e-07
11.750	23.500	1.0000e-07
11.750	23.750	1.0000e-07
11.750	24.000	1.0000e-07
12.000	17.000	5.2510e-05
12.000	17.250	5.7366e-05
12.000	17.500	6.3128e-05
12.000	17.750	7.5062e-05
12.000	18.000	9.6461e-05
12.000	18.250	1.4033e-04
12.000	18.500	2.3202e-04
12.000	18.750	4.0222e-04
12.000	19.000	6.4033e-04
12.000	19.250	8.6897e-04
12.000	19.500	1.0150e-03
12.000	19.750	1.0742e-03
12.000	20.000	1.0737e-03
12.000	20.250	1.0279e-03
12.000	20.500	9.6107e-04
12.000	20.750	8.9827e-04
12.000	21.000	8.6132e-04
12.000	21.250	8.6477e-04
12.000	21.500	8.9687e-04
12.000	21.750	9.8156e-04
12.000	22.000	8.9383e-04
12.000	22.250	4.2288e-04
12.000	22.500	4.8148e-05
12.000	22.750	1.0000e-07
12.000	23.000	1.0000e-07
12.000	23.250	1.0000e-07
12.000	23.500	1.0000e-07
12.000	23.750	1.0000e-07
12.000	24.000	1.0000e-07
12.250	17.000	4.7654e-05
12.250	17.250	5.2099e-05
12.250	17.500	5.6626e-05
12.250	17.750	6.1728e-05
12.250	18.000	7.2675e-05
12.250	18.250	9.4486e-05
12.250	18.500	1.3794e-04
12.250	18.750	2.2362e-04
12.250	19.000	3.7572e-04
12.250	19.250	5.9292e-04
12.250	19.500	7.9794e-04
12.250	19.750	9.1333e-04
12.250	20.000	9.4132e-04
12.250	20.250	9.1490e-04
12.250	20.500	8.5333e-04
12.250	20.750	7.8107e-04
12.250	21.000	7.2041e-04
12.250	21.250	6.8420e-04
12.250	21.500	6.7128e-04
12.250	21.750	7.0560e-04
12.250	22.000	7.7580e-04
12.250	22.250	7.3539e-04
12.250	22.500	3.5959e-04
12.250	22.750	1.8930e-05
12.250	23.000	1.0000e-07
12.250	23.250	1.0000e-07
12.250	23.500	1.0000e-07
12.250	23.750	1.0000e-07
12.250	24.000	1.0000e-07
12.500	17.000	4.3210e-05
12.500	17.250	4.7490e-05
12.500	17.500	5.1605e-05
12.500	17.750	5.5967e-05
12.500	18.000	6.1152e-05
12.500	18.250	7.1852e-05
12.500	18.500	9.3580e-05
12.500	18.750	1.3473e-04
12.500	19.000	2.1144e-04
12.500	19.250	3.4691e-04
12.500	19.500	5.4626e-04
12.500	19.750	7.3267e-04
12.500	20.000	8.2329e-04
12.500	20.250	8.3235e-04
12.500	20.500	7.9243e-04
12.500	20.750	7.2214e-04
12.500	21.000	6.4790e-04
12.500	21.250	5.8626e-04
12.500	21.500	5.4066e-04
12.500	21.750	5.2683e-04
12.500	22.000	5.5465e-04
12.500	22.250	6.4033e-04
12.500	22.500	6.2642e-04
12.500	22.750	3.0420e-04
12.500	23.000	4.5267e-06
12.500	23.250	1.0000e-07
12.500	23.500	1.0000e-07
12.500	23.750	1.0000e-07
12.500	24.000	1.0000e-07
12.750	17.000	3.8519e-05
12.750	17.250	4.3210e-05
12.750	17.500	4.7407e-05
12.750	17.750	5.1276e-05
12.750	18.000	5.5720e-05
12.750	18.250	6.1399e-05
12.750	18.500	7.2016e-05
12.750	18.750	9.3169e-05
12.750	19.000	1.3103e-04
12.750	19.250	1.9835e-04
12.750	19.500	3.2016e-04
12.750	19.750	5.0938e-04
12.750	20.000	6.8568e-04
12.750	20.250	7.6798e-04
12.750	20.500	7.6807e-04
12.750	20.750	7.1844e-04
12.750	21.000	6.4428e-04
12.750	21.250	5.6099e-04
12.750	21.500	4.9012e-04
12.750	21.750	4.4132e-04
12.750	22.000	4.2395e-04
12.750	22.250	4.5333e-04
12.750	22.500	5.4609e-04
12.750	22.750	5.0272e-04
12.750	23.000	2.5210e-04
12.750	23.250	8.2305e-07
12.750	23.500	1.0000e-07
12.750	23.750	1.0000e-07
12.750	24.000	1.0000e-07
13.000	17.000	3.2757e-05
13.000	17.250	3.8272e-05
13.000	17.500	4.3292e-05
13.000	17.750	4.7654e-05
13.000	18.000	5.1687e-05
13.000	18.250	5.6379e-05
13.000	18.500	6.2634e-05
13.000	18.750	7.3498e-05
13.000	19.000	9.4486e-05
13.000	19.250	1.2922e-04
13.000	19.500	1.8823e-04
13.000	19.750	3.0000e-04
13.000	20.000	4.8617e-04
13.000	20.250	6.6823e-04
13.000	20.500	7.5679e-04
13.000	20.750	7.5934e-04
13.000	21.000	7.0551e-04
13.000	21.250	6.1506e-04
13.000	21.500	5.1909e-04
13.000	21.750	4.3325e-04
13.000	22.000	3.8049e-04
13.000	22.250	3.5342e-04
13.000	22.500	3.7086e-04
13.000	22.750	4.5465e-04
13.000	23.000	3.9333e-04
13.000	23.250	2.0584e-04
13.000	23.500	1.0000e-07
13.000	23.750	1.0000e-07
13.000	24.000	1.0000e-07
13.250	17.000	2.8395e-05
13.250	17.250	3.3663e-05
13.250	17.500	3.8930e-05
13.250	17.750	4.3951e-05
13.250	18.000	4.8313e-05
13.250	18.250	5.2757e-05
13.250	18.500	5.8107e-05
13.250	18.750	6.5432e-05
13.250	19.000	7.7366e-05
13.250	19.250	9.8848e-05
13.250	19.500	1.3169e-04
13.250	19.750	1.8527e-04
13.250	20.000	2.8535e-04
13.250	20.250	4.6988e-04
13.250	20.500	6.6535e-04
13.250	20.750	7.8099e-04
13.250	21.000	7.9506e-04
13.250	21.250	7.3506e-04
13.250	21.500	6.1885e-04
13.250	21.750	4.9687e-04
13.250	22.000	3.9712e-04
13.250	22.250	3.3506e-04
13.250	22.500	2.9671e-04
13.250	22.750	3.1350e-04
13.250	23.000	3.7802e-04
13.250	23.250	3.1531e-04
13.250	23.500	1.6675e-04
13.250	23.750	1.0000e-07
13.250	24.000	1.0000e-07
13.500	17.000	2.3868e-05
13.500	17.250	2.9465e-05
13.500	17.500	3.4897e-05
13.500	17.750	4.0165e-05
13.500	18.000	4.5103e-05
13.500	18.250	4.9630e-05
13.500	18.500	5.4815e-05
13.500	18.750	6.1399e-05
13.500	19.000	7.0782e-05
13.500	19.250	8.5103e-05
13.500	19.500	1.0889e-04
13.500	19.750	1.4230e-04
13.500	20.000	1.9226e-04
13.500	20.250	2.8486e-04
13.500	20.500	4.5309e-04
13.500	20.750	6.6420e-04
13.500	21.000	7.8798e-04
13.500	21.250	8.3449e-04
13.500	21.500	7.5128e-04
13.500	21.750	6.2560e-04
13.500	22.000	4.9926e-04
13.500	22.250	3.8107e-04
13.500	22.500	3.0988e-04
13.500	22.750	2.6848e-04
13.500	23.000	2.8247e-04
13.500	23.250	3.4691e-04
13.500	23.500	2.6420e-04
13.500	23.750	1.3259e-04
13.500	24.000	1.0000e-07
13.750	17.000	1.9259e-05
13.750	17.250	2.5021e-05
13.750	17.500	3.0864e-05
13.750	17.750	3.6379e-05
13.750	18.000	4.1564e-05
13.750	18.250	4.6667e-05
13.750	18.500	5.1852e-05
13.750	18.750	5.8354e-05
13.750	19.000	6.7325e-05
13.750	19.250	8.0329e-05
13.750	19.500	9.9177e-05
13.750	19.750	1.2733e-04
13.750	20.000	1.6321e-04
13.750	20.250	2.1226e-04
13.750	20.500	2.9597e-04
13.750	20.750	4.4996e-04
13.750	21.000	6.6280e-04
13.750	21.250	8.1951e-04
13.750	21.500	8.6617e-04
13.750	21.750	7.9021e-04
13.750	22.000	6.5111e-04
13.750	22.250	5.0807e-04
13.750	22.500	3.9185e-04
13.750	22.750	3.0757e-04
13.750	23.000	2.6922e-04
13.750	23.250	2.9366e-04
13.750	23.500	3.3885e-04
13.750	23.750	2.2461e-04
13.750	24.000	9.4156e-05
14.000	17.000	1.4815e-05
14.000	17.250	2.0494e-05
14.000	17.500	2.6667e-05
14.000	17.750	3.2510e-05
14.000	18.000	3.7942e-05
14.000	18.250	4.3292e-05
14.000	18.500	4.8971e-05
14.000	18.750	5.5556e-05
14.000	19.000	6.4527e-05
14.000	19.250	7.7613e-05
14.000	19.500	9.6543e-05
14.000	19.750	1.2214e-04
14.000	20.000	1.5547e-04
14.000	20.250	1.9366e-04
14.000	20.500	2.4140e-04
14.000	20.750	3.1909e-04
14.000	21.000	4.6156e-04
14.000	21.250	6.8008e-04
14.000	21.500	8.6790e-04
14.000	21.750	9.2897e-04
14.000	22.000	8.5342e-04
14.000	22.250	7.0650e-04
14.000	22.500	5.5580e-04
14.000	22.750	4.3078e-04
14.000	23.000	3.3909e-04
14.000	23.250	3.0494e-04
14.000	23.500	3.3811e-04
14.000	23.750	3.2453e-04
14.000	24.000	1.8387e-04
