Inwd 2798.00A  relative to Inci 1215.00A scaled to 1215A.
Hden   Phi(H)  Eq_Width (A)
 7.000	17.000	8.1925e-02
 7.000	17.250	5.2878e-02
 7.000	17.500	2.3915e-02
 7.000	17.750	1.6198e-04
 7.000	18.000	5.9177e-05
 7.000	18.250	1.0000e-07
 7.000	18.500	1.0000e-07
 7.000	18.750	1.0000e-07
 7.000	19.000	1.0000e-07
 7.000	19.250	1.0000e-07
 7.000	19.500	1.0000e-07
 7.000	19.750	1.0000e-07
 7.000	20.000	1.0000e-07
 7.000	20.250	1.0000e-07
 7.000	20.500	1.0000e-07
 7.000	20.750	1.0000e-07
 7.000	21.000	1.0000e-07
 7.000	21.250	1.0000e-07
 7.000	21.500	1.0000e-07
 7.000	21.750	1.0000e-07
 7.000	22.000	1.0000e-07
 7.000	22.250	1.0000e-07
 7.000	22.500	1.0000e-07
 7.000	22.750	1.0000e-07
 7.000	23.000	1.0000e-07
 7.000	23.250	1.0000e-07
 7.000	23.500	1.0000e-07
 7.000	23.750	1.0000e-07
 7.000	24.000	1.0000e-07
 7.250	17.000	1.1058e-01
 7.250	17.250	8.7526e-02
 7.250	17.500	5.4445e-02
 7.250	17.750	2.4445e-02
 7.250	18.000	1.6074e-04
 7.250	18.250	5.9259e-05
 7.250	18.500	1.0000e-07
 7.250	18.750	1.0000e-07
 7.250	19.000	1.0000e-07
 7.250	19.250	1.0000e-07
 7.250	19.500	1.0000e-07
 7.250	19.750	1.0000e-07
 7.250	20.000	1.0000e-07
 7.250	20.250	1.0000e-07
 7.250	20.500	1.0000e-07
 7.250	20.750	1.0000e-07
 7.250	21.000	1.0000e-07
 7.250	21.250	1.0000e-07
 7.250	21.500	1.0000e-07
 7.250	21.750	1.0000e-07
 7.250	22.000	1.0000e-07
 7.250	22.250	1.0000e-07
 7.250	22.500	1.0000e-07
 7.250	22.750	1.0000e-07
 7.250	23.000	1.0000e-07
 7.250	23.250	1.0000e-07
 7.250	23.500	1.0000e-07
 7.250	23.750	1.0000e-07
 7.250	24.000	1.0000e-07
 7.500	17.000	1.3520e-01
 7.500	17.250	1.2038e-01
 7.500	17.500	9.2047e-02
 7.500	17.750	5.5749e-02
 7.500	18.000	2.2888e-02
 7.500	18.250	1.6025e-04
 7.500	18.500	5.9259e-05
 7.500	18.750	1.0000e-07
 7.500	19.000	1.0000e-07
 7.500	19.250	1.0000e-07
 7.500	19.500	1.0000e-07
 7.500	19.750	1.0000e-07
 7.500	20.000	1.0000e-07
 7.500	20.250	1.0000e-07
 7.500	20.500	1.0000e-07
 7.500	20.750	1.0000e-07
 7.500	21.000	1.0000e-07
 7.500	21.250	1.0000e-07
 7.500	21.500	1.0000e-07
 7.500	21.750	1.0000e-07
 7.500	22.000	1.0000e-07
 7.500	22.250	1.0000e-07
 7.500	22.500	1.0000e-07
 7.500	22.750	1.0000e-07
 7.500	23.000	1.0000e-07
 7.500	23.250	1.0000e-07
 7.500	23.500	1.0000e-07
 7.500	23.750	1.0000e-07
 7.500	24.000	1.0000e-07
 7.750	17.000	1.6021e-01
 7.750	17.250	1.4920e-01
 7.750	17.500	1.2930e-01
 7.750	17.750	9.5147e-02
 7.750	18.000	5.6054e-02
 7.750	18.250	1.9170e-02
 7.750	18.500	1.6016e-04
 7.750	18.750	5.9342e-05
 7.750	19.000	1.0000e-07
 7.750	19.250	1.0000e-07
 7.750	19.500	1.0000e-07
 7.750	19.750	1.0000e-07
 7.750	20.000	1.0000e-07
 7.750	20.250	1.0000e-07
 7.750	20.500	1.0000e-07
 7.750	20.750	1.0000e-07
 7.750	21.000	1.0000e-07
 7.750	21.250	1.0000e-07
 7.750	21.500	1.0000e-07
 7.750	21.750	1.0000e-07
 7.750	22.000	1.0000e-07
 7.750	22.250	1.0000e-07
 7.750	22.500	1.0000e-07
 7.750	22.750	1.0000e-07
 7.750	23.000	1.0000e-07
 7.750	23.250	1.0000e-07
 7.750	23.500	1.0000e-07
 7.750	23.750	1.0000e-07
 7.750	24.000	1.0000e-07
 8.000	17.000	1.9116e-01
 8.000	17.250	1.7769e-01
 8.000	17.500	1.6345e-01
 8.000	17.750	1.3657e-01
 8.000	18.000	9.5803e-02
 8.000	18.250	5.3838e-02
 8.000	18.500	1.7652e-02
 8.000	18.750	1.6412e-04
 8.000	19.000	5.9588e-05
 8.000	19.250	1.0000e-07
 8.000	19.500	1.0000e-07
 8.000	19.750	1.0000e-07
 8.000	20.000	1.0000e-07
 8.000	20.250	1.0000e-07
 8.000	20.500	1.0000e-07
 8.000	20.750	1.0000e-07
 8.000	21.000	1.0000e-07
 8.000	21.250	1.0000e-07
 8.000	21.500	1.0000e-07
 8.000	21.750	1.0000e-07
 8.000	22.000	1.0000e-07
 8.000	22.250	1.0000e-07
 8.000	22.500	1.0000e-07
 8.000	22.750	1.0000e-07
 8.000	23.000	1.0000e-07
 8.000	23.250	1.0000e-07
 8.000	23.500	1.0000e-07
 8.000	23.750	1.0000e-07
 8.000	24.000	1.0000e-07
 8.250	17.000	2.2911e-01
 8.250	17.250	2.1203e-01
 8.250	17.500	1.9522e-01
 8.250	17.750	1.7440e-01
 8.250	18.000	1.3880e-01
 8.250	18.250	9.2172e-02
 8.250	18.500	4.5154e-02
 8.250	18.750	1.6659e-02
 8.250	19.000	1.6255e-04
 8.250	19.250	5.9588e-05
 8.250	19.500	1.0000e-07
 8.250	19.750	1.0000e-07
 8.250	20.000	1.0000e-07
 8.250	20.250	1.0000e-07
 8.250	20.500	1.0000e-07
 8.250	20.750	1.0000e-07
 8.250	21.000	1.0000e-07
 8.250	21.250	1.0000e-07
 8.250	21.500	1.0000e-07
 8.250	21.750	1.0000e-07
 8.250	22.000	1.0000e-07
 8.250	22.250	1.0000e-07
 8.250	22.500	1.0000e-07
 8.250	22.750	1.0000e-07
 8.250	23.000	1.0000e-07
 8.250	23.250	1.0000e-07
 8.250	23.500	1.0000e-07
 8.250	23.750	1.0000e-07
 8.250	24.000	1.0000e-07
 8.500	17.000	2.7247e-01
 8.500	17.250	2.5374e-01
 8.500	17.500	2.3395e-01
 8.500	17.750	2.1157e-01
 8.500	18.000	1.8060e-01
 8.500	18.250	1.3261e-01
 8.500	18.500	8.2952e-02
 8.500	18.750	3.7634e-02
 8.500	19.000	1.3302e-02
 8.500	19.250	1.5811e-04
 8.500	19.500	5.9588e-05
 8.500	19.750	1.0000e-07
 8.500	20.000	1.0000e-07
 8.500	20.250	1.0000e-07
 8.500	20.500	1.0000e-07
 8.500	20.750	1.0000e-07
 8.500	21.000	1.0000e-07
 8.500	21.250	1.0000e-07
 8.500	21.500	1.0000e-07
 8.500	21.750	1.0000e-07
 8.500	22.000	1.0000e-07
 8.500	22.250	1.0000e-07
 8.500	22.500	1.0000e-07
 8.500	22.750	1.0000e-07
 8.500	23.000	1.0000e-07
 8.500	23.250	1.0000e-07
 8.500	23.500	1.0000e-07
 8.500	23.750	1.0000e-07
 8.500	24.000	1.0000e-07
 8.750	17.000	3.1900e-01
 8.750	17.250	3.0047e-01
 8.750	17.500	2.7890e-01
 8.750	17.750	2.5298e-01
 8.750	18.000	2.2036e-01
 8.750	18.250	1.7362e-01
 8.750	18.500	1.1844e-01
 8.750	18.750	6.8615e-02
 8.750	19.000	2.8666e-02
 8.750	19.250	9.9267e-03
 8.750	19.500	1.5160e-04
 8.750	19.750	5.9588e-05
 8.750	20.000	1.0000e-07
 8.750	20.250	1.0000e-07
 8.750	20.500	1.0000e-07
 8.750	20.750	1.0000e-07
 8.750	21.000	1.0000e-07
 8.750	21.250	1.0000e-07
 8.750	21.500	1.0000e-07
 8.750	21.750	1.0000e-07
 8.750	22.000	1.0000e-07
 8.750	22.250	1.0000e-07
 8.750	22.500	1.0000e-07
 8.750	22.750	1.0000e-07
 8.750	23.000	1.0000e-07
 8.750	23.250	1.0000e-07
 8.750	23.500	1.0000e-07
 8.750	23.750	1.0000e-07
 8.750	24.000	1.0000e-07
 9.000	17.000	3.6720e-01
 9.000	17.250	3.4983e-01
 9.000	17.500	3.2832e-01
 9.000	17.750	3.0071e-01
 9.000	18.000	2.6192e-01
 9.000	18.250	2.0929e-01
 9.000	18.500	1.5127e-01
 9.000	18.750	9.8265e-02
 9.000	19.000	5.0103e-02
 9.000	19.250	2.2005e-02
 9.000	19.500	6.9547e-03
 9.000	19.750	1.4428e-04
 9.000	20.000	5.9506e-05
 9.000	20.250	1.0000e-07
 9.000	20.500	1.0000e-07
 9.000	20.750	1.0000e-07
 9.000	21.000	1.0000e-07
 9.000	21.250	1.0000e-07
 9.000	21.500	1.0000e-07
 9.000	21.750	1.0000e-07
 9.000	22.000	1.0000e-07
 9.000	22.250	1.0000e-07
 9.000	22.500	1.0000e-07
 9.000	22.750	1.0000e-07
 9.000	23.000	1.0000e-07
 9.000	23.250	1.0000e-07
 9.000	23.500	1.0000e-07
 9.000	23.750	1.0000e-07
 9.000	24.000	1.0000e-07
 9.250	17.000	4.1450e-01
 9.250	17.250	3.9990e-01
 9.250	17.500	3.7964e-01
 9.250	17.750	3.5071e-01
 9.250	18.000	3.0593e-01
 9.250	18.250	2.4208e-01
 9.250	18.500	1.7536e-01
 9.250	18.750	1.1957e-01
 9.250	19.000	7.1928e-02
 9.250	19.250	3.7024e-02
 9.250	19.500	1.5222e-02
 9.250	19.750	3.8217e-03
 9.250	20.000	1.3868e-04
 9.250	20.250	5.9506e-05
 9.250	20.500	1.0000e-07
 9.250	20.750	1.0000e-07
 9.250	21.000	1.0000e-07
 9.250	21.250	1.0000e-07
 9.250	21.500	1.0000e-07
 9.250	21.750	1.0000e-07
 9.250	22.000	1.0000e-07
 9.250	22.250	1.0000e-07
 9.250	22.500	1.0000e-07
 9.250	22.750	1.0000e-07
 9.250	23.000	1.0000e-07
 9.250	23.250	1.0000e-07
 9.250	23.500	1.0000e-07
 9.250	23.750	1.0000e-07
 9.250	24.000	1.0000e-07
 9.500	17.000	4.5837e-01
 9.500	17.250	4.4892e-01
 9.500	17.500	4.3116e-01
 9.500	17.750	4.0081e-01
 9.500	18.000	3.4888e-01
 9.500	18.250	2.7321e-01
 9.500	18.500	1.9430e-01
 9.500	18.750	1.3017e-01
 9.500	19.000	8.3378e-02
 9.500	19.250	4.8957e-02
 9.500	19.500	2.4841e-02
 9.500	19.750	1.0042e-02
 9.500	20.000	5.6321e-04
 9.500	20.250	1.3407e-04
 9.500	20.500	6.0000e-05
 9.500	20.750	1.0000e-07
 9.500	21.000	1.0000e-07
 9.500	21.250	1.0000e-07
 9.500	21.500	1.0000e-07
 9.500	21.750	1.0000e-07
 9.500	22.000	1.0000e-07
 9.500	22.250	1.0000e-07
 9.500	22.500	1.0000e-07
 9.500	22.750	1.0000e-07
 9.500	23.000	1.0000e-07
 9.500	23.250	1.0000e-07
 9.500	23.500	1.0000e-07
 9.500	23.750	1.0000e-07
 9.500	24.000	1.0000e-07
 9.750	17.000	4.9777e-01
 9.750	17.250	4.9332e-01
 9.750	17.500	4.7997e-01
 9.750	17.750	4.4857e-01
 9.750	18.000	3.8787e-01
 9.750	18.250	2.9976e-01
 9.750	18.500	2.0866e-01
 9.750	18.750	1.3495e-01
 9.750	19.000	8.2964e-02
 9.750	19.250	4.9753e-02
 9.750	19.500	2.9313e-02
 9.750	19.750	1.5176e-02
 9.750	20.000	6.3842e-03
 9.750	20.250	4.0436e-04
 9.750	20.500	1.3498e-04
 9.750	20.750	6.0247e-05
 9.750	21.000	1.0000e-07
 9.750	21.250	1.0000e-07
 9.750	21.500	1.0000e-07
 9.750	21.750	1.0000e-07
 9.750	22.000	1.0000e-07
 9.750	22.250	1.0000e-07
 9.750	22.500	1.0000e-07
 9.750	22.750	1.0000e-07
 9.750	23.000	1.0000e-07
 9.750	23.250	1.0000e-07
 9.750	23.500	1.0000e-07
 9.750	23.750	1.0000e-07
 9.750	24.000	1.0000e-07
10.000	17.000	5.3214e-01
10.000	17.250	5.3160e-01
10.000	17.500	5.2288e-01
10.000	17.750	4.9163e-01
10.000	18.000	4.2220e-01
10.000	18.250	3.2105e-01
10.000	18.500	2.1898e-01
10.000	18.750	1.3739e-01
10.000	19.000	8.0193e-02
10.000	19.250	4.3577e-02
10.000	19.500	2.1986e-02
10.000	19.750	1.2038e-02
10.000	20.000	7.6876e-03
10.000	20.250	4.4852e-03
10.000	20.500	3.6165e-04
10.000	20.750	1.3514e-04
10.000	21.000	6.0000e-05
10.000	21.250	1.0000e-07
10.000	21.500	1.0000e-07
10.000	21.750	1.0000e-07
10.000	22.000	1.0000e-07
10.000	22.250	1.0000e-07
10.000	22.500	1.0000e-07
10.000	22.750	1.0000e-07
10.000	23.000	1.0000e-07
10.000	23.250	1.0000e-07
10.000	23.500	1.0000e-07
10.000	23.750	1.0000e-07
10.000	24.000	1.0000e-07
10.250	17.000	5.6123e-01
10.250	17.250	5.6333e-01
10.250	17.500	5.5798e-01
10.250	17.750	5.2679e-01
10.250	18.000	4.4889e-01
10.250	18.250	3.3715e-01
10.250	18.500	2.2626e-01
10.250	18.750	1.3941e-01
10.250	19.000	7.9664e-02
10.250	19.250	4.3714e-02
10.250	19.500	2.4074e-02
10.250	19.750	1.3606e-02
10.250	20.000	8.2964e-03
10.250	20.250	5.3595e-03
10.250	20.500	2.1758e-03
10.250	20.750	3.3259e-04
10.250	21.000	1.3852e-04
10.250	21.250	6.0000e-05
10.250	21.500	1.0000e-07
10.250	21.750	1.0000e-07
10.250	22.000	1.0000e-07
10.250	22.250	1.0000e-07
10.250	22.500	1.0000e-07
10.250	22.750	1.0000e-07
10.250	23.000	1.0000e-07
10.250	23.250	1.0000e-07
10.250	23.500	1.0000e-07
10.250	23.750	1.0000e-07
10.250	24.000	1.0000e-07
10.500	17.000	5.8666e-01
10.500	17.250	5.8982e-01
10.500	17.500	5.8442e-01
10.500	17.750	5.5012e-01
10.500	18.000	4.6505e-01
10.500	18.250	3.4852e-01
10.500	18.500	2.3621e-01
10.500	18.750	1.4946e-01
10.500	19.000	8.9961e-02
10.500	19.250	5.2268e-02
10.500	19.500	2.9600e-02
10.500	19.750	1.6919e-02
10.500	20.000	9.8790e-03
10.500	20.250	6.0286e-03
10.500	20.500	3.8417e-03
10.500	20.750	1.0123e-03
10.500	21.000	3.3259e-04
10.500	21.250	1.4288e-04
10.500	21.500	5.9259e-05
10.500	21.750	1.0000e-07
10.500	22.000	1.0000e-07
10.500	22.250	1.0000e-07
10.500	22.500	1.0000e-07
10.500	22.750	1.0000e-07
10.500	23.000	1.0000e-07
10.500	23.250	1.0000e-07
10.500	23.500	1.0000e-07
10.500	23.750	1.0000e-07
10.500	24.000	1.0000e-07
10.750	17.000	6.0715e-01
10.750	17.250	6.0919e-01
10.750	17.500	6.0062e-01
10.750	17.750	5.5672e-01
10.750	18.000	4.6956e-01
10.750	18.250	3.5869e-01
10.750	18.500	2.5188e-01
10.750	18.750	1.6521e-01
10.750	19.000	1.0401e-01
10.750	19.250	6.2781e-02
10.750	19.500	3.6708e-02
10.750	19.750	2.1057e-02
10.750	20.000	1.2123e-02
10.750	20.250	7.1298e-03
10.750	20.500	4.3628e-03
10.750	20.750	2.8212e-03
10.750	21.000	9.4988e-04
10.750	21.250	3.4156e-04
10.750	21.500	1.4733e-04
10.750	21.750	5.3004e-05
10.750	22.000	1.0000e-07
10.750	22.250	1.0000e-07
10.750	22.500	1.0000e-07
10.750	22.750	1.0000e-07
10.750	23.000	1.0000e-07
10.750	23.250	1.0000e-07
10.750	23.500	1.0000e-07
10.750	23.750	1.0000e-07
10.750	24.000	1.0000e-07
11.000	17.000	6.2120e-01
11.000	17.250	6.1984e-01
11.000	17.500	6.0194e-01
11.000	17.750	5.4740e-01
11.000	18.000	4.5934e-01
11.000	18.250	3.5991e-01
11.000	18.500	2.6511e-01
11.000	18.750	1.8242e-01
11.000	19.000	1.1877e-01
11.000	19.250	7.4311e-02
11.000	19.500	4.4910e-02
11.000	19.750	2.6254e-02
11.000	20.000	1.5169e-02
11.000	20.250	8.8579e-03
11.000	20.500	5.3193e-03
11.000	20.750	3.3584e-03
11.000	21.000	2.3291e-03
11.000	21.250	9.0510e-04
11.000	21.500	3.4979e-04
11.000	21.750	1.5243e-04
11.000	22.000	1.3169e-05
11.000	22.250	1.0000e-07
11.000	22.500	1.0000e-07
11.000	22.750	1.0000e-07
11.000	23.000	1.0000e-07
11.000	23.250	1.0000e-07
11.000	23.500	1.0000e-07
11.000	23.750	1.0000e-07
11.000	24.000	1.0000e-07
11.250	17.000	6.2458e-01
11.250	17.250	6.2109e-01
11.250	17.500	5.9124e-01
11.250	17.750	5.2248e-01
11.250	18.000	4.3275e-01
11.250	18.250	3.4554e-01
11.250	18.500	2.6788e-01
11.250	18.750	1.9603e-01
11.250	19.000	1.3382e-01
11.250	19.250	8.6612e-02
11.250	19.500	5.4055e-02
11.250	19.750	3.2761e-02
11.250	20.000	1.9467e-02
11.250	20.250	1.1489e-02
11.250	20.500	6.8612e-03
11.250	20.750	4.2319e-03
11.250	21.000	2.7624e-03
11.250	21.250	1.6971e-03
11.250	21.500	8.3004e-04
11.250	21.750	3.4881e-04
11.250	22.000	1.4823e-04
11.250	22.250	1.0000e-07
11.250	22.500	1.0000e-07
11.250	22.750	1.0000e-07
11.250	23.000	1.0000e-07
11.250	23.250	1.0000e-07
11.250	23.500	1.0000e-07
11.250	23.750	1.0000e-07
11.250	24.000	1.0000e-07
11.500	17.000	6.1289e-01
11.500	17.250	6.0908e-01
11.500	17.500	5.7104e-01
11.500	17.750	4.8840e-01
11.500	18.000	3.9287e-01
11.500	18.250	3.1403e-01
11.500	18.500	2.5347e-01
11.500	18.750	1.9926e-01
11.500	19.000	1.4673e-01
11.500	19.250	9.9882e-02
11.500	19.500	6.4635e-02
11.500	19.750	4.0608e-02
11.500	20.000	2.5027e-02
11.500	20.250	1.5213e-02
11.500	20.500	9.1916e-03
11.500	20.750	5.6017e-03
11.500	21.000	3.5314e-03
11.500	21.250	2.3653e-03
11.500	21.500	1.4461e-03
11.500	21.750	7.6658e-04
11.500	22.000	3.4272e-04
11.500	22.250	1.3745e-04
11.500	22.500	1.0000e-07
11.500	22.750	1.0000e-07
11.500	23.000	1.0000e-07
11.500	23.250	1.0000e-07
11.500	23.500	1.0000e-07
11.500	23.750	1.0000e-07
11.500	24.000	1.0000e-07
11.750	17.000	5.8420e-01
11.750	17.250	5.8062e-01
11.750	17.500	5.3720e-01
11.750	17.750	4.4882e-01
11.750	18.000	3.4969e-01
11.750	18.250	2.7316e-01
11.750	18.500	2.2291e-01
11.750	18.750	1.8647e-01
11.750	19.000	1.5096e-01
11.750	19.250	1.1212e-01
11.750	19.500	7.6607e-02
11.750	19.750	5.0205e-02
11.750	20.000	3.1978e-02
11.750	20.250	2.0062e-02
11.750	20.500	1.2451e-02
11.750	20.750	7.6347e-03
11.750	21.000	4.7093e-03
11.750	21.250	3.0025e-03
11.750	21.500	1.9737e-03
11.750	21.750	1.2505e-03
11.750	22.000	7.0700e-04
11.750	22.250	3.2905e-04
11.750	22.500	1.1539e-04
11.750	22.750	1.0000e-07
11.750	23.000	1.0000e-07
11.750	23.250	1.0000e-07
11.750	23.500	1.0000e-07
11.750	23.750	1.0000e-07
11.750	24.000	1.0000e-07
12.000	17.000	5.3791e-01
12.000	17.250	5.3462e-01
12.000	17.500	4.8783e-01
12.000	17.750	4.0289e-01
12.000	18.000	3.1033e-01
12.000	18.250	2.3710e-01
12.000	18.500	1.8891e-01
12.000	18.750	1.5968e-01
12.000	19.000	1.3946e-01
12.000	19.250	1.1642e-01
12.000	19.500	8.7846e-02
12.000	19.750	6.0941e-02
12.000	20.000	4.0554e-02
12.000	20.250	2.6226e-02
12.000	20.500	1.6643e-02
12.000	20.750	1.0423e-02
12.000	21.000	6.4423e-03
12.000	21.250	3.9879e-03
12.000	21.500	2.4923e-03
12.000	21.750	1.7010e-03
12.000	22.000	1.0777e-03
12.000	22.250	6.2840e-04
12.000	22.500	2.9992e-04
12.000	22.750	9.8436e-05
12.000	23.000	1.0000e-07
12.000	23.250	1.0000e-07
12.000	23.500	1.0000e-07
12.000	23.750	1.0000e-07
12.000	24.000	1.0000e-07
12.250	17.000	4.7813e-01
12.250	17.250	4.7203e-01
12.250	17.500	4.2583e-01
12.250	17.750	3.5286e-01
12.250	18.000	2.7668e-01
12.250	18.250	2.1253e-01
12.250	18.500	1.6511e-01
12.250	18.750	1.3295e-01
12.250	19.000	1.1563e-01
12.250	19.250	1.0581e-01
12.250	19.500	9.1690e-02
12.250	19.750	7.0553e-02
12.250	20.000	4.9805e-02
12.250	20.250	3.3613e-02
12.250	20.500	2.1918e-02
12.250	20.750	1.3988e-02
12.250	21.000	8.7865e-03
12.250	21.250	5.4251e-03
12.250	21.500	3.2991e-03
12.250	21.750	2.1239e-03
12.250	22.000	1.4272e-03
12.250	22.250	9.2428e-04
12.250	22.500	5.3449e-04
12.250	22.750	2.7654e-04
12.250	23.000	6.6173e-05
12.250	23.250	1.0000e-07
12.250	23.500	1.0000e-07
12.250	23.750	1.0000e-07
12.250	24.000	1.0000e-07
12.500	17.000	4.1877e-01
12.500	17.250	4.0631e-01
12.500	17.500	3.6594e-01
12.500	17.750	3.0976e-01
12.500	18.000	2.5178e-01
12.500	18.250	1.9901e-01
12.500	18.500	1.5307e-01
12.500	18.750	1.1724e-01
12.500	19.000	9.4533e-02
12.500	19.250	8.4981e-02
12.500	19.500	8.1660e-02
12.500	19.750	7.3207e-02
12.500	20.000	5.7412e-02
12.500	20.250	4.1156e-02
12.500	20.500	2.8041e-02
12.500	20.750	1.8369e-02
12.500	21.000	1.1744e-02
12.500	21.250	7.3556e-03
12.500	21.500	4.4957e-03
12.500	21.750	2.7863e-03
12.500	22.000	1.8130e-03
12.500	22.250	1.1979e-03
12.500	22.500	7.7967e-04
12.500	22.750	4.5835e-04
12.500	23.000	2.4239e-04
12.500	23.250	3.6132e-05
12.500	23.500	1.0000e-07
12.500	23.750	1.0000e-07
12.500	24.000	1.0000e-07
12.750	17.000	3.7522e-01
12.750	17.250	3.6563e-01
12.750	17.500	3.3479e-01
12.750	17.750	2.8914e-01
12.750	18.000	2.4024e-01
12.750	18.250	1.9222e-01
12.750	18.500	1.4818e-01
12.750	18.750	1.1082e-01
12.750	19.000	8.3714e-02
12.750	19.250	6.8233e-02
12.750	19.500	6.3476e-02
12.750	19.750	6.3302e-02
12.750	20.000	5.8258e-02
12.750	20.250	4.6583e-02
12.750	20.500	3.3821e-02
12.750	20.750	2.3190e-02
12.750	21.000	1.5278e-02
12.750	21.250	9.7551e-03
12.750	21.500	6.1122e-03
12.750	21.750	3.7965e-03
12.750	22.000	2.3705e-03
12.750	22.250	1.5287e-03
12.750	22.500	9.8700e-04
12.750	22.750	6.2198e-04
12.750	23.000	3.8140e-04
12.750	23.250	2.1564e-04
12.750	23.500	1.0000e-07
12.750	23.750	1.0000e-07
12.750	24.000	1.0000e-07
13.000	17.000	3.6095e-01
13.000	17.250	3.5329e-01
13.000	17.500	3.2465e-01
13.000	17.750	2.8203e-01
13.000	18.000	2.3525e-01
13.000	18.250	1.8918e-01
13.000	18.500	1.4653e-01
13.000	18.750	1.0971e-01
13.000	19.000	8.0752e-02
13.000	19.250	6.0944e-02
13.000	19.500	5.0180e-02
13.000	19.750	4.7467e-02
13.000	20.000	4.8280e-02
13.000	20.250	4.5529e-02
13.000	20.500	3.7105e-02
13.000	20.750	2.7291e-02
13.000	21.000	1.8924e-02
13.000	21.250	1.2526e-02
13.000	21.500	8.0919e-03
13.000	21.750	5.0618e-03
13.000	22.000	3.1806e-03
13.000	22.250	1.9690e-03
13.000	22.500	1.2430e-03
13.000	22.750	7.8527e-04
13.000	23.000	4.9893e-04
13.000	23.250	3.2461e-04
13.000	23.500	1.8321e-04
13.000	23.750	1.0000e-07
13.000	24.000	1.0000e-07
13.250	17.000	3.6096e-01
13.250	17.250	3.4918e-01
13.250	17.500	3.2009e-01
13.250	17.750	2.7835e-01
13.250	18.000	2.3257e-01
13.250	18.250	1.8824e-01
13.250	18.500	1.4701e-01
13.250	18.750	1.1106e-01
13.250	19.000	8.1926e-02
13.250	19.250	6.0027e-02
13.250	19.500	4.5407e-02
13.250	19.750	3.7341e-02
13.250	20.000	3.4832e-02
13.250	20.250	3.5603e-02
13.250	20.500	3.4241e-02
13.250	20.750	2.8653e-02
13.250	21.000	2.1388e-02
13.250	21.250	1.5033e-02
13.250	21.500	9.9777e-03
13.250	21.750	6.4560e-03
13.250	22.000	4.0640e-03
13.250	22.250	2.5709e-03
13.250	22.500	1.6031e-03
13.250	22.750	1.0186e-03
13.250	23.000	6.2247e-04
13.250	23.250	4.1374e-04
13.250	23.500	2.8123e-04
13.250	23.750	1.6272e-04
13.250	24.000	1.0000e-07
13.500	17.000	3.6056e-01
13.500	17.250	3.4719e-01
13.500	17.500	3.1789e-01
13.500	17.750	2.7647e-01
13.500	18.000	2.3176e-01
13.500	18.250	1.8832e-01
13.500	18.500	1.4860e-01
13.500	18.750	1.1376e-01
13.500	19.000	8.4932e-02
13.500	19.250	6.2416e-02
13.500	19.500	4.5807e-02
13.500	19.750	3.4584e-02
13.500	20.000	2.8028e-02
13.500	20.250	2.5482e-02
13.500	20.500	2.5455e-02
13.500	20.750	2.4965e-02
13.500	21.000	2.1311e-02
13.500	21.250	1.6323e-02
13.500	21.500	1.1452e-02
13.500	21.750	7.7570e-03
13.500	22.000	5.1289e-03
13.500	22.250	3.2713e-03
13.500	22.500	2.0894e-03
13.500	22.750	1.3184e-03
13.500	23.000	8.4840e-04
13.500	23.250	5.1786e-04
13.500	23.500	3.5053e-04
13.500	23.750	2.4461e-04
13.500	24.000	1.4428e-04
13.750	17.000	3.5991e-01
13.750	17.250	3.4483e-01
13.750	17.500	3.1583e-01
13.750	17.750	2.7543e-01
13.750	18.000	2.3183e-01
13.750	18.250	1.8940e-01
13.750	18.500	1.5061e-01
13.750	18.750	1.1672e-01
13.750	19.000	8.8486e-02
13.750	19.250	6.5809e-02
13.750	19.500	4.8412e-02
13.750	19.750	3.5598e-02
13.750	20.000	2.6769e-02
13.750	20.250	2.1330e-02
13.750	20.500	1.8689e-02
13.750	20.750	1.8135e-02
13.750	21.000	1.7971e-02
13.750	21.250	1.5870e-02
13.750	21.500	1.2308e-02
13.750	21.750	8.7426e-03
13.750	22.000	5.9702e-03
13.750	22.250	3.9897e-03
13.750	22.500	2.5988e-03
13.750	22.750	1.6749e-03
13.750	23.000	1.0792e-03
13.750	23.250	6.9926e-04
13.750	23.500	4.1852e-04
13.750	23.750	2.8979e-04
13.750	24.000	2.0584e-04
14.000	17.000	3.5831e-01
14.000	17.250	3.4231e-01
14.000	17.500	3.1330e-01
14.000	17.750	2.7483e-01
14.000	18.000	2.3238e-01
14.000	18.250	1.9111e-01
14.000	18.500	1.5310e-01
14.000	18.750	1.1975e-01
14.000	19.000	9.1829e-02
14.000	19.250	6.9251e-02
14.000	19.500	5.1452e-02
14.000	19.750	3.7865e-02
14.000	20.000	2.7828e-02
14.000	20.250	2.0806e-02
14.000	20.500	1.6290e-02
14.000	20.750	1.3824e-02
14.000	21.000	1.2990e-02
14.000	21.250	1.2943e-02
14.000	21.500	1.1777e-02
14.000	21.750	9.2580e-03
14.000	22.000	6.6044e-03
14.000	22.250	4.5468e-03
14.000	22.500	3.0739e-03
14.000	22.750	2.0296e-03
14.000	23.000	1.3220e-03
14.000	23.250	8.6263e-04
14.000	23.500	5.6123e-04
14.000	23.750	3.3556e-04
14.000	24.000	2.3646e-04
