nInu 1035.92A  relative to Inci 1215.00A scaled to 1215A.
Hden   Phi(H)  Eq_Width (A)
 7.000	17.000	6.8973e-02
 7.000	17.250	1.9716e-01
 7.000	17.500	6.0624e-01
 7.000	17.750	9.9270e-01
 7.000	18.000	9.9801e-01
 7.000	18.250	9.9932e-01
 7.000	18.500	9.9932e-01
 7.000	18.750	9.9932e-01
 7.000	19.000	9.9932e-01
 7.000	19.250	9.9932e-01
 7.000	19.500	9.9932e-01
 7.000	19.750	9.9932e-01
 7.000	20.000	9.9932e-01
 7.000	20.250	9.9932e-01
 7.000	20.500	9.9932e-01
 7.000	20.750	9.9932e-01
 7.000	21.000	9.9932e-01
 7.000	21.250	9.9932e-01
 7.000	21.500	9.9932e-01
 7.000	21.750	9.9932e-01
 7.000	22.000	9.9932e-01
 7.000	22.250	9.9932e-01
 7.000	22.500	9.9932e-01
 7.000	22.750	9.9932e-01
 7.000	23.000	9.9932e-01
 7.000	23.250	9.9932e-01
 7.000	23.500	9.9932e-01
 7.000	23.750	9.9932e-01
 7.000	24.000	9.9932e-01
 7.250	17.000	3.7534e-02
 7.250	17.250	6.3225e-02
 7.250	17.500	1.7194e-01
 7.250	17.750	6.0130e-01
 7.250	18.000	9.9287e-01
 7.250	18.250	9.9804e-01
 7.250	18.500	9.9932e-01
 7.250	18.750	9.9932e-01
 7.250	19.000	9.9932e-01
 7.250	19.250	9.9932e-01
 7.250	19.500	9.9932e-01
 7.250	19.750	9.9932e-01
 7.250	20.000	9.9932e-01
 7.250	20.250	9.9932e-01
 7.250	20.500	9.9932e-01
 7.250	20.750	9.9932e-01
 7.250	21.000	9.9932e-01
 7.250	21.250	9.9932e-01
 7.250	21.500	9.9932e-01
 7.250	21.750	9.9932e-01
 7.250	22.000	9.9932e-01
 7.250	22.250	9.9932e-01
 7.250	22.500	9.9932e-01
 7.250	22.750	9.9932e-01
 7.250	23.000	9.9932e-01
 7.250	23.250	9.9932e-01
 7.250	23.500	9.9932e-01
 7.250	23.750	9.9932e-01
 7.250	24.000	9.9932e-01
 7.500	17.000	2.2306e-02
 7.500	17.250	3.6480e-02
 7.500	17.500	6.1229e-02
 7.500	17.750	1.5186e-01
 7.500	18.000	6.0645e-01
 7.500	18.250	9.9300e-01
 7.500	18.500	9.9809e-01
 7.500	18.750	9.9932e-01
 7.500	19.000	9.9932e-01
 7.500	19.250	9.9932e-01
 7.500	19.500	9.9932e-01
 7.500	19.750	9.9932e-01
 7.500	20.000	9.9932e-01
 7.500	20.250	9.9932e-01
 7.500	20.500	9.9932e-01
 7.500	20.750	9.9932e-01
 7.500	21.000	9.9932e-01
 7.500	21.250	9.9932e-01
 7.500	21.500	9.9932e-01
 7.500	21.750	9.9932e-01
 7.500	22.000	9.9932e-01
 7.500	22.250	9.9932e-01
 7.500	22.500	9.9932e-01
 7.500	22.750	9.9932e-01
 7.500	23.000	9.9932e-01
 7.500	23.250	9.9932e-01
 7.500	23.500	9.9932e-01
 7.500	23.750	9.9932e-01
 7.500	24.000	9.9932e-01
 7.750	17.000	1.3914e-02
 7.750	17.250	2.1716e-02
 7.750	17.500	3.5765e-02
 7.750	17.750	6.0391e-02
 7.750	18.000	1.4540e-01
 7.750	18.250	6.1357e-01
 7.750	18.500	9.9311e-01
 7.750	18.750	9.9813e-01
 7.750	19.000	9.9931e-01
 7.750	19.250	9.9932e-01
 7.750	19.500	9.9932e-01
 7.750	19.750	9.9932e-01
 7.750	20.000	9.9932e-01
 7.750	20.250	9.9932e-01
 7.750	20.500	9.9932e-01
 7.750	20.750	9.9932e-01
 7.750	21.000	9.9932e-01
 7.750	21.250	9.9932e-01
 7.750	21.500	9.9932e-01
 7.750	21.750	9.9932e-01
 7.750	22.000	9.9932e-01
 7.750	22.250	9.9932e-01
 7.750	22.500	9.9932e-01
 7.750	22.750	9.9932e-01
 7.750	23.000	9.9932e-01
 7.750	23.250	9.9932e-01
 7.750	23.500	9.9932e-01
 7.750	23.750	9.9932e-01
 7.750	24.000	9.9932e-01
 8.000	17.000	9.3099e-03
 8.000	17.250	1.3420e-02
 8.000	17.500	2.1039e-02
 8.000	17.750	3.4952e-02
 8.000	18.000	5.9841e-02
 8.000	18.250	1.5645e-01
 8.000	18.500	6.3436e-01
 8.000	18.750	9.9319e-01
 8.000	19.000	9.9816e-01
 8.000	19.250	9.9931e-01
 8.000	19.500	9.9932e-01
 8.000	19.750	9.9932e-01
 8.000	20.000	9.9932e-01
 8.000	20.250	9.9932e-01
 8.000	20.500	9.9932e-01
 8.000	20.750	9.9932e-01
 8.000	21.000	9.9932e-01
 8.000	21.250	9.9932e-01
 8.000	21.500	9.9932e-01
 8.000	21.750	9.9932e-01
 8.000	22.000	9.9932e-01
 8.000	22.250	9.9932e-01
 8.000	22.500	9.9932e-01
 8.000	22.750	9.9932e-01
 8.000	23.000	9.9932e-01
 8.000	23.250	9.9932e-01
 8.000	23.500	9.9932e-01
 8.000	23.750	9.9932e-01
 8.000	24.000	9.9932e-01
 8.250	17.000	6.9486e-03
 8.250	17.250	9.0540e-03
 8.250	17.500	1.3108e-02
 8.250	17.750	2.0740e-02
 8.250	18.000	3.4933e-02
 8.250	18.250	6.1031e-02
 8.250	18.500	1.9917e-01
 8.250	18.750	6.8401e-01
 8.250	19.000	9.9328e-01
 8.250	19.250	9.9821e-01
 8.250	19.500	9.9931e-01
 8.250	19.750	9.9932e-01
 8.250	20.000	9.9932e-01
 8.250	20.250	9.9932e-01
 8.250	20.500	9.9932e-01
 8.250	20.750	9.9932e-01
 8.250	21.000	9.9932e-01
 8.250	21.250	9.9932e-01
 8.250	21.500	9.9932e-01
 8.250	21.750	9.9932e-01
 8.250	22.000	9.9932e-01
 8.250	22.250	9.9932e-01
 8.250	22.500	9.9932e-01
 8.250	22.750	9.9932e-01
 8.250	23.000	9.9932e-01
 8.250	23.250	9.9932e-01
 8.250	23.500	9.9932e-01
 8.250	23.750	9.9932e-01
 8.250	24.000	9.9932e-01
 8.500	17.000	5.7283e-03
 8.500	17.250	6.7438e-03
 8.500	17.500	8.8434e-03
 8.500	17.750	1.2891e-02
 8.500	18.000	2.0708e-02
 8.500	18.250	3.5811e-02
 8.500	18.500	6.4654e-02
 8.500	18.750	2.9333e-01
 8.500	19.000	7.5818e-01
 8.500	19.250	9.9330e-01
 8.500	19.500	9.9826e-01
 8.500	19.750	9.9931e-01
 8.500	20.000	9.9931e-01
 8.500	20.250	9.9932e-01
 8.500	20.500	9.9932e-01
 8.500	20.750	9.9932e-01
 8.500	21.000	9.9932e-01
 8.500	21.250	9.9932e-01
 8.500	21.500	9.9932e-01
 8.500	21.750	9.9932e-01
 8.500	22.000	9.9932e-01
 8.500	22.250	9.9932e-01
 8.500	22.500	9.9932e-01
 8.500	22.750	9.9932e-01
 8.500	23.000	9.9932e-01
 8.500	23.250	9.9932e-01
 8.500	23.500	9.9932e-01
 8.500	23.750	9.9932e-01
 8.500	24.000	9.9932e-01
 8.750	17.000	5.1343e-03
 8.750	17.250	5.5427e-03
 8.750	17.500	6.5821e-03
 8.750	17.750	8.6937e-03
 8.750	18.000	1.2916e-02
 8.750	18.250	2.1330e-02
 8.750	18.500	3.8304e-02
 8.750	18.750	7.4334e-02
 8.750	19.000	4.1042e-01
 8.750	19.250	8.3464e-01
 8.750	19.500	9.9332e-01
 8.750	19.750	9.9831e-01
 8.750	20.000	9.9930e-01
 8.750	20.250	9.9932e-01
 8.750	20.500	9.9932e-01
 8.750	20.750	9.9932e-01
 8.750	21.000	9.9932e-01
 8.750	21.250	9.9932e-01
 8.750	21.500	9.9932e-01
 8.750	21.750	9.9932e-01
 8.750	22.000	9.9932e-01
 8.750	22.250	9.9932e-01
 8.750	22.500	9.9932e-01
 8.750	22.750	9.9932e-01
 8.750	23.000	9.9932e-01
 8.750	23.250	9.9932e-01
 8.750	23.500	9.9932e-01
 8.750	23.750	9.9932e-01
 8.750	24.000	9.9932e-01
 9.000	17.000	4.9114e-03
 9.000	17.250	4.9529e-03
 9.000	17.500	5.4012e-03
 9.000	17.750	6.4877e-03
 9.000	18.000	8.7616e-03
 9.000	18.250	1.3420e-02
 9.000	18.500	2.3102e-02
 9.000	18.750	4.2991e-02
 9.000	19.000	1.1188e-01
 9.000	19.250	5.5180e-01
 9.000	19.500	9.0547e-01
 9.000	19.750	9.9347e-01
 9.000	20.000	9.9833e-01
 9.000	20.250	9.9930e-01
 9.000	20.500	9.9932e-01
 9.000	20.750	9.9932e-01
 9.000	21.000	9.9932e-01
 9.000	21.250	9.9932e-01
 9.000	21.500	9.9932e-01
 9.000	21.750	9.9932e-01
 9.000	22.000	9.9932e-01
 9.000	22.250	9.9932e-01
 9.000	22.500	9.9932e-01
 9.000	22.750	9.9932e-01
 9.000	23.000	9.9932e-01
 9.000	23.250	9.9932e-01
 9.000	23.500	9.9932e-01
 9.000	23.750	9.9932e-01
 9.000	24.000	9.9932e-01
 9.250	17.000	4.9133e-03
 9.250	17.250	4.7161e-03
 9.250	17.500	4.8187e-03
 9.250	17.750	5.3575e-03
 9.250	18.000	6.6991e-03
 9.250	18.250	9.3193e-03
 9.250	18.500	1.4757e-02
 9.250	18.750	2.6211e-02
 9.250	19.000	5.0022e-02
 9.250	19.250	2.1478e-01
 9.250	19.500	6.9180e-01
 9.250	19.750	9.7161e-01
 9.250	20.000	9.9371e-01
 9.250	20.250	9.9837e-01
 9.250	20.500	9.9929e-01
 9.250	20.750	9.9932e-01
 9.250	21.000	9.9932e-01
 9.250	21.250	9.9932e-01
 9.250	21.500	9.9932e-01
 9.250	21.750	9.9932e-01
 9.250	22.000	9.9932e-01
 9.250	22.250	9.9932e-01
 9.250	22.500	9.9932e-01
 9.250	22.750	9.9932e-01
 9.250	23.000	9.9932e-01
 9.250	23.250	9.9932e-01
 9.250	23.500	9.9932e-01
 9.250	23.750	9.9932e-01
 9.250	24.000	9.9932e-01
 9.500	17.000	5.0622e-03
 9.500	17.250	4.6989e-03
 9.500	17.500	4.5855e-03
 9.500	17.750	4.8449e-03
 9.500	18.000	5.6424e-03
 9.500	18.250	7.2206e-03
 9.500	18.500	1.0400e-02
 9.500	18.750	1.7000e-02
 9.500	19.000	3.0871e-02
 9.500	19.250	6.0313e-02
 9.500	19.500	3.5121e-01
 9.500	19.750	8.1154e-01
 9.500	20.000	9.8588e-01
 9.500	20.250	9.9397e-01
 9.500	20.500	9.9839e-01
 9.500	20.750	9.9928e-01
 9.500	21.000	9.9931e-01
 9.500	21.250	9.9932e-01
 9.500	21.500	9.9932e-01
 9.500	21.750	9.9932e-01
 9.500	22.000	9.9932e-01
 9.500	22.250	9.9932e-01
 9.500	22.500	9.9932e-01
 9.500	22.750	9.9932e-01
 9.500	23.000	9.9932e-01
 9.500	23.250	9.9932e-01
 9.500	23.500	9.9932e-01
 9.500	23.750	9.9932e-01
 9.500	24.000	9.9932e-01
 9.750	17.000	5.2963e-03
 9.750	17.250	4.8131e-03
 9.750	17.500	4.5565e-03
 9.750	17.750	4.6328e-03
 9.750	18.000	5.1338e-03
 9.750	18.250	6.1772e-03
 9.750	18.500	8.1951e-03
 9.750	18.750	1.2179e-02
 9.750	19.000	2.0432e-02
 9.750	19.250	3.7554e-02
 9.750	19.500	8.6091e-02
 9.750	19.750	5.1615e-01
 9.750	20.000	9.0795e-01
 9.750	20.250	9.8739e-01
 9.750	20.500	9.9437e-01
 9.750	20.750	9.9840e-01
 9.750	21.000	9.9926e-01
 9.750	21.250	9.9931e-01
 9.750	21.500	9.9932e-01
 9.750	21.750	9.9932e-01
 9.750	22.000	9.9932e-01
 9.750	22.250	9.9932e-01
 9.750	22.500	9.9932e-01
 9.750	22.750	9.9932e-01
 9.750	23.000	9.9932e-01
 9.750	23.250	9.9932e-01
 9.750	23.500	9.9932e-01
 9.750	23.750	9.9932e-01
 9.750	24.000	9.9932e-01
10.000	17.000	5.5561e-03
10.000	17.250	4.9974e-03
10.000	17.500	4.6299e-03
10.000	17.750	4.5877e-03
10.000	18.000	4.9529e-03
10.000	18.250	5.6993e-03
10.000	18.500	7.0903e-03
10.000	18.750	9.7521e-03
10.000	19.000	1.5003e-02
10.000	19.250	2.6156e-02
10.000	19.500	5.2526e-02
10.000	19.750	3.6601e-01
10.000	20.000	7.7612e-01
10.000	20.250	9.5635e-01
10.000	20.500	9.8845e-01
10.000	20.750	9.9456e-01
10.000	21.000	9.9839e-01
10.000	21.250	9.9923e-01
10.000	21.500	9.9931e-01
10.000	21.750	9.9932e-01
10.000	22.000	9.9932e-01
10.000	22.250	9.9932e-01
10.000	22.500	9.9932e-01
10.000	22.750	9.9932e-01
10.000	23.000	9.9932e-01
10.000	23.250	9.9932e-01
10.000	23.500	9.9932e-01
10.000	23.750	9.9932e-01
10.000	24.000	9.9932e-01
10.250	17.000	5.7879e-03
10.250	17.250	5.2145e-03
10.250	17.500	4.7864e-03
10.250	17.750	4.6705e-03
10.250	18.000	4.9542e-03
10.250	18.250	5.5514e-03
10.250	18.500	6.5988e-03
10.250	18.750	8.5591e-03
10.250	19.000	1.2340e-02
10.250	19.250	1.9556e-02
10.250	19.500	3.4230e-02
10.250	19.750	9.8478e-02
10.250	20.000	4.7818e-01
10.250	20.250	8.4700e-01
10.250	20.500	9.7289e-01
10.250	20.750	9.8879e-01
10.250	21.000	9.9466e-01
10.250	21.250	9.9835e-01
10.250	21.500	9.9918e-01
10.250	21.750	9.9930e-01
10.250	22.000	9.9932e-01
10.250	22.250	9.9932e-01
10.250	22.500	9.9932e-01
10.250	22.750	9.9932e-01
10.250	23.000	9.9932e-01
10.250	23.250	9.9932e-01
10.250	23.500	9.9932e-01
10.250	23.750	9.9932e-01
10.250	24.000	9.9932e-01
10.500	17.000	6.0012e-03
10.500	17.250	5.4148e-03
10.500	17.500	4.9709e-03
10.500	17.750	4.8337e-03
10.500	18.000	5.0477e-03
10.500	18.250	5.5802e-03
10.500	18.500	6.4201e-03
10.500	18.750	7.7906e-03
10.500	19.000	1.0080e-02
10.500	19.250	1.4244e-02
10.500	19.500	2.2468e-02
10.500	19.750	4.0136e-02
10.500	20.000	1.4169e-01
10.500	20.250	5.5153e-01
10.500	20.500	8.9940e-01
10.500	20.750	9.8084e-01
10.500	21.000	9.8972e-01
10.500	21.250	9.9487e-01
10.500	21.500	9.9820e-01
10.500	21.750	9.9912e-01
10.500	22.000	9.9930e-01
10.500	22.250	9.9931e-01
10.500	22.500	9.9932e-01
10.500	22.750	9.9932e-01
10.500	23.000	9.9932e-01
10.500	23.250	9.9932e-01
10.500	23.500	9.9932e-01
10.500	23.750	9.9932e-01
10.500	24.000	9.9932e-01
10.750	17.000	6.1247e-03
10.750	17.250	5.5740e-03
10.750	17.500	5.1374e-03
10.750	17.750	5.0074e-03
10.750	18.000	5.1799e-03
10.750	18.250	5.5885e-03
10.750	18.500	6.2391e-03
10.750	18.750	7.0997e-03
10.750	19.000	8.4683e-03
10.750	19.250	1.0969e-02
10.750	19.500	1.5719e-02
10.750	19.750	2.5118e-02
10.750	20.000	4.5646e-02
10.750	20.250	1.7707e-01
10.750	20.500	6.0564e-01
10.750	20.750	9.3537e-01
10.750	21.000	9.8173e-01
10.750	21.250	9.8982e-01
10.750	21.500	9.9461e-01
10.750	21.750	9.9798e-01
10.750	22.000	9.9905e-01
10.750	22.250	9.9929e-01
10.750	22.500	9.9931e-01
10.750	22.750	9.9932e-01
10.750	23.000	9.9932e-01
10.750	23.250	9.9932e-01
10.750	23.500	9.9932e-01
10.750	23.750	9.9932e-01
10.750	24.000	9.9932e-01
11.000	17.000	6.1008e-03
11.000	17.250	5.6457e-03
11.000	17.500	5.2421e-03
11.000	17.750	5.1237e-03
11.000	18.000	5.2714e-03
11.000	18.250	5.5649e-03
11.000	18.500	5.9653e-03
11.000	18.750	6.5325e-03
11.000	19.000	7.4049e-03
11.000	19.250	8.9261e-03
11.000	19.500	1.1723e-02
11.000	19.750	1.7014e-02
11.000	20.000	2.7439e-02
11.000	20.250	5.0295e-02
11.000	20.500	1.9437e-01
11.000	20.750	6.4475e-01
11.000	21.000	9.5141e-01
11.000	21.250	9.8225e-01
11.000	21.500	9.8958e-01
11.000	21.750	9.9413e-01
11.000	22.000	9.9770e-01
11.000	22.250	9.9897e-01
11.000	22.500	9.9928e-01
11.000	22.750	9.9931e-01
11.000	23.000	9.9931e-01
11.000	23.250	9.9932e-01
11.000	23.500	9.9932e-01
11.000	23.750	9.9932e-01
11.000	24.000	9.9932e-01
11.250	17.000	5.8500e-03
11.250	17.250	5.5646e-03
11.250	17.500	5.2303e-03
11.250	17.750	5.1288e-03
11.250	18.000	5.2644e-03
11.250	18.250	5.4698e-03
11.250	18.500	5.7009e-03
11.250	18.750	6.0642e-03
11.250	19.000	6.6617e-03
11.250	19.250	7.6155e-03
11.250	19.500	9.2804e-03
11.250	19.750	1.2334e-02
11.250	20.000	1.8088e-02
11.250	20.250	2.9348e-02
11.250	20.500	5.3459e-02
11.250	20.750	2.0052e-01
11.250	21.000	6.7865e-01
11.250	21.250	9.5507e-01
11.250	21.500	9.8152e-01
11.250	21.750	9.8887e-01
11.250	22.000	9.9353e-01
11.250	22.250	9.9752e-01
11.250	22.500	9.9886e-01
11.250	22.750	9.9927e-01
11.250	23.000	9.9931e-01
11.250	23.250	9.9931e-01
11.250	23.500	9.9932e-01
11.250	23.750	9.9932e-01
11.250	24.000	9.9932e-01
11.500	17.000	5.3069e-03
11.500	17.250	5.2674e-03
11.500	17.500	5.0481e-03
11.500	17.750	4.9812e-03
11.500	18.000	5.1052e-03
11.500	18.250	5.2686e-03
11.500	18.500	5.4444e-03
11.500	18.750	5.6866e-03
11.500	19.000	6.0748e-03
11.500	19.250	6.7178e-03
11.500	19.500	7.7403e-03
11.500	19.750	9.5281e-03
11.500	20.000	1.2785e-02
11.500	20.250	1.8906e-02
11.500	20.500	3.0785e-02
11.500	20.750	5.5253e-02
11.500	21.000	1.9423e-01
11.500	21.250	7.2225e-01
11.500	21.500	9.5552e-01
11.500	21.750	9.8072e-01
11.500	22.000	9.8826e-01
11.500	22.250	9.9285e-01
11.500	22.500	9.9719e-01
11.500	22.750	9.9876e-01
11.500	23.000	9.9925e-01
11.500	23.250	9.9930e-01
11.500	23.500	9.9931e-01
11.500	23.750	9.9932e-01
11.500	24.000	9.9932e-01
11.750	17.000	4.4334e-03
11.750	17.250	4.6694e-03
11.750	17.500	4.6358e-03
11.750	17.750	4.6491e-03
11.750	18.000	4.8066e-03
11.750	18.250	4.9908e-03
11.750	18.500	5.1467e-03
11.750	18.750	5.3186e-03
11.750	19.000	5.5816e-03
11.750	19.250	6.0191e-03
11.750	19.500	6.7026e-03
11.750	19.750	7.7846e-03
11.750	20.000	9.6591e-03
11.750	20.250	1.3082e-02
11.750	20.500	1.9479e-02
11.750	20.750	3.1786e-02
11.750	21.000	5.6530e-02
11.750	21.250	1.8367e-01
11.750	21.500	7.6057e-01
11.750	21.750	9.5831e-01
11.750	22.000	9.8059e-01
11.750	22.250	9.8733e-01
11.750	22.500	9.9241e-01
11.750	22.750	9.9685e-01
11.750	23.000	9.9854e-01
11.750	23.250	9.9923e-01
11.750	23.500	9.9930e-01
11.750	23.750	9.9931e-01
11.750	24.000	9.9932e-01
12.000	17.000	3.3103e-03
12.000	17.250	3.7612e-03
12.000	17.500	3.9500e-03
12.000	17.750	4.1309e-03
12.000	18.000	4.3920e-03
12.000	18.250	4.5885e-03
12.000	18.500	4.7112e-03
12.000	18.750	4.8789e-03
12.000	19.000	5.1062e-03
12.000	19.250	5.4282e-03
12.000	19.500	5.9085e-03
12.000	19.750	6.6290e-03
12.000	20.000	7.7533e-03
12.000	20.250	9.6943e-03
12.000	20.500	1.3214e-02
12.000	20.750	1.9795e-02
12.000	21.000	3.2487e-02
12.000	21.250	5.7962e-02
12.000	21.500	1.7026e-01
12.000	21.750	8.2382e-01
12.000	22.000	9.6028e-01
12.000	22.250	9.7978e-01
12.000	22.500	9.8593e-01
12.000	22.750	9.9216e-01
12.000	23.000	9.9649e-01
12.000	23.250	9.9836e-01
12.000	23.500	9.9920e-01
12.000	23.750	9.9929e-01
12.000	24.000	9.9930e-01
12.250	17.000	2.1935e-03
12.250	17.250	2.7035e-03
12.250	17.500	3.0876e-03
12.250	17.750	3.4736e-03
12.250	18.000	3.7900e-03
12.250	18.250	3.9512e-03
12.250	18.500	4.1107e-03
12.250	18.750	4.3275e-03
12.250	19.000	4.5836e-03
12.250	19.250	4.8863e-03
12.250	19.500	5.2564e-03
12.250	19.750	5.7735e-03
12.250	20.000	6.5142e-03
12.250	20.250	7.6526e-03
12.250	20.500	9.6230e-03
12.250	20.750	1.3189e-02
12.250	21.000	1.9970e-02
12.250	21.250	3.3226e-02
12.250	21.500	5.9076e-02
12.250	21.750	1.7468e-01
12.250	22.000	9.1650e-01
12.250	22.250	9.6191e-01
12.250	22.500	9.7738e-01
12.250	22.750	9.8437e-01
12.250	23.000	9.9182e-01
12.250	23.250	9.9609e-01
12.250	23.500	9.9817e-01
12.250	23.750	9.9917e-01
12.250	24.000	9.9929e-01
12.500	17.000	1.4035e-03
12.500	17.250	1.8688e-03
12.500	17.500	2.3118e-03
12.500	17.750	2.6760e-03
12.500	18.000	2.9264e-03
12.500	18.250	3.1422e-03
12.500	18.500	3.3860e-03
12.500	18.750	3.6708e-03
12.500	19.000	3.9835e-03
12.500	19.250	4.3164e-03
12.500	19.500	4.6683e-03
12.500	19.750	5.0717e-03
12.500	20.000	5.6006e-03
12.500	20.250	6.3474e-03
12.500	20.500	7.4860e-03
12.500	20.750	9.4594e-03
12.500	21.000	1.3101e-02
12.500	21.250	2.0131e-02
12.500	21.500	3.3744e-02
12.500	21.750	6.1912e-02
12.500	22.000	2.0035e-01
12.500	22.250	9.2633e-01
12.500	22.500	9.6285e-01
12.500	22.750	9.7552e-01
12.500	23.000	9.8334e-01
12.500	23.250	9.9199e-01
12.500	23.500	9.9577e-01
12.500	23.750	9.9799e-01
12.500	24.000	9.9912e-01
12.750	17.000	9.4741e-04
12.750	17.250	1.2945e-03
12.750	17.500	1.5808e-03
12.750	17.750	1.7970e-03
12.750	18.000	2.0372e-03
12.750	18.250	2.3109e-03
12.750	18.500	2.6081e-03
12.750	18.750	2.9399e-03
12.750	19.000	3.3072e-03
12.750	19.250	3.6889e-03
12.750	19.500	4.0690e-03
12.750	19.750	4.4528e-03
12.750	20.000	4.8721e-03
12.750	20.250	5.4069e-03
12.750	20.500	6.1360e-03
12.750	20.750	7.2543e-03
12.750	21.000	9.2532e-03
12.750	21.250	1.2993e-02
12.750	21.500	2.0193e-02
12.750	21.750	3.5044e-02
12.750	22.000	6.6375e-02
12.750	22.250	2.7799e-01
12.750	22.500	9.3353e-01
12.750	22.750	9.6171e-01
12.750	23.000	9.7354e-01
12.750	23.250	9.8362e-01
12.750	23.500	9.9180e-01
12.750	23.750	9.9547e-01
12.750	24.000	9.9783e-01
13.000	17.000	2.2146e-01
13.000	17.250	8.7854e-03
13.000	17.500	9.9761e-04
13.000	17.750	1.1411e-03
13.000	18.000	1.3310e-03
13.000	18.250	1.5780e-03
13.000	18.500	1.8681e-03
13.000	18.750	2.2050e-03
13.000	19.000	2.5901e-03
13.000	19.250	3.0044e-03
13.000	19.500	3.4219e-03
13.000	19.750	3.8257e-03
13.000	20.000	4.2204e-03
13.000	20.250	4.6442e-03
13.000	20.500	5.1697e-03
13.000	20.750	5.8800e-03
13.000	21.000	6.9958e-03
13.000	21.250	9.0164e-03
13.000	21.500	1.2862e-02
13.000	21.750	2.0593e-02
13.000	22.000	3.7163e-02
13.000	22.250	7.2530e-02
13.000	22.500	4.3078e-01
13.000	22.750	9.3808e-01
13.000	23.000	9.6028e-01
13.000	23.250	9.7318e-01
13.000	23.500	9.8369e-01
13.000	23.750	9.9141e-01
13.000	24.000	9.9536e-01
13.250	17.000	2.3280e-01
13.250	17.250	1.1407e-01
13.250	17.500	6.4140e-04
13.250	17.750	7.2502e-04
13.250	18.000	8.4346e-04
13.250	18.250	1.0215e-03
13.250	18.500	1.2543e-03
13.250	18.750	1.5457e-03
13.250	19.000	1.8984e-03
13.250	19.250	2.3060e-03
13.250	19.500	2.7385e-03
13.250	19.750	3.1738e-03
13.250	20.000	3.5881e-03
13.250	20.250	3.9876e-03
13.250	20.500	4.3977e-03
13.250	20.750	4.8976e-03
13.250	21.000	5.5824e-03
13.250	21.250	6.6969e-03
13.250	21.500	8.7272e-03
13.250	21.750	1.2703e-02
13.250	22.000	2.1239e-02
13.250	22.250	4.0081e-02
13.250	22.500	8.0023e-02
13.250	22.750	6.0353e-01
13.250	23.000	9.3982e-01
13.250	23.250	9.6100e-01
13.250	23.500	9.7374e-01
13.250	23.750	9.8359e-01
13.250	24.000	9.9113e-01
13.500	17.000	2.5737e-01
13.500	17.250	1.1182e-01
13.500	17.500	4.9778e-04
13.500	17.750	4.6626e-04
13.500	18.000	5.3630e-04
13.500	18.250	6.4864e-04
13.500	18.500	8.0840e-04
13.500	18.750	1.0239e-03
13.500	19.000	1.3055e-03
13.500	19.250	1.6534e-03
13.500	19.500	2.0560e-03
13.500	19.750	2.4858e-03
13.500	20.000	2.9135e-03
13.500	20.250	3.3244e-03
13.500	20.500	3.7095e-03
13.500	20.750	4.1069e-03
13.500	21.000	4.5771e-03
13.500	21.250	5.2413e-03
13.500	21.500	6.3333e-03
13.500	21.750	8.3589e-03
13.500	22.000	1.2612e-02
13.500	22.250	2.2053e-02
13.500	22.500	4.3640e-02
13.500	22.750	8.9055e-02
13.500	23.000	7.0977e-01
13.500	23.250	9.4173e-01
13.500	23.500	9.6208e-01
13.500	23.750	9.7252e-01
13.500	24.000	9.8311e-01
13.750	17.000	3.0980e-01
13.750	17.250	1.4958e-01
13.750	17.500	4.5969e-03
13.750	17.750	3.1103e-04
13.750	18.000	3.5202e-04
13.750	18.250	4.1819e-04
13.750	18.500	5.1819e-04
13.750	18.750	6.5984e-04
13.750	19.000	8.5605e-04
13.750	19.250	1.1198e-03
13.750	19.500	1.4488e-03
13.750	19.750	1.8314e-03
13.750	20.000	2.2430e-03
13.750	20.250	2.6541e-03
13.750	20.500	3.0470e-03
13.750	20.750	3.4140e-03
13.750	21.000	3.7894e-03
13.750	21.250	4.2380e-03
13.750	21.500	4.8830e-03
13.750	21.750	5.9443e-03
13.750	22.000	8.0493e-03
13.750	22.250	1.2746e-02
13.750	22.500	2.3800e-02
13.750	22.750	4.8598e-02
13.750	23.000	9.7649e-02
13.750	23.250	7.9276e-01
13.750	23.500	9.4188e-01
13.750	23.750	9.5984e-01
13.750	24.000	9.7002e-01
14.000	17.000	3.7997e-01
14.000	17.250	2.0562e-01
14.000	17.500	1.8658e-02
14.000	17.750	2.2346e-04
14.000	18.000	2.4247e-04
14.000	18.250	2.8074e-04
14.000	18.500	3.4049e-04
14.000	18.750	4.2741e-04
14.000	19.000	5.5226e-04
14.000	19.250	7.2864e-04
14.000	19.500	9.6774e-04
14.000	19.750	1.2710e-03
14.000	20.000	1.6267e-03
14.000	20.250	2.0119e-03
14.000	20.500	2.3969e-03
14.000	20.750	2.7640e-03
14.000	21.000	3.1086e-03
14.000	21.250	3.4630e-03
14.000	21.500	3.9095e-03
14.000	21.750	4.5125e-03
14.000	22.000	5.6026e-03
14.000	22.250	7.9666e-03
14.000	22.500	1.3533e-02
14.000	22.750	2.6815e-02
14.000	23.000	5.4343e-02
14.000	23.250	1.0651e-01
14.000	23.500	8.2831e-01
14.000	23.750	9.3826e-01
14.000	24.000	9.5186e-01
